123.815 19.219 0.0445729 2.44737e-11
123.329 19.9433 0.0479864 5.41966e-13
124.002 19.4337 0.0773058 0.000187559
124.292 19.9803 0.056218 8.04157e-06
124.237 19.73 0.0815589 2.13365e-09
123.709 19.2409 0.0601723 0.000313669
124.029 20.4013 0.0521932 1.15339e-11
124.109 19.9284 0.0548038 0.00029676
124.014 19.1145 0.05946 1.24988e-05
123.408 19.9423 0.0764487 2.00539e-07
123.861 19.8448 0.0542102 0.00142069
124.251 20.0133 0.0559527 8.33545e-06
123.75 19.6862 0.0480948 2.29718e-06
123.778 19.5559 0.0483921 3.22135e-06
123.709 19.2946 0.0498004 8.98324e-08
123.81 19.5495 0.0688839 0.187682
123.723 19.5162 0.060228 0.0366765
123.74 19.8363 0.0609781 0.0199469
123.48 19.5922 0.0676622 0.00281242
123.365 19.9811 0.0724587 2.31432e-07
123.68 19.4564 0.068526 0.0497794
123.804 19.1831 0.0814294 3.19805e-07
123.609 19.3343 0.0728407 0.00143098
124.173 19.6851 0.0774385 4.52472e-06
124.329 19.7247 0.0759403 1.24068e-07
124.25 18.959 0.0775672 5.72888e-12
123.651 19.6379 0.0658033 0.0745711
124.3 19.5027 0.0693598 0.000114335
123.798 18.8807 0.0654616 7.63803e-09
123.905 20.0805 0.0694453 4.66064e-05
124.205 20.2691 0.0624611 7.49373e-09
123.823 20.2854 0.0708024 7.50131e-09
123.445 19.5868 0.0518338 8.27748e-08
124.313 19.5853 0.0517579 1.22827e-05
124.271 20.0474 0.0520447 3.11153e-07
123.765 19.6696 0.0616522 0.130987
123.758 19.7933 0.0599746 0.0293032
124.418 18.9797 0.0660862 2.76593e-11
123.56 19.7078 0.0710312 0.00530036
123.845 19.3478 0.0540995 0.000184541
124.262 20.1922 0.0628856 4.29432e-08
123.46 19.3952 0.0538056 1.57538e-07
124.247 19.4192 0.0444832 2.20296e-09
124.184 19.3538 0.0647173 0.00161986
123.746 19.9622 0.0694889 0.00122639
123.808 20.1596 0.0647936 1.23746e-05
123.519 19.8364 0.0732753 0.000178602
124.29 19.4964 0.080333 6.19923e-09
124.173 19.4537 0.0580416 0.00270315
123.897 19.8718 0.0561489 0.00405863
123.74 19.4422 0.0628519 0.0556907
123.934 19.3134 0.0436964 2.72371e-10
124.152 19.6263 0.0631374 0.0291415
123.969 19.6841 0.0754221 0.00160159
123.797 19.6871 0.0517467 0.000299719
123.784 20.068 0.0668795 0.000174578
123.247 19.5714 0.0704048 1.421e-06
123.382 19.2821 0.0625198 1.35574e-06
123.385 19.9793 0.0647743 1.35513e-06
123.933 19.9323 0.0668974 0.00637725
123.382 19.1547 0.0842518 1.16002e-10
123.428 19.6131 0.062286 0.000231029
123.628 19.8926 0.0776992 1.13517e-05
123.592 20.0585 0.0644269 3.06268e-05
123.17 19.5725 0.0905363 3.57978e-15
123.893 19.5809 0.0625235 0.281801
124.075 19.9569 0.057506 0.00082816
124.081 19.9227 0.0753083 7.04146e-06
124.126 20.0302 0.0689857 2.11032e-05
124.121 19.7585 0.0632466 0.0244765
123.963 19.3063 0.0573631 0.0011586
124.406 20.1655 0.0515746 2.49505e-10
124.503 19.4704 0.0639668 3.92291e-07
123.939 19.3781 0.0584952 0.00935961
124.211 19.6578 0.0766294 4.75806e-06
123.063 19.915 0.0649035 5.68171e-12
123.751 20.1441 0.0498236 1.10504e-08
124.679 19.6484 0.0704498 3.96292e-12
124.395 20.1737 0.0532666 6.29081e-10
123.426 19.658 0.0820178 2.26125e-07
123.806 20.5954 0.0506113 3.29667e-17
123.903 19.0669 0.0598014 3.86233e-06
123.868 19.1211 0.0930921 6.93051e-16
123.759 19.9822 0.0619641 0.00185589
123.346 19.833 0.0689839 8.0717e-06
124.023 19.4808 0.0469573 1.07091e-06
124.708 19.9438 0.0517361 6.16029e-13
123.739 20.0722 0.0472429 3.66006e-09
124.163 19.3665 0.0672875 0.00203576
123.764 19.9961 0.0643335 0.00163492
124.195 19.4741 0.0788262 7.63278e-07
124.403 18.9683 0.0781501 1.61898e-14
124.29 19.6279 0.0607876 0.00126249
123.773 19.6524 0.0829005 2.28734e-06
123.946 20.064 0.0505725 1.2834e-06
124.39 19.4416 0.0805343 7.33776e-11
123.752 19.7822 0.0515504 8.69902e-05
124.096 19.9062 0.0802389 2.45693e-08
123.995 19.7108 0.0703107 0.0309807
123.789 19.1822 0.0506579 3.55507e-08
