69.078 15.9372 0.152671 0.000614584
68.9998 16.262 0.140019 1.33134e-05
68.7142 15.6566 0.126258 7.70009e-05
68.8718 15.2013 0.13876 0.000488661
69.4159 16.3072 0.131543 4.35404e-06
68.9877 16.0924 0.145702 0.000298039
69.0264 16.2306 0.128746 1.7818e-05
69.1179 16.534 0.141726 1.69918e-09
69.2988 15.638 0.157394 0.000280806
68.8101 15.5765 0.141824 0.00932868
69.1411 15.938 0.143017 0.0171994
69.2062 15.9528 0.152483 0.000490137
68.1596 16.5016 0.140203 5.33544e-19
69.1499 16.1057 0.145766 0.000429064
68.8552 16.2369 0.122354 1.3496e-07
69.2928 15.8338 0.122967 0.00807118
69.0595 15.9065 0.144136 0.0162
69.2097 15.5388 0.145413 0.0872106
69.1505 16.0302 0.13703 0.0076403
69.3576 15.4718 0.1252 0.015547
68.9954 16.214 0.151929 1.79357e-06
69.1943 16.0849 0.117773 2.03257e-05
68.7392 16.0036 0.144639 7.40305e-05
68.6551 16.2926 0.139955 2.13115e-08
69.2291 16.0011 0.134793 0.0133326
68.5408 15.3047 0.14884 1.4112e-06
68.8918 16.3617 0.128619 6.96586e-08
69.5672 15.9836 0.12387 0.000290293
69.1161 15.965 0.131823 0.0138265
69.3518 15.6306 0.119989 0.00390315
69.5536 15.6627 0.123185 0.00314581
69.5741 15.8281 0.134507 0.00674104
69.1432 15.685 0.127681 0.0617455
69.6269 15.7438 0.144375 0.000855711
69.1311 16.1942 0.132087 0.00017146
69.2293 16.5412 0.155233 3.969e-12
69.7122 16.1503 0.150844 1.48066e-08
69.296 15.7482 0.125077 0.0291753
68.9737 15.9733 0.142969 0.0042489
69.4058 15.7484 0.128698 0.0474999
69.6753 15.7305 0.140208 0.0010098
69.1324 16.3365 0.125198 7.52006e-07
68.9599 15.7072 0.133449 0.0469565
68.8006 15.8276 0.125094 0.000159005
68.746 15.9182 0.161392 3.21493e-07
69.066 16.1037 0.148647 0.000146329
68.7358 15.7265 0.13133 0.000641237
68.9024 15.415 0.123441 0.000276499
68.5869 15.9228 0.120608 2.42066e-08
69.4521 16.3617 0.119725 3.72839e-08
68.82 15.4977 0.141977 0.00812504
69.0239 15.2141 0.147572 0.00121794
69.3105 15.9702 0.160992 8.02087e-07
69.2596 16.256 0.146702 5.67849e-06
69.7785 15.9527 0.127716 2.08446e-05
69.3206 16.4799 0.129745 1.98682e-08
68.8154 15.439 0.138575 0.00506441
68.7857 15.003 0.133113 4.44987e-07
69.1366 16.2387 0.135615 6.94438e-05
69.4941 16.1022 0.139616 0.000215915
69.419 16.3509 0.142874 3.1274e-07
68.9507 15.6586 0.146693 0.0272791
68.6517 15.8081 0.144652 0.000147462
69.1104 15.9833 0.144756 0.00552405
69.4171 15.2795 0.125988 0.00138398
69.0918 15.7092 0.159171 0.000162917
68.3797 16.2473 0.135862 1.36333e-11
68.8725 16.1183 0.152252 5.8592e-06
69.0207 16.0199 0.14341 0.00259926
69.3007 16.4514 0.136024 7.58379e-08
69.4106 16.0619 0.126066 0.000689873
69.1799 15.7279 0.137859 0.227946
69.0968 16.7469 0.140845 1.21186e-13
68.8874 16.056 0.120875 5.94808e-06
69.1977 15.6798 0.130033 0.134208
68.8353 16.0077 0.125568 4.49829e-05
69.0842 15.8483 0.148369 0.0111825
68.928 16.0358 0.128274 0.000333579
68.6973 15.8003 0.138938 0.000566704
68.4165 15.9899 0.128245 1.4597e-09
69.1148 15.5236 0.156634 0.000952417
68.5126 15.6357 0.139598 9.23576e-06
69.1464 15.9671 0.137808 0.0208428
68.7693 15.9664 0.148485 0.000100341
68.2571 15.9225 0.128256 5.86296e-12
69.1753 15.3068 0.131928 0.0163359
68.4994 15.92 0.116418 7.65596e-11
69.1465 16.0051 0.147106 0.00205912
68.9103 16.077 0.131793 0.000281759
69.6282 15.5112 0.145857 0.000579188
69.0532 16.0509 0.140525 0.00276294
68.7598 15.9736 0.124541 1.02232e-05
69.0801 15.4617 0.138041 0.113368
69.3196 15.9463 0.130611 0.0172994
68.9746 16.1878 0.133656 7.25113e-05
69.058 16.5748 0.154481 1.81775e-12
68.5639 15.6261 0.131517 9.32273e-06
69.5508 15.5007 0.119143 0.000364251
68.352 16.0937 0.146592 2.36178e-10
69.5323 16.217 0.132649 1.56097e-05
