24.4518 -87.5882 3.77592 0.000932454
24.6312 -87.1414 3.76102 1.84388e-08
24.6165 -87.159 3.7648 1.81298e-05
24.7015 -86.7651 3.75708 1.48978e-15
24.4483 -87.4396 3.75783 3.6047e-10
24.858 -87.2896 3.77534 0.000274258
24.3404 -87.6244 3.77633 0.000170723
24.2246 -87.1584 3.77321 0.149252
24.9956 -87.4779 3.76588 3.78617e-14
24.4719 -87.1867 3.76871 0.0380778
25.0086 -86.7573 3.76772 8.72047e-14
24.1184 -87.0576 3.76609 0.0181245
24.7381 -87.1996 3.76983 0.000181279
24.2728 -87.5137 3.78059 0.000120481
24.5547 -86.9405 3.76645 0.000168979
23.7223 -86.3014 3.77334 9.37571e-22
24.3526 -86.8341 3.76567 0.000345784
24.8483 -87.6015 3.75209 1.18072e-28
24.4663 -87.4036 3.76098 2.11936e-07
25.0841 -87.4382 3.77391 5.52891e-10
25.0055 -86.975 3.77704 7.09294e-07
24.1052 -86.8459 3.77717 1.00264e-05
24.4401 -87.0274 3.76914 0.0388711
24.7919 -86.5193 3.77279 2.22278e-11
24.5767 -87.4248 3.78084 0.0131583
24.1967 -87.3673 3.76262 0.000300449
24.6476 -86.8709 3.76879 3.83782e-05
23.7923 -87.4469 3.78921 4.33656e-21
24.1334 -86.6275 3.76839 9.83766e-07
24.4012 -87.0451 3.75605 2.96213e-09
24.9589 -86.7292 3.76076 7.20476e-19
24.4374 -87.1996 3.76574 0.00442519
23.952 -87.2331 3.77974 2.1395e-07
24.7649 -87.2208 3.77249 0.000909019
24.2801 -86.0488 3.78028 5.6268e-26
24.1179 -87.428 3.77863 7.2574e-05
24.3765 -86.9253 3.77394 0.0304141
24.9034 -87.5066 3.7638 4.24033e-14
23.9336 -87.3551 3.75152 5.65507e-11
25.0826 -86.581 3.76017 1.14371e-25
24.2569 -87.4192 3.77577 0.0136096
24.5169 -87.1337 3.77767 0.205384
24.2416 -87.0289 3.74411 1.61801e-20
24.6986 -87.2219 3.77699 0.0415542
23.8938 -87.5506 3.7846 3.36337e-14
24.4614 -87.049 3.79249 6.1838e-10
24.7951 -86.8865 3.77548 7.40499e-05
24.8323 -87.2799 3.755 4.09042e-20
24.6671 -87.3434 3.75079 7.96282e-22
24.441 -87.3813 3.77229 0.0635681
24.6823 -87.0309 3.80289 5.30211e-19
24.0516 -87.5488 3.76158 8.2696e-07
24.5385 -87.138 3.77829 0.167021
24.0441 -86.7202 3.78786 8.71038e-17
25.1128 -87.0656 3.76171 4.8136e-20
24.0124 -87.5093 3.74927 2.97149e-15
24.2652 -87.7759 3.76961 9.64268e-08
23.907 -87.2343 3.7774 6.85288e-07
24.7289 -86.7646 3.76233 2.04185e-11
24.9285 -87.0119 3.78529 2.43316e-05
24.9243 -86.8834 3.74694 2.29368e-35
24.2615 -87.3433 3.76764 0.0233317
24.8773 -86.8416 3.7832 3.00766e-06
24.312 -87.0021 3.74864 8.10022e-16
25.0017 -87.0393 3.75986 1.11992e-18
25.0784 -87.1974 3.7682 1.37996e-12
24.0015 -87.3859 3.76776 0.000843813
24.9 -87.54 3.76322 5.00408e-15
24.8658 -87.6442 3.76825 1.651e-11
24.5232 -87.0292 3.76775 0.00388349
24.222 -87.2792 3.74925 1.42039e-14
24.2236 -87.6015 3.77585 8.85225e-05
24.9435 -86.9125 3.78816 3.04205e-07
24.5036 -87.0758 3.75878 2.76108e-08
24.5678 -87.7869 3.76183 3.53153e-14
24.3818 -87.2139 3.78741 5.80159e-06
23.9871 -87.0485 3.77137 0.00122558
24.7358 -87.157 3.76697 6.01877e-06
24.4399 -87.5686 3.76204 2.40551e-08
24.1488 -87.4615 3.7633 7.89685e-05
24.5821 -87.3771 3.76856 0.000681653
24.6666 -86.8563 3.7813 0.000215035
24.4821 -87.356 3.8035 9.14499e-22
24.0163 -87.3643 3.77588 8.96584e-05
24.487 -87.1614 3.76276 4.06339e-05
24.8456 -87.2575 3.77779 0.00166539
24.4836 -87.0332 3.76994 0.0382561
24.1032 -87.3373 3.75393 2.54962e-09
24.2388 -86.5938 3.78341 7.22153e-12
24.8937 -87.2023 3.77122 2.3542e-06
23.9859 -87.0394 3.75942 6.82682e-05
24.4057 -87.0367 3.78756 1.48068e-06
24.0699 -87.8565 3.76431 1.328e-11
24.2729 -87.182 3.76858 0.138449
24.1091 -86.7342 3.78013 7.86761e-09
24.1376 -86.9229 3.76212 0.000369137
24.5321 -86.5172 3.77354 6.51187e-09
24.7893 -87.1441 3.78318 0.00358892
24.7263 -87.0683 3.76509 4.22068e-07
24.1893 -86.1905 3.77327 2.16576e-18
