117.145 19.6503 0.0612652 0.00393621
117.179 20.0128 0.0702109 4.83018e-05
117.072 20.0878 0.0622246 0.00141802
117.216 20.3516 0.0653302 4.403e-06
117.294 19.6962 0.04974 0.0570433
117.099 19.9367 0.0669591 0.000596782
117.542 19.4585 0.063573 1.19436e-05
118.002 20.0428 0.077869 5.40419e-18
116.903 20.3041 0.0556662 4.42717e-06
117.082 19.4797 0.0496613 8.55094e-05
116.936 20.4403 0.0583518 1.95775e-07
117.787 19.6845 0.0598016 3.78292e-05
117.111 20.3097 0.0743637 4.88137e-09
117.095 20.2913 0.0635348 2.74791e-05
117.507 19.76 0.0544019 0.0847679
117.574 19.6932 0.0411727 0.00823846
116.942 19.9429 0.054249 0.00120965
117.499 19.6631 0.0681472 2.13038e-05
117.494 19.9298 0.0696097 1.39186e-05
117.157 19.6191 0.0623817 0.00193856
116.639 19.765 0.048528 3.4638e-09
117.601 19.9351 0.0849349 5.25306e-16
116.881 19.6843 0.0843067 3.27845e-12
117.441 19.7526 0.0786437 7.84929e-10
117.18 20.0423 0.0590093 0.0194293
117.055 19.6707 0.0727607 3.03704e-06
117.01 20.1922 0.0510188 0.0003026
117.597 19.6542 0.0823691 3.42498e-14
116.995 19.8642 0.0412168 1.89692e-05
117.352 19.8752 0.0648024 0.00366847
117.201 19.7742 0.0528443 0.0689596
117.468 19.9293 0.06224 0.00682523
117.731 20.0862 0.0733447 1.68091e-10
117.022 19.6493 0.0626247 0.000616554
117.344 19.7482 0.0546165 0.123956
117.07 19.5799 0.0537029 0.00121508
116.984 19.3606 0.0341955 3.00157e-12
116.975 19.6431 0.0565388 0.000621504
117.501 19.8714 0.0525423 0.192037
117.104 19.7594 0.0690764 0.000139488
116.521 20.0353 0.0751722 6.43029e-12
117.406 19.5382 0.0674277 2.06737e-05
117.355 19.6177 0.0564642 0.0211755
117.321 20.0324 0.0673235 0.000316753
117.153 19.8484 0.048047 0.0220706
116.738 20.022 0.0615118 2.62742e-06
117.451 19.8985 0.0791169 3.47263e-10
118.347 19.5829 0.0644194 4.30066e-18
116.751 19.7291 0.0703887 2.20661e-07
116.979 19.7725 0.0666798 0.00017838
116.828 20.4369 0.0712174 7.85485e-11
117.194 20.0196 0.0837167 5.18624e-12
117.373 20.2532 0.059495 0.0010733
117.114 20.1055 0.0568249 0.00785621
117.239 19.8724 0.0579801 0.0782854
117.569 19.5838 0.0609373 0.000446823
117.627 19.7967 0.0408207 0.0149189
117.231 19.7118 0.0332581 1.91099e-06
117.158 19.8558 0.0560907 0.055529
116.877 20.1807 0.0670731 1.81789e-06
117.572 19.4821 0.0462563 0.00086627
116.835 19.1884 0.0587192 1.82693e-10
117.587 20.241 0.0421108 0.00219117
117.245 20.2961 0.0562434 0.0010266
117.266 19.9906 0.0745269 7.14518e-07
116.845 20.2153 0.0689124 1.77527e-07
116.994 20.3277 0.0562596 1.90017e-05
116.869 19.8171 0.0585902 0.000227029
117.02 20.4072 0.0640704 3.93919e-07
117.013 20.6064 0.0568681 3.05415e-09
117.153 19.8792 0.0588359 0.0339463
117.102 19.5447 0.0758101 4.25678e-08
117.276 20.8404 0.0681831 9.75097e-16
117.504 20.4396 0.0698276 7.96937e-10
117.885 19.4186 0.0832916 3.21441e-21
117.064 19.9116 0.0537527 0.0154983
117.08 19.4584 0.0556898 0.000135264
116.924 19.9019 0.0435693 1.23386e-05
117.697 20.0692 0.0505642 0.0131102
117.667 20.0631 0.0583319 0.00144466
117.137 19.4038 0.0580107 6.34631e-05
116.955 20.6254 0.0540926 4.93622e-10
117.858 19.7179 0.0627101 7.60746e-07
117.791 19.7359 0.059479 6.58779e-05
117.549 19.4472 0.0630763 1.14307e-05
117.044 19.6261 0.0617641 0.000805569
116.949 19.9932 0.0532029 0.000999075
117.482 20.0804 0.0724917 2.1762e-07
117.125 19.8705 0.0761587 3.27166e-07
117.151 20.776 0.0642588 4.61954e-13
117.042 20.3314 0.0629787 7.23792e-06
117.061 20.1679 0.0481609 0.000628913
117.452 19.9091 0.0427803 0.0630509
117.394 20.1325 0.061126 0.0037397
117.792 20.0888 0.0635844 1.32157e-06
117.771 19.7276 0.0312942 1.09259e-05
117.205 19.7919 0.0556173 0.0741493
117.451 19.6921 0.0652556 0.000535245
117.051 19.7614 0.0565793 0.00837673
116.616 20.2788 0.067912 1.47801e-10
