127.185 -19.0714 3.39392 0.0089391 127.25 -19.046 3.4035
126.753 -19.1599 3.39973 0.000464033 127.25 -19.046 3.4035
126.58 -18.7361 3.41707 5.93275e-16 127.25 -19.046 3.4035
126.863 -18.9829 3.40617 0.00125251 127.25 -19.046 3.4035
126.709 -19.314 3.40405 2.02143e-06 127.25 -19.046 3.4035
127.183 -19.2266 3.41731 2.57632e-06 127.25 -19.046 3.4035
127.833 -19.1985 3.42078 2.10429e-09 127.25 -19.046 3.4035
127.27 -19.0704 3.39357 0.00256922 127.25 -19.046 3.4035
126.531 -18.9797 3.40605 8.41072e-09 127.25 -19.046 3.4035
127.289 -19.2773 3.40272 0.0132353 127.25 -19.046 3.4035
127.117 -18.725 3.39896 0.0186072 127.25 -19.046 3.4035
127.141 -19.5718 3.3967 6.86812e-07 127.25 -19.046 3.4035
127.116 -19.3932 3.4045 0.00089548 127.25 -19.046 3.4035
127.058 -19.5378 3.40378 7.09213e-06 127.25 -19.046 3.4035
126.762 -18.7551 3.40152 0.000149911 127.25 -19.046 3.4035
126.599 -19.4485 3.4202 1.86116e-19 127.25 -19.046 3.4035
127.139 -19.1066 3.39078 0.000619103 127.25 -19.046 3.4035
126.724 -19.0279 3.4146 9.22334e-10 127.25 -19.046 3.4035
127.18 -18.835 3.38229 4.19213e-09 127.25 -19.046 3.4035
126.818 -19.1316 3.41543 7.50269e-09 127.25 -19.046 3.4035
127.439 -18.909 3.39823 0.00442446 127.25 -19.046 3.4035
126.622 -19.0165 3.37857 3.98379e-11 127.25 -19.046 3.4035
127.012 -19.9714 3.41609 2.32939e-19 127.25 -19.046 3.4035
126.86 -19.0785 3.3921 0.00145954 127.25 -19.046 3.4035
126.883 -19.2135 3.39031 0.000100441 127.25 -19.046 3.4035
126.322 -18.8511 3.39048 1.55984e-10 127.25 -19.046 3.4035
126.734 -19.1871 3.40669 6.26745e-06 127.25 -19.046 3.4035
126.831 -18.8168 3.40682 0.000101076 127.25 -19.046 3.4035
127.321 -19.2345 3.39083 8.20825e-06 127.25 -19.046 3.4035
126.486 -18.9953 3.401 5.73001e-08 127.25 -19.046 3.4035
126.499 -19.3245 3.40707 2.15849e-11 127.25 -19.046 3.4035
126.862 -18.6908 3.39459 0.000510604 127.25 -19.046 3.4035
127.208 -18.996 3.40421 0.224125 127.25 -19.046 3.4035
127.264 -19.2911 3.38464 1.06523e-09 127.25 -19.046 3.4035
126.962 -19.2531 3.40524 0.0021861 127.25 -19.046 3.4035
126.627 -18.7679 3.40999 1.15357e-09 127.25 -19.046 3.4035
126.566 -18.8039 3.40189 3.22391e-07 127.25 -19.046 3.4035
126.939 -18.8533 3.40455 0.00800936 127.25 -19.046 3.4035
127.072 -19.6222 3.41274 2.21176e-09 127.25 -19.046 3.4035
127.295 -19.2318 3.40755 0.0158887 127.25 -19.046 3.4035
126.882 -19.2049 3.39992 0.00437724 127.25 -19.046 3.4035
126.73 -19.4432 3.40663 2.83526e-08 127.25 -19.046 3.4035
127.573 -19.1882 3.39537 3.28545e-06 127.25 -19.046 3.4035
126.804 -19.7057 3.41168 1.68869e-13 127.25 -19.046 3.4035
127.432 -19.4578 3.38584 7.15543e-13 127.25 -19.046 3.4035
127.134 -19.2648 3.41339 7.1601e-05 127.25 -19.046 3.4035
127.149 -19.2638 3.39723 0.00702241 127.25 -19.046 3.4035
127.103 -19.1144 3.39598 0.0337873 127.25 -19.046 3.4035
127.103 -18.8994 3.38945 0.000376824 127.25 -19.046 3.4035
127.021 -19.4285 3.39425 2.36354e-05 127.25 -19.046 3.4035
126.861 -18.5586 3.38676 1.57788e-07 127.25 -19.046 3.4035
127.456 -18.8658 3.38308 8.98089e-12 127.25 -19.046 3.4035
126.596 -19.2666 3.40402 7.99633e-08 127.25 -19.046 3.4035
126.517 -18.8676 3.41398 4.17232e-14 127.25 -19.046 3.4035
126.685 -19.4297 3.41284 9.23364e-12 127.25 -19.046 3.4035
126.985 -19.1911 3.38733 1.04856e-05 127.25 -19.046 3.4035
127.14 -19.1368 3.40322 0.118229 127.25 -19.046 3.4035
127.001 -18.8186 3.39972 0.0408307 127.25 -19.046 3.4035
126.616 -19.4534 3.39928 1.51962e-08 127.25 -19.046 3.4035
126.705 -19.0715 3.3935 0.00019957 127.25 -19.046 3.4035
127.008 -18.9453 3.39132 0.00320244 127.25 -19.046 3.4035
126.649 -19.4805 3.40566 1.00067e-09 127.25 -19.046 3.4035
126.69 -19.2939 3.4028 3.21614e-06 127.25 -19.046 3.4035
126.886 -18.688 3.404 0.000290169 127.25 -19.046 3.4035
127.168 -19.3158 3.4141 2.1921e-05 127.25 -19.046 3.4035
127.107 -19.4353 3.42608 2.12969e-15 127.25 -19.046 3.4035
127.188 -19.517 3.39786 8.27566e-06 127.25 -19.046 3.4035
127.081 -19.0015 3.3895 0.000480932 127.25 -19.046 3.4035
126.852 -19.3201 3.38785 9.10249e-07 127.25 -19.046 3.4035
127.409 -19.1182 3.38418 1.67634e-10 127.25 -19.046 3.4035
126.983 -19.1152 3.39885 0.0476063 127.25 -19.046 3.4035
126.846 -19.7641 3.38905 8.60456e-14 127.25 -19.046 3.4035
126.866 -18.8423 3.39057 0.000530317 127.25 -19.046 3.4035
127.761 -18.9611 3.41003 1.75652e-05 127.25 -19.046 3.4035
126.575 -18.879 3.38979 1.69684e-06 127.25 -19.046 3.4035
127.409 -19.1369 3.41274 0.00207581 127.25 -19.046 3.4035
127.101 -18.8615 3.41487 2.23592e-05 127.25 -19.046 3.4035
127.684 -19.421 3.38762 2.45166e-15 127.25 -19.046 3.4035
126.783 -19.373 3.40603 1.60458e-06 127.25 -19.046 3.4035
126.792 -19.1951 3.39147 0.000105261 127.25 -19.046 3.4035
127.264 -19.1755 3.39913 0.0327896 127.25 -19.046 3.4035
127.25 -19.0104 3.40624 0.139486 127.25 -19.046 3.4035
127.147 -19.718 3.4142 2.76659e-11 127.25 -19.046 3.4035
127.766 -18.6976 3.40041 5.40596e-08 127.25 -19.046 3.4035
126.94 -19.1977 3.40274 0.00834086 127.25 -19.046 3.4035
127.008 -18.8765 3.40005 0.0751625 127.25 -19.046 3.4035
126.745 -19.0606 3.4117 1.26047e-07 127.25 -19.046 3.4035
127.107 -19.8376 3.41748 7.87895e-16 127.25 -19.046 3.4035
127.144 -19.501 3.38573 1.04413e-10 127.25 -19.046 3.4035
126.653 -19.0055 3.40741 4.60115e-07 127.25 -19.046 3.4035
126.856 -19.453 3.40288 5.71156e-06 127.25 -19.046 3.4035
127.034 -18.7168 3.38983 0.000118711 127.25 -19.046 3.4035
127.012 -18.9849 3.40432 0.057422 127.25 -19.046 3.4035
126.644 -19.336 3.39947 9.28344e-07 127.25 -19.046 3.4035
126.35 -18.9034 3.3732 2.38122e-17 127.25 -19.046 3.4035
127.162 -19.1239 3.39879 0.0885174 127.25 -19.046 3.4035
127.584 -19.5655 3.42123 1.90663e-11 127.25 -19.046 3.4035
127.36 -19.0007 3.41802 1.77499e-05 127.25 -19.046 3.4035
127.283 -19.0688 3.39754 0.0352725 127.25 -19.046 3.4035
126.819 -18.7615 3.42577 6.36528e-19 127.25 -19.046 3.4035
