97.6858 -28.4284 3.49089 2.64835e-06 97.941 -28.792 3.4927
97.8818 -28.5204 3.49706 9.03761e-06 97.941 -28.792 3.4927
97.7014 -28.5556 3.49459 2.41197e-06 97.941 -28.792 3.4927
97.52 -29.0408 3.50105 5.93996e-13 97.941 -28.792 3.4927
98.27 -28.7669 3.50013 8.31905e-05 97.941 -28.792 3.4927
97.9475 -28.7043 3.50949 1.40985e-12 97.941 -28.792 3.4927
97.6848 -27.9036 3.49182 6.07961e-15 97.941 -28.792 3.4927
97.886 -28.4477 3.48978 0.000409413 97.941 -28.792 3.4927
97.394 -28.9793 3.48894 3.96278e-08 97.941 -28.792 3.4927
97.9719 -28.5977 3.4803 0.0261329 97.941 -28.792 3.4927
98.3044 -28.448 3.48668 0.00139837 97.941 -28.792 3.4927
97.7901 -28.3834 3.47624 6.17429e-06 97.941 -28.792 3.4927
97.5314 -28.7479 3.4897 4.81049e-06 97.941 -28.792 3.4927
98.3841 -28.3939 3.49104 0.000126784 97.941 -28.792 3.4927
97.9396 -28.6122 3.49099 0.00783316 97.941 -28.792 3.4927
97.9286 -28.7518 3.50334 4.3774e-08 97.941 -28.792 3.4927
97.7081 -28.9173 3.50699 6.07891e-14 97.941 -28.792 3.4927
97.5051 -28.4556 3.49717 4.01673e-11 97.941 -28.792 3.4927
97.8003 -28.5555 3.4819 0.00362561 97.941 -28.792 3.4927
97.8653 -28.3504 3.48072 3.73697e-05 97.941 -28.792 3.4927
98.3052 -28.4993 3.50068 6.25163e-06 97.941 -28.792 3.4927
98.1043 -28.6753 3.50254 1.72672e-06 97.941 -28.792 3.4927
97.3832 -28.9107 3.49503 5.59673e-11 97.941 -28.792 3.4927
97.6552 -29.0814 3.48467 0.00112102 97.941 -28.792 3.4927
97.2133 -28.3496 3.49193 1.30612e-15 97.941 -28.792 3.4927
98.3856 -28.8726 3.5031 1.20405e-06 97.941 -28.792 3.4927
97.694 -28.7876 3.49593 2.69283e-06 97.941 -28.792 3.4927
97.7443 -28.6398 3.49211 0.000159683 97.941 -28.792 3.4927
97.9908 -28.2901 3.51502 5.90637e-19 97.941 -28.792 3.4927
97.9015 -28.712 3.5058 4.42097e-10 97.941 -28.792 3.4927
97.7035 -28.489 3.48182 0.000174827 97.941 -28.792 3.4927
97.6134 -28.5945 3.50393 9.48215e-13 97.941 -28.792 3.4927
98.1379 -28.4352 3.49083 0.00145485 97.941 -28.792 3.4927
97.7077 -28.6973 3.48628 0.00294597 97.941 -28.792 3.4927
97.7638 -28.3582 3.48924 6.64048e-06 97.941 -28.792 3.4927
98.1396 -28.3111 3.4871 9.9621e-05 97.941 -28.792 3.4927
97.8316 -28.4643 3.49903 1.56233e-07 97.941 -28.792 3.4927
97.7962 -28.8366 3.49412 0.000227984 97.941 -28.792 3.4927
97.8812 -28.4078 3.48909 0.000196135 97.941 -28.792 3.4927
97.5052 -28.6205 3.51541 1.13554e-25 97.941 -28.792 3.4927
97.3879 -28.8886 3.48806 9.47961e-08 97.941 -28.792 3.4927
97.9163 -28.4476 3.51257 2.40711e-16 97.941 -28.792 3.4927
99.0019 -28.1763 3.4992 1.50908e-15 97.941 -28.792 3.4927
98.5071 -29.0007 3.49005 0.00228691 97.941 -28.792 3.4927
97.9828 -28.2498 3.4979 5.22544e-08 97.941 -28.792 3.4927
97.1871 -28.4976 3.49299 2.84165e-15 97.941 -28.792 3.4927
97.3388 -28.6922 3.48305 7.92428e-08 97.941 -28.792 3.4927
97.5823 -28.7719 3.49797 5.683e-09 97.941 -28.792 3.4927
98.0394 -28.4673 3.49006 0.00265217 97.941 -28.792 3.4927
97.7468 -28.6178 3.48458 0.003902 97.941 -28.792 3.4927
97.95 -28.3012 3.50499 2.86247e-11 97.941 -28.792 3.4927
97.4451 -29.1516 3.49763 9.15938e-13 97.941 -28.792 3.4927
98.7357 -28.4583 3.48826 1.49312e-07 97.941 -28.792 3.4927
97.8461 -28.2428 3.48779 1.33492e-06 97.941 -28.792 3.4927
97.2863 -28.7268 3.49214 1.80101e-11 97.941 -28.792 3.4927
97.7186 -28.3233 3.4838 2.89699e-06 97.941 -28.792 3.4927
97.979 -29.0992 3.47927 0.122734 97.941 -28.792 3.4927
97.6498 -28.6545 3.49501 1.07964e-06 97.941 -28.792 3.4927
98.0465 -28.3501 3.46817 1.10967e-09 97.941 -28.792 3.4927
97.7263 -28.6468 3.49106 0.000237493 97.941 -28.792 3.4927
97.7527 -29.4487 3.50073 6.31156e-14 97.941 -28.792 3.4927
97.9068 -28.9503 3.48984 0.0281968 97.941 -28.792 3.4927
97.8177 -28.6597 3.47256 0.00046059 97.941 -28.792 3.4927
98.213 -28.121 3.49476 2.47176e-08 97.941 -28.792 3.4927
97.6564 -28.7533 3.49574 1.02866e-06 97.941 -28.792 3.4927
98.0922 -29.0106 3.48402 0.410179 97.941 -28.792 3.4927
97.5484 -28.6765 3.49405 1.1917e-07 97.941 -28.792 3.4927
98.2478 -29.3498 3.49886 3.42071e-08 97.941 -28.792 3.4927
98.1466 -28.7513 3.48575 0.360843 97.941 -28.792 3.4927
97.6507 -28.5974 3.50295 1.92161e-11 97.941 -28.792 3.4927
97.4387 -28.6463 3.47078 1.31216e-07 97.941 -28.792 3.4927
97.9468 -28.1053 3.49553 1.42883e-09 97.941 -28.792 3.4927
97.6464 -29.1496 3.48933 2.07483e-05 97.941 -28.792 3.4927
97.1264 -28.6799 3.49044 1.58306e-14 97.941 -28.792 3.4927
98.3493 -29.0213 3.48033 0.021285 97.941 -28.792 3.4927
97.26 -28.882 3.49315 1.76963e-12 97.941 -28.792 3.4927
97.8563 -28.7857 3.50412 2.39445e-09 97.941 -28.792 3.4927
98.0937 -28.5409 3.51283 1.68954e-14 97.941 -28.792 3.4927
97.6758 -29.0309 3.49843 1.24001e-08 97.941 -28.792 3.4927
97.7661 -28.2576 3.4853 7.97186e-07 97.941 -28.792 3.4927
97.9136 -29.0588 3.49489 0.0001761 97.941 -28.792 3.4927
97.59 -28.5866 3.50538 2.74167e-14 97.941 -28.792 3.4927
98.0747 -28.6394 3.51012 4.58148e-12 97.941 -28.792 3.4927
97.3281 -28.8952 3.48508 5.59072e-08 97.941 -28.792 3.4927
98.0934 -28.7294 3.5065 4.39438e-09 97.941 -28.792 3.4927
97.8725 -28.9011 3.50496 4.19213e-10 97.941 -28.792 3.4927
98.4402 -28.8098 3.51171 1.72165e-12 97.941 -28.792 3.4927
97.2964 -29.1297 3.49481 8.69188e-14 97.941 -28.792 3.4927
97.7344 -28.5531 3.48995 0.000165258 97.941 -28.792 3.4927
98.1948 -28.3778 3.48679 0.000567637 97.941 -28.792 3.4927
97.9116 -28.7569 3.51002 1.82138e-13 97.941 -28.792 3.4927
97.8492 -28.6455 3.49839 4.53054e-06 97.941 -28.792 3.4927
97.6969 -28.6998 3.49562 3.1183e-06 97.941 -28.792 3.4927
98.0128 -28.3474 3.4878 0.000205917 97.941 -28.792 3.4927
98.0762 -29.129 3.5036 5.08131e-09 97.941 -28.792 3.4927
97.7804 -28.3023 3.48964 1.60996e-06 97.941 -28.792 3.4927
96.8022 -28.5836 3.48973 6.16178e-24 97.941 -28.792 3.4927
97.8556 -28.7536 3.50242 3.60224e-08 97.941 -28.792 3.4927
97.9569 -28.2915 3.50688 1.46238e-12 97.941 -28.792 3.4927
97.2759 -28.597 3.4951 1.17481e-13 97.941 -28.792 3.4927
