16.1293 7.943 0.197698 5.45452e-10 16.285 7.9354 0.21384
16.2744 8.57847 0.211363 2.80478e-11 16.285 7.9354 0.21384
15.9254 8.02772 0.21891 0.000549484 16.285 7.9354 0.21384
15.9444 7.87209 0.219126 0.00224388 16.285 7.9354 0.21384
15.981 7.79127 0.201202 4.92164e-11 16.285 7.9354 0.21384
16.7756 8.32932 0.221035 3.80236e-17 16.285 7.9354 0.21384
16.3959 7.10625 0.224066 8.18571e-21 16.285 7.9354 0.21384
16.3909 7.66484 0.208251 0.00903119 16.285 7.9354 0.21384
16.0567 7.72583 0.208718 0.000111462 16.285 7.9354 0.21384
16.0381 8.33248 0.203145 8.6498e-11 16.285 7.9354 0.21384
16.0155 7.89526 0.210245 0.00097882 16.285 7.9354 0.21384
15.985 7.72244 0.213716 0.000434549 16.285 7.9354 0.21384
16.07 7.80091 0.212527 0.0121263 16.285 7.9354 0.21384
16.2369 8.2297 0.214043 0.00188427 16.285 7.9354 0.21384
16.2979 8.13029 0.240767 2.02287e-27 16.285 7.9354 0.21384
16.4256 7.73815 0.20358 0.00382882 16.285 7.9354 0.21384
16.0236 8.04986 0.229535 3.30908e-08 16.285 7.9354 0.21384
15.521 7.84325 0.212147 2.04472e-16 16.285 7.9354 0.21384
16.0136 8.1438 0.219295 0.00032932 16.285 7.9354 0.21384
16.421 8.05922 0.227559 5.36087e-11 16.285 7.9354 0.21384
16.7059 7.87533 0.213312 4.98049e-05 16.285 7.9354 0.21384
16.232 7.80226 0.221718 0.00210512 16.285 7.9354 0.21384
16.5052 8.17197 0.182612 4.42479e-21 16.285 7.9354 0.21384
16.1865 8.23711 0.227458 5.63375e-10 16.285 7.9354 0.21384
16.2376 7.41921 0.200563 1.68388e-12 16.285 7.9354 0.21384
16.2232 7.5685 0.238684 1.93765e-21 16.285 7.9354 0.21384
16.1459 8.26639 0.204412 8.0356e-07 16.285 7.9354 0.21384
16.7281 7.95103 0.220385 1.51518e-10 16.285 7.9354 0.21384
16.536 8.17967 0.22155 5.84419e-09 16.285 7.9354 0.21384
15.897 7.81347 0.214506 0.000108693 16.285 7.9354 0.21384
16.1882 8.08325 0.218661 0.00967064 16.285 7.9354 0.21384
16.4593 7.69834 0.22506 3.75648e-09 16.285 7.9354 0.21384
16.3868 8.07932 0.209773 0.194642 16.285 7.9354 0.21384
15.9258 7.82094 0.214909 0.000457147 16.285 7.9354 0.21384
15.5864 8.08958 0.206534 3.80336e-19 16.285 7.9354 0.21384
15.7753 7.71545 0.225511 3.98428e-07 16.285 7.9354 0.21384
15.6479 7.76107 0.208171 1.95038e-15 16.285 7.9354 0.21384
16.4839 8.01455 0.208961 0.242245 16.285 7.9354 0.21384
16.4998 7.7246 0.207559 0.0229391 16.285 7.9354 0.21384
16.0637 7.93256 0.227208 6.96481e-06 16.285 7.9354 0.21384
16.7725 8.33314 0.220684 9.2338e-17 16.285 7.9354 0.21384
15.9063 7.45427 0.212458 4.02528e-10 16.285 7.9354 0.21384
16.12 8.73367 0.219155 1.3482e-17 16.285 7.9354 0.21384
16.1449 8.01331 0.226758 2.54866e-06 16.285 7.9354 0.21384
16.3045 8.18242 0.198943 9.06502e-07 16.285 7.9354 0.21384
16.1281 8.13229 0.202538 1.1707e-06 16.285 7.9354 0.21384
16.3381 8.11221 0.209084 0.0915699 16.285 7.9354 0.21384
16.2346 7.53965 0.202635 3.01071e-08 16.285 7.9354 0.21384
15.7658 7.45637 0.207611 9.42046e-17 16.285 7.9354 0.21384
16.2742 7.22178 0.217639 6.71909e-13 16.285 7.9354 0.21384
15.8425 7.41497 0.213523 6.78371e-12 16.285 7.9354 0.21384
16.0182 7.81839 0.215642 0.0104248 16.285 7.9354 0.21384
15.9294 7.57613 0.223053 1.85272e-06 16.285 7.9354 0.21384
15.8982 7.87216 0.221384 0.000380175 16.285 7.9354 0.21384
16.1319 7.80364 0.217819 0.0483236 16.285 7.9354 0.21384
16.2724 7.76378 0.206139 0.0085805 16.285 7.9354 0.21384
15.9935 7.4523 0.223119 2.99265e-08 16.285 7.9354 0.21384
16.7821 8.08684 0.200025 0.000110025 16.285 7.9354 0.21384
16.222 7.54552 0.197278 9.25933e-13 16.285 7.9354 0.21384
16.5312 8.17806 0.208295 0.00732207 16.285 7.9354 0.21384
16.235 7.73661 0.228136 4.50215e-08 16.285 7.9354 0.21384
15.5729 7.99116 0.221813 1.46361e-10 16.285 7.9354 0.21384
16.9872 7.76306 0.206601 2.06823e-09 16.285 7.9354 0.21384
16.3098 8.06225 0.223616 8.61961e-06 16.285 7.9354 0.21384
15.8658 7.94562 0.212476 9.95198e-06 16.285 7.9354 0.21384
16.0925 7.87449 0.215443 0.076008 16.285 7.9354 0.21384
16.0757 7.50905 0.210125 4.4434e-07 16.285 7.9354 0.21384
16.1185 8.02949 0.213954 0.0573093 16.285 7.9354 0.21384
15.8441 7.85164 0.211332 7.88233e-07 16.285 7.9354 0.21384
16.3343 7.93795 0.203421 0.0122909 16.285 7.9354 0.21384
15.4894 8.09682 0.216756 2.02135e-15 16.285 7.9354 0.21384
16.2285 7.41697 0.216252 3.98858e-07 16.285 7.9354 0.21384
16.4159 8.10979 0.188456 1.54857e-14 16.285 7.9354 0.21384
16.3984 8.12198 0.215192 0.0103217 16.285 7.9354 0.21384
16.8818 7.51839 0.215574 1.57887e-14 16.285 7.9354 0.21384
16.1649 8.27405 0.206952 1.55054e-05 16.285 7.9354 0.21384
16.0725 7.3378 0.221149 3.70331e-10 16.285 7.9354 0.21384
15.5956 7.34019 0.222879 1.04937e-16 16.285 7.9354 0.21384
16.5625 7.96812 0.210242 0.0661025 16.285 7.9354 0.21384
16.6783 7.77365 0.233046 7.73174e-25 16.285 7.9354 0.21384
15.596 7.91457 0.20042 1.78152e-25 16.285 7.9354 0.21384
16.3595 8.31882 0.207415 0.0001059 16.285 7.9354 0.21384
16.1869 8.30814 0.22236 1.08802e-07 16.285 7.9354 0.21384
15.9332 7.75687 0.225669 1.91306e-05 16.285 7.9354 0.21384
16.0796 7.67144 0.225776 6.95054e-06 16.285 7.9354 0.21384
16.1784 7.86212 0.225421 4.28144e-05 16.285 7.9354 0.21384
16.2709 7.78329 0.228385 1.62528e-08 16.285 7.9354 0.21384
15.9601 7.77727 0.22778 2.72742e-06 16.285 7.9354 0.21384
16.2679 8.0029 0.203085 0.00166922 16.285 7.9354 0.21384
16.0402 7.31708 0.207539 9.49789e-14 16.285 7.9354 0.21384
16.0929 7.87904 0.207456 0.00104382 16.285 7.9354 0.21384
16.1712 8.16133 0.227639 8.87575e-09 16.285 7.9354 0.21384
16.2337 7.79865 0.216722 0.104466 16.285 7.9354 0.21384
16.3123 8.11278 0.195964 1.95165e-08 16.285 7.9354 0.21384
15.9383 8.03587 0.211682 7.44445e-05 16.285 7.9354 0.21384
16.245 7.46626 0.23367 5.42975e-17 16.285 7.9354 0.21384
16.6664 8.27681 0.210139 4.70679e-06 16.285 7.9354 0.21384
16.7142 8.04116 0.223941 2.74526e-14 16.285 7.9354 0.21384
15.9456 8.27305 0.197606 2.05577e-17 16.285 7.9354 0.21384
16.3841 8.29896 0.21517 3.55009e-05 16.285 7.9354 0.21384
