199.624 -9.65324 3.10253 0.00078935
199.986 -9.84596 3.09443 8.31784e-06
200.213 -9.09202 3.10769 2.99652e-09
199.81 -10.567 3.1116 1.5935e-11
199.721 -10.3301 3.08339 1.00778e-11
199.696 -9.30512 3.12028 6.83522e-08
200.129 -9.05297 3.11188 3.94004e-08
200.405 -9.95698 3.12377 0.00303019
199.395 -9.8621 3.11686 1.07942e-10
199.805 -9.51038 3.10887 0.0050794
200.379 -9.29069 3.10608 4.84816e-08
199.451 -10.1479 3.11721 3.61753e-12
199.958 -10.1446 3.10925 0.00412225
199.502 -9.82055 3.11657 4.72001e-08
199.18 -9.8792 3.09427 9.97228e-09
199.516 -9.97384 3.1031 0.000182051
199.656 -10.282 3.11561 2.04578e-09
199.857 -9.65878 3.09636 4.66644e-05
199.733 -9.7136 3.10141 0.00459186
199.233 -10.4854 3.11241 9.36309e-20
200.257 -9.36836 3.10774 5.91283e-05
200.067 -9.64967 3.13261 3.07642e-07
199.744 -9.78841 3.11832 0.00012982
198.625 -10.3399 3.10857 8.73069e-34
200.002 -9.61526 3.10651 0.0458113
199.763 -9.98328 3.12078 1.0816e-06
199.288 -9.5698 3.10059 1.49257e-08
199.496 -9.67213 3.11141 4.54109e-06
199.532 -9.92377 3.10828 7.32194e-05
199.992 -9.90488 3.12717 1.9355e-06
199.068 -9.65318 3.12349 3.55571e-25
199.831 -10.4106 3.11163 4.60373e-08
199.738 -10.1146 3.10603 0.00142624
200.65 -10.2399 3.10774 3.66471e-10
199.556 -9.81685 3.10594 0.000567822
199.551 -10.2244 3.09859 1.11161e-05
199.223 -10.2743 3.11556 1.84149e-18
199.993 -10.0113 3.09332 2.1115e-06
200.009 -9.51947 3.09727 1.21236e-06
199.688 -9.60671 3.12344 8.26279e-08
198.963 -10.0252 3.09281 1.31122e-12
199.738 -10.0136 3.12405 2.0353e-09
199.663 -10.3649 3.09603 6.29354e-07
199.893 -9.85708 3.10383 0.0590674
199.826 -8.87897 3.09136 1.34816e-23
199.898 -10.1321 3.10336 0.00326351
200 -9.04202 3.12384 2.31876e-08
199.239 -10.3001 3.11333 8.88656e-17
199.68 -9.35397 3.12958 1.10813e-12
199.619 -10.1075 3.1024 0.000351616
199.756 -9.62961 3.10596 0.0102109
199.51 -10.164 3.11997 4.96625e-13
199.897 -10.1822 3.13247 7.50967e-16
200.502 -10.0402 3.12559 7.4705e-05
200.023 -9.85824 3.09348 1.17577e-06
199.872 -9.41526 3.12333 2.06286e-05
200.197 -9.97561 3.11149 0.0792432
199.934 -9.52651 3.10981 0.0334412
199.639 -9.5506 3.11317 8.50582e-05
199.706 -9.71619 3.13017 2.80133e-12
199.538 -9.73968 3.12501 2.84719e-12
199.804 -9.62514 3.12186 4.79601e-05
200.089 -9.45994 3.11573 0.0614209
199.828 -10.0313 3.12333 1.11663e-07
199.405 -9.88281 3.12525 8.41814e-17
200.309 -9.68097 3.09617 2.36575e-09
200.159 -9.76715 3.11869 0.317817
199.736 -10.0047 3.10923 0.00378461
199.512 -9.26561 3.11014 4.36256e-09
199.492 -9.41615 3.09773 3.44225e-08
200.149 -9.69213 3.10359 0.00381531
199.519 -10.0575 3.10046 0.000107714
200.136 -9.36075 3.10925 0.000684732
199.665 -9.87573 3.12169 5.27846e-08
199.74 -9.54365 3.10344 0.000921859
199.612 -9.67648 3.11917 5.50746e-07
199.724 -9.92969 3.10968 0.00635045
200.006 -9.65421 3.12336 0.00334915
200.158 -9.32956 3.11785 0.00633913
199.684 -9.53304 3.11015 0.000663778
199.663 -9.73257 3.12243 7.86932e-08
199.784 -9.38695 3.11028 0.000262342
199.275 -9.48416 3.1042 8.06487e-10
199.499 -9.90848 3.11459 1.54554e-07
199.58 -9.88182 3.12438 1.28538e-11
200.016 -9.34869 3.11473 0.00326422
199.763 -9.34881 3.12091 1.2736e-06
199.807 -10.2564 3.109 4.43186e-05
199.925 -9.89043 3.10845 0.170462
199.407 -10.0246 3.11044 3.56248e-08
198.94 -9.63606 3.12463 2.39715e-31
199.153 -9.4972 3.10803 3.45774e-13
199.644 -10.4069 3.11914 4.25714e-14
199.502 -8.80276 3.09522 1.56103e-23
199.913 -9.72171 3.10776 0.159951
199.979 -10.2055 3.10929 0.000922332
199.808 -10.0256 3.09897 0.0023245
199.6 -9.83891 3.11877 2.25434e-07
199.997 -10.1093 3.10449 0.00576382
199.982 -9.86472 3.09018 2.01118e-08
