255.838 29.4719 6.24709 0.000359956
255.736 29.3772 6.25254 0.00213138
255.261 29.8899 6.24728 6.29359e-12
255.557 29.2649 6.24486 0.0853782
255.829 29.2197 6.23157 1.51085e-05
255.856 29.3856 6.24399 0.00213463
255.439 29.1131 6.26059 0.0319016
255.342 29.254 6.25343 0.0450262
255.671 29.0304 6.25084 0.0282369
255.844 29.4265 6.26397 2.16466e-10
255.764 29.164 6.25619 0.00174916
256.064 30.0195 6.25212 1.52325e-21
255.041 29.5228 6.24462 3.80072e-09
255.719 28.7102 6.24509 1.26367e-07
255.276 29.326 6.26764 4.71596e-06
255.482 29.2685 6.2274 4.62889e-09
255.235 29.1932 6.24821 0.00192471
255.448 29.5373 6.26857 1.38907e-10
255.76 29.333 6.24717 0.0160089
255.724 29.4387 6.23949 0.0052442
255.365 29.3234 6.24313 0.00304675
255.623 29.5451 6.25791 2.43956e-06
255.906 29.1289 6.26909 9.66653e-12
255.659 29.5951 6.26412 7.34688e-11
254.974 29.2432 6.24771 3.89169e-08
255.426 28.8673 6.24411 2.08178e-05
255.794 28.9031 6.24648 0.000127214
255.529 29.6102 6.26042 4.056e-08
255.29 29.1105 6.27293 3.3019e-06
255.661 29.2059 6.24127 0.0196896
255.737 29.8556 6.24045 1.62038e-08
255.649 28.9679 6.24502 0.0024941
255.62 29.2179 6.25179 0.108901
255.355 29.258 6.24918 0.0354511
255.047 29.2241 6.25868 5.2452e-05
256.268 29.5782 6.25158 1.19118e-15
255.394 29.2212 6.24965 0.0795034
255.838 29.0738 6.26473 1.40194e-07
255.604 29.1184 6.25111 0.128693
255.673 30.0304 6.23612 2.54373e-12
255.973 29.3251 6.26075 8.02268e-10
255.867 29.1251 6.26406 6.01125e-08
256.29 29.3475 6.24048 1.91552e-10
255.453 29.5796 6.25189 9.74156e-05
256.042 29.4824 6.2576 1.3601e-11
255.644 29.4862 6.26715 2.31597e-10
254.165 29.4035 6.25631 2.53589e-35
255.42 29.4053 6.25532 0.00447572
256.04 29.3972 6.26926 1.87164e-18
256.053 29.1036 6.25449 6.10565e-08
255.499 29.6507 6.26163 1.85956e-09
255.487 29.2237 6.25238 0.171633
255.673 29.4065 6.26012 1.3253e-05
255.645 29.6634 6.26433 1.92791e-12
255.195 29.4559 6.27573 6.52767e-13
255.336 28.7643 6.2315 3.71147e-16
255.403 29.3458 6.2617 0.00051543
255.453 29.9277 6.25901 1.09873e-15
255.653 29.2643 6.27241 1.82672e-10
255.811 29.3959 6.25187 0.000351421
255.716 28.8487 6.26343 1.17287e-05
255.647 29.1482 6.24611 0.0707224
255.229 28.727 6.24959 1.83803e-07
256.12 28.7572 6.25777 4.8853e-13
255.234 28.7652 6.23208 1.76699e-17
255.837 29.2837 6.24635 0.00542725
255.648 29.5376 6.25009 0.000490808
256.032 29.8586 6.24591 4.88951e-13
256.221 28.8709 6.24924 1.74859e-12
255.448 29.3062 6.26775 3.85087e-06
255.519 29.2684 6.25708 0.026442
255.778 29.4758 6.26655 9.39955e-12
255.586 29.9462 6.24895 3.60209e-12
255.332 28.7942 6.25377 0.000271783
255.245 29.2518 6.26182 0.00153613
255.179 30.2396 6.24695 2.46745e-24
255.77 29.0707 6.24669 0.00776018
255.806 29.7418 6.24766 5.31491e-08
255.671 28.7407 6.26556 1.3397e-06
255.443 30.0046 6.24512 3.13322e-13
255.301 28.6604 6.24765 8.41005e-09
255.269 29.5689 6.26381 1.30873e-08
255.879 28.9134 6.25591 8.20642e-06
255.751 29.0607 6.23767 0.000150112
255.793 28.7702 6.24331 2.22354e-07
255.827 29.6745 6.23819 1.13377e-05
255.596 29.971 6.25737 1.01502e-16
255.343 29.5214 6.26391 1.54815e-07
256.017 28.8293 6.25144 1.3641e-08
255.858 29.1953 6.2414 0.00219296
255.893 29.1123 6.26271 9.19734e-08
256.178 29.8283 6.2558 3.79986e-21
255.159 28.8044 6.2462 1.45105e-08
255.5 29.0975 6.24109 0.00197583
255.401 29.2454 6.25214 0.0959787
255.341 28.9181 6.26092 0.0114237
255.495 29.5163 6.26653 3.48378e-09
255.494 29.2064 6.2649 0.000403742
255.812 29.6865 6.26385 4.73755e-15
255.869 29.429 6.26369 1.00999e-10
