-38.9327 -47.3374 1.51622 0.0579279
-39.3474 -47.4114 1.49482 7.61398e-09
-39.4624 -46.5952 1.5087 6.68333e-06
-39.249 -47.0748 1.51191 0.0650429
-39.0316 -46.2927 1.52827 4.33371e-14
-38.9417 -46.746 1.51611 0.00237584
-39.2706 -47.0378 1.52178 0.0128893
-39.075 -47.1497 1.52281 0.135157
-38.7017 -47.1092 1.51138 0.00181513
-39.8773 -46.9666 1.52101 4.12033e-11
-39.7021 -47.0515 1.50831 3.74083e-06
-39.1784 -46.8377 1.52494 0.000372446
-39.2984 -46.8394 1.50598 0.00462405
-39.3076 -46.7456 1.50067 0.000346732
-39.4507 -47.0711 1.52291 0.000288498
-39.5984 -46.5469 1.50465 1.56081e-07
-38.9973 -47.3889 1.5079 0.000999846
-39.779 -46.7529 1.52562 1.18191e-12
-38.9597 -47.0048 1.5009 0.000483451
-38.9446 -47.7349 1.53185 0.000143266
-38.8176 -46.8265 1.50215 7.61456e-05
-38.8077 -46.7338 1.51008 0.000386777
-39.2106 -47.2919 1.51217 0.0300825
-39.1522 -47.1765 1.52699 0.0205322
-38.6778 -46.7107 1.49019 3.67347e-11
-39.5701 -47.5561 1.53143 2.94914e-08
-39.3793 -47.2145 1.5026 0.000258534
-38.4541 -46.9414 1.52315 6.19622e-06
-39.3479 -46.4519 1.51499 7.29389e-08
-39.648 -46.5603 1.51363 4.20199e-09
-39.5968 -47.158 1.51587 6.33329e-05
-38.6376 -47.0208 1.51609 0.00144688
-39.1534 -47.2638 1.51284 0.0660481
-39.7985 -46.6094 1.49507 5.94368e-10
-39.4115 -46.6584 1.51817 3.94077e-06
-39.0349 -47.6827 1.5046 1.89603e-08
-39.1438 -47.2097 1.51159 0.0757108
-39.1805 -47.1055 1.50244 0.00266951
-39.0753 -47.0455 1.52902 0.00405193
-38.2174 -46.8624 1.51243 3.3876e-11
-39.3583 -46.5367 1.52562 9.06449e-10
-38.9011 -47.0521 1.52788 0.0120652
-39.4263 -47.8794 1.52061 4.70742e-09
-39.9138 -46.9195 1.52394 3.61805e-13
-39.8562 -47.015 1.52122 1.73487e-10
-39.4984 -46.3996 1.51024 4.7305e-09
-38.9838 -47.1626 1.52981 0.0153924
-40.3764 -46.9316 1.52485 1.85341e-26
-39.1095 -46.6189 1.50667 0.000316822
-39.3489 -47.0445 1.49689 5.0914e-05
-39.0212 -46.7457 1.50223 0.000573214
-39.2663 -47.2668 1.50042 6.78362e-05
-39.035 -47.5322 1.53226 0.00250472
-38.8143 -47.2696 1.50757 0.00063531
-38.7731 -47.7956 1.50895 5.61412e-10
-39.2119 -46.864 1.50969 0.0198732
-39.5431 -46.3339 1.52018 1.59983e-13
-38.6219 -47.1811 1.51241 0.000347126
-39.5591 -46.7425 1.50163 1.19481e-05
-39.4709 -47.1495 1.52662 4.17352e-05
-38.9302 -47.4105 1.50622 0.000108247
-38.8447 -46.6964 1.49826 3.08924e-06
-39.1892 -47.049 1.51051 0.0776259
-39.778 -46.1318 1.52612 3.81532e-25
-39.3183 -47.6882 1.52138 2.27362e-05
-39.5395 -46.9241 1.50386 0.000125743
-38.9435 -46.8639 1.51123 0.01773
-38.8876 -47.0497 1.52659 0.0191171
-39.5807 -47.2576 1.52274 1.30677e-05
-39.661 -46.872 1.5292 1.17112e-10
-39.0422 -46.4432 1.53195 2.03836e-12
-38.8713 -46.7276 1.51833 0.000600778
-39.7134 -47.418 1.51398 1.42546e-07
-38.9291 -47.6309 1.51092 9.81883e-06
-39.4144 -47.7306 1.51631 4.0331e-07
-39.7772 -47.09 1.5039 1.33485e-07
-39.3824 -46.765 1.51593 0.000245901
-38.6061 -46.8734 1.51275 8.00542e-05
-39.0389 -47.1861 1.51423 0.17379
-39.4174 -46.7782 1.5167 0.000124111
-38.8034 -46.6821 1.51875 8.12411e-05
-39.1742 -47.1234 1.52649 0.014059
-39.0604 -46.5259 1.52249 2.86834e-07
-38.9172 -46.9419 1.51436 0.0474198
-39.2671 -46.9947 1.50796 0.0241317
-38.7564 -46.6012 1.51887 3.77539e-06
-39.1026 -47.3915 1.53579 0.000454207
-39.2509 -47.055 1.54077 9.40986e-09
-38.6674 -47.0693 1.51214 0.00115248
-39.5766 -46.8386 1.50313 2.86486e-05
-38.8521 -46.424 1.50203 6.74684e-08
-39.1633 -46.5871 1.50828 0.0001537
-39.6105 -47.3341 1.52969 9.61202e-08
-38.8713 -47.6109 1.5027 6.09162e-09
-38.9466 -47.4183 1.51663 0.0245775
-39.7979 -47.4957 1.48361 1.33412e-19
-39.2737 -47.1642 1.51626 0.0601663
-39.3041 -47.0337 1.5025 0.00239906
-39.219 -47.419 1.50464 7.9537e-05
-38.7925 -46.6033 1.5239 8.36854e-07
