46.3804 -67.6967 3.93654 5.00334e-07 45.864 -67.51 3.9366
45.9273 -66.8039 3.92989 3.49114e-19 45.864 -67.51 3.9366
45.7472 -67.7692 3.91699 1.00687e-08 45.864 -67.51 3.9366
46.5963 -67.1788 3.95871 7.25385e-16 45.864 -67.51 3.9366
46.1661 -67.4299 3.93668 0.000466167 45.864 -67.51 3.9366
46.2367 -67.2267 3.93177 5.34776e-10 45.864 -67.51 3.9366
45.8162 -67.8029 3.93002 0.020029 45.864 -67.51 3.9366
46.1972 -66.7983 3.91048 1.15973e-43 45.864 -67.51 3.9366
45.8893 -67.609 3.91614 4.79953e-11 45.864 -67.51 3.9366
46.3211 -67.7234 3.93373 9.70381e-07 45.864 -67.51 3.9366
45.7305 -67.5678 3.9246 0.000201828 45.864 -67.51 3.9366
45.9501 -67.1222 3.92526 3.90819e-12 45.864 -67.51 3.9366
45.4731 -67.9145 3.91774 4.12959e-09 45.864 -67.51 3.9366
46.1055 -67.2424 3.94593 3.59099e-05 45.864 -67.51 3.9366
46.1459 -67.4434 3.93158 2.11859e-05 45.864 -67.51 3.9366
46.0911 -67.4237 3.91701 2.71497e-15 45.864 -67.51 3.9366
46.2576 -67.817 3.94472 8.07873e-05 45.864 -67.51 3.9366
45.5135 -66.9027 3.92855 3.61096e-17 45.864 -67.51 3.9366
46.2056 -67.4774 3.92036 7.20654e-14 45.864 -67.51 3.9366
45.6815 -67.5955 3.93492 0.0914069 45.864 -67.51 3.9366
46.2167 -67.1403 3.94167 4.25339e-08 45.864 -67.51 3.9366
46.1606 -67.4183 3.91434 7.80893e-20 45.864 -67.51 3.9366
45.7849 -67.4695 3.96035 3.28739e-12 45.864 -67.51 3.9366
45.4442 -67.2595 3.92794 8.17175e-09 45.864 -67.51 3.9366
46.4406 -67.7375 3.94566 2.20878e-07 45.864 -67.51 3.9366
46.3892 -67.6535 3.93586 2.14391e-07 45.864 -67.51 3.9366
46.0711 -67.0466 3.92457 3.44939e-16 45.864 -67.51 3.9366
46.0454 -67.1522 3.94669 1.51305e-06 45.864 -67.51 3.9366
45.8124 -66.7953 3.92343 4.50424e-23 45.864 -67.51 3.9366
46.3324 -67.5405 3.93742 6.71898e-06 45.864 -67.51 3.9366
46.1064 -67.5439 3.94274 0.0364 45.864 -67.51 3.9366
45.8096 -67.4954 3.94119 0.0956499 45.864 -67.51 3.9366
46.0642 -67.6945 3.92954 0.000527863 45.864 -67.51 3.9366
45.5874 -67.5886 3.94687 1.10687e-05 45.864 -67.51 3.9366
45.5925 -67.5095 3.90922 1.26471e-16 45.864 -67.51 3.9366
45.8807 -67.4213 3.92943 0.000617759 45.864 -67.51 3.9366
45.9118 -67.5392 3.93667 0.251986 45.864 -67.51 3.9366
45.2927 -67.414 3.93146 1.09424e-08 45.864 -67.51 3.9366
46.5203 -67.1885 3.93492 6.55371e-16 45.864 -67.51 3.9366
45.7771 -66.9771 3.92413 6.23594e-16 45.864 -67.51 3.9366
45.4955 -67.5349 3.92661 4.86575e-05 45.864 -67.51 3.9366
45.8905 -67.0715 3.95532 1.14591e-11 45.864 -67.51 3.9366
45.9824 -67.8013 3.92774 0.000373488 45.864 -67.51 3.9366
46.5823 -67.3908 3.9539 9.00943e-12 45.864 -67.51 3.9366
46.065 -67.5262 3.93643 0.027383 45.864 -67.51 3.9366
46.9381 -67.3615 3.93197 1.47149e-31 45.864 -67.51 3.9366
46.0458 -67.5019 3.93825 0.0530819 45.864 -67.51 3.9366
45.7645 -67.2109 3.94776 9.60065e-07 45.864 -67.51 3.9366
45.9278 -67.5245 3.91358 9.3514e-15 45.864 -67.51 3.9366
46.2972 -67.399 3.93987 1.14708e-05 45.864 -67.51 3.9366
46.272 -67.752 3.93202 1.72928e-06 45.864 -67.51 3.9366
45.5743 -67.3148 3.92209 4.51941e-09 45.864 -67.51 3.9366
46.2287 -67.1314 3.91937 8.18273e-22 45.864 -67.51 3.9366
46.1486 -67.4421 3.94116 0.00446523 45.864 -67.51 3.9366
46.265 -67.1125 3.91806 1.09854e-24 45.864 -67.51 3.9366
46.3183 -68.0791 3.94118 2.27427e-09 45.864 -67.51 3.9366
45.8071 -67.5941 3.92887 0.0134285 45.864 -67.51 3.9366
45.9313 -67.3044 3.93388 0.000314916 45.864 -67.51 3.9366
45.9194 -67.7691 3.92148 7.41464e-07 45.864 -67.51 3.9366
45.9028 -67.4037 3.92265 5.22629e-08 45.864 -67.51 3.9366
46.366 -66.9987 3.93675 1.40169e-15 45.864 -67.51 3.9366
45.6703 -67.59 3.92757 0.00350283 45.864 -67.51 3.9366
45.7691 -67.8377 3.94107 0.0120265 45.864 -67.51 3.9366
46.1264 -67.6947 3.94387 0.016603 45.864 -67.51 3.9366
45.6599 -67.1582 3.93569 4.56338e-07 45.864 -67.51 3.9366
45.8991 -67.2699 3.93844 0.000688362 45.864 -67.51 3.9366
45.684 -67.9333 3.93402 0.00226092 45.864 -67.51 3.9366
46.0931 -67.0473 3.92503 3.64153e-16 45.864 -67.51 3.9366
46.295 -67.6232 3.93424 6.16917e-06 45.864 -67.51 3.9366
46.0852 -67.6001 3.94628 0.0182092 45.864 -67.51 3.9366
45.7132 -67.708 3.92214 3.15446e-05 45.864 -67.51 3.9366
46.4166 -67.2187 3.93989 1.57975e-10 45.864 -67.51 3.9366
45.6651 -67.5818 3.93084 0.0222802 45.864 -67.51 3.9366
45.6977 -67.5289 3.9261 0.000510412 45.864 -67.51 3.9366
46.0258 -67.5015 3.94086 0.0929928 45.864 -67.51 3.9366
46.5067 -67.8703 3.93703 3.83465e-11 45.864 -67.51 3.9366
46.3316 -67.7651 3.93574 1.87116e-06 45.864 -67.51 3.9366
45.6872 -67.4544 3.93441 0.0150968 45.864 -67.51 3.9366
45.9541 -68.1097 3.94267 8.30232e-07 45.864 -67.51 3.9366
45.758 -67.6854 3.94393 0.0162713 45.864 -67.51 3.9366
45.7246 -67.2977 3.93532 0.000400743 45.864 -67.51 3.9366
45.9509 -66.9876 3.94104 7.08177e-10 45.864 -67.51 3.9366
45.9349 -67.3819 3.93743 0.0153873 45.864 -67.51 3.9366
45.4956 -67.1588 3.92844 4.06231e-10 45.864 -67.51 3.9366
45.8823 -67.0467 3.95031 6.26307e-10 45.864 -67.51 3.9366
46.1844 -67.222 3.94497 4.78366e-06 45.864 -67.51 3.9366
46.3105 -67.2883 3.9273 2.72101e-13 45.864 -67.51 3.9366
46.1323 -67.3958 3.9335 6.16292e-05 45.864 -67.51 3.9366
45.9959 -67.6037 3.93009 0.00375616 45.864 -67.51 3.9366
45.7463 -66.903 3.92799 4.46193e-16 45.864 -67.51 3.9366
46.0479 -67.6569 3.94507 0.0402629 45.864 -67.51 3.9366
46.0675 -66.4741 3.93478 1.66993e-32 45.864 -67.51 3.9366
46.4311 -66.9238 3.93563 6.76129e-20 45.864 -67.51 3.9366
45.8325 -67.1117 3.92786 4.34892e-10 45.864 -67.51 3.9366
45.9143 -67.7269 3.92286 7.32098e-06 45.864 -67.51 3.9366
46.2769 -67.1898 3.9206 2.49037e-20 45.864 -67.51 3.9366
46.3771 -67.5461 3.93226 6.69147e-09 45.864 -67.51 3.9366
46.0487 -67.4823 3.93639 0.0202212 45.864 -67.51 3.9366
45.8386 -67.0187 3.95231 1.01732e-11 45.864 -67.51 3.9366
45.7595 -67.5303 3.93471 0.12286 45.864 -67.51 3.9366
