159.783 22.3614 0.0601033 3.80339e-12
159.274 22.9825 0.0680031 6.5866e-09
158.982 22.8849 0.0642262 1.60757e-07
158.812 21.658 0.058634 1.76462e-21
158.74 22.1607 0.066291 2.58435e-06
159.161 21.9673 0.0697139 6.08502e-05
158.72 21.7434 0.0617787 1.60907e-17
159.401 22.3683 0.0553156 6.00863e-09
159.108 21.8923 0.0654949 6.18643e-08
158.776 22.3 0.078734 0.0352483
159.497 22.4903 0.0827023 1.3859e-08
159.314 22.2364 0.0627784 6.184e-05
159.396 21.609 0.0670103 5.96407e-16
159.04 22.596 0.0751512 0.0370077
159.232 22.6916 0.0847897 5.75188e-08
159.035 22.6722 0.0741774 0.00648273
158.718 22.5221 0.0673417 3.43655e-05
159.058 22.2149 0.064081 0.000403157
159.057 22.0705 0.0634683 4.53392e-06
159.289 21.8787 0.0758868 1.93946e-06
158.469 22.4291 0.0883601 1.06165e-08
159.1 22.0097 0.0845426 0.000132353
159.102 22.3743 0.0622371 0.000468693
159.366 22.4763 0.0700743 0.00441941
159.113 21.8905 0.0936799 6.1728e-11
159.113 22.463 0.0572113 6.14882e-07
159.142 22.5933 0.0812081 0.000568262
159.401 21.8201 0.0753867 6.27868e-09
159.3 22.2697 0.0590389 1.38638e-06
159.163 22.1052 0.0775615 0.0162897
159.299 22.2831 0.0726832 0.0268965
159.111 22.3951 0.0681147 0.0890832
159.297 22.8001 0.0772398 6.31703e-07
158.886 22.148 0.0855892 0.00184421
159.053 22.3099 0.0651537 0.00485206
159.992 22.1887 0.0782361 1.71732e-20
158.977 22.0251 0.0743551 0.00438355
159.204 22.3091 0.079069 0.0361763
159.404 22.6007 0.0792909 3.04757e-06
159.142 22.3437 0.0629981 0.00100591
159.234 21.9169 0.0706794 7.01454e-06
158.886 22.3236 0.0758386 0.241454
158.932 22.5771 0.0897017 1.70716e-07
159.433 22.7804 0.0689262 1.06766e-06
159.424 22.3421 0.0668635 0.000465409
158.794 22.0331 0.0588523 1.73329e-12
160.117 22.2082 0.0590864 2.10363e-23
159.142 22.4511 0.0837392 0.000871783
158.652 22.099 0.0629924 1.30615e-10
159.221 22.079 0.0877143 1.39111e-06
158.582 22.6888 0.0690692 2.874e-08
159.431 22.3016 0.0643676 6.2201e-05
159.05 22.5003 0.0862856 6.6537e-05
158.696 22.2551 0.0755653 0.00325374
159.223 21.998 0.0620422 6.21622e-08
159.367 22.0113 0.0735487 2.80478e-05
159.044 21.8996 0.0577791 2.45987e-13
158.802 22.0551 0.0634508 1.86583e-08
159.348 22.2005 0.0704459 0.00246648
159.654 22.3991 0.0518084 4.47036e-14
159.192 22.3589 0.0567817 2.37492e-07
158.962 22.3592 0.072308 0.306268
159.039 22.3003 0.0662175 0.0107502
158.713 21.7088 0.0758662 1.56527e-10
160.073 23.2535 0.063474 8.62107e-33
159.179 22.1538 0.0611904 3.93254e-06
159.106 21.8237 0.059142 1.10127e-13
159.595 22.482 0.067938 1.29036e-06
159.305 22.9452 0.0662868 2.08591e-08
159.002 22.3935 0.0810921 0.0682961
159.149 22.9679 0.07474 1.37111e-08
159.349 22.4601 0.0917133 5.17085e-12
159.141 22.3526 0.0685964 0.098511
159.299 22.4236 0.0886624 2.3341e-08
158.885 22.8526 0.0693183 1.99506e-06
158.677 22.1189 0.0605363 8.58209e-12
158.693 21.8488 0.0898553 8.51261e-09
159.357 22.1528 0.0909736 1.68468e-10
158.707 22.5344 0.0854265 1.95199e-05
159.574 22.2508 0.0795666 4.0636e-08
159.416 22.0014 0.0702274 2.49699e-06
158.941 22.9091 0.0594634 2.49006e-10
158.666 22.6487 0.0706997 7.08232e-06
158.906 22.3824 0.051376 3.31011e-14
158.645 22.2712 0.0802767 0.0010336
159.61 23.0798 0.0769335 1.04444e-18
158.612 21.7738 0.0523814 3.56844e-29
159.125 22.1373 0.066127 0.000780705
159.456 21.9233 0.0653328 1.85e-09
159.166 21.6637 0.0699982 1.47037e-11
158.618 21.9986 0.0634337 1.7868e-12
158.797 22.5818 0.0631084 2.55862e-06
158.971 22.157 0.0654005 0.000207938
158.797 22.8155 0.052814 8.02603e-16
158.823 21.8004 0.0896409 7.93339e-09
158.766 21.5927 0.0609577 4.72084e-22
158.921 22.565 0.0597325 9.63489e-07
159.367 22.1606 0.0855541 4.40522e-07
158.215 22.4292 0.0814893 4.5067e-13
159.108 22.7309 0.0545504 5.71824e-10
