-33.8724 -25.1473 1.17926 0.0265179 -33.758 -25.029 1.1733
-33.855 -25.5398 1.16801 5.98199e-07 -33.758 -25.029 1.1733
-34.4696 -24.5803 1.19489 2.28969e-23 -33.758 -25.029 1.1733
-33.4012 -24.9899 1.15415 5.67854e-07 -33.758 -25.029 1.1733
-33.6211 -24.8182 1.17316 0.00812537 -33.758 -25.029 1.1733
-33.5317 -25.159 1.1944 2.28299e-12 -33.758 -25.029 1.1733
-33.9894 -25.3941 1.16586 1.11328e-05 -33.758 -25.029 1.1733
-34.0043 -25.7207 1.17052 1.14357e-10 -33.758 -25.029 1.1733
-33.3563 -24.8513 1.18189 3.12167e-09 -33.758 -25.029 1.1733
-34.164 -25.747 1.17586 4.59234e-11 -33.758 -25.029 1.1733
-33.6179 -25.0451 1.17076 0.0678093 -33.758 -25.029 1.1733
-33.4757 -25.35 1.18044 4.45469e-06 -33.758 -25.029 1.1733
-33.8228 -24.997 1.16309 0.0553228 -33.758 -25.029 1.1733
-34.0026 -24.8687 1.16545 0.0319578 -33.758 -25.029 1.1733
-34.4447 -25.5665 1.19814 7.82216e-16 -33.758 -25.029 1.1733
-34.1186 -25.0326 1.15162 7.51216e-10 -33.758 -25.029 1.1733
-33.7066 -25.4812 1.17264 4.69719e-05 -33.758 -25.029 1.1733
-34.0684 -25.2061 1.17156 0.00748799 -33.758 -25.029 1.1733
-34.0947 -24.9833 1.17347 0.0170517 -33.758 -25.029 1.1733
-33.9722 -25.8259 1.16788 1.92376e-14 -33.758 -25.029 1.1733
-33.8799 -24.9894 1.1834 0.000433135 -33.758 -25.029 1.1733
-34.4074 -25.2407 1.16117 1.6473e-11 -33.758 -25.029 1.1733
-33.6997 -24.7525 1.16702 0.0473325 -33.758 -25.029 1.1733
-33.4978 -25.3542 1.17269 5.63499e-05 -33.758 -25.029 1.1733
-33.5654 -25.2076 1.16937 0.0044015 -33.758 -25.029 1.1733
-34.1133 -25.3776 1.16609 2.01192e-06 -33.758 -25.029 1.1733
-33.521 -25.1677 1.15444 1.25142e-07 -33.758 -25.029 1.1733
-33.9622 -25.3947 1.17433 0.00106501 -33.758 -25.029 1.1733
-34.0705 -25.3217 1.17499 0.00152736 -33.758 -25.029 1.1733
-34.1546 -24.684 1.16845 0.000151227 -33.758 -25.029 1.1733
-33.0313 -24.968 1.17411 1.64446e-12 -33.758 -25.029 1.1733
-33.6163 -24.6585 1.16081 0.00293506 -33.758 -25.029 1.1733
-33.4948 -25.8034 1.17582 7.28354e-13 -33.758 -25.029 1.1733
-33.6462 -25.1805 1.20967 2.38028e-26 -33.758 -25.029 1.1733
-34.3879 -24.6449 1.16748 1.29391e-08 -33.758 -25.029 1.1733
-33.874 -25.1483 1.16246 0.00300564 -33.758 -25.029 1.1733
-34.1525 -24.5023 1.14809 1.7316e-11 -33.758 -25.029 1.1733
-34.1144 -25.1604 1.17229 0.00607671 -33.758 -25.029 1.1733
-33.4553 -24.9994 1.1657 0.00221612 -33.758 -25.029 1.1733
-33.9704 -25.663 1.15274 2.90738e-20 -33.758 -25.029 1.1733
-34.6599 -24.6463 1.15856 2.39055e-17 -33.758 -25.029 1.1733
-33.8844 -25.3065 1.1828 0.00121984 -33.758 -25.029 1.1733
-33.5866 -25.1239 1.16501 0.00717174 -33.758 -25.029 1.1733
-34.3469 -24.8625 1.16123 7.85851e-08 -33.758 -25.029 1.1733
-33.7791 -25.6175 1.16997 6.48004e-08 -33.758 -25.029 1.1733
-33.9318 -25.3062 1.15936 8.01962e-07 -33.758 -25.029 1.1733
-33.8969 -24.7525 1.1795 0.000124611 -33.758 -25.029 1.1733
-33.3991 -24.8742 1.16235 0.000305148 -33.758 -25.029 1.1733
-33.9526 -25.0376 1.17897 0.019617 -33.758 -25.029 1.1733
-33.4144 -25.4942 1.16773 1.09965e-08 -33.758 -25.029 1.1733
-33.9558 -25.5747 1.17485 2.93426e-06 -33.758 -25.029 1.1733
-33.3785 -25.3921 1.18144 3.80642e-08 -33.758 -25.029 1.1733
-33.6977 -24.7669 1.17265 0.0115826 -33.758 -25.029 1.1733
-33.859 -25.4345 1.17861 0.000600526 -33.758 -25.029 1.1733
-33.894 -24.8881 1.17702 0.0174434 -33.758 -25.029 1.1733
-33.6217 -25.0148 1.16711 0.0720258 -33.758 -25.029 1.1733
-33.654 -25.4026 1.17736 0.000313434 -33.758 -25.029 1.1733
-33.2758 -25.2889 1.16752 7.97833e-08 -33.758 -25.029 1.1733
-33.4097 -25.0122 1.1809 1.10469e-06 -33.758 -25.029 1.1733
-33.5888 -25.3647 1.18242 2.25639e-05 -33.758 -25.029 1.1733
-34.1359 -24.6595 1.18051 1.50251e-07 -33.758 -25.029 1.1733
-33.9548 -24.5946 1.15219 1.50473e-06 -33.758 -25.029 1.1733
-35.2394 -25.3526 1.17076 2.62937e-37 -33.758 -25.029 1.1733
-33.9262 -25.3634 1.17431 0.00318669 -33.758 -25.029 1.1733
-33.6375 -25.2208 1.1673 0.00609635 -33.758 -25.029 1.1733
-34.0728 -25.7306 1.17157 4.87861e-11 -33.758 -25.029 1.1733
-33.5934 -24.8687 1.17774 0.000523668 -33.758 -25.029 1.1733
-34.0339 -25.2546 1.17511 0.00924523 -33.758 -25.029 1.1733
-33.7649 -25.0944 1.17293 0.199796 -33.758 -25.029 1.1733
-34.3518 -24.8613 1.1746 1.97369e-06 -33.758 -25.029 1.1733
-33.835 -24.7777 1.17384 0.0162396 -33.758 -25.029 1.1733
-34.2404 -25.2315 1.18707 8.52111e-07 -33.758 -25.029 1.1733
-33.6387 -25.1966 1.17494 0.0157179 -33.758 -25.029 1.1733
-33.8687 -24.6718 1.1649 0.0137144 -33.758 -25.029 1.1733
-33.6389 -25.137 1.15651 1.41097e-05 -33.758 -25.029 1.1733
-33.6357 -25.2951 1.17481 0.00353405 -33.758 -25.029 1.1733
-33.0293 -24.8829 1.18292 3.54773e-17 -33.758 -25.029 1.1733
-33.8851 -25.242 1.18117 0.00582112 -33.758 -25.029 1.1733
-34.0591 -25.0089 1.17213 0.0405401 -33.758 -25.029 1.1733
-34.2413 -25.5992 1.1643 3.35956e-13 -33.758 -25.029 1.1733
-33.9376 -25.4408 1.1787 0.000411295 -33.758 -25.029 1.1733
-33.9935 -25.1846 1.17078 0.0291289 -33.758 -25.029 1.1733
-33.9266 -25.0999 1.17333 0.159765 -33.758 -25.029 1.1733
-34.1804 -25.2307 1.18743 2.48542e-06 -33.758 -25.029 1.1733
-33.5708 -25.2031 1.17818 0.00118952 -33.758 -25.029 1.1733
-33.6431 -25.1693 1.17779 0.00760896 -33.758 -25.029 1.1733
-33.4621 -25.1443 1.16717 0.000774715 -33.758 -25.029 1.1733
-34.3726 -25.2338 1.16294 8.06095e-10 -33.758 -25.029 1.1733
-33.6449 -24.8269 1.181 2.53068e-05 -33.758 -25.029 1.1733
-34.2334 -25.5844 1.1901 1.08114e-09 -33.758 -25.029 1.1733
-33.8739 -25.107 1.16593 0.0531276 -33.758 -25.029 1.1733
-34.0896 -25.6464 1.1755 2.70062e-08 -33.758 -25.029 1.1733
-34.0982 -25.0929 1.17089 0.01305 -33.758 -25.029 1.1733
-34.8876 -24.7993 1.17369 6.12378e-21 -33.758 -25.029 1.1733
-33.8687 -25.2352 1.16069 7.30238e-05 -33.758 -25.029 1.1733
-33.3896 -25.0762 1.1942 3.8156e-15 -33.758 -25.029 1.1733
-33.6254 -25.463 1.19421 6.95087e-11 -33.758 -25.029 1.1733
-34.3564 -25.2783 1.16763 3.47807e-08 -33.758 -25.029 1.1733
-33.5123 -25.3027 1.17342 0.000269394 -33.758 -25.029 1.1733
-33.7493 -25.3331 1.17495 0.00616877 -33.758 -25.029 1.1733
