81.6143 -34.7199 3.63734 1.09665e-06 81.337 -34.493 3.6498
81.4151 -34.0281 3.62662 4.60291e-32 81.337 -34.493 3.6498
81.2052 -34.2217 3.6474 0.000401844 81.337 -34.493 3.6498
80.9959 -34.51 3.64926 0.000764066 81.337 -34.493 3.6498
81.413 -34.3112 3.62891 3.47538e-19 81.337 -34.493 3.6498
81.0213 -33.6185 3.6463 2.71025e-23 81.337 -34.493 3.6498
81.5771 -34.4603 3.65039 0.0145776 81.337 -34.493 3.6498
81.0969 -34.5007 3.64798 0.0105533 81.337 -34.493 3.6498
80.9341 -35.0406 3.64419 6.25724e-10 81.337 -34.493 3.6498
81.3442 -34.5446 3.64503 0.0575807 81.337 -34.493 3.6498
81.2861 -34.8209 3.63966 0.00022739 81.337 -34.493 3.6498
81.2826 -34.2373 3.64052 1.09764e-07 81.337 -34.493 3.6498
80.7528 -34.5218 3.64682 4.4005e-09 81.337 -34.493 3.6498
81.3943 -34.1189 3.65228 0.000707283 81.337 -34.493 3.6498
80.8863 -34.5466 3.63359 6.63305e-14 81.337 -34.493 3.6498
81.2214 -35.0347 3.63769 2.0729e-07 81.337 -34.493 3.6498
81.5475 -34.4124 3.65428 0.0112915 81.337 -34.493 3.6498
81.9688 -34.7665 3.64934 2.02505e-11 81.337 -34.493 3.6498
80.9042 -34.5507 3.65767 2.74038e-07 81.337 -34.493 3.6498
81.2479 -34.3721 3.64876 0.0559088 81.337 -34.493 3.6498
81.4194 -34.4498 3.63534 9.05285e-09 81.337 -34.493 3.6498
81.3525 -34.1628 3.6444 3.10741e-06 81.337 -34.493 3.6498
80.8398 -34.7249 3.65368 9.43399e-09 81.337 -34.493 3.6498
81.5931 -33.4575 3.63936 1.55135e-38 81.337 -34.493 3.6498
82.0223 -34.2305 3.64733 9.55067e-14 81.337 -34.493 3.6498
81.0889 -34.184 3.6426 1.86409e-08 81.337 -34.493 3.6498
81.312 -34.1496 3.64823 0.000164736 81.337 -34.493 3.6498
81.2763 -34.3407 3.63205 2.46017e-14 81.337 -34.493 3.6498
80.848 -34.3632 3.63784 3.81716e-13 81.337 -34.493 3.6498
81.6643 -34.7977 3.65294 1.31447e-06 81.337 -34.493 3.6498
81.7516 -34.2871 3.63941 3.92179e-11 81.337 -34.493 3.6498
81.2423 -34.136 3.65602 0.0015421 81.337 -34.493 3.6498
81.0817 -34.3362 3.64894 0.00190652 81.337 -34.493 3.6498
81.6128 -34.79 3.65409 2.47332e-06 81.337 -34.493 3.6498
80.9408 -34.3822 3.6489 3.84774e-05 81.337 -34.493 3.6498
81.4936 -34.1109 3.65122 0.000108913 81.337 -34.493 3.6498
81.7332 -34.1352 3.65716 4.50508e-07 81.337 -34.493 3.6498
80.9801 -33.6996 3.62986 7.70065e-44 81.337 -34.493 3.6498
80.7811 -34.7848 3.64124 1.80281e-10 81.337 -34.493 3.6498
81.357 -34.7026 3.64584 0.0409056 81.337 -34.493 3.6498
80.9863 -34.532 3.64746 0.000348933 81.337 -34.493 3.6498
81.1774 -34.4765 3.63803 1.10441e-06 81.337 -34.493 3.6498
81.2361 -34.3611 3.65873 0.00387593 81.337 -34.493 3.6498
81.4798 -34.5307 3.65554 0.0077217 81.337 -34.493 3.6498
81.4439 -34.8139 3.6448 0.00284002 81.337 -34.493 3.6498
80.947 -34.0274 3.61908 2.14998e-51 81.337 -34.493 3.6498
81.2327 -35.187 3.65638 1.26e-16 81.337 -34.493 3.6498
81.267 -34.3422 3.65154 0.0931163 81.337 -34.493 3.6498
81.6668 -33.9386 3.66464 1.75826e-10 81.337 -34.493 3.6498
80.7166 -34.0929 3.63714 5.68012e-23 81.337 -34.493 3.6498
81.9602 -34.8739 3.64203 3.23674e-12 81.337 -34.493 3.6498
81.417 -34.1866 3.65506 0.00562607 81.337 -34.493 3.6498
81.5319 -34.2494 3.64774 0.00048508 81.337 -34.493 3.6498
81.2892 -34.1207 3.64714 1.52922e-05 81.337 -34.493 3.6498
80.7944 -34.6994 3.65603 1.94486e-10 81.337 -34.493 3.6498
81.5955 -34.5862 3.63234 3.00526e-11 81.337 -34.493 3.6498
81.3392 -34.4926 3.65935 0.000766622 81.337 -34.493 3.6498
81.3306 -34.4392 3.6581 0.0066404 81.337 -34.493 3.6498
81.2174 -34.2726 3.638 1.71336e-09 81.337 -34.493 3.6498
80.6333 -34.6036 3.65237 1.51478e-12 81.337 -34.493 3.6498
81.0864 -34.3795 3.63903 6.06357e-08 81.337 -34.493 3.6498
80.7933 -33.5042 3.64606 8.05974e-33 81.337 -34.493 3.6498
81.5125 -34.1746 3.65929 0.000207499 81.337 -34.493 3.6498
81.4069 -34.8354 3.64262 0.0012731 81.337 -34.493 3.6498
81.4424 -34.5308 3.65419 0.0344118 81.337 -34.493 3.6498
81.8507 -34.536 3.65534 3.35733e-08 81.337 -34.493 3.6498
81.3656 -34.053 3.64313 1.52758e-09 81.337 -34.493 3.6498
81.0385 -34.3012 3.6443 4.33401e-06 81.337 -34.493 3.6498
80.4038 -34.5151 3.66164 8.65932e-24 81.337 -34.493 3.6498
81.2498 -34.2673 3.67148 1.90392e-12 81.337 -34.493 3.6498
81.237 -34.3868 3.6293 4.01259e-17 81.337 -34.493 3.6498
81.4642 -34.7137 3.66014 1.39878e-07 81.337 -34.493 3.6498
81.3346 -34.5156 3.64918 0.258103 81.337 -34.493 3.6498
81.4365 -34.1469 3.64228 3.24433e-08 81.337 -34.493 3.6498
81.1184 -34.2875 3.64519 6.80206e-05 81.337 -34.493 3.6498
81.2959 -33.7524 3.66813 2.9878e-12 81.337 -34.493 3.6498
81.8172 -34.4048 3.6457 2.58835e-07 81.337 -34.493 3.6498
81.5941 -34.0032 3.64084 3.24977e-14 81.337 -34.493 3.6498
81.4987 -34.4848 3.64765 0.0463709 81.337 -34.493 3.6498
81.3379 -34.5444 3.65257 0.129781 81.337 -34.493 3.6498
81.1933 -34.5441 3.64553 0.0257948 81.337 -34.493 3.6498
80.8209 -34.0149 3.63525 4.73925e-25 81.337 -34.493 3.6498
81.276 -34.3188 3.64412 0.000483655 81.337 -34.493 3.6498
81.6507 -34.8618 3.63131 1.56176e-11 81.337 -34.493 3.6498
81.1154 -34.2843 3.62972 6.7097e-20 81.337 -34.493 3.6498
81.2042 -34.2451 3.63636 8.80883e-12 81.337 -34.493 3.6498
80.8305 -34.2542 3.63966 8.35571e-14 81.337 -34.493 3.6498
81.5208 -34.6013 3.64759 0.0300889 81.337 -34.493 3.6498
81.7164 -34.3028 3.65533 2.61176e-05 81.337 -34.493 3.6498
81.702 -34.363 3.62654 5.80625e-24 81.337 -34.493 3.6498
81.3838 -34.5321 3.65224 0.145455 81.337 -34.493 3.6498
81.3069 -34.1751 3.65074 0.00240585 81.337 -34.493 3.6498
81.0751 -34.1251 3.6452 5.10039e-08 81.337 -34.493 3.6498
81.0263 -34.0313 3.64259 9.83378e-13 81.337 -34.493 3.6498
81.629 -33.4567 3.64476 8.3915e-32 81.337 -34.493 3.6498
80.9517 -34.6949 3.64378 9.32507e-06 81.337 -34.493 3.6498
81.2552 -34.3573 3.65823 0.00720323 81.337 -34.493 3.6498
81.1675 -33.9959 3.63398 4.92813e-22 81.337 -34.493 3.6498
81.3466 -34.7765 3.66254 1.47079e-10 81.337 -34.493 3.6498
81.0633 -34.7856 3.64515 0.000187044 81.337 -34.493 3.6498
