198.508 -9.31138 3.14066 1.17943e-05 198.13 -9.3905 3.118
198.094 -9.0898 3.11434 0.00428752 198.13 -9.3905 3.118
198.761 -8.9103 3.13102 5.69549e-06 198.13 -9.3905 3.118
198.189 -9.8188 3.12004 0.000234427 198.13 -9.3905 3.118
197.779 -9.7459 3.10283 9.63433e-05 198.13 -9.3905 3.118
198.351 -8.92811 3.11674 2.44429e-05 198.13 -9.3905 3.118
198.313 -10.0725 3.11922 7.57478e-09 198.13 -9.3905 3.118
197.728 -8.99314 3.12976 1.3931e-09 198.13 -9.3905 3.118
197.904 -8.69654 3.10799 3.81504e-11 198.13 -9.3905 3.118
198.49 -9.21942 3.115 0.000143326 198.13 -9.3905 3.118
199.205 -8.93679 3.1356 1.09805e-11 198.13 -9.3905 3.118
197.804 -9.41318 3.12111 0.00115013 198.13 -9.3905 3.118
198.165 -9.19258 3.12002 0.101465 198.13 -9.3905 3.118
198.577 -8.91852 3.1216 6.40342e-06 198.13 -9.3905 3.118
198.37 -9.40352 3.12451 0.0973448 198.13 -9.3905 3.118
198.29 -9.6442 3.1169 0.00842778 198.13 -9.3905 3.118
198.627 -9.23609 3.10698 2.63515e-11 198.13 -9.3905 3.118
197.965 -9.33648 3.10747 0.0053703 198.13 -9.3905 3.118
197.871 -9.31895 3.11617 0.0304699 198.13 -9.3905 3.118
198.583 -9.19 3.11486 4.68723e-06 198.13 -9.3905 3.118
198.58 -9.60004 3.10975 3.76647e-08 198.13 -9.3905 3.118
198.607 -9.69247 3.08853 6.03108e-28 198.13 -9.3905 3.118
198.507 -9.38671 3.11381 9.62048e-05 198.13 -9.3905 3.118
197.786 -9.41376 3.0963 7.69806e-07 198.13 -9.3905 3.118
198.369 -8.97788 3.11635 5.77953e-05 198.13 -9.3905 3.118
198.062 -9.6514 3.1062 0.000697143 198.13 -9.3905 3.118
198.446 -9.47907 3.11142 6.14831e-05 198.13 -9.3905 3.118
197.982 -9.53184 3.10874 0.0156958 198.13 -9.3905 3.118
198.696 -9.13666 3.13236 0.000769757 198.13 -9.3905 3.118
198.551 -8.6154 3.1347 8.95801e-09 198.13 -9.3905 3.118
198.323 -9.7455 3.1313 4.77559e-06 198.13 -9.3905 3.118
198.471 -9.42528 3.11398 0.000329737 198.13 -9.3905 3.118
198.194 -8.76074 3.09841 9.4531e-18 198.13 -9.3905 3.118
198.138 -9.45041 3.11483 0.121907 198.13 -9.3905 3.118
199.007 -9.4823 3.11718 5.49433e-13 198.13 -9.3905 3.118
197.98 -9.2995 3.10765 0.00392133 198.13 -9.3905 3.118
197.945 -9.35388 3.1115 0.045133 198.13 -9.3905 3.118
197.383 -9.37587 3.10591 9.64237e-07 198.13 -9.3905 3.118
198.353 -9.06351 3.11332 5.28701e-05 198.13 -9.3905 3.118
197.911 -9.57785 3.11076 0.0215743 198.13 -9.3905 3.118
198.629 -8.70971 3.09012 1.68225e-38 198.13 -9.3905 3.118
198.456 -9.22848 3.11507 0.000428746 198.13 -9.3905 3.118
198.824 -9.56119 3.10197 1.12769e-19 198.13 -9.3905 3.118
198.293 -9.46117 3.10102 1.58005e-08 198.13 -9.3905 3.118
198.178 -9.1634 3.09233 5.26089e-16 198.13 -9.3905 3.118
197.767 -9.38054 3.12047 0.00069833 198.13 -9.3905 3.118
198.049 -9.05512 3.10408 4.62162e-07 198.13 -9.3905 3.118
198.448 -9.75434 3.12349 0.00013474 198.13 -9.3905 3.118
197.983 -9.21555 3.12783 0.00074862 198.13 -9.3905 3.118
198.909 -8.9671 3.14044 5.03612e-07 198.13 -9.3905 3.118
197.864 -8.997 3.11473 0.000145792 198.13 -9.3905 3.118
197.852 -8.8668 3.11277 1.10259e-06 198.13 -9.3905 3.118
197.899 -9.06727 3.10904 0.000138617 198.13 -9.3905 3.118
198.424 -9.12843 3.11413 8.83799e-05 198.13 -9.3905 3.118
198.155 -9.27214 3.12361 0.126146 198.13 -9.3905 3.118
198.077 -9.71771 3.11037 0.00233284 198.13 -9.3905 3.118
198.367 -9.66988 3.11923 0.00296481 198.13 -9.3905 3.118
197.738 -8.92822 3.1071 1.82986e-07 198.13 -9.3905 3.118
198.219 -8.90531 3.09784 1.31444e-15 198.13 -9.3905 3.118
198.221 -9.3845 3.13851 9.39734e-07 198.13 -9.3905 3.118
197.665 -8.92631 3.13263 4.06208e-13 198.13 -9.3905 3.118
198.268 -9.11838 3.12028 0.0302049 198.13 -9.3905 3.118
198.15 -9.05039 3.11577 0.00288537 198.13 -9.3905 3.118
198.467 -9.0046 3.10911 2.95835e-09 198.13 -9.3905 3.118
198.631 -9.4301 3.1104 2.03346e-08 198.13 -9.3905 3.118
198.718 -9.03142 3.10226 9.04126e-20 198.13 -9.3905 3.118
198.054 -9.19405 3.10946 0.0020889 198.13 -9.3905 3.118
197.961 -9.34325 3.11569 0.0983327 198.13 -9.3905 3.118
198.359 -9.36258 3.11266 0.00169443 198.13 -9.3905 3.118
198.446 -8.79095 3.13016 1.2906e-05 198.13 -9.3905 3.118
197.499 -9.36698 3.11316 7.5801e-06 198.13 -9.3905 3.118
198.305 -9.06785 3.13274 0.00145639 198.13 -9.3905 3.118
198.398 -8.35422 3.14396 1.00548e-16 198.13 -9.3905 3.118
198.649 -9.51308 3.13104 0.00036989 198.13 -9.3905 3.118
198.427 -9.25431 3.12275 0.0521363 198.13 -9.3905 3.118
198.706 -8.98694 3.11898 8.07339e-08 198.13 -9.3905 3.118
198.25 -9.57939 3.11651 0.0309815 198.13 -9.3905 3.118
198.506 -9.23906 3.13497 0.00227173 198.13 -9.3905 3.118
198.429 -9.35904 3.12493 0.0708275 198.13 -9.3905 3.118
198.028 -9.37843 3.10294 8.11154e-05 198.13 -9.3905 3.118
198.152 -9.65442 3.09784 9.25364e-09 198.13 -9.3905 3.118
197.824 -9.83489 3.1265 2.54706e-09 198.13 -9.3905 3.118
198.653 -9.29702 3.10667 9.65929e-12 198.13 -9.3905 3.118
198.313 -9.11548 3.10293 8.91467e-10 198.13 -9.3905 3.118
198.124 -8.40874 3.13925 1.54636e-16 198.13 -9.3905 3.118
198.224 -9.40121 3.10751 0.000348693 198.13 -9.3905 3.118
197.815 -8.64832 3.13025 9.88186e-13 198.13 -9.3905 3.118
198.678 -9.70663 3.1287 4.71697e-06 198.13 -9.3905 3.118
198.316 -8.85637 3.12973 9.03526e-05 198.13 -9.3905 3.118
197.849 -9.26697 3.14007 2.23814e-13 198.13 -9.3905 3.118
198.139 -9.55426 3.12618 0.00549938 198.13 -9.3905 3.118
197.958 -9.16242 3.11878 0.0170737 198.13 -9.3905 3.118
198.629 -9.10776 3.11925 1.85874e-05 198.13 -9.3905 3.118
198.534 -9.22238 3.0982 6.45777e-17 198.13 -9.3905 3.118
198.109 -8.9303 3.12695 0.000209566 198.13 -9.3905 3.118
198.217 -9.09422 3.13395 0.00024089 198.13 -9.3905 3.118
198.036 -9.0526 3.11469 0.00220163 198.13 -9.3905 3.118
198.926 -8.90991 3.13788 2.1102e-07 198.13 -9.3905 3.118
198.871 -9.05269 3.13216 5.60083e-06 198.13 -9.3905 3.118
197.969 -9.32339 3.11802 0.0877791 198.13 -9.3905 3.118
