204.33 25.3708 0.0908427 5.15619e-14
204.393 26.1693 0.0693533 2.02567e-06
204.538 26.0582 0.0647308 7.33344e-05
204.721 26.0257 0.0751955 0.0661027
204.866 25.8289 0.0744498 0.12127
205.047 26.0598 0.0722509 0.0645109
204.447 25.5908 0.0874168 5.18943e-08
204.489 25.7144 0.102421 1.15643e-12
204.402 26.3441 0.0662554 8.81279e-09
204.247 25.8817 0.0684643 2.87547e-08
204.286 25.8031 0.0666926 4.66943e-08
204.88 25.7605 0.0859427 0.000534257
204.586 26.4909 0.0623996 7.57101e-10
204.774 25.5035 0.0619512 3.79486e-05
205.045 26.01 0.0740085 0.0841516
204.649 25.7736 0.0897087 2.18978e-05
204.64 25.6188 0.0448565 5.52073e-12
204.281 25.6272 0.0768122 2.78158e-08
205.278 26.1966 0.0777584 8.76213e-05
204.686 25.9541 0.0704771 0.0327547
204.722 26.1062 0.0658617 0.00357748
203.974 25.5303 0.0750146 4.63585e-16
203.972 26.1425 0.0631049 2.40851e-17
205.104 26.3985 0.0584467 8.42677e-08
204.541 25.9376 0.0799446 0.0025321
204.723 26.2552 0.0865888 0.000411375
203.74 25.4314 0.0784944 2.9557e-24
204.201 25.6988 0.0782671 3.75896e-09
204.261 25.7596 0.0658817 7.36697e-09
204.868 26.4293 0.0675775 1.34735e-05
204.762 25.8669 0.071268 0.0841671
204.721 26.0335 0.0814284 0.0243157
204.64 26.2372 0.0671549 0.000163899
204.605 25.9523 0.0775437 0.0127691
205.259 25.9157 0.0845282 1.6981e-05
204.5 26.2343 0.0767808 0.000123459
204.149 26.2014 0.0841232 7.32635e-10
204.818 26.1278 0.0795094 0.0375484
205.097 26.5353 0.0667174 7.56559e-08
205.035 26.3099 0.075162 0.00135603
205.238 26.0904 0.0867665 6.70066e-06
204.535 25.7068 0.0647813 5.05488e-05
204.593 25.8663 0.0911565 1.44792e-05
204.424 25.8778 0.0716516 7.92791e-05
204.678 26.3405 0.0898188 1.16159e-05
204.651 26.2824 0.0726686 0.000552872
204.639 26.6941 0.0799794 6.79154e-10
204.631 25.5922 0.0792785 0.00010903
204.214 25.9193 0.0766026 6.75126e-08
204.911 25.7583 0.0885979 5.69107e-05
204.945 25.7665 0.0995945 2.46443e-10
204.983 26.0231 0.0750355 0.120442
204.881 26.9837 0.0758551 1.10147e-16
204.468 26.3777 0.0615618 7.45251e-10
205.266 26.3076 0.0743327 2.60439e-05
204.233 26.1411 0.0611955 1.42659e-11
204.779 25.3837 0.0948331 1.15161e-12
204.878 26.0604 0.0784739 0.0842563
204.706 25.24 0.0766628 1.61062e-09
204.838 26.2968 0.0763181 0.00371192
204.76 26.3529 0.0730084 0.000417696
204.714 25.8165 0.0716695 0.0375453
205.061 25.6777 0.0876165 4.14025e-06
205.057 25.8208 0.0681068 0.0538769
204.903 26.4685 0.066184 1.85887e-06
204.811 26.5161 0.0682902 5.31452e-07
204.722 26.3396 0.0680723 7.59146e-05
204.775 26.5904 0.0657787 3.8286e-09
204.563 26.4549 0.0717847 5.34899e-07
204.526 26.5346 0.0689501 2.70993e-09
204.415 25.7755 0.0944343 8.76123e-09
204.31 26.0387 0.0872964 5.28942e-07
204.798 25.8659 0.0768269 0.091445
204.493 25.9634 0.0868437 8.89782e-05
204.766 25.6836 0.0879957 2.78051e-05
204.619 25.9419 0.0634991 0.000629584
205.167 26.0317 0.0834898 0.000449389
204.488 25.7097 0.0798712 6.99764e-05
204.605 25.7181 0.0846514 0.000124461
204.583 26.5731 0.0651267 1.78653e-10
204.471 25.5081 0.0880231 4.39986e-09
204.533 26.1384 0.0716331 0.000497038
204.464 25.4407 0.0747811 8.14081e-08
204.519 25.5001 0.0810403 4.91757e-07
204.893 25.4192 0.0771955 6.58614e-06
204.625 25.9032 0.073552 0.0176487
204.292 26.8385 0.0722433 1.58933e-18
204.469 26.1741 0.0770408 0.000147988
204.498 25.9254 0.0708285 0.000654521
204.448 25.779 0.0766368 0.000114556
204.747 26.1547 0.079227 0.0205083
204.406 25.5557 0.0640657 4.08405e-08
204.419 26.5366 0.0885544 1.35618e-09
204.649 26.1539 0.0627409 7.64538e-05
204.546 26.2863 0.0825293 9.47938e-05
204.443 25.6381 0.0615958 1.89711e-07
204.851 25.6448 0.0762195 0.00589171
204.081 26.1286 0.0717305 8.43247e-12
205.154 25.9178 0.0684385 0.0237396
204.204 25.7916 0.0745373 1.43345e-08
