127.887 -18.8799 3.40912 0.0317429
127.934 -19.2733 3.40051 0.00236166
128.025 -18.6129 3.41222 0.000217067
127.533 -18.8969 3.4151 3.8455e-08
128.111 -19.467 3.40762 2.98916e-06
127.995 -18.7626 3.39907 0.0302038
128.131 -18.8096 3.42085 4.60524e-07
127.659 -18.6678 3.38497 4.12852e-07
127.702 -18.6409 3.39942 0.00665909
128.192 -18.795 3.40727 0.00932036
127.914 -19.1872 3.39865 0.0084512
128.046 -19.0089 3.4114 0.0107488
128.301 -18.8455 3.39383 7.23214e-07
128.21 -19.0423 3.40285 0.00515292
127.924 -19.6959 3.40678 3.53748e-10
128.201 -19.1043 3.42556 3.2917e-10
128.66 -18.9462 3.40778 9.07279e-09
127.448 -18.5872 3.39514 2.39674e-05
128.022 -19.3649 3.39858 4.12697e-05
127.811 -19.4692 3.39536 8.20113e-07
128.485 -18.692 3.38824 1.15023e-14
127.654 -18.2282 3.39371 2.09474e-09
128.341 -19.1631 3.40133 1.92706e-05
127.848 -19.5902 3.39352 1.14171e-09
127.781 -18.9559 3.39728 0.0721428
128.08 -18.9267 3.40058 0.0398237
128.032 -19.02 3.41223 0.00591639
127.868 -19.1065 3.40862 0.0145904
128.662 -18.7428 3.40064 3.89823e-11
128.005 -18.5687 3.39919 0.00115011
127.932 -19.0258 3.38699 1.17834e-06
128.103 -18.8694 3.41263 0.00407572
128.113 -19.3244 3.41086 8.54623e-05
128.169 -18.7857 3.38851 3.74492e-08
128.298 -19.2159 3.41243 4.86317e-05
127.884 -19.31 3.41401 7.29426e-06
127.862 -19.1432 3.39428 0.00191981
127.862 -19.7664 3.40957 1.98853e-12
127.801 -18.976 3.40767 0.0343258
128.115 -18.8551 3.40636 0.0444265
127.979 -19.061 3.40031 0.0575865
127.169 -18.8519 3.41151 2.90325e-13
128.317 -18.5006 3.39621 2.3702e-08
128.21 -18.9519 3.40207 0.00619993
127.788 -18.8611 3.41129 0.00200216
128.28 -18.9865 3.40305 0.00151288
127.662 -19.5318 3.40534 7.66728e-08
127.754 -18.9186 3.39814 0.0925561
128.385 -18.6708 3.41369 5.31385e-06
128.123 -18.8366 3.4105 0.0104526
128.052 -18.689 3.40529 0.0167148
128.35 -18.8686 3.40882 0.000520876
128.189 -19.1321 3.37663 5.24898e-20
127.592 -19.1254 3.41365 6.74798e-07
127.979 -19.2173 3.39177 1.26893e-05
127.555 -18.8689 3.40535 0.00144247
127.649 -19.7013 3.41334 6.6038e-14
127.881 -19.3672 3.4169 6.3713e-08
128.342 -19.1933 3.41249 3.09552e-05
128.015 -19.0738 3.40342 0.0689702
128.123 -18.6403 3.39868 0.000667358
127.751 -19.0493 3.40803 0.00990806
127.717 -18.6623 3.40185 0.0104806
128.081 -18.9637 3.40384 0.0774225
128.152 -18.5248 3.40215 0.000116112
127.92 -18.9891 3.40433 0.180984
128.04 -18.7119 3.38812 3.91959e-07
127.767 -19.0069 3.41677 2.98364e-06
127.818 -19.4205 3.40942 5.64955e-06
128.008 -19.1006 3.40811 0.0277103
127.893 -19.0289 3.42724 4.07823e-13
127.919 -18.7532 3.39046 0.000113327
127.722 -19.1325 3.38963 6.30866e-05
127.354 -19.2572 3.40417 1.52668e-07
127.761 -18.89 3.39171 0.00261281
127.864 -19.2658 3.39902 0.00224438
128.478 -19.4265 3.40118 1.73617e-10
128.107 -18.4128 3.39651 7.07094e-07
128.904 -18.7353 3.40653 2.2737e-15
127.798 -18.4844 3.40454 0.00019726
128.208 -18.6379 3.41181 0.000162373
128.097 -18.7854 3.40809 0.0221457
127.714 -19.254 3.39764 0.00126551
127.561 -19.2543 3.39311 3.70711e-05
127.899 -19.2411 3.39574 0.000645343
128.214 -19.3072 3.40202 3.88188e-05
127.814 -18.8046 3.398 0.0711541
127.65 -18.6663 3.40455 0.00197306
127.914 -19.2187 3.39285 9.1061e-05
127.865 -19.2566 3.42095 2.14786e-09
127.277 -19.006 3.40688 2.3401e-08
128.314 -18.9308 3.39942 9.84531e-05
127.885 -19.5652 3.411 1.82014e-08
127.841 -18.7436 3.4092 0.00686268
128.197 -18.8629 3.41441 0.000579455
128.393 -18.8654 3.41614 9.30545e-06
128.118 -18.612 3.39708 0.000162184
127.689 -19.1942 3.39385 0.000648022
127.984 -18.54 3.41045 0.000127049
128.415 -19.1094 3.38761 1.0197e-13
