231.653 -13.8918 2.87276 1.72389e-11
232.246 -14.2689 2.9014 0.00311843
231.638 -14.2266 2.88541 0.00959676
232.159 -13.9669 2.89204 1.11397e-05
231.625 -14.3797 2.88557 0.00627405
231.883 -13.7217 2.89801 0.000477208
231.905 -14.3144 2.87473 2.89818e-12
230.647 -13.3114 2.88082 6.21241e-20
231.327 -14.7749 2.89886 1.00858e-05
231.421 -14.045 2.89574 0.126016
231.839 -14.4852 2.88651 0.000192982
232.238 -14.5964 2.87886 1.19942e-16
231.586 -13.9819 2.88433 0.0012378
231.696 -14.1697 2.87925 3.24717e-06
231.064 -15.0065 2.88278 4.33257e-12
232.061 -14.9579 2.90631 1.40161e-07
231.985 -14.1302 2.86608 1.93331e-22
232.491 -14.0971 2.87131 7.92108e-30
232.213 -14.3114 2.88977 8.51907e-07
231.672 -13.5266 2.86058 7.09103e-28
232.176 -14.1122 2.89426 0.000217573
232.055 -14.0386 2.89132 0.000305911
231.749 -14.0081 2.893 0.131384
231.539 -14.7009 2.90197 0.0008858
231.531 -14.2743 2.88479 0.0117894
232.124 -14.2381 2.9061 0.0683788
231.915 -13.8885 2.88462 1.19479e-06
232.523 -13.8919 2.88831 2.9002e-15
231.641 -13.9308 2.90079 0.0779099
231.841 -14.4675 2.88084 1.86956e-07
231.611 -14.8664 2.9031 9.53785e-06
232.005 -14.5885 2.88173 5.8627e-10
232.17 -13.8404 2.90426 0.000322101
232.056 -14.3861 2.86751 7.95449e-23
231.602 -14.3757 2.87983 1.79986e-05
232.04 -14.7546 2.89484 1.02132e-05
232.334 -14.4065 2.86764 4.05907e-30
232.373 -13.8379 2.89551 1.21274e-08
231.646 -13.9296 2.88887 0.0106445
232.36 -14.1882 2.87959 4.92909e-17
231.835 -13.8191 2.89397 0.00294252
231.821 -13.788 2.90449 0.00210739
231.98 -13.541 2.88965 2.44087e-09
231.765 -14.5167 2.88652 0.000456297
231.53 -14.4483 2.88327 0.000787407
232.214 -14.6388 2.88607 5.92436e-11
231.382 -13.3891 2.87742 1.3273e-13
232.024 -14.8036 2.88677 1.46044e-09
232.328 -14.3954 2.87948 9.02053e-17
231.8 -14.0474 2.8936 0.168482
231.942 -13.8362 2.89389 0.000868923
232.369 -14.7458 2.89771 6.44566e-09
232.008 -14.4652 2.89219 0.00125377
232.031 -14.4764 2.89997 0.0431217
232.029 -14.3511 2.89074 0.000659761
231.867 -13.9742 2.88124 1.9472e-07
232.194 -14.2302 2.8853 5.26381e-09
232.463 -14.1397 2.89327 1.36926e-09
232.163 -14.1514 2.89874 0.00695932
231.921 -14.6102 2.88555 1.02246e-06
232.097 -13.8434 2.8846 1.53496e-09
231.341 -14.3714 2.89338 0.0806498
231.907 -14.6095 2.89982 0.0217442
231.793 -13.9536 2.88827 0.00194826
232.153 -14.6863 2.89256 5.01147e-07
231.24 -13.8607 2.87312 4.28753e-09
232.213 -14.2507 2.89645 0.000574247
231.893 -13.7995 2.86705 3.10174e-21
231.145 -14.2999 2.86601 1.36886e-12
232.271 -14.1334 2.88723 2.70608e-09
232.073 -13.6582 2.88339 5.33939e-12
232.58 -13.9044 2.90057 4.79371e-10
231.662 -14.5993 2.88727 0.00071569
231.764 -13.4975 2.89262 1.19883e-07
231.601 -14.7382 2.87609 7.66809e-11
231.582 -13.9336 2.87263 1.37e-10
231.843 -14.271 2.8748 3.77943e-11
231.908 -14.1342 2.88397 1.118e-05
232.637 -14.1983 2.88532 2.63089e-19
232.119 -14.766 2.89937 1.53677e-05
232.442 -13.7995 2.88718 5.53104e-15
232.19 -14.8498 2.88359 6.66257e-15
231.15 -14.1354 2.88688 0.00230786
232.161 -13.9469 2.88296 6.84702e-11
232.172 -14.6613 2.89506 4.6576e-06
231.098 -13.7077 2.86919 5.62436e-13
231.512 -14.6013 2.89689 0.0226129
232.073 -14.3703 2.88052 1.53051e-10
231.618 -14.6058 2.89348 0.0234664
231.961 -13.9491 2.90114 0.0523612
231.572 -14.304 2.87239 5.83997e-10
231.511 -14.0419 2.88027 8.15873e-05
232.292 -14.745 2.89175 3.23842e-10
231.515 -13.8068 2.90348 0.000391744
231.828 -13.8613 2.88953 0.000586523
232.163 -14.5981 2.87146 2.34277e-22
231.875 -13.9499 2.89749 0.0789957
232.545 -14.101 2.89781 2.99058e-09
231.488 -14.7249 2.88273 2.04608e-06
232.108 -14.429 2.90318 0.0370735
