93.3716 -29.0185 3.47779 2.43816e-05 92.95 -29.236 3.4794
92.7245 -28.8546 3.48551 0.00272004 92.95 -29.236 3.4794
92.6886 -29.6521 3.48644 3.24573e-08 92.95 -29.236 3.4794
92.586 -29.3762 3.46761 1.18165e-06 92.95 -29.236 3.4794
92.4952 -28.5649 3.46912 1.67812e-16 92.95 -29.236 3.4794
92.322 -28.5894 3.48058 9.52496e-13 92.95 -29.236 3.4794
93.1733 -29.1637 3.47657 0.0113552 92.95 -29.236 3.4794
92.9078 -29.1181 3.48673 0.0783412 92.95 -29.236 3.4794
92.4536 -28.9534 3.46403 8.15592e-14 92.95 -29.236 3.4794
92.824 -29.4166 3.48118 0.0257817 92.95 -29.236 3.4794
92.8703 -29.7422 3.47509 4.35742e-06 92.95 -29.236 3.4794
92.3878 -29.5973 3.48031 5.95648e-09 92.95 -29.236 3.4794
93.1645 -28.1705 3.47236 1.26808e-24 92.95 -29.236 3.4794
92.6608 -29.255 3.47151 0.000503969 92.95 -29.236 3.4794
92.7571 -29.2481 3.46573 6.8446e-07 92.95 -29.236 3.4794
93.3815 -29.7005 3.46132 6.30443e-16 92.95 -29.236 3.4794
92.5961 -29.1621 3.46212 1.42835e-11 92.95 -29.236 3.4794
92.3536 -28.7257 3.45685 2.14287e-28 92.95 -29.236 3.4794
92.6082 -29.1163 3.48038 0.00970885 92.95 -29.236 3.4794
92.8076 -29.3562 3.46651 5.78844e-06 92.95 -29.236 3.4794
92.7457 -28.3843 3.45953 4.04568e-31 92.95 -29.236 3.4794
92.5487 -28.7536 3.45525 1.80391e-27 92.95 -29.236 3.4794
93.2379 -29.1001 3.47754 0.00307049 92.95 -29.236 3.4794
92.5807 -29.23 3.47704 0.00316473 92.95 -29.236 3.4794
93.2361 -29.0442 3.49877 8.45713e-10 92.95 -29.236 3.4794
92.2423 -28.594 3.48351 5.06314e-14 92.95 -29.236 3.4794
92.4898 -28.7514 3.46553 1.69884e-15 92.95 -29.236 3.4794
93.1592 -29.5663 3.47533 0.000118361 92.95 -29.236 3.4794
93.0867 -29.4682 3.48779 3.94507e-05 92.95 -29.236 3.4794
93.1907 -28.6931 3.48046 5.14887e-06 92.95 -29.236 3.4794
92.4107 -29.6743 3.48164 3.77175e-10 92.95 -29.236 3.4794
92.7678 -29.2745 3.47316 0.0101874 92.95 -29.236 3.4794
92.8635 -28.7675 3.45715 6.73627e-23 92.95 -29.236 3.4794
93.2719 -28.9972 3.46546 1.14405e-11 92.95 -29.236 3.4794
92.5462 -28.422 3.47462 1.38507e-15 92.95 -29.236 3.4794
92.4065 -28.9829 3.48963 6.81439e-08 92.95 -29.236 3.4794
93.3838 -28.3211 3.48612 6.24503e-15 92.95 -29.236 3.4794
92.5769 -28.5032 3.46345 4.41213e-23 92.95 -29.236 3.4794
92.4863 -29.6577 3.46814 2.9126e-09 92.95 -29.236 3.4794
93.178 -29.1943 3.47599 0.00801476 92.95 -29.236 3.4794
92.9659 -29.2099 3.47079 0.00120561 92.95 -29.236 3.4794
92.9422 -29.3226 3.48366 0.0761791 92.95 -29.236 3.4794
92.7018 -28.6301 3.48425 3.50578e-06 92.95 -29.236 3.4794
92.1605 -29.0852 3.47523 1.46479e-11 92.95 -29.236 3.4794
93.019 -29.1642 3.45022 1.19524e-26 92.95 -29.236 3.4794
92.7652 -28.6359 3.49142 1.08608e-06 92.95 -29.236 3.4794
92.9491 -28.8992 3.46059 1.01567e-15 92.95 -29.236 3.4794
93.1202 -28.611 3.4933 1.8604e-07 92.95 -29.236 3.4794
92.9177 -29.1274 3.47423 0.0250982 92.95 -29.236 3.4794
92.9476 -28.7878 3.48388 0.00435096 92.95 -29.236 3.4794
93.0045 -29.5757 3.47762 0.00103598 92.95 -29.236 3.4794
92.8473 -29.3533 3.47924 0.1201 92.95 -29.236 3.4794
93.2197 -29.0178 3.47495 0.000230683 92.95 -29.236 3.4794
92.5047 -28.8678 3.46169 5.63269e-17 92.95 -29.236 3.4794
92.6287 -28.8502 3.48174 0.000469792 92.95 -29.236 3.4794
91.9635 -28.3531 3.46876 9.00483e-35 92.95 -29.236 3.4794
93.0369 -28.6666 3.47936 8.66007e-06 92.95 -29.236 3.4794
93.1347 -29.0687 3.47612 0.00796478 92.95 -29.236 3.4794
93.0687 -29.0811 3.46905 7.29022e-06 92.95 -29.236 3.4794
92.8716 -28.9122 3.46121 1.29745e-14 92.95 -29.236 3.4794
92.9051 -29.1257 3.50058 4.74513e-11 92.95 -29.236 3.4794
92.9207 -29.2674 3.47108 0.00260631 92.95 -29.236 3.4794
92.5234 -28.9558 3.47101 1.48233e-07 92.95 -29.236 3.4794
92.7528 -29.3362 3.47494 0.0215269 92.95 -29.236 3.4794
93.0093 -29.3224 3.46709 8.37095e-06 92.95 -29.236 3.4794
92.462 -29.2089 3.4829 6.42031e-05 92.95 -29.236 3.4794
92.9232 -29.2495 3.4698 0.00052963 92.95 -29.236 3.4794
93.1494 -29.6861 3.48845 1.23695e-09 92.95 -29.236 3.4794
92.9027 -28.5949 3.49367 1.74561e-07 92.95 -29.236 3.4794
93.1327 -29.3598 3.46803 5.51914e-06 92.95 -29.236 3.4794
92.502 -28.5459 3.47419 3.23892e-13 92.95 -29.236 3.4794
92.9306 -28.9854 3.48639 0.0706546 92.95 -29.236 3.4794
92.8254 -29.9147 3.47102 7.13015e-10 92.95 -29.236 3.4794
92.9755 -28.7797 3.47626 6.2303e-05 92.95 -29.236 3.4794
93.3905 -29.2875 3.46882 8.40629e-09 92.95 -29.236 3.4794
93.0838 -28.941 3.48275 0.0404247 92.95 -29.236 3.4794
93.3133 -29.224 3.48818 6.52623e-05 92.95 -29.236 3.4794
92.797 -28.3443 3.48284 5.80658e-12 92.95 -29.236 3.4794
93.3031 -29.4254 3.46904 1.8527e-07 92.95 -29.236 3.4794
93.0344 -28.6569 3.47498 6.83296e-08 92.95 -29.236 3.4794
93.0875 -28.9525 3.48165 0.0407579 92.95 -29.236 3.4794
93.3825 -28.8602 3.45767 5.85429e-25 92.95 -29.236 3.4794
92.6978 -29.0113 3.47845 0.0156405 92.95 -29.236 3.4794
92.9486 -29.5089 3.46726 6.33703e-06 92.95 -29.236 3.4794
92.6048 -29.6803 3.46607 3.9038e-09 92.95 -29.236 3.4794
93.5282 -29.1936 3.46528 1.44247e-14 92.95 -29.236 3.4794
92.5836 -28.8969 3.48396 0.000376176 92.95 -29.236 3.4794
92.8809 -28.8404 3.46957 7.73325e-08 92.95 -29.236 3.4794
92.4721 -29.1215 3.47196 2.32926e-06 92.95 -29.236 3.4794
92.5031 -28.9747 3.48204 0.0001352 92.95 -29.236 3.4794
93.0343 -29.2304 3.46356 5.04048e-09 92.95 -29.236 3.4794
92.633 -28.9124 3.46513 1.98674e-11 92.95 -29.236 3.4794
93.2851 -29.5423 3.48486 1.39273e-06 92.95 -29.236 3.4794
92.8735 -29.5575 3.4701 8.04971e-05 92.95 -29.236 3.4794
92.7156 -29.3112 3.49482 1.51766e-08 92.95 -29.236 3.4794
92.9083 -29.4154 3.49387 4.32077e-08 92.95 -29.236 3.4794
93.0518 -28.5462 3.45911 7.97779e-27 92.95 -29.236 3.4794
92.9271 -29.111 3.47984 0.417347 92.95 -29.236 3.4794
92.9072 -29.1077 3.46253 1.60239e-10 92.95 -29.236 3.4794
93.4826 -29.2865 3.47372 5.95331e-08 92.95 -29.236 3.4794
