66.5269 -46.6066 3.88813 6.91293e-15
66.8921 -46.81 3.87786 2.91675e-07
66.6864 -47.7057 3.85362 2.1692e-09
66.5065 -47.455 3.84638 2.04226e-05
66.0172 -47.0108 3.85488 1.6065e-07
66.4363 -47.0696 3.86511 0.0381999
66.3531 -47.3728 3.85912 0.000603402
66.0658 -46.8527 3.86162 1.75366e-07
67.1676 -47.3084 3.86328 1.43047e-10
66.0134 -46.9238 3.87285 3.3759e-12
66.5262 -47.309 3.87814 2.16824e-11
65.9095 -46.8985 3.88297 2.57038e-23
66.6913 -47.0235 3.8612 0.153413
66.2373 -47.1964 3.8553 0.00165069
66.7331 -47.3993 3.86222 0.000133679
66.4169 -47.3954 3.87269 9.47755e-10
66.9008 -46.8359 3.8568 8.45916e-06
66.3868 -46.602 3.86077 2.48059e-06
66.4022 -46.819 3.87298 3.63701e-05
66.762 -47.362 3.85314 0.000256927
66.5895 -46.8776 3.88119 1.58374e-08
66.4857 -47.2523 3.87873 4.1097e-11
65.9986 -47.0274 3.83586 1.3752e-16
66.7685 -47.2311 3.85354 0.00191066
66.665 -47.3739 3.86352 0.000377308
66.7565 -47.4993 3.84545 4.95156e-08
66.6396 -47.3342 3.84139 7.4696e-08
66.7743 -46.9839 3.84958 1.09263e-05
66.2355 -46.4559 3.86251 4.94844e-11
66.8614 -47.1986 3.85781 0.00106015
66.2034 -47.8177 3.85676 8.30374e-15
66.4435 -46.0671 3.84895 4.6602e-31
66.1244 -46.8242 3.84449 1.48641e-11
66.7602 -47.2861 3.85623 0.00330582
66.2632 -47.6661 3.86253 5.76897e-12
66.0343 -47.3209 3.8592 2.57344e-08
66.1721 -46.4605 3.85829 8.71366e-13
66.5722 -47.5607 3.87708 1.48689e-16
66.1826 -46.686 3.8576 1.02251e-07
66.6658 -46.8415 3.87681 1.39512e-05
66.6462 -47.2275 3.86218 0.0416495
66.7301 -47.759 3.86093 1.54535e-12
66.1505 -47.3405 3.87375 1.39585e-13
66.4637 -46.9408 3.88042 4.36219e-09
66.6889 -46.5113 3.84251 3.28436e-20
66.4796 -46.8311 3.86463 0.0203098
66.6002 -47.1313 3.86282 0.170844
66.2439 -47.0724 3.84534 2.02284e-06
66.7346 -47.1472 3.85958 0.0533651
65.9971 -47.1381 3.872 3.52988e-13
66.1133 -46.7543 3.86354 1.21937e-07
66.6587 -46.7817 3.8605 0.0046684
66.4681 -47.0892 3.86168 0.187301
66.6322 -46.2724 3.87276 1.41883e-12
66.1575 -46.8304 3.85288 5.21453e-07
66.3959 -47.0767 3.85486 0.0472282
66.3133 -46.994 3.86463 0.00422586
66.1547 -46.7778 3.86168 1.80495e-06
66.5378 -47.1637 3.86533 0.0332786
66.6001 -47.4647 3.85413 0.000298199
66.2605 -46.8082 3.86003 0.000159745
66.0874 -46.9034 3.87127 1.74258e-09
66.5801 -47.2668 3.87408 2.62481e-07
66.0418 -47.464 3.86427 3.38138e-12
66.5155 -47.1708 3.87996 1.33687e-10
66.4808 -47.0792 3.86512 0.0637504
66.7001 -47.0518 3.85979 0.126656
66.9372 -47.3752 3.86278 1.17418e-06
66.4987 -46.7442 3.86962 0.000836204
66.5392 -47.2069 3.87533 2.10659e-07
66.2837 -46.9678 3.84673 2.52121e-06
65.6995 -47.7504 3.85668 1.34917e-25
66.1216 -46.95 3.8556 9.5725e-06
66.6811 -47.5769 3.87236 5.19142e-13
66.6929 -47.2398 3.86761 0.00100815
65.6453 -47.5904 3.8555 2.80692e-23
66.4783 -47.3432 3.8464 0.000148329
66.7755 -47.3042 3.8595 0.00209482
66.1541 -46.7854 3.88263 1.18296e-15
66.1396 -47.3661 3.86443 1.81192e-08
66.1708 -46.9953 3.8638 4.8438e-05
66.2284 -46.7565 3.8543 1.06013e-06
66.4451 -46.9496 3.84748 2.30505e-05
66.5706 -46.7041 3.85744 0.000116453
66.6671 -47.0909 3.87256 0.000275498
66.6875 -47.3871 3.87503 3.57684e-10
66.3153 -47.4502 3.87351 8.33697e-13
66.2338 -47.0771 3.86259 0.000842885
66.4182 -47.1206 3.85057 0.00683977
66.3341 -47.2397 3.86802 2.41306e-05
66.2588 -47.4726 3.84731 2.65039e-06
66.5723 -46.5708 3.8667 1.3951e-05
66.3427 -47.0274 3.87215 1.57824e-05
66.49 -47.6485 3.84921 1.34199e-07
66.7766 -47.1831 3.8616 0.0152739
66.1072 -46.8764 3.86867 5.37204e-08
66.2731 -46.9617 3.88344 1.57847e-14
66.1427 -46.8728 3.83956 5.8317e-14
66.5463 -47.2505 3.86355 0.0176772
66.3259 -47.2536 3.87373 5.63162e-09
