36.6761 -74.3959 3.93709 1.03416e-06 36.083 -74.544 3.9315
36.3405 -74.0558 3.92452 4.37822e-11 36.083 -74.544 3.9315
35.5573 -74.4318 3.93977 2.06005e-14 36.083 -74.544 3.9315
35.9454 -74.7964 3.92352 0.000578096 36.083 -74.544 3.9315
36.0808 -74.6823 3.94488 3.4522e-05 36.083 -74.544 3.9315
35.8704 -74.3683 3.93111 0.000539913 36.083 -74.544 3.9315
36.0033 -74.6264 3.92648 0.0437909 36.083 -74.544 3.9315
36.4264 -74.8714 3.95435 3.84081e-09 36.083 -74.544 3.9315
36.1216 -74.8868 3.94504 9.19605e-06 36.083 -74.544 3.9315
36.2118 -74.6597 3.93628 0.312263 36.083 -74.544 3.9315
36.558 -74.3357 3.94964 3.31723e-08 36.083 -74.544 3.9315
36.4705 -75.0497 3.9328 3.20193e-07 36.083 -74.544 3.9315
36.4149 -74.1112 3.91874 4.24031e-15 36.083 -74.544 3.9315
36.1923 -74.5035 3.91806 2.03698e-07 36.083 -74.544 3.9315
36.2521 -75.2832 3.92703 4.91495e-13 36.083 -74.544 3.9315
35.8828 -74.1407 3.9361 5.2389e-09 36.083 -74.544 3.9315
37.007 -74.3365 3.93301 2.45695e-18 36.083 -74.544 3.9315
36.1414 -74.3285 3.94836 1.57977e-09 36.083 -74.544 3.9315
36.147 -74.1968 3.93279 4.78667e-05 36.083 -74.544 3.9315
36.418 -74.7908 3.93785 0.0192613 36.083 -74.544 3.9315
36.0741 -74.0439 3.91989 9.11687e-11 36.083 -74.544 3.9315
35.9397 -74.4754 3.92443 0.00597101 36.083 -74.544 3.9315
36.3837 -74.4471 3.93332 0.00860328 36.083 -74.544 3.9315
36.5445 -74.0617 3.91247 3.39289e-26 36.083 -74.544 3.9315
36.3911 -74.6984 3.93332 0.026062 36.083 -74.544 3.9315
36.3867 -74.4486 3.93537 0.0139342 36.083 -74.544 3.9315
35.6374 -74.6681 3.942 1.03294e-12 36.083 -74.544 3.9315
36.314 -74.5661 3.93985 0.0686602 36.083 -74.544 3.9315
35.9668 -74.9635 3.93384 0.000141436 36.083 -74.544 3.9315
35.4989 -75.0175 3.93232 7.80331e-14 36.083 -74.544 3.9315
36.2815 -74.4756 3.93205 0.0520199 36.083 -74.544 3.9315
36.5323 -74.8121 3.92803 2.74688e-07 36.083 -74.544 3.9315
35.8933 -74.6391 3.93841 0.00018304 36.083 -74.544 3.9315
36.6591 -74.7736 3.93943 4.9808e-05 36.083 -74.544 3.9315
36.1 -74.4805 3.94345 7.11597e-05 36.083 -74.544 3.9315
36.1014 -74.6133 3.93916 0.0265935 36.083 -74.544 3.9315
35.662 -74.4897 3.91186 1.62354e-09 36.083 -74.544 3.9315
36.6446 -74.6702 3.9288 1.93483e-08 36.083 -74.544 3.9315
35.8151 -74.481 3.93233 0.000508831 36.083 -74.544 3.9315
36.3282 -74.8901 3.93381 0.0040268 36.083 -74.544 3.9315
36.5355 -75.146 3.93575 4.1953e-09 36.083 -74.544 3.9315
36.456 -74.6797 3.93117 0.00120152 36.083 -74.544 3.9315
35.9215 -74.1373 3.9377 2.86902e-09 36.083 -74.544 3.9315
36.095 -74.5074 3.92285 0.00142016 36.083 -74.544 3.9315
36.0259 -74.1611 3.94107 3.89806e-09 36.083 -74.544 3.9315
36.1685 -74.0018 3.95321 3.18797e-21 36.083 -74.544 3.9315
36.4711 -74.1705 3.94155 9.30215e-08 36.083 -74.544 3.9315
36.304 -74.487 3.92377 3.85615e-05 36.083 -74.544 3.9315
35.6837 -74.4751 3.94369 1.36646e-13 36.083 -74.544 3.9315
36.6824 -74.1703 3.92877 2.18807e-13 36.083 -74.544 3.9315
35.7202 -74.5275 3.94322 9.41413e-12 36.083 -74.544 3.9315
36.271 -74.4541 3.94118 0.00585596 36.083 -74.544 3.9315
35.7429 -74.6479 3.93274 6.60058e-05 36.083 -74.544 3.9315
36.0821 -74.5421 3.94889 1.67065e-08 36.083 -74.544 3.9315
36.318 -74.372 3.93281 0.00503387 36.083 -74.544 3.9315
35.9297 -74.5731 3.93815 0.00066132 36.083 -74.544 3.9315
36.182 -74.4285 3.91564 1.60272e-09 36.083 -74.544 3.9315
35.65 -74.4008 3.93935 1.19682e-11 36.083 -74.544 3.9315
36.1008 -74.282 3.92938 0.000983668 36.083 -74.544 3.9315
36.1034 -74.4007 3.94166 0.000115767 36.083 -74.544 3.9315
36.2214 -74.6304 3.94263 0.00929199 36.083 -74.544 3.9315
36.1625 -74.6452 3.92767 0.0512763 36.083 -74.544 3.9315
36.8622 -74.4837 3.95459 2.41941e-11 36.083 -74.544 3.9315
36.3912 -74.3416 3.95377 2.85413e-11 36.083 -74.544 3.9315
36.6697 -74.1015 3.92174 1.58246e-19 36.083 -74.544 3.9315
36.1012 -74.433 3.93995 0.00138587 36.083 -74.544 3.9315
36.6171 -74.6315 3.9414 0.00053943 36.083 -74.544 3.9315
35.9513 -74.2069 3.93378 4.88988e-06 36.083 -74.544 3.9315
36.0714 -74.5522 3.93329 0.19417 36.083 -74.544 3.9315
35.3959 -74.2628 3.93348 4.77015e-17 36.083 -74.544 3.9315
36.0369 -74.5528 3.92762 0.0791196 36.083 -74.544 3.9315
36.1641 -74.2473 3.93914 2.30671e-05 36.083 -74.544 3.9315
36.7011 -74.4826 3.94838 6.46037e-07 36.083 -74.544 3.9315
36.3256 -74.5501 3.94704 0.000124561 36.083 -74.544 3.9315
36.1508 -74.8421 3.94002 0.00542969 36.083 -74.544 3.9315
36.2288 -74.617 3.92404 0.00061835 36.083 -74.544 3.9315
36.1589 -74.1259 3.93971 4.81278e-08 36.083 -74.544 3.9315
36.9071 -74.4251 3.93579 1.65898e-12 36.083 -74.544 3.9315
35.9962 -73.881 3.93097 2.96163e-13 36.083 -74.544 3.9315
36.1881 -74.1088 3.93244 7.69027e-07 36.083 -74.544 3.9315
37.2138 -74.1891 3.9302 1.40929e-31 36.083 -74.544 3.9315
35.9217 -74.6415 3.92315 0.00335401 36.083 -74.544 3.9315
36.455 -74.7391 3.94666 0.000562081 36.083 -74.544 3.9315
36.0146 -74.8967 3.94349 2.05228e-06 36.083 -74.544 3.9315
36.2751 -74.1919 3.94264 2.43152e-07 36.083 -74.544 3.9315
36.3068 -74.4158 3.93657 0.0195881 36.083 -74.544 3.9315
35.983 -74.7596 3.94657 4.45458e-08 36.083 -74.544 3.9315
36.2299 -74.7205 3.9243 0.000341269 36.083 -74.544 3.9315
35.795 -73.9428 3.93037 3.25525e-13 36.083 -74.544 3.9315
35.9615 -74.1925 3.92748 1.42123e-05 36.083 -74.544 3.9315
35.9172 -74.395 3.95832 7.3472e-25 36.083 -74.544 3.9315
36.8668 -74.4383 3.94225 1.74615e-09 36.083 -74.544 3.9315
36.0201 -74.4446 3.93236 0.0343082 36.083 -74.544 3.9315
35.5137 -74.6228 3.93414 6.68174e-11 36.083 -74.544 3.9315
36.4968 -74.1987 3.95094 2.0389e-11 36.083 -74.544 3.9315
36.3766 -75.247 3.94394 4.32685e-10 36.083 -74.544 3.9315
36.469 -74.2742 3.92936 7.07887e-07 36.083 -74.544 3.9315
36.3311 -74.374 3.94088 0.00111465 36.083 -74.544 3.9315
36.5623 -74.7175 3.9242 5.84351e-10 36.083 -74.544 3.9315
36.2228 -73.8525 3.93455 3.14381e-14 36.083 -74.544 3.9315
