-25.7266 -87.5324 2.50523 1.17983e-12 -26.217 -86.95 2.5152
-26.2922 -87.895 2.5088 1.91479e-14 -26.217 -86.95 2.5152
-26.2082 -87.0308 2.47592 5.64644e-26 -26.217 -86.95 2.5152
-26.0888 -86.973 2.52627 0.0231096 -26.217 -86.95 2.5152
-26.388 -86.9122 2.53074 3.86066e-05 -26.217 -86.95 2.5152
-25.8415 -87.3639 2.48521 5.32882e-25 -26.217 -86.95 2.5152
-25.9792 -87.2667 2.50941 7.57998e-05 -26.217 -86.95 2.5152
-25.6607 -87.3089 2.49599 7.72478e-17 -26.217 -86.95 2.5152
-25.8863 -87.1887 2.52183 0.0162936 -26.217 -86.95 2.5152
-25.3996 -86.7454 2.51811 1.18054e-09 -26.217 -86.95 2.5152
-25.7598 -87.4758 2.49191 1.4713e-21 -26.217 -86.95 2.5152
-26.3569 -87.5503 2.52567 6.7727e-05 -26.217 -86.95 2.5152
-26.5375 -86.941 2.52123 0.00123134 -26.217 -86.95 2.5152
-26.2057 -87.3144 2.50325 4.77266e-07 -26.217 -86.95 2.5152
-26.2008 -87.2214 2.51532 0.0258729 -26.217 -86.95 2.5152
-25.9324 -87.4863 2.52167 0.000374551 -26.217 -86.95 2.5152
-26.5384 -87.1257 2.521 0.00182628 -26.217 -86.95 2.5152
-25.6439 -86.9036 2.52268 6.37319e-05 -26.217 -86.95 2.5152
-25.8407 -87.9542 2.5267 6.42744e-11 -26.217 -86.95 2.5152
-25.9814 -87.1807 2.50847 0.000158845 -26.217 -86.95 2.5152
-26.0855 -87.3416 2.51797 0.00798821 -26.217 -86.95 2.5152
-26.2486 -86.9745 2.51615 0.112503 -26.217 -86.95 2.5152
-26.0404 -86.7084 2.50464 0.000107915 -26.217 -86.95 2.5152
-26.335 -87.109 2.51372 0.0290598 -26.217 -86.95 2.5152
-26.144 -87.2091 2.49401 1.00009e-11 -26.217 -86.95 2.5152
-25.7927 -87.3466 2.51539 4.1279e-05 -26.217 -86.95 2.5152
-25.627 -87.2616 2.51267 2.95441e-07 -26.217 -86.95 2.5152
-25.8999 -87.2813 2.52127 0.00798834 -26.217 -86.95 2.5152
-25.8796 -87.2577 2.50289 1.34529e-08 -26.217 -86.95 2.5152
-26.1832 -87.2237 2.51441 0.0176815 -26.217 -86.95 2.5152
-26.3383 -87.4515 2.51977 0.000711754 -26.217 -86.95 2.5152
-26.077 -87.4563 2.49891 3.89025e-12 -26.217 -86.95 2.5152
-26.0367 -87.3537 2.50709 2.60056e-06 -26.217 -86.95 2.5152
-26.3472 -87.0359 2.52084 0.0479808 -26.217 -86.95 2.5152
-26.0121 -86.9187 2.51489 0.0350292 -26.217 -86.95 2.5152
-26.634 -87.1675 2.50664 8.21137e-06 -26.217 -86.95 2.5152
-25.4214 -87.5265 2.5106 1.64087e-14 -26.217 -86.95 2.5152
-25.9656 -86.9306 2.50791 0.000708508 -26.217 -86.95 2.5152
-26.434 -87.6921 2.49859 2.89926e-16 -26.217 -86.95 2.5152
-25.9477 -87.5634 2.51391 8.36894e-07 -26.217 -86.95 2.5152
-25.738 -87.3013 2.52291 0.000473926 -26.217 -86.95 2.5152
-25.7407 -87.2155 2.50638 5.61935e-08 -26.217 -86.95 2.5152
-26.0314 -86.5867 2.51326 0.000525478 -26.217 -86.95 2.5152
-25.7172 -86.866 2.49499 7.05732e-13 -26.217 -86.95 2.5152
-24.9278 -86.6415 2.52623 1.45283e-21 -26.217 -86.95 2.5152
-25.9804 -87.0391 2.51833 0.0591524 -26.217 -86.95 2.5152
-26.327 -86.7592 2.49451 6.23241e-08 -26.217 -86.95 2.5152
-26.2655 -87.2963 2.5055 9.84122e-06 -26.217 -86.95 2.5152
-26.4504 -87.0227 2.49976 2.50166e-06 -26.217 -86.95 2.5152
-26.1371 -86.6868 2.5006 1.12362e-05 -26.217 -86.95 2.5152
-26.0302 -87.142 2.52255 0.0833847 -26.217 -86.95 2.5152
-25.752 -87.3649 2.51362 3.14092e-06 -26.217 -86.95 2.5152
-25.2353 -86.5351 2.51401 1.84103e-15 -26.217 -86.95 2.5152
-26.6804 -87.4605 2.54337 3.6097e-14 -26.217 -86.95 2.5152
-26.199 -87.3239 2.50592 6.48467e-06 -26.217 -86.95 2.5152
-25.9319 -86.8126 2.52615 0.00130284 -26.217 -86.95 2.5152
-26.1751 -87.0992 2.51231 0.026926 -26.217 -86.95 2.5152
-26.2787 -86.9979 2.51404 0.0713858 -26.217 -86.95 2.5152
-25.4962 -86.8191 2.51868 1.73894e-07 -26.217 -86.95 2.5152
-26.4476 -87.0654 2.50703 0.000703571 -26.217 -86.95 2.5152
-25.3931 -86.7154 2.50815 4.04605e-12 -26.217 -86.95 2.5152
-26.4127 -86.7818 2.51856 0.00497861 -26.217 -86.95 2.5152
-25.9984 -86.792 2.52567 0.00189778 -26.217 -86.95 2.5152
-26.4632 -87.5247 2.52367 2.63694e-05 -26.217 -86.95 2.5152
-26.4581 -87.7203 2.50433 2.35325e-13 -26.217 -86.95 2.5152
-25.7191 -87.5792 2.50879 1.80812e-11 -26.217 -86.95 2.5152
-26.1955 -87.0843 2.50269 2.71632e-05 -26.217 -86.95 2.5152
-25.8289 -87.123 2.50378 1.62704e-07 -26.217 -86.95 2.5152
-25.7044 -87.0344 2.49198 2.57889e-16 -26.217 -86.95 2.5152
-26.2607 -87.0123 2.50354 0.000184908 -26.217 -86.95 2.5152
-25.4015 -87.2398 2.5211 1.3949e-08 -26.217 -86.95 2.5152
-26.3096 -86.692 2.49886 6.15069e-06 -26.217 -86.95 2.5152
-26.5037 -87.0696 2.50565 0.000140679 -26.217 -86.95 2.5152
-25.9512 -87.5038 2.51647 3.15563e-05 -26.217 -86.95 2.5152
-25.8459 -87.8234 2.51014 5.84978e-14 -26.217 -86.95 2.5152
-25.904 -87.3815 2.51666 0.000343784 -26.217 -86.95 2.5152
-25.498 -87.0564 2.50574 4.39064e-11 -26.217 -86.95 2.5152
-25.8248 -86.7552 2.50632 8.4976e-06 -26.217 -86.95 2.5152
-25.9427 -87.2362 2.52448 0.0228176 -26.217 -86.95 2.5152
-25.4808 -86.9086 2.53498 4.28765e-09 -26.217 -86.95 2.5152
-25.969 -87.1538 2.51125 0.00153131 -26.217 -86.95 2.5152
-25.9231 -86.3524 2.50204 5.71066e-09 -26.217 -86.95 2.5152
-25.8702 -86.9588 2.5 3.76241e-08 -26.217 -86.95 2.5152
-26.1879 -87.12 2.5194 0.13354 -26.217 -86.95 2.5152
-26.0079 -87.0512 2.51581 0.0452932 -26.217 -86.95 2.5152
-25.9712 -86.9694 2.51289 0.012046 -26.217 -86.95 2.5152
-25.9347 -87.0189 2.51066 0.00193248 -26.217 -86.95 2.5152
-26.6715 -87.5095 2.52129 2.82251e-07 -26.217 -86.95 2.5152
-25.5246 -86.8244 2.50655 7.3192e-10 -26.217 -86.95 2.5152
-26.3216 -86.1609 2.53502 2.0342e-19 -26.217 -86.95 2.5152
-25.7494 -87.3935 2.51278 7.80714e-07 -26.217 -86.95 2.5152
-26.145 -86.9767 2.5225 0.0879498 -26.217 -86.95 2.5152
-26.3304 -87.1306 2.49834 1.23755e-07 -26.217 -86.95 2.5152
-25.8005 -87.2346 2.51925 0.00159141 -26.217 -86.95 2.5152
-25.8753 -87.704 2.51438 2.29137e-09 -26.217 -86.95 2.5152
-26.1492 -86.9386 2.52452 0.0340306 -26.217 -86.95 2.5152
-25.9567 -87.0621 2.51524 0.0200885 -26.217 -86.95 2.5152
-26.3812 -86.7559 2.50537 0.000863597 -26.217 -86.95 2.5152
-26.2274 -86.9611 2.52275 0.057854 -26.217 -86.95 2.5152
-25.5787 -86.5961 2.52329 2.54938e-08 -26.217 -86.95 2.5152
