100.906 -27.3972 3.46642 2.04989e-05
100.465 -28.5611 3.4674 1.07439e-07
100.573 -27.6516 3.48549 8.33595e-07
100.542 -27.6171 3.486 1.56202e-07
100.973 -27.3 3.46646 5.37624e-07
100.898 -27.2776 3.4855 3.00732e-07
100.739 -28.1115 3.48733 1.26525e-07
101.393 -28.1384 3.47419 8.49852e-05
100.78 -27.8064 3.47405 0.134303
100.822 -28.1688 3.48905 9.8616e-09
100.807 -28.1291 3.46496 0.0455657
100.997 -27.3296 3.47665 5.14363e-05
101.46 -27.645 3.47446 1.72871e-05
101.648 -27.9525 3.45708 4.45837e-14
101.075 -28.2916 3.47259 0.00199914
100.883 -27.2122 3.47003 2.44231e-07
100.966 -27.5837 3.44656 2.68429e-15
100.934 -27.6004 3.48588 0.000101875
100.866 -27.679 3.4589 4.52313e-05
100.996 -27.4347 3.47354 0.000762035
100.974 -27.5976 3.48699 4.17314e-05
101.219 -28.2476 3.47702 0.0002119
100.682 -27.4307 3.46562 2.02779e-05
101.018 -27.8771 3.46443 0.0178256
100.907 -28.3118 3.45691 2.50498e-05
100.588 -27.9817 3.46202 0.00576808
101.111 -27.9194 3.47342 0.0960152
101.034 -27.9098 3.49312 1.07822e-08
101.471 -27.0842 3.46419 8.2743e-17
101.24 -28.0117 3.48956 2.71274e-07
100.981 -26.8883 3.45925 1.35201e-19
100.613 -27.3149 3.45949 1.18293e-09
100.771 -27.9456 3.44926 8.92737e-09
100.321 -27.4172 3.49397 4.06274e-17
101.233 -27.6293 3.49203 1.10154e-07
101.404 -27.6319 3.48664 2.42981e-06
100.852 -27.227 3.47347 1.3015e-06
101.111 -27.1872 3.47795 2.3887e-07
101.465 -27.7803 3.46608 9.36616e-07
101.235 -27.6029 3.45403 1.4633e-11
101.178 -27.4361 3.47539 0.000188858
100.928 -27.675 3.46008 9.3598e-05
101.244 -27.7823 3.47025 0.00481277
100.71 -28.1763 3.49566 4.89304e-15
100.908 -27.504 3.46917 0.00169836
101.616 -28.1411 3.47653 5.41011e-08
101.052 -27.1129 3.46719 1.90718e-10
101.078 -27.5121 3.46973 0.000828183
101.202 -27.6088 3.48306 0.000471505
101.204 -27.3756 3.48099 1.92729e-05
101.187 -27.7809 3.45921 3.35415e-06
101.019 -27.7706 3.4703 0.103094
101.024 -28.0762 3.4633 0.00910722
100.575 -27.6087 3.45933 7.35268e-06
101.007 -28.0841 3.48237 0.000650931
100.709 -27.7939 3.46649 0.0453054
100.623 -27.6358 3.45368 3.18958e-08
100.734 -27.706 3.47142 0.0538934
100.84 -28.1972 3.48243 3.55544e-05
101.39 -27.632 3.4734 7.84588e-05
101.628 -27.4009 3.47545 5.93756e-10
101.292 -27.9598 3.48891 7.02094e-07
101.276 -27.6332 3.4786 0.00121172
100.506 -27.7516 3.46604 0.00187217
101.441 -27.7256 3.46586 9.3974e-07
100.871 -27.4355 3.49282 2.27817e-09
101.007 -27.1805 3.47565 3.03756e-07
100.77 -28.0424 3.46887 0.160321
101.214 -27.6299 3.47214 0.00262947
100.753 -28.3495 3.46506 0.00158865
100.598 -27.4824 3.4793 2.92676e-05
101.374 -27.9118 3.48224 9.62963e-05
101.333 -27.8758 3.48609 1.53646e-05
101.141 -28.0876 3.46018 0.000120954
100.726 -27.6164 3.47487 0.0113296
100.896 -26.9391 3.47261 2.46228e-12
101.521 -28.3412 3.48044 3.695e-09
101.554 -27.9116 3.49352 2.91441e-11
101.417 -27.8762 3.47731 0.000243564
101.105 -27.648 3.46521 0.000630807
100.715 -27.3496 3.46951 1.35337e-05
101.515 -27.5308 3.46959 4.04638e-08
101.114 -27.5992 3.47151 0.00599366
101.111 -27.7929 3.47209 0.068319
101.351 -27.4529 3.47793 1.44801e-05
100.891 -28.0152 3.47621 0.0769452
100.568 -27.7112 3.48258 2.07499e-05
100.868 -27.6491 3.48278 0.00139846
101.183 -28.2547 3.45557 1.08746e-07
101.272 -27.396 3.4667 1.60401e-07
100.999 -27.6793 3.50689 2.06259e-20
100.232 -28.0795 3.47006 1.58574e-06
101.623 -27.6512 3.49999 1.69727e-15
100.885 -27.8167 3.46786 0.141648
100.894 -27.9305 3.45884 0.000874531
100.833 -27.3563 3.48854 6.79641e-08
101.385 -27.6414 3.47449 0.000131392
100.928 -27.423 3.47117 0.000414104
100.489 -27.3238 3.47916 5.37416e-08
101.029 -28.2952 3.47554 0.000980239
