48.722 -61.3199 3.93317 1.049e-12
48.7563 -61.7633 3.91527 1.60908e-10
48.8151 -61.5779 3.9358 4.88029e-07
48.4242 -61.5647 3.91237 1.70578e-14
48.5186 -61.5846 3.90982 1.61721e-16
48.0325 -61.7307 3.92608 4.6398e-08
48.4103 -61.9323 3.93765 0.0252027
48.8486 -61.84 3.92305 2.10853e-06
48.3472 -61.4711 3.92838 5.87371e-09
48.2716 -61.5312 3.90984 7.84782e-18
48.8908 -61.8458 3.90531 8.54531e-21
48.3118 -61.6937 3.93428 0.000193165
48.2064 -62.3461 3.9144 2.65911e-06
48.2661 -62.2524 3.92851 0.0101539
47.9126 -61.6671 3.927 1.14913e-11
48.3175 -61.9923 3.92257 0.0205725
47.927 -61.6237 3.91215 8.22492e-18
48.4657 -61.7391 3.90843 8.56676e-14
48.1129 -62.2725 3.91861 1.69181e-05
47.9696 -62 3.91809 3.58012e-08
48.3369 -61.0008 3.9178 4.85087e-32
48.0738 -61.8496 3.91594 9.96934e-09
48.8163 -62.1669 3.92253 0.00014563
48.2813 -61.7262 3.94078 7.39992e-06
48.2995 -61.423 3.90823 1.05758e-22
48.1305 -62.4304 3.91625 2.89305e-07
48.8018 -61.8903 3.92708 0.000755494
48.3428 -61.7041 3.93556 0.000358454
48.0963 -62.2545 3.91489 7.91339e-07
48.2278 -61.9912 3.9176 0.000100486
48.3374 -62.3868 3.91167 3.45324e-07
48.0367 -61.6717 3.91047 6.56076e-16
48.7365 -61.8968 3.91257 3.17476e-10
48.2121 -62.257 3.93157 0.000785983
48.4191 -61.9132 3.93063 0.230428
48.584 -61.3918 3.93865 1.02034e-09
47.8381 -62.3637 3.91832 1.08921e-11
48.7627 -61.6351 3.9157 6.57846e-13
48.0892 -61.7011 3.91473 1.08297e-11
48.7269 -62.5781 3.93187 3.39022e-08
48.3586 -61.8732 3.91841 0.00010515
48.1687 -61.7537 3.91183 1.43481e-11
48.3608 -62.1386 3.91333 1.85986e-05
47.9066 -61.6808 3.92305 3.5394e-12
47.9062 -62.1649 3.92432 2.94616e-08
48.595 -62.0104 3.92333 0.0435511
48.4488 -61.9731 3.92157 0.0208172
48.4268 -61.6146 3.92 3.10703e-08
47.9266 -61.2704 3.92701 8.73703e-22
48.3191 -61.9202 3.90816 8.91101e-11
48.8723 -61.7487 3.91647 6.30008e-12
48.0645 -61.6253 3.92594 2.42342e-09
47.9368 -61.9851 3.9076 2.26659e-14
48.2373 -61.1046 3.92301 1.6392e-24
48.086 -61.6251 3.92694 8.34263e-09
48.133 -61.8455 3.91822 6.13567e-07
48.3841 -62.0203 3.93074 0.372995
48.4639 -62.2846 3.9128 5.53648e-06
48.1989 -62.0429 3.92975 0.00873683
48.4924 -62.5501 3.91803 9.4724e-07
48.6954 -62.1783 3.91647 1.81495e-05
48.2302 -62.143 3.93955 2.26505e-05
47.9582 -61.7338 3.91625 1.86035e-12
48.3878 -61.6512 3.92207 1.39916e-06
47.9278 -61.2594 3.93278 1.85877e-21
48.5745 -61.5551 3.92764 8.05114e-07
48.9518 -62.0531 3.9097 2.36424e-15
48.3076 -61.9484 3.93022 0.0728486
48.1499 -62.2461 3.9219 0.000327351
48.4944 -61.6171 3.9183 3.5409e-09
48.0049 -61.2412 3.91165 1.98318e-29
48.0598 -62.2334 3.90668 9.52952e-12
48.0575 -61.6478 3.93644 2.41958e-09
48.3473 -61.6518 3.93789 2.89676e-05
48.3611 -61.6075 3.89475 5.49293e-33
48.3598 -62.0118 3.93368 0.120918
48.9129 -62.0874 3.92022 3.38244e-07
47.903 -62.1869 3.91541 6.07427e-10
48.0419 -61.8266 3.93008 1.60472e-06
48.1411 -61.5914 3.91511 2.64757e-13
48.08 -61.8948 3.91678 1.10441e-07
48.1329 -61.8211 3.93721 4.31985e-06
48.0546 -61.203 3.94261 1.07944e-21
48.5922 -61.9597 3.91334 2.83351e-07
48.1875 -61.6448 3.90584 7.52514e-19
48.4617 -61.909 3.92517 0.0700797
48.2507 -61.7597 3.91882 1.00225e-06
47.7535 -61.4301 3.91645 5.43838e-25
48.217 -61.8552 3.91705 2.03419e-06
48.2202 -61.5659 3.92663 3.51542e-08
47.6403 -62.1146 3.91752 8.98557e-17
48.4464 -61.7068 3.92578 0.000325536
48.1011 -61.638 3.92334 4.51562e-09
48.0498 -62.4689 3.92231 4.5873e-08
48.5192 -62.2348 3.94073 0.000204578
47.7494 -62.092 3.92351 1.58906e-12
48.2767 -61.7572 3.92528 0.000216387
48.0334 -62.3644 3.92728 3.45933e-07
48.3876 -61.9976 3.90467 6.61613e-13
48.1415 -61.7903 3.93006 3.99904e-05
