62.179 -49.2423 3.86403 3.03712e-06 61.618 -49.402 3.8638
61.7186 -49.8826 3.8518 6.50258e-08 61.618 -49.402 3.8638
61.4135 -49.9267 3.87572 6.33499e-13 61.618 -49.402 3.8638
61.7249 -49.4298 3.86871 0.152614 61.618 -49.402 3.8638
61.7714 -50.0611 3.86487 7.13397e-12 61.618 -49.402 3.8638
61.9206 -49.4549 3.85678 0.000775563 61.618 -49.402 3.8638
61.5447 -49.7082 3.86844 6.93465e-05 61.618 -49.402 3.8638
62.1523 -49.9707 3.86111 1.99844e-13 61.618 -49.402 3.8638
62.1494 -50.2702 3.88408 6.42886e-31 61.618 -49.402 3.8638
61.0351 -49.2408 3.8685 1.41024e-09 61.618 -49.402 3.8638
61.6748 -50.0159 3.86775 4.84169e-11 61.618 -49.402 3.8638
62.0882 -49.3457 3.86577 0.000248328 61.618 -49.402 3.8638
61.5365 -49.7973 3.86764 2.33732e-06 61.618 -49.402 3.8638
61.9668 -49.7092 3.86835 6.57152e-06 61.618 -49.402 3.8638
61.9076 -49.952 3.85717 1.05993e-09 61.618 -49.402 3.8638
61.5862 -49.182 3.86999 0.11984 61.618 -49.402 3.8638
62.3342 -49.674 3.84694 2.15534e-16 61.618 -49.402 3.8638
61.5834 -49.3259 3.87604 0.0175408 61.618 -49.402 3.8638
61.9938 -49.3481 3.88069 7.31121e-05 61.618 -49.402 3.8638
62.1454 -49.3876 3.86131 6.08964e-06 61.618 -49.402 3.8638
61.3945 -49.7246 3.87859 9.89817e-10 61.618 -49.402 3.8638
61.439 -49.5916 3.8734 3.73562e-05 61.618 -49.402 3.8638
61.9764 -49.9332 3.86695 2.50999e-10 61.618 -49.402 3.8638
62.1288 -49.9732 3.85701 2.77002e-13 61.618 -49.402 3.8638
61.9299 -48.8342 3.87555 7.18538e-06 61.618 -49.402 3.8638
61.8335 -49.8301 3.88077 3.89464e-11 61.618 -49.402 3.8638
62.1151 -49.7889 3.87684 2.96637e-11 61.618 -49.402 3.8638
62.0086 -49.4258 3.87161 0.00131517 61.618 -49.402 3.8638
61.6489 -49.3057 3.86169 0.151217 61.618 -49.402 3.8638
61.989 -49.4872 3.85672 9.58961e-05 61.618 -49.402 3.8638
62.6752 -49.4151 3.85769 3.44742e-22 61.618 -49.402 3.8638
61.6134 -49.6057 3.87975 3.09655e-06 61.618 -49.402 3.8638
62.12 -50.0755 3.88259 5.02516e-22 61.618 -49.402 3.8638
62.2267 -49.978 3.86764 1.53821e-15 61.618 -49.402 3.8638
62.0051 -50.0386 3.8592 8.73277e-13 61.618 -49.402 3.8638
62.3947 -49.3142 3.87032 1.38274e-10 61.618 -49.402 3.8638
61.5373 -49.3746 3.87996 0.000344055 61.618 -49.402 3.8638
61.7775 -49.1942 3.87428 0.0850928 61.618 -49.402 3.8638
61.7462 -49.101 3.87068 0.0687183 61.618 -49.402 3.8638
61.7306 -49.5189 3.86016 0.0281394 61.618 -49.402 3.8638
61.4806 -49.906 3.85627 3.73462e-08 61.618 -49.402 3.8638
62.054 -49.7662 3.8706 2.70328e-08 61.618 -49.402 3.8638
61.4033 -49.6171 3.85964 0.000244786 61.618 -49.402 3.8638
62.1134 -49.8843 3.88533 1.63833e-17 61.618 -49.402 3.8638
61.704 -49.7514 3.86631 6.82648e-05 61.618 -49.402 3.8638
61.5534 -49.9585 3.88817 7.21275e-20 61.618 -49.402 3.8638
61.8897 -49.7241 3.88166 1.97434e-09 61.618 -49.402 3.8638
61.6333 -50.2878 3.85549 6.15707e-18 61.618 -49.402 3.8638
61.7205 -49.7897 3.85965 2.48417e-05 61.618 -49.402 3.8638
61.778 -49.1359 3.87182 0.0864409 61.618 -49.402 3.8638
62.4751 -49.8282 3.87283 4.23075e-19 61.618 -49.402 3.8638
62.6729 -49.3092 3.86416 2.5352e-20 61.618 -49.402 3.8638
61.9619 -48.974 3.87569 0.000226281 61.618 -49.402 3.8638
61.8025 -50.1858 3.86642 3.45451e-16 61.618 -49.402 3.8638
62.2379 -49.5257 3.90223 2.99125e-23 61.618 -49.402 3.8638
61.6573 -49.5835 3.88216 8.77399e-07 61.618 -49.402 3.8638
62.032 -49.2969 3.86366 0.000959315 61.618 -49.402 3.8638
61.5336 -49.5111 3.86285 0.0254407 61.618 -49.402 3.8638
62.1576 -49.4661 3.87114 5.03743e-06 61.618 -49.402 3.8638
61.116 -48.8234 3.86508 3.49396e-12 61.618 -49.402 3.8638
61.9826 -50.3091 3.86921 6.87514e-23 61.618 -49.402 3.8638
61.6903 -49.1386 3.87639 0.0330908 61.618 -49.402 3.8638
61.7284 -49.5917 3.87677 0.00010832 61.618 -49.402 3.8638
61.6444 -49.4605 3.85216 0.000991588 61.618 -49.402 3.8638
62.1866 -50.4348 3.86744 1.19612e-30 61.618 -49.402 3.8638
61.4525 -49.0794 3.86236 0.00103693 61.618 -49.402 3.8638
61.8166 -49.305 3.87664 0.0222982 61.618 -49.402 3.8638
61.3513 -49.5377 3.878 4.59896e-07 61.618 -49.402 3.8638
62.0834 -49.4203 3.85399 7.79958e-07 61.618 -49.402 3.8638
62.1315 -49.803 3.87126 2.58342e-10 61.618 -49.402 3.8638
62.2017 -49.1243 3.86358 1.85977e-07 61.618 -49.402 3.8638
61.6445 -49.073 3.85512 6.63429e-05 61.618 -49.402 3.8638
62.4105 -49.6475 3.86839 1.74262e-13 61.618 -49.402 3.8638
61.9664 -49.6949 3.87535 4.37486e-07 61.618 -49.402 3.8638
61.7126 -49.6208 3.87736 2.55792e-05 61.618 -49.402 3.8638
61.8718 -49.7452 3.87422 6.15639e-07 61.618 -49.402 3.8638
61.7553 -50.1674 3.85623 2.81668e-14 61.618 -49.402 3.8638
61.8496 -48.8326 3.87527 2.38823e-05 61.618 -49.402 3.8638
61.8698 -49.7489 3.85375 2.39548e-06 61.618 -49.402 3.8638
61.7726 -49.0873 3.86446 0.0165702 61.618 -49.402 3.8638
61.7676 -49.1746 3.85821 0.00427909 61.618 -49.402 3.8638
61.8186 -49.2512 3.87603 0.0365347 61.618 -49.402 3.8638
61.8033 -49.7638 3.86643 2.23998e-05 61.618 -49.402 3.8638
61.8198 -49.3637 3.86928 0.138065 61.618 -49.402 3.8638
61.7663 -49.7313 3.87383 4.01716e-06 61.618 -49.402 3.8638
61.7493 -49.6212 3.86159 0.00473779 61.618 -49.402 3.8638
61.1867 -49.0777 3.86361 3.27025e-07 61.618 -49.402 3.8638
62.1891 -49.5194 3.87682 5.05041e-08 61.618 -49.402 3.8638
61.592 -49.61 3.85726 0.00248947 61.618 -49.402 3.8638
61.892 -49.2854 3.85152 1.34965e-05 61.618 -49.402 3.8638
61.2708 -49.6233 3.89136 2.2239e-17 61.618 -49.402 3.8638
62.2089 -49.9996 3.85615 1.38686e-15 61.618 -49.402 3.8638
61.7996 -49.977 3.86257 1.7579e-09 61.618 -49.402 3.8638
62.0393 -49.9565 3.86968 3.5136e-12 61.618 -49.402 3.8638
62.0636 -49.7371 3.8665 2.08747e-07 61.618 -49.402 3.8638
61.7101 -49.8078 3.88091 1.75691e-10 61.618 -49.402 3.8638
61.8799 -49.7115 3.86381 7.54786e-05 61.618 -49.402 3.8638
61.6193 -48.9926 3.88807 1.34424e-06 61.618 -49.402 3.8638
61.8666 -49.9057 3.85011 1.241e-09 61.618 -49.402 3.8638
62.0497 -49.9917 3.86297 2.74659e-12 61.618 -49.402 3.8638
