-31.5583 -19.6038 1.04622 2.68065e-08 -32.061 -19.424 1.0505
-32.2624 -18.9124 1.0642 3.37691e-18 -32.061 -19.424 1.0505
-31.9024 -19.3841 1.05857 7.4435e-06 -32.061 -19.424 1.0505
-32.065 -19.1074 1.06908 1.3975e-18 -32.061 -19.424 1.0505
-31.5867 -19.385 1.04487 2.37409e-07 -32.061 -19.424 1.0505
-31.6032 -18.7722 1.0409 1.89634e-14 -32.061 -19.424 1.0505
-32.9 -19.5722 1.03672 3.47759e-18 -32.061 -19.424 1.0505
-31.8092 -19.1927 1.05446 1.97156e-07 -32.061 -19.424 1.0505
-32.381 -18.844 1.0654 4.51579e-22 -32.061 -19.424 1.0505
-31.2472 -19.1346 1.0704 1.20391e-39 -32.061 -19.424 1.0505
-31.9855 -19.3948 1.04704 0.0831779 -32.061 -19.424 1.0505
-32.1147 -19.6903 1.07525 1.89469e-14 -32.061 -19.424 1.0505
-31.9066 -20.1717 1.04722 1.30767e-11 -32.061 -19.424 1.0505
-31.3498 -19.4601 1.05866 5.63327e-18 -32.061 -19.424 1.0505
-31.9837 -19.7281 1.03375 8.10453e-10 -32.061 -19.424 1.0505
-32.2068 -19.3673 1.06151 1.05616e-05 -32.061 -19.424 1.0505
-32.1218 -19.3498 1.05525 0.00594318 -32.061 -19.424 1.0505
-31.7941 -19.6179 1.0566 3.14131e-05 -32.061 -19.424 1.0505
-32.024 -19.4787 1.06182 1.40576e-05 -32.061 -19.424 1.0505
-32.5046 -19.3945 1.04705 0.00109063 -32.061 -19.424 1.0505
-32.1288 -19.5969 1.04618 0.13019 -32.061 -19.424 1.0505
-32.3875 -19.1733 1.03333 5.83435e-08 -32.061 -19.424 1.0505
-33.1195 -19.3538 1.05544 5.19052e-19 -32.061 -19.424 1.0505
-32.0112 -18.8231 1.06724 4.20144e-26 -32.061 -19.424 1.0505
-31.8043 -19.2103 1.05579 6.10407e-08 -32.061 -19.424 1.0505
-31.4704 -18.9921 1.0544 1.45309e-18 -32.061 -19.424 1.0505
-32.0621 -19.5132 1.05118 0.245987 -32.061 -19.424 1.0505
-31.9897 -18.7458 1.03742 2.68147e-10 -32.061 -19.424 1.0505
-32.3625 -19.4361 1.05679 0.00463558 -32.061 -19.424 1.0505
-31.5534 -19.7322 1.03538 1.07145e-13 -32.061 -19.424 1.0505
-31.4459 -19.8381 1.04757 3.10378e-13 -32.061 -19.424 1.0505
-32.1716 -20.0384 1.05726 3.58801e-05 -32.061 -19.424 1.0505
-31.8467 -19.301 1.05402 2.88776e-05 -32.061 -19.424 1.0505
-32.1715 -19.5793 1.05785 0.025294 -32.061 -19.424 1.0505
-32.2705 -19.649 1.0599 0.00676449 -32.061 -19.424 1.0505
-31.9617 -19.8157 1.05124 0.00201306 -32.061 -19.424 1.0505
-31.9762 -19.8582 1.04606 6.84711e-05 -32.061 -19.424 1.0505
-31.0903 -19.1387 1.03805 1.49835e-23 -32.061 -19.424 1.0505
-32.3742 -19.3549 1.05088 0.0192946 -32.061 -19.424 1.0505
-32.1416 -19.8637 1.04803 0.000894581 -32.061 -19.424 1.0505
-32.3573 -19.236 1.05742 1.35141e-05 -32.061 -19.424 1.0505
-32.3727 -19.4661 1.05452 0.0250047 -32.061 -19.424 1.0505
-31.9682 -19.3917 1.04061 0.00689053 -32.061 -19.424 1.0505
-32.2619 -19.7545 1.02638 6.30559e-19 -32.061 -19.424 1.0505
-31.9899 -19.8432 1.06696 6.75534e-08 -32.061 -19.424 1.0505
-31.6507 -19.3532 1.04852 1.77582e-06 -32.061 -19.424 1.0505
-32.2412 -19.419 1.05282 0.11418 -32.061 -19.424 1.0505
-31.7633 -19.429 1.06369 5.16888e-11 -32.061 -19.424 1.0505
-31.9458 -19.1398 1.05853 4.63851e-09 -32.061 -19.424 1.0505
-32.1749 -19.1423 1.06018 1.11067e-08 -32.061 -19.424 1.0505
-31.8767 -19.3461 1.06479 3.60152e-11 -32.061 -19.424 1.0505
-31.8447 -19.6775 1.07097 1.29527e-13 -32.061 -19.424 1.0505
-31.7724 -19.7417 1.03979 1.02582e-07 -32.061 -19.424 1.0505
-31.942 -19.5785 1.03912 0.00016432 -32.061 -19.424 1.0505
-32.3224 -19.4892 1.03776 4.24926e-05 -32.061 -19.424 1.0505
-32.272 -19.9603 1.07455 5.51477e-12 -32.061 -19.424 1.0505
-31.7847 -19.4746 1.04179 0.000209162 -32.061 -19.424 1.0505
-31.8145 -19.2785 1.04733 0.000407133 -32.061 -19.424 1.0505
-32.0766 -18.8942 1.05565 6.6623e-12 -32.061 -19.424 1.0505
-32.0668 -19.9677 1.04995 4.37108e-05 -32.061 -19.424 1.0505
-32.0023 -19.8741 1.04013 7.21877e-08 -32.061 -19.424 1.0505
-31.867 -19.5398 1.05725 0.000148062 -32.061 -19.424 1.0505
-31.813 -19.137 1.05521 1.03063e-08 -32.061 -19.424 1.0505
-32.4619 -19.0788 1.05792 1.37029e-09 -32.061 -19.424 1.0505
-31.6984 -18.9087 1.06142 2.42872e-21 -32.061 -19.424 1.0505
-32.0539 -19.4272 1.06328 7.65454e-07 -32.061 -19.424 1.0505
-32.2578 -19.1113 1.06982 2.28242e-18 -32.061 -19.424 1.0505
-31.7692 -19.4719 1.05886 3.14907e-07 -32.061 -19.424 1.0505
-32.411 -19.2919 1.07103 1.93443e-15 -32.061 -19.424 1.0505
-31.8841 -19.6235 1.05946 4.74786e-05 -32.061 -19.424 1.0505
-31.9924 -19.6627 1.05566 0.0141181 -32.061 -19.424 1.0505
-31.7894 -19.6576 1.07152 2.43948e-15 -32.061 -19.424 1.0505
-31.5511 -19.1267 1.05625 7.24489e-15 -32.061 -19.424 1.0505
-32.2688 -19.3248 1.05717 0.000635056 -32.061 -19.424 1.0505
-32.474 -19.0417 1.04844 5.89825e-07 -32.061 -19.424 1.0505
-31.7018 -19.546 1.0621 5.38035e-10 -32.061 -19.424 1.0505
-31.6636 -19.1577 1.04276 3.65899e-07 -32.061 -19.424 1.0505
-32.0967 -18.8524 1.04505 3.53626e-08 -32.061 -19.424 1.0505
-31.7322 -19.469 1.05584 1.90622e-06 -32.061 -19.424 1.0505
-32.4013 -19.505 1.06685 4.46652e-08 -32.061 -19.424 1.0505
-31.8923 -19.2786 1.06386 2.84963e-11 -32.061 -19.424 1.0505
-32.2939 -19.1757 1.04493 0.00290238 -32.061 -19.424 1.0505
-32.3817 -18.9285 1.04719 5.79686e-08 -32.061 -19.424 1.0505
-32.4012 -19.3609 1.05801 0.000181182 -32.061 -19.424 1.0505
-32.3936 -19.016 1.05548 4.40606e-09 -32.061 -19.424 1.0505
-31.8244 -19.8021 1.07213 1.74092e-14 -32.061 -19.424 1.0505
-32.0587 -19.8441 1.06029 0.000444775 -32.061 -19.424 1.0505
-31.727 -19.646 1.05082 3.6372e-05 -32.061 -19.424 1.0505
-31.6914 -19.3605 1.04575 2.08271e-05 -32.061 -19.424 1.0505
-32.1111 -19.474 1.06697 9.33499e-09 -32.061 -19.424 1.0505
-32.3532 -18.8708 1.03336 2.75252e-10 -32.061 -19.424 1.0505
-31.7941 -18.8866 1.05407 6.27743e-14 -32.061 -19.424 1.0505
-32.1785 -19.5592 1.06328 5.85448e-05 -32.061 -19.424 1.0505
-31.7097 -19.6163 1.0328 4.92326e-11 -32.061 -19.424 1.0505
-31.8831 -20.0439 1.06312 1.03084e-08 -32.061 -19.424 1.0505
-31.9835 -18.7799 1.0544 5.13926e-15 -32.061 -19.424 1.0505
-32.8224 -18.7759 1.06778 6.72755e-33 -32.061 -19.424 1.0505
-32.151 -19.6281 1.05042 0.308962 -32.061 -19.424 1.0505
-31.8697 -19.3965 1.05966 8.61634e-07 -32.061 -19.424 1.0505
-31.3372 -19.6181 1.04418 1.79084e-14 -32.061 -19.424 1.0505
