72.8095 -40.0764 3.76834 3.35236e-05 73.172 -39.938 3.7804
72.4809 -39.9045 3.78462 7.92288e-13 73.172 -39.938 3.7804
73.0269 -40.0924 3.77722 0.0347786 73.172 -39.938 3.7804
73.4874 -39.7982 3.79547 1.74218e-10 73.172 -39.938 3.7804
73.2619 -39.7886 3.78066 0.0607235 73.172 -39.938 3.7804
72.6385 -39.9361 3.77345 9.41419e-08 73.172 -39.938 3.7804
73.354 -40.0898 3.76812 0.00596892 73.172 -39.938 3.7804
72.7784 -39.9135 3.76168 2.14842e-10 73.172 -39.938 3.7804
72.7965 -39.9944 3.76732 4.52549e-06 73.172 -39.938 3.7804
72.8836 -40.5079 3.75173 5.14469e-13 73.172 -39.938 3.7804
73.0492 -39.6321 3.75301 5.5963e-23 73.172 -39.938 3.7804
72.5681 -40.2382 3.79515 3.95377e-23 73.172 -39.938 3.7804
73.4289 -40.1188 3.76564 0.000214237 73.172 -39.938 3.7804
72.5938 -39.803 3.79005 1.3848e-11 73.172 -39.938 3.7804
72.8605 -39.9142 3.78556 4.88024e-05 73.172 -39.938 3.7804
72.9544 -40.548 3.76521 2.20069e-07 73.172 -39.938 3.7804
73.6097 -40.5625 3.79105 8.08277e-26 73.172 -39.938 3.7804
72.9693 -40.4521 3.77593 3.39032e-07 73.172 -39.938 3.7804
72.9057 -39.8521 3.77342 0.00159968 73.172 -39.938 3.7804
72.7719 -39.9361 3.78946 1.83683e-08 73.172 -39.938 3.7804
72.7762 -40.329 3.78281 1.85307e-10 73.172 -39.938 3.7804
73.2245 -40.281 3.79158 4.42514e-13 73.172 -39.938 3.7804
73.013 -39.7298 3.77647 0.00604539 73.172 -39.938 3.7804
72.1081 -39.8984 3.77619 5.49053e-26 73.172 -39.938 3.7804
73.3241 -40.2254 3.77373 0.00826331 73.172 -39.938 3.7804
73.5957 -39.918 3.74409 1.71081e-30 73.172 -39.938 3.7804
72.7093 -40.1531 3.77497 1.49938e-06 73.172 -39.938 3.7804
73.1153 -39.4597 3.77147 2.60027e-09 73.172 -39.938 3.7804
73.081 -40.4151 3.76321 4.26294e-05 73.172 -39.938 3.7804
73.3255 -40.0137 3.78099 0.0146571 73.172 -39.938 3.7804
72.8732 -39.6706 3.77749 8.44628e-05 73.172 -39.938 3.7804
73.396 -40.1243 3.79638 2.32685e-15 73.172 -39.938 3.7804
72.6604 -40.6105 3.77572 9.09655e-16 73.172 -39.938 3.7804
73.221 -40.3235 3.78778 1.13601e-10 73.172 -39.938 3.7804
72.9951 -39.5731 3.77333 2.25351e-06 73.172 -39.938 3.7804
73.0903 -40.0269 3.77849 0.103975 73.172 -39.938 3.7804
73.0686 -39.8366 3.77461 0.0465008 73.172 -39.938 3.7804
72.585 -40.0054 3.78634 2.22261e-11 73.172 -39.938 3.7804
72.6011 -39.7397 3.77352 3.76566e-10 73.172 -39.938 3.7804
73.2036 -40.1779 3.78473 1.79719e-05 73.172 -39.938 3.7804
72.969 -40.5686 3.77657 3.04629e-10 73.172 -39.938 3.7804
73.155 -40.0397 3.77463 0.251501 73.172 -39.938 3.7804
73.1688 -39.8696 3.77276 0.0569199 73.172 -39.938 3.7804
73.2375 -39.9574 3.78616 0.00113319 73.172 -39.938 3.7804
72.9616 -39.7856 3.78183 0.00802296 73.172 -39.938 3.7804
73.2178 -40.0184 3.78268 0.0120046 73.172 -39.938 3.7804
72.9617 -40.0677 3.76953 0.00578057 73.172 -39.938 3.7804
73.1179 -40.6596 3.78196 8.2052e-16 73.172 -39.938 3.7804
73.2284 -39.7105 3.76614 3.9256e-07 73.172 -39.938 3.7804
73.5464 -39.6924 3.76151 4.86056e-14 73.172 -39.938 3.7804
73.4455 -40.1591 3.78012 0.000108864 73.172 -39.938 3.7804
73.2849 -40.0924 3.76354 0.000276661 73.172 -39.938 3.7804
72.9442 -40.4365 3.77405 1.64594e-06 73.172 -39.938 3.7804
73.0555 -39.8366 3.76811 0.000271485 73.172 -39.938 3.7804
73.1095 -39.9939 3.78503 0.00208667 73.172 -39.938 3.7804
72.7524 -40.2709 3.78001 2.29416e-08 73.172 -39.938 3.7804
72.9658 -39.5225 3.78699 2.80973e-05 73.172 -39.938 3.7804
72.9549 -40.4061 3.77165 2.18052e-05 73.172 -39.938 3.7804
73.2372 -39.6558 3.78648 0.00216724 73.172 -39.938 3.7804
72.848 -40.351 3.78056 1.48353e-08 73.172 -39.938 3.7804
73.1525 -39.6876 3.79037 0.000155928 73.172 -39.938 3.7804
72.8386 -40.2603 3.78855 5.13556e-12 73.172 -39.938 3.7804
72.893 -40.2147 3.77251 0.000669955 73.172 -39.938 3.7804
73.078 -39.9367 3.76741 0.00174641 73.172 -39.938 3.7804
72.7623 -38.9971 3.77615 2.76454e-25 73.172 -39.938 3.7804
72.3267 -40.1555 3.78445 2.90418e-20 73.172 -39.938 3.7804
72.939 -39.795 3.77065 0.000141705 73.172 -39.938 3.7804
73.3034 -40.3414 3.75663 1.06818e-07 73.172 -39.938 3.7804
73.4379 -39.7084 3.78303 0.000591759 73.172 -39.938 3.7804
72.9675 -40.1571 3.7812 0.000259541 73.172 -39.938 3.7804
72.8036 -40.0834 3.77267 0.000168144 73.172 -39.938 3.7804
73.1186 -39.8249 3.7731 0.0265516 73.172 -39.938 3.7804
73.0398 -40.519 3.77581 4.03039e-08 73.172 -39.938 3.7804
72.8462 -40.0276 3.76661 2.09519e-05 73.172 -39.938 3.7804
72.3501 -39.6183 3.76265 5.56443e-27 73.172 -39.938 3.7804
72.72 -39.8658 3.78169 3.9855e-06 73.172 -39.938 3.7804
73.0821 -39.4669 3.77968 1.09245e-05 73.172 -39.938 3.7804
72.445 -39.7311 3.76596 1.50376e-18 73.172 -39.938 3.7804
73.2935 -40.3071 3.78328 2.75293e-07 73.172 -39.938 3.7804
73.0661 -39.842 3.77782 0.102434 73.172 -39.938 3.7804
73.1743 -39.8393 3.77464 0.0861899 73.172 -39.938 3.7804
72.5485 -40.1927 3.77995 8.32574e-12 73.172 -39.938 3.7804
72.8928 -39.6447 3.77901 0.000128971 73.172 -39.938 3.7804
72.976 -39.6906 3.79341 7.58613e-07 73.172 -39.938 3.7804
72.9754 -40.042 3.78204 0.00226888 73.172 -39.938 3.7804
73.2184 -39.8101 3.78308 0.043017 73.172 -39.938 3.7804
73.2578 -39.8367 3.77679 0.106802 73.172 -39.938 3.7804
72.7824 -39.8379 3.77888 8.86167e-05 73.172 -39.938 3.7804
72.6924 -39.8108 3.78624 8.88129e-08 73.172 -39.938 3.7804
72.6606 -39.9719 3.77422 4.64327e-07 73.172 -39.938 3.7804
72.953 -39.7218 3.77565 0.00107482 73.172 -39.938 3.7804
72.9033 -40.1176 3.77244 0.00319961 73.172 -39.938 3.7804
72.3602 -39.8357 3.78097 6.82567e-16 73.172 -39.938 3.7804
72.7753 -40.1645 3.77448 2.34338e-05 73.172 -39.938 3.7804
73.1411 -39.5196 3.78076 0.000200695 73.172 -39.938 3.7804
73.5403 -39.6419 3.77404 4.58898e-07 73.172 -39.938 3.7804
72.7912 -39.6551 3.79629 8.47856e-11 73.172 -39.938 3.7804
73.273 -39.6969 3.77215 0.00029779 73.172 -39.938 3.7804
72.7692 -39.9051 3.77772 7.84678e-05 73.172 -39.938 3.7804
72.9074 -39.6971 3.77839 0.000584348 73.172 -39.938 3.7804
