68.9748 14.6198 0.129273 1.41867e-06
68.906 15.0201 0.106665 1.92416e-10
69.09 14.5697 0.122032 3.49327e-05
68.7502 14.9202 0.121078 1.58275e-10
69.168 14.5465 0.128028 0.000197895
69.2292 15.1782 0.103143 5.89864e-08
69.209 15.0177 0.133648 3.73471e-05
69.5159 14.9269 0.118823 0.0483856
69.008 14.4743 0.119794 9.66622e-07
69.0843 14.5598 0.111255 1.9129e-06
68.7632 14.8856 0.1458 1.69494e-12
69.4954 15.166 0.10368 1.4599e-05
69.6663 15.7186 0.13371 4.66529e-12
69.1833 14.6771 0.116048 0.000247639
68.5782 14.7284 0.132867 1.48287e-13
69.099 15.099 0.115101 1.23204e-06
69.1861 15.1497 0.124594 1.32379e-05
69.3498 14.8546 0.120966 0.0115377
69.2327 14.6679 0.141292 2.00489e-05
69.3043 14.7201 0.1486 5.72483e-07
69.5861 14.4628 0.136821 0.00180538
68.8366 14.4962 0.13103 4.20694e-09
69.2972 14.922 0.121879 0.00300916
69.5874 14.6634 0.124506 0.176037
69.5787 14.9962 0.129618 0.0143612
69.0718 14.8584 0.123757 2.71852e-05
68.87 14.3489 0.125758 2.74132e-09
69.3629 14.7248 0.12679 0.0171493
69.7993 15.1727 0.12494 0.00216537
69.1142 14.5679 0.122703 6.95222e-05
69.1569 14.8417 0.124624 0.000273292
68.8408 14.7764 0.113103 1.6338e-09
68.9028 14.6311 0.127499 1.58958e-07
69.3926 14.2893 0.13872 1.58288e-05
69.8685 15.2185 0.141055 6.2773e-07
68.6964 14.8119 0.122161 3.39826e-11
69.6605 15.4232 0.107512 6.75254e-07
69.2544 14.9697 0.143437 1.76143e-06
69.3082 14.6322 0.120758 0.00642312
69.4331 15.2093 0.128956 0.000143478
69.4396 14.7441 0.119587 0.052851
69.5879 14.7641 0.120775 0.20933
69.7664 15.2912 0.112757 0.000135425
68.8446 15.0943 0.110861 4.85885e-11
69.1217 14.9177 0.114203 1.6e-05
69.5458 15.1303 0.124768 0.00376283
69.2143 15.2216 0.129315 3.17482e-06
69.0136 15.3529 0.120051 9.45804e-10
69.2734 14.281 0.122517 5.42763e-05
69.5084 14.1854 0.136213 1.42455e-05
69.6596 14.966 0.108755 0.00966564
69.4269 15.2945 0.110049 5.80794e-06
69.4174 15.021 0.119271 0.00601371
69.284 15.3049 0.137556 1.01526e-07
69.5912 15.3647 0.115565 1.98414e-05
69.0715 14.7332 0.108914 9.76253e-07
68.7587 14.9094 0.115494 6.60086e-11
69.5009 14.5945 0.135376 0.00624753
69.0635 14.4647 0.125543 7.24788e-06
69.0913 15.3692 0.108038 2.08209e-10
69.17 14.8721 0.11613 0.000129765
69.0216 14.9623 0.118667 1.62048e-06
69.0934 14.6984 0.116473 2.68716e-05
69.4454 14.7653 0.129848 0.0272017
69.3321 14.2285 0.135639 7.43538e-06
68.7836 14.7707 0.122407 1.67435e-09
69.2656 15.6783 0.122313 7.31727e-12
69.5579 14.6712 0.107016 0.00612408
69.7219 14.5608 0.121535 0.161746
69.4763 14.2802 0.125117 0.00100987
69.4903 14.6515 0.146052 2.05512e-05
69.4854 14.7864 0.134042 0.0109214
69.968 14.9887 0.136199 0.00018965
69.11 14.9921 0.131316 1.03773e-05
69.0969 15.3842 0.113245 1.16404e-09
68.9483 15.1102 0.11999 2.46387e-08
69.2342 14.6686 0.100569 5.96468e-07
69.2127 14.657 0.116875 0.000564795
69.8952 14.9581 0.125905 0.0248153
69.1965 15.1983 0.113332 1.6056e-06
69.3936 14.9471 0.117453 0.00795738
69.4213 15.4184 0.140128 5.76378e-09
69.3428 15.0095 0.130521 0.00101341
69.5179 14.7358 0.128063 0.0772128
68.9694 14.934 0.13152 3.65475e-07
68.31 15.2164 0.128608 3.54178e-22
69.0702 14.8525 0.110927 1.74667e-06
69.5156 15.0546 0.127776 0.00669821
68.9022 14.8801 0.101686 2.46954e-11
69.0391 14.5909 0.136054 1.83187e-06
69.6077 15.2315 0.117536 0.000771124
69.146 14.4259 0.126331 3.79695e-05
69.201 14.6896 0.122623 0.000975859
69.1811 15.0306 0.116473 4.01433e-05
69.0833 15.2349 0.115547 6.52625e-08
69.5366 14.7908 0.11656 0.0943677
68.7291 15.0522 0.11707 6.05381e-12
69.3641 14.7588 0.131923 0.00626692
68.7661 14.106 0.116057 3.16826e-14
69.2745 14.895 0.11839 0.00177724
