275.519 18.1906 5.33692 0.000162154
275.334 18.8365 5.32711 4.93648e-07
275.372 18.6208 5.33657 0.000102647
274.923 18.213 5.32409 1.33744e-08
275.508 18.8011 5.34148 1.93417e-07
275.293 18.6386 5.3451 5.20793e-08
275.668 18.6599 5.33556 8.80193e-05
275.867 18.259 5.31999 0.00787649
275.464 18.5038 5.30473 2.66292e-05
275.014 18.8731 5.34111 2.47007e-13
275.588 18.2597 5.32984 0.0479314
275.067 18.558 5.34297 9.2614e-10
275.323 17.7175 5.31782 1.79504e-07
275.216 17.7657 5.32016 5.27911e-08
274.773 17.6846 5.32467 4.0659e-20
275.551 18.685 5.32368 0.000885077
274.691 19.0684 5.31652 3.33308e-28
275.563 18.1093 5.3135 0.223293
275.211 18.3281 5.30689 4.83253e-05
275.181 18.6265 5.34007 1.86628e-07
275.427 18.5797 5.34426 1.36041e-06
275.192 18.3424 5.33833 3.1523e-06
275.256 18.826 5.31105 1.03557e-10
275.091 18.0858 5.33416 2.90835e-08
275.515 18.0209 5.32194 0.0246285
275.353 18.4778 5.31316 0.00302357
275.076 18.6936 5.31866 1.09032e-08
275.75 18.2068 5.31188 0.0479568
275.112 18.0591 5.34084 5.44764e-11
275.812 18.6107 5.3352 1.88578e-05
274.721 18.5829 5.32529 1.9939e-15
275.225 18.3476 5.33659 2.96941e-05
275.455 18.5151 5.33315 0.006112
275.378 18.6928 5.31743 3.77583e-05
275.663 19.028 5.33627 4.54262e-11
275.571 18.2303 5.35396 2.09449e-13
275.358 18.8914 5.33361 4.56012e-08
275.242 17.564 5.33992 7.26086e-21
275.331 18.3139 5.3349 0.000770628
274.806 18.4858 5.34789 1.80049e-17
275.224 18.4892 5.32768 0.000895935
275.087 18.0522 5.32709 8.15868e-07
275.319 18.368 5.34334 8.53296e-07
275.821 18.5225 5.34046 1.35112e-06
275.004 18.9077 5.31022 2.72274e-17
275.201 18.5857 5.33625 5.84417e-06
275.437 18.4315 5.31863 0.126546
275.148 18.8127 5.31247 2.22839e-11
275.277 18.4495 5.31936 0.00711777
275.155 18.3281 5.31325 0.000183795
275.647 19.2344 5.30706 3.22123e-24
275.143 19.1207 5.3379 5.348e-16
275.812 18.5895 5.34106 5.52005e-07
275.666 17.9342 5.34215 4.10504e-11
275.288 18.7346 5.32123 4.95843e-06
275.015 18.6639 5.33055 7.13307e-09
275.607 18.1443 5.33671 5.2374e-05
275.987 18.2984 5.33184 2.56721e-06
275.41 18.5999 5.29026 5.41999e-15
275.42 18.2435 5.33171 0.00970285
275.864 18.6769 5.32062 7.62167e-06
275.41 18.3494 5.31658 0.174251
275.1 18.5204 5.30698 1.15361e-08
275.433 18.4769 5.3317 0.0142253
275.55 18.0723 5.32551 0.022405
274.661 18.6285 5.33337 3.04076e-18
275.439 18.7883 5.31871 2.33856e-06
275.396 18.5451 5.32326 0.0159663
275.354 18.68 5.32382 0.000221728
276.061 18.1613 5.31233 3.04955e-06
275.146 18.2647 5.31946 0.000608766
275.263 18.2479 5.33501 8.93474e-05
275.372 18.395 5.34373 1.57728e-06
275.003 18.4299 5.33238 9.25693e-08
275.373 18.3552 5.34986 7.97926e-10
275.062 18.6932 5.33675 4.0324e-09
274.985 18.7489 5.3402 5.93768e-12
275.727 18.3839 5.32468 0.0738495
275.283 18.0386 5.31875 0.00345946
275.233 18.9266 5.31554 4.59066e-12
275.364 18.2583 5.34658 8.43889e-09
275.621 18.4663 5.31492 0.0383577
275.538 18.4606 5.33092 0.0346566
275.718 18.5469 5.31681 0.00377029
275.314 18.471 5.32477 0.0147081
275.577 18.9866 5.32246 3.74078e-10
275.594 18.4333 5.32948 0.0625228
275.835 18.6441 5.32009 4.60925e-05
275.603 17.8038 5.3202 3.06933e-05
275.394 18.6219 5.32316 0.00226834
275.135 18.4758 5.33548 3.63992e-06
275.407 17.9101 5.35316 7.34765e-19
275.512 18.0881 5.33747 7.71074e-06
275.229 18.6312 5.32423 6.51223e-05
275.254 18.5979 5.31685 6.32392e-05
275.122 18.03 5.31963 1.86021e-05
275.588 18.3003 5.33266 0.0140897
275.201 18.129 5.33019 4.84729e-05
275.335 18.3935 5.31431 0.0167342
275.053 18.2637 5.31327 4.80975e-06
