-36.724 -72.4616 1.97807 0.00502591
-36.9518 -73.0007 1.98441 0.0398606
-36.6918 -72.2238 1.99718 5.64937e-06
-36.5988 -73.327 1.97402 5.14943e-10
-36.8457 -73.2201 1.99792 0.00272144
-36.5592 -73.4585 1.97823 1.27172e-10
-36.5339 -73.0134 1.97729 6.14824e-06
-36.8057 -72.8885 1.98567 0.0912452
-36.4844 -72.673 2.00676 1.13535e-05
-36.8283 -73.1235 1.99898 0.00806401
-37.1905 -73.0863 1.9718 8.39938e-06
-36.6573 -72.3317 1.98367 0.00132232
-36.8698 -73.0401 2.00426 0.00195431
-36.7637 -72.9493 1.9864 0.0440799
-37.4314 -73.4787 2.01044 1.2718e-11
-36.9457 -72.7841 1.99391 0.161302
-36.407 -72.7804 2.00334 6.15723e-05
-36.5113 -73.4207 2.02346 1.007e-11
-37.2958 -73.3586 1.99917 2.44105e-06
-36.6297 -73.7159 1.98077 1.01511e-13
-37.0528 -72.9415 1.99978 0.00986005
-36.8851 -73.0884 2.0054 0.000757704
-36.5607 -72.6519 1.99959 0.00129907
-36.6051 -73.6601 1.99944 7.35258e-09
-36.5396 -73.109 1.99683 0.00119734
-36.6228 -73.446 1.99563 4.75264e-06
-37.0644 -73.1674 1.9897 0.00583503
-36.4016 -72.8404 1.97876 5.91782e-06
-36.6581 -73.6351 2.00885 7.14596e-09
-37.2849 -73.9954 2.02596 7.82871e-23
-36.9759 -72.9874 1.99492 0.06279
-36.2059 -73.7459 2.00035 1.25906e-13
-36.8844 -72.4411 1.9899 0.0292627
-36.5242 -73.4755 2.01769 8.70657e-10
-37.1238 -73.4349 1.99041 7.22702e-06
-37.8593 -72.9515 1.99992 3.92812e-12
-36.4522 -72.8549 2.01053 2.77777e-06
-36.2168 -73.5182 1.98962 7.99855e-12
-36.5911 -73.4266 2.00384 3.82101e-06
-36.4808 -72.7941 1.97943 0.000100073
-37.3923 -72.8499 2.003 4.34091e-06
-37.2029 -73.5567 2.00157 3.91536e-08
-36.2202 -73.1635 2.00999 3.78227e-08
-36.858 -73.4861 1.97163 6.13902e-12
-37.0071 -72.8424 1.99205 0.192177
-36.7679 -73.1751 1.98515 0.000969753
-36.4613 -73.0198 1.98368 5.09578e-05
-36.5422 -73.6255 1.99256 2.10623e-09
-36.9037 -73.1354 2.00088 0.00381956
-36.587 -73.2675 2.00309 9.05824e-05
-36.4874 -73.5192 1.98961 9.19511e-09
-36.6943 -72.903 1.9993 0.0165719
-36.7254 -72.561 2.00643 2.15224e-05
-37.2851 -73.2835 1.97173 1.68953e-08
-36.9308 -73.0382 2.01069 1.77236e-05
-36.807 -73.2657 1.99788 0.0011519
-36.6025 -73.4746 2.00518 1.02368e-06
-36.864 -73.2851 1.97451 1.64094e-07
-36.7349 -73.2788 1.97479 5.61613e-08
-36.6834 -72.8595 1.99602 0.0383649
-36.8694 -73.7409 1.9931 5.59156e-10
-37.0288 -73.3479 1.9919 0.000174938
-36.621 -72.8355 1.97411 4.90002e-05
-36.588 -73.2946 2.0086 7.66831e-06
-37.0611 -73.1057 1.99194 0.0167433
-36.1536 -72.9702 1.99368 3.25073e-07
-36.7037 -73.3515 2.0046 3.40359e-05
-36.6706 -72.7997 2.00025 0.00864816
-36.7682 -73.2737 1.98908 0.000412804
-36.6296 -73.8145 2.03047 2.77918e-18
-36.8905 -72.7012 2.00159 0.00454991
-37.2286 -73.201 1.99052 0.000701772
-36.321 -72.9816 2.00196 2.1732e-05
-36.9344 -73.0062 2.00969 4.08697e-05
-36.6098 -73.0337 1.99192 0.00731435
-36.7796 -73.1356 1.98456 0.00188545
-36.4574 -72.8884 2.00028 0.000651574
-36.8 -73.2312 1.98739 0.000832873
-36.7973 -72.8577 2.00036 0.0184503
-37.1074 -73.8002 1.97719 1.70227e-15
-36.5747 -73.5189 2.00381 3.38175e-07
-36.4885 -73.8061 1.99353 7.85988e-13
-36.5271 -73.9598 2.00732 2.13985e-14
-36.735 -73.7141 1.98529 1.70187e-11
-36.3383 -72.9762 1.98318 2.82024e-06
-36.3107 -73.2053 2.01095 1.23431e-07
-36.4928 -72.5823 2.0057 7.17897e-06
-36.302 -73.7072 1.98576 4.95939e-15
-36.3368 -72.9337 2.00849 2.09701e-06
-36.818 -73.059 1.98813 0.0252388
-36.7935 -72.9673 1.98599 0.0426322
-36.7371 -73.249 1.99805 0.0011167
-36.6873 -73.283 1.98439 2.23623e-05
-37.0044 -72.9252 2.00491 0.000830099
-36.2976 -73.5268 2.00491 2.17254e-09
-36.3529 -73.3318 2.00176 8.46984e-07
-36.7547 -72.9945 2.00239 0.00555058
-36.0008 -73.0394 1.98303 4.36994e-12
-36.619 -72.9065 2.00061 0.00546642
-36.8017 -72.6993 1.99244 0.138571
