5.51873 5.30823 0.270887 1.13329e-05 5.5862 5.3131 0.2809
6.18148 5.29043 0.271265 7.50417e-07 5.5862 5.3131 0.2809
5.17257 5.56028 0.26797 1.48032e-17 5.5862 5.3131 0.2809
5.74161 5.56756 0.275591 0.00724331 5.5862 5.3131 0.2809
5.77831 5.5308 0.269098 3.35291e-05 5.5862 5.3131 0.2809
5.25752 5.34419 0.284503 0.000805989 5.5862 5.3131 0.2809
5.28551 5.57366 0.294679 1.11294e-05 5.5862 5.3131 0.2809
5.53206 5.12423 0.291515 3.26161e-05 5.5862 5.3131 0.2809
5.23046 5.16114 0.266087 1.11123e-17 5.5862 5.3131 0.2809
6.03941 5.40849 0.27844 0.000158585 5.5862 5.3131 0.2809
5.50062 5.07792 0.279443 0.00044892 5.5862 5.3131 0.2809
5.58449 4.93442 0.284556 2.55335e-06 5.5862 5.3131 0.2809
5.10446 5.35522 0.276872 1.95946e-10 5.5862 5.3131 0.2809
5.89932 4.84629 0.287833 8.80839e-13 5.5862 5.3131 0.2809
5.7583 5.57598 0.296542 2.80368e-10 5.5862 5.3131 0.2809
5.68137 5.49104 0.296841 1.07222e-08 5.5862 5.3131 0.2809
4.97118 5.70601 0.285146 2.56253e-12 5.5862 5.3131 0.2809
5.45818 5.47675 0.283704 0.0683045 5.5862 5.3131 0.2809
6.22234 5.64521 0.283851 9.8357e-13 5.5862 5.3131 0.2809
5.95049 5.39886 0.258176 1.25084e-12 5.5862 5.3131 0.2809
5.91643 5.28298 0.271732 0.00122135 5.5862 5.3131 0.2809
5.666 5.40265 0.277474 0.141721 5.5862 5.3131 0.2809
5.96092 5.3874 0.272679 0.00139334 5.5862 5.3131 0.2809
5.42207 5.72831 0.267553 1.72574e-13 5.5862 5.3131 0.2809
5.93593 5.32179 0.281914 0.00105116 5.5862 5.3131 0.2809
5.40126 4.77792 0.277617 3.83282e-12 5.5862 5.3131 0.2809
5.79889 5.37956 0.276428 0.0679248 5.5862 5.3131 0.2809
5.66261 4.61927 0.273521 3.43576e-16 5.5862 5.3131 0.2809
5.80528 6.20175 0.27674 1.66293e-18 5.5862 5.3131 0.2809
5.57188 5.60042 0.289409 0.00122097 5.5862 5.3131 0.2809
5.33532 5.43295 0.286589 0.00991078 5.5862 5.3131 0.2809
5.37567 5.43254 0.273333 1.93253e-06 5.5862 5.3131 0.2809
5.37582 5.0957 0.267793 1.69789e-12 5.5862 5.3131 0.2809
5.87229 5.31624 0.277975 0.0239379 5.5862 5.3131 0.2809
5.57816 5.7878 0.270459 1.43959e-09 5.5862 5.3131 0.2809
5.85008 5.48345 0.28097 0.014474 5.5862 5.3131 0.2809
5.91075 5.47429 0.279761 0.0049105 5.5862 5.3131 0.2809
5.67452 5.73794 0.283986 0.000164533 5.5862 5.3131 0.2809
5.47024 5.71331 0.282198 0.000242609 5.5862 5.3131 0.2809
5.3683 5.4888 0.296999 3.16914e-06 5.5862 5.3131 0.2809
5.33764 5.57805 0.276073 2.06586e-06 5.5862 5.3131 0.2809
6.0671 6.15573 0.291217 5.73336e-26 5.5862 5.3131 0.2809
5.43274 5.38846 0.280926 0.0333798 5.5862 5.3131 0.2809
5.93744 5.53037 0.286442 5.53627e-06 5.5862 5.3131 0.2809
5.39525 5.00539 0.284934 1.18915e-05 5.5862 5.3131 0.2809
5.82412 5.07113 0.271283 2.2843e-05 5.5862 5.3131 0.2809
5.55332 4.99454 0.262226 8.21943e-16 5.5862 5.3131 0.2809
5.33271 5.26177 0.285943 0.00426167 5.5862 5.3131 0.2809
5.71427 5.23516 0.282189 0.057735 5.5862 5.3131 0.2809
5.93098 4.83636 0.2973 2.10647e-22 5.5862 5.3131 0.2809
5.90192 5.68155 0.298663 5.14655e-17 5.5862 5.3131 0.2809
4.97235 5.97383 0.299202 5.77089e-18 5.5862 5.3131 0.2809
5.5063 5.20532 0.279244 0.0126324 5.5862 5.3131 0.2809
5.93177 5.0941 0.289453 1.83878e-09 5.5862 5.3131 0.2809
5.67901 5.27311 0.292939 8.29393e-06 5.5862 5.3131 0.2809
5.3136 5.98543 0.266791 2.96766e-23 5.5862 5.3131 0.2809
5.91656 5.38862 0.285883 7.75916e-05 5.5862 5.3131 0.2809
4.93877 5.32354 0.280582 3.09192e-13 5.5862 5.3131 0.2809
5.57782 5.50021 0.270799 2.18923e-05 5.5862 5.3131 0.2809
5.77922 5.94734 0.29035 2.23513e-12 5.5862 5.3131 0.2809
5.31897 5.13519 0.286734 0.000196312 5.5862 5.3131 0.2809
5.97432 5.34545 0.280911 0.000559547 5.5862 5.3131 0.2809
5.93584 5.55583 0.281174 0.000365706 5.5862 5.3131 0.2809
5.705 5.54583 0.284004 0.0268604 5.5862 5.3131 0.2809
5.81871 5.25213 0.294772 1.00861e-09 5.5862 5.3131 0.2809
6.27678 5.60816 0.269251 2.32068e-10 5.5862 5.3131 0.2809
5.47482 5.5401 0.267902 1.57231e-09 5.5862 5.3131 0.2809
5.67587 5.30875 0.284379 0.0958764 5.5862 5.3131 0.2809
5.65915 4.96319 0.283451 1.15597e-05 5.5862 5.3131 0.2809
5.5814 6.40861 0.278402 2.06954e-27 5.5862 5.3131 0.2809
5.21326 4.66103 0.302266 8.34933e-24 5.5862 5.3131 0.2809
5.76307 5.13946 0.288035 3.85873e-05 5.5862 5.3131 0.2809
5.82878 5.22809 0.287364 8.61847e-05 5.5862 5.3131 0.2809
5.83433 5.80605 0.296668 3.83256e-15 5.5862 5.3131 0.2809
5.61921 5.30482 0.279002 0.164544 5.5862 5.3131 0.2809
5.85635 5.25745 0.278346 0.0181828 5.5862 5.3131 0.2809
5.20272 5.0513 0.273661 1.84541e-12 5.5862 5.3131 0.2809
5.51088 4.98596 0.288066 4.59837e-06 5.5862 5.3131 0.2809
6.15329 5.28282 0.276807 1.33823e-06 5.5862 5.3131 0.2809
6.31832 5.26198 0.296422 2.95169e-28 5.5862 5.3131 0.2809
5.12899 5.53828 0.286911 3.39261e-06 5.5862 5.3131 0.2809
5.69071 5.51189 0.282958 0.0798343 5.5862 5.3131 0.2809
5.62936 5.36546 0.298655 1.76752e-09 5.5862 5.3131 0.2809
5.60914 5.34574 0.278413 0.154752 5.5862 5.3131 0.2809
5.58312 5.05266 0.265365 3.16141e-11 5.5862 5.3131 0.2809
5.00288 5.11225 0.279126 1.12103e-13 5.5862 5.3131 0.2809
5.76877 5.63679 0.262648 1.87144e-11 5.5862 5.3131 0.2809
6.07572 4.80233 0.277837 6.33492e-13 5.5862 5.3131 0.2809
5.35564 5.02986 0.274462 1.01153e-08 5.5862 5.3131 0.2809
6.03624 5.08228 0.278464 1.61749e-06 5.5862 5.3131 0.2809
6.11464 5.77858 0.280291 2.4176e-10 5.5862 5.3131 0.2809
5.40023 5.12317 0.274683 1.72866e-06 5.5862 5.3131 0.2809
5.61481 5.35524 0.264635 2.47383e-09 5.5862 5.3131 0.2809
5.95643 5.13306 0.278013 0.000137052 5.5862 5.3131 0.2809
5.34504 4.87439 0.268764 2.81191e-16 5.5862 5.3131 0.2809
6.08098 5.31039 0.282503 1.0127e-06 5.5862 5.3131 0.2809
6.55165 5.13191 0.283707 2.85684e-25 5.5862 5.3131 0.2809
5.63111 5.20934 0.298234 4.92535e-10 5.5862 5.3131 0.2809
5.63576 5.13273 0.284467 0.0051509 5.5862 5.3131 0.2809
5.67503 4.86469 0.279728 1.29584e-07 5.5862 5.3131 0.2809
