73.3229 -39.3467 3.7745 0.00134849 73.781 -39.484 3.7743
73.7512 -39.7063 3.7706 0.0350204 73.781 -39.484 3.7743
73.7201 -39.1726 3.77583 0.00222909 73.781 -39.484 3.7743
73.0699 -39.8401 3.76622 2.91569e-09 73.781 -39.484 3.7743
73.673 -39.4925 3.76236 0.00379059 73.781 -39.484 3.7743
73.6053 -39.9502 3.76754 0.000428928 73.781 -39.484 3.7743
73.6168 -39.4182 3.74699 4.42259e-17 73.781 -39.484 3.7743
73.2648 -39.3217 3.77581 0.000138603 73.781 -39.484 3.7743
73.2274 -39.6282 3.77266 5.76022e-05 73.781 -39.484 3.7743
74.3103 -39.6296 3.78403 1.21619e-17 73.781 -39.484 3.7743
73.2623 -39.3391 3.78265 3.66562e-06 73.781 -39.484 3.7743
73.3563 -39.8576 3.78436 4.81304e-13 73.781 -39.484 3.7743
73.634 -39.0772 3.79272 3.12554e-09 73.781 -39.484 3.7743
73.8136 -39.3791 3.76453 0.000424536 73.781 -39.484 3.7743
73.9288 -39.1593 3.80086 1.22753e-19 73.781 -39.484 3.7743
73.5202 -39.3566 3.75541 6.73677e-10 73.781 -39.484 3.7743
73.4836 -39.3747 3.79666 6.4396e-15 73.781 -39.484 3.7743
74.1581 -39.4621 3.75566 2.10419e-13 73.781 -39.484 3.7743
73.7794 -39.1614 3.77943 0.000522996 73.781 -39.484 3.7743
73.7854 -39.5999 3.76277 0.00808507 73.781 -39.484 3.7743
73.7093 -39.3261 3.78456 0.000107672 73.781 -39.484 3.7743
72.9076 -39.4052 3.80089 3.35878e-30 73.781 -39.484 3.7743
73.4187 -39.517 3.77148 0.0444904 73.781 -39.484 3.7743
73.0842 -39.3205 3.77414 4.92931e-08 73.781 -39.484 3.7743
73.618 -39.1603 3.78744 6.79551e-06 73.781 -39.484 3.7743
73.7473 -39.2832 3.76968 0.00421799 73.781 -39.484 3.7743
73.4259 -39.4177 3.78459 1.4549e-05 73.781 -39.484 3.7743
73.3883 -39.3266 3.78949 1.89109e-08 73.781 -39.484 3.7743
73.1424 -39.6 3.7704 3.01276e-06 73.781 -39.484 3.7743
73.3996 -39.8445 3.77259 6.39605e-05 73.781 -39.484 3.7743
73.1811 -39.1482 3.7949 1.60089e-14 73.781 -39.484 3.7743
73.812 -39.7295 3.76937 0.0130362 73.781 -39.484 3.7743
73.7079 -39.7536 3.78295 2.1393e-08 73.781 -39.484 3.7743
73.5511 -39.6726 3.79272 5.50453e-16 73.781 -39.484 3.7743
73.0978 -38.9086 3.77686 3.35772e-13 73.781 -39.484 3.7743
73.6465 -39.9116 3.79097 1.02684e-20 73.781 -39.484 3.7743
73.9053 -39.4439 3.78668 1.92933e-08 73.781 -39.484 3.7743
73.5329 -39.5909 3.76418 0.040923 73.781 -39.484 3.7743
73.7131 -40.0589 3.78623 4.06471e-20 73.781 -39.484 3.7743
73.028 -39.6048 3.7855 1.07469e-14 73.781 -39.484 3.7743
73.6358 -39.3412 3.779 0.0217047 73.781 -39.484 3.7743
73.4628 -39.5972 3.78387 1.1449e-06 73.781 -39.484 3.7743
73.6696 -39.5404 3.77003 0.312115 73.781 -39.484 3.7743
73.731 -39.5371 3.78061 0.000574856 73.781 -39.484 3.7743
73.2926 -39.6764 3.77411 0.000126324 73.781 -39.484 3.7743
74.1939 -39.6221 3.78547 2.14213e-15 73.781 -39.484 3.7743
73.7899 -39.493 3.78596 3.49875e-07 73.781 -39.484 3.7743
73.8861 -39.3674 3.77412 0.00350485 73.781 -39.484 3.7743
73.4797 -39.4406 3.77866 0.0103268 73.781 -39.484 3.7743
73.7583 -40.0848 3.78548 1.98309e-20 73.781 -39.484 3.7743
73.4034 -39.6296 3.78284 7.17254e-07 73.781 -39.484 3.7743
73.7713 -39.3925 3.77094 0.0448725 73.781 -39.484 3.7743
73.6866 -39.7677 3.78559 7.31546e-11 73.781 -39.484 3.7743
74.3722 -39.6636 3.78771 1.90076e-23 73.781 -39.484 3.7743
74.3286 -39.5725 3.75854 9.16927e-15 73.781 -39.484 3.7743
73.8576 -39.6354 3.77997 1.17234e-05 73.781 -39.484 3.7743
73.4335 -39.5908 3.77509 0.0110903 73.781 -39.484 3.7743
73.2738 -39.5673 3.77644 0.000101355 73.781 -39.484 3.7743
73.949 -39.7872 3.78018 2.62357e-09 73.781 -39.484 3.7743
73.5178 -38.9957 3.78281 7.62669e-06 73.781 -39.484 3.7743
73.6322 -39.2356 3.77471 0.0155918 73.781 -39.484 3.7743
73.2884 -39.18 3.76388 1.8295e-09 73.781 -39.484 3.7743
73.433 -39.5935 3.78336 1.77925e-06 73.781 -39.484 3.7743
73.2584 -39.5055 3.77637 0.000123985 73.781 -39.484 3.7743
73.2161 -39.6129 3.77813 1.35289e-06 73.781 -39.484 3.7743
73.3437 -39.5034 3.78132 3.06615e-05 73.781 -39.484 3.7743
73.5045 -39.7508 3.75839 0.000654147 73.781 -39.484 3.7743
73.4844 -39.3608 3.77165 0.0406615 73.781 -39.484 3.7743
73.6866 -39.4663 3.78483 1.51422e-05 73.781 -39.484 3.7743
73.5291 -39.5152 3.77519 0.0842665 73.781 -39.484 3.7743
73.3901 -39.5045 3.76546 0.0036552 73.781 -39.484 3.7743
73.5974 -39.0956 3.77723 0.000477712 73.781 -39.484 3.7743
73.9666 -39.5979 3.78169 1.21342e-07 73.781 -39.484 3.7743
73.5237 -39.451 3.78621 2.71097e-06 73.781 -39.484 3.7743
73.7926 -39.352 3.77353 0.0242237 73.781 -39.484 3.7743
72.9795 -39.8382 3.7745 2.34027e-13 73.781 -39.484 3.7743
74.1701 -39.5692 3.77801 1.60166e-09 73.781 -39.484 3.7743
73.572 -39.974 3.77415 5.10671e-07 73.781 -39.484 3.7743
73.3899 -39.7689 3.77764 4.99648e-06 73.781 -39.484 3.7743
73.3549 -39.8802 3.79164 1.01102e-21 73.781 -39.484 3.7743
73.9299 -39.8637 3.77665 3.04989e-08 73.781 -39.484 3.7743
73.0755 -39.2607 3.79093 4.78178e-14 73.781 -39.484 3.7743
72.8719 -39.1702 3.77533 3.29119e-15 73.781 -39.484 3.7743
73.4005 -39.5606 3.7819 1.79791e-05 73.781 -39.484 3.7743
73.9007 -40.206 3.77267 6.05239e-14 73.781 -39.484 3.7743
73.868 -39.5211 3.78477 2.00869e-07 73.781 -39.484 3.7743
73.2479 -39.3422 3.77787 5.18702e-05 73.781 -39.484 3.7743
73.8081 -39.5247 3.77726 0.00484673 73.781 -39.484 3.7743
73.7304 -39.7906 3.78008 4.03437e-07 73.781 -39.484 3.7743
73.5291 -39.4576 3.78272 0.000306149 73.781 -39.484 3.7743
73.542 -39.3125 3.78675 1.09636e-05 73.781 -39.484 3.7743
73.3478 -39.3743 3.78019 0.000336558 73.781 -39.484 3.7743
73.877 -39.0294 3.78538 1.7063e-07 73.781 -39.484 3.7743
73.6585 -39.6164 3.76857 0.26449 73.781 -39.484 3.7743
74.2068 -39.6889 3.77739 2.38272e-11 73.781 -39.484 3.7743
74.0332 -39.7395 3.7581 3.9483e-07 73.781 -39.484 3.7743
74.3398 -39.4124 3.76443 5.14459e-14 73.781 -39.484 3.7743
73.9142 -40.3096 3.78422 1.50852e-29 73.781 -39.484 3.7743
73.3436 -39.3658 3.77908 0.000630775 73.781 -39.484 3.7743
73.5903 -39.2835 3.7653 0.00024387 73.781 -39.484 3.7743
