100.471 17.3671 0.0690808 0.0129776 100.35 17.485 0.073605
100.723 17.5874 0.0509121 7.43335e-09 100.35 17.485 0.073605
100.472 16.9939 0.0661145 7.56477e-05 100.35 17.485 0.073605
100.594 17.6694 0.0854021 3.59925e-08 100.35 17.485 0.073605
100.352 18.0117 0.0735178 1.77921e-06 100.35 17.485 0.073605
100.281 17.6999 0.074189 0.0101276 100.35 17.485 0.073605
100.093 17.2616 0.0715664 0.162148 100.35 17.485 0.073605
100.048 18.0121 0.0606027 1.01593e-07 100.35 17.485 0.073605
100.618 16.7384 0.0681754 2.49217e-09 100.35 17.485 0.073605
100.452 17.478 0.0759608 0.00576224 100.35 17.485 0.073605
100.287 18.0313 0.0651892 1.05843e-06 100.35 17.485 0.073605
100.27 17.8162 0.0645874 0.000426836 100.35 17.485 0.073605
100.732 17.2192 0.0932487 8.72376e-14 100.35 17.485 0.073605
100.37 16.9659 0.0848834 2.30472e-06 100.35 17.485 0.073605
100.862 16.9609 0.0938795 1.27521e-18 100.35 17.485 0.073605
100.304 17.631 0.0754084 0.017462 100.35 17.485 0.073605
100.496 17.5368 0.0725798 0.00397937 100.35 17.485 0.073605
101.173 17.2453 0.0827745 2.53874e-18 100.35 17.485 0.073605
100.427 17.1215 0.0688865 0.00290068 100.35 17.485 0.073605
100.554 17.4281 0.0685535 0.00258122 100.35 17.485 0.073605
99.7392 17.631 0.0785208 0.00147785 100.35 17.485 0.073605
100.867 17.4825 0.0650293 1.96086e-07 100.35 17.485 0.073605
100.495 17.3946 0.0624608 0.00202957 100.35 17.485 0.073605
100.031 17.7423 0.0801828 0.00255791 100.35 17.485 0.073605
100.401 17.2566 0.0738595 0.0178638 100.35 17.485 0.073605
100.147 17.5762 0.054743 1.38129e-05 100.35 17.485 0.073605
100.467 17.1874 0.0803167 0.000234747 100.35 17.485 0.073605
100.163 17.6084 0.0652167 0.019412 100.35 17.485 0.073605
100.539 17.6149 0.0766628 0.000187882 100.35 17.485 0.073605
99.8527 17.6077 0.070799 0.00786018 100.35 17.485 0.073605
100.63 17.6507 0.0698801 7.18512e-05 100.35 17.485 0.073605
100.489 17.9114 0.0789989 4.09068e-07 100.35 17.485 0.073605
100.542 17.7518 0.0553352 8.12191e-07 100.35 17.485 0.073605
100.698 17.3635 0.0771866 5.16007e-06 100.35 17.485 0.073605
100.048 17.7934 0.0830184 0.000226465 100.35 17.485 0.073605
100.092 17.8852 0.0788656 0.000136197 100.35 17.485 0.073605
101.02 18.0711 0.0577435 9.26787e-16 100.35 17.485 0.073605
100.553 17.0139 0.102165 5.58243e-18 100.35 17.485 0.073605
100.664 16.8894 0.0736409 5.632e-08 100.35 17.485 0.073605
100.274 17.3178 0.063279 0.0171839 100.35 17.485 0.073605
100.663 17.577 0.0798115 1.27452e-06 100.35 17.485 0.073605
99.6652 17.2283 0.0656436 1.23337e-05 100.35 17.485 0.073605
100.041 17.4414 0.0512303 1.17129e-07 100.35 17.485 0.073605
100.724 18.1278 0.0775189 4.49747e-13 100.35 17.485 0.073605
100.451 17.5315 0.080868 0.000384817 100.35 17.485 0.073605
100.529 18.0966 0.0666207 7.02586e-09 100.35 17.485 0.073605
100.594 17.6003 0.067428 0.000356715 100.35 17.485 0.073605
100.612 17.3875 0.0683616 0.000663251 100.35 17.485 0.073605
100.555 17.8651 0.0535542 1.5229e-08 100.35 17.485 0.073605
100.145 17.5313 0.0766879 0.119965 100.35 17.485 0.073605
100.315 17.6475 0.0777742 0.00571998 100.35 17.485 0.073605
99.8719 16.8382 0.0968643 1.31734e-10 100.35 17.485 0.073605
101.103 17.7695 0.0695751 7.45333e-14 100.35 17.485 0.073605
100.625 17.3445 0.0799859 1.05494e-05 100.35 17.485 0.073605
100.628 17.504 0.0779279 2.34971e-05 100.35 17.485 0.073605
100.535 17.8142 0.0585149 2.11822e-06 100.35 17.485 0.073605
100.221 17.4246 0.0802279 0.0384399 100.35 17.485 0.073605
101.06 17.3669 0.0664478 5.37515e-11 100.35 17.485 0.073605
100.315 17.1453 0.0806669 0.00213076 100.35 17.485 0.073605
100.231 17.2704 0.0755669 0.108395 100.35 17.485 0.073605
100.757 17.2993 0.0728844 3.28187e-06 100.35 17.485 0.073605
100.096 17.7518 0.0705096 0.0079159 100.35 17.485 0.073605
100.096 17.2284 0.0699747 0.0934927 100.35 17.485 0.073605
100.655 17.2587 0.0675993 0.00012016 100.35 17.485 0.073605
100.884 17.6657 0.0614068 1.26048e-08 100.35 17.485 0.073605
100.449 17.782 0.0781967 4.15569e-05 100.35 17.485 0.073605
100.742 17.7164 0.0803081 6.73969e-09 100.35 17.485 0.073605
100.968 17.0474 0.0758952 5.45022e-12 100.35 17.485 0.073605
100.51 16.9209 0.0713047 1.02742e-05 100.35 17.485 0.073605
100.475 17.6989 0.0929313 1.53225e-10 100.35 17.485 0.073605
100.755 17.6799 0.086806 1.56514e-11 100.35 17.485 0.073605
100.462 17.1429 0.0698725 0.00244147 100.35 17.485 0.073605
100.638 17.195 0.079895 2.87023e-06 100.35 17.485 0.073605
100.074 17.9082 0.0674627 9.171e-05 100.35 17.485 0.073605
100.859 17.7687 0.0718189 2.84902e-09 100.35 17.485 0.073605
100.811 17.3055 0.0645868 1.16945e-06 100.35 17.485 0.073605
100.908 17.1566 0.0861371 9.52753e-14 100.35 17.485 0.073605
100.841 17.5463 0.0663202 3.677e-07 100.35 17.485 0.073605
100.822 17.6088 0.064083 3.48642e-07 100.35 17.485 0.073605
100.756 17.486 0.074279 2.12312e-06 100.35 17.485 0.073605
100.63 17.876 0.0669511 9.11881e-07 100.35 17.485 0.073605
100.233 17.4598 0.0735797 0.188437 100.35 17.485 0.073605
100.034 18.0771 0.0861838 4.32153e-09 100.35 17.485 0.073605
100.981 17.591 0.0752569 3.90174e-11 100.35 17.485 0.073605
100.175 17.4481 0.0675064 0.12714 100.35 17.485 0.073605
100.187 17.3555 0.0619754 0.0103409 100.35 17.485 0.073605
100.541 17.4346 0.0747027 0.00142438 100.35 17.485 0.073605
101.103 17.5834 0.0854296 4.52921e-18 100.35 17.485 0.073605
100.671 17.5424 0.0734283 3.35464e-05 100.35 17.485 0.073605
100.908 17.3052 0.0787194 3.27451e-10 100.35 17.485 0.073605
100.709 17.6293 0.0827845 1.25252e-08 100.35 17.485 0.073605
100.78 17.472 0.0745922 8.03206e-07 100.35 17.485 0.073605
100.313 17.1378 0.0810632 0.00162572 100.35 17.485 0.073605
100.819 17.8306 0.0629851 7.64983e-09 100.35 17.485 0.073605
100.606 17.2805 0.101888 1.8628e-17 100.35 17.485 0.073605
100.943 17.4994 0.0786479 5.41853e-11 100.35 17.485 0.073605
100.29 17.3264 0.0845285 0.00126096 100.35 17.485 0.073605
99.9866 16.9875 0.0713162 0.00132664 100.35 17.485 0.073605
99.9265 17.9717 0.0656325 1.5192e-06 100.35 17.485 0.073605
100.577 17.4034 0.0753542 0.00046812 100.35 17.485 0.073605
