8.01181 5.65728 0.251573 6.76346e-08
7.7702 5.96373 0.266185 2.9907e-10
7.97512 4.94976 0.238974 2.28294e-28
7.84456 5.47427 0.267887 0.0282926
8.87447 5.54568 0.264027 4.51148e-16
7.73751 5.548 0.248898 4.55223e-12
7.95828 5.40937 0.243202 1.23227e-16
7.89527 5.75557 0.277758 4.6785e-08
8.16432 5.3872 0.267506 0.0901328
8.88599 5.87772 0.247342 2.02564e-15
8.08837 6.22038 0.267557 4.29368e-17
7.79218 5.16489 0.25246 2.38775e-12
8.16657 5.26255 0.270268 0.00419601
7.93398 5.96588 0.249336 2.65339e-14
8.32344 5.41559 0.260431 0.0692849
7.75743 5.23604 0.267114 0.000865473
8.25209 5.3692 0.258476 0.0938003
8.27523 6.1774 0.266633 1.31197e-16
7.81139 5.74063 0.258712 1.04621e-06
8.0349 5.84679 0.269201 1.1799e-06
8.67153 5.5651 0.256187 8.81892e-07
7.68336 5.10409 0.25942 4.03502e-10
7.83827 5.82826 0.247639 2.00814e-14
8.07863 5.44442 0.275876 6.5944e-05
7.94443 6.08912 0.250681 1.03133e-16
8.13408 5.25486 0.268755 0.021983
8.18415 5.86668 0.267575 2.44231e-07
8.41702 4.81604 0.266721 9.04995e-13
8.0025 5.42652 0.242927 8.56766e-16
7.74113 6.01675 0.257316 1.57498e-14
7.86955 5.52255 0.252424 5.77549e-09
8.35481 5.54019 0.272867 1.11782e-07
8.3232 5.88631 0.275004 1.39977e-13
8.18856 5.83446 0.262787 1.04393e-05
7.88131 5.62049 0.251747 1.92333e-07
8.56974 5.31312 0.253328 5.17235e-05
7.77299 5.90608 0.275013 5.43906e-10
7.89658 5.74769 0.268868 7.19452e-05
8.31728 5.5816 0.279679 1.42682e-13
7.75571 5.76724 0.267359 3.6016e-06
8.75951 5.71228 0.246597 1.75031e-10
8.29786 5.3506 0.26229 0.0692696
8.16773 5.3846 0.265363 0.228526
7.81393 5.97817 0.261372 7.93045e-11
7.97712 5.75097 0.243958 2.55547e-13
8.10177 5.81315 0.266481 1.55712e-05
7.9544 5.74691 0.257084 1.56706e-05
8.14547 5.81168 0.274623 4.71512e-09
8.09711 4.61383 0.268396 2.51379e-16
8.01939 5.83897 0.254928 2.60323e-07
8.40864 5.85968 0.261262 8.10611e-08
7.69845 5.72013 0.26096 1.69959e-07
7.9355 5.1783 0.263263 0.00367738
8.18541 6.20034 0.252292 3.1536e-17
7.65977 5.69825 0.257069 9.07183e-10
8.51743 5.8652 0.267518 2.13296e-12
7.75222 5.8228 0.24997 1.91966e-14
8.15205 6.15176 0.239704 3.86032e-24
8.33216 5.34849 0.25569 0.0138812
8.02998 4.80971 0.267641 1.21658e-09
8.01308 5.0845 0.269687 0.000574427
8.42088 5.83942 0.281008 1.55433e-22
8.34647 5.84627 0.268137 5.77279e-09
7.35348 5.07588 0.263798 2.45898e-17
7.25828 5.36575 0.265021 7.51291e-15
8.03307 5.64283 0.254995 3.28977e-05
8.37582 4.91876 0.258461 2.50069e-08
7.87266 5.75109 0.264592 6.91605e-05
7.89479 5.78845 0.276361 6.41382e-08
8.19775 5.44559 0.269299 0.0107385
8.33411 5.85516 0.249499 2.8638e-08
7.8237 5.65436 0.265282 0.000658631
7.84619 5.80718 0.256065 2.1126e-08
7.70673 5.36116 0.245075 2.26469e-22
8.42774 5.53966 0.268211 4.71515e-06
8.44842 5.84965 0.256533 1.997e-07
7.62152 5.44379 0.262377 1.66989e-07
7.64681 5.92823 0.247863 1.66406e-21
7.83795 5.46569 0.257168 6.93964e-06
8.07022 5.6056 0.281181 2.71828e-10
7.81608 5.75757 0.268593 1.81879e-05
8.04032 5.70303 0.268059 0.000704249
7.56446 5.33034 0.263804 2.83467e-08
7.83095 5.22628 0.2585 4.69523e-06
8.014 6.01539 0.261699 5.07205e-10
7.73622 5.31745 0.25921 6.67278e-07
8.07826 5.45693 0.266574 0.249844
8.20186 5.86104 0.266467 5.01287e-07
7.9812 5.46033 0.288821 4.74168e-16
8.124 5.70565 0.248879 7.35659e-09
8.28956 5.25299 0.260531 0.027346
9.01282 4.97894 0.261093 2.29245e-23
7.12488 5.80895 0.258502 7.12123e-29
7.93157 6.00157 0.251919 1.20965e-13
8.51973 5.41079 0.253784 0.00045951
8.2191 5.24071 0.270733 0.000507
8.20439 5.39643 0.273589 6.47119e-05
8.13681 5.56494 0.272326 0.000371524
8.29735 5.47633 0.260477 0.0831352
8.14629 5.48985 0.272085 0.00130963
