98.853 17.0996 0.0893867 2.81568e-06 99.169 17.398 0.07332
99.4358 17.7486 0.0720141 0.00338083 99.169 17.398 0.07332
99.5459 17.6139 0.0840519 1.89393e-05 99.169 17.398 0.07332
98.9975 17.714 0.0720487 0.00118227 99.169 17.398 0.07332
99.4437 17.4361 0.0822537 0.00216856 99.169 17.398 0.07332
98.5093 17.2644 0.0855274 1.60284e-08 99.169 17.398 0.07332
99.467 17.8294 0.0788104 4.13023e-05 99.169 17.398 0.07332
99.6999 17.043 0.0777912 8.75039e-06 99.169 17.398 0.07332
99.2458 17.8101 0.0966077 2.62541e-11 99.169 17.398 0.07332
99.0179 17.6487 0.0711729 0.00406916 99.169 17.398 0.07332
99.4816 17.2679 0.0829125 0.00067507 99.169 17.398 0.07332
99.5061 17.5295 0.0856272 2.88777e-05 99.169 17.398 0.07332
99.4184 17.3588 0.08394 0.00109547 99.169 17.398 0.07332
99.2546 17.2344 0.0404309 1.16119e-14 99.169 17.398 0.07332
99.4027 17.2839 0.0774689 0.0351941 99.169 17.398 0.07332
99.7699 18.0042 0.0787777 2.73417e-10 99.169 17.398 0.07332
98.9255 17.7437 0.0617824 1.94879e-06 99.169 17.398 0.07332
99.4557 17.3761 0.0788625 0.0140384 99.169 17.398 0.07332
99.5461 17.9994 0.0721937 1.1581e-06 99.169 17.398 0.07332
99.1076 17.7017 0.0780056 0.00317153 99.169 17.398 0.07332
99.7541 17.0156 0.0826668 4.7548e-08 99.169 17.398 0.07332
98.8548 17.6132 0.0719052 0.00029881 99.169 17.398 0.07332
99.3664 17.5301 0.0558215 0.000146423 99.169 17.398 0.07332
99.2385 18.3145 0.0842375 4.92258e-14 99.169 17.398 0.07332
98.9503 17.5968 0.0819393 0.000860006 99.169 17.398 0.07332
98.8682 17.3431 0.0561037 2.3753e-08 99.169 17.398 0.07332
99.762 16.9467 0.0922532 3.44297e-13 99.169 17.398 0.07332
99.9581 17.9721 0.0611575 2.86991e-10 99.169 17.398 0.07332
99.6006 17.0582 0.0892297 1.92003e-08 99.169 17.398 0.07332
99.0914 17.4029 0.0855294 0.00185053 99.169 17.398 0.07332
99.1526 17.3028 0.0827267 0.0105494 99.169 17.398 0.07332
99.6103 17.5207 0.0732904 0.00541031 99.169 17.398 0.07332
99.3909 17.7725 0.0702599 0.00312952 99.169 17.398 0.07332
98.6294 17.2589 0.0750978 1.90489e-06 99.169 17.398 0.07332
98.9203 17.5867 0.0815944 0.000725727 99.169 17.398 0.07332
98.7968 17.0822 0.0821264 2.45457e-05 99.169 17.398 0.07332
99.1153 17.5271 0.0849404 0.00140529 99.169 17.398 0.07332
98.9927 16.647 0.0866691 4.62274e-10 99.169 17.398 0.07332
99.488 17.7281 0.102941 4.7792e-17 99.169 17.398 0.07332
98.99 17.3836 0.077321 0.0198312 99.169 17.398 0.07332
99.0443 17.0404 0.0750481 0.00171086 99.169 17.398 0.07332
99.3025 17.2073 0.0672449 0.0357202 99.169 17.398 0.07332
99.3728 17.683 0.0609306 0.00122004 99.169 17.398 0.07332
99.33 16.9111 0.0645775 4.16282e-05 99.169 17.398 0.07332
99.0963 17.3419 0.076253 0.0694344 99.169 17.398 0.07332
99.2539 17.15 0.0904888 7.65622e-06 99.169 17.398 0.07332
99.4094 17.3939 0.0557728 0.000197227 99.169 17.398 0.07332
99.4265 17.3747 0.0719736 0.118323 99.169 17.398 0.07332
99.4798 17.3716 0.0604312 0.00471791 99.169 17.398 0.07332
99.2949 17.4065 0.0966517 7.33231e-09 99.169 17.398 0.07332
99.1961 16.4962 0.078531 3.14073e-11 99.169 17.398 0.07332
99.3755 16.98 0.0594983 1.31133e-05 99.169 17.398 0.07332
99.8598 18.151 0.0780342 8.24082e-14 99.169 17.398 0.07332
98.7142 17.2423 0.0909239 3.02387e-07 99.169 17.398 0.07332
99.5573 17.2991 0.077215 0.00508104 99.169 17.398 0.07332
99.3127 17.2017 0.0559984 3.56733e-05 99.169 17.398 0.07332
99.2648 18.3337 0.0648382 2.39918e-12 99.169 17.398 0.07332
99.3516 17.4769 0.0726507 0.14577 99.169 17.398 0.07332
99.2577 17.2072 0.0828198 0.00486279 99.169 17.398 0.07332
99.0497 17.527 0.0739553 0.0299404 99.169 17.398 0.07332
98.9109 17.7216 0.07317 0.000241783 99.169 17.398 0.07332
99.05 17.6812 0.0726701 0.00463059 99.169 17.398 0.07332
99.4731 17.9354 0.0763412 6.42762e-06 99.169 17.398 0.07332
99.0862 17.5772 0.0792224 0.0116918 99.169 17.398 0.07332
99.1728 17.4141 0.062658 0.0063183 99.169 17.398 0.07332
99.8771 18.2876 0.0779254 8.18285e-17 99.169 17.398 0.07332
99.3648 17.534 0.0725667 0.0969517 99.169 17.398 0.07332
99.1568 17.3652 0.0659356 0.0266342 99.169 17.398 0.07332
98.9851 17.1044 0.0904012 5.74562e-06 99.169 17.398 0.07332
98.6741 18.0951 0.0973254 2.77852e-08 99.169 17.398 0.07332
98.5945 17.3988 0.0809609 1.08734e-06 99.169 17.398 0.07332
99.5637 17.3677 0.0679288 0.0261327 99.169 17.398 0.07332
99.3111 17.8293 0.0960252 1.56218e-11 99.169 17.398 0.07332
99.3957 16.9751 0.0889029 4.25463e-07 99.169 17.398 0.07332
99.2238 17.2577 0.0772953 0.0692553 99.169 17.398 0.07332
99.4028 17.3582 0.0763495 0.0646239 99.169 17.398 0.07332
99.3854 17.2393 0.0774501 0.0308239 99.169 17.398 0.07332
99.3283 17.011 0.0644801 0.000488868 99.169 17.398 0.07332
99.7058 17.4647 0.0675907 0.00214489 99.169 17.398 0.07332
99.5142 17.7607 0.0836739 3.46478e-06 99.169 17.398 0.07332
99.4429 17.2464 0.100913 6.44897e-13 99.169 17.398 0.07332
99.5132 17.3803 0.0684296 0.0509976 99.169 17.398 0.07332
100.037 17.0228 0.0559704 1.25446e-10 99.169 17.398 0.07332
99.5596 17.7139 0.076022 0.000455951 99.169 17.398 0.07332
100.132 17.9673 0.0736943 2.03844e-14 99.169 17.398 0.07332
99.0494 17.5774 0.0620995 0.000347192 99.169 17.398 0.07332
99.5022 16.7141 0.0679248 9.64193e-08 99.169 17.398 0.07332
99.8149 17.5219 0.0776469 4.30562e-06 99.169 17.398 0.07332
99.6014 17.107 0.0795119 0.000109585 99.169 17.398 0.07332
99.6853 17.8841 0.0869195 9.02378e-11 99.169 17.398 0.07332
99.4296 17.4822 0.0766928 0.0344387 99.169 17.398 0.07332
99.0465 17.6601 0.0587882 1.07008e-05 99.169 17.398 0.07332
99.5503 17.4261 0.0907262 1.05903e-07 99.169 17.398 0.07332
99.5089 17.3096 0.0633408 0.0120566 99.169 17.398 0.07332
98.9677 17.148 0.0731354 0.0027839 99.169 17.398 0.07332
99.5066 16.9644 0.0915403 2.62317e-09 99.169 17.398 0.07332
99.5381 17.3978 0.0665446 0.0306345 99.169 17.398 0.07332
99.8203 17.1456 0.0811308 1.38659e-07 99.169 17.398 0.07332
99.6194 17.1878 0.0647182 0.00181662 99.169 17.398 0.07332
99.9542 17.7365 0.0894156 5.58329e-15 99.169 17.398 0.07332
