125.371 19.183 0.0809835 1.73229e-15 125.74 19.913 0.06606
126.077 19.9487 0.0522863 0.0163404 125.74 19.913 0.06606
126.213 20.6413 0.0718734 9.56393e-20 125.74 19.913 0.06606
125.647 19.6947 0.069802 0.000507253 125.74 19.913 0.06606
125.787 19.6818 0.0637665 0.0511753 125.74 19.913 0.06606
126.182 20.2664 0.0686468 1.0438e-09 125.74 19.913 0.06606
126.14 20.1807 0.0728969 2.75756e-10 125.74 19.913 0.06606
125.855 19.9507 0.0623106 0.0262285 125.74 19.913 0.06606
125.569 19.7424 0.0585555 0.0143307 125.74 19.913 0.06606
125.29 20.1822 0.0480931 3.99789e-11 125.74 19.913 0.06606
125.901 19.9989 0.0629883 0.00806262 125.74 19.913 0.06606
125.886 19.6261 0.0508297 0.0344168 125.74 19.913 0.06606
126.308 19.8153 0.0576957 0.000444087 125.74 19.913 0.06606
125.886 20.1513 0.091039 2.88669e-23 125.74 19.913 0.06606
125.854 19.4057 0.0433678 1.74912e-06 125.74 19.913 0.06606
126.014 20.2127 0.0650943 4.37327e-06 125.74 19.913 0.06606
126.458 20.1808 0.0389 1.82592e-11 125.74 19.913 0.06606
125.823 19.6862 0.0498938 0.0242969 125.74 19.913 0.06606
125.607 20.0299 0.0647016 0.000490211 125.74 19.913 0.06606
126.132 20.1386 0.0746277 9.56563e-11 125.74 19.913 0.06606
126.221 19.4548 0.058264 0.000222733 125.74 19.913 0.06606
126.416 20.0314 0.0720378 3.22024e-12 125.74 19.913 0.06606
126.036 19.3481 0.0614139 0.000228782 125.74 19.913 0.06606
126.395 19.9763 0.0575352 6.12705e-06 125.74 19.913 0.06606
126.343 19.5551 0.0709089 2.6122e-09 125.74 19.913 0.06606
125.547 19.4958 0.0480693 6.27146e-06 125.74 19.913 0.06606
125.832 19.6434 0.0690609 0.00134809 125.74 19.913 0.06606
125.543 19.7345 0.0584437 0.0082231 125.74 19.913 0.06606
125.722 19.9255 0.0418209 3.33772e-06 125.74 19.913 0.06606
125.954 19.9752 0.0535006 0.0366405 125.74 19.913 0.06606
126.544 20.0413 0.0687438 5.47666e-13 125.74 19.913 0.06606
125.798 20.1929 0.0715492 1.08387e-07 125.74 19.913 0.06606
125.255 19.857 0.0508338 1.90662e-08 125.74 19.913 0.06606
125.271 19.6531 0.069537 1.55424e-07 125.74 19.913 0.06606
125.831 20.3035 0.061056 5.26003e-06 125.74 19.913 0.06606
126.14 19.5178 0.0661695 8.46812e-05 125.74 19.913 0.06606
125.632 19.5954 0.0620177 0.0141773 125.74 19.913 0.06606
125.941 20.0917 0.057585 0.00544272 125.74 19.913 0.06606
126.068 20.2806 0.0678911 1.68589e-08 125.74 19.913 0.06606
125.775 19.8776 0.0717652 6.34053e-05 125.74 19.913 0.06606
126.421 20.2626 0.0736944 2.96692e-16 125.74 19.913 0.06606
125.905 20.0155 0.0604573 0.016111 125.74 19.913 0.06606
125.702 19.1705 0.0654417 3.76998e-07 125.74 19.913 0.06606
126.119 20.376 0.0703744 8.67442e-12 125.74 19.913 0.06606
125.695 19.9306 0.0587539 0.0346358 125.74 19.913 0.06606
125.824 19.5244 0.0578145 0.0463706 125.74 19.913 0.06606
126.193 20.0893 0.061957 3.73296e-05 125.74 19.913 0.06606
126.164 19.5109 0.057269 0.00249048 125.74 19.913 0.06606
125.463 19.8619 0.0627906 0.000580126 125.74 19.913 0.06606
126.134 20.279 0.0521365 3.54036e-06 125.74 19.913 0.06606
125.386 19.4316 0.0554561 1.64084e-06 125.74 19.913 0.06606
125.648 20.5081 0.0577143 3.0458e-10 125.74 19.913 0.06606
126.117 20.3178 0.081938 6.21678e-19 125.74 19.913 0.06606
125.911 20.1659 0.0546052 0.00094197 125.74 19.913 0.06606
125.696 19.932 0.0697563 0.000191038 125.74 19.913 0.06606
125.46 19.6435 0.0756089 9.71122e-08 125.74 19.913 0.06606
126.431 20.22 0.0494164 1.10486e-08 125.74 19.913 0.06606
125.65 19.882 0.065553 0.00471105 125.74 19.913 0.06606
126.06 19.4444 0.0688353 1.29382e-05 125.74 19.913 0.06606
125.873 19.7505 0.0558547 0.271299 125.74 19.913 0.06606
125.607 20.0889 0.0679399 1.91812e-05 125.74 19.913 0.06606
125.816 20.3893 0.0765958 6.99976e-14 125.74 19.913 0.06606
125.944 20.0176 0.0690874 4.8109e-05 125.74 19.913 0.06606
125.906 19.9987 0.0574595 0.0376828 125.74 19.913 0.06606
126.454 19.7697 0.0590075 2.1197e-06 125.74 19.913 0.06606
125.497 19.7642 0.0578383 0.00269713 125.74 19.913 0.06606
125.657 19.6131 0.0775043 7.07667e-08 125.74 19.913 0.06606
125.926 19.6765 0.0771617 4.72718e-08 125.74 19.913 0.06606
126.296 19.715 0.0553882 0.000967245 125.74 19.913 0.06606
125.663 19.5426 0.0493797 0.000525562 125.74 19.913 0.06606
125.927 19.8969 0.0607383 0.0702605 125.74 19.913 0.06606
125.698 19.9725 0.0604088 0.0166501 125.74 19.913 0.06606
125.588 19.1121 0.0428961 3.49262e-13 125.74 19.913 0.06606
126.016 20.3233 0.05933 1.86584e-06 125.74 19.913 0.06606
125.881 19.9587 0.0709545 3.49988e-05 125.74 19.913 0.06606
125.878 19.9214 0.0805413 7.1122e-11 125.74 19.913 0.06606
125.691 20.1893 0.0473501 3.5e-06 125.74 19.913 0.06606
125.726 19.9791 0.0649502 0.0035404 125.74 19.913 0.06606
125.722 20.4892 0.0668248 4.35128e-11 125.74 19.913 0.06606
125.19 20.1196 0.0786261 6.84183e-15 125.74 19.913 0.06606
125.669 19.7935 0.0692235 0.000871159 125.74 19.913 0.06606
125.906 19.8711 0.0510214 0.0533096 125.74 19.913 0.06606
126.072 20.1606 0.073311 1.37978e-09 125.74 19.913 0.06606
125.537 19.6523 0.0695706 0.000129775 125.74 19.913 0.06606
125.128 19.1979 0.061653 2.68897e-13 125.74 19.913 0.06606
126.064 20.2656 0.0600187 6.6531e-06 125.74 19.913 0.06606
125.707 20.3773 0.045836 2.36797e-09 125.74 19.913 0.06606
125.83 20.3067 0.069766 1.2302e-08 125.74 19.913 0.06606
125.897 19.5767 0.057337 0.0994554 125.74 19.913 0.06606
125.727 19.9981 0.0586664 0.0186433 125.74 19.913 0.06606
126.267 19.8501 0.0596942 0.000601955 125.74 19.913 0.06606
126.179 19.799 0.0589543 0.00840802 125.74 19.913 0.06606
125.923 19.993 0.0566287 0.0411461 125.74 19.913 0.06606
125.614 20.4805 0.0773275 2.33914e-16 125.74 19.913 0.06606
125.493 19.9282 0.0552211 0.000514786 125.74 19.913 0.06606
125.343 19.6676 0.054381 6.22613e-06 125.74 19.913 0.06606
125.577 20.2165 0.05429 6.98541e-06 125.74 19.913 0.06606
125.824 19.5551 0.0648531 0.0114193 125.74 19.913 0.06606
125.854 19.3637 0.0408528 2.85571e-08 125.74 19.913 0.06606
125.756 19.5002 0.0621884 0.0129086 125.74 19.913 0.06606
