13.6903 -91.9186 3.56746 2.3486e-05
12.6977 -91.4437 3.56513 7.44205e-05
12.9677 -91.2849 3.56135 8.02187e-05
13.1404 -91.1456 3.55888 3.22468e-06
14.0841 -90.9649 3.57736 2.453e-08
13.5163 -91.7607 3.58882 0.0213282
12.9891 -91.9763 3.5686 0.000502577
13.2716 -92.3914 3.58087 1.24774e-07
12.9355 -91.6987 3.60259 2.22121e-07
13.7549 -91.4902 3.57141 0.000236552
13.2372 -90.5189 3.57031 9.6393e-11
13.3725 -91.5923 3.60583 0.000372383
13.8794 -91.4247 3.57823 0.000491312
13.3833 -91.35 3.57119 0.0061411
13.0096 -92.252 3.56058 2.78589e-06
13.5703 -91.6273 3.57299 0.0060021
13.105 -91.4404 3.56609 0.0029698
12.6933 -91.2112 3.57027 1.45705e-05
13.9982 -91.6915 3.56955 4.25829e-07
12.7789 -91.3538 3.58701 5.18978e-05
12.9168 -91.3507 3.58315 0.00169365
13.2121 -91.8988 3.5595 0.000183845
13.4511 -91.2688 3.57351 0.00491052
12.836 -91.4088 3.59456 1.34915e-05
13.3053 -91.6705 3.55833 0.000125113
13.4365 -91.4797 3.55673 5.20543e-06
14.3122 -91.5771 3.5798 2.31397e-08
13.453 -91.9939 3.58532 0.00107013
13.2723 -91.6203 3.58136 0.0650867
13.3167 -91.9969 3.54798 7.12262e-08
13.3666 -91.8036 3.55587 1.47543e-05
13.2507 -91.1188 3.57734 0.00384012
13.2262 -91.4146 3.5796 0.0578272
14.0324 -91.2605 3.57607 2.39732e-06
13.1287 -90.7818 3.5719 5.77502e-07
13.2391 -91.3089 3.57561 0.0193554
13.4835 -91.417 3.57364 0.0120524
13.7421 -91.0568 3.58537 0.00215545
13.5767 -91.2492 3.57031 0.000326067
13.0615 -91.5822 3.57809 0.0194417
14.3729 -91.6899 3.59632 5.91434e-07
13.5326 -90.865 3.57526 8.70387e-06
14.0728 -91.4314 3.57265 3.38208e-07
13.1535 -91.1665 3.54993 9.61881e-09
13.7684 -91.5317 3.56088 3.2984e-07
13.3707 -91.2659 3.55892 5.05209e-06
13.4488 -90.8399 3.54356 6.2955e-17
13.4339 -91.6617 3.56158 0.000194577
13.5483 -91.2832 3.55859 4.7626e-07
13.6147 -91.2266 3.58085 0.011849
13.4161 -90.8467 3.5783 3.86596e-05
13.0864 -91.1323 3.57023 0.000387996
13.1195 -91.8225 3.56675 0.00312779
13.6354 -91.5679 3.57854 0.0177968
13.692 -91.6658 3.57008 0.000364329
13.5296 -91.6697 3.57318 0.00828282
13.3162 -91.4282 3.57823 0.0648574
14.0352 -91.7058 3.5708 3.16796e-07
12.874 -91.5835 3.58635 0.000378978
13.6493 -91.7772 3.58775 0.0119578
13.1028 -91.2829 3.59919 0.000541994
13.0059 -91.0494 3.57133 8.32044e-05
13.1457 -91.51 3.57474 0.03001
13.791 -91.5162 3.59617 0.0318026
13.637 -91.9393 3.55198 5.59236e-09
13.6358 -91.3245 3.58503 0.0516069
12.5666 -90.7832 3.57135 3.09061e-10
13.5773 -91.6453 3.57726 0.0176707
13.5952 -91.675 3.55628 6.56463e-07
13.4413 -91.4995 3.59652 0.0420458
13.3248 -91.6091 3.56636 0.00393761
12.845 -91.5687 3.58941 8.1577e-05
13.4206 -91.4992 3.57944 0.080882
12.9027 -91.9423 3.5572 6.33117e-05
13.6284 -91.9061 3.55861 7.89977e-07
13.2569 -91.2245 3.59027 0.0272361
13.5012 -91.4171 3.58509 0.123171
13.564 -91.3153 3.56877 0.000342426
13.057 -91.8695 3.58302 0.0011826
14.556 -91.6843 3.57835 9.35382e-13
13.3746 -91.7391 3.55565 1.33735e-05
12.9195 -92.252 3.57084 2.101e-06
13.404 -91.5913 3.57817 0.062794
12.923 -91.055 3.56091 1.19359e-06
13.5259 -91.555 3.58399 0.0937003
13.9666 -91.4489 3.5761 3.47903e-05
13.563 -91.2861 3.57188 0.00118229
13.3378 -91.4264 3.57065 0.0100871
13.2894 -91.5917 3.58404 0.0742948
13.7915 -91.0207 3.57447 5.31536e-06
13.4795 -91.2476 3.55906 1.15699e-06
13.2469 -92.5729 3.58136 2.50053e-10
14.0059 -91.5693 3.56305 4.00612e-09
13.6253 -91.2146 3.55004 1.98967e-11
13.1996 -91.9831 3.58372 0.000703967
13.4633 -91.6093 3.56267 0.000236592
13.6774 -91.3563 3.56754 5.0026e-05
12.658 -91.7818 3.58153 3.79323e-06
13.6613 -91.236 3.55978 7.98177e-08
13.7775 -91.8958 3.58225 0.000577514
