99.3506 -28.7354 3.48047 5.20175e-11 98.915 -28.431 3.4855
99.1749 -28.2471 3.50827 8.33565e-09 98.915 -28.431 3.4855
99.1748 -28.982 3.48531 7.97904e-11 98.915 -28.431 3.4855
98.1481 -28.8148 3.46096 9.87183e-14 98.915 -28.431 3.4855
99.2352 -28.6034 3.49159 1.49227e-06 98.915 -28.431 3.4855
98.7973 -28.4305 3.48511 0.0601884 98.915 -28.431 3.4855
98.7297 -28.5192 3.4991 7.4568e-05 98.915 -28.431 3.4855
98.9803 -28.7896 3.48349 4.27351e-06 98.915 -28.431 3.4855
99.2707 -28.8822 3.47657 1.0232e-12 98.915 -28.431 3.4855
98.4763 -28.1265 3.47422 0.000185464 98.915 -28.431 3.4855
99.1506 -28.658 3.48195 8.98469e-07 98.915 -28.431 3.4855
98.9627 -28.8243 3.49815 1.61146e-08 98.915 -28.431 3.4855
98.9194 -28.1537 3.47204 2.98697e-07 98.915 -28.431 3.4855
98.879 -28.714 3.46986 6.90223e-09 98.915 -28.431 3.4855
98.9257 -28.4934 3.47389 4.85373e-06 98.915 -28.431 3.4855
99.4704 -28.7418 3.46609 9.70002e-22 98.915 -28.431 3.4855
98.6997 -28.8311 3.48353 3.16296e-05 98.915 -28.431 3.4855
98.6461 -28.4255 3.48195 0.0598118 98.915 -28.431 3.4855
98.5831 -28.2633 3.48866 0.190341 98.915 -28.431 3.4855
98.6498 -29.1051 3.48311 1.03027e-09 98.915 -28.431 3.4855
99.334 -28.3075 3.49467 2.62717e-06 98.915 -28.431 3.4855
98.4563 -28.3403 3.47556 0.0019817 98.915 -28.431 3.4855
98.6878 -28.23 3.49104 0.175398 98.915 -28.431 3.4855
99.0575 -28.7633 3.47411 3.41051e-09 98.915 -28.431 3.4855
98.2625 -28.4267 3.46615 3.01768e-08 98.915 -28.431 3.4855
98.7989 -28.6508 3.49404 0.000207007 98.915 -28.431 3.4855
98.8065 -28.6123 3.49467 0.000347187 98.915 -28.431 3.4855
98.8462 -28.647 3.48076 0.000443286 98.915 -28.431 3.4855
98.741 -28.4426 3.48549 0.0816504 98.915 -28.431 3.4855
99.138 -28.6747 3.47615 1.35505e-08 98.915 -28.431 3.4855
98.7556 -28.6373 3.47484 3.76677e-05 98.915 -28.431 3.4855
98.6409 -28.5402 3.47778 0.00295889 98.915 -28.431 3.4855
98.7637 -28.6917 3.47759 9.3333e-05 98.915 -28.431 3.4855
98.9494 -28.1377 3.46591 6.48511e-12 98.915 -28.431 3.4855
99.1424 -28.0555 3.49125 0.000491756 98.915 -28.431 3.4855
98.2177 -28.5056 3.47813 0.000165858 98.915 -28.431 3.4855
99.5313 -28.1731 3.47574 3.61063e-15 98.915 -28.431 3.4855
99.1387 -28.9487 3.47879 6.55613e-11 98.915 -28.431 3.4855
98.6541 -27.9936 3.49322 0.0217828 98.915 -28.431 3.4855
98.612 -28.4912 3.48181 0.0320604 98.915 -28.431 3.4855
99.0256 -28.5424 3.49273 0.00044021 98.915 -28.431 3.4855
98.8326 -29.1366 3.47471 3.56578e-12 98.915 -28.431 3.4855
99.2941 -28.2172 3.47757 3.85126e-09 98.915 -28.431 3.4855
98.8137 -28.4348 3.48957 0.0526173 98.915 -28.431 3.4855
99.1152 -27.8931 3.49113 9.78963e-05 98.915 -28.431 3.4855
99.6562 -28.1588 3.49261 4.41414e-12 98.915 -28.431 3.4855
98.8594 -28.3076 3.48004 0.00658475 98.915 -28.431 3.4855
99.3457 -28.6175 3.4827 3.35189e-09 98.915 -28.431 3.4855
99.1222 -28.7517 3.4889 9.56877e-07 98.915 -28.431 3.4855
98.9859 -28.8112 3.49076 1.60445e-06 98.915 -28.431 3.4855
98.9384 -28.2459 3.47777 0.000254998 98.915 -28.431 3.4855
99.6034 -28.1579 3.46937 9.92772e-22 98.915 -28.431 3.4855
98.5394 -28.3181 3.49264 0.0299297 98.915 -28.431 3.4855
99.2457 -28.9552 3.49063 2.4073e-11 98.915 -28.431 3.4855
98.2429 -28.538 3.47325 1.51983e-05 98.915 -28.431 3.4855
98.6519 -28.9931 3.4834 1.20405e-07 98.915 -28.431 3.4855
98.9952 -28.2871 3.49643 0.00330134 98.915 -28.431 3.4855
99.0818 -28.1252 3.46687 5.01958e-13 98.915 -28.431 3.4855
99.7551 -28.3099 3.48251 4.1706e-17 98.915 -28.431 3.4855
99.1795 -28.6954 3.48928 9.94887e-07 98.915 -28.431 3.4855
98.6245 -28.1961 3.47839 0.0112067 98.915 -28.431 3.4855
99.0689 -28.2642 3.49037 0.00506062 98.915 -28.431 3.4855
98.1361 -28.4861 3.47901 4.10489e-05 98.915 -28.431 3.4855
98.6454 -28.8372 3.46617 1.85468e-10 98.915 -28.431 3.4855
99.0504 -28.5465 3.47216 1.6103e-08 98.915 -28.431 3.4855
99.1728 -29.1105 3.468 7.82562e-19 98.915 -28.431 3.4855
99.2361 -29.1747 3.48689 2.14643e-15 98.915 -28.431 3.4855
99.4394 -28.7035 3.4759 2.72735e-14 98.915 -28.431 3.4855
99.2258 -28.9319 3.47661 1.20762e-12 98.915 -28.431 3.4855
99.1591 -27.8202 3.48236 8.46571e-08 98.915 -28.431 3.4855
98.8328 -28.1697 3.48833 0.124211 98.915 -28.431 3.4855
99.3133 -28.3621 3.49494 3.12022e-06 98.915 -28.431 3.4855
98.9765 -28.3653 3.49307 0.00927782 98.915 -28.431 3.4855
99.577 -28.9194 3.4576 2.14145e-34 98.915 -28.431 3.4855
98.9548 -28.0325 3.48919 0.0115859 98.915 -28.431 3.4855
98.9922 -28.5752 3.47093 1.30664e-08 98.915 -28.431 3.4855
98.797 -28.6136 3.48615 0.0048157 98.915 -28.431 3.4855
99.1683 -28.51 3.46746 3.63573e-13 98.915 -28.431 3.4855
98.8352 -28.7471 3.47699 7.62303e-06 98.915 -28.431 3.4855
98.7384 -28.7007 3.49079 0.000338878 98.915 -28.431 3.4855
98.8275 -28.2296 3.47665 0.000596759 98.915 -28.431 3.4855
99.3664 -29.1438 3.4746 1.49408e-19 98.915 -28.431 3.4855
98.4623 -28.7284 3.49209 1.30658e-05 98.915 -28.431 3.4855
99.1796 -28.6512 3.48896 2.91762e-06 98.915 -28.431 3.4855
98.6373 -27.9725 3.48997 0.0311291 98.915 -28.431 3.4855
98.9471 -28.6078 3.49736 2.53125e-05 98.915 -28.431 3.4855
98.9196 -28.5726 3.49193 0.00137448 98.915 -28.431 3.4855
99.3499 -29.1791 3.47775 9.57996e-19 98.915 -28.431 3.4855
98.8582 -28.3522 3.49077 0.0653548 98.915 -28.431 3.4855
98.8133 -28.5915 3.47993 0.00120583 98.915 -28.431 3.4855
99.2038 -27.9752 3.47308 1.27693e-11 98.915 -28.431 3.4855
98.9766 -28.6303 3.49404 8.252e-05 98.915 -28.431 3.4855
98.0085 -28.2629 3.46728 7.29357e-10 98.915 -28.431 3.4855
99.3866 -28.3271 3.47183 4.42763e-14 98.915 -28.431 3.4855
98.4238 -27.3569 3.47778 3.5036e-14 98.915 -28.431 3.4855
99.3346 -28.9316 3.48633 3.27748e-12 98.915 -28.431 3.4855
99.0066 -28.751 3.49644 4.63512e-07 98.915 -28.431 3.4855
99.2744 -28.6844 3.47318 2.79918e-12 98.915 -28.431 3.4855
98.7437 -28.6752 3.482 0.00110587 98.915 -28.431 3.4855
98.988 -28.3099 3.48571 0.0110489 98.915 -28.431 3.4855
