134.271 20.21 0.0726746 3.73153e-05
134.779 20.2487 0.0890129 2.26566e-10
133.824 20.3386 0.0772578 4.70151e-10
134.538 19.9874 0.0654256 1.57922e-08
134.732 20.6931 0.0641146 0.102876
134.484 20.0454 0.0694474 8.37617e-07
135.095 19.7228 0.0678907 2.17919e-18
135.015 20.3598 0.0800349 2.54984e-08
134.465 20.6214 0.0788993 0.00324794
134.083 20.056 0.0574695 3.39164e-14
134.882 20.3964 0.0606575 0.000151198
134.333 20.0769 0.0632531 2.65062e-08
134.76 20.4623 0.0503171 5.09141e-07
134.992 20.5452 0.0807832 9.44692e-08
134.552 20.5168 0.074092 0.0414054
134.597 20.6463 0.0723716 0.0940596
134.609 19.7147 0.0802083 4.54463e-14
135.343 20.3194 0.0675073 6.65438e-12
134.216 20.2389 0.0607327 1.19123e-07
134.516 20.6691 0.0725214 0.0989079
134.062 20.4344 0.0700502 1.77318e-05
134.482 19.4019 0.0831513 4.51515e-23
134.199 20.2535 0.0761565 2.17187e-05
134.848 20.6405 0.070812 0.00724782
134.336 20.4098 0.0797974 0.000459083
133.993 20.2733 0.0812896 2.72e-08
134.183 19.8387 0.0853542 3.91452e-13
134.724 20.6361 0.0798692 0.000182705
135.028 20.4027 0.0526803 3.00445e-08
134.048 20.142 0.0662619 1.56949e-09
134.311 20.4625 0.0707082 0.0103256
133.983 20.3262 0.0956536 2.30645e-14
134.433 19.8051 0.065542 5.70319e-13
134.583 19.4739 0.0729804 7.00004e-21
134.523 20.804 0.0758918 0.00553298
134.983 20.8045 0.0804768 2.0789e-08
134.226 20.363 0.0887759 3.02339e-08
134.582 20.7146 0.0689663 0.207038
134.724 20.0777 0.0924917 2.06054e-13
134.271 20.3742 0.0711633 0.00143529
134.205 20.5459 0.0581196 1.24416e-05
134.001 20.7208 0.0766153 2.33827e-06
135.043 19.6824 0.0632986 1.03716e-19
134.14 20.7792 0.0561854 1.48576e-06
134.215 20.0398 0.0691336 1.60274e-08
134.265 19.9462 0.0867083 3.79097e-11
135.067 20.3406 0.0538783 5.74078e-09
133.962 19.9314 0.0798648 5.54097e-13
134.38 20.5575 0.0570563 0.000314572
134.412 20.5997 0.0607025 0.011155
134.416 20.4256 0.078987 0.00153115
134.395 20.3997 0.0712952 0.0119728
134.339 20.0582 0.055646 5.75021e-12
134.746 20.4155 0.0745889 0.00226804
134.707 20.3198 0.0763696 0.000396177
135.097 19.8681 0.0811526 2.52032e-16
134.489 20.8659 0.0705838 0.0316191
134.333 19.5279 0.0530759 4.49347e-29
134.487 20.5209 0.0570518 0.000778433
134.988 20.1751 0.0580147 3.79591e-09
134.364 20.6214 0.0718922 0.0502307
134.9 19.6926 0.0815292 2.83694e-17
134.548 20.4319 0.0811541 0.000317821
135.129 20.289 0.085652 1.56571e-13
134.759 20.1891 0.0595203 8.39082e-07
134.078 20.1909 0.0925076 3.57496e-12
134.73 20.2936 0.0490145 6.02272e-10
134.184 20.7262 0.0921434 1.99746e-11
134.776 20.5927 0.0779793 0.00044131
134.196 20.1166 0.0770738 4.32745e-07
134.436 20.7497 0.0846383 3.23635e-06
134.002 20.9964 0.0709338 1.6176e-07
134.674 20.6371 0.0920229 2.90404e-11
134.087 20.7675 0.0965036 8.28321e-16
134.738 20.752 0.0494021 1.52377e-05
135.008 20.0834 0.0730616 2.3546e-09
134.742 20.6417 0.0653414 0.0921419
134.473 19.8266 0.0676449 9.77019e-12
133.77 20.1374 0.0824535 1.45743e-13
134.009 21.0427 0.052314 2.43894e-11
134.38 19.9285 0.0630173 4.20907e-11
134.558 20.5053 0.0820526 0.000193394
134.073 20.4574 0.0850502 1.37874e-07
134.456 20.1462 0.0789785 9.51307e-06
134.444 20.6073 0.0997859 1.80782e-16
134.19 20.688 0.0657562 0.00174958
134.671 20.1852 0.0790547 8.03772e-06
134.46 20.4477 0.0758633 0.0112133
134.401 20.2632 0.0669928 0.000352115
134.996 20.3329 0.0594492 1.46941e-06
134.397 20.5296 0.0721882 0.0472126
135.093 20.9217 0.0664078 4.49896e-06
134.798 20.4012 0.0855477 6.79382e-08
134.614 20.6733 0.0711129 0.126728
134.458 20.4428 0.0686813 0.0363086
134.258 20.2057 0.0704445 2.03506e-05
134.836 19.9582 0.0754027 9.80049e-10
133.977 20.4195 0.0417679 7.32981e-22
134.865 19.8217 0.0625742 3.38208e-14
134.174 20.4473 0.0632548 4.68397e-05
