-7.58334 -94.9252 2.97836 7.93263e-06 -8.0719 -94.951 2.9829
-9.00258 -94.3577 2.97505 1.49641e-15 -8.0719 -94.951 2.9829
-8.14305 -94.792 2.97706 0.0107407 -8.0719 -94.951 2.9829
-8.22662 -95.0102 2.95986 7.47162e-09 -8.0719 -94.951 2.9829
-8.2973 -95.1325 2.98486 0.0171685 -8.0719 -94.951 2.9829
-8.70466 -94.4016 2.98944 8.42269e-12 -8.0719 -94.951 2.9829
-7.94873 -94.6399 2.96227 6.22229e-12 -8.0719 -94.951 2.9829
-8.2722 -94.5993 2.97507 0.000103964 -8.0719 -94.951 2.9829
-7.86859 -95.1077 2.9661 4.92115e-08 -8.0719 -94.951 2.9829
-8.18359 -95.121 2.99449 0.000697869 -8.0719 -94.951 2.9829
-8.31055 -95.026 2.97745 0.0275098 -8.0719 -94.951 2.9829
-8.40151 -94.7552 2.9672 5.3308e-06 -8.0719 -94.951 2.9829
-8.47784 -94.6442 2.97705 6.89576e-05 -8.0719 -94.951 2.9829
-8.49157 -94.5761 2.9866 5.14744e-06 -8.0719 -94.951 2.9829
-8.97537 -94.8963 2.94616 2.36605e-19 -8.0719 -94.951 2.9829
-8.36311 -94.6059 2.96821 6.38995e-07 -8.0719 -94.951 2.9829
-8.22078 -94.7733 2.98747 0.0175905 -8.0719 -94.951 2.9829
-7.97957 -94.6405 2.95711 1.3084e-15 -8.0719 -94.951 2.9829
-8.50777 -95.3405 2.96492 8.53605e-07 -8.0719 -94.951 2.9829
-8.16335 -94.6358 2.97315 6.88951e-05 -8.0719 -94.951 2.9829
-8.14016 -94.8118 2.99319 0.00622886 -8.0719 -94.951 2.9829
-8.4583 -95.2385 2.98781 5.04727e-05 -8.0719 -94.951 2.9829
-8.76503 -94.9623 2.98167 5.78113e-07 -8.0719 -94.951 2.9829
-8.77562 -94.9884 2.97131 1.32349e-06 -8.0719 -94.951 2.9829
-8.59038 -94.7082 2.98484 6.94672e-06 -8.0719 -94.951 2.9829
-8.42367 -94.1567 2.97764 1.2037e-11 -8.0719 -94.951 2.9829
-8.0458 -94.8604 2.97619 0.00882649 -8.0719 -94.951 2.9829
-7.84459 -94.5731 2.99096 0.00155326 -8.0719 -94.951 2.9829
-8.16357 -94.4133 2.99354 3.30789e-06 -8.0719 -94.951 2.9829
-8.29176 -94.4216 2.96925 7.07293e-09 -8.0719 -94.951 2.9829
-8.39902 -94.9355 2.99725 9.55934e-07 -8.0719 -94.951 2.9829
-8.45599 -95.1707 2.9948 3.79355e-07 -8.0719 -94.951 2.9829
-8.72286 -95.4439 2.96519 8.47086e-09 -8.0719 -94.951 2.9829
-8.29827 -94.7547 2.98481 0.00888907 -8.0719 -94.951 2.9829
-8.01696 -94.4334 2.98161 2.29782e-05 -8.0719 -94.951 2.9829
-8.62356 -94.5968 2.96221 2.22243e-10 -8.0719 -94.951 2.9829
-8.24188 -94.3836 2.98214 3.32255e-06 -8.0719 -94.951 2.9829
-8.29412 -94.9437 2.97645 0.0202574 -8.0719 -94.951 2.9829
-7.92288 -95.0791 2.96571 1.19894e-07 -8.0719 -94.951 2.9829
-8.7567 -94.3117 2.98116 2.44208e-12 -8.0719 -94.951 2.9829
-8.00857 -95.3603 2.96841 1.43795e-06 -8.0719 -94.951 2.9829
-8.22417 -94.9613 2.97154 0.00191569 -8.0719 -94.951 2.9829
-8.34952 -94.4816 2.97754 7.91586e-06 -8.0719 -94.951 2.9829
-8.89225 -95.1075 2.99273 6.08995e-14 -8.0719 -94.951 2.9829
-8.55867 -94.6764 2.97364 1.18921e-05 -8.0719 -94.951 2.9829
-8.12511 -94.7115 2.97528 0.00114787 -8.0719 -94.951 2.9829
-8.43621 -94.4448 2.9793 1.25255e-06 -8.0719 -94.951 2.9829
-8.26478 -95.1755 2.98266 0.0254034 -8.0719 -94.951 2.9829
-8.45099 -94.7476 2.97378 0.00023697 -8.0719 -94.951 2.9829
-8.12736 -94.8369 2.98205 0.0839827 -8.0719 -94.951 2.9829
-8.09174 -94.5421 2.97408 9.47753e-06 -8.0719 -94.951 2.9829
-8.37197 -94.7654 2.9731 0.000499898 -8.0719 -94.951 2.9829
-8.07253 -94.8434 2.98175 0.0860067 -8.0719 -94.951 2.9829
-8.15372 -94.8353 2.96721 8.49177e-06 -8.0719 -94.951 2.9829
-8.7554 -94.9228 2.97765 2.33051e-06 -8.0719 -94.951 2.9829
-8.12461 -94.8324 2.97586 0.00869902 -8.0719 -94.951 2.9829
-8.20852 -94.8902 2.99615 0.000343904 -8.0719 -94.951 2.9829
-7.99746 -94.9104 2.97745 0.0174533 -8.0719 -94.951 2.9829
-8.04163 -94.9717 2.98208 0.15666 -8.0719 -94.951 2.9829
-8.02886 -94.7483 2.96889 3.08926e-06 -8.0719 -94.951 2.9829
-8.01927 -95.3358 2.97101 2.79882e-05 -8.0719 -94.951 2.9829
-8.24771 -94.0857 2.98508 1.9263e-11 -8.0719 -94.951 2.9829
-8.05894 -94.5706 2.98487 0.00222276 -8.0719 -94.951 2.9829
-8.51094 -94.6256 2.98415 1.95191e-05 -8.0719 -94.951 2.9829
-8.38608 -94.9741 2.98644 0.00448498 -8.0719 -94.951 2.9829
-8.18703 -95.3972 2.98308 0.00113399 -8.0719 -94.951 2.9829
-8.72423 -94.9337 2.98023 3.86561e-06 -8.0719 -94.951 2.9829
-8.08364 -94.8138 2.98329 0.0867085 -8.0719 -94.951 2.9829
-7.82446 -95.0149 2.98827 0.0717309 -8.0719 -94.951 2.9829
-8.47088 -95.0316 2.98446 0.00135026 -8.0719 -94.951 2.9829
-7.85711 -94.9456 2.97643 0.0015999 -8.0719 -94.951 2.9829
-8.36421 -94.5424 2.97388 7.48328e-06 -8.0719 -94.951 2.9829
-7.72047 -94.6836 2.979 3.78882e-05 -8.0719 -94.951 2.9829
-8.39114 -94.8492 2.97041 0.000258697 -8.0719 -94.951 2.9829
-8.44005 -95.235 2.96727 2.88126e-05 -8.0719 -94.951 2.9829
-8.24528 -94.7356 2.9711 0.00012371 -8.0719 -94.951 2.9829
-7.49532 -94.6888 2.97728 9.27718e-09 -8.0719 -94.951 2.9829
-8.63719 -95.31 2.98331 1.20286e-06 -8.0719 -94.951 2.9829
-7.674 -95.1327 2.97047 3.6978e-08 -8.0719 -94.951 2.9829
-8.46254 -95.3272 2.98427 6.3797e-05 -8.0719 -94.951 2.9829
-8.72639 -94.7622 2.98531 1.04365e-07 -8.0719 -94.951 2.9829
-8.54691 -94.9852 2.98545 0.000133747 -8.0719 -94.951 2.9829
-8.28355 -94.3815 2.98396 2.37428e-06 -8.0719 -94.951 2.9829
-8.81387 -94.7909 2.98455 6.51986e-09 -8.0719 -94.951 2.9829
-8.49121 -94.7716 2.97573 0.000363508 -8.0719 -94.951 2.9829
-8.74508 -94.4228 2.96885 2.31833e-11 -8.0719 -94.951 2.9829
-8.59112 -94.7526 2.98776 2.75327e-06 -8.0719 -94.951 2.9829
-8.6524 -95.3056 2.99692 1.27105e-12 -8.0719 -94.951 2.9829
-7.90767 -95.0967 2.9828 0.0592477 -8.0719 -94.951 2.9829
-8.28694 -94.9753 2.96094 5.21884e-08 -8.0719 -94.951 2.9829
-8.32647 -94.9003 2.96409 1.70378e-06 -8.0719 -94.951 2.9829
-8.52619 -95.2581 2.97541 0.000225934 -8.0719 -94.951 2.9829
-8.26109 -94.7177 2.97058 6.06175e-05 -8.0719 -94.951 2.9829
-8.18057 -95.0664 3.00065 3.16046e-06 -8.0719 -94.951 2.9829
-8.10418 -94.7983 2.95984 1.03174e-10 -8.0719 -94.951 2.9829
-8.29155 -95.369 2.9882 0.000114418 -8.0719 -94.951 2.9829
-8.72077 -94.7585 2.99564 1.06323e-11 -8.0719 -94.951 2.9829
-8.233 -94.1323 2.98229 1.3758e-10 -8.0719 -94.951 2.9829
-7.87354 -95.049 2.98744 0.0945299 -8.0719 -94.951 2.9829
-8.132 -94.9759 2.98369 0.1733 -8.0719 -94.951 2.9829
