87.6264 -30.8285 3.56526 7.15728e-07 87.982 -31.282 3.5662
87.9342 -31.1807 3.56731 0.0125329 87.982 -31.282 3.5662
88.2418 -31.1945 3.56618 0.0674823 87.982 -31.282 3.5662
88.2234 -30.6697 3.54638 1.09607e-16 87.982 -31.282 3.5662
88.1764 -31.4458 3.56251 0.00248851 87.982 -31.282 3.5662
87.6771 -32.3099 3.55975 8.19037e-24 87.982 -31.282 3.5662
88.2518 -30.5791 3.56965 0.0002357 87.982 -31.282 3.5662
88.2418 -31.4001 3.56929 0.00089976 87.982 -31.282 3.5662
88.6442 -31.7368 3.55307 4.05875e-11 87.982 -31.282 3.5662
88.2032 -31.9469 3.58759 4.70737e-30 87.982 -31.282 3.5662
87.97 -30.6486 3.55453 2.53722e-10 87.982 -31.282 3.5662
88.0717 -31.2322 3.54885 5.67514e-07 87.982 -31.282 3.5662
88.0856 -31.3636 3.56603 0.00653006 87.982 -31.282 3.5662
87.9494 -30.7714 3.57113 0.00386756 87.982 -31.282 3.5662
87.7347 -31.2209 3.55752 1.88531e-05 87.982 -31.282 3.5662
88.7482 -31.4675 3.56357 1.42891e-08 87.982 -31.282 3.5662
87.2068 -31.2458 3.56415 3.00926e-15 87.982 -31.282 3.5662
87.8786 -31.3715 3.56586 0.000449722 87.982 -31.282 3.5662
88.327 -31.5997 3.57266 3.72696e-08 87.982 -31.282 3.5662
87.7666 -30.707 3.56878 1.7587e-05 87.982 -31.282 3.5662
87.7911 -31.3385 3.56011 0.000129989 87.982 -31.282 3.5662
88.1405 -31.3348 3.56039 0.0104184 87.982 -31.282 3.5662
87.9092 -30.8864 3.55686 7.04037e-06 87.982 -31.282 3.5662
88.3669 -31.3681 3.55939 0.00105391 87.982 -31.282 3.5662
88.5481 -31.2386 3.56597 0.000438117 87.982 -31.282 3.5662
87.9394 -31.1634 3.54886 9.46207e-08 87.982 -31.282 3.5662
87.7303 -31.3299 3.56242 3.94589e-05 87.982 -31.282 3.5662
87.4855 -31.0749 3.55994 5.36382e-09 87.982 -31.282 3.5662
88.1007 -31.6001 3.56628 1.02791e-05 87.982 -31.282 3.5662
87.8595 -31.731 3.5564 7.93475e-08 87.982 -31.282 3.5662
87.9082 -31.5256 3.53228 1.05701e-19 87.982 -31.282 3.5662
87.8103 -31.9309 3.54127 9.79941e-15 87.982 -31.282 3.5662
88.1583 -31.3662 3.55678 0.00166359 87.982 -31.282 3.5662
88.378 -31.3028 3.57451 9.87319e-05 87.982 -31.282 3.5662
88.4474 -31.2701 3.57555 3.38286e-05 87.982 -31.282 3.5662
88.224 -30.8777 3.55424 8.74188e-07 87.982 -31.282 3.5662
87.9593 -31.6383 3.55839 6.76646e-06 87.982 -31.282 3.5662
87.8912 -31.3081 3.56896 0.000605204 87.982 -31.282 3.5662
88.3 -31.3655 3.56062 0.00370334 87.982 -31.282 3.5662
87.9631 -31.0866 3.56074 0.00661373 87.982 -31.282 3.5662
88.4205 -30.9389 3.5578 2.51139e-05 87.982 -31.282 3.5662
87.9389 -31.0608 3.54714 8.27993e-10 87.982 -31.282 3.5662
88.227 -30.955 3.56944 0.113843 87.982 -31.282 3.5662
87.9519 -31.1378 3.55672 0.000560468 87.982 -31.282 3.5662
87.871 -31.4886 3.57937 3.01956e-11 87.982 -31.282 3.5662
87.8182 -31.93 3.58358 2.80949e-27 87.982 -31.282 3.5662
88.1391 -31.2359 3.56209 0.0370416 87.982 -31.282 3.5662
87.9126 -30.954 3.56797 0.0115497 87.982 -31.282 3.5662
88.3602 -31.4093 3.57413 7.90805e-06 87.982 -31.282 3.5662
87.5681 -30.9032 3.59146 5.86995e-17 87.982 -31.282 3.5662
87.3345 -31.7443 3.58249 2.09527e-29 87.982 -31.282 3.5662
88.1714 -30.9424 3.56917 0.115726 87.982 -31.282 3.5662
88.1666 -31.1781 3.56498 0.0868959 87.982 -31.282 3.5662
88.5382 -30.8333 3.5749 0.000552538 87.982 -31.282 3.5662
88.0744 -30.7685 3.55374 1.6635e-08 87.982 -31.282 3.5662
87.8238 -30.7612 3.57543 0.000124791 87.982 -31.282 3.5662
88.0757 -31.8622 3.57401 7.65099e-15 87.982 -31.282 3.5662
88.7662 -31.0194 3.57709 1.42212e-07 87.982 -31.282 3.5662
88.1436 -31.2806 3.56643 0.0295971 87.982 -31.282 3.5662
87.7298 -30.9403 3.58269 2.13999e-08 87.982 -31.282 3.5662
87.9024 -31.2113 3.56398 0.0067555 87.982 -31.282 3.5662
88.2853 -31.0138 3.5563 0.000132572 87.982 -31.282 3.5662
87.9042 -31.6981 3.57449 4.15476e-12 87.982 -31.282 3.5662
87.8933 -30.6764 3.57041 0.000252418 87.982 -31.282 3.5662
87.9674 -31.2863 3.55912 0.0033107 87.982 -31.282 3.5662
87.2381 -31.4068 3.5753 2.97316e-19 87.982 -31.282 3.5662
87.9639 -30.9434 3.56792 0.0241808 87.982 -31.282 3.5662
88.1544 -31.2773 3.57479 0.000414706 87.982 -31.282 3.5662
88.0523 -31.5604 3.56816 9.58067e-06 87.982 -31.282 3.5662
88.721 -31.0864 3.55826 5.76027e-08 87.982 -31.282 3.5662
88.1697 -31.6398 3.56182 1.62284e-05 87.982 -31.282 3.5662
87.9426 -32.0339 3.55411 1.29403e-12 87.982 -31.282 3.5662
88.0672 -31.5011 3.56388 0.000446997 87.982 -31.282 3.5662
87.89 -31.6343 3.5629 1.3637e-06 87.982 -31.282 3.5662
87.7783 -31.561 3.55184 1.45218e-07 87.982 -31.282 3.5662
88.1472 -31.3606 3.57139 0.000738908 87.982 -31.282 3.5662
87.9845 -31.4366 3.57016 6.10175e-05 87.982 -31.282 3.5662
88.2903 -31.5844 3.57344 4.1224e-08 87.982 -31.282 3.5662
88.268 -31.773 3.55609 1.34844e-07 87.982 -31.282 3.5662
88.1469 -31.0792 3.56186 0.0368024 87.982 -31.282 3.5662
88.6053 -31.25 3.56491 7.63304e-05 87.982 -31.282 3.5662
88.439 -31.0155 3.57254 0.00863143 87.982 -31.282 3.5662
87.9827 -31.0232 3.56458 0.0273106 87.982 -31.282 3.5662
88.1156 -31.0211 3.58058 0.000167692 87.982 -31.282 3.5662
87.7644 -31.2774 3.57558 3.97844e-07 87.982 -31.282 3.5662
88.2049 -31.1164 3.56614 0.117936 87.982 -31.282 3.5662
87.6018 -30.9718 3.56507 1.71027e-06 87.982 -31.282 3.5662
87.9544 -32.2083 3.53232 6.10461e-23 87.982 -31.282 3.5662
87.497 -31.7883 3.54683 7.03364e-15 87.982 -31.282 3.5662
88.1979 -31.3172 3.55286 8.78071e-05 87.982 -31.282 3.5662
88.1274 -31.4556 3.55342 8.56575e-05 87.982 -31.282 3.5662
87.4192 -31.3798 3.55988 1.10115e-10 87.982 -31.282 3.5662
88.3126 -31.9151 3.54675 8.46422e-12 87.982 -31.282 3.5662
88.1599 -30.6468 3.56114 4.09789e-06 87.982 -31.282 3.5662
87.9041 -31.4282 3.54955 6.85162e-07 87.982 -31.282 3.5662
88.1007 -31.0818 3.56665 0.116072 87.982 -31.282 3.5662
87.9459 -31.1552 3.5507 1.13146e-06 87.982 -31.282 3.5662
88.1764 -31.0288 3.56909 0.14097 87.982 -31.282 3.5662
87.8911 -30.8094 3.57774 0.000258444 87.982 -31.282 3.5662
88.4734 -32.1236 3.55854 2.35127e-16 87.982 -31.282 3.5662
