34.7822 -75.9013 3.92695 0.00672825 34.454 -76.15 3.9199
35.0116 -76.2909 3.9272 3.3315e-06 34.454 -76.15 3.9199
34.3981 -76.1885 3.91316 0.00770717 34.454 -76.15 3.9199
34.9406 -76.3894 3.91869 1.57112e-09 34.454 -76.15 3.9199
35.2601 -75.8394 3.90684 1.8879e-29 34.454 -76.15 3.9199
34.5681 -76.3919 3.94807 2.01331e-18 34.454 -76.15 3.9199
34.7907 -75.8399 3.91354 4.68563e-07 34.454 -76.15 3.9199
34.5459 -76.751 3.91218 3.64054e-16 34.454 -76.15 3.9199
34.8752 -76.291 3.90829 2.76951e-15 34.454 -76.15 3.9199
34.6517 -76.5301 3.94725 1.40216e-17 34.454 -76.15 3.9199
35.0313 -76.5768 3.92183 2.38043e-13 34.454 -76.15 3.9199
34.9578 -77.084 3.92545 5.48472e-27 34.454 -76.15 3.9199
34.9272 -76.499 3.94132 2.44012e-10 34.454 -76.15 3.9199
34.6928 -76.0226 3.91132 3.52039e-06 34.454 -76.15 3.9199
34.3447 -76.3477 3.90591 8.75291e-09 34.454 -76.15 3.9199
34.1034 -76.9252 3.91308 1.05019e-21 34.454 -76.15 3.9199
34.619 -75.7038 3.93219 1.21467e-06 34.454 -76.15 3.9199
34.937 -75.5362 3.93346 9.65309e-12 34.454 -76.15 3.9199
34.8508 -75.5753 3.92703 2.2501e-08 34.454 -76.15 3.9199
35.1448 -75.7715 3.92539 1.72488e-10 34.454 -76.15 3.9199
35.356 -76.1713 3.94054 1.71679e-12 34.454 -76.15 3.9199
34.3556 -76.4623 3.91819 3.29718e-05 34.454 -76.15 3.9199
34.9305 -76.66 3.92835 5.13629e-11 34.454 -76.15 3.9199
34.8779 -76.1409 3.93251 0.000929789 34.454 -76.15 3.9199
34.9766 -75.9142 3.93746 3.76206e-07 34.454 -76.15 3.9199
34.623 -76.0005 3.91722 0.0337872 34.454 -76.15 3.9199
34.8189 -76.5974 3.92573 1.23035e-08 34.454 -76.15 3.9199
34.7773 -76.2527 3.91857 9.09379e-05 34.454 -76.15 3.9199
35.0091 -76.2056 3.93048 3.26164e-05 34.454 -76.15 3.9199
34.4778 -75.6519 3.91786 0.000440841 34.454 -76.15 3.9199
34.2666 -75.929 3.89943 9.17062e-10 34.454 -76.15 3.9199
33.9436 -75.8963 3.91337 4.52915e-05 34.454 -76.15 3.9199
34.1411 -76.5248 3.9014 2.55574e-15 34.454 -76.15 3.9199
35.1367 -76.1609 3.91983 1.71485e-11 34.454 -76.15 3.9199
35.0931 -76.2611 3.91976 4.80815e-11 34.454 -76.15 3.9199
35.3531 -76.1692 3.91547 2.70825e-23 34.454 -76.15 3.9199
34.5393 -76.7491 3.93791 2.53346e-15 34.454 -76.15 3.9199
34.5762 -76.3174 3.93048 0.00143289 34.454 -76.15 3.9199
34.8709 -75.8672 3.92318 0.000202814 34.454 -76.15 3.9199
34.9935 -75.8604 3.91174 1.78488e-13 34.454 -76.15 3.9199
35.1382 -76.0756 3.91604 4.49699e-14 34.454 -76.15 3.9199
34.5003 -75.7996 3.92917 0.000327107 34.454 -76.15 3.9199
34.4183 -75.7703 3.93082 3.2859e-06 34.454 -76.15 3.9199
34.8549 -76.1054 3.92856 0.00570255 34.454 -76.15 3.9199
35.4672 -76.2378 3.92122 5.63948e-23 34.454 -76.15 3.9199
35.1498 -76.0817 3.92485 6.39573e-09 34.454 -76.15 3.9199
35.1141 -75.0863 3.9166 1.83883e-31 34.454 -76.15 3.9199
34.5124 -76.5259 3.91705 5.06528e-07 34.454 -76.15 3.9199
34.4957 -75.4486 3.94659 4.30758e-29 34.454 -76.15 3.9199
34.957 -76.08 3.92549 0.000145253 34.454 -76.15 3.9199
34.8202 -76.046 3.93747 1.31063e-05 34.454 -76.15 3.9199
35.089 -76.1527 3.92453 1.06813e-07 34.454 -76.15 3.9199
34.7749 -76.149 3.92708 0.0277039 34.454 -76.15 3.9199
35.231 -76.5584 3.91499 6.74836e-25 34.454 -76.15 3.9199
35.0448 -76.3456 3.9171 1.24189e-12 34.454 -76.15 3.9199
34.9598 -76.2567 3.9325 5.73773e-05 34.454 -76.15 3.9199
34.8744 -76.4356 3.91324 7.63189e-13 34.454 -76.15 3.9199
34.6452 -75.6105 3.91652 3.27471e-06 34.454 -76.15 3.9199
34.5653 -76.4991 3.9133 1.07937e-08 34.454 -76.15 3.9199
34.4001 -75.8229 3.92476 0.00812223 34.454 -76.15 3.9199
34.2647 -76.7468 3.91777 7.33531e-13 34.454 -76.15 3.9199
33.9694 -76.496 3.92574 6.27192e-13 34.454 -76.15 3.9199
34.5533 -76.1554 3.91441 0.00457116 34.454 -76.15 3.9199
34.5196 -76.279 3.91897 0.0198321 34.454 -76.15 3.9199
34.7791 -76.4747 3.91618 2.06561e-09 34.454 -76.15 3.9199
34.26 -76.2949 3.92139 0.0029282 34.454 -76.15 3.9199
35.2629 -76.5554 3.92441 1.20482e-17 34.454 -76.15 3.9199
35.1419 -75.5957 3.92927 8.0033e-13 34.454 -76.15 3.9199
34.6635 -76.168 3.92801 0.0696897 34.454 -76.15 3.9199
34.4649 -76.2109 3.92391 0.140422 34.454 -76.15 3.9199
34.4578 -76.724 3.94097 2.70112e-18 34.454 -76.15 3.9199
34.7998 -76.067 3.92136 0.00439409 34.454 -76.15 3.9199
35.0905 -75.8945 3.93549 7.12851e-08 34.454 -76.15 3.9199
34.6941 -76.3049 3.93256 0.000630612 34.454 -76.15 3.9199
35.0966 -76.5369 3.92243 1.00367e-13 34.454 -76.15 3.9199
34.6535 -76.0928 3.92995 0.0338634 34.454 -76.15 3.9199
34.3614 -76.9411 3.91537 2.63226e-20 34.454 -76.15 3.9199
34.2755 -76.0822 3.90348 5.51273e-07 34.454 -76.15 3.9199
34.5633 -76.3548 3.89965 1.14519e-18 34.454 -76.15 3.9199
34.5439 -75.8374 3.92393 0.0466941 34.454 -76.15 3.9199
34.8618 -76.3947 3.92174 1.53698e-06 34.454 -76.15 3.9199
34.147 -76.1174 3.9194 0.00671435 34.454 -76.15 3.9199
35.4673 -76.2775 3.92475 1.92968e-20 34.454 -76.15 3.9199
34.1481 -76.3597 3.94113 3.92043e-20 34.454 -76.15 3.9199
34.5568 -76.0084 3.91843 0.23409 34.454 -76.15 3.9199
34.7193 -76.0466 3.92881 0.0437127 34.454 -76.15 3.9199
35.2843 -75.9452 3.90877 1.19609e-27 34.454 -76.15 3.9199
34.4086 -76.3783 3.92858 0.000113151 34.454 -76.15 3.9199
34.9088 -76.1994 3.92498 0.0002929 34.454 -76.15 3.9199
34.9185 -75.605 3.93798 3.43509e-12 34.454 -76.15 3.9199
33.8202 -75.6971 3.93322 1.18029e-24 34.454 -76.15 3.9199
34.6331 -75.7908 3.92563 0.00546641 34.454 -76.15 3.9199
34.4963 -75.9167 3.9233 0.233637 34.454 -76.15 3.9199
34.2026 -76.4731 3.91468 9.65683e-07 34.454 -76.15 3.9199
35.1054 -76.5327 3.94135 6.60182e-12 34.454 -76.15 3.9199
34.2135 -76.1614 3.94281 1.78262e-19 34.454 -76.15 3.9199
34.3587 -76.2111 3.91682 0.0569802 34.454 -76.15 3.9199
34.2084 -76.2168 3.92547 0.000223993 34.454 -76.15 3.9199
35.241 -76.5462 3.93523 3.81125e-13 34.454 -76.15 3.9199
34.6671 -76.3652 3.92441 0.00222152 34.454 -76.15 3.9199
