18.4002 -91.2217 3.66502 3.93216e-07
18.3352 -90.5647 3.66266 0.00288478
18.2516 -90.9994 3.65176 2.02176e-07
17.683 -91.3685 3.64244 2.27165e-10
18.0638 -90.9986 3.64145 2.19041e-10
17.9838 -91.3452 3.67477 6.2142e-08
17.4528 -90.5076 3.62162 7.71836e-18
17.71 -90.6553 3.69268 6.25031e-12
17.7617 -90.9291 3.63625 5.26543e-10
17.5891 -90.46 3.66355 0.0200388
17.2268 -91.0108 3.65973 1.36747e-06
17.8628 -90.8643 3.63531 2.67828e-11
17.7192 -90.9729 3.6614 0.0063901
17.7243 -91.1827 3.65963 8.11749e-05
17.5883 -90.7619 3.67847 2.74908e-06
18.432 -90.9392 3.65076 6.25153e-10
17.683 -91.2736 3.65633 4.2937e-06
18.1889 -90.6155 3.65898 0.0048306
17.7839 -90.6615 3.65362 0.0145405
17.994 -90.8175 3.66851 0.097367
17.699 -90.8233 3.65414 0.00998533
17.7184 -90.6941 3.66607 0.0753305
18.1682 -90.8262 3.65938 0.00318956
17.8569 -90.1815 3.64784 8.08167e-07
17.4778 -91.1633 3.66123 7.89966e-06
17.9639 -91.682 3.65251 7.09222e-14
17.7374 -90.6611 3.65449 0.0242206
17.7185 -90.8382 3.66503 0.0289168
17.5431 -91.0322 3.64595 1.39142e-05
17.9231 -91.3169 3.65447 3.30657e-07
18.2295 -90.768 3.65913 0.00156446
17.2814 -91.6661 3.66111 1.85109e-15
17.4836 -91.2293 3.66388 6.28034e-07
18.1623 -91.1481 3.64556 1.88679e-10
17.9834 -90.9461 3.66767 0.0180193
17.8369 -90.9396 3.64781 3.44235e-05
17.6974 -90.9793 3.64497 8.02596e-06
17.2387 -91.369 3.64712 9.11967e-10
17.599 -91.0068 3.64495 9.48718e-06
17.5152 -90.5204 3.65704 0.0115867
18.1438 -90.9788 3.62988 7.23193e-20
17.4271 -90.9834 3.65698 0.000266651
17.7308 -91.2393 3.67 1.70711e-06
17.6775 -90.5019 3.65214 0.00542173
17.4809 -90.7333 3.64472 9.38795e-05
17.4632 -90.7343 3.6652 0.00131458
18.1494 -91.1993 3.67615 7.07481e-06
17.911 -90.7731 3.6623 0.120843
17.8058 -90.793 3.64707 9.69331e-05
18.336 -91.1904 3.6559 1.84362e-08
17.7413 -91.166 3.65885 0.000123957
17.2731 -90.3319 3.65506 3.94018e-05
17.839 -90.5292 3.6696 0.148843
17.9751 -90.9067 3.67772 0.00106621
17.5027 -90.7865 3.66681 0.00101814
16.98 -90.8598 3.66169 1.21773e-09
17.2137 -90.8689 3.62617 5.69635e-13
17.5586 -90.9641 3.66132 0.00151477
17.4441 -91.1338 3.66798 3.89197e-07
17.8899 -91.0389 3.66896 0.00192681
18.0684 -91.2685 3.66073 3.7695e-06
17.642 -90.9672 3.64838 0.000137905
17.8983 -90.3768 3.66406 0.10579
17.7191 -91.1934 3.65468 2.68658e-05
17.4378 -90.975 3.65968 0.00026308
18.0103 -90.8058 3.67086 0.0809906
17.8678 -90.7246 3.66898 0.128715
17.553 -90.9687 3.67182 1.43255e-05
17.6659 -90.8978 3.65355 0.00374345
17.3009 -90.9066 3.64321 5.45956e-06
17.0661 -91.3659 3.6456 3.75076e-11
17.5202 -90.6218 3.64967 0.00188121
17.3385 -90.7291 3.65681 0.000795995
17.1648 -91.2766 3.65418 3.28944e-09
17.4596 -90.2572 3.65648 0.000335583
17.9736 -91.3109 3.65778 9.81245e-07
17.7007 -90.5064 3.63451 1.44668e-10
17.4812 -90.9575 3.66113 0.000542494
17.2558 -90.9234 3.64944 2.6121e-05
16.9006 -90.7778 3.65143 1.3995e-08
17.3075 -90.4248 3.65073 0.000114777
17.5642 -90.8011 3.64665 0.000261999
17.411 -90.158 3.66232 2.19623e-05
17.3108 -90.8039 3.63227 1.07348e-09
17.8068 -90.9291 3.65215 0.000980753
17.6615 -91.0245 3.64428 3.13575e-06
18.009 -90.4939 3.6543 0.00210215
17.8726 -91.0718 3.65555 0.000346281
17.6678 -91.1069 3.64253 1.6815e-07
17.4148 -91.3941 3.64529 1.25184e-09
17.6889 -90.7375 3.67219 0.00391008
18.2462 -91.1708 3.64781 1.38721e-10
17.4881 -91.0917 3.66691 5.49789e-06
17.6479 -90.6423 3.64199 5.52487e-06
17.109 -90.9962 3.65737 1.55566e-07
18.0738 -90.4066 3.65763 0.00417911
17.7239 -90.7583 3.65175 0.0050276
17.9429 -90.6629 3.65129 0.000859398
17.7456 -90.8622 3.64744 0.000139238
17.6967 -90.5799 3.66741 0.0571601
