113.934 -22.1355 3.39353 3.51775e-11
114.324 -22.8119 3.42253 0.0483349
114.303 -22.6566 3.41769 0.0291011
114.06 -22.1989 3.41142 1.2683e-05
114.056 -22.0962 3.44339 4.88541e-23
114.222 -22.344 3.42937 3.66955e-07
114.787 -22.2669 3.43164 2.09817e-11
113.938 -22.242 3.42248 6.35081e-07
114.428 -22.6769 3.42426 0.0045022
114.351 -22.7515 3.42581 0.0108605
114.753 -22.8263 3.40236 2.07344e-15
114.275 -22.1246 3.43016 5.2273e-11
114.265 -22.5027 3.419 0.00531108
114.518 -22.8692 3.41939 0.00185077
113.66 -22.5149 3.43058 4.87776e-11
114.336 -22.3544 3.41391 4.74283e-05
114.463 -22.9148 3.42859 0.00228709
114.276 -22.9165 3.41799 0.073517
113.655 -23.2595 3.41001 3.04034e-05
114.608 -23.2773 3.42667 7.17614e-06
113.985 -22.3569 3.43557 3.18375e-12
114.348 -21.3473 3.41813 1.42828e-28
114.119 -22.6117 3.43691 5.32638e-09
114.252 -22.5082 3.44079 7.71603e-12
113.739 -22.5188 3.41664 0.00206259
113.973 -22.7676 3.43218 2.36348e-06
114.288 -23.0655 3.43398 3.41312e-05
113.844 -22.5739 3.41887 0.00729507
113.616 -22.7497 3.41594 0.00248557
114.778 -23.2858 3.42321 2.82638e-08
113.994 -22.5591 3.43186 2.73941e-07
114.321 -23.1548 3.42131 0.00462434
114.407 -22.2707 3.41957 2.43023e-06
114.323 -22.5545 3.41195 0.00114263
114.637 -22.6448 3.412 2.72234e-07
113.691 -22.161 3.4304 2.42513e-15
114.552 -21.7781 3.42635 2.23661e-18
113.757 -22.8699 3.43559 3.43906e-11
114.995 -21.8926 3.42033 1.51293e-21
114.196 -22.3962 3.4202 0.000669922
114.059 -22.8287 3.43441 1.10028e-06
114.039 -22.8063 3.41765 0.290506
113.883 -22.5187 3.40936 0.023818
114.01 -22.1776 3.40209 2.00342e-07
114.16 -22.401 3.41909 0.00120879
114.015 -23.0385 3.43188 1.1554e-05
114.347 -22.5483 3.42009 0.00428268
114.663 -22.521 3.42097 3.67927e-06
114.162 -21.6768 3.42755 9.0777e-21
113.972 -22.5222 3.4261 7.65313e-05
114.186 -22.2835 3.42382 4.73103e-06
114.517 -22.2356 3.42051 8.81888e-08
114.23 -23.1034 3.43908 2.71039e-08
113.849 -22.8142 3.39776 2.4569e-05
113.698 -22.6651 3.43731 1.29524e-14
114.541 -22.9933 3.42396 0.00143261
114.443 -22.4571 3.41344 3.22443e-05
114.814 -22.7829 3.43393 3.90841e-07
114.436 -22.8755 3.43147 0.000507182
114.42 -22.5247 3.41824 0.000850507
113.845 -22.5791 3.41295 0.0530392
114.357 -22.5915 3.42042 0.00702872
114.085 -22.3498 3.43254 2.32927e-09
113.983 -23.0617 3.41281 0.0336016
114.551 -22.1393 3.4228 9.30691e-10
114.349 -22.3858 3.42374 5.22709e-05
114.5 -22.5737 3.42786 0.000113843
114.113 -22.8901 3.42549 0.0203005
114.154 -22.4601 3.43296 9.05363e-08
113.912 -22.6968 3.43044 2.89865e-06
114.186 -22.01 3.40299 4.47568e-11
114.058 -22.1051 3.43731 3.06806e-17
114.452 -22.4882 3.41012 5.04499e-06
113.614 -23.0009 3.42499 9.56391e-07
114.678 -22.9039 3.43269 1.94498e-05
114.819 -22.4448 3.43098 3.49839e-09
114.235 -22.1549 3.40559 1.85547e-08
113.872 -22.4571 3.43461 1.50909e-11
114.463 -22.6727 3.42125 0.00352123
114.036 -22.6069 3.41355 0.103994
113.886 -22.2411 3.4285 3.14985e-10
113.893 -22.5531 3.41972 0.00624193
113.963 -22.172 3.41876 9.47841e-07
114.154 -22.3447 3.42045 0.000180252
114.075 -22.3713 3.43593 2.1917e-11
113.968 -22.7584 3.43414 1.20854e-07
114.735 -22.0302 3.4075 1.85198e-17
114.013 -22.5074 3.42173 0.0028221
113.71 -22.909 3.40949 0.0271106
114.219 -23.0163 3.42959 0.00148186
114.007 -22.7396 3.40885 0.0685262
113.939 -23.0034 3.43423 1.13403e-07
113.935 -22.41 3.41353 0.00472659
114.178 -22.1702 3.41497 2.1541e-06
114.331 -22.2938 3.43536 1.03267e-10
113.962 -22.2449 3.41052 7.5069e-05
114.456 -22.9849 3.41968 0.00417468
114.227 -22.8131 3.41777 0.145971
113.544 -22.4024 3.40054 4.78537e-05
113.996 -22.2753 3.40426 1.51207e-05
