119.762 -21.1815 3.39832 1.42016e-08 118.99 -21.481 3.3938
118.53 -22.6426 3.39852 5.75245e-21 118.99 -21.481 3.3938
118.09 -21.8448 3.38021 6.2316e-10 118.99 -21.481 3.3938
118.826 -21.2172 3.38952 0.0188203 118.99 -21.481 3.3938
118.744 -22.1093 3.38271 1.10465e-07 118.99 -21.481 3.3938
118.884 -21.2616 3.39273 0.0446972 118.99 -21.481 3.3938
119.321 -21.8869 3.38449 1.38722e-07 118.99 -21.481 3.3938
119.413 -21.8338 3.38729 4.75409e-07 118.99 -21.481 3.3938
119.171 -22.0845 3.38989 9.872e-07 118.99 -21.481 3.3938
118.831 -21.3971 3.40062 0.00481575 118.99 -21.481 3.3938
119.177 -21.3625 3.3959 0.0643335 118.99 -21.481 3.3938
118.84 -21.0565 3.38879 0.000864122 118.99 -21.481 3.3938
119.107 -21.4462 3.37791 3.18875e-06 118.99 -21.481 3.3938
118.171 -21.3499 3.38483 2.58468e-07 118.99 -21.481 3.3938
118.997 -21.8724 3.40539 5.88664e-05 118.99 -21.481 3.3938
119.214 -21.169 3.39566 0.00380133 118.99 -21.481 3.3938
119.332 -22.1551 3.40133 1.43451e-07 118.99 -21.481 3.3938
118.072 -21.4732 3.38985 5.64109e-10 118.99 -21.481 3.3938
119.237 -21.829 3.38443 4.23321e-06 118.99 -21.481 3.3938
118.817 -22.0085 3.40436 2.8991e-07 118.99 -21.481 3.3938
119.402 -21.3903 3.40508 0.00184996 118.99 -21.481 3.3938
119.034 -21.5735 3.38693 0.0231438 118.99 -21.481 3.3938
119.26 -21.0295 3.40355 2.40156e-05 118.99 -21.481 3.3938
118.786 -21.4623 3.37897 0.000949095 118.99 -21.481 3.3938
118.962 -21.1734 3.40255 0.000464312 118.99 -21.481 3.3938
119.174 -21.5785 3.39264 0.0513791 118.99 -21.481 3.3938
118.732 -21.7709 3.39309 0.00493878 118.99 -21.481 3.3938
119.057 -21.129 3.40455 0.000108621 118.99 -21.481 3.3938
119.073 -22.0752 3.39584 1.61929e-05 118.99 -21.481 3.3938
118.828 -21.4482 3.41187 3.52857e-08 118.99 -21.481 3.3938
118.918 -21.7637 3.40615 6.07172e-05 118.99 -21.481 3.3938
118.914 -20.9795 3.4154 3.73177e-13 118.99 -21.481 3.3938
119.392 -21.8105 3.40893 4.65026e-05 118.99 -21.481 3.3938
119.162 -21.7798 3.38712 0.000454646 118.99 -21.481 3.3938
118.893 -21.7244 3.37192 9.75247e-09 118.99 -21.481 3.3938
119.199 -21.4635 3.38942 0.0123973 118.99 -21.481 3.3938
118.715 -22.1805 3.39332 5.76552e-08 118.99 -21.481 3.3938
119.073 -21.3546 3.39949 0.0502536 118.99 -21.481 3.3938
118.959 -21.8463 3.40944 1.21198e-06 118.99 -21.481 3.3938
118.814 -22.1147 3.40713 7.418e-10 118.99 -21.481 3.3938
119.566 -21.0052 3.39264 1.40375e-08 118.99 -21.481 3.3938
118.717 -21.3968 3.41056 6.14709e-09 118.99 -21.481 3.3938
119.049 -21.9659 3.38335 2.25704e-06 118.99 -21.481 3.3938
119.658 -21.3294 3.39589 1.42445e-06 118.99 -21.481 3.3938
118.732 -21.2573 3.4057 1.31309e-06 118.99 -21.481 3.3938
119.33 -21.994 3.4018 2.21449e-05 118.99 -21.481 3.3938
118.729 -21.4984 3.38455 0.0250935 118.99 -21.481 3.3938
119.099 -22.0562 3.39634 2.73007e-05 118.99 -21.481 3.3938
118.93 -21.7459 3.38864 0.0160153 118.99 -21.481 3.3938
118.941 -21.7365 3.41994 5.71427e-13 118.99 -21.481 3.3938
119.004 -21.9712 3.39445 0.000372723 118.99 -21.481 3.3938
119.152 -21.2394 3.39861 0.0153702 118.99 -21.481 3.3938
119.344 -21.2805 3.37425 3.08494e-12 118.99 -21.481 3.3938
118.658 -21.5782 3.3958 0.00391618 118.99 -21.481 3.3938
118.999 -21.7097 3.42937 5.97358e-21 118.99 -21.481 3.3938
119.367 -21.3407 3.39358 0.00197298 118.99 -21.481 3.3938
118.916 -21.0616 3.37094 3.43322e-10 118.99 -21.481 3.3938
119.011 -20.7086 3.38264 3.2265e-10 118.99 -21.481 3.3938
118.734 -21.2308 3.40158 6.06361e-05 118.99 -21.481 3.3938
119.049 -21.3993 3.41587 1.45672e-08 118.99 -21.481 3.3938
119.47 -20.9848 3.38431 1.79289e-10 118.99 -21.481 3.3938
118.544 -21.7363 3.39723 2.59308e-05 118.99 -21.481 3.3938
119.715 -21.7491 3.37498 1.23087e-20 118.99 -21.481 3.3938
119.255 -21.4551 3.39678 0.0480505 118.99 -21.481 3.3938
118.616 -21.8601 3.38971 0.000275829 118.99 -21.481 3.3938
119.198 -21.7739 3.3831 7.92538e-06 118.99 -21.481 3.3938
118.836 -21.3932 3.40425 0.000284404 118.99 -21.481 3.3938
119.535 -21.2307 3.38063 1.37756e-11 118.99 -21.481 3.3938
119.009 -21.4457 3.39248 0.195928 118.99 -21.481 3.3938
119.96 -21.4418 3.39912 6.49708e-11 118.99 -21.481 3.3938
119.028 -21.2899 3.39594 0.060781 118.99 -21.481 3.3938
118.967 -21.6008 3.39278 0.156159 118.99 -21.481 3.3938
118.702 -21.421 3.38904 0.045068 118.99 -21.481 3.3938
118.848 -21.3148 3.41424 5.35872e-10 118.99 -21.481 3.3938
119.422 -21.9078 3.39864 4.70678e-05 118.99 -21.481 3.3938
119.113 -21.1206 3.39411 0.00330584 118.99 -21.481 3.3938
119.172 -21.218 3.41056 7.30076e-06 118.99 -21.481 3.3938
119.223 -21.5929 3.39165 0.0173268 118.99 -21.481 3.3938
119.306 -21.8575 3.38905 2.28219e-05 118.99 -21.481 3.3938
118.829 -21.0633 3.38608 0.000553958 118.99 -21.481 3.3938
118.869 -21.5293 3.41973 2.21361e-13 118.99 -21.481 3.3938
118.97 -21.3111 3.3891 0.0540311 118.99 -21.481 3.3938
118.894 -21.5668 3.38506 0.0245292 118.99 -21.481 3.3938
119.312 -21.1676 3.397 0.00117431 118.99 -21.481 3.3938
119.651 -21.7206 3.38026 1.74921e-14 118.99 -21.481 3.3938
119.095 -20.9564 3.38858 1.87951e-05 118.99 -21.481 3.3938
119.17 -21.471 3.36813 6.17791e-14 118.99 -21.481 3.3938
118.928 -21.713 3.38523 0.00565466 118.99 -21.481 3.3938
118.782 -21.2178 3.39212 0.012854 118.99 -21.481 3.3938
118.692 -21.158 3.39624 0.000312244 118.99 -21.481 3.3938
118.79 -21.3525 3.40242 0.000420809 118.99 -21.481 3.3938
119.055 -21.7061 3.38809 0.01013 118.99 -21.481 3.3938
118.789 -21.613 3.39937 0.00530993 118.99 -21.481 3.3938
118.87 -20.7717 3.37166 5.51457e-13 118.99 -21.481 3.3938
119.022 -21.7733 3.41082 2.41079e-06 118.99 -21.481 3.3938
118.883 -20.986 3.39157 0.000184364 118.99 -21.481 3.3938
118.806 -21.2541 3.39863 0.00275033 118.99 -21.481 3.3938
118.904 -21.8251 3.39244 0.0084195 118.99 -21.481 3.3938
119.313 -22.0106 3.39868 1.9461e-05 118.99 -21.481 3.3938
118.546 -22.2738 3.39118 8.80546e-11 118.99 -21.481 3.3938
