15.6968 -91.1986 3.62915 1.81529e-07
15.2044 -91.0754 3.63659 1.59717e-05
15.2071 -90.6785 3.61822 0.0394885
15.3992 -90.7875 3.62813 0.000676452
14.8325 -90.6471 3.60459 0.00659128
14.7564 -90.0404 3.5972 1.08792e-06
15.4154 -91.6038 3.62881 1.6339e-10
15.2669 -90.9518 3.61418 0.00511258
15.073 -90.5294 3.62563 0.000127629
15.3929 -89.9262 3.62897 5.70162e-07
15.1336 -90.9809 3.62528 6.47605e-06
15.751 -90.5412 3.62501 0.00964784
15.1574 -90.7246 3.59446 7.7342e-05
15.2291 -90.9619 3.60675 0.0023187
15.3017 -90.6577 3.62241 0.0197702
15.1144 -90.4788 3.62811 3.64352e-05
14.8964 -90.2573 3.63723 1.80249e-13
15.8856 -90.4891 3.59731 1.1836e-11
15.2796 -90.956 3.61815 0.00243528
15.1649 -90.5017 3.60737 0.0780782
14.8772 -90.4186 3.64013 2.48733e-15
15.5466 -91.0266 3.62197 0.000302935
15.0431 -91.018 3.61028 0.0450221
15.8677 -90.5749 3.63341 0.000272069
14.6748 -90.7292 3.6018 0.000407904
15.0413 -90.6862 3.62789 4.88945e-06
15.4545 -90.5748 3.63219 0.000281456
14.3109 -91.0915 3.63242 5.72215e-13
15.5928 -90.5095 3.61697 0.0487619
15.4014 -90.6831 3.62944 0.000748674
15.4886 -90.3717 3.61961 0.0490579
15.0334 -90.6737 3.61514 0.0163577
15.2994 -90.2339 3.62657 0.000401111
15.2428 -90.3275 3.59797 0.000152009
15.4528 -91.1753 3.62791 0.00011789
15.5493 -90.8093 3.61897 0.0168907
15.216 -90.8681 3.61049 0.0180848
14.979 -90.9362 3.6217 0.0169564
15.3569 -90.2659 3.60909 0.00962876
14.6541 -90.8656 3.6078 0.00940966
15.4263 -91.2785 3.61302 0.000124898
15.1833 -90.5976 3.62853 9.68703e-05
15.505 -90.7089 3.62685 0.00577527
15.1173 -90.7143 3.62585 0.000127325
15.2898 -90.5809 3.6035 0.0131554
15.9033 -90.5307 3.61866 0.00051554
15.2148 -90.5195 3.61797 0.0646941
15.6551 -90.84 3.60737 9.93821e-05
15.3564 -90.3734 3.61851 0.0598893
15.1419 -90.867 3.6046 0.00652884
15.1897 -90.5473 3.61325 0.131898
15.2751 -90.2115 3.61153 0.0100215
15.1045 -90.7359 3.61701 0.0139673
15.5295 -90.6574 3.62296 0.0351694
14.8807 -90.369 3.59702 0.000600025
15.4401 -90.931 3.61759 0.00522931
15.7316 -90.4953 3.61967 0.0127316
15.5406 -90.5688 3.59493 1.01646e-07
15.1018 -90.8312 3.6223 0.000354033
15.2406 -91.1204 3.62871 0.000324257
15.3546 -90.6067 3.59716 6.80608e-05
15.3742 -90.894 3.61872 0.00822065
15.0155 -91.1406 3.64296 3.04824e-09
15.2253 -91.0321 3.61143 0.00112906
14.9927 -90.3811 3.61745 0.00256456
15.2754 -90.9253 3.61802 0.00420306
15.6657 -90.9214 3.61923 0.00128697
15.5609 -90.7785 3.6158 0.0194068
14.8549 -91.0665 3.6113 0.00812402
15.2101 -90.8035 3.63506 4.31715e-08
15.0224 -90.728 3.62827 1.48873e-06
15.7937 -90.5508 3.63193 0.000877761
15.4257 -91.4975 3.6351 2.85033e-10
15.5203 -90.5354 3.62503 0.0257101
15.2376 -91.3019 3.62484 1.6773e-05
15.1649 -90.7593 3.60535 0.0245566
14.9043 -90.9995 3.61801 0.00912293
15.3457 -90.382 3.60338 0.00300702
15.0938 -90.1234 3.61883 0.000231951
15.4361 -90.7992 3.61128 0.0212171
14.9991 -90.7755 3.59569 0.000407961
14.9934 -90.6394 3.62792 1.82866e-06
15.0561 -90.8478 3.59539 0.000128449
15.3737 -91.0247 3.60227 3.11932e-05
15.528 -89.9085 3.62273 7.34735e-06
15.3689 -90.9343 3.62218 0.00146047
15.034 -90.9463 3.61734 0.0574295
15.5909 -90.7389 3.62622 0.0064001
15.355 -90.9486 3.61568 0.00514882
14.991 -90.4728 3.61302 0.0194164
15.4104 -90.2036 3.60529 0.000435764
15.8638 -91.4047 3.62315 5.26126e-09
14.7037 -90.689 3.60718 0.000496875
14.9342 -90.8529 3.62668 1.5756e-07
15.263 -91.0291 3.60801 0.000787013
15.1543 -90.3558 3.60531 0.018248
14.5459 -90.5158 3.60935 5.65281e-06
15.6546 -90.6527 3.63234 0.000603418
14.5513 -91.0486 3.60212 0.000699759
15.9029 -90.3095 3.60675 7.87153e-08
