96.0154 -30.2424 3.50371 6.89218e-08
95.6954 -28.7689 3.49975 4.1517e-15
95.2236 -29.7198 3.50083 1.55744e-09
95.9775 -30.2971 3.50574 4.95364e-09
95.6234 -29.7139 3.52905 2.54664e-15
96.0993 -29.7237 3.51279 0.00777203
96.3474 -29.5889 3.51903 2.17692e-05
96.362 -29.658 3.51976 3.46518e-06
95.4017 -30.1681 3.50306 1.37345e-09
96.1956 -29.7759 3.51363 0.000267219
96.0043 -29.0316 3.51216 4.98775e-05
95.4232 -29.7121 3.52117 2.84456e-10
96.2839 -29.8129 3.51202 2.89074e-05
95.747 -29.4214 3.52282 7.13463e-06
96.3911 -30.315 3.50442 8.53622e-14
96.3919 -29.575 3.50683 2.26815e-05
95.7624 -29.2559 3.51651 0.00226063
96.1134 -29.3431 3.50905 0.0102428
95.3026 -29.5108 3.51171 4.58874e-07
95.8471 -29.7441 3.50147 0.00887928
95.7769 -29.967 3.51962 4.81382e-09
95.8429 -29.3094 3.52514 5.7592e-07
95.6106 -29.7002 3.51903 4.1534e-06
95.8726 -29.1267 3.49384 1.29594e-15
95.6896 -29.3705 3.52825 1.42239e-10
95.883 -29.7685 3.51512 0.00302248
95.978 -30.2623 3.50565 2.86851e-08
95.6475 -29.7066 3.51276 0.00567479
95.6413 -29.5325 3.52196 1.61194e-06
95.816 -29.354 3.52368 4.92255e-06
95.1828 -29.7479 3.49984 9.16822e-11
95.9011 -29.879 3.50936 0.0105997
96.212 -29.4755 3.53476 1.94921e-14
95.2673 -29.7535 3.5074 8.87858e-08
95.5862 -29.7967 3.4877 1.63489e-13
96.1379 -29.5133 3.51073 0.0229885
95.5403 -30.0145 3.51623 1.81272e-09
95.6335 -29.9985 3.48797 1.10323e-12
96.0087 -29.5527 3.50754 0.110469
95.925 -29.6541 3.50758 0.223003
96.0824 -29.7034 3.49602 8.23217e-07
95.7326 -29.97 3.49498 9.48474e-07
95.7017 -29.9666 3.52967 2.18999e-20
95.8909 -29.6506 3.49328 3.31924e-08
96.3359 -29.6027 3.51101 0.000436626
95.7557 -29.2504 3.5117 0.00491555
95.5513 -29.9787 3.50395 3.93841e-05
95.7715 -29.118 3.49749 4.7222e-12
95.743 -29.951 3.49812 5.16954e-05
95.5677 -29.2392 3.49115 3.93781e-17
95.8049 -30.143 3.51324 3.1493e-08
95.2447 -29.7809 3.49345 6.61214e-13
96.3466 -29.4747 3.50887 0.000184751
95.4553 -29.6911 3.51665 1.21604e-06
96.0277 -29.6866 3.4964 3.56126e-06
95.8069 -29.6178 3.49102 1.68987e-10
95.1104 -29.4559 3.51359 5.84779e-12
95.3937 -29.2898 3.49295 4.91001e-16
95.7537 -29.3918 3.51029 0.0536162
96.4023 -29.503 3.513 7.46871e-05
95.9398 -29.3467 3.50366 0.000551858
95.9235 -30.0743 3.49876 8.44167e-06
96.0614 -29.4316 3.53022 5.93065e-12
95.7195 -28.8214 3.5079 4.69993e-12
96.0513 -29.7169 3.50033 0.000580105
96.3701 -29.4573 3.51792 4.99852e-05
96.1422 -30.1448 3.50487 4.1539e-07
95.8149 -29.8164 3.51084 0.0192195
95.9921 -29.8516 3.51294 0.00187919
95.8372 -29.9736 3.49683 1.28597e-05
95.7515 -30.1462 3.51868 2.94899e-12
95.7095 -30.0391 3.52247 1.68932e-13
96.1121 -29.5866 3.5232 5.2968e-07
96.1993 -30.1727 3.52098 7.02789e-16
96.084 -28.9414 3.51622 1.70743e-06
95.6466 -29.6352 3.50364 0.00829754
95.4939 -29.3799 3.51267 0.00020006
95.9004 -29.631 3.50726 0.23761
96.1266 -29.5749 3.50693 0.015547
96.0043 -29.145 3.51616 0.000926966
95.9689 -29.3917 3.51223 0.0821822
96.0219 -29.7075 3.5154 0.00438315
95.8262 -29.4167 3.52653 2.47683e-08
95.4382 -29.3872 3.51114 4.54275e-05
96.2425 -29.7611 3.50335 9.01645e-05
95.9038 -29.8207 3.5147 0.00131924
96.1489 -30.1689 3.51447 1.96612e-10
95.6213 -29.5126 3.51105 0.0195105
95.6533 -29.858 3.50548 0.00419556
95.8043 -29.4695 3.50846 0.138121
95.9063 -30.2568 3.49508 1.52156e-09
95.9242 -29.7434 3.51793 0.000230634
96.1866 -29.8569 3.49552 4.08012e-08
95.7006 -29.2142 3.51969 5.37033e-05
95.6655 -29.3638 3.5036 0.000257817
95.572 -30.0404 3.49918 2.19452e-06
95.5897 -29.7995 3.51614 1.13522e-05
94.903 -29.8672 3.50491 5.75861e-18
95.8586 -29.6234 3.52071 5.16863e-05
95.8677 -30.1221 3.50044 8.42745e-06
