-7.66797 -95.5533 3.0091 5.91042e-12
-6.88178 -94.8645 2.99396 1.62404e-07
-7.46104 -94.8206 3.00277 0.0240733
-7.3831 -95.2904 2.99868 0.00063852
-7.46594 -95.2536 2.97232 1.33761e-08
-7.3947 -94.7513 2.99906 0.054175
-7.17966 -95.1284 2.99122 0.000264774
-7.77808 -94.7672 2.97731 0.000683709
-7.02131 -95.2172 2.99078 4.44799e-07
-7.40037 -95.323 2.97992 3.16029e-06
-7.3715 -95.6194 3.00203 2.25497e-09
-7.33252 -95.5734 3.00694 2.66093e-10
-7.67972 -95.1277 2.99572 0.0549796
-7.851 -95.3514 2.98681 0.00178102
-7.40177 -95.3316 2.97754 2.96797e-07
-7.23933 -95.7859 3.00768 3.06915e-15
-7.04879 -95.0785 2.98858 1.75994e-06
-8.01097 -95.3245 3.0097 7.69824e-13
-7.03939 -95.0652 3.00738 7.21189e-06
-7.33479 -95.2206 2.99839 0.00189171
-7.38378 -94.961 2.98554 0.00523545
-7.69161 -95.2297 3.00396 3.8504e-05
-7.02031 -95.2409 3.0089 7.70339e-08
-7.58094 -95.5273 2.99994 4.45549e-07
-7.36369 -95.4566 2.98443 1.40554e-06
-7.28551 -95.3453 2.99314 8.97848e-05
-7.33776 -94.9423 2.99832 0.0481965
-7.26338 -94.8292 2.97106 3.3372e-12
-6.61264 -95.3752 2.99205 2.00342e-16
-7.28157 -95.1837 2.99339 0.0021867
-7.13419 -94.7797 2.99927 0.00139638
-7.1067 -94.7176 3.02372 6.47643e-12
-7.67735 -95.1018 3.00918 1.81045e-06
-7.29422 -94.9164 2.9977 0.0321259
-7.59436 -95.0635 2.97952 0.00212107
-7.55911 -95.9445 2.98677 8.86592e-14
-7.84304 -94.554 3.01231 1.28004e-09
-7.88761 -95.1584 3.00472 1.63147e-06
-7.50159 -95.1451 3.00398 0.000903425
-7.2722 -95.3043 2.98692 2.43278e-05
-7.25546 -95.4758 2.99065 8.46161e-07
-7.21751 -96.307 2.99661 3.66785e-27
-7.86414 -95.0055 2.99831 0.00594163
-6.64642 -95.1692 2.99545 8.69472e-13
-7.48423 -94.9301 2.98365 0.00979595
-7.68588 -94.7552 2.993 0.241127
-7.58187 -95.7865 2.99953 6.84799e-12
-7.35265 -95.1695 2.98849 0.00289934
-7.36695 -94.8095 2.99856 0.0632613
-7.83603 -95.0682 2.97493 0.000455839
-7.24963 -95.0768 3.00504 0.000511215
-7.67824 -95.1045 2.97502 9.92374e-05
-7.73783 -95.4731 2.99012 9.39824e-05
-7.42763 -95.2017 3.00847 7.69786e-06
-7.43915 -95.559 2.98122 4.5077e-08
-7.11858 -95.5183 3.00389 1.96337e-09
-7.4699 -94.4626 2.99196 0.0008314
-7.64323 -95.3137 3.00887 4.50132e-08
-7.11411 -94.955 2.97629 5.98183e-11
-7.3793 -95.374 2.9998 4.68698e-05
-7.20399 -94.8104 2.99916 0.00636248
-7.49885 -94.7219 2.99224 0.1114
-7.14783 -95.0308 3.00497 0.000245368
-7.1723 -95.644 3.0034 3.75907e-11
-7.31223 -95.2097 2.99896 0.00153554
-7.13185 -94.6938 2.98647 2.13409e-06
-7.13418 -95.2725 3.01015 8.04098e-08
-7.09074 -95.1979 2.97867 1.75803e-10
-7.84 -95.4309 2.99463 3.00245e-05
-8.07442 -96.3047 2.99584 2.67157e-28
-7.2275 -94.8059 3.00644 0.000956902
-6.95527 -95.2928 2.99686 8.30821e-08
-7.16279 -95.3977 3.00335 3.37026e-07
-8.00087 -94.728 3.00371 2.42448e-06
-7.62072 -95.8097 2.99246 7.96276e-11
-7.16233 -95.5361 3.00181 5.88912e-09
-7.23388 -95.0166 2.98529 9.79412e-05
-7.37209 -94.5989 2.99552 0.00925625
-6.96045 -94.3376 3.01359 6.81609e-10
-7.24647 -94.9943 2.97556 4.64635e-09
-6.99353 -95.155 2.971 1.37425e-17
-7.10654 -95.0226 2.98938 3.10941e-05
-7.10958 -94.6921 3.01552 2.00964e-07
-7.53038 -94.8156 3.00355 0.0133095
-7.49687 -95.1187 3.00295 0.00288126
-7.10415 -95.1018 2.99406 0.000116418
-7.51432 -95.6272 2.99605 7.37239e-08
-7.29415 -94.9996 2.99503 0.0232625
-7.17331 -95.1898 3.01991 8.03451e-12
-7.36628 -95.012 2.97337 1.37864e-08
-7.37904 -95.4485 2.9957 1.85915e-05
-7.55404 -95.3867 3.00306 5.36308e-06
-7.3296 -94.8721 3.00418 0.00735123
-7.01063 -94.941 2.99796 5.86562e-05
-7.12867 -95.3397 2.98671 1.50937e-07
-7.56076 -94.9816 2.99575 0.265514
-6.99788 -95.4137 3.00472 3.7785e-09
-6.76698 -94.9048 3.0076 1.72193e-08
-7.58955 -95.1278 3.0135 1.5741e-08
-7.38764 -95.1959 3.00124 0.00166586
