137.869 -16.174 3.38662 1.65432e-05
138.299 -15.7968 3.38323 3.28405e-11
137.751 -16.7187 3.36677 1.66182e-05
137.858 -16.2725 3.3728 0.0143307
137.865 -16.4267 3.36767 0.000839916
138.105 -15.9691 3.36967 2.04425e-07
137.956 -16.6228 3.36195 2.62443e-08
138.093 -16.3579 3.36799 6.54715e-07
137.242 -16.0639 3.37578 0.0118907
136.948 -16.7592 3.3746 1.39759e-10
137.099 -16.5813 3.35955 0.000109326
137.53 -16.4145 3.37909 0.00704542
137.397 -16.6365 3.36592 0.00391665
138.179 -16.7303 3.36571 1.69449e-12
138.1 -15.9462 3.36384 5.91059e-10
137.862 -17.266 3.37959 4.55353e-21
137.852 -16.7245 3.37497 1.27218e-06
137.863 -16.2044 3.38613 2.5106e-05
137.951 -15.8937 3.37543 0.00010841
137.277 -16.862 3.37947 1.09779e-10
137.882 -16.6089 3.38022 1.83499e-06
138.025 -16.1479 3.3901 2.31023e-08
137.626 -16.6031 3.35737 5.83546e-06
137.214 -16.7322 3.385 1.61213e-12
137.821 -15.9436 3.35803 1.17514e-08
137.979 -16.2922 3.37129 0.000344324
136.862 -16.2459 3.35656 6.15922e-07
137.198 -16.5698 3.38804 1.41334e-12
137.911 -16.3444 3.37866 0.000798072
137.667 -16.6903 3.37802 9.77248e-06
137.499 -16.4174 3.37438 0.115403
138.522 -16.2684 3.37578 7.98927e-13
137.227 -16.496 3.34661 3.73083e-10
137.717 -17.0051 3.37402 6.27729e-11
137.812 -16.1341 3.37321 0.040133
137.554 -16.5432 3.37574 0.00514206
137.768 -16.2255 3.37628 0.0645799
138.319 -16.2658 3.38537 6.68712e-11
137.84 -16.9217 3.36942 1.30514e-09
137.915 -16.702 3.3763 4.12114e-07
137.664 -16.4235 3.37471 0.0535903
137.639 -16.4792 3.38616 9.79956e-07
137.564 -16.7183 3.37177 0.000175134
137.214 -16.1493 3.38157 5.627e-05
137.674 -16.0397 3.39145 7.92578e-08
137.449 -16.5907 3.39559 4.21782e-17
137.899 -16.6265 3.35252 8.45651e-13
137.205 -16.7752 3.38594 3.51864e-14
137.654 -16.5032 3.37059 0.0302695
137.846 -16.8393 3.38593 7.09165e-13
137.047 -16.2446 3.3756 0.000101933
137.708 -16.6836 3.36621 9.32396e-05
137.518 -16.514 3.35334 1.00444e-06
137.123 -16.2694 3.36849 0.0214928
137.682 -15.964 3.41159 2.59338e-29
137.817 -16.0335 3.37372 0.0176334
137.724 -16.1065 3.3622 0.000619753
137.798 -16.9122 3.36946 5.24254e-09
137.113 -16.8135 3.36069 4.53639e-07
137.163 -16.0433 3.3756 0.00185108
137.014 -16.8403 3.36145 2.72656e-08
138.003 -15.8931 3.39976 3.97239e-15
137.863 -16.4561 3.36528 0.00016433
137.41 -16.5313 3.36089 0.00494811
137.736 -16.2486 3.38361 0.000800141
137.909 -17.1061 3.36668 9.66261e-15
137.397 -16.6156 3.38017 5.87281e-06
136.898 -16.2255 3.34905 4.09675e-10
138.106 -16.3016 3.36947 1.32132e-06
137.834 -15.7862 3.38177 3.80719e-05
137.954 -16.3323 3.3717 0.000635922
137.668 -16.778 3.37991 6.4876e-08
137.17 -15.9782 3.3821 4.05289e-06
137.456 -16.5479 3.36764 0.0369429
137.074 -16.1578 3.3976 1.28502e-20
137.655 -16.5776 3.37358 0.00353614
137.575 -16.0399 3.3727 0.338658
137.55 -16.373 3.36106 0.010642
137.43 -16.5462 3.39896 2.36373e-20
137.632 -16.4929 3.37753 0.00456677
138.157 -15.8437 3.36173 1.4487e-13
137.863 -16.3046 3.37383 0.0109314
137.713 -17.046 3.37339 9.37472e-12
137.86 -16.2653 3.38193 0.000713612
137.579 -16.7452 3.37528 1.28784e-05
137.55 -16.532 3.36693 0.0317377
137.708 -16.2462 3.36141 0.00114253
137.253 -16.6867 3.39244 7.92221e-18
137.641 -16.5936 3.36263 0.000501129
137.999 -16.665 3.38636 5.95003e-11
137.528 -15.846 3.38502 2.63302e-05
137.503 -16.3474 3.36149 0.0269321
138.16 -16.2589 3.3625 2.27247e-10
137.734 -16.1935 3.37541 0.136176
137.18 -16.0539 3.38813 1.6652e-09
138.215 -16.2579 3.37351 6.98892e-08
137.821 -16.049 3.35807 1.16384e-07
138.028 -15.5923 3.36545 7.86341e-13
137.477 -15.7107 3.37435 0.000275355
137.316 -16.582 3.38585 1.35832e-09
