157.854 21.8738 0.0678347 2.15081e-05 158.04 22.19 0.074543
158.101 21.9491 0.0787073 0.0180869 158.04 22.19 0.074543
158.559 23.1195 0.0750774 4.24516e-25 158.04 22.19 0.074543
158.733 22.0107 0.0580831 2.39668e-12 158.04 22.19 0.074543
158.15 22.1682 0.0843462 0.000161707 158.04 22.19 0.074543
157.634 22.0037 0.0594625 9.34541e-13 158.04 22.19 0.074543
158.366 22.6602 0.060468 3.17043e-08 158.04 22.19 0.074543
158.749 22.0614 0.0582824 4.05137e-12 158.04 22.19 0.074543
158.786 22.6265 0.0828889 1.01046e-21 158.04 22.19 0.074543
157.968 22.0382 0.0677953 0.00611024 158.04 22.19 0.074543
157.65 22.2818 0.0650923 1.31045e-07 158.04 22.19 0.074543
157.67 22.1397 0.0664771 1.37213e-06 158.04 22.19 0.074543
157.712 22.4021 0.0739954 4.96483e-05 158.04 22.19 0.074543
157.912 22.4431 0.051845 4.12832e-13 158.04 22.19 0.074543
157.796 22.154 0.0662296 0.000104967 158.04 22.19 0.074543
157.786 21.9919 0.0790988 0.00351164 158.04 22.19 0.074543
157.895 22.1681 0.0751934 0.0653169 158.04 22.19 0.074543
157.984 22.5232 0.0802059 7.5859e-06 158.04 22.19 0.074543
158.42 22.2356 0.0652814 0.000451382 158.04 22.19 0.074543
157.504 21.9668 0.0671973 9.83156e-11 158.04 22.19 0.074543
157.902 22.1067 0.0785909 0.0409411 158.04 22.19 0.074543
157.801 22.3094 0.0683934 0.000459395 158.04 22.19 0.074543
158.389 22.7494 0.0705982 1.39043e-09 158.04 22.19 0.074543
158.205 21.9992 0.0919505 9.81804e-10 158.04 22.19 0.074543
158.075 22.279 0.0745672 0.09035 158.04 22.19 0.074543
158.232 21.6451 0.055451 6.93978e-16 158.04 22.19 0.074543
157.648 22.5889 0.0708583 1.05575e-08 158.04 22.19 0.074543
158.253 21.8177 0.0585978 1.18778e-09 158.04 22.19 0.074543
157.657 22.3054 0.0831503 3.49251e-06 158.04 22.19 0.074543
158.128 22.3538 0.0659946 0.00809043 158.04 22.19 0.074543
157.786 21.599 0.0639931 1.76023e-13 158.04 22.19 0.074543
157.576 22.6372 0.0763979 8.85719e-11 158.04 22.19 0.074543
157.819 22.3707 0.0783002 0.000619827 158.04 22.19 0.074543
158.418 22.4887 0.0695727 2.41876e-05 158.04 22.19 0.074543
157.857 21.7055 0.0825844 9.14764e-06 158.04 22.19 0.074543
157.827 22.1298 0.056802 2.5441e-10 158.04 22.19 0.074543
158.047 22.4348 0.073154 0.00624149 158.04 22.19 0.074543
157.867 22.5872 0.075196 4.7774e-06 158.04 22.19 0.074543
157.919 22.5062 0.0878547 8.98539e-10 158.04 22.19 0.074543
157.911 21.7973 0.0763814 0.000685411 158.04 22.19 0.074543
157.813 22.051 0.0734405 0.00832411 158.04 22.19 0.074543
157.373 22.2633 0.0779598 2.16244e-10 158.04 22.19 0.074543
157.715 22.3705 0.0716965 6.72779e-05 158.04 22.19 0.074543
157.786 22.1348 0.0845208 0.000220816 158.04 22.19 0.074543
158.303 21.7795 0.0652867 7.87938e-07 158.04 22.19 0.074543
158.17 22.1027 0.0887076 4.33282e-07 158.04 22.19 0.074543
158.007 22.4311 0.0762334 0.00241664 158.04 22.19 0.074543
158.165 21.9873 0.0529328 8.94429e-12 158.04 22.19 0.074543
158.506 22.2885 0.0835828 7.71115e-10 158.04 22.19 0.074543
157.985 22.6601 0.0698838 2.41553e-06 158.04 22.19 0.074543
157.699 22.9566 0.0715689 1.95901e-16 158.04 22.19 0.074543
157.359 21.9804 0.0728824 8.24988e-12 158.04 22.19 0.074543
157.494 22.2753 0.0736931 5.23696e-08 158.04 22.19 0.074543
157.413 21.9213 0.0668971 9.57695e-14 158.04 22.19 0.074543
158.245 21.8231 0.0418364 1.64351e-27 158.04 22.19 0.074543
157.525 21.862 0.0660965 4.42447e-12 158.04 22.19 0.074543
157.481 22.7531 0.0548464 3.143e-23 158.04 22.19 0.074543
157.719 22.1867 0.0726218 0.000722678 158.04 22.19 0.074543
158.122 22.3762 0.0745861 0.0148168 158.04 22.19 0.074543
157.918 21.7685 0.0751693 0.000247213 158.04 22.19 0.074543
158.192 22.3712 0.0930182 1.83911e-13 158.04 22.19 0.074543
158.189 22.6028 0.0699429 3.23348e-05 158.04 22.19 0.074543
158.108 22.0877 0.0724484 0.170241 158.04 22.19 0.074543
158.142 22.2851 0.0911073 5.11946e-10 158.04 22.19 0.074543
157.976 22.4478 0.0612378 8.26463e-06 158.04 22.19 0.074543
157.754 22.333 0.0826501 2.83601e-05 158.04 22.19 0.074543
158 22.1941 0.0753247 0.150599 158.04 22.19 0.074543
158.294 22.8507 0.0719616 1.93939e-11 158.04 22.19 0.074543
158.132 22.4491 0.0659736 0.0016291 158.04 22.19 0.074543
157.48 22.0891 0.0576 1.42525e-17 158.04 22.19 0.074543
158.257 22.5381 0.0554946 1.41842e-08 158.04 22.19 0.074543
157.884 22.3593 0.051453 1.08917e-13 158.04 22.19 0.074543
158.118 22.1612 0.0688904 0.0881651 158.04 22.19 0.074543
157.44 21.9861 0.0575712 8.81661e-20 158.04 22.19 0.074543
157.565 22.7712 0.0692764 4.63554e-14 158.04 22.19 0.074543
157.67 22.2356 0.0752939 0.00020233 158.04 22.19 0.074543
157.949 22.2912 0.0663614 0.00378155 158.04 22.19 0.074543
158.227 22.0187 0.061542 3.80805e-05 158.04 22.19 0.074543
158.217 22.9668 0.0812218 1.3034e-18 158.04 22.19 0.074543
158.008 21.8421 0.0797517 0.00252573 158.04 22.19 0.074543
158.212 22.6422 0.0605436 2.2504e-07 158.04 22.19 0.074543
158.229 22.1751 0.0811941 0.00100353 158.04 22.19 0.074543
158.175 22.0596 0.0730221 0.0974074 158.04 22.19 0.074543
158.453 21.8125 0.0669783 3.95757e-07 158.04 22.19 0.074543
158.164 22.5584 0.0680758 0.000165994 158.04 22.19 0.074543
158.228 21.8388 0.0802803 0.000197851 158.04 22.19 0.074543
158.301 21.7957 0.0723358 7.07114e-05 158.04 22.19 0.074543
157.919 22.0432 0.0833238 0.00300154 158.04 22.19 0.074543
158.328 21.9877 0.0677852 0.00121964 158.04 22.19 0.074543
158.615 22.1082 0.0597561 1.07034e-08 158.04 22.19 0.074543
158.437 21.8336 0.0669099 1.23789e-06 158.04 22.19 0.074543
157.931 21.725 0.0769478 8.91133e-05 158.04 22.19 0.074543
158.011 22.3107 0.0692963 0.0341776 158.04 22.19 0.074543
157.904 22.4966 0.0720954 0.000340533 158.04 22.19 0.074543
158.122 22.094 0.0677689 0.034114 158.04 22.19 0.074543
158.093 22.1061 0.0705399 0.128132 158.04 22.19 0.074543
157.751 21.8535 0.0603478 1.09864e-11 158.04 22.19 0.074543
158.06 22.0551 0.0673336 0.0137483 158.04 22.19 0.074543
158.489 22.0415 0.0737601 4.84462e-05 158.04 22.19 0.074543
158.214 21.9958 0.0816977 0.000957611 158.04 22.19 0.074543
