278.55 3.01326 4.58279 9.57713e-09
278.402 2.9794 4.59956 0.0194578
278.893 3.16153 4.58196 9.08097e-19
277.931 2.59981 4.57555 6.17493e-06
278.337 2.95594 4.57545 7.05707e-08
278.07 3.00516 4.5671 3.73215e-08
278.231 2.73115 4.61366 3.25909e-05
278.295 2.61683 4.58023 2.14354e-07
278.232 2.84013 4.61314 0.000963286
277.981 3.26434 4.59417 0.0194122
278.306 3.40241 4.60522 0.0051954
278.444 2.82866 4.59935 0.00112705
278.236 2.89251 4.58288 0.000444647
278.08 2.62141 4.59312 0.000287494
278.508 2.84454 4.56672 5.76581e-16
278.081 3.16155 4.58541 0.00658242
278.789 2.633 4.60064 3.61583e-11
278.401 2.76575 4.60872 0.000443325
278.189 3.00874 4.58775 0.0177538
278.228 3.05835 4.58354 0.000785216
278.206 2.69024 4.59056 0.000706018
278.302 3.19095 4.5892 0.00127385
278.423 2.31224 4.5862 4.77975e-13
277.928 3.17138 4.58675 0.011747
278.341 2.96787 4.59808 0.0400564
278.397 2.60703 4.58983 1.05603e-06
277.587 2.58565 4.59473 3.95378e-09
278.023 3.23733 4.59904 0.0576122
278.237 2.42729 4.60857 1.02282e-09
278.082 2.69466 4.60544 0.000172917
278.45 2.80114 4.59255 7.59034e-05
278.394 2.91181 4.59232 0.00142612
277.957 3.7728 4.5974 2.07924e-10
277.473 3.02066 4.5873 1.01387e-06
278.276 3.27287 4.57679 2.50148e-08
278.482 2.80235 4.58633 9.06492e-07
278.235 2.87074 4.57702 6.71251e-06
278.12 2.91589 4.59017 0.0600681
278.111 2.77217 4.61067 0.000187962
278.097 2.53272 4.58138 2.00933e-06
278.294 2.6706 4.58567 1.65261e-05
278.034 3.05495 4.57265 8.94235e-06
278.001 3.11091 4.59787 0.144914
278.436 3.14798 4.58439 1.53702e-06
278.459 2.98912 4.6286 3.66213e-06
277.793 2.76483 4.60888 1.97739e-07
277.808 2.82215 4.60849 1.95985e-06
277.859 2.4612 4.5871 3.69562e-07
277.827 3.23474 4.57495 8.96461e-06
278.285 2.72426 4.60717 0.000468949
278.221 3.01844 4.58016 0.000110905
277.99 2.88677 4.57279 3.94957e-05
277.741 2.86871 4.58844 0.00194569
278.04 2.75445 4.59418 0.00932277
278.328 2.88605 4.58491 0.000148466
278.046 3.21895 4.60072 0.0838439
277.811 2.8063 4.60793 2.23747e-06
277.988 3.06444 4.59796 0.140613
278.862 2.99683 4.59685 1.02329e-10
278.098 3.47554 4.58293 3.06264e-07
278.428 2.93539 4.58124 4.57163e-07
278.303 2.38038 4.59513 1.88039e-09
278.031 2.46605 4.60303 3.08305e-08
277.832 2.97889 4.56829 4.11064e-06
278.207 2.67098 4.5726 3.64713e-08
278.414 2.60179 4.58984 5.44213e-07
277.711 2.45929 4.58937 1.545e-08
278.098 3.07633 4.58035 0.000844495
277.968 2.77811 4.58326 0.00353151
278.079 3.39782 4.58292 6.21625e-06
278.185 2.69421 4.58813 0.000565066
277.909 2.80014 4.58611 0.00772207
277.642 3.21338 4.60439 6.50723e-07
277.957 3.4393 4.60857 9.07723e-05
278.269 3.42932 4.6001 0.00132265
278.047 3.22376 4.60264 0.0683077
278.135 3.11233 4.58619 0.0100981
278.214 2.76122 4.59602 0.00714355
277.733 2.72029 4.57998 0.000138247
277.714 3.25747 4.60071 3.54338e-05
278.329 2.96079 4.5761 1.75049e-07
278.235 2.605 4.59727 6.90888e-05
278.014 2.67119 4.58332 0.000397652
277.527 3.10218 4.58005 5.18374e-06
277.478 3.20177 4.58562 2.82843e-07
278.17 3.03728 4.58664 0.0131555
278.282 3.62268 4.58662 3.75407e-10
278.922 2.95826 4.60796 1.25396e-09
277.779 2.97635 4.59356 0.00563376
278.042 2.40303 4.57673 5.04348e-09
278.249 2.60715 4.60083 4.70409e-05
278.619 2.5134 4.59982 3.92676e-10
278.266 2.92368 4.59365 0.0331838
278.092 2.98403 4.59921 0.220178
277.452 2.6089 4.58884 6.3447e-10
278.06 2.52332 4.56362 2.52e-11
277.96 2.16129 4.58354 1.13173e-13
277.98 2.89646 4.61199 0.000134519
278.492 2.40252 4.59204 3.27925e-11
277.816 2.70392 4.5961 0.000101134
