-19.2044 -91.3121 2.76668 0.0330754
-18.4804 -91.1126 2.77733 3.06799e-07
-18.6683 -90.9334 2.77739 5.33159e-08
-19.1798 -90.6765 2.76062 3.2445e-07
-18.8948 -91.2746 2.75576 0.0572524
-19.3024 -91.3783 2.77444 2.44826e-05
-19.0854 -91.5477 2.7716 0.00767545
-18.9652 -90.9219 2.75938 0.00113969
-19.4536 -90.7404 2.77535 7.65012e-14
-19.0629 -91.031 2.77355 2.20525e-05
-18.6629 -90.8884 2.78338 2.32951e-11
-18.5815 -91.3676 2.7631 0.00156185
-18.7735 -91.2733 2.77469 0.00094675
-18.4713 -91.6315 2.76254 1.29133e-05
-19.0536 -91.2465 2.74839 0.00639519
-19.1239 -91.1149 2.79199 1.73521e-16
-18.8171 -90.7048 2.75238 6.47372e-08
-18.3598 -90.8785 2.76407 1.19541e-09
-18.7119 -91.4268 2.7531 0.000450789
-19.9477 -91.0214 2.78181 6.83893e-25
-18.9517 -90.9781 2.7844 4.91279e-11
-18.5063 -90.9454 2.77945 1.46395e-09
-19.282 -90.9081 2.74934 0.000212514
-18.9409 -91.162 2.75131 0.00650369
-18.6893 -91.4444 2.7846 2.78738e-07
-18.3909 -91.8873 2.74373 8.6412e-18
-18.6239 -91.5237 2.77172 0.00167485
-19.458 -91.2458 2.75591 0.00839114
-18.7297 -91.3217 2.75202 0.000416522
-18.8616 -91.5722 2.77497 0.00201022
-18.5911 -91.4089 2.7705 0.00155784
-18.8062 -90.4206 2.74995 1.03599e-13
-18.7297 -91.1869 2.76363 0.0101489
-18.9824 -90.9912 2.76382 0.0033352
-18.5652 -91.5688 2.78267 8.14092e-07
-18.5506 -90.9969 2.75496 6.68568e-07
-19.5508 -90.8024 2.75289 6.05756e-07
-18.6103 -91.6315 2.76398 0.000810268
-19.1833 -90.8038 2.75555 5.87891e-05
-18.8588 -90.9234 2.75936 0.000454672
-19.0091 -90.9933 2.77417 7.80238e-06
-18.4353 -91.0052 2.76278 3.32235e-07
-18.7659 -91.8069 2.77425 0.000108636
-18.9552 -91.2813 2.75973 0.249792
-18.6984 -91.3808 2.75181 0.000149838
-18.3792 -91.0302 2.79549 3.80594e-18
-18.6955 -91.3669 2.76685 0.0172521
-18.9035 -91.5096 2.77537 0.00194081
-18.7935 -90.8539 2.75489 1.11075e-05
-18.6962 -91.5121 2.77928 5.72514e-05
-18.1812 -90.9545 2.75028 5.3026e-16
-18.7334 -91.0601 2.77424 2.9926e-05
-18.8964 -91.338 2.75605 0.0763737
-18.1763 -91.2139 2.78023 6.81502e-11
-18.8281 -91.2026 2.76861 0.0144683
-18.7682 -90.779 2.75108 1.36983e-07
-18.6764 -91.4683 2.77401 0.0015813
-19.2283 -90.5883 2.77724 2.72572e-15
-18.665 -90.5344 2.75245 2.23003e-12
-19.1061 -90.7977 2.7463 2.44171e-06
-18.7563 -91.6603 2.77879 5.09704e-05
-19.3595 -91.1452 2.77681 2.71161e-08
-18.6121 -91.0143 2.77491 1.63098e-06
-18.9471 -91.4734 2.76613 0.181261
-18.9927 -91.235 2.76711 0.0614859
-19.4479 -91.1047 2.77158 3.86689e-07
-19.0009 -91.6957 2.75835 0.0169962
-18.6559 -91.3017 2.7508 2.21522e-05
-18.729 -90.9536 2.77347 3.40132e-06
-18.502 -91.2266 2.77187 4.66629e-05
-18.9327 -90.8979 2.7646 0.000214621
-18.8365 -90.8806 2.77366 6.45751e-07
-18.3512 -90.3206 2.78404 4.69249e-26
-19.0741 -91.0933 2.75539 0.0381072
-18.2205 -90.9425 2.77479 1.14171e-11
-19.4902 -91.6802 2.75954 0.00026015
-19.0028 -91.2992 2.77598 0.000350664
-19.9534 -91.2415 2.75408 1.48922e-09
-18.7031 -91.4745 2.76196 0.0149228
-18.6101 -91.2438 2.74388 3.44497e-09
-18.8673 -90.8663 2.76043 0.000110261
-18.8556 -90.8945 2.76227 0.000186709
-18.7491 -91.0724 2.76345 0.00252032
-18.513 -90.9626 2.77435 1.03156e-07
-19.1203 -90.8881 2.7421 1.12865e-06
-19.0195 -91.1211 2.74868 0.00232927
-19.1519 -91.6853 2.7703 0.00210915
-18.3763 -91.161 2.75397 5.70292e-09
-18.938 -91.5362 2.76945 0.0477168
-18.7063 -91.376 2.79238 3.5395e-12
-18.6423 -91.2012 2.75839 0.000815635
-19.2854 -90.5384 2.77753 3.87936e-17
-19.0893 -90.9183 2.74372 6.03018e-06
-18.432 -91.7845 2.77572 5.54764e-07
-18.9474 -91.307 2.76766 0.0899899
-18.9515 -91.6878 2.76236 0.0297475
-19.5564 -91.752 2.76155 7.80685e-06
-18.7454 -91.4623 2.75461 0.00210239
-18.7549 -90.7633 2.76363 7.16132e-07
-18.9133 -91.5321 2.77477 0.00272046
