56.2405 -53.9048 3.90584 8.24819e-05 56.22 -54.376 3.8997
56.4001 -54.2972 3.89199 6.37593e-09 56.22 -54.376 3.8997
56.6188 -54.3414 3.90031 1.25497e-08 56.22 -54.376 3.8997
56.146 -53.9545 3.90565 0.00105408 56.22 -54.376 3.8997
56.233 -54.2774 3.90286 0.108397 56.22 -54.376 3.8997
56.4156 -54.11 3.89777 5.61888e-07 56.22 -54.376 3.8997
56.7619 -54.2177 3.9025 1.04762e-07 56.22 -54.376 3.8997
55.7669 -54.0999 3.89875 6.60001e-06 56.22 -54.376 3.8997
55.964 -54.4382 3.89965 0.0209764 56.22 -54.376 3.8997
56.4794 -54.4255 3.89853 2.29346e-06 56.22 -54.376 3.8997
56.2011 -54.1878 3.893 2.13702e-06 56.22 -54.376 3.8997
55.9349 -54.3483 3.8889 3.27622e-07 56.22 -54.376 3.8997
56.4793 -53.9787 3.89725 1.53648e-10 56.22 -54.376 3.8997
55.5798 -53.6566 3.90031 4.72114e-19 56.22 -54.376 3.8997
56.3377 -54.3205 3.90683 0.0437905 56.22 -54.376 3.8997
55.84 -54.3519 3.89722 0.000903113 56.22 -54.376 3.8997
56.0876 -54.2382 3.89976 0.0403774 56.22 -54.376 3.8997
56.081 -54.1587 3.907 0.186917 56.22 -54.376 3.8997
55.8888 -53.9782 3.90862 0.0001067 56.22 -54.376 3.8997
56.4928 -54.3274 3.91261 0.000179032 56.22 -54.376 3.8997
56.1288 -54.3327 3.8825 1.03959e-13 56.22 -54.376 3.8997
56.6142 -54.245 3.89388 8.18808e-13 56.22 -54.376 3.8997
55.6346 -53.4348 3.90244 2.35694e-25 56.22 -54.376 3.8997
55.9213 -54.5054 3.89428 0.000213523 56.22 -54.376 3.8997
56.3392 -54.8255 3.89526 5.09356e-07 56.22 -54.376 3.8997
55.7507 -53.8899 3.89499 1.45978e-11 56.22 -54.376 3.8997
56.38 -53.9037 3.90129 7.14623e-08 56.22 -54.376 3.8997
56.52 -54.5477 3.89426 1.75673e-05 56.22 -54.376 3.8997
56.0363 -53.5048 3.90196 1.38209e-17 56.22 -54.376 3.8997
56.4734 -54.2635 3.89741 6.26123e-07 56.22 -54.376 3.8997
55.9604 -54.534 3.89559 0.000606633 56.22 -54.376 3.8997
55.7641 -54.1309 3.89139 6.98493e-09 56.22 -54.376 3.8997
56.3918 -54.5555 3.90464 0.000159562 56.22 -54.376 3.8997
56.0167 -53.8083 3.90962 2.12535e-06 56.22 -54.376 3.8997
55.6079 -54.1256 3.89824 1.15195e-08 56.22 -54.376 3.8997
56.5849 -55.0257 3.90583 5.949e-16 56.22 -54.376 3.8997
56.3586 -54.4376 3.88317 1.00311e-15 56.22 -54.376 3.8997
56.281 -54.6526 3.91309 6.48708e-07 56.22 -54.376 3.8997
56.5174 -54.7282 3.91047 3.47531e-08 56.22 -54.376 3.8997
56.174 -54.4287 3.89681 0.00353785 56.22 -54.376 3.8997
55.7139 -53.7952 3.89281 5.21595e-16 56.22 -54.376 3.8997
56.1247 -54.2044 3.90106 0.0568928 56.22 -54.376 3.8997
56.2923 -54.6566 3.89535 1.37001e-06 56.22 -54.376 3.8997
55.9971 -54.5739 3.90407 0.00287325 56.22 -54.376 3.8997
56.45 -54.5073 3.92148 4.40829e-10 56.22 -54.376 3.8997
56.636 -53.9852 3.90412 4.45318e-10 56.22 -54.376 3.8997
55.9857 -54.3433 3.92301 7.3388e-10 56.22 -54.376 3.8997
55.694 -54.7782 3.90979 1.80195e-13 56.22 -54.376 3.8997
56.3447 -53.7887 3.8963 2.0643e-13 56.22 -54.376 3.8997
55.9204 -54.471 3.89631 0.0014393 56.22 -54.376 3.8997
56.0335 -54.6949 3.88243 4.16923e-13 56.22 -54.376 3.8997
56.6209 -53.7611 3.90887 2.64229e-12 56.22 -54.376 3.8997
55.9418 -54.104 3.8889 7.70227e-10 56.22 -54.376 3.8997
56.4311 -54.2409 3.90796 0.00438188 56.22 -54.376 3.8997
56.8024 -54.6421 3.90743 2.02241e-11 56.22 -54.376 3.8997
56.5652 -53.724 3.90388 3.61166e-14 56.22 -54.376 3.8997
55.6504 -53.9727 3.89768 3.04046e-10 56.22 -54.376 3.8997
56.0442 -54.7576 3.90551 1.40916e-06 56.22 -54.376 3.8997
56.3896 -54.3433 3.91149 0.00472279 56.22 -54.376 3.8997
56.6932 -54.3211 3.91016 5.24286e-06 56.22 -54.376 3.8997
56.3454 -54.4821 3.90744 0.00339476 56.22 -54.376 3.8997
57.0672 -54.1454 3.90424 2.0909e-17 56.22 -54.376 3.8997
56.7349 -54.4646 3.90853 1.30144e-07 56.22 -54.376 3.8997
56.6111 -54.2079 3.88919 2.44753e-17 56.22 -54.376 3.8997
56.1886 -54.4938 3.89581 0.000625252 56.22 -54.376 3.8997
55.795 -53.8242 3.90674 9.26781e-09 56.22 -54.376 3.8997
56.4593 -54.3796 3.89722 1.69406e-06 56.22 -54.376 3.8997
56.2179 -53.7759 3.90482 8.90799e-08 56.22 -54.376 3.8997
56.739 -54.2189 3.9127 3.10164e-07 56.22 -54.376 3.8997
56.9611 -54.3615 3.89079 3.9923e-18 56.22 -54.376 3.8997
56.4119 -53.5438 3.91044 1.77931e-14 56.22 -54.376 3.8997
55.9666 -54.3904 3.90012 0.0380882 56.22 -54.376 3.8997
56.1451 -54.5094 3.89098 3.53411e-06 56.22 -54.376 3.8997
56.79 -54.5982 3.92005 1.20149e-14 56.22 -54.376 3.8997
56.2531 -54.5702 3.87869 8.48818e-19 56.22 -54.376 3.8997
56.4208 -54.1807 3.92859 1.29771e-11 56.22 -54.376 3.8997
56.6208 -54.5044 3.89138 3.18321e-08 56.22 -54.376 3.8997
56.462 -54.1955 3.91744 5.90627e-05 56.22 -54.376 3.8997
56.7801 -53.9336 3.89205 9.3637e-25 56.22 -54.376 3.8997
56.0003 -54.0496 3.89791 7.79225e-05 56.22 -54.376 3.8997
56.4799 -54.3522 3.88812 1.17683e-13 56.22 -54.376 3.8997
56.2987 -54.4366 3.90372 0.0196771 56.22 -54.376 3.8997
55.9316 -54.3858 3.90147 0.0340311 56.22 -54.376 3.8997
55.9558 -53.7428 3.88056 5.84146e-29 56.22 -54.376 3.8997
56.2574 -54.6264 3.90201 0.000300794 56.22 -54.376 3.8997
56.1597 -55.2297 3.87158 8.64176e-28 56.22 -54.376 3.8997
55.4414 -54.1309 3.89266 1.22365e-14 56.22 -54.376 3.8997
55.9882 -54.6927 3.89483 8.45465e-06 56.22 -54.376 3.8997
56.1235 -54.2515 3.90487 0.399202 56.22 -54.376 3.8997
56.48 -53.9388 3.91003 5.56402e-06 56.22 -54.376 3.8997
56.9458 -54.8199 3.89994 3.62904e-19 56.22 -54.376 3.8997
55.5078 -54.5349 3.91644 2.74621e-18 56.22 -54.376 3.8997
55.9819 -54.1716 3.90164 0.0252573 56.22 -54.376 3.8997
55.5589 -53.5435 3.91172 4.48239e-22 56.22 -54.376 3.8997
56.4954 -53.7315 3.89679 2.22156e-17 56.22 -54.376 3.8997
56.7665 -54.6645 3.91638 1.50955e-13 56.22 -54.376 3.8997
56.3016 -54.5497 3.90665 0.0015387 56.22 -54.376 3.8997
55.7754 -54.3791 3.91013 1.79322e-05 56.22 -54.376 3.8997
56.3903 -54.3468 3.89788 5.72102e-05 56.22 -54.376 3.8997
56.6312 -53.8866 3.90566 5.27742e-11 56.22 -54.376 3.8997
