250.044 -18.2086 3.08777 8.76469e-07
250.333 -18.2617 3.06612 0.000155707
249.924 -18.2599 3.09222 8.43643e-12
249.563 -18.4 3.0621 0.00341
250.498 -18.1148 3.07348 0.000153614
250.251 -18.1901 3.06243 2.40544e-05
250.338 -18.4583 3.0712 0.0055922
250.278 -17.865 3.04679 4.45504e-20
250.299 -17.658 3.06819 5.04078e-09
250.39 -18.6258 3.06858 8.54715e-06
250.223 -17.9949 3.05874 9.48522e-08
250.113 -17.6015 3.07992 3.48472e-11
250.324 -17.8223 3.08285 1.51727e-07
250.688 -18.5236 3.08689 0.000304332
250.128 -17.6661 3.08054 5.65899e-10
250.189 -18.3926 3.08859 6.58462e-05
249.492 -18.788 3.08499 5.28597e-12
249.688 -18.0397 3.08633 4.72599e-13
250.175 -18.6356 3.08096 0.01192
250.333 -18.5996 3.07259 0.00242453
250.462 -18.876 3.0655 2.69062e-12
249.668 -17.9309 3.06922 0.000231188
250.379 -18.1379 3.0727 0.00301133
250.184 -18.4367 3.08573 0.00184353
250.218 -18.5927 3.08014 0.03333
249.918 -18.4559 3.08377 6.45514e-05
249.854 -18.4455 3.07939 0.00140923
250.028 -18.328 3.07154 0.413144
250.087 -18.1784 3.07048 0.156082
250.299 -18.0417 3.06743 0.000223261
250.592 -18.435 3.0712 2.96951e-06
250.465 -18.6416 3.06907 9.79149e-07
250.115 -18.8245 3.0714 6.21961e-05
249.887 -17.9206 3.06477 0.00249958
250.422 -18.2226 3.07204 0.00175214
250.999 -18.6006 3.06596 1.46362e-21
250.232 -18.4975 3.06651 0.000632922
249.9 -18.5315 3.0952 4.05286e-14
249.627 -18.8226 3.07443 1.59124e-06
250.398 -18.4999 3.08561 0.00765736
250.223 -18.2274 3.05801 1.05749e-07
250.6 -18.5292 3.07561 6.77965e-05
250.294 -18.4633 3.08242 0.0418123
249.69 -17.8265 3.05852 6.10284e-05
249.959 -17.7866 3.08165 2.94803e-09
250.142 -18.506 3.08041 0.0490239
250.157 -18.7251 3.06134 2.16576e-08
249.959 -19.0881 3.06565 2.3336e-10
250.091 -18.6422 3.08357 0.000900329
250.631 -18.1745 3.08579 7.13036e-05
250.557 -18.0715 3.07803 8.09886e-05
250.011 -18.0721 3.09551 1.6651e-15
249.821 -18.4643 3.06409 0.0185314
250.761 -18.459 3.06965 1.18101e-10
250.301 -18.3143 3.06557 0.000209512
250.031 -18.0033 3.06333 0.00172654
250.823 -17.4893 3.06403 1.10048e-24
249.904 -18.6777 3.08371 7.10779e-06
249.773 -17.6296 3.07031 1.69733e-08
250.326 -18.3383 3.07042 0.00825412
249.715 -18.5854 3.08761 3.94141e-11
250.145 -18.3523 3.08178 0.0254549
250.187 -18.7694 3.07705 0.00145151
250.021 -17.8059 3.07057 7.30538e-05
249.831 -18.6107 3.08907 4.26886e-10
249.713 -18.0248 3.05793 0.00138712
249.337 -18.2186 3.09228 5.13006e-28
250.153 -17.9637 3.07038 0.0027569
249.77 -17.4352 3.06775 4.44108e-12
249.818 -18.5362 3.08039 0.000118094
250.035 -18.1937 3.04726 1.13948e-13
250.222 -18.0233 3.08682 1.42844e-06
250.278 -17.9585 3.07309 0.000694387
249.867 -18.5684 3.08511 1.35852e-06
250.608 -18.0406 3.08902 5.52877e-07
250.385 -18.4408 3.07899 0.054235
249.917 -18.3256 3.05933 0.00103
249.876 -18.1331 3.07638 0.00419444
250.651 -18.5245 3.08893 0.00029278
250.731 -18.3193 3.06909 5.49589e-10
249.5 -18.7507 3.06269 1.9682e-06
250.329 -17.9373 3.09964 3.58264e-17
249.866 -18.1183 3.09383 5.51045e-16
250.309 -18.0616 3.08431 0.000118357
250.158 -17.9411 3.07834 0.000232557
250.296 -17.9723 3.09197 3.93201e-10
250.694 -18.2517 3.06606 2.94307e-11
250.308 -18.4839 3.09633 1.08049e-08
250.719 -18.806 3.09163 2.06155e-06
249.812 -18.5347 3.0521 6.69527e-09
249.319 -17.9082 3.07709 8.74582e-15
250.248 -18.2114 3.07196 0.0540058
249.737 -18.582 3.08661 6.88955e-10
250.304 -18.3603 3.07134 0.0225965
250.505 -18.5204 3.08963 0.000496809
250.672 -17.9013 3.08184 4.77857e-08
250.055 -18.5478 3.07064 0.0552358
250.5 -18.6044 3.073 5.28289e-05
250.234 -18.1706 3.08133 0.00877594
250.513 -18.591 3.07274 3.42728e-05
