5.90167 -93.7387 3.35389 2.25962e-06
5.41128 -94.3042 3.36794 2.88145e-05
5.48899 -94.1609 3.3444 1.18607e-08
5.14529 -94.4377 3.3635 1.38492e-08
5.87175 -94.321 3.35862 7.66485e-06
5.07709 -94.1561 3.36187 7.57072e-07
5.55191 -94.2388 3.3555 2.82202e-05
5.94849 -93.6073 3.36425 0.0018214
5.58768 -93.8792 3.37801 0.0291947
5.72518 -94.1972 3.386 5.22758e-06
5.79943 -93.4348 3.36984 0.0122785
5.21328 -94.1795 3.35916 7.96524e-06
5.44448 -94.1049 3.3417 7.65896e-10
5.66657 -93.8469 3.37481 0.12927
5.41666 -94.4748 3.34645 1.57572e-09
4.99383 -94.1569 3.36827 3.07495e-08
5.73139 -93.7933 3.37918 0.132733
5.31903 -93.8029 3.36712 0.00229373
5.87066 -93.1977 3.35789 3.56041e-09
5.34662 -94.0248 3.36905 0.00108851
5.36135 -93.5286 3.35467 9.8628e-07
5.12251 -93.5284 3.36315 2.3086e-06
5.56182 -93.672 3.37516 0.0819477
5.05913 -93.7396 3.36109 1.97986e-06
5.68772 -93.9785 3.37616 0.034316
6.1006 -93.5039 3.37063 0.00287804
5.64036 -94.2637 3.37241 0.000320317
5.46443 -94.3511 3.37164 8.01229e-06
5.54179 -93.9196 3.36018 0.00313141
5.24982 -94.3434 3.36431 1.21334e-06
5.63532 -93.7527 3.36791 0.076104
5.5611 -94.2547 3.3741 0.000134501
5.38602 -94.826 3.3574 2.27908e-12
5.16265 -93.7332 3.34967 2.71213e-08
6.29391 -94.5247 3.35806 8.13933e-12
5.22385 -93.5887 3.34981 8.48738e-09
5.48194 -93.4726 3.35544 1.50839e-06
5.23372 -94.0799 3.35857 2.7895e-05
5.31505 -93.9025 3.35924 0.000269051
5.83586 -93.8769 3.38928 0.00110588
5.92831 -93.4336 3.35552 6.74109e-08
5.26543 -93.9631 3.36311 0.000317255
5.55677 -94.2165 3.36113 0.000364019
4.88921 -93.3678 3.35995 4.16667e-11
5.23545 -94.235 3.34537 5.35904e-09
5.18304 -93.7647 3.3668 0.000133511
5.45508 -94.1151 3.36883 0.00168992
5.18704 -94.2449 3.36027 2.23692e-06
5.91603 -94.0769 3.35579 1.63573e-05
5.28932 -94.6536 3.3721 1.14678e-11
5.8545 -94.0999 3.34744 1.63927e-08
5.80637 -93.8281 3.36559 0.0338378
6.13534 -92.896 3.37535 1.4842e-08
5.76276 -94.3617 3.39316 3.94241e-11
5.95823 -93.7119 3.38132 0.147716
5.67272 -94.1586 3.35582 7.71699e-05
5.58944 -95.1493 3.35953 1.10798e-18
5.70123 -93.8079 3.34815 9.5799e-08
5.48436 -93.6039 3.37477 0.026425
5.69868 -94.3302 3.36607 0.000127248
5.73985 -93.791 3.35909 0.00130673
5.3654 -93.9849 3.3699 0.00212762
5.03477 -94.02 3.36213 9.98044e-07
5.52553 -93.6441 3.36626 0.0150851
5.74697 -94.1958 3.3672 0.00212746
5.31361 -93.9595 3.36903 0.00113235
5.57039 -94.3254 3.36377 8.45166e-05
5.29252 -94.1765 3.36427 6.40899e-05
5.36611 -93.6861 3.35103 5.40557e-07
4.78597 -94.2564 3.36159 1.41235e-11
5.19076 -94.1441 3.3529 8.32633e-07
5.0494 -93.9814 3.36991 1.17143e-06
4.96081 -93.6615 3.3584 2.75174e-08
5.68065 -93.6665 3.36851 0.0771874
5.59199 -94.4663 3.3641 2.83285e-06
5.73612 -94.1546 3.36092 0.000813327
5.60249 -93.9396 3.36122 0.00576654
6.44725 -93.6161 3.36713 2.29182e-07
6.08899 -94.1891 3.38416 1.9848e-05
5.70639 -93.7881 3.36622 0.0545493
5.14294 -93.6433 3.35326 9.79108e-08
5.62744 -93.6643 3.39414 3.5278e-05
5.28479 -94.4938 3.362 5.60382e-08
5.87893 -94.9485 3.36089 1.06618e-14
5.09996 -92.9594 3.37139 1.29286e-11
5.12707 -93.8941 3.35579 2.31744e-06
5.25939 -94.6397 3.36697 1.1197e-10
5.78353 -93.2522 3.37696 0.00498838
5.52548 -93.8019 3.37861 0.0208538
5.86392 -93.5178 3.36849 0.015428
5.59102 -93.1201 3.36113 2.43725e-08
5.44238 -94.0771 3.36995 0.00227716
5.27076 -94.4523 3.35492 5.41136e-08
5.94584 -94.0002 3.34654 1.19328e-09
5.59559 -94.6637 3.36457 4.49612e-09
5.18735 -93.7755 3.37114 0.000138554
5.82854 -93.3897 3.37975 0.057814
5.28303 -93.8296 3.36524 0.000920568
5.56794 -93.965 3.36534 0.0175531
5.01528 -92.8401 3.35934 1.41023e-17
