41.0644 -70.7031 3.94254 2.26414e-05 41.41 -70.555 3.9377
41.572 -70.718 3.93321 0.00203036 41.41 -70.555 3.9377
41.648 -70.6183 3.93396 0.00148911 41.41 -70.555 3.9377
41.4193 -70.1583 3.94132 0.000234492 41.41 -70.555 3.9377
41.5421 -70.8646 3.94587 0.00026412 41.41 -70.555 3.9377
41.0391 -70.8225 3.92442 1.71842e-06 41.41 -70.555 3.9377
41.3101 -70.8626 3.92692 1.71356e-05 41.41 -70.555 3.9377
41.7504 -70.3449 3.95721 1.00507e-07 41.41 -70.555 3.9377
41.4474 -70.7075 3.94598 0.0103631 41.41 -70.555 3.9377
41.045 -70.6251 3.92995 0.00136829 41.41 -70.555 3.9377
41.0898 -70.8138 3.92517 8.27903e-06 41.41 -70.555 3.9377
41.4211 -70.979 3.95219 2.64168e-09 41.41 -70.555 3.9377
41.4489 -70.7276 3.93485 0.0358085 41.41 -70.555 3.9377
41.3314 -70.4562 3.94696 0.00318299 41.41 -70.555 3.9377
40.8016 -71.1521 3.93201 2.76898e-15 41.41 -70.555 3.9377
41.9457 -70.5155 3.92003 4.67954e-21 41.41 -70.555 3.9377
41.5482 -70.5894 3.93973 0.192942 41.41 -70.555 3.9377
41.4423 -70.5504 3.93132 0.024748 41.41 -70.555 3.9377
41.6281 -70.3777 3.93261 0.000260702 41.41 -70.555 3.9377
42.2533 -70.6594 3.92997 4.87743e-23 41.41 -70.555 3.9377
40.9654 -70.4402 3.91605 4.40742e-10 41.41 -70.555 3.9377
41.2696 -70.5943 3.924 0.000100226 41.41 -70.555 3.9377
41.9832 -71.1801 3.94004 1.33362e-16 41.41 -70.555 3.9377
41.9085 -70.8327 3.92658 4.45517e-15 41.41 -70.555 3.9377
41.8367 -70.6949 3.9261 3.45736e-12 41.41 -70.555 3.9377
41.0325 -70.904 3.94404 6.08544e-09 41.41 -70.555 3.9377
41.3762 -71.268 3.93412 1.13024e-12 41.41 -70.555 3.9377
41.4007 -70.7003 3.93316 0.0393797 41.41 -70.555 3.9377
41.5753 -70.6071 3.95277 0.000127535 41.41 -70.555 3.9377
41.5307 -70.9281 3.94488 4.69606e-05 41.41 -70.555 3.9377
41.9977 -70.7674 3.94126 7.04996e-09 41.41 -70.555 3.9377
41.0127 -70.8696 3.94151 1.09714e-07 41.41 -70.555 3.9377
41.4068 -70.1296 3.95472 4.30638e-10 41.41 -70.555 3.9377
41.1291 -70.6218 3.91815 4.34521e-08 41.41 -70.555 3.9377
40.8759 -70.843 3.92468 2.16151e-08 41.41 -70.555 3.9377
41.0824 -70.3766 3.92851 0.00046968 41.41 -70.555 3.9377
41.7891 -69.9013 3.95165 2.54725e-13 41.41 -70.555 3.9377
41.2725 -70.3163 3.94401 0.0013237 41.41 -70.555 3.9377
41.1495 -70.7725 3.92778 0.000308679 41.41 -70.555 3.9377
41.4753 -70.7663 3.93213 0.00256394 41.41 -70.555 3.9377
41.6511 -70.7622 3.93561 0.000553269 41.41 -70.555 3.9377
41.3098 -70.1142 3.93722 3.31646e-05 41.41 -70.555 3.9377
41.7067 -70.6283 3.92828 2.5557e-07 41.41 -70.555 3.9377
41.6297 -70.5699 3.94869 0.00631835 41.41 -70.555 3.9377
41.0103 -70.0174 3.94912 2.71084e-15 41.41 -70.555 3.9377
41.8737 -71.1393 3.9403 4.4692e-13 41.41 -70.555 3.9377
41.417 -70.511 3.93213 0.0558544 41.41 -70.555 3.9377
41.8446 -70.7944 3.93743 6.80456e-07 41.41 -70.555 3.9377
41.6722 -70.6811 3.93205 6.14612e-05 41.41 -70.555 3.9377
41.9035 -70.8077 3.93489 2.57858e-09 41.41 -70.555 3.9377
40.9377 -70.6318 3.94312 8.18742e-08 41.41 -70.555 3.9377
41.5615 -70.3641 3.95466 3.89211e-06 41.41 -70.555 3.9377
41.3221 -69.951 3.93284 2.63475e-09 41.41 -70.555 3.9377
40.5669 -70.136 3.96061 8.99388e-42 41.41 -70.555 3.9377
41.2123 -70.447 3.9264 0.00096675 41.41 -70.555 3.9377
41.2917 -70.3602 3.95449 1.46366e-08 41.41 -70.555 3.9377
41.1118 -70.7627 3.92457 2.05074e-05 41.41 -70.555 3.9377
41.5324 -70.2379 3.94253 0.00222437 41.41 -70.555 3.9377
41.3916 -70.7506 3.93097 0.00458826 41.41 -70.555 3.9377
40.0868 -70.8163 3.93022 6.84253e-35 41.41 -70.555 3.9377
41.4062 -70.837 3.95479 8.3176e-09 41.41 -70.555 3.9377
42.09 -70.6316 3.91101 1.84879e-39 41.41 -70.555 3.9377
41.5737 -70.8403 3.95084 1.13824e-05 41.41 -70.555 3.9377
42.1104 -70.8406 3.91723 9.1626e-33 41.41 -70.555 3.9377
41.0249 -71.245 3.91926 9.80197e-18 41.41 -70.555 3.9377
41.4842 -70.5051 3.94311 0.204459 41.41 -70.555 3.9377
41.6094 -70.2701 3.93764 0.00109775 41.41 -70.555 3.9377
41.7698 -70.9958 3.94046 5.09273e-08 41.41 -70.555 3.9377
41.5008 -70.5794 3.94555 0.0658479 41.41 -70.555 3.9377
41.9287 -70.4623 3.95012 4.12923e-06 41.41 -70.555 3.9377
41.65 -70.6885 3.93189 0.000103137 41.41 -70.555 3.9377
41.3219 -70.6822 3.9378 0.141862 41.41 -70.555 3.9377
41.6101 -70.9387 3.93268 9.84013e-07 41.41 -70.555 3.9377
41.4942 -70.6483 3.92144 1.38101e-08 41.41 -70.555 3.9377
41.2489 -70.9452 3.9455 6.06488e-07 41.41 -70.555 3.9377
41.6865 -70.9554 3.94978 2.39716e-07 41.41 -70.555 3.9377
41.291 -70.8158 3.91663 2.0306e-11 41.41 -70.555 3.9377
41.3342 -71.1532 3.9298 2.8927e-10 41.41 -70.555 3.9377
41.3776 -71.1936 3.93321 1.28842e-10 41.41 -70.555 3.9377
40.9539 -70.8018 3.93016 6.07005e-06 41.41 -70.555 3.9377
41.7357 -70.4792 3.93604 0.000393066 41.41 -70.555 3.9377
41.4631 -70.6266 3.92733 0.000263847 41.41 -70.555 3.9377
41.6028 -70.1148 3.94368 1.07063e-05 41.41 -70.555 3.9377
42.0316 -70.5583 3.9487 1.00507e-07 41.41 -70.555 3.9377
41.0362 -70.4939 3.9402 0.000164611 41.41 -70.555 3.9377
41.3658 -70.152 3.93405 9.19136e-05 41.41 -70.555 3.9377
41.1462 -70.4271 3.93344 0.015921 41.41 -70.555 3.9377
41.1751 -71.0007 3.93174 1.30081e-06 41.41 -70.555 3.9377
40.8209 -70.7903 3.94116 5.87612e-11 41.41 -70.555 3.9377
42.0012 -71.0136 3.93936 3.08862e-13 41.41 -70.555 3.9377
41.257 -70.4566 3.94394 0.00829889 41.41 -70.555 3.9377
41.2996 -70.3576 3.92459 2.52264e-05 41.41 -70.555 3.9377
41.248 -70.5977 3.93281 0.0945174 41.41 -70.555 3.9377
41.0695 -70.5436 3.93018 0.00338775 41.41 -70.555 3.9377
41.4979 -70.7865 3.95273 3.63832e-06 41.41 -70.555 3.9377
42.1139 -70.4519 3.9302 2.47432e-17 41.41 -70.555 3.9377
41.3483 -70.3936 3.93414 0.0731442 41.41 -70.555 3.9377
40.7728 -70.2918 3.93649 2.09315e-10 41.41 -70.555 3.9377
41.4218 -70.2381 3.91158 4.01955e-19 41.41 -70.555 3.9377
41.1563 -70.4106 3.94104 0.00269578 41.41 -70.555 3.9377
