-39.4162 -57.7118 1.667 4.93178e-05 -39.279 -57.323 1.656
-39.7301 -57.2095 1.66356 4.94176e-08 -39.279 -57.323 1.656
-39.6908 -57.4563 1.66069 7.17893e-06 -39.279 -57.323 1.656
-39.7068 -57.778 1.65049 9.60693e-09 -39.279 -57.323 1.656
-39.352 -57.6631 1.66193 0.00342132 -39.279 -57.323 1.656
-39.2666 -57.2608 1.67123 1.01496e-05 -39.279 -57.323 1.656
-39.4452 -57.2844 1.65291 0.0159883 -39.279 -57.323 1.656
-39.2241 -56.9513 1.65087 0.000793479 -39.279 -57.323 1.656
-39.4076 -57.3485 1.65408 0.0351376 -39.279 -57.323 1.656
-39.2037 -57.4242 1.65543 0.160475 -39.279 -57.323 1.656
-39.5972 -57.4552 1.65623 0.000499381 -39.279 -57.323 1.656
-39.3723 -57.4137 1.65326 0.037399 -39.279 -57.323 1.656
-39.2883 -57.3694 1.66435 0.0143819 -39.279 -57.323 1.656
-39.5529 -57.2027 1.68652 9.28539e-23 -39.279 -57.323 1.656
-39.2222 -57.8666 1.65072 1.03766e-06 -39.279 -57.323 1.656
-39.1736 -57.4941 1.65219 0.0274668 -39.279 -57.323 1.656
-39.0131 -57.1072 1.66103 0.00415527 -39.279 -57.323 1.656
-39.8259 -57.2601 1.6446 3.23665e-08 -39.279 -57.323 1.656
-39.8138 -57.5326 1.67461 1.184e-14 -39.279 -57.323 1.656
-39.5199 -57.5007 1.67226 8.20184e-08 -39.279 -57.323 1.656
-38.8058 -57.3714 1.6678 0.000337033 -39.279 -57.323 1.656
-39.129 -57.2656 1.68755 6.78986e-18 -39.279 -57.323 1.656
-39.3232 -57.0607 1.66367 0.000140921 -39.279 -57.323 1.656
-39.1675 -56.7903 1.68361 1.08611e-22 -39.279 -57.323 1.656
-39.0462 -57.8909 1.64688 1.66316e-09 -39.279 -57.323 1.656
-39.6067 -57.3701 1.66861 1.96884e-07 -39.279 -57.323 1.656
-39.4914 -57.9734 1.67019 1.62062e-09 -39.279 -57.323 1.656
-39.304 -57.8533 1.65464 1.88451e-05 -39.279 -57.323 1.656
-38.9684 -56.8446 1.65982 2.38585e-06 -39.279 -57.323 1.656
-39.2773 -57.4441 1.65405 0.0819624 -39.279 -57.323 1.656
-38.8634 -57.6121 1.66276 0.00297901 -39.279 -57.323 1.656
-39.3689 -57.0242 1.65536 0.00189048 -39.279 -57.323 1.656
-38.8577 -57.3098 1.64887 0.000113838 -39.279 -57.323 1.656
-39.096 -57.5833 1.64769 0.000126788 -39.279 -57.323 1.656
-39.1374 -57.4486 1.6375 3.75227e-09 -39.279 -57.323 1.656
-39.325 -56.6971 1.67382 6.73382e-17 -39.279 -57.323 1.656
-39.4605 -57.4494 1.67785 8.26302e-11 -39.279 -57.323 1.656
-39.5895 -57.3809 1.6618 0.000121844 -39.279 -57.323 1.656
-39.3393 -57.8162 1.65503 5.64018e-05 -39.279 -57.323 1.656
-39.7599 -57.4942 1.64762 2.68212e-07 -39.279 -57.323 1.656
-39.3302 -57.1442 1.66824 1.22774e-05 -39.279 -57.323 1.656
-39.2729 -57.4609 1.6513 0.0243696 -39.279 -57.323 1.656
-39.2731 -57.1759 1.65853 0.0348331 -39.279 -57.323 1.656
-39.5454 -57.152 1.68346 6.17436e-20 -39.279 -57.323 1.656
-39.4931 -57.4791 1.63683 1.2079e-09 -39.279 -57.323 1.656
-39.4499 -57.4003 1.67393 3.74816e-08 -39.279 -57.323 1.656
-39.0329 -57.3989 1.65617 0.0955377 -39.279 -57.323 1.656
-39.0984 -57.6318 1.65526 0.00990016 -39.279 -57.323 1.656
-39.3013 -57.6683 1.65536 0.00429935 -39.279 -57.323 1.656
-39.5046 -57.0855 1.66212 2.58464e-05 -39.279 -57.323 1.656
-39.73 -56.5989 1.63466 3.30425e-15 -39.279 -57.323 1.656
-40.1645 -57.4905 1.64938 2.26766e-15 -39.279 -57.323 1.656
-39.4675 -57.305 1.66462 0.000311396 -39.279 -57.323 1.656
-39.1996 -57.968 1.67114 2.48389e-07 -39.279 -57.323 1.656
-39.0111 -57.6434 1.63617 1.99443e-13 -39.279 -57.323 1.656
-38.8768 -57.3866 1.65616 0.00917499 -39.279 -57.323 1.656
-39.2983 -57.5594 1.65783 0.0423237 -39.279 -57.323 1.656
-39.6905 -57.5165 1.64246 2.35139e-08 -39.279 -57.323 1.656
-38.9796 -58.0106 1.63572 1.88146e-21 -39.279 -57.323 1.656
-39.7182 -57.2657 1.65594 1.17344e-05 -39.279 -57.323 1.656
-39.7786 -56.8851 1.65642 7.39516e-10 -39.279 -57.323 1.656
-39.306 -57.5336 1.63909 2.64067e-08 -39.279 -57.323 1.656
-39.2252 -57.3054 1.65634 0.182309 -39.279 -57.323 1.656
-39.8466 -56.9517 1.6634 7.24185e-13 -39.279 -57.323 1.656
-39.3795 -57.2284 1.65511 0.0351575 -39.279 -57.323 1.656
-39.4869 -57.8294 1.66229 6.45118e-06 -39.279 -57.323 1.656
-39.809 -57.4506 1.64834 1.20188e-07 -39.279 -57.323 1.656
-39.101 -57.2755 1.64755 0.00327157 -39.279 -57.323 1.656
-39.035 -58.0644 1.66939 4.40973e-08 -39.279 -57.323 1.656
-39.6519 -57.6245 1.65792 1.18868e-05 -39.279 -57.323 1.656
-39.5657 -57.3094 1.63967 3.01918e-07 -39.279 -57.323 1.656
-39.4134 -57.4956 1.65594 0.0188161 -39.279 -57.323 1.656
-38.9734 -57.2088 1.64363 1.07468e-05 -39.279 -57.323 1.656
-39.1236 -58.0245 1.66096 5.12406e-07 -39.279 -57.323 1.656
-40.0247 -57.4371 1.65164 1.6999e-11 -39.279 -57.323 1.656
-39.5569 -57.5616 1.65739 0.000490443 -39.279 -57.323 1.656
-39.7538 -57.9736 1.67686 3.10768e-17 -39.279 -57.323 1.656
-39.7211 -57.1717 1.65051 7.63822e-06 -39.279 -57.323 1.656
-39.229 -57.0831 1.65427 0.0171256 -39.279 -57.323 1.656
-39.7325 -57.4781 1.65608 5.52911e-06 -39.279 -57.323 1.656
-39.2902 -57.253 1.65341 0.080686 -39.279 -57.323 1.656
-39.1528 -57.9105 1.6614 3.74624e-05 -39.279 -57.323 1.656
-39.4453 -57.8939 1.65489 9.27752e-07 -39.279 -57.323 1.656
-39.5839 -57.7365 1.67714 3.00122e-12 -39.279 -57.323 1.656
-39.6903 -57.4411 1.66122 5.79974e-06 -39.279 -57.323 1.656
-39.6002 -57.9617 1.66525 1.69152e-09 -39.279 -57.323 1.656
-39.9304 -57.4864 1.66255 4.29587e-11 -39.279 -57.323 1.656
-39.6448 -57.4558 1.65419 0.00012693 -39.279 -57.323 1.656
-39.4346 -57.782 1.6531 2.01152e-05 -39.279 -57.323 1.656
-39.6955 -57.6223 1.66936 2.7074e-09 -39.279 -57.323 1.656
-39.6431 -57.0968 1.6775 1.25699e-16 -39.279 -57.323 1.656
-39.3583 -58.1724 1.66531 1.2806e-10 -39.279 -57.323 1.656
-40.1138 -57.313 1.65746 2.82822e-14 -39.279 -57.323 1.656
-39.2787 -57.0363 1.65196 0.00517785 -39.279 -57.323 1.656
-39.7472 -57.3638 1.66281 2.06196e-07 -39.279 -57.323 1.656
-39.4126 -57.6232 1.66291 0.00161475 -39.279 -57.323 1.656
-39.3323 -57.2829 1.6609 0.0278979 -39.279 -57.323 1.656
-38.9435 -57.3073 1.65452 0.0188024 -39.279 -57.323 1.656
-39.9276 -58.2677 1.66747 4.50061e-22 -39.279 -57.323 1.656
-39.286 -57.1837 1.6679 7.95303e-05 -39.279 -57.323 1.656
