-39.5519 -45.9206 1.4951 0.0115538
-39.5055 -45.3054 1.50326 1.49746e-11
-39.2291 -45.9622 1.49271 0.0319174
-39.159 -46.3981 1.51618 0.00383562
-39.2121 -46.6147 1.50643 0.00154318
-38.7839 -46.2095 1.51992 6.08579e-06
-39.4577 -46.6868 1.48476 6.50242e-10
-38.9989 -46.7306 1.49712 1.90646e-07
-39.084 -46.3202 1.50284 0.0371659
-39.2578 -46.7963 1.49934 8.72712e-07
-39.2223 -46.2909 1.50401 0.111681
-39.063 -47.094 1.4992 2.79197e-13
-39.0348 -46.0686 1.50819 0.0110119
-39.3962 -46.2806 1.49798 0.0572269
-39.2592 -45.9293 1.50373 0.0230698
-38.892 -46.2138 1.50901 0.00283056
-39.2671 -45.9767 1.50953 0.005062
-38.8422 -46.1437 1.48981 7.46575e-06
-39.5199 -46.5299 1.52991 6.57847e-10
-39.1909 -46.0453 1.5312 5.01195e-11
-39.043 -46.1652 1.50013 0.0320365
-38.7354 -46.3003 1.51642 1.98281e-05
-39.1426 -46.0576 1.49706 0.0576021
-39.0772 -45.8965 1.52331 1.61514e-08
-39.2059 -46.3302 1.49487 0.010961
-39.0609 -46.2508 1.52379 1.29145e-05
-38.8383 -46.2823 1.50912 0.0010006
-38.6324 -45.81 1.51121 6.69658e-09
-39.4458 -45.878 1.48479 0.00199814
-39.0877 -46.4913 1.51328 0.00454803
-39.3749 -46.9167 1.5344 3.09036e-12
-39.1311 -45.7929 1.50528 0.000689184
-39.2498 -45.9691 1.51269 0.000781087
-39.0464 -46.1828 1.4903 0.000850312
-39.0046 -46.5464 1.52785 1.1415e-06
-39.5285 -45.6926 1.50696 2.91e-06
-38.8859 -46.3002 1.49422 7.67493e-05
-38.8285 -46.6385 1.48922 8.8602e-11
-39.017 -45.984 1.50969 0.0018568
-38.8388 -46.9875 1.5045 3.85868e-11
-38.8575 -46.4086 1.51063 0.000762905
-39.2011 -46.2846 1.49524 0.021753
-38.907 -45.8845 1.51091 3.62619e-05
-39.1482 -46.2842 1.49115 0.00189512
-38.8681 -46.0416 1.49806 0.000659522
-39.3265 -46.351 1.51608 0.00216765
-39.3227 -46.1732 1.51463 0.00249225
-39.1162 -45.9548 1.51365 0.000304805
-39.1546 -46.543 1.52622 4.42201e-06
-38.7938 -46.9265 1.50077 1.3827e-11
-39.6127 -46.0337 1.53127 9.03228e-15
-38.8754 -46.4058 1.49738 6.86684e-05
-39.0728 -45.5141 1.50078 5.89706e-07
-39.627 -45.7649 1.50613 5.90273e-06
-39.4514 -46.1841 1.50441 0.0497947
-37.9765 -45.9944 1.50412 7.111e-22
-39.1878 -46.0236 1.49665 0.069622
-39.3169 -46.304 1.51592 0.00246245
-39.0259 -46.148 1.50126 0.0289118
-38.534 -46.4275 1.50374 1.34685e-08
-38.9237 -46.0263 1.5146 0.000113148
-38.6914 -46.8733 1.52267 2.17763e-09
-39.1256 -46.6753 1.51767 0.000129358
-38.8418 -46.1454 1.51605 7.43036e-05
-39.1777 -46.2648 1.50417 0.108497
-38.982 -46.2737 1.50166 0.011112
-39.0785 -46.1733 1.5108 0.0167361
-38.7612 -45.9029 1.50828 6.40423e-06
-39.5546 -46.3592 1.50576 0.00488243
-38.9508 -46.2147 1.50787 0.00899878
-39.045 -46.0057 1.49333 0.00566583
-38.5972 -46.0735 1.49675 8.29941e-08
-39.3644 -46.496 1.52966 2.25605e-08
-39.2368 -46.5794 1.50527 0.00292783
-39.3252 -46.5149 1.51914 0.000209424
-39.4033 -46.3431 1.51265 0.0054637
-39.1197 -45.8297 1.48969 0.00161223
-38.5208 -46.0081 1.5371 7.8921e-18
-39.1484 -45.906 1.51669 1.22292e-05
-38.3771 -46.2301 1.5306 2.72163e-14
-38.8197 -47.0304 1.50198 6.06983e-13
-39.3992 -46.7268 1.51586 1.87392e-05
-38.6711 -46.3838 1.53535 9.32374e-12
-39.2274 -46.3236 1.50471 0.0912474
-39.0758 -45.8334 1.50387 0.00163948
-39.0792 -46.9083 1.49834 1.43159e-09
-38.8241 -47.0787 1.50553 7.88634e-13
-38.8362 -46.5209 1.52911 1.04375e-07
-39.3178 -45.9703 1.49266 0.046179
-39.3544 -46.2154 1.50945 0.0307758
-39.3334 -46.2307 1.49624 0.0725958
-38.7838 -46.3916 1.486 1.04955e-09
-38.8105 -45.8622 1.49505 1.6182e-05
-39.1181 -45.7418 1.50891 3.00225e-05
-38.9834 -46.4013 1.48239 5.48493e-09
-39.1235 -45.4839 1.5112 4.91756e-10
-39.0785 -46.7091 1.51451 0.000114146
-38.8979 -45.9425 1.498 0.0006508
-39.218 -46.9087 1.50076 2.03195e-08
-38.7219 -46.3335 1.48729 1.49052e-09
