19.602 -90.2634 3.68928 1.76201e-05
19.6127 -89.631 3.7084 4.48814e-11
19.0119 -90.5041 3.69543 0.00140061
19.1643 -89.8475 3.70335 1.2995e-06
18.868 -90.0652 3.682 0.0733487
19.5762 -90.2417 3.70169 0.000142855
19.8768 -90.1438 3.70635 5.88875e-08
19.5053 -90.192 3.71013 3.57895e-07
19.516 -89.6799 3.70849 3.19797e-10
19.3684 -89.7254 3.71187 9.11954e-12
18.455 -90.4376 3.69418 1.9251e-08
19.4739 -90.0048 3.68784 0.000116961
19.5857 -90.1009 3.67246 2.6349e-14
19.2764 -89.8492 3.70963 1.92378e-09
18.9277 -89.9556 3.6923 0.00579709
19.3233 -89.9769 3.69737 0.00166938
19.0884 -89.4261 3.70126 4.49462e-12
18.5892 -90.3132 3.71077 2.68378e-18
19.0869 -89.9337 3.6849 0.0131576
19.0711 -90.4313 3.69499 0.00752404
19.1551 -89.7262 3.68487 9.50052e-05
19.5939 -90.3594 3.71628 1.15354e-10
19.2324 -90.2721 3.69527 0.0258469
18.7815 -89.4875 3.70286 8.64099e-15
19.89 -90.0783 3.67849 4.48771e-17
19.7632 -89.8711 3.69859 1.29047e-07
19.2038 -90.4347 3.69079 0.0174105
19.2014 -89.7136 3.69903 2.96026e-06
19.1454 -90.0786 3.68794 0.0649277
20.2417 -89.8613 3.70873 4.15746e-15
19.2053 -90.44 3.7016 0.000184936
18.8932 -90.0582 3.67477 0.00163728
19.2768 -89.2818 3.69529 6.13392e-13
19.2473 -90.2292 3.69718 0.012654
19.1607 -90.1161 3.68395 0.0227407
19.2743 -90.854 3.69384 3.75962e-07
19.3876 -90.295 3.68866 0.00298963
18.5869 -89.9076 3.68375 0.000971072
19.2419 -90.1701 3.6949 0.0285138
19.1691 -89.9214 3.6989 0.000315551
19.5934 -90.1233 3.69641 0.000195915
19.5552 -89.6306 3.69576 3.70431e-08
19.0435 -89.8243 3.68259 0.00144632
19.2888 -89.8444 3.69157 0.000801683
19.0656 -90.3921 3.69959 0.000475483
19.3253 -90.4303 3.69292 0.00580406
19.3519 -90.1638 3.70145 0.000860253
19.0769 -90.0383 3.69466 0.0134573
19.2199 -90.5875 3.70879 8.442e-09
19.2604 -90.1767 3.69343 0.0363729
19.1138 -89.4977 3.7119 2.90852e-17
19.0054 -90.5583 3.71931 6.7808e-20
19.4205 -90.2528 3.68364 7.65486e-05
19.6173 -89.9823 3.70206 1.20132e-05
19.6822 -90.0082 3.71299 2.04758e-09
19.0794 -89.8856 3.69606 0.000702082
19.0026 -90.42 3.68988 0.0374767
19.145 -90.303 3.69853 0.00395313
19.3792 -89.9813 3.67554 1.68384e-08
18.4869 -90.072 3.69085 5.60838e-06
18.6403 -90.2138 3.66944 0.000143425
18.9765 -90.015 3.70438 2.58618e-07
19.946 -89.5441 3.6855 1.10092e-18
19.15 -90.0738 3.69388 0.02994
19.085 -90.1234 3.68827 0.122682
19.1026 -90.2489 3.68824 0.126368
19.2687 -90.0346 3.68402 0.0022246
19.6432 -89.8808 3.67366 1.35863e-15
19.8138 -89.5977 3.69649 1.14936e-11
19.0999 -90.2556 3.7013 0.000306992
19.2791 -89.4075 3.6993 3.31315e-11
19.5123 -89.9549 3.70835 2.50531e-07
19.7912 -89.5121 3.70023 1.35087e-12
19.1854 -89.8638 3.69049 0.00313205
19.4327 -89.7619 3.69633 1.23625e-05
19.3013 -89.8524 3.71804 1.47833e-15
18.9931 -90.003 3.70529 8.91036e-08
18.9541 -90.1567 3.68969 0.109289
19.2487 -89.9353 3.69533 0.00281379
19.3172 -89.8905 3.70463 2.61701e-06
19.5558 -89.9971 3.70112 5.22126e-05
19.1869 -90.0164 3.69159 0.0271372
19.4907 -89.8623 3.69764 4.11472e-05
19.4843 -90.1145 3.701 0.000396738
18.8308 -90.0929 3.69802 5.30788e-05
18.9786 -90.297 3.68771 0.135855
19.5344 -90.3318 3.70942 6.7257e-07
19.3926 -90.2809 3.69958 0.00213482
19.487 -90.0319 3.69344 0.000705002
19.0591 -89.6645 3.70135 2.39579e-08
18.6818 -91.2677 3.68776 2.08943e-16
19.298 -89.8972 3.6959 0.000947225
19.1847 -90.2279 3.70239 0.000261036
19.5 -90.2443 3.698 0.00122816
19.2657 -90.1924 3.68889 0.0317892
19.5088 -89.6254 3.69302 7.15781e-08
19.7646 -89.698 3.69007 7.78037e-11
19.6733 -89.9213 3.6979 3.39035e-06
19.2803 -90.0493 3.69622 0.00748245
19.1332 -89.9314 3.6865 0.01189
