186.966 -10.4055 3.17712 0.0308775 187.01 -10.469 3.1724
186.801 -10.5993 3.17121 0.0938672 187.01 -10.469 3.1724
186.964 -10.1801 3.17828 0.000290565 187.01 -10.469 3.1724
186.761 -10.8446 3.1742 0.000282449 187.01 -10.469 3.1724
186.764 -10.663 3.17942 5.50704e-05 187.01 -10.469 3.1724
186.71 -9.99241 3.17278 1.0784e-07 187.01 -10.469 3.1724
187.655 -10.8675 3.18465 1.74498e-08 187.01 -10.469 3.1724
187.045 -11.1525 3.19702 7.85607e-22 187.01 -10.469 3.1724
186.685 -10.9163 3.17345 1.22546e-05 187.01 -10.469 3.1724
187.272 -10.6884 3.17136 0.00360388 187.01 -10.469 3.1724
186.745 -10.8917 3.16699 0.00130207 187.01 -10.469 3.1724
186.846 -10.6125 3.20549 3.03394e-29 187.01 -10.469 3.1724
186.942 -10.4786 3.17154 0.251692 187.01 -10.469 3.1724
187.398 -10.5129 3.18245 0.00187868 187.01 -10.469 3.1724
187.077 -10.417 3.1906 1.03806e-07 187.01 -10.469 3.1724
187.342 -10.3373 3.18634 0.000141568 187.01 -10.469 3.1724
186.693 -10.3827 3.17386 0.00138653 187.01 -10.469 3.1724
187.03 -10.7832 3.16401 0.00186815 187.01 -10.469 3.1724
187.11 -10.6129 3.16866 0.0477573 187.01 -10.469 3.1724
187.096 -10.8331 3.18986 4.57531e-09 187.01 -10.469 3.1724
187.432 -9.77079 3.1634 1.94077e-19 187.01 -10.469 3.1724
187.248 -10.9361 3.17787 4.36907e-05 187.01 -10.469 3.1724
186.949 -10.0192 3.18161 1.08926e-07 187.01 -10.469 3.1724
187.535 -10.5307 3.17309 5.24989e-06 187.01 -10.469 3.1724
187.041 -11.1138 3.19366 1.28109e-17 187.01 -10.469 3.1724
187.383 -9.99766 3.17599 6.38464e-08 187.01 -10.469 3.1724
187.469 -10.2501 3.17765 3.00955e-05 187.01 -10.469 3.1724
187.069 -10.6521 3.17751 0.0425181 187.01 -10.469 3.1724
187.302 -11.0175 3.17061 4.10811e-07 187.01 -10.469 3.1724
186.878 -10.9333 3.17449 0.000140242 187.01 -10.469 3.1724
187.537 -10.6896 3.18139 3.52924e-05 187.01 -10.469 3.1724
186.924 -11.1572 3.16117 1.05998e-08 187.01 -10.469 3.1724
187.214 -10.4721 3.17813 0.0443297 187.01 -10.469 3.1724
186.547 -10.0228 3.17996 1.26889e-12 187.01 -10.469 3.1724
187.355 -10.3781 3.17912 0.00359493 187.01 -10.469 3.1724
186.911 -10.3096 3.17364 0.0222263 187.01 -10.469 3.1724
186.93 -10.6926 3.18741 7.07893e-08 187.01 -10.469 3.1724
186.651 -10.5521 3.18198 6.25755e-08 187.01 -10.469 3.1724
187.041 -10.8402 3.16123 4.81788e-05 187.01 -10.469 3.1724
186.878 -10.6203 3.19453 1.51177e-14 187.01 -10.469 3.1724
187.015 -10.0633 3.14773 4.3477e-18 187.01 -10.469 3.1724
187.019 -9.98602 3.17989 3.0254e-07 187.01 -10.469 3.1724
186.774 -10.5029 3.17606 0.00434054 187.01 -10.469 3.1724
187.2 -10.3481 3.18457 0.000586971 187.01 -10.469 3.1724
187.195 -10.4121 3.19638 6.33291e-11 187.01 -10.469 3.1724
187.655 -10.2128 3.15631 1.18788e-23 187.01 -10.469 3.1724
187.433 -10.7511 3.18567 2.15043e-05 187.01 -10.469 3.1724
187.36 -10.8328 3.19288 1.79925e-09 187.01 -10.469 3.1724
186.591 -10.3112 3.16482 0.00126093 187.01 -10.469 3.1724
187.317 -10.1318 3.17163 4.96273e-06 187.01 -10.469 3.1724
186.919 -10.528 3.16664 0.165401 187.01 -10.469 3.1724
187.274 -9.97948 3.15742 7.28845e-16 187.01 -10.469 3.1724
187.283 -10.6525 3.18936 5.30087e-06 187.01 -10.469 3.1724
186.923 -11.0828 3.17603 3.39225e-07 187.01 -10.469 3.1724
187.124 -10.4375 3.16082 2.80161e-05 187.01 -10.469 3.1724
187.402 -10.4813 3.18794 7.49668e-05 187.01 -10.469 3.1724
187.396 -10.5191 3.17119 0.000216957 187.01 -10.469 3.1724
187.454 -10.2888 3.1986 3.61775e-11 187.01 -10.469 3.1724
187.314 -10.4965 3.19308 1.59636e-07 187.01 -10.469 3.1724
187.535 -10.2052 3.16854 5.56621e-10 187.01 -10.469 3.1724
186.94 -10.406 3.15498 1.11471e-06 187.01 -10.469 3.1724
187.081 -10.014 3.16449 5.93313e-08 187.01 -10.469 3.1724
187.383 -10.5716 3.18597 0.000294807 187.01 -10.469 3.1724
186.975 -10.3988 3.17744 0.0266391 187.01 -10.469 3.1724
187.029 -11.132 3.15224 3.67297e-14 187.01 -10.469 3.1724
187.39 -10.4916 3.17156 0.000321566 187.01 -10.469 3.1724
186.65 -10.9385 3.17455 8.80113e-07 187.01 -10.469 3.1724
187.4 -10.8008 3.17844 0.000140372 187.01 -10.469 3.1724
187.099 -10.3763 3.18491 0.000233006 187.01 -10.469 3.1724
186.843 -10.8231 3.17485 0.00136823 187.01 -10.469 3.1724
187.065 -10.3466 3.18351 0.000435167 187.01 -10.469 3.1724
186.859 -10.5174 3.17447 0.0601933 187.01 -10.469 3.1724
187.446 -10.1768 3.18059 1.5591e-05 187.01 -10.469 3.1724
186.54 -10.7235 3.18026 1.12668e-09 187.01 -10.469 3.1724
187.347 -10.6781 3.17826 0.00332095 187.01 -10.469 3.1724
186.755 -10.7439 3.18243 2.21316e-07 187.01 -10.469 3.1724
187.013 -10.7071 3.179 0.00619334 187.01 -10.469 3.1724
186.998 -10.6473 3.17952 0.00762892 187.01 -10.469 3.1724
186.869 -10.3969 3.17456 0.0334296 187.01 -10.469 3.1724
186.507 -10.6873 3.17637 1.33521e-07 187.01 -10.469 3.1724
186.693 -9.96457 3.18989 5.24996e-18 187.01 -10.469 3.1724
187.379 -10.0095 3.18095 2.30399e-07 187.01 -10.469 3.1724
187.408 -10.452 3.18118 0.00197714 187.01 -10.469 3.1724
187.653 -10.5927 3.17358 3.27329e-08 187.01 -10.469 3.1724
187.158 -10.486 3.15767 1.52183e-07 187.01 -10.469 3.1724
187.304 -10.7744 3.16334 4.35013e-07 187.01 -10.469 3.1724
186.699 -10.3046 3.18385 5.915e-09 187.01 -10.469 3.1724
187.062 -10.5045 3.19512 1.61515e-11 187.01 -10.469 3.1724
187.233 -10.1725 3.18294 7.43671e-05 187.01 -10.469 3.1724
187.033 -10.3674 3.16727 0.0226116 187.01 -10.469 3.1724
187.266 -10.671 3.16703 0.000299786 187.01 -10.469 3.1724
186.897 -11.0557 3.16672 1.07521e-05 187.01 -10.469 3.1724
187.511 -9.70759 3.17963 2.4569e-15 187.01 -10.469 3.1724
186.885 -10.2265 3.17155 0.00492395 187.01 -10.469 3.1724
187.046 -10.4718 3.16881 0.109442 187.01 -10.469 3.1724
187.026 -10.9038 3.16604 0.000464092 187.01 -10.469 3.1724
186.795 -10.7943 3.18478 7.97488e-09 187.01 -10.469 3.1724
187.03 -10.1822 3.15858 1.13897e-07 187.01 -10.469 3.1724
186.966 -10.0625 3.1733 4.14554e-05 187.01 -10.469 3.1724
186.884 -10.3503 3.18396 6.40114e-06 187.01 -10.469 3.1724
