220.356 -12.6737 2.93342 0.00332089 220.77 -12.69 2.9465
221.008 -12.835 2.94485 0.000605037 220.77 -12.69 2.9465
220.762 -12.918 2.93911 0.00080516 220.77 -12.69 2.9465
220.483 -12.3534 2.94375 0.0366437 220.77 -12.69 2.9465
220.571 -13.1045 2.95975 1.44835e-14 220.77 -12.69 2.9465
220.249 -12.389 2.94679 2.07812e-05 220.77 -12.69 2.9465
220.878 -13.0685 2.94448 7.71327e-06 220.77 -12.69 2.9465
220.121 -13.0857 2.94804 1.77696e-12 220.77 -12.69 2.9465
221.207 -12.9475 2.95292 7.08447e-08 220.77 -12.69 2.9465
220.486 -12.92 2.94007 0.00267409 220.77 -12.69 2.9465
220.914 -12.9722 2.95276 6.88435e-06 220.77 -12.69 2.9465
220.937 -12.7113 2.94231 0.00940008 220.77 -12.69 2.9465
220.209 -13.0571 2.93645 1.80913e-07 220.77 -12.69 2.9465
220.216 -13.2397 2.94412 5.92275e-12 220.77 -12.69 2.9465
220.045 -12.6333 2.94688 6.259e-09 220.77 -12.69 2.9465
221.219 -12.3697 2.96131 9.64689e-10 220.77 -12.69 2.9465
221.106 -12.9447 2.95794 8.51798e-09 220.77 -12.69 2.9465
220.401 -13.2242 2.95853 1.95659e-18 220.77 -12.69 2.9465
220.503 -13.2315 2.94635 2.78296e-09 220.77 -12.69 2.9465
221.252 -13.7243 2.93788 2.85393e-32 220.77 -12.69 2.9465
220.528 -13.285 2.93772 4.09905e-10 220.77 -12.69 2.9465
221.403 -13.0885 2.96312 6.22613e-17 220.77 -12.69 2.9465
220.953 -13.1452 2.93418 7.13672e-12 220.77 -12.69 2.9465
220.495 -13.47 2.93304 1.02616e-16 220.77 -12.69 2.9465
220.862 -12.7703 2.95007 0.00870023 220.77 -12.69 2.9465
220.793 -13.0362 2.92604 2.27414e-14 220.77 -12.69 2.9465
221.103 -12.9183 2.94391 3.32634e-06 220.77 -12.69 2.9465
220.318 -12.6625 2.952 5.53936e-07 220.77 -12.69 2.9465
220.835 -12.5948 2.94559 0.24259 220.77 -12.69 2.9465
220.228 -12.3778 2.96188 2.62918e-19 220.77 -12.69 2.9465
220.23 -13.2056 2.9472 2.78388e-12 220.77 -12.69 2.9465
220.775 -12.8182 2.95351 0.000184811 220.77 -12.69 2.9465
220.384 -12.4962 2.94296 0.0436352 220.77 -12.69 2.9465
220.859 -13.0378 2.95139 3.06594e-06 220.77 -12.69 2.9465
220.391 -12.6547 2.94849 0.000809034 220.77 -12.69 2.9465
220.582 -12.6265 2.94678 0.155043 220.77 -12.69 2.9465
220.535 -13.1625 2.96081 2.76152e-17 220.77 -12.69 2.9465
220.647 -12.5498 2.94922 0.0612732 220.77 -12.69 2.9465
220.295 -12.7132 2.94453 0.00104985 220.77 -12.69 2.9465
221.035 -13.057 2.94159 8.00361e-08 220.77 -12.69 2.9465
220.496 -13.004 2.93203 1.12005e-06 220.77 -12.69 2.9465
220.571 -13.0428 2.94952 2.67875e-06 220.77 -12.69 2.9465
220.204 -12.8679 2.95073 1.49422e-09 220.77 -12.69 2.9465
220.563 -12.8397 2.922 3.00032e-13 220.77 -12.69 2.9465
220.587 -13.8295 2.9441 6.79723e-28 220.77 -12.69 2.9465
220.804 -13.0065 2.93838 1.55238e-05 220.77 -12.69 2.9465
220.846 -13.1515 2.94155 1.67082e-07 220.77 -12.69 2.9465
220.918 -13.3615 2.95116 2.81817e-13 220.77 -12.69 2.9465
220.769 -13.0917 2.93835 1.16645e-06 220.77 -12.69 2.9465
220.251 -12.5341 2.95163 9.33254e-08 220.77 -12.69 2.9465
220.492 -13.0761 2.94963 1.52121e-07 220.77 -12.69 2.9465
220.86 -12.7777 2.93184 2.94692e-07 220.77 -12.69 2.9465
220.804 -12.9914 2.94088 0.000128417 220.77 -12.69 2.9465
221.169 -13.5087 2.94098 3.60063e-21 220.77 -12.69 2.9465
220.667 -12.5093 2.94671 0.298609 220.77 -12.69 2.9465
221.197 -13.1121 2.94445 1.53797e-10 220.77 -12.69 2.9465
221.414 -13.4062 2.93623 3.60841e-27 220.77 -12.69 2.9465
221.106 -12.6439 2.95359 0.000135192 220.77 -12.69 2.9465
220.566 -13.2445 2.95534 1.11955e-13 220.77 -12.69 2.9465
221.506 -12.9621 2.94552 9.08509e-15 220.77 -12.69 2.9465
220.632 -12.8464 2.94787 0.00684139 220.77 -12.69 2.9465
220.285 -13.2841 2.93523 1.43546e-11 220.77 -12.69 2.9465
221.796 -12.6773 2.94929 6.3485e-20 220.77 -12.69 2.9465
220.425 -12.2722 2.93723 0.00303771 220.77 -12.69 2.9465
220.942 -12.7693 2.94844 0.00774401 220.77 -12.69 2.9465
220.249 -12.7605 2.94224 0.000577562 220.77 -12.69 2.9465
220.946 -13.4118 2.96263 1.14124e-21 220.77 -12.69 2.9465
220.488 -12.978 2.94909 8.45626e-06 220.77 -12.69 2.9465
220.368 -13.0634 2.95693 2.83468e-14 220.77 -12.69 2.9465
221.293 -13.0671 2.94885 1.0113e-10 220.77 -12.69 2.9465
220.458 -12.8812 2.94536 0.00149987 220.77 -12.69 2.9465
220.14 -12.639 2.95908 1.17594e-17 220.77 -12.69 2.9465
221.056 -12.7718 2.94012 2.4995e-05 220.77 -12.69 2.9465
220.87 -12.921 2.94016 0.000210502 220.77 -12.69 2.9465
220.563 -12.5996 2.95453 2.56377e-05 220.77 -12.69 2.9465
221.157 -12.6864 2.95081 0.000106571 220.77 -12.69 2.9465
220.332 -12.9764 2.93092 6.32504e-07 220.77 -12.69 2.9465
221.338 -12.9853 2.93789 8.78358e-15 220.77 -12.69 2.9465
220.646 -12.5777 2.93674 0.0662812 220.77 -12.69 2.9465
220.588 -13.571 2.93429 1.26892e-19 220.77 -12.69 2.9465
220.895 -13.0805 2.95215 2.66771e-07 220.77 -12.69 2.9465
221.287 -12.7237 2.95017 9.67066e-07 220.77 -12.69 2.9465
220.609 -13.0417 2.96299 1.9934e-16 220.77 -12.69 2.9465
220.679 -12.6689 2.95228 0.00283923 220.77 -12.69 2.9465
220.175 -13.0543 2.95949 3.29491e-21 220.77 -12.69 2.9465
220.438 -13.1201 2.94999 4.48449e-09 220.77 -12.69 2.9465
221.057 -12.6214 2.95404 0.0002641 220.77 -12.69 2.9465
220.571 -12.7819 2.95396 1.22841e-05 220.77 -12.69 2.9465
220.537 -13.1658 2.95149 9.27873e-10 220.77 -12.69 2.9465
220.883 -13.2054 2.95439 1.11269e-10 220.77 -12.69 2.9465
220.943 -13.0388 2.94152 2.07098e-06 220.77 -12.69 2.9465
220.827 -12.9137 2.95358 2.13174e-05 220.77 -12.69 2.9465
221.238 -13.3913 2.95075 4.39669e-17 220.77 -12.69 2.9465
221.511 -13.0398 2.95164 1.15789e-14 220.77 -12.69 2.9465
220.4 -12.8425 2.92844 1.08603e-06 220.77 -12.69 2.9465
220.306 -12.904 2.93716 0.000224317 220.77 -12.69 2.9465
221.099 -12.6784 2.92979 4.53731e-13 220.77 -12.69 2.9465
220.567 -13.1334 2.97046 5.30061e-29 220.77 -12.69 2.9465
220.815 -12.3425 2.94492 0.0446047 220.77 -12.69 2.9465
220.923 -13.706 2.94189 3.03893e-24 220.77 -12.69 2.9465
