38.155 -75.8412 3.91114 5.25724e-10 37.755 -75.689 3.9221
37.5672 -75.7117 3.93469 5.41492e-10 37.755 -75.689 3.9221
37.4893 -75.7441 3.91745 0.00100452 37.755 -75.689 3.9221
37.6096 -75.589 3.93912 1.35594e-14 37.755 -75.689 3.9221
37.2875 -75.6853 3.92318 2.58668e-09 37.755 -75.689 3.9221
37.414 -76.2164 3.90805 6.43252e-09 37.755 -75.689 3.9221
37.5631 -75.1835 3.91885 4.56469e-13 37.755 -75.689 3.9221
37.703 -76.0712 3.9329 1.0593e-05 37.755 -75.689 3.9221
38.2113 -75.981 3.91905 1.03576e-05 37.755 -75.689 3.9221
37.7551 -75.8313 3.92996 0.00408703 37.755 -75.689 3.9221
38.053 -76.0236 3.91371 1.54522e-06 37.755 -75.689 3.9221
37.3371 -75.8993 3.92351 2.33899e-07 37.755 -75.689 3.9221
37.2056 -76.0863 3.90524 1.87253e-10 37.755 -75.689 3.9221
37.6944 -76.0737 3.91856 0.0133964 37.755 -75.689 3.9221
37.2488 -76.553 3.92447 1.45759e-19 37.755 -75.689 3.9221
37.5703 -75.4154 3.9143 1.95911e-07 37.755 -75.689 3.9221
37.1467 -76.3214 3.92058 3.39012e-15 37.755 -75.689 3.9221
37.6797 -75.7596 3.9062 3.63659e-07 37.755 -75.689 3.9221
38.022 -75.9919 3.93183 0.0315134 37.755 -75.689 3.9221
37.6118 -76.0849 3.90526 1.20212e-08 37.755 -75.689 3.9221
37.6347 -75.6653 3.91308 0.000514063 37.755 -75.689 3.9221
36.9687 -75.5754 3.91491 4.65621e-16 37.755 -75.689 3.9221
38.3497 -75.8922 3.92385 7.17826e-06 37.755 -75.689 3.9221
37.2376 -75.4936 3.91739 9.66697e-11 37.755 -75.689 3.9221
37.6796 -75.3752 3.93496 2.21786e-13 37.755 -75.689 3.9221
37.6578 -75.4012 3.92728 1.64775e-08 37.755 -75.689 3.9221
37.592 -75.7963 3.91086 0.000365539 37.755 -75.689 3.9221
37.7157 -76.1465 3.91026 1.87042e-06 37.755 -75.689 3.9221
37.5767 -75.8411 3.92409 0.00321461 37.755 -75.689 3.9221
37.4471 -75.5266 3.91259 1.03775e-06 37.755 -75.689 3.9221
37.6566 -75.9836 3.91142 0.000348486 37.755 -75.689 3.9221
37.6011 -76.2381 3.91515 1.11154e-05 37.755 -75.689 3.9221
37.693 -75.9242 3.92557 0.0326075 37.755 -75.689 3.9221
37.4666 -76.3842 3.92394 4.06469e-10 37.755 -75.689 3.9221
37.1245 -75.9323 3.92441 6.55845e-14 37.755 -75.689 3.9221
37.8558 -76.2538 3.90871 2.46195e-10 37.755 -75.689 3.9221
37.3732 -75.7323 3.9176 1.95941e-05 37.755 -75.689 3.9221
37.5413 -75.9232 3.92094 0.00510499 37.755 -75.689 3.9221
37.1682 -76.0897 3.90403 1.65725e-11 37.755 -75.689 3.9221
38.0419 -76.106 3.92834 0.0216303 37.755 -75.689 3.9221
37.7668 -75.8041 3.93299 0.000139308 37.755 -75.689 3.9221
37.1914 -76.2343 3.92287 1.90144e-13 37.755 -75.689 3.9221
37.5607 -75.6602 3.92465 9.95178e-05 37.755 -75.689 3.9221
37.2388 -74.9041 3.92081 1.95865e-29 37.755 -75.689 3.9221
37.4162 -75.8247 3.92683 2.70477e-07 37.755 -75.689 3.9221
37.6767 -75.6434 3.94125 1.81903e-14 37.755 -75.689 3.9221
37.3926 -76.4281 3.90552 8.73562e-15 37.755 -75.689 3.9221
37.2338 -75.3815 3.91786 4.35563e-13 37.755 -75.689 3.9221
37.0057 -76.5127 3.92681 2.51392e-28 37.755 -75.689 3.9221
37.8551 -76.0706 3.91789 0.00898082 37.755 -75.689 3.9221
37.5111 -76.2097 3.90555 6.76245e-10 37.755 -75.689 3.9221
37.5265 -75.8485 3.92389 0.000723205 37.755 -75.689 3.9221
37.9038 -75.9805 3.92078 0.120954 37.755 -75.689 3.9221
37.3323 -75.8049 3.93133 8.86049e-13 37.755 -75.689 3.9221
36.945 -75.8779 3.93115 2.42793e-27 37.755 -75.689 3.9221
37.6685 -75.3453 3.91886 5.33852e-08 37.755 -75.689 3.9221
37.1494 -75.979 3.89591 8.30702e-16 37.755 -75.689 3.9221
37.7786 -75.3336 3.91118 2.34656e-10 37.755 -75.689 3.9221
37.6127 -76.2202 3.91893 0.000101928 37.755 -75.689 3.9221
37.5073 -75.603 3.94148 5.57841e-20 37.755 -75.689 3.9221
37.9429 -75.8562 3.90972 3.57401e-07 37.755 -75.689 3.9221
37.8309 -75.94 3.90295 7.5569e-12 37.755 -75.689 3.9221
38.0289 -76.1733 3.93724 1.28151e-05 37.755 -75.689 3.9221
37.7499 -75.7722 3.92136 0.121749 37.755 -75.689 3.9221
37.6608 -75.8828 3.92102 0.077523 37.755 -75.689 3.9221
38.236 -75.965 3.91476 4.81131e-09 37.755 -75.689 3.9221
37.6958 -75.5155 3.90312 7.36737e-12 37.755 -75.689 3.9221
37.5371 -76.1203 3.912 2.58494e-05 37.755 -75.689 3.9221
37.9465 -75.5614 3.93872 9.3279e-09 37.755 -75.689 3.9221
37.4835 -76.1073 3.90729 1.79321e-07 37.755 -75.689 3.9221
37.585 -76.1742 3.91185 7.02962e-06 37.755 -75.689 3.9221
37.7059 -76.3955 3.90286 6.21108e-17 37.755 -75.689 3.9221
37.7408 -75.6558 3.9038 3.1159e-10 37.755 -75.689 3.9221
37.0376 -75.5631 3.93171 2.07807e-26 37.755 -75.689 3.9221
37.3298 -76.1912 3.94757 1.95065e-34 37.755 -75.689 3.9221
37.7642 -75.8239 3.9115 0.000352817 37.755 -75.689 3.9221
38.2564 -75.8178 3.91642 4.00112e-08 37.755 -75.689 3.9221
37.7392 -75.8449 3.93423 1.46074e-05 37.755 -75.689 3.9221
37.5847 -75.2701 3.91238 4.49891e-11 37.755 -75.689 3.9221
37.8599 -75.6973 3.92115 0.050165 37.755 -75.689 3.9221
38.0185 -76.0378 3.92755 0.088329 37.755 -75.689 3.9221
37.3121 -75.9858 3.9258 2.50343e-09 37.755 -75.689 3.9221
37.1677 -75.772 3.91732 1.78068e-09 37.755 -75.689 3.9221
38.2027 -75.5706 3.91227 6.35413e-12 37.755 -75.689 3.9221
37.7587 -75.4982 3.92302 0.00011255 37.755 -75.689 3.9221
37.7027 -75.9115 3.92182 0.131265 37.755 -75.689 3.9221
37.6552 -75.8271 3.91826 0.0518788 37.755 -75.689 3.9221
37.7924 -76.1558 3.9218 0.00814099 37.755 -75.689 3.9221
37.1026 -74.9539 3.9133 5.40327e-28 37.755 -75.689 3.9221
37.8081 -75.7481 3.92301 0.129605 37.755 -75.689 3.9221
37.6619 -75.9469 3.92299 0.0454085 37.755 -75.689 3.9221
37.5903 -75.6239 3.92749 8.28923e-06 37.755 -75.689 3.9221
38.0499 -75.4242 3.93883 1.29495e-10 37.755 -75.689 3.9221
38.141 -75.7168 3.91921 8.83621e-05 37.755 -75.689 3.9221
37.8214 -75.5002 3.91623 2.56883e-05 37.755 -75.689 3.9221
37.6456 -75.8566 3.91818 0.0504356 37.755 -75.689 3.9221
37.346 -75.6083 3.92373 5.54684e-09 37.755 -75.689 3.9221
38.1915 -75.5935 3.93768 1.34309e-06 37.755 -75.689 3.9221
37.3374 -76.1194 3.92804 6.62178e-11 37.755 -75.689 3.9221
37.5357 -76.2668 3.9236 1.11854e-06 37.755 -75.689 3.9221
