16.3563 5.44556 0.322984 1.05203e-39
16.4788 5.19204 0.276654 3.65003e-09
15.9951 5.45573 0.280095 2.11554e-27
16.169 5.43508 0.289843 2.16281e-15
17.1488 5.2932 0.293199 1.0797e-08
16.6012 6.0282 0.289659 6.15293e-25
16.795 4.86914 0.281898 0.00564588
16.7739 4.94584 0.301945 3.54585e-10
16.3975 5.39319 0.264795 6.24825e-25
16.7916 5.25081 0.295986 3.38982e-06
17.0416 5.45127 0.296231 9.82114e-12
16.6258 5.08477 0.296628 1.11646e-05
17.0662 5.61873 0.28162 1.51884e-07
16.8593 5.30767 0.277368 0.00870195
16.9602 5.92461 0.281856 4.54562e-17
17.1535 5.27218 0.300283 9.60811e-16
16.6519 5.49488 0.305778 6.18421e-18
16.1586 5.75501 0.282171 4.01152e-26
16.9693 5.53174 0.285792 3.7624e-06
16.7087 4.89282 0.296197 4.97668e-06
16.3889 5.49861 0.29821 4.86952e-13
16.8365 4.72501 0.282773 8.74731e-05
16.6818 5.08121 0.278256 0.000745151
16.498 5.54605 0.293039 1.17563e-10
16.6963 5.62766 0.277006 2.9071e-10
16.0825 5.39969 0.267452 2.05161e-36
16.266 4.7679 0.286101 4.14986e-13
16.184 5.83144 0.281606 5.42096e-28
16.5008 5.0522 0.27954 5.64093e-07
16.9506 5.14015 0.297755 3.01272e-08
16.5752 5.16215 0.282339 0.000224308
16.9651 5.25232 0.28525 0.0511508
16.3921 5.41271 0.266398 2.30557e-23
16.8977 4.95278 0.288077 0.0189265
16.7174 5.74376 0.274823 6.02232e-14
16.4302 5.1618 0.254287 6.91478e-39
16.7078 5.69094 0.267055 7.15155e-18
16.8557 5.28521 0.292701 8.20481e-05
17.0235 5.20466 0.278519 0.276411
16.647 5.12994 0.30034 3.82795e-08
16.6883 5.0015 0.292836 0.000728453
17.0844 5.1461 0.268441 0.000333294
16.366 5.13395 0.283145 9.13709e-09
16.962 5.17132 0.292086 0.000233887
16.7688 5.7007 0.31845 1.94539e-44
16.4062 5.66878 0.287776 1.28982e-14
15.9914 5.23444 0.286806 1.56609e-20
17.2593 6.07968 0.27021 1.10654e-24
16.4015 5.79324 0.278732 5.80712e-21
16.8444 4.75967 0.277239 2.81524e-05
17.0104 4.73847 0.262781 2.30703e-13
17.304 4.95167 0.278125 0.000872436
15.9737 5.27537 0.307819 1.50632e-22
16.96 5.29464 0.279832 0.0817023
17.2547 5.43063 0.279035 5.6394e-05
16.3617 4.84022 0.292836 9.04276e-09
16.8917 4.95132 0.279899 0.0725047
16.9718 5.61387 0.288184 5.53475e-09
16.4243 5.17628 0.309208 1.64791e-16
16.6678 5.37916 0.290275 3.7336e-05
16.5145 4.9774 0.297614 5.95879e-07
16.6342 4.68837 0.300453 2.91296e-11
16.0922 5.15549 0.297611 1.36373e-14
16.1952 5.50605 0.298537 8.53145e-17
16.7308 5.42322 0.273319 1.8053e-07
16.1743 5.0532 0.289985 2.88447e-12
17.2162 5.14417 0.289623 2.54652e-06
17.1613 5.13546 0.285637 0.00300935
16.3811 5.61832 0.282962 9.24696e-15
16.76 5.22105 0.285615 0.0388255
16.6903 5.11332 0.275817 9.0581e-05
17.222 5.78512 0.276849 1.09281e-12
16.6239 4.75961 0.300273 5.19052e-10
16.5951 4.94721 0.296248 6.1214e-06
16.0242 5.38334 0.280215 7.20324e-25
17.0571 5.4457 0.283979 0.000176572
16.841 5.44531 0.286405 0.000163671
16.8344 5.1224 0.282323 0.257988
16.7101 5.87 0.297593 5.8635e-22
17.5242 5.43161 0.275996 5.12514e-09
17.1965 5.43679 0.261433 2.77903e-10
16.0204 5.01937 0.273861 5.14683e-30
16.7153 5.09962 0.287675 0.0292284
17.2017 5.24006 0.273707 0.0154891
16.9081 5.25622 0.278629 0.0843431
16.6254 5.66481 0.254472 1.22048e-35
16.3395 5.41776 0.299829 5.88949e-13
16.9084 5.23913 0.292209 0.000201466
16.4645 5.0507 0.286356 1.31578e-05
16.9683 5.54235 0.271067 1.68389e-07
16.7831 5.1442 0.298815 1.65913e-07
17.1802 4.8831 0.279495 0.00366006
16.8543 4.39992 0.280419 1.29068e-13
16.9017 5.3402 0.293177 5.47231e-06
16.3704 5.58284 0.293899 1.06734e-13
16.8397 5.50685 0.300049 8.99015e-14
16.4055 4.85112 0.288216 6.57147e-08
16.9807 5.29266 0.312666 1.83043e-29
16.8579 5.01602 0.288013 0.0482225
16.5842 5.31094 0.283998 7.65784e-05
