27.7205 -82.1552 3.84558 2.06121e-05 27.718 -82.292 3.8546
27.5714 -82.284 3.84815 0.012234 27.718 -82.292 3.8546
27.9206 -82.3022 3.84688 2.62191e-08 27.718 -82.292 3.8546
27.2634 -82.2084 3.85061 0.00899758 27.718 -82.292 3.8546
27.3212 -81.7143 3.84459 6.32162e-08 27.718 -82.292 3.8546
27.6598 -82.1023 3.8452 5.64764e-05 27.718 -82.292 3.8546
27.1911 -82.7729 3.84419 6.44549e-07 27.718 -82.292 3.8546
27.7574 -81.993 3.86012 0.0019661 27.718 -82.292 3.8546
27.8896 -82.7331 3.84444 1.49824e-16 27.718 -82.292 3.8546
27.3899 -82.1312 3.83537 1.24724e-10 27.718 -82.292 3.8546
27.5854 -82.0141 3.85168 0.0261103 27.718 -82.292 3.8546
27.2091 -82.3642 3.87095 6.38457e-19 27.718 -82.292 3.8546
28.1151 -82.2742 3.84973 1.78525e-10 27.718 -82.292 3.8546
27.5997 -81.9028 3.85213 0.00148045 27.718 -82.292 3.8546
27.6863 -82.8861 3.83985 5.49434e-15 27.718 -82.292 3.8546
27.8651 -82.4966 3.85646 0.00144301 27.718 -82.292 3.8546
27.0999 -82.4932 3.85721 4.30156e-05 27.718 -82.292 3.8546
28 -82.0191 3.857 4.51813e-05 27.718 -82.292 3.8546
27.382 -82.9604 3.85228 8.62356e-08 27.718 -82.292 3.8546
27.7448 -82.504 3.86373 0.00122528 27.718 -82.292 3.8546
28.0749 -82.6031 3.84965 7.7177e-13 27.718 -82.292 3.8546
27.4907 -82.5898 3.8392 1.63159e-12 27.718 -82.292 3.8546
27.0406 -81.8591 3.84674 6.63661e-08 27.718 -82.292 3.8546
26.9557 -81.9251 3.85721 3.83835e-14 27.718 -82.292 3.8546
27.8467 -82.2783 3.85921 0.0620519 27.718 -82.292 3.8546
27.6575 -82.3837 3.86546 0.000310171 27.718 -82.292 3.8546
27.5734 -82.2491 3.85173 0.21429 27.718 -82.292 3.8546
27.8767 -82.5585 3.85457 4.61905e-05 27.718 -82.292 3.8546
27.6542 -82.2399 3.84624 0.000330571 27.718 -82.292 3.8546
27.5534 -82.4968 3.86575 4.15545e-06 27.718 -82.292 3.8546
27.8496 -82.3425 3.84497 8.04063e-09 27.718 -82.292 3.8546
27.6154 -81.6762 3.84305 6.7484e-11 27.718 -82.292 3.8546
27.6603 -82.6652 3.86862 9.7342e-09 27.718 -82.292 3.8546
27.2366 -82.045 3.84829 0.00147887 27.718 -82.292 3.8546
27.512 -82.2189 3.85909 0.0316151 27.718 -82.292 3.8546
27.2138 -82.6746 3.85329 0.000790316 27.718 -82.292 3.8546
27.4577 -82.3185 3.82274 3.39612e-33 27.718 -82.292 3.8546
27.4545 -82.8721 3.85765 2.04259e-05 27.718 -82.292 3.8546
28.0005 -82.3494 3.86456 0.000915963 27.718 -82.292 3.8546
27.7726 -82.2589 3.84632 8.5321e-06 27.718 -82.292 3.8546
27.3623 -81.9176 3.856 5.39595e-05 27.718 -82.292 3.8546
27.3272 -82.4071 3.85397 0.00378573 27.718 -82.292 3.8546
28.0119 -82.0655 3.84845 3.8988e-09 27.718 -82.292 3.8546
27.9076 -82.3942 3.86234 0.00744908 27.718 -82.292 3.8546
27.6443 -82.8623 3.85206 1.2799e-05 27.718 -82.292 3.8546
27.3202 -82.2535 3.86852 1.11359e-12 27.718 -82.292 3.8546
27.5968 -82.6784 3.86064 0.0342472 27.718 -82.292 3.8546
27.7428 -82.2817 3.85952 0.152106 27.718 -82.292 3.8546
27.5065 -82.3706 3.85686 0.0726758 27.718 -82.292 3.8546
27.7676 -82.3367 3.8466 6.70481e-06 27.718 -82.292 3.8546
27.6604 -82.072 3.86233 0.00153182 27.718 -82.292 3.8546
27.5418 -82.533 3.8398 2.20637e-11 27.718 -82.292 3.8546
27.5929 -82.5403 3.86053 0.00138825 27.718 -82.292 3.8546
27.3196 -81.74 3.85714 2.26827e-09 27.718 -82.292 3.8546
27.4237 -82.0535 3.858 0.00149563 27.718 -82.292 3.8546
27.9101 -82.2754 3.8462 1.45788e-08 27.718 -82.292 3.8546
27.4717 -82.6574 3.85613 0.104126 27.718 -82.292 3.8546
28.053 -81.9461 3.83566 8.72863e-27 27.718 -82.292 3.8546
27.911 -82.3467 3.86403 0.0044483 27.718 -82.292 3.8546
27.235 -82.8268 3.85027 4.18566e-06 27.718 -82.292 3.8546
27.8941 -82.1222 3.84975 1.71151e-05 27.718 -82.292 3.8546
27.5682 -82.0437 3.84429 7.67355e-05 27.718 -82.292 3.8546
27.4329 -82.3697 3.8428 1.314e-05 27.718 -82.292 3.8546
27.0439 -82.4708 3.82947 1.59201e-13 27.718 -82.292 3.8546
27.4451 -82.2679 3.84462 0.000840447 27.718 -82.292 3.8546
27.4399 -82.5845 3.86017 2.20746e-05 27.718 -82.292 3.8546
27.8156 -82.0827 3.85646 0.0187712 27.718 -82.292 3.8546
27.5873 -81.93 3.85408 0.00394097 27.718 -82.292 3.8546
27.0911 -82.2642 3.84034 7.62268e-07 27.718 -82.292 3.8546
27.2771 -82.0554 3.85065 0.00373334 27.718 -82.292 3.8546
27.9016 -82.2707 3.86572 0.00123061 27.718 -82.292 3.8546
27.4654 -82.3269 3.85453 0.128895 27.718 -82.292 3.8546
28.0181 -81.5485 3.85197 3.66255e-16 27.718 -82.292 3.8546
28.1063 -82.4534 3.84859 1.39141e-12 27.718 -82.292 3.8546
27.2757 -82.8207 3.83816 2.24511e-11 27.718 -82.292 3.8546
27.9523 -82.3072 3.8531 0.000117776 27.718 -82.292 3.8546
27.3892 -81.9209 3.85839 9.62427e-06 27.718 -82.292 3.8546
28.4523 -82.1023 3.85405 5.85013e-18 27.718 -82.292 3.8546
27.7974 -82.7065 3.8547 1.04493e-06 27.718 -82.292 3.8546
27.3609 -81.6185 3.83742 1.32108e-13 27.718 -82.292 3.8546
27.4243 -82.1067 3.84885 0.0389012 27.718 -82.292 3.8546
27.9233 -82.5315 3.85287 3.62319e-06 27.718 -82.292 3.8546
27.8611 -82.121 3.8608 0.0104194 27.718 -82.292 3.8546
27.7513 -82.569 3.84732 7.89789e-08 27.718 -82.292 3.8546
27.5806 -81.9909 3.84129 1.8256e-07 27.718 -82.292 3.8546
27.3192 -81.9639 3.82995 1.40226e-16 27.718 -82.292 3.8546
28.0234 -82.1922 3.86659 7.53901e-05 27.718 -82.292 3.8546
27.6591 -82.5536 3.84538 6.43431e-08 27.718 -82.292 3.8546
27.7749 -82.193 3.86411 0.00379644 27.718 -82.292 3.8546
27.3276 -82.2768 3.86623 6.55795e-10 27.718 -82.292 3.8546
27.7361 -81.9933 3.85835 0.00535343 27.718 -82.292 3.8546
27.4186 -81.6661 3.83552 8.92307e-15 27.718 -82.292 3.8546
27.8129 -82.3538 3.85456 0.0195793 27.718 -82.292 3.8546
27.512 -82.1898 3.86167 0.00164861 27.718 -82.292 3.8546
27.5963 -82.5022 3.85027 0.00107825 27.718 -82.292 3.8546
27.6402 -82.4044 3.85092 0.0125095 27.718 -82.292 3.8546
27.2681 -81.5648 3.8471 2.57589e-11 27.718 -82.292 3.8546
27.9452 -82.6186 3.85892 1.91211e-05 27.718 -82.292 3.8546
27.8069 -82.2893 3.84894 0.000129602 27.718 -82.292 3.8546
26.9923 -83.0432 3.84395 1.3449e-15 27.718 -82.292 3.8546
