-36.6961 -73.1632 2.03004 1.15691e-10 -36.585 -73.539 2.0093
-36.4689 -74.0495 2.01591 0.0323607 -36.585 -73.539 2.0093
-36.5755 -73.1309 1.99258 4.8786e-07 -36.585 -73.539 2.0093
-35.8863 -73.3388 2.0177 2.72936e-06 -36.585 -73.539 2.0093
-36.3968 -73.6462 1.99975 0.00112356 -36.585 -73.539 2.0093
-36.9881 -73.0735 2.01199 7.66725e-09 -36.585 -73.539 2.0093
-36.316 -73.3507 1.97965 7.96896e-13 -36.585 -73.539 2.0093
-36.5863 -73.6326 2.0136 0.0564321 -36.585 -73.539 2.0093
-36.6254 -73.7252 2.01738 0.0396013 -36.585 -73.539 2.0093
-36.3982 -73.3953 2.00971 0.00652593 -36.585 -73.539 2.0093
-36.7938 -73.5076 2.00478 0.00213839 -36.585 -73.539 2.0093
-36.8347 -73.6274 2.01497 0.00204624 -36.585 -73.539 2.0093
-36.5847 -74.2278 2.01099 0.000367865 -36.585 -73.539 2.0093
-36.8264 -73.963 2.01337 0.00205575 -36.585 -73.539 2.0093
-36.5123 -73.0764 2.01757 6.43725e-07 -36.585 -73.539 2.0093
-36.9663 -73.5069 2.01814 1.09769e-05 -36.585 -73.539 2.0093
-35.8856 -73.1742 2.01444 6.32415e-08 -36.585 -73.539 2.0093
-36.156 -74.0948 1.99141 2.81547e-11 -36.585 -73.539 2.0093
-37.282 -73.2602 2.01428 4.0395e-11 -36.585 -73.539 2.0093
-37.1677 -73.4956 1.99454 8.28715e-08 -36.585 -73.539 2.0093
-36.4959 -73.7275 2.01015 0.0887485 -36.585 -73.539 2.0093
-36.1318 -74.1243 2.0058 1.59366e-05 -36.585 -73.539 2.0093
-36.126 -73.7258 2.00781 0.00274411 -36.585 -73.539 2.0093
-37.0431 -73.8478 2.00695 3.47213e-05 -36.585 -73.539 2.0093
-36.1285 -73.2233 2.00384 6.01844e-06 -36.585 -73.539 2.0093
-36.545 -73.3604 2.01536 0.00183817 -36.585 -73.539 2.0093
-36.3939 -74.2458 2.00404 5.52823e-06 -36.585 -73.539 2.0093
-36.3996 -73.7434 2.00198 0.0032078 -36.585 -73.539 2.0093
-36.2209 -73.5632 2.00845 0.00818693 -36.585 -73.539 2.0093
-36.1862 -73.523 1.99991 8.13155e-05 -36.585 -73.539 2.0093
-36.6296 -73.3269 1.99173 4.18861e-06 -36.585 -73.539 2.0093
-36.3998 -73.758 2.00511 0.0147725 -36.585 -73.539 2.0093
-36.3493 -73.62 2.02011 0.0356292 -36.585 -73.539 2.0093
-36.6205 -73.8353 2.00089 0.00134825 -36.585 -73.539 2.0093
-36.573 -73.5124 2.00376 0.00830133 -36.585 -73.539 2.0093
-36.6174 -72.9089 2.01886 3.00867e-10 -36.585 -73.539 2.0093
-37.2985 -73.2542 2.01352 2.86343e-11 -36.585 -73.539 2.0093
-36.7312 -73.807 1.99852 0.00024984 -36.585 -73.539 2.0093
-37.0661 -73.5226 1.99324 4.25525e-07 -36.585 -73.539 2.0093
-36.5603 -74.0797 2.02089 0.012397 -36.585 -73.539 2.0093
-37.1165 -73.8918 2.01429 3.09449e-06 -36.585 -73.539 2.0093
-36.5461 -73.6166 2.01331 0.0650345 -36.585 -73.539 2.0093
-36.9216 -73.7521 2.0086 0.000887706 -36.585 -73.539 2.0093
-36.6438 -73.7708 2.01685 0.0405388 -36.585 -73.539 2.0093
-36.6627 -72.9118 2.00906 1.83544e-08 -36.585 -73.539 2.0093
-36.936 -73.3838 2.03022 2.37686e-10 -36.585 -73.539 2.0093
-36.9623 -73.0208 2.00305 2.62451e-08 -36.585 -73.539 2.0093
-37.2334 -73.6817 2.01574 4.21868e-08 -36.585 -73.539 2.0093
-36.4607 -73.5381 2.00149 0.00354257 -36.585 -73.539 2.0093
-36.4575 -73.0083 2.02 2.10915e-08 -36.585 -73.539 2.0093
-36.5878 -74.1699 2.01122 0.00126652 -36.585 -73.539 2.0093
-36.7884 -73.4608 2.02028 9.22538e-05 -36.585 -73.539 2.0093
-36.8075 -73.2082 2.00687 2.65952e-05 -36.585 -73.539 2.0093
-36.7694 -74.1713 2.00946 0.000131299 -36.585 -73.539 2.0093
-36.1097 -73.3157 2.02294 1.80218e-05 -36.585 -73.539 2.0093
-36.2276 -73.9983 2.02258 0.0312193 -36.585 -73.539 2.0093
-36.4966 -73.5223 2.01447 0.0309461 -36.585 -73.539 2.0093
-36.2066 -73.5424 2.01998 0.00807361 -36.585 -73.539 2.0093
-36.3284 -73.7704 2.02585 0.0171841 -36.585 -73.539 2.0093
-36.3699 -73.3529 2.01644 0.00169865 -36.585 -73.539 2.0093
-36.154 -74.0444 2.0086 0.000505228 -36.585 -73.539 2.0093
-36.573 -73.758 2.01097 0.0780009 -36.585 -73.539 2.0093
-36.6964 -73.2879 1.99221 3.63932e-06 -36.585 -73.539 2.0093
-36.4183 -73.3585 2.00939 0.00384788 -36.585 -73.539 2.0093
-37.0216 -73.831 2.00875 7.77495e-05 -36.585 -73.539 2.0093
-36.6563 -73.5363 2.02145 0.00132448 -36.585 -73.539 2.0093
-36.1768 -73.332 2.01872 0.000213283 -36.585 -73.539 2.0093
-36.4685 -73.791 2.01376 0.135699 -36.585 -73.539 2.0093
-36.7071 -74.1159 2.01958 0.00182306 -36.585 -73.539 2.0093
-36.3681 -73.8184 2.01804 0.13208 -36.585 -73.539 2.0093
-36.3389 -73.0505 2.00055 7.57282e-07 -36.585 -73.539 2.0093
-36.923 -73.9063 2.01396 0.00046571 -36.585 -73.539 2.0093
-36.5386 -73.6022 2.0194 0.0211331 -36.585 -73.539 2.0093
-35.9842 -73.9376 2.01919 0.00259781 -36.585 -73.539 2.0093
-36.5351 -73.4761 1.99708 0.000329514 -36.585 -73.539 2.0093
-36.3393 -73.3173 1.98463 5.2178e-10 -36.585 -73.539 2.0093
-36.8599 -73.8653 2.01752 0.00120142 -36.585 -73.539 2.0093
-36.6527 -73.5224 2.00697 0.0129346 -36.585 -73.539 2.0093
-36.8851 -73.6139 2.01069 0.00139222 -36.585 -73.539 2.0093
-36.9489 -73.8419 1.99742 7.39581e-06 -36.585 -73.539 2.0093
-36.691 -73.8563 2.02123 0.00829122 -36.585 -73.539 2.0093
-37.0173 -73.9387 2.00422 1.41824e-05 -36.585 -73.539 2.0093
-36.662 -73.6744 2.01267 0.0390305 -36.585 -73.539 2.0093
-36.8718 -72.9577 2.00459 1.65812e-08 -36.585 -73.539 2.0093
-36.7883 -73.5583 2.01335 0.00353528 -36.585 -73.539 2.0093
-36.6853 -74.058 2.00745 0.00125507 -36.585 -73.539 2.0093
-36.5959 -73.2641 2.02728 1.81312e-07 -36.585 -73.539 2.0093
-36.8304 -74.4169 2.0221 5.25671e-07 -36.585 -73.539 2.0093
-36.287 -73.7052 2.00759 0.0196576 -36.585 -73.539 2.0093
-36.454 -73.9958 1.99562 1.89325e-06 -36.585 -73.539 2.0093
-36.5273 -73.5388 2.00049 0.00264995 -36.585 -73.539 2.0093
-36.9692 -73.365 2.01968 3.75335e-07 -36.585 -73.539 2.0093
-36.5973 -73.5438 1.99259 1.93143e-05 -36.585 -73.539 2.0093
-36.6533 -73.4102 2.01707 0.00111976 -36.585 -73.539 2.0093
-36.2504 -73.3647 2.0232 0.000146359 -36.585 -73.539 2.0093
-36.6357 -73.3448 2.00192 0.000774245 -36.585 -73.539 2.0093
-36.4666 -73.8324 2.02725 0.00738012 -36.585 -73.539 2.0093
-36.2149 -73.7551 2.00411 0.00156789 -36.585 -73.539 2.0093
-36.3574 -73.7325 1.98923 4.52823e-08 -36.585 -73.539 2.0093
-36.7955 -73.4344 1.99362 1.66988e-05 -36.585 -73.539 2.0093
