35.1065 -77.018 3.91231 0.00216345 35.118 -76.85 3.9199
35.0622 -76.8363 3.91531 0.171221 35.118 -76.85 3.9199
35.4026 -76.6075 3.9028 2.65288e-11 35.118 -76.85 3.9199
34.5266 -76.4486 3.92057 4.36614e-13 35.118 -76.85 3.9199
34.8248 -77.5424 3.9183 9.08152e-17 35.118 -76.85 3.9199
34.9212 -76.9364 3.93547 2.36097e-16 35.118 -76.85 3.9199
34.6374 -76.7048 3.92535 2.69694e-12 35.118 -76.85 3.9199
34.7774 -76.8807 3.90838 0.0126632 35.118 -76.85 3.9199
34.7345 -76.507 3.90993 0.00334519 35.118 -76.85 3.9199
35.6606 -76.8844 3.89991 3.67932e-24 35.118 -76.85 3.9199
35.3955 -77.3001 3.9192 1.29536e-09 35.118 -76.85 3.9199
35.2511 -77.3863 3.91867 1.32942e-10 35.118 -76.85 3.9199
35.5086 -76.85 3.91219 1.50537e-07 35.118 -76.85 3.9199
34.7318 -76.5825 3.93277 3.33312e-19 35.118 -76.85 3.9199
35.3514 -77.1557 3.91066 5.78678e-09 35.118 -76.85 3.9199
35.1153 -76.8829 3.90984 0.0097272 35.118 -76.85 3.9199
34.9543 -76.8534 3.92841 3.89664e-08 35.118 -76.85 3.9199
34.9506 -76.5596 3.91031 0.0702165 35.118 -76.85 3.9199
35.1994 -76.3343 3.92209 6.92536e-07 35.118 -76.85 3.9199
35.6132 -77.0698 3.92383 4.05897e-08 35.118 -76.85 3.9199
35.0863 -77.0296 3.9204 0.00113619 35.118 -76.85 3.9199
35.3825 -77.3241 3.91332 6.83628e-12 35.118 -76.85 3.9199
34.9272 -76.537 3.90314 0.00108645 35.118 -76.85 3.9199
34.8269 -77.0085 3.91802 0.000114082 35.118 -76.85 3.9199
34.8796 -77.2008 3.91895 2.92152e-07 35.118 -76.85 3.9199
35.0146 -76.8855 3.91946 0.0159469 35.118 -76.85 3.9199
35.299 -76.6656 3.90493 4.40686e-07 35.118 -76.85 3.9199
34.2205 -76.7127 3.90014 7.61073e-10 35.118 -76.85 3.9199
34.8811 -77.073 3.89772 4.3441e-10 35.118 -76.85 3.9199
35.0488 -76.9957 3.91609 0.010299 35.118 -76.85 3.9199
35.0772 -76.8408 3.9231 0.00233681 35.118 -76.85 3.9199
34.8783 -76.6343 3.90682 0.0568776 35.118 -76.85 3.9199
35.4778 -76.6555 3.90825 7.08277e-09 35.118 -76.85 3.9199
34.991 -77.0824 3.92255 1.27498e-05 35.118 -76.85 3.9199
35.1536 -76.1409 3.91848 4.60921e-10 35.118 -76.85 3.9199
34.9576 -77.0699 3.89254 4.43683e-16 35.118 -76.85 3.9199
35.1312 -76.9035 3.89458 1.97254e-14 35.118 -76.85 3.9199
34.8762 -76.8819 3.92775 5.33766e-09 35.118 -76.85 3.9199
34.7651 -77.0912 3.91675 4.30334e-06 35.118 -76.85 3.9199
34.6689 -76.6477 3.91578 7.65879e-05 35.118 -76.85 3.9199
35.0563 -76.5758 3.92406 6.69764e-05 35.118 -76.85 3.9199
35.0729 -76.507 3.92203 0.000185113 35.118 -76.85 3.9199
34.9348 -76.8092 3.92424 2.863e-05 35.118 -76.85 3.9199
34.8611 -76.9145 3.91645 0.00571512 35.118 -76.85 3.9199
34.6095 -76.9929 3.92105 4.26388e-10 35.118 -76.85 3.9199
35.5269 -77.1442 3.93535 1.54612e-11 35.118 -76.85 3.9199
35.6637 -76.7698 3.89347 4.89026e-33 35.118 -76.85 3.9199
35.0854 -76.7381 3.91657 0.200344 35.118 -76.85 3.9199
34.8253 -76.5318 3.90756 0.0193748 35.118 -76.85 3.9199
34.8053 -76.7846 3.90661 0.0338312 35.118 -76.85 3.9199
34.7925 -76.2396 3.91491 4.62851e-08 35.118 -76.85 3.9199
34.6243 -76.5783 3.91186 0.000210389 35.118 -76.85 3.9199
35.0107 -77.43 3.91581 1.46717e-11 35.118 -76.85 3.9199
35.2562 -77.1874 3.91336 4.69995e-07 35.118 -76.85 3.9199
35.5287 -76.647 3.92624 5.07171e-06 35.118 -76.85 3.9199
34.9057 -76.9843 3.91264 0.008196 35.118 -76.85 3.9199
35.3328 -77.0026 3.89298 1.80974e-23 35.118 -76.85 3.9199
35.4223 -77.6253 3.90545 1.46098e-28 35.118 -76.85 3.9199
35.1334 -76.74 3.91722 0.150092 35.118 -76.85 3.9199
35.2702 -76.8539 3.92225 0.00717074 35.118 -76.85 3.9199
35.3521 -76.7333 3.92753 6.76766e-05 35.118 -76.85 3.9199
35.2868 -76.8682 3.89177 7.3088e-22 35.118 -76.85 3.9199
34.8954 -77.4002 3.91512 3.52424e-11 35.118 -76.85 3.9199
34.6403 -76.6868 3.91828 1.38571e-06 35.118 -76.85 3.9199
34.7435 -77.1278 3.91036 6.3327e-06 35.118 -76.85 3.9199
34.9743 -77.132 3.93406 3.69832e-15 35.118 -76.85 3.9199
35.1242 -77.0197 3.92902 2.39563e-07 35.118 -76.85 3.9199
35.0885 -77.344 3.91263 1.17388e-09 35.118 -76.85 3.9199
35.0371 -76.6911 3.92218 0.00268339 35.118 -76.85 3.9199
34.7459 -76.782 3.91932 4.10715e-05 35.118 -76.85 3.9199
35.5596 -76.9647 3.90746 3.6583e-13 35.118 -76.85 3.9199
35.2566 -76.5235 3.92548 1.99039e-05 35.118 -76.85 3.9199
35.4652 -77.137 3.91001 2.67006e-11 35.118 -76.85 3.9199
35.2771 -76.8252 3.90922 0.000165725 35.118 -76.85 3.9199
35.4465 -76.9229 3.91967 0.000161505 35.118 -76.85 3.9199
34.8229 -77.1665 3.92235 6.80179e-09 35.118 -76.85 3.9199
35.1118 -76.7773 3.94025 2.09624e-18 35.118 -76.85 3.9199
35.0535 -77.4168 3.93308 3.71669e-18 35.118 -76.85 3.9199
35.1499 -76.9156 3.92134 0.00847214 35.118 -76.85 3.9199
34.8874 -76.6898 3.91854 0.00590409 35.118 -76.85 3.9199
35.1119 -76.8127 3.91095 0.0526112 35.118 -76.85 3.9199
34.9275 -77.5204 3.93047 5.37482e-21 35.118 -76.85 3.9199
34.5688 -77.6603 3.8938 4.84959e-31 35.118 -76.85 3.9199
34.9595 -76.7319 3.88259 3.29879e-25 35.118 -76.85 3.9199
34.7683 -77.3577 3.93437 1.44665e-24 35.118 -76.85 3.9199
34.8837 -77.1224 3.90213 5.54561e-08 35.118 -76.85 3.9199
35.7956 -77.4639 3.91012 1.90159e-29 35.118 -76.85 3.9199
35.0738 -76.8503 3.91218 0.0951909 35.118 -76.85 3.9199
35.3422 -77.2776 3.92614 4.13301e-09 35.118 -76.85 3.9199
35.516 -77.2638 3.91439 2.15712e-12 35.118 -76.85 3.9199
35.63 -77.0847 3.91923 1.69472e-09 35.118 -76.85 3.9199
34.9276 -77.6736 3.91368 1.46461e-20 35.118 -76.85 3.9199
35.2793 -76.8048 3.91501 0.0138502 35.118 -76.85 3.9199
35.5252 -76.714 3.90581 5.33139e-12 35.118 -76.85 3.9199
34.7968 -77.2464 3.9207 5.94282e-10 35.118 -76.85 3.9199
35.3171 -76.7054 3.90715 5.43181e-06 35.118 -76.85 3.9199
34.8296 -76.7797 3.91475 0.0312038 35.118 -76.85 3.9199
35.6025 -76.4824 3.90767 8.65869e-14 35.118 -76.85 3.9199
35.1574 -77.3151 3.91705 1.81644e-08 35.118 -76.85 3.9199
35.2555 -76.733 3.92266 0.00716588 35.118 -76.85 3.9199
