-39.0998 -41.1187 1.44556 2.75217e-11 -39.84 -41.187 1.443
-39.867 -40.4937 1.45914 5.45402e-15 -39.84 -41.187 1.443
-39.3959 -40.9898 1.4385 1.12582e-06 -39.84 -41.187 1.443
-40.449 -40.5097 1.43395 9.74522e-08 -39.84 -41.187 1.443
-39.453 -40.5855 1.447 7.01112e-10 -39.84 -41.187 1.443
-39.4148 -40.9527 1.44215 6.80349e-06 -39.84 -41.187 1.443
-39.7666 -40.6554 1.43318 6.77213e-05 -39.84 -41.187 1.443
-39.8709 -40.3656 1.44495 1.88926e-10 -39.84 -41.187 1.443
-40.4026 -40.3333 1.43921 1.32499e-11 -39.84 -41.187 1.443
-39.5062 -41.1133 1.46152 9.55173e-07 -39.84 -41.187 1.443
-39.7985 -40.8622 1.44635 0.00865264 -39.84 -41.187 1.443
-39.8299 -41.3342 1.44885 0.274056 -39.84 -41.187 1.443
-39.7355 -41.0742 1.43382 0.00223328 -39.84 -41.187 1.443
-39.9184 -40.4712 1.43128 2.33254e-06 -39.84 -41.187 1.443
-39.9444 -41.065 1.45069 0.0708248 -39.84 -41.187 1.443
-39.7555 -40.713 1.45254 1.07442e-06 -39.84 -41.187 1.443
-39.2809 -40.2613 1.44451 2.19601e-19 -39.84 -41.187 1.443
-40.2183 -40.3004 1.44502 5.31403e-13 -39.84 -41.187 1.443
-39.2439 -40.6317 1.43892 1.94834e-12 -39.84 -41.187 1.443
-39.9402 -40.3444 1.42512 5.47359e-09 -39.84 -41.187 1.443
-39.7542 -40.7917 1.43678 0.00227675 -39.84 -41.187 1.443
-39.545 -40.5476 1.46059 1.15196e-15 -39.84 -41.187 1.443
-39.4506 -40.7019 1.45335 1.20128e-09 -39.84 -41.187 1.443
-39.6787 -40.6823 1.43693 4.98983e-05 -39.84 -41.187 1.443
-39.6171 -40.6807 1.43198 1.73665e-06 -39.84 -41.187 1.443
-39.5149 -40.6617 1.46506 3.2838e-16 -39.84 -41.187 1.443
-39.6473 -40.7089 1.4413 5.54392e-05 -39.84 -41.187 1.443
-39.0166 -40.8241 1.45245 1.16179e-15 -39.84 -41.187 1.443
-39.9669 -41.03 1.46925 3.77877e-12 -39.84 -41.187 1.443
-39.9277 -40.548 1.44782 1.58799e-07 -39.84 -41.187 1.443
-39.8058 -41.3385 1.42951 1.90188e-06 -39.84 -41.187 1.443
-39.9115 -40.4725 1.43549 2.73867e-06 -39.84 -41.187 1.443
-39.525 -40.7751 1.47053 8.1014e-18 -39.84 -41.187 1.443
-39.7971 -40.7676 1.44034 0.00373998 -39.84 -41.187 1.443
-39.7733 -41.1004 1.46564 6.26443e-08 -39.84 -41.187 1.443
-39.3722 -42.1383 1.44394 1.27752e-19 -39.84 -41.187 1.443
-40.5007 -40.9522 1.43438 8.29971e-05 -39.84 -41.187 1.443
-39.4263 -40.1593 1.4489 2.09864e-21 -39.84 -41.187 1.443
-39.6172 -40.8141 1.44979 3.64601e-05 -39.84 -41.187 1.443
-40.027 -41.0863 1.44707 0.30455 -39.84 -41.187 1.443
-39.5567 -40.862 1.45086 2.17239e-05 -39.84 -41.187 1.443
-39.2826 -41.1133 1.4586 1.91345e-08 -39.84 -41.187 1.443
-39.2853 -41.1266 1.45457 1.99874e-07 -39.84 -41.187 1.443
-39.4035 -40.536 1.43254 2.35484e-11 -39.84 -41.187 1.443
-39.0783 -40.5284 1.43951 6.04148e-18 -39.84 -41.187 1.443
-39.7245 -40.6896 1.43327 6.13579e-05 -39.84 -41.187 1.443
-40.0466 -40.1971 1.44251 9.17352e-14 -39.84 -41.187 1.443
-39.5582 -40.7918 1.45704 1.73789e-08 -39.84 -41.187 1.443
-39.7304 -40.7725 1.45595 2.77733e-07 -39.84 -41.187 1.443
-39.8973 -41.0351 1.46308 2.53139e-07 -39.84 -41.187 1.443
-40.0744 -40.7962 1.44315 0.00892012 -39.84 -41.187 1.443
-39.7142 -40.4536 1.44637 1.19312e-09 -39.84 -41.187 1.443
-40.1031 -40.1906 1.43151 3.30152e-11 -39.84 -41.187 1.443
-39.3692 -40.561 1.45748 2.18239e-15 -39.84 -41.187 1.443
-39.8652 -40.6004 1.43538 0.000117182 -39.84 -41.187 1.443
-40.238 -40.828 1.45045 1.39562e-05 -39.84 -41.187 1.443
-39.5283 -40.7586 1.4336 9.42739e-07 -39.84 -41.187 1.443
-40.1427 -40.7218 1.44229 0.00101792 -39.84 -41.187 1.443
-39.7895 -40.5072 1.44128 7.03202e-07 -39.84 -41.187 1.443
-39.8103 -40.6569 1.4405 0.000233974 -39.84 -41.187 1.443
-39.8489 -40.5749 1.43845 3.84381e-05 -39.84 -41.187 1.443
-40.1148 -40.4176 1.4524 2.26831e-13 -39.84 -41.187 1.443
-39.865 -40.7231 1.43959 0.00292294 -39.84 -41.187 1.443
-39.412 -41.1502 1.44661 6.51274e-05 -39.84 -41.187 1.443
-40.0131 -40.9767 1.43354 0.0583146 -39.84 -41.187 1.443
-39.5426 -40.6065 1.4491 6.33664e-09 -39.84 -41.187 1.443
-40.0918 -40.4911 1.46721 2.22326e-23 -39.84 -41.187 1.443
-39.4022 -41.0077 1.43915 2.2482e-06 -39.84 -41.187 1.443
-39.489 -40.4812 1.4457 4.15361e-11 -39.84 -41.187 1.443
-39.5935 -41.0257 1.43541 0.00020919 -39.84 -41.187 1.443
-39.5455 -40.2925 1.44638 5.05311e-15 -39.84 -41.187 1.443
-40.0207 -40.4869 1.46133 1.85847e-17 -39.84 -41.187 1.443
-40.0963 -40.8494 1.44872 0.00120591 -39.84 -41.187 1.443
-38.8884 -40.7943 1.44085 6.46592e-20 -39.84 -41.187 1.443
-39.5424 -40.775 1.42034 2.98874e-12 -39.84 -41.187 1.443
-39.5456 -40.5899 1.45732 1.10948e-12 -39.84 -41.187 1.443
-39.4794 -40.1258 1.45595 6.60183e-26 -39.84 -41.187 1.443
-39.5702 -40.3836 1.43801 7.65319e-11 -39.84 -41.187 1.443
-39.9612 -40.866 1.41284 1.93071e-12 -39.84 -41.187 1.443
-39.6709 -40.876 1.45974 9.50814e-08 -39.84 -41.187 1.443
-40.0686 -41.2673 1.42747 1.54065e-05 -39.84 -41.187 1.443
-39.5684 -41.1004 1.461 3.70966e-06 -39.84 -41.187 1.443
-39.3996 -40.6194 1.45015 8.25113e-11 -39.84 -41.187 1.443
-39.8431 -40.9434 1.45858 7.26395e-06 -39.84 -41.187 1.443
-39.9654 -40.755 1.45421 1.22034e-06 -39.84 -41.187 1.443
-39.7224 -41.2999 1.4474 0.119329 -39.84 -41.187 1.443
-39.3041 -41.0084 1.45791 7.02031e-09 -39.84 -41.187 1.443
-39.8893 -40.3372 1.43825 3.26189e-09 -39.84 -41.187 1.443
-39.453 -41.1139 1.44361 0.000129846 -39.84 -41.187 1.443
-40.0247 -40.9983 1.43152 0.0187386 -39.84 -41.187 1.443
-39.9821 -40.8554 1.44504 0.0245243 -39.84 -41.187 1.443
-39.7898 -40.95 1.44433 0.067624 -39.84 -41.187 1.443
-40.3069 -40.3926 1.46114 6.00107e-23 -39.84 -41.187 1.443
-40.2116 -40.8903 1.44105 0.0231656 -39.84 -41.187 1.443
-40.3411 -41.632 1.4396 7.43726e-07 -39.84 -41.187 1.443
-39.5575 -40.9676 1.44383 0.00103711 -39.84 -41.187 1.443
-39.9677 -40.4678 1.43305 3.74294e-06 -39.84 -41.187 1.443
-39.6838 -40.8874 1.44731 0.00240626 -39.84 -41.187 1.443
-39.3632 -40.4224 1.44287 9.90377e-14 -39.84 -41.187 1.443
-39.6511 -40.8997 1.44458 0.00322186 -39.84 -41.187 1.443
