93.5062 18.2706 0.0703002 0.00487996 93.979 18.332 0.070015
94.1228 18.7706 0.0647466 0.000167504 93.979 18.332 0.070015
93.6537 18.2169 0.0759766 0.0336911 93.979 18.332 0.070015
93.4383 18.4003 0.0711282 0.00139494 93.979 18.332 0.070015
93.5831 18.5134 0.065881 0.00271932 93.979 18.332 0.070015
94.0303 18.7189 0.0499785 2.21745e-06 93.979 18.332 0.070015
93.3122 18.5307 0.081731 4.07497e-05 93.979 18.332 0.070015
93.5542 18.5173 0.0762854 0.00557569 93.979 18.332 0.070015
93.6494 18.2026 0.0616038 0.003651 93.979 18.332 0.070015
93.8791 18.6211 0.0718171 0.0142927 93.979 18.332 0.070015
93.7355 18.5174 0.0663644 0.0152357 93.979 18.332 0.070015
93.5995 18.9837 0.0668922 4.35722e-07 93.979 18.332 0.070015
94.144 18.6245 0.0663953 0.00216854 93.979 18.332 0.070015
93.9867 18.2671 0.0749069 0.0711159 93.979 18.332 0.070015
93.9786 18.2861 0.0764861 0.062977 93.979 18.332 0.070015
94.2159 18.5461 0.0931019 1.01396e-06 93.979 18.332 0.070015
94.1216 18.4485 0.0694644 0.0203213 93.979 18.332 0.070015
94.0115 18.3842 0.0689083 0.0648148 93.979 18.332 0.070015
94.1719 18.5065 0.0676335 0.00678869 93.979 18.332 0.070015
94.0121 18.1972 0.0820692 0.00990583 93.979 18.332 0.070015
93.9641 18.0351 0.0685192 0.0165061 93.979 18.332 0.070015
93.588 18.4284 0.077397 0.0147107 93.979 18.332 0.070015
93.949 18.468 0.0764902 0.0444687 93.979 18.332 0.070015
93.867 19.1037 0.069187 8.67573e-08 93.979 18.332 0.070015
94.0782 18.796 0.0825433 3.8968e-05 93.979 18.332 0.070015
93.7203 18.9742 0.0565853 5.01528e-08 93.979 18.332 0.070015
93.723 18.5491 0.0794816 0.0135206 93.979 18.332 0.070015
93.6915 18.714 0.0801403 0.00101896 93.979 18.332 0.070015
94.2762 18.3354 0.0629738 0.00210588 93.979 18.332 0.070015
93.7708 17.984 0.0624347 0.001954 93.979 18.332 0.070015
93.9033 18.609 0.0803618 0.006482 93.979 18.332 0.070015
94.2701 18.5434 0.0641632 0.000813906 93.979 18.332 0.070015
94.2234 18.163 0.0560414 0.000426827 93.979 18.332 0.070015
94.1422 17.9535 0.0708007 0.00144565 93.979 18.332 0.070015
93.9862 19.0184 0.0646968 6.13878e-07 93.979 18.332 0.070015
94.0985 18.7143 0.0670051 0.000859149 93.979 18.332 0.070015
94.2519 18.6399 0.0802574 9.18539e-05 93.979 18.332 0.070015
93.3528 18.4282 0.0864061 7.38289e-05 93.979 18.332 0.070015
93.3708 18.2964 0.0826365 0.00032556 93.979 18.332 0.070015
93.5623 18.2958 0.0607218 0.0009395 93.979 18.332 0.070015
93.5146 18.2707 0.0784347 0.00659126 93.979 18.332 0.070015
94.0464 18.4302 0.0650953 0.0275762 93.979 18.332 0.070015
93.3243 18.7769 0.0696396 8.16294e-07 93.979 18.332 0.070015
93.9438 18.7381 0.0890242 3.03567e-05 93.979 18.332 0.070015
93.3984 18.2887 0.0772559 0.00100772 93.979 18.332 0.070015
94.1117 18.6698 0.0916198 3.5328e-06 93.979 18.332 0.070015
93.6991 17.6818 0.042113 1.12474e-11 93.979 18.332 0.070015
93.5948 18.838 0.079253 4.13757e-05 93.979 18.332 0.070015
93.9619 19.0955 0.0668131 7.56359e-08 93.979 18.332 0.070015
94.3102 18.7285 0.0714119 3.6957e-05 93.979 18.332 0.070015
93.9121 18.0678 0.0713634 0.0307857 93.979 18.332 0.070015
93.9502 18.5359 0.0667898 0.0236858 93.979 18.332 0.070015
94.1372 18.1172 0.0613544 0.00404967 93.979 18.332 0.070015
94.0154 18.2353 0.0660562 0.0475662 93.979 18.332 0.070015
93.9702 18.7192 0.0898536 2.27745e-05 93.979 18.332 0.070015
93.8295 18.7557 0.0652526 0.000607878 93.979 18.332 0.070015
93.9348 18.5592 0.0634456 0.00977958 93.979 18.332 0.070015
94.1833 17.8793 0.0701689 0.000238699 93.979 18.332 0.070015
94.295 18.9351 0.0704564 4.32227e-07 93.979 18.332 0.070015
94.1807 18.736 0.0771728 0.000137866 93.979 18.332 0.070015
93.9576 18.5558 0.0562833 0.000825823 93.979 18.332 0.070015
93.9431 18.9742 0.0736711 6.15293e-06 93.979 18.332 0.070015
93.525 18.3266 0.0514709 3.09958e-06 93.979 18.332 0.070015
93.5412 18.0199 0.0854274 0.000319629 93.979 18.332 0.070015
94.3413 18.6341 0.0579992 1.88112e-05 93.979 18.332 0.070015
93.796 18.0137 0.0474231 1.70941e-06 93.979 18.332 0.070015
94.4956 18.7986 0.0590046 4.60137e-08 93.979 18.332 0.070015
94.2975 18.0904 0.0540649 4.14562e-05 93.979 18.332 0.070015
93.655 18.5221 0.0866001 0.001849 93.979 18.332 0.070015
94.4371 18.8143 0.0664808 4.22923e-07 93.979 18.332 0.070015
94.2349 18.6992 0.0794999 6.22036e-05 93.979 18.332 0.070015
93.4084 18.0617 0.0542595 4.13969e-07 93.979 18.332 0.070015
93.8834 17.8912 0.0524639 1.17185e-05 93.979 18.332 0.070015
93.82 18.3868 0.0624161 0.0216092 93.979 18.332 0.070015
93.78 18.6626 0.0673042 0.00390718 93.979 18.332 0.070015
93.5099 18.7774 0.0752181 6.43815e-05 93.979 18.332 0.070015
93.9313 18.2678 0.0622664 0.0294183 93.979 18.332 0.070015
93.9049 18.0077 0.0673919 0.0116061 93.979 18.332 0.070015
94.6376 18.8457 0.060692 4.14284e-10 93.979 18.332 0.070015
93.6703 18.0684 0.0798237 0.00769563 93.979 18.332 0.070015
94.1016 18.406 0.0706397 0.031483 93.979 18.332 0.070015
94.3016 18.2 0.0637021 0.00123863 93.979 18.332 0.070015
93.6082 18.2856 0.0889742 0.00123067 93.979 18.332 0.070015
93.8585 18.4627 0.0930899 0.00015841 93.979 18.332 0.070015
93.853 18.5219 0.0716602 0.0443644 93.979 18.332 0.070015
94.0317 18.9395 0.0778296 6.21135e-06 93.979 18.332 0.070015
93.8856 18.245 0.0699818 0.101735 93.979 18.332 0.070015
93.7503 18.9282 0.0570474 3.18522e-07 93.979 18.332 0.070015
94.1966 18.7533 0.070599 0.000158742 93.979 18.332 0.070015
94.2503 18.3311 0.0743549 0.0037569 93.979 18.332 0.070015
93.8441 18.4035 0.0693885 0.0850905 93.979 18.332 0.070015
93.5882 19.0376 0.0804823 1.33259e-07 93.979 18.332 0.070015
93.6007 18.3066 0.0636855 0.00484555 93.979 18.332 0.070015
94.5901 18.0916 0.0674333 6.7857e-07 93.979 18.332 0.070015
94.6826 18.7519 0.0755306 3.39445e-10 93.979 18.332 0.070015
94.0296 18.9789 0.0700014 3.37197e-06 93.979 18.332 0.070015
93.7028 18.2041 0.0511618 3.86885e-05 93.979 18.332 0.070015
94.0013 17.944 0.0586058 0.000496677 93.979 18.332 0.070015
93.6084 18.8555 0.0810849 2.38811e-05 93.979 18.332 0.070015
93.9976 18.2273 0.0695571 0.0702362 93.979 18.332 0.070015
