161.683 22.3014 0.0758327 0.000254873
161.04 22.82 0.0623708 2.33883e-11
162.011 22.5404 0.0832349 1.71753e-16
161.632 22.7985 0.0584358 3.05999e-11
161.556 22.349 0.069466 0.00704478
161.165 22.0912 0.0673991 0.000338536
161.666 22.7083 0.0626324 2.21716e-08
161.516 22.7582 0.0884914 3.39174e-12
161.452 22.4205 0.0602115 5.59893e-06
161.549 22.1292 0.08035 0.0012469
161.763 22.0735 0.0680942 7.05353e-07
161.658 21.9268 0.0620243 1.17385e-09
161.533 22.3843 0.0771688 0.0103683
161.425 22.0944 0.0913122 3.31339e-07
161.68 21.9946 0.052201 6.30444e-16
161.182 22.7593 0.0668682 8.43109e-07
161.802 22.708 0.0589971 1.71708e-11
161.535 22.7064 0.0823166 7.54685e-08
162.201 22.699 0.0676064 3.36217e-19
161.334 21.4339 0.0717192 5.87197e-16
161.408 22.5496 0.0687776 0.00361531
160.935 22.7914 0.0799125 2.84897e-08
161.656 22.371 0.0702035 0.000653954
161.272 22.2828 0.0677339 0.0167764
161.529 22.4446 0.0712765 0.00973348
160.84 22.0141 0.0673506 2.1982e-09
161.301 22.1086 0.0683765 0.00461989
162.138 21.9954 0.0731857 1.02226e-16
161.7 22.9882 0.0859055 2.20017e-19
161.553 22.4576 0.0679665 0.00172957
161.862 22.4289 0.071994 1.18209e-07
161.22 22.4986 0.0628499 2.01601e-05
161.345 22.0585 0.0653789 9.40643e-05
161.754 21.7626 0.0869442 5.71233e-14
161.1 22.5037 0.0658136 5.81246e-05
161.334 22.7 0.0731288 0.00024705
161.875 22.9194 0.0646136 8.27712e-15
161.21 22.2588 0.0733535 0.291884
161.874 22.4624 0.0766978 5.85254e-09
162.119 22.4647 0.068822 2.658e-14
161.983 22.6196 0.0584839 6.56295e-14
161.7 22.0383 0.0688754 4.11894e-06
161.402 22.4993 0.0673005 0.00391913
160.78 22.6514 0.0848624 1.02372e-08
161.388 22.6106 0.0651584 9.11458e-05
161.746 22.29 0.077925 7.48552e-06
161.645 22.5958 0.0594886 2.91871e-08
161.874 21.9746 0.0720006 1.15482e-09
161.82 22.9147 0.0528279 1.56989e-18
161.791 22.019 0.0722256 1.97241e-07
161.489 21.6279 0.0660115 6.4452e-13
161.142 21.9555 0.0735109 0.00102791
161.002 21.9284 0.0706654 2.85899e-06
161.153 22.0876 0.0648741 1.25746e-05
161.792 22.4583 0.0540665 2.67799e-12
161.726 22.2685 0.0612553 2.25995e-07
161.226 22.7544 0.0649494 3.67454e-07
161.469 22.7925 0.0664114 3.67854e-07
160.891 22.4497 0.0778608 0.000505582
161.53 22.5843 0.055678 7.03193e-10
160.939 22.3101 0.0734715 0.00182435
161.549 22.6222 0.0758573 9.49006e-05
161.415 22.523 0.0668971 0.00189804
161.465 22.4788 0.0751152 0.0204168
161.709 22.6522 0.0543752 2.09853e-12
161.611 22.5018 0.0701125 0.000527829
161.599 22.3358 0.0770063 0.00252324
161.941 22.3094 0.075265 1.19189e-09
161.606 22.8076 0.0664705 2.2983e-08
161.17 22.4188 0.0646266 0.000166592
161.18 22.1627 0.0835054 0.0535417
161.1 22.8487 0.0793528 4.45111e-08
161.772 22.5824 0.074929 1.85248e-07
161.178 22.5465 0.063712 1.36596e-05
161.453 22.2899 0.100409 8.92554e-16
161.438 22.3692 0.0815737 0.00986906
161.516 22.4356 0.0750603 0.014903
161.31 22.4471 0.0468763 1.42809e-18
161.181 22.137 0.0647319 4.72784e-05
160.66 22.6854 0.068229 1.06181e-13
160.726 22.4385 0.0651913 1.52053e-11
161.319 22.5892 0.0635157 2.65796e-05
161.429 22.4485 0.0766146 0.0446847
161.036 22.4759 0.0739647 0.00680042
161.247 22.5337 0.0876774 1.7934e-05
162.006 22.4712 0.0691476 3.61254e-11
161.663 22.8683 0.0781234 2.35887e-11
161.314 22.4561 0.0683751 0.0159762
162.38 22.4972 0.0771841 1.63959e-26
161.25 22.5754 0.0754261 0.0130092
161.227 22.3909 0.0834514 0.0241718
161.283 22.0731 0.0711926 0.0161957
161.1 22.6535 0.0658924 2.47714e-06
161.201 22.9687 0.0652504 1.59835e-11
161.312 22.3505 0.0780314 0.331964
161.123 22.482 0.0956373 7.81182e-10
161.577 22.5231 0.0697791 0.000771188
161.368 22.3815 0.0702786 0.086283
161.579 22.7371 0.0487203 2.42728e-17
161.148 22.7734 0.0778947 4.62986e-06
