263.423 27.9038 5.93237 0.00127557
263.817 27.4908 5.94833 3.90811e-19
263.067 27.8277 5.92476 0.061796
263.366 27.8744 5.93459 0.00266301
263.256 28.2565 5.9205 1.96478e-06
263.827 27.8662 5.95922 6.10712e-29
263.658 27.6143 5.94408 1.80518e-11
263.149 27.6695 5.9347 0.134188
263.595 27.3483 5.93695 2.33959e-09
263.379 27.2675 5.94443 3.23485e-09
263.472 28.1544 5.94671 2.91633e-13
263.708 27.8008 5.92445 3.28441e-06
263.393 27.5436 5.94328 4.15708e-06
263.65 27.1378 5.92129 1.17666e-12
263.3 27.6457 5.94822 1.31576e-06
263.153 27.6451 5.93563 0.0914929
262.892 27.6788 5.92129 0.000198791
263.78 28.2059 5.92537 9.69491e-12
263.127 28.0595 5.92888 0.00284876
262.974 28.0547 5.92481 0.000312342
263.471 28.1044 5.91757 4.61714e-05
263.643 27.6948 5.91435 2.23835e-05
263.867 27.2834 5.93119 2.70747e-15
263.31 28.3794 5.93376 1.41845e-10
262.725 27.5492 5.91749 1.11309e-09
263.041 27.1826 5.91824 2.26904e-10
262.94 27.5784 5.92987 0.0120554
263.736 27.568 5.94672 3.33414e-15
263.334 27.3239 5.91838 2.13631e-06
263.429 27.639 5.93822 0.000150274
263.387 27.7684 5.92439 0.0485207
263.52 27.7449 5.933 0.000197476
263.48 27.5473 5.90584 1.16242e-07
263.521 27.8397 5.94287 3.14093e-08
264.002 27.8133 5.92409 2.03999e-13
263.317 27.8758 5.91182 0.000514354
264.107 27.9225 5.9287 6.8865e-19
263.737 27.8677 5.94584 2.81345e-15
263.228 27.7525 5.92576 0.220054
263.292 27.8589 5.93221 0.0355948
263.471 27.3109 5.94211 3.32707e-09
264.042 28.1543 5.93846 2.01258e-24
263.244 27.1019 5.93188 4.23247e-09
263.218 27.9285 5.91805 0.00764944
263.355 28.36 5.91157 7.52884e-10
263.326 28.1756 5.92413 4.51653e-05
263.611 27.3318 5.93039 1.76039e-08
263.12 27.5204 5.94368 0.000874078
263.632 28.0675 5.91497 2.18416e-06
262.816 27.1804 5.94149 2.01492e-08
263.454 28.0052 5.947 1.09001e-10
263.34 27.1869 5.93646 3.3274e-08
263.167 27.7367 5.92982 0.287705
263.034 27.3219 5.94258 2.55439e-05
263.361 27.3108 5.93892 1.03614e-06
263.027 27.2997 5.92063 3.07345e-07
263.523 27.0963 5.92609 1.12202e-11
263.55 27.2489 5.9074 2.92133e-12
263.739 27.847 5.9045 1.92157e-08
262.729 27.2707 5.93712 8.18359e-08
263.122 27.3148 5.9195 1.25596e-06
263.32 27.4984 5.93008 0.00706678
263.732 27.9555 5.93336 1.05047e-09
263.476 27.4166 5.95993 5.33277e-18
262.501 27.6912 5.93629 2.34986e-08
263.267 28.0048 5.91837 0.0029661
263.236 28.3556 5.93413 1.28596e-09
263.331 27.6386 5.91545 0.00217391
263.561 28.1202 5.91148 1.03823e-06
263.365 27.9837 5.92907 0.0034362
263.227 28.1504 5.92046 0.000107756
263.697 27.9621 5.93378 4.00658e-09
263.439 27.5169 5.92761 0.00142195
263.092 27.4013 5.92247 0.000127661
263.219 27.6195 5.95277 7.10655e-08
263.44 27.3524 5.95241 8.40584e-13
263.734 27.7304 5.96848 6.57019e-34
263.737 27.4214 5.92503 5.79523e-09
263.625 27.9871 5.93668 6.55037e-09
263.177 27.8687 5.92135 0.043413
263.316 27.9995 5.92711 0.00728569
263.975 28.5392 5.92133 1.94445e-23
263.412 27.7229 5.93014 0.0146731
263.062 28.1451 5.93398 5.10318e-05
263.179 27.8395 5.95651 2.00091e-10
263.308 27.213 5.934 3.93325e-07
263.987 27.5738 5.90906 4.35225e-13
262.908 27.9275 5.92003 7.31186e-05
263.563 27.7788 5.94663 9.81575e-11
263.218 28.0983 5.94585 3.00579e-08
263.671 27.8485 5.9271 4.89605e-06
263.261 27.1363 5.92959 2.03738e-08
263.395 27.6495 5.93333 0.00563087
263.889 27.7526 5.91881 1.68229e-09
262.821 27.7974 5.93668 0.00311697
263.701 27.7441 5.92903 8.62133e-07
263.577 27.6295 5.94573 2.39262e-10
263.422 28.3278 5.93666 2.29584e-11
263.555 27.2125 5.9238 1.86417e-09
263.41 28.0411 5.93056 0.000200491
