49.6382 -62.3812 3.94188 0.000332864
48.3597 -62.4993 3.94462 2.81321e-20
49.361 -62.4941 3.93836 0.0902128
49.4192 -62.5552 3.93315 0.0010194
48.676 -62.596 3.95191 1.2888e-12
49.1271 -62.2718 3.94962 0.00327642
48.6875 -63.0766 3.93499 2.59281e-14
48.5217 -62.4249 3.95614 1.61466e-19
49.1206 -62.485 3.94078 0.102768
49.0995 -62.423 3.94007 0.0400096
49.3901 -62.1537 3.95084 0.00113897
48.828 -62.7278 3.94947 7.99614e-09
49.0636 -62.9448 3.93317 3.70729e-06
49.462 -62.714 3.94184 0.0122601
49.3117 -62.4718 3.93493 0.0118961
48.6614 -62.7816 3.94966 6.7636e-14
49.0893 -62.2634 3.94063 0.00206833
48.5567 -62.0524 3.93702 9.57236e-18
48.6848 -62.5548 3.94832 1.70111e-10
49.2832 -62.3096 3.93204 3.28759e-05
49.0329 -62.5002 3.945 0.0120512
48.8904 -62.1142 3.93844 1.82345e-08
49.3547 -62.1724 3.94364 0.00203354
48.5326 -62.3325 3.94826 2.36078e-15
49.3484 -62.0485 3.94317 1.38293e-05
49.1454 -62.9305 3.95117 3.33106e-08
49.8455 -62.7317 3.94171 5.34758e-09
48.7498 -61.9307 3.94517 1.98344e-14
48.9641 -62.6587 3.95141 2.55707e-06
48.8474 -62.9076 3.94282 9.13987e-09
49.039 -62.4037 3.94093 0.0111411
49.0115 -62.5172 3.95364 1.41116e-05
48.7009 -62.418 3.9427 1.06272e-08
49.3469 -62.9103 3.94708 1.80081e-05
48.4604 -62.6418 3.95173 3.41397e-20
48.9932 -62.6298 3.94468 0.00158169
48.5726 -62.7361 3.93047 5.35284e-13
49.3106 -62.7249 3.91997 4.27388e-11
49.3067 -62.4216 3.92828 3.05701e-06
48.659 -62.4247 3.95654 4.28253e-15
49.0271 -62.6644 3.9432 0.00413839
48.5987 -62.4348 3.9413 2.55354e-11
48.805 -62.5631 3.93452 2.01724e-06
49.2118 -62.8332 3.96048 1.22567e-11
48.7737 -62.7649 3.94212 4.12634e-08
49.2197 -62.2507 3.9401 0.00550289
49.0853 -62.5724 3.95467 2.06424e-05
49.4453 -62.3863 3.95648 0.000696966
49.5343 -62.5081 3.95614 0.000170506
49.6264 -62.1788 3.94361 1.19382e-05
49.1309 -62.4377 3.94076 0.0886181
49.1877 -62.0434 3.94655 1.59188e-05
49.1111 -62.2229 3.93996 0.000725732
48.7855 -62.7031 3.9242 1.61487e-10
49.0686 -62.2583 3.94542 0.00211405
48.8098 -62.9762 3.94681 2.82006e-12
48.7769 -62.2474 3.95999 3.25854e-14
48.8219 -62.6449 3.9476 2.17118e-07
49.6404 -62.5024 3.96646 1.59731e-11
48.9532 -62.2922 3.93591 1.72879e-05
49.2627 -62.978 3.93648 1.18409e-05
49.2607 -62.4636 3.95097 0.0436437
48.7954 -61.9588 3.94261 7.46428e-13
49.2979 -62.0861 3.91407 2.60962e-26
48.4753 -62.4647 3.92282 2.35731e-19
49.3538 -62.682 3.93443 0.00544193
49.0103 -62.9669 3.92591 4.9422e-09
48.8009 -62.788 3.9335 1.441e-07
49.0641 -62.2467 3.93868 0.000350911
49.273 -62.5159 3.94211 0.458548
48.856 -62.2445 3.94212 1.32658e-06
48.8205 -62.5161 3.94943 2.24707e-07
48.9381 -62.1715 3.94746 2.6462e-06
48.8638 -62.4078 3.94573 1.68941e-05
49.2846 -62.7181 3.95426 3.58806e-05
49.0248 -63.0252 3.95226 1.91544e-12
49.2805 -62.4377 3.96195 3.00214e-07
49.2892 -62.0426 3.9575 7.22367e-07
49.3755 -62.6248 3.94818 0.0508121
48.7174 -62.8196 3.94187 4.89154e-10
48.6327 -61.9692 3.94149 9.65732e-17
49.0416 -62.9081 3.93678 2.14858e-05
49.5206 -62.1195 3.9596 7.42742e-07
49.1333 -62.7535 3.96842 1.96181e-18
49.0309 -62.358 3.9424 0.00576521
49.0885 -62.5758 3.93805 0.0348151
49.3955 -62.2036 3.94546 0.00602219
49.0479 -62.6248 3.95217 4.20789e-05
49.0167 -62.7603 3.93265 0.000147795
49.213 -62.3945 3.92998 3.04506e-05
48.6201 -62.3293 3.94839 1.44666e-12
49.7174 -62.6248 3.94318 2.74204e-05
48.9805 -61.9861 3.95077 4.22502e-09
48.5652 -62.6083 3.94056 3.05931e-12
48.9876 -62.285 3.94691 0.000275262
48.5002 -62.4199 3.96039 1.50682e-23
49.224 -62.0151 3.9353 6.28635e-09
48.9689 -61.9085 3.96362 6.09305e-16
48.9098 -62.7247 3.93763 7.28516e-05
48.3264 -62.4873 3.93629 2.06458e-20
