276.206 15.7922 5.1944 0.0948518 276.3 15.901 5.192
275.616 16.0084 5.19729 1.52837e-07 276.3 15.901 5.192
276.523 16.3341 5.17794 8.63362e-10 276.3 15.901 5.192
276.556 15.6572 5.20442 9.5206e-09 276.3 15.901 5.192
276.514 16.3132 5.21792 1.06711e-10 276.3 15.901 5.192
276.104 15.5231 5.18402 0.00193545 276.3 15.901 5.192
276.267 15.6433 5.20777 7.1437e-08 276.3 15.901 5.192
276.066 16.4961 5.20009 8.61725e-07 276.3 15.901 5.192
276.453 15.6823 5.19019 0.00124125 276.3 15.901 5.192
276.741 15.6913 5.19639 3.02194e-09 276.3 15.901 5.192
275.962 16.1774 5.18774 0.00379663 276.3 15.901 5.192
276.754 15.5994 5.20244 1.52091e-12 276.3 15.901 5.192
276.235 16.2719 5.19881 0.00279809 276.3 15.901 5.192
276.234 15.9887 5.18536 0.25296 276.3 15.901 5.192
276.269 16.1353 5.21017 4.65366e-05 276.3 15.901 5.192
276.674 15.698 5.20159 3.75792e-09 276.3 15.901 5.192
276.488 16.2627 5.20154 2.77709e-05 276.3 15.901 5.192
276.217 15.6911 5.21107 1.20308e-08 276.3 15.901 5.192
275.814 15.8486 5.17792 0.000405928 276.3 15.901 5.192
275.691 16.1047 5.20125 5.78946e-07 276.3 15.901 5.192
277.013 16.5316 5.20552 5.69286e-21 276.3 15.901 5.192
276.737 16.2421 5.20813 1.46643e-10 276.3 15.901 5.192
276.584 16.371 5.18442 2.37864e-09 276.3 15.901 5.192
276.369 16.378 5.17869 1.13406e-08 276.3 15.901 5.192
276.669 15.691 5.19289 3.86714e-07 276.3 15.901 5.192
276.31 16.0534 5.20774 0.000229834 276.3 15.901 5.192
276.313 16.1432 5.1921 0.0339929 276.3 15.901 5.192
276.936 16.1833 5.20082 8.39381e-14 276.3 15.901 5.192
276.967 16.4644 5.2075 1.09192e-18 276.3 15.901 5.192
276.11 15.8445 5.17792 0.0592076 276.3 15.901 5.192
275.89 16.0667 5.19826 0.00239006 276.3 15.901 5.192
276.37 14.8043 5.19202 1.19073e-26 276.3 15.901 5.192
276.229 16.143 5.20216 0.00913014 276.3 15.901 5.192
276.534 15.9575 5.19435 0.00101719 276.3 15.901 5.192
275.562 16.0046 5.17974 6.18623e-09 276.3 15.901 5.192
276.244 15.7827 5.17962 0.0820917 276.3 15.901 5.192
276.457 16.3832 5.19444 3.30165e-06 276.3 15.901 5.192
276.271 15.9162 5.19813 0.0579512 276.3 15.901 5.192
276.318 15.6598 5.20282 9.89494e-06 276.3 15.901 5.192
276.804 16.0128 5.19888 1.92794e-09 276.3 15.901 5.192
276.388 15.7292 5.20085 0.000120337 276.3 15.901 5.192
276.586 16.0974 5.18137 3.49326e-06 276.3 15.901 5.192
276.609 15.7279 5.20207 8.93626e-08 276.3 15.901 5.192
276.469 16.1799 5.19207 0.000746197 276.3 15.901 5.192
276.579 16.3949 5.18576 2.17827e-09 276.3 15.901 5.192
276.288 16.2751 5.18944 0.00113265 276.3 15.901 5.192
276.171 15.7786 5.2025 0.000840535 276.3 15.901 5.192
276.164 16.1491 5.20001 0.0222338 276.3 15.901 5.192
275.903 15.4588 5.19787 1.61109e-08 276.3 15.901 5.192
275.927 15.6627 5.18244 0.0059114 276.3 15.901 5.192
276.486 16.266 5.19027 3.75718e-05 276.3 15.901 5.192
276.728 15.5769 5.19017 2.51948e-09 276.3 15.901 5.192
275.963 15.6885 5.20387 2.88153e-06 276.3 15.901 5.192
276.169 15.9288 5.16971 9.93215e-05 276.3 15.901 5.192
275.277 16.1773 5.20901 1.49242e-20 276.3 15.901 5.192
276.134 15.6714 5.1742 0.00587561 276.3 15.901 5.192
277.048 16.1871 5.21575 1.95954e-21 276.3 15.901 5.192
276.29 15.449 5.20622 3.87156e-11 276.3 15.901 5.192
275.884 15.7807 5.21099 4.56406e-09 276.3 15.901 5.192
275.556 15.7157 5.18434 1.5463e-08 276.3 15.901 5.192
276.732 15.9791 5.20312 1.16351e-08 276.3 15.901 5.192
276.243 16.1702 5.20017 0.0131709 276.3 15.901 5.192
276.704 16.5717 5.19742 1.43673e-13 276.3 15.901 5.192
276.158 15.6257 5.17653 0.00882412 276.3 15.901 5.192
276.756 15.6995 5.21211 2.78288e-15 276.3 15.901 5.192
276.587 16.6648 5.18956 3.9833e-15 276.3 15.901 5.192
276.675 16.6933 5.18918 1.19491e-17 276.3 15.901 5.192
276.438 15.7223 5.2036 4.27396e-06 276.3 15.901 5.192
276.698 16.1516 5.20402 2.59013e-08 276.3 15.901 5.192
276.732 16.033 5.18886 2.11685e-07 276.3 15.901 5.192
276.694 16.1714 5.19517 2.49416e-07 276.3 15.901 5.192
276.446 15.5165 5.19881 1.02887e-07 276.3 15.901 5.192
276.488 16.3288 5.1909 5.26355e-06 276.3 15.901 5.192
276.285 16.101 5.19364 0.0882354 276.3 15.901 5.192
276.625 15.864 5.20261 5.64008e-07 276.3 15.901 5.192
276.377 15.3208 5.20075 2.70628e-12 276.3 15.901 5.192
276.863 15.8086 5.17204 2.48318e-13 276.3 15.901 5.192
276.355 16.1789 5.20357 0.000903041 276.3 15.901 5.192
276.558 15.5229 5.19034 5.39504e-07 276.3 15.901 5.192
275.934 15.4302 5.2015 2.8616e-10 276.3 15.901 5.192
276.038 16.3807 5.19453 6.47859e-05 276.3 15.901 5.192
276.379 16.0691 5.2026 0.0022612 276.3 15.901 5.192
276.532 16.0902 5.19503 0.0004761 276.3 15.901 5.192
276.29 15.5319 5.20133 3.59483e-07 276.3 15.901 5.192
276.7 15.6446 5.20227 1.27777e-10 276.3 15.901 5.192
276.29 16.4021 5.19531 3.61335e-05 276.3 15.901 5.192
276.299 15.8632 5.19071 0.239324 276.3 15.901 5.192
276.538 16.5369 5.21183 2.48913e-11 276.3 15.901 5.192
276.565 16.5461 5.19084 2.38311e-11 276.3 15.901 5.192
276.751 16.0342 5.18606 4.21067e-08 276.3 15.901 5.192
276.465 15.7231 5.20171 9.90443e-06 276.3 15.901 5.192
276.453 15.8756 5.20084 0.000490554 276.3 15.901 5.192
276.46 15.8772 5.18222 0.00473488 276.3 15.901 5.192
276.198 15.6464 5.21171 9.5824e-10 276.3 15.901 5.192
275.729 15.8952 5.18799 0.000157628 276.3 15.901 5.192
276.265 15.7599 5.20342 0.000190117 276.3 15.901 5.192
275.706 15.2052 5.19223 1.4048e-15 276.3 15.901 5.192
275.913 15.373 5.20782 3.73344e-15 276.3 15.901 5.192
276.194 16.3811 5.21577 2.73738e-08 276.3 15.901 5.192
276.621 15.871 5.19622 1.71732e-05 276.3 15.901 5.192
