125.821 -19.5117 3.40888 0.0591422
126.139 -19.3868 3.4069 1.00801e-05
125.954 -19.1675 3.41394 3.49003e-06
125.278 -18.7862 3.41521 3.47836e-16
126.363 -19.5292 3.39546 8.9021e-15
125.462 -19.4116 3.41644 2.28082e-05
126.191 -19.1771 3.41451 1.58537e-08
125.423 -19.2663 3.40171 0.0088914
125.344 -20.0417 3.418 2.63189e-09
125.763 -18.8326 3.41515 6.65086e-12
126.389 -19.2368 3.3989 1.11976e-14
126.123 -19.0995 3.39877 2.10494e-10
125.446 -19.1341 3.40513 0.000253946
125.518 -19.8859 3.41782 6.5275e-06
126.005 -19.1936 3.41473 2.04573e-06
125.567 -19.5231 3.41372 0.00618905
125.361 -19.2843 3.40157 0.00683172
125.963 -19.5764 3.40787 0.00706118
125.479 -19.4756 3.40218 0.194356
125.89 -19.3607 3.40863 0.00477569
125.751 -19.3892 3.416 0.000517902
125.158 -19.4384 3.41155 2.13609e-06
124.924 -19.514 3.42161 2.64153e-18
125.519 -19.4536 3.40593 0.163401
126.329 -19.2486 3.40362 4.79744e-11
125.41 -18.8032 3.40538 2.17298e-10
125.348 -19.0958 3.42872 1.13885e-20
126.588 -19.4898 3.40855 1.95382e-14
125.555 -19.0171 3.42401 1.21354e-14
125.347 -19.4014 3.40343 0.0273891
125.74 -19.3205 3.40244 0.0124442
125.438 -19.0817 3.40834 9.9047e-06
125.692 -19.5222 3.4046 0.23377
125.454 -18.6958 3.40792 2.2566e-13
124.981 -19.2763 3.40927 1.49893e-09
125.928 -19.6512 3.42379 4.25617e-07
125.816 -18.9663 3.40099 1.07551e-07
125.402 -19.1204 3.40748 3.49109e-05
125.482 -19.0705 3.40964 5.02157e-06
126.001 -19.4278 3.39564 4.14267e-07
126.224 -19.296 3.42138 1.48737e-09
125.627 -19.0677 3.42268 4.27262e-12
125.809 -18.9908 3.3962 1.60174e-08
125.594 -19.4726 3.39586 0.00865702
125.604 -19.6085 3.4119 0.0421591
125.642 -19.2095 3.395 7.80428e-05
125.662 -19.8991 3.40948 0.00786327
125.794 -19.437 3.3944 5.90008e-05
125.562 -18.892 3.40398 6.81646e-08
125.6 -19.7932 3.39351 0.000104925
125.731 -19.038 3.39634 4.86112e-07
125.918 -19.1535 3.39168 5.82941e-10
125.763 -19.8881 3.39323 5.49111e-07
125.703 -19.1379 3.41311 1.51342e-05
125.442 -18.9616 3.42231 1.72421e-15
125.684 -19.7183 3.42924 4.55822e-12
125.498 -19.0796 3.40326 9.70959e-05
125.611 -19.6769 3.41771 0.000236628
125.389 -19.2806 3.42848 4.03475e-17
125.556 -19.2874 3.39545 0.00123092
126.116 -19.3465 3.41389 9.32471e-06
125.812 -19.1958 3.41414 3.02399e-05
125.762 -19.0044 3.40855 1.31552e-06
124.962 -19.0347 3.38395 1.70059e-12
125.788 -19.06 3.4151 1.81774e-07
125.532 -19.756 3.41635 0.000230707
125.552 -19.4357 3.41218 0.00856119
125.291 -19.5532 3.41507 6.39007e-06
125.369 -19.7281 3.4172 3.2115e-06
125.812 -19.4491 3.4149 0.00254272
126.127 -19.931 3.43165 4.7408e-14
125.494 -19.1453 3.41408 1.42126e-06
125.432 -19.7977 3.40865 0.0118224
125.176 -19.2208 3.40302 4.29684e-05
125.85 -19.4428 3.40261 0.0101634
125.725 -19.2972 3.4022 0.00926623
126.197 -19.4955 3.4069 3.46831e-06
126.127 -18.6115 3.41947 2.26412e-21
125.248 -19.0104 3.39346 1.67377e-07
125.549 -19.1114 3.41165 9.21806e-06
125.331 -18.7002 3.39316 2.54211e-13
125.353 -19.4417 3.42231 1.87475e-10
125.046 -19.0719 3.39818 6.04348e-08
125.354 -19.0618 3.40167 1.89267e-05
125.418 -19.6216 3.40377 0.155673
126.086 -19.6064 3.41165 0.000352093
126.005 -19.2172 3.38645 8.92559e-15
126.239 -18.6461 3.41413 5.75637e-20
125.96 -18.5152 3.40897 1.03152e-19
125.652 -19.2088 3.42692 2.73214e-13
125.848 -19.2448 3.39122 2.23981e-08
125.972 -19.5699 3.39573 1.86117e-06
125.366 -19.6046 3.41204 0.00133134
125.465 -19.7505 3.41283 0.00233816
125.664 -19.2122 3.4249 1.96782e-11
125.821 -19.3545 3.41232 0.00316504
125.971 -19.2006 3.40074 3.68581e-06
125.783 -18.8976 3.41502 1.91657e-10
125.914 -19.135 3.40828 1.81192e-05
125.491 -19.5624 3.39488 0.00878002
