195.092 25.6331 0.0726649 0.00169056 195.01 25.239 0.070585
194.788 25.476 0.0845625 0.00298168 195.01 25.239 0.070585
195.214 25.1822 0.0760495 0.0281987 195.01 25.239 0.070585
195.12 25.926 0.0782244 2.70977e-08 195.01 25.239 0.070585
194.97 25.3314 0.0738747 0.169977 195.01 25.239 0.070585
194.934 24.7964 0.0581644 2.89676e-12 195.01 25.239 0.070585
194.63 25.3417 0.059973 1.44888e-12 195.01 25.239 0.070585
195.488 25.2837 0.0747732 5.07138e-05 195.01 25.239 0.070585
195.117 25.1765 0.0663 0.00415016 195.01 25.239 0.070585
195.054 26.0441 0.0715673 3.0595e-12 195.01 25.239 0.070585
195.287 25.4531 0.0676439 0.00157331 195.01 25.239 0.070585
194.716 25.465 0.0559879 3.69122e-15 195.01 25.239 0.070585
194.89 25.7617 0.08683 3.41267e-06 195.01 25.239 0.070585
194.747 25.3748 0.0727166 0.00142864 195.01 25.239 0.070585
194.865 25.3104 0.0636978 8.58679e-06 195.01 25.239 0.070585
195.007 25.3017 0.0691249 0.0266336 195.01 25.239 0.070585
194.904 24.7806 0.0640094 1.24525e-09 195.01 25.239 0.070585
195.455 25.5093 0.0794228 4.58141e-06 195.01 25.239 0.070585
194.791 25.1038 0.0754564 0.00212127 195.01 25.239 0.070585
195.208 25.6519 0.0539845 1.05348e-13 195.01 25.239 0.070585
194.828 25.4838 0.0652719 3.13789e-06 195.01 25.239 0.070585
194.677 25.6358 0.0775062 2.49211e-05 195.01 25.239 0.070585
194.635 24.962 0.091941 1.4699e-10 195.01 25.239 0.070585
195.066 25.3263 0.0696398 0.051236 195.01 25.239 0.070585
195.089 25.3675 0.0547509 2.45589e-10 195.01 25.239 0.070585
194.617 25.5285 0.0663436 1.7851e-09 195.01 25.239 0.070585
195.369 24.9355 0.0791178 3.08202e-07 195.01 25.239 0.070585
195.018 24.8153 0.0725359 3.37959e-06 195.01 25.239 0.070585
195.542 25.3725 0.0591754 1.45535e-08 195.01 25.239 0.070585
195.29 25.0763 0.0884128 6.72346e-09 195.01 25.239 0.070585
195.284 25.2715 0.0537873 4.73748e-10 195.01 25.239 0.070585
194.695 25.0106 0.0777321 2.5506e-05 195.01 25.239 0.070585
195.175 25.3806 0.072175 0.084209 195.01 25.239 0.070585
195.222 25.5142 0.0788224 0.00647498 195.01 25.239 0.070585
194.752 25.6208 0.0788331 0.000371213 195.01 25.239 0.070585
194.586 25.4307 0.0596881 2.38586e-14 195.01 25.239 0.070585
195.077 25.9307 0.0749402 1.68011e-08 195.01 25.239 0.070585
194.695 24.9734 0.0690858 2.18879e-07 195.01 25.239 0.070585
194.996 25.2121 0.0693283 0.0210914 195.01 25.239 0.070585
194.952 25.8946 0.0589263 3.13605e-16 195.01 25.239 0.070585
194.592 25.0183 0.0666134 6.99955e-10 195.01 25.239 0.070585
195.44 25.3928 0.0588493 8.37937e-08 195.01 25.239 0.070585
195.016 25.6468 0.0770099 0.00323973 195.01 25.239 0.070585
195.95 25.4277 0.0755243 1.94868e-17 195.01 25.239 0.070585
195.18 25.78 0.0624198 7.69511e-10 195.01 25.239 0.070585
194.989 25.0571 0.0663874 0.0002981 195.01 25.239 0.070585
195.043 25.0503 0.0649482 0.000141704 195.01 25.239 0.070585
194.954 24.9827 0.06374 2.58391e-06 195.01 25.239 0.070585
195.129 25.3514 0.0725202 0.146171 195.01 25.239 0.070585
195.228 25.7719 0.0597587 2.28011e-11 195.01 25.239 0.070585
195.092 25.1716 0.0753706 0.0949817 195.01 25.239 0.070585
194.991 25.7558 0.0721724 1.42589e-05 195.01 25.239 0.070585
194.769 25.909 0.0812925 1.39602e-08 195.01 25.239 0.070585
195.393 25.171 0.0672362 0.000395724 195.01 25.239 0.070585
195.154 25.7541 0.0717861 1.38404e-05 195.01 25.239 0.070585
194.484 25.5621 0.0683428 1.39875e-11 195.01 25.239 0.070585
195.153 25.6227 0.079386 0.00187314 195.01 25.239 0.070585
195.054 25.1859 0.0709826 0.057025 195.01 25.239 0.070585
195.126 25.8045 0.0955278 9.55433e-13 195.01 25.239 0.070585
194.979 25.0288 0.0658965 9.51808e-05 195.01 25.239 0.070585
194.637 25.7131 0.0788479 1.07937e-06 195.01 25.239 0.070585
194.817 25.7577 0.0739421 3.04482e-06 195.01 25.239 0.070585
195.293 26.3677 0.0741673 9.12218e-24 195.01 25.239 0.070585
194.819 25.3444 0.0637995 2.0588e-06 195.01 25.239 0.070585
194.811 25.5556 0.0672111 4.35563e-06 195.01 25.239 0.070585
194.481 25.5637 0.0752841 1.62931e-08 195.01 25.239 0.070585
194.865 25.2941 0.0708276 0.00994349 195.01 25.239 0.070585
194.411 25.3425 0.0871001 2.50468e-08 195.01 25.239 0.070585
194.943 24.5837 0.0821837 1.68351e-13 195.01 25.239 0.070585
194.738 25.2444 0.0772213 0.005497 195.01 25.239 0.070585
195.186 25.7812 0.0596636 1.21456e-11 195.01 25.239 0.070585
195.075 25.1525 0.0722945 0.0597722 195.01 25.239 0.070585
195.117 25.582 0.0799014 0.0063149 195.01 25.239 0.070585
194.656 25.444 0.0860244 0.000154379 195.01 25.239 0.070585
195.263 24.8967 0.0673477 9.6696e-06 195.01 25.239 0.070585
195.184 25.4354 0.0601851 2.12599e-06 195.01 25.239 0.070585
194.927 25.6382 0.0730259 0.00070103 195.01 25.239 0.070585
194.398 25.1991 0.0737421 4.52164e-10 195.01 25.239 0.070585
195.447 25.0101 0.0572036 3.46619e-09 195.01 25.239 0.070585
194.991 25.7431 0.080465 0.000122006 195.01 25.239 0.070585
195.022 25.4419 0.0616069 3.35426e-06 195.01 25.239 0.070585
194.071 25.1447 0.0611124 5.14686e-30 195.01 25.239 0.070585
195.13 25.4193 0.0706116 0.0449893 195.01 25.239 0.070585
195.024 25.1313 0.0830521 0.00285007 195.01 25.239 0.070585
195.325 25.6645 0.073808 4.49734e-05 195.01 25.239 0.070585
195.668 24.9727 0.0555772 6.06523e-13 195.01 25.239 0.070585
195.602 25.1951 0.0789482 8.93213e-09 195.01 25.239 0.070585
195.466 24.6306 0.0701193 6.12574e-13 195.01 25.239 0.070585
194.501 25.3567 0.0749577 4.78431e-07 195.01 25.239 0.070585
194.99 25.3487 0.0500045 7.3183e-16 195.01 25.239 0.070585
194.766 24.793 0.0729749 2.45015e-08 195.01 25.239 0.070585
195.268 25.6705 0.0728761 0.000104745 195.01 25.239 0.070585
194.971 25.2462 0.049135 1.19977e-16 195.01 25.239 0.070585
194.602 25.2841 0.0667294 2.47841e-08 195.01 25.239 0.070585
195.031 25.8389 0.0840466 6.85818e-07 195.01 25.239 0.070585
194.317 26.1194 0.0786168 2.51541e-22 195.01 25.239 0.070585
195.077 25.4428 0.0753875 0.142983 195.01 25.239 0.070585
194.664 25.3466 0.0639447 6.89239e-09 195.01 25.239 0.070585
195.541 25.3676 0.0783749 7.52137e-07 195.01 25.239 0.070585
195.193 25.1787 0.0779515 0.0199812 195.01 25.239 0.070585
