-38.2747 -32.9014 1.3068 6.43593e-06
-37.9813 -33.5493 1.29856 0.00017264
-37.4936 -33.2027 1.30884 3.34249e-05
-38.2042 -33.7644 1.30053 6.02556e-08
-37.8836 -33.1423 1.32696 1.03143e-11
-38.4637 -33.1126 1.32271 4.68959e-14
-38.2286 -33.1277 1.31515 9.59856e-06
-37.9956 -33.6577 1.30431 0.000748478
-38.4105 -33.4819 1.29462 1.33973e-08
-37.359 -33.5294 1.28875 5.08028e-17
-38.1494 -32.7641 1.30985 2.31077e-08
-37.9581 -33.4338 1.30428 0.0932866
-38.2218 -33.2166 1.31133 0.00172788
-37.962 -33.1635 1.31565 0.00044307
-38.3536 -33.234 1.31238 3.0848e-05
-37.6026 -33.7549 1.31093 1.00804e-05
-37.9824 -32.6411 1.31097 4.30283e-11
-37.2733 -33.4158 1.30313 7.29421e-10
-37.7148 -32.9462 1.31021 1.71377e-05
-38.0029 -33.9294 1.30932 7.01877e-07
-37.9182 -33.7212 1.29762 8.71337e-08
-37.8553 -33.5045 1.30058 0.00204057
-38.4829 -32.8531 1.31244 3.55675e-12
-37.4664 -33.2562 1.31043 1.37312e-05
-37.7209 -32.5455 1.29775 1.70626e-09
-38.2153 -33.2649 1.30416 0.020365
-37.8129 -33.4005 1.31102 0.0778472
-38.1298 -33.025 1.31624 7.42603e-07
-37.9485 -32.8775 1.31291 6.20363e-07
-38.1262 -33.5839 1.30879 0.00862075
-37.7842 -33.4136 1.31514 0.0108129
-37.807 -33.4805 1.32427 5.14209e-06
-38.4357 -32.607 1.31667 2.2324e-20
-38.2872 -33.0512 1.31594 8.70686e-08
-37.704 -33.6384 1.33486 6.64236e-13
-37.7642 -33.0888 1.30426 0.0166542
-38.0543 -33.1839 1.31292 0.00453212
-38.1223 -33.5404 1.30521 0.00814592
-38.0292 -33.6542 1.3368 1.70903e-14
-37.6268 -33.2064 1.32823 7.07649e-13
-38.0127 -33.2897 1.3163 0.00231889
-37.9759 -33.7071 1.32091 0.000201328
-37.9755 -33.3453 1.30847 0.24607
-37.5849 -34.0585 1.32547 1.72661e-10
-38.099 -33.2437 1.31314 0.00641979
-37.8769 -32.595 1.31126 1.62644e-12
-38.3186 -33.3601 1.31224 0.000319733
-38.0513 -33.3994 1.30757 0.155758
-38.8491 -33.2604 1.30405 1.12731e-14
-38.0909 -33.4523 1.30573 0.0557951
-38.3614 -33.2297 1.31538 1.75195e-06
-37.7999 -33.2396 1.32163 1.51388e-06
-37.812 -33.5941 1.31092 0.0158769
-38.4225 -33.4882 1.30612 1.56386e-05
-37.6955 -33.5446 1.32909 3.6186e-09
-37.8172 -33.0166 1.32081 2.47745e-09
-38.0454 -33.6202 1.32448 6.55418e-06
-38.4664 -33.3463 1.30426 9.47338e-06
-37.7269 -33.1614 1.30917 0.00764569
-38.131 -33.6876 1.32422 2.2731e-06
-37.6398 -33.4991 1.32108 1.80974e-05
-37.6881 -32.7041 1.29931 4.59082e-07
-37.872 -33.0201 1.31558 6.13601e-06
-37.795 -33.5014 1.31408 0.0199959
-38.3304 -33.0218 1.29792 0.000141018
-38.0701 -32.6802 1.31255 2.54474e-11
-37.7949 -32.9535 1.29645 0.00140334
-38.2159 -33.9099 1.32138 1.26576e-07
-38.2146 -33.3708 1.31933 1.82506e-05
-37.7507 -32.9696 1.30345 0.00174174
-38.2851 -33.1644 1.30672 0.00166116
-37.9669 -33.7099 1.3197 0.000442495
-37.8379 -33.4541 1.31539 0.0171953
-38.3747 -33.1443 1.29227 2.00017e-06
-38.0777 -33.1531 1.32556 6.97775e-11
-37.7639 -33.3083 1.30539 0.0675231
-38.1117 -33.4238 1.31623 0.00338135
-37.7646 -33.1221 1.30631 0.0192955
-37.5818 -33.3044 1.31679 2.54799e-05
-38.0458 -33.5308 1.30551 0.0233947
-37.9758 -33.4523 1.29398 1.72209e-05
-37.652 -33.5192 1.31757 0.000363472
-38.3384 -32.9925 1.30383 5.65192e-05
-38.052 -33.5153 1.31576 0.0102313
-38.1184 -33.6299 1.30907 0.00407499
-38.4819 -33.6136 1.30267 2.65278e-08
-37.7414 -33.5943 1.30016 2.69127e-05
-38.4662 -33.6541 1.31977 6.60492e-09
-38.1466 -33.0522 1.32078 2.02133e-09
-37.8524 -33.2754 1.31093 0.0664948
-37.9403 -33.5774 1.31509 0.0174376
-38.0037 -32.9456 1.31957 8.51068e-10
-38.0487 -33.2744 1.31991 2.74568e-05
-38.0486 -32.9656 1.29544 0.00346268
-38.4792 -32.9827 1.31588 8.85865e-12
-37.8831 -33.161 1.31917 7.11818e-06
-38.2377 -33.4325 1.30299 0.0029834
-37.9839 -32.8714 1.3179 4.0124e-10
-38.0936 -33.1023 1.31083 0.00260129
-38.4637 -33.0928 1.31141 8.0274e-08
