213.18 25.5026 0.0750611 2.58327e-11
213.705 25.5561 0.0698444 0.000220346
213.944 25.9283 0.0747212 0.0417216
213.929 25.774 0.0722738 0.0195529
213.665 26.3821 0.0853757 5.24992e-06
213.761 26.1359 0.0935018 3.42797e-09
213.216 25.4157 0.0649417 3.57041e-13
213.725 25.5312 0.0765149 1.7553e-05
213.698 26.5714 0.0758029 3.55237e-07
214.341 25.8251 0.0928706 2.06667e-18
213.951 26.025 0.0794196 0.00431222
213.63 25.0999 0.07097 1.39258e-14
213.283 25.8097 0.0562983 5.93599e-12
213.868 26.1692 0.0801187 0.00399517
213.404 25.6529 0.0718443 1.41215e-05
213.792 25.1338 0.0969231 6.12788e-29
213.916 26.2476 0.0808514 0.000446105
212.85 26.9407 0.0832931 4.52487e-29
214.081 25.4226 0.0810884 2.9732e-11
213.949 25.5449 0.0821491 3.74745e-08
213.355 25.6121 0.0917467 5.10437e-13
213.857 25.9803 0.0740323 0.144521
213.749 25.5795 0.0618609 4.00832e-05
212.619 26.0267 0.0604689 2.63472e-30
213.666 25.5551 0.0755731 4.98531e-05
213.758 25.6016 0.0828663 1.23125e-06
213.104 25.9979 0.0798286 7.14646e-09
213.777 26.0529 0.0744317 0.157325
213.991 26.3813 0.0886246 3.12014e-09
213.24 25.388 0.0733502 3.25832e-12
213.302 26.0837 0.0797068 2.01971e-05
213.549 25.8015 0.0945682 2.26382e-11
213.543 25.6716 0.099494 1.78733e-17
213.759 25.8439 0.0640667 0.0119616
213.516 25.7042 0.0820887 1.58456e-05
213.996 26.0376 0.0708106 0.0352473
213.986 25.8267 0.0750717 0.00754224
213.369 26.2592 0.0800732 1.91345e-05
213.94 26.0213 0.0849809 3.41804e-05
214.037 25.4436 0.0902321 2.11156e-16
213.687 26.0608 0.0831166 0.00230457
214.001 25.391 0.0754036 9.55763e-09
213.672 26.0595 0.0813018 0.0084662
213.706 25.8233 0.0681275 0.0430434
214.11 25.837 0.0809663 6.36016e-06
213.243 25.4709 0.0569643 4.15657e-15
213.845 25.6937 0.0509406 3.71267e-09
213.371 26.2784 0.0750461 1.88035e-05
213.823 25.856 0.0924968 7.52035e-10
213.964 25.4949 0.0691274 1.53327e-05
213.731 26.418 0.0883045 1.09168e-07
214.099 25.9084 0.0761866 0.000809899
213.685 26.5036 0.0749143 5.45666e-06
213.477 25.1479 0.0720551 1.55896e-14
213.668 25.4268 0.102597 4.75336e-26
213.611 26.1655 0.0961517 7.75345e-11
214.093 25.9903 0.0729236 0.00454598
213.877 26.1669 0.06339 0.00120385
213.593 26.0048 0.0713225 0.0472491
213.905 26.1344 0.0735204 0.0444625
213.898 25.5648 0.0656423 0.000198975
213.597 25.5169 0.0646762 4.10031e-06
213.887 26.0811 0.0739623 0.082397
214.358 25.1884 0.0899292 8.94981e-29
213.769 26.0489 0.0665264 0.0396875
213.517 25.5791 0.0746965 2.0953e-05
214.017 26.2177 0.0864879 4.01405e-07
214.326 26.0834 0.0688865 2.38783e-06
214.453 25.9147 0.0768848 2.72039e-10
213.613 26.0839 0.0671346 0.00791452
213.488 25.3315 0.0753793 2.9026e-10
214.081 25.8877 0.0703673 0.0069702
213.887 25.7938 0.0739703 0.026521
213.726 25.6863 0.0823491 3.16966e-05
213.269 25.8475 0.0626371 1.1009e-08
213.865 25.8784 0.0799257 0.00446909
213.658 26.3538 0.0835234 4.19196e-05
214.041 26.1396 0.0780565 0.000907932
213.524 25.6612 0.0888569 2.98755e-09
213.874 26.5715 0.106071 1.00907e-24
214.067 25.8582 0.0696376 0.00785112
213.996 25.6311 0.0690544 0.000650691
213.766 25.7769 0.0816768 0.000457356
213.686 25.9303 0.0846887 0.000313658
213.616 25.8778 0.0676373 0.0184696
213.448 25.9746 0.0815942 0.000436945
214.227 26.1225 0.0551402 7.54154e-09
213.701 25.9918 0.0633913 0.00467861
213.753 25.9225 0.0673396 0.0807195
213.75 25.2762 0.0697326 2.02391e-09
213.899 25.9842 0.0719449 0.135676
213.753 25.7008 0.0880716 4.52159e-08
213.744 25.3825 0.0585141 5.03129e-09
213.556 26.47 0.0577953 2.14239e-12
214.405 25.8985 0.0604216 2.06737e-08
213.594 25.5684 0.0694086 8.34589e-05
213.256 25.6555 0.0854542 3.86863e-10
213.876 26.3152 0.0636969 3.82831e-05
213.999 25.2069 0.0793739 1.05069e-14
213.743 25.6366 0.0724769 0.00226158
