-27.0579 -14.3636 0.909261 0.0144558 -27.167 -14.39 0.91319
-27.2011 -14.3701 0.906061 0.0023588 -27.167 -14.39 0.91319
-27.4383 -14.6148 0.910432 9.54923e-05 -27.167 -14.39 0.91319
-27.0157 -14.5419 0.913829 0.00369122 -27.167 -14.39 0.91319
-26.9229 -14.7273 0.904633 1.77168e-11 -27.167 -14.39 0.91319
-27.3251 -14.2353 0.918325 0.0139974 -27.167 -14.39 0.91319
-27.2794 -14.7605 0.915827 0.000585628 -27.167 -14.39 0.91319
-27.4443 -14.4282 0.920853 0.0212307 -27.167 -14.39 0.91319
-27.1846 -14.5319 0.908266 0.00110461 -27.167 -14.39 0.91319
-27.2929 -14.5758 0.917613 0.12505 -27.167 -14.39 0.91319
-27.2345 -14.8162 0.89742 1.52049e-21 -27.167 -14.39 0.91319
-26.953 -14.0021 0.908196 1.42798e-05 -27.167 -14.39 0.91319
-27.2191 -14.2955 0.934937 8.74829e-17 -27.167 -14.39 0.91319
-27.1443 -14.9174 0.917649 4.59395e-07 -27.167 -14.39 0.91319
-26.9962 -14.8126 0.926713 1.28257e-08 -27.167 -14.39 0.91319
-27.0039 -14.284 0.923532 2.56024e-07 -27.167 -14.39 0.91319
-27.2899 -14.1301 0.92583 3.42586e-09 -27.167 -14.39 0.91319
-27.6122 -14.8059 0.910279 5.6513e-11 -27.167 -14.39 0.91319
-26.7984 -13.6038 0.921579 4.02218e-25 -27.167 -14.39 0.91319
-27.3546 -14.1083 0.908398 0.00250114 -27.167 -14.39 0.91319
-27.0588 -14.1569 0.910047 0.00683784 -27.167 -14.39 0.91319
-26.5774 -14.3423 0.906959 4.96909e-12 -27.167 -14.39 0.91319
-27.2741 -13.8847 0.907624 5.09832e-06 -27.167 -14.39 0.91319
-26.8527 -13.9914 0.90205 6.32594e-08 -27.167 -14.39 0.91319
-26.4222 -13.9463 0.915914 4.69186e-24 -27.167 -14.39 0.91319
-27.6007 -14.4544 0.905834 2.56213e-08 -27.167 -14.39 0.91319
-26.6491 -13.829 0.909262 6.06142e-15 -27.167 -14.39 0.91319
-27.5093 -14.3106 0.913841 0.00958063 -27.167 -14.39 0.91319
-26.9488 -14.5484 0.917277 0.000297818 -27.167 -14.39 0.91319
-26.9095 -14.3394 0.903701 3.74681e-06 -27.167 -14.39 0.91319
-27.2246 -14.2463 0.905427 0.0028877 -27.167 -14.39 0.91319
-27.1875 -14.1667 0.91337 0.0294344 -27.167 -14.39 0.91319
-27.0494 -14.275 0.924179 2.9849e-07 -27.167 -14.39 0.91319
-27.6191 -14.4478 0.908081 5.35089e-07 -27.167 -14.39 0.91319
-27.021 -14.9512 0.895878 5.28839e-29 -27.167 -14.39 0.91319
-27.7099 -14.1557 0.906476 1.97246e-09 -27.167 -14.39 0.91319
-26.8047 -14.5277 0.899858 7.20523e-13 -27.167 -14.39 0.91319
-26.925 -14.2467 0.894638 1.85928e-12 -27.167 -14.39 0.91319
-26.9973 -14.3869 0.894118 1.45304e-14 -27.167 -14.39 0.91319
-26.7739 -14.8378 0.929749 3.3956e-16 -27.167 -14.39 0.91319
-27.7416 -14.3771 0.908241 3.12758e-09 -27.167 -14.39 0.91319
-27.0278 -14.473 0.889861 2.01155e-22 -27.167 -14.39 0.91319
-27.6606 -14.8197 0.902221 3.29244e-21 -27.167 -14.39 0.91319
-27.3069 -13.8356 0.913772 2.74606e-08 -27.167 -14.39 0.91319
-27.1121 -14.5075 0.892767 8.02791e-19 -27.167 -14.39 0.91319
-27.3202 -14.2117 0.91998 0.00155056 -27.167 -14.39 0.91319
-27.4028 -14.5921 0.901217 9.34393e-12 -27.167 -14.39 0.91319
-27.0901 -14.5969 0.909901 0.000413785 -27.167 -14.39 0.91319
-26.5131 -14.3549 0.911655 4.73515e-14 -27.167 -14.39 0.91319
-27.1189 -13.9458 0.912606 1.05527e-05 -27.167 -14.39 0.91319
-27.3987 -14.5605 0.915688 0.0554396 -27.167 -14.39 0.91319
-27.6687 -14.9284 0.89901 3.5626e-30 -27.167 -14.39 0.91319
-26.9947 -14.3492 0.891036 5.20874e-18 -27.167 -14.39 0.91319
-27.3761 -14.8591 0.896098 1.31255e-26 -27.167 -14.39 0.91319
-27.2243 -13.9606 0.923166 2.75219e-11 -27.167 -14.39 0.91319
-27.1689 -14.548 0.915445 0.0833716 -27.167 -14.39 0.91319
-27.2916 -14.5813 0.902096 1.5918e-09 -27.167 -14.39 0.91319
-27.0982 -14.4692 0.897926 2.79335e-11 -27.167 -14.39 0.91319
-27.5963 -14.7757 0.898071 2.00717e-24 -27.167 -14.39 0.91319
-27.2472 -14.3387 0.914569 0.36924 -27.167 -14.39 0.91319
-27.136 -14.184 0.91723 0.00241138 -27.167 -14.39 0.91319
-27.048 -14.3037 0.926547 6.28677e-09 -27.167 -14.39 0.91319
-27.0213 -14.5408 0.921993 0.000163295 -27.167 -14.39 0.91319
-27.6039 -14.378 0.91258 0.000269757 -27.167 -14.39 0.91319
-27.192 -14.3573 0.920971 0.00735256 -27.167 -14.39 0.91319
-27.5903 -14.4993 0.904083 3.43761e-10 -27.167 -14.39 0.91319
-26.9521 -14.1424 0.931031 2.51333e-19 -27.167 -14.39 0.91319
-26.7534 -14.4628 0.909702 1.28836e-07 -27.167 -14.39 0.91319
-27.4475 -14.5851 0.907888 5.05682e-06 -27.167 -14.39 0.91319
-27.3776 -14.2177 0.914218 0.0417199 -27.167 -14.39 0.91319
-27.5195 -14.7679 0.916152 2.1131e-05 -27.167 -14.39 0.91319
-27.4509 -14.6768 0.917534 0.00399761 -27.167 -14.39 0.91319
-27.4015 -14.1673 0.911722 0.0107052 -27.167 -14.39 0.91319
-27.1378 -14.0605 0.913252 0.000903982 -27.167 -14.39 0.91319
-27.2996 -13.9917 0.907639 0.000204431 -27.167 -14.39 0.91319
-27.6395 -14.4772 0.917452 0.000343131 -27.167 -14.39 0.91319
-27.6297 -14.1575 0.909015 1.68792e-06 -27.167 -14.39 0.91319
-27.0821 -14.2565 0.912237 0.0420443 -27.167 -14.39 0.91319
-27.0099 -14.0293 0.923966 1.49425e-12 -27.167 -14.39 0.91319
-27.2354 -14.612 0.923539 0.00390182 -27.167 -14.39 0.91319
-26.9592 -14.4471 0.91743 0.000755405 -27.167 -14.39 0.91319
-27.2269 -14.2653 0.898075 9.66707e-09 -27.167 -14.39 0.91319
-27.4735 -14.9733 0.890498 3.80095e-44 -27.167 -14.39 0.91319
-26.9804 -14.5345 0.904731 6.46835e-07 -27.167 -14.39 0.91319
-27.1919 -14.5019 0.924166 0.000996042 -27.167 -14.39 0.91319
-27.4169 -14.6542 0.922229 0.00775728 -27.167 -14.39 0.91319
-27.213 -14.3503 0.907691 0.0174782 -27.167 -14.39 0.91319
-27.3376 -14.4316 0.924735 0.000839401 -27.167 -14.39 0.91319
-27.0693 -14.4305 0.908541 0.00475143 -27.167 -14.39 0.91319
-27.4833 -14.7427 0.907777 1.53547e-09 -27.167 -14.39 0.91319
-27.54 -14.2942 0.896663 1.0482e-14 -27.167 -14.39 0.91319
-26.7915 -14.4908 0.91165 1.03681e-06 -27.167 -14.39 0.91319
-27.1875 -14.2743 0.908336 0.0397931 -27.167 -14.39 0.91319
-27.4473 -14.18 0.926756 5.62481e-09 -27.167 -14.39 0.91319
-27.0417 -13.5172 0.903084 3.84433e-12 -27.167 -14.39 0.91319
-27.0902 -14.2627 0.911944 0.0516565 -27.167 -14.39 0.91319
-27.4197 -14.6405 0.919993 0.0177541 -27.167 -14.39 0.91319
-27.8962 -14.4064 0.926897 4.45018e-12 -27.167 -14.39 0.91319
-26.9258 -14.0685 0.898192 1.3661e-08 -27.167 -14.39 0.91319
-27.2 -14.6346 0.907514 1.16823e-05 -27.167 -14.39 0.91319
