-41.6434 -47.7844 1.56217 0.000918955
-41.6208 -48.0304 1.56633 0.000104901
-41.3082 -47.6309 1.57141 6.0691e-06
-40.6538 -48.0099 1.57488 2.03935e-08
-40.5013 -47.9124 1.56321 1.57981e-09
-41.3334 -47.649 1.56846 0.000116362
-41.3384 -47.4753 1.55116 0.0573275
-41.0537 -48.2362 1.58558 1.3216e-09
-40.9531 -47.5297 1.56168 9.96627e-05
-41.1287 -47.2893 1.55366 0.000181423
-40.8847 -47.2227 1.52895 5.44066e-11
-41.3076 -48.1423 1.57883 4.90274e-07
-40.598 -47.4628 1.56647 1.36221e-10
-42.1783 -47.5577 1.54026 4.74271e-08
-41.2033 -47.3425 1.57124 2.73155e-09
-41.2068 -47.2702 1.54803 0.00101729
-41.2084 -47.8525 1.5641 0.0163318
-40.8919 -48.0785 1.57971 1.18793e-07
-40.5355 -48.0322 1.57785 1.02232e-10
-41.0455 -47.9947 1.5701 0.000403373
-40.6763 -47.645 1.56688 7.11739e-08
-41.1269 -47.8688 1.57384 3.01567e-05
-41.339 -48.1166 1.56014 0.00830173
-40.8706 -47.4544 1.56486 7.08607e-07
-41.6621 -47.8901 1.563 0.000473239
-41.4062 -47.7865 1.56031 0.0492387
-42.188 -47.4426 1.57328 4.86492e-21
-41.4339 -48.2493 1.56077 0.000408172
-40.7881 -47.8165 1.56005 4.75804e-05
-40.9951 -48.2941 1.56477 2.95316e-05
-41.1719 -47.4023 1.56512 7.79202e-06
-41.1713 -47.8964 1.57318 7.06517e-05
-40.7125 -48.013 1.55808 1.29842e-06
-41.0219 -47.8932 1.5841 5.91314e-10
-40.7804 -47.8651 1.53129 5.58302e-14
-41.125 -48.0332 1.57271 0.00014189
-41.4412 -47.7718 1.55392 0.193532
-41.5925 -47.5141 1.58456 7.64214e-18
-41.2483 -47.3904 1.56091 0.000168072
-41.2825 -48.1992 1.57267 5.16866e-05
-40.9187 -48.1868 1.5823 1.7925e-08
-41.3519 -48.2968 1.57233 1.09177e-05
-41.5066 -47.3537 1.56442 8.25414e-07
-41.1495 -47.5134 1.5613 0.00120335
-41.2179 -47.9696 1.57463 3.1148e-05
-40.528 -47.9145 1.57829 2.6519e-11
-41.3309 -47.8118 1.56435 0.0122221
-40.3815 -47.8351 1.55903 3.44179e-12
-41.2939 -48.0091 1.55549 0.0374507
-41.7818 -47.3755 1.56551 1.36344e-09
-41.2884 -47.8064 1.57018 0.000295885
-41.2043 -47.7301 1.56653 0.00197819
-41.0925 -47.6532 1.55725 0.0182473
-41.0791 -47.8265 1.57713 7.4797e-07
-41.3475 -47.7876 1.57032 0.00015146
-40.5602 -47.737 1.57161 5.79896e-10
-41.6426 -48.1906 1.56809 5.14318e-06
-41.4326 -47.7307 1.57133 1.19236e-05
-41.0626 -47.6226 1.56932 2.4407e-05
-41.0745 -47.7404 1.55275 0.0225933
-41.0729 -47.4342 1.57433 1.25258e-09
-41.4361 -47.6624 1.55436 0.152566
-41.2195 -47.9818 1.54618 0.00167402
-41.3775 -47.8133 1.55976 0.0723772
-41.0643 -47.7089 1.5544 0.0206423
-41.4298 -47.6767 1.59177 1.28309e-19
-40.9799 -47.8544 1.55478 0.00364776
-41.8295 -47.5583 1.55552 8.50888e-05
-41.4783 -47.7159 1.54588 0.121424
-41.5297 -47.9926 1.55465 0.0197637
-41.2238 -47.8461 1.55235 0.0913861
-41.2827 -47.9969 1.55146 0.0203003
-41.0414 -48.1601 1.57223 6.44837e-05
-41.1202 -47.7956 1.5667 0.00225488
-40.6381 -47.9571 1.57003 9.43184e-08
-40.9681 -47.5813 1.55925 0.000715871
-41.5285 -48.0356 1.57478 9.39894e-07
-40.4087 -48.1241 1.57758 1.14753e-12
-41.3388 -48.3385 1.57684 3.89002e-07
-40.958 -46.9793 1.55395 2.18945e-10
-41.6725 -47.8486 1.56863 5.603e-06
-40.5617 -47.6553 1.57219 1.04897e-10
-41.5364 -47.6998 1.58408 3.25134e-14
-40.892 -47.9643 1.5814 1.22748e-08
-41.3742 -47.6737 1.56083 0.0226801
-40.6961 -48.1432 1.56934 3.06617e-07
-41.0443 -47.727 1.57895 1.50569e-08
-41.3399 -47.9683 1.56908 0.00108149
-40.5218 -47.6427 1.55528 8.22625e-10
-40.4709 -47.223 1.5643 1.38828e-15
-41.7281 -47.5564 1.55584 0.000817673
-41.2575 -48.0573 1.53453 1.54163e-08
-41.0121 -47.8378 1.57999 3.09096e-08
-41.22 -47.263 1.53641 0.000148869
-41.283 -47.482 1.55209 0.0433634
-41.5135 -47.4842 1.56217 0.000159554
-41.339 -47.6988 1.57616 1.01287e-07
-41.5437 -47.6676 1.5852 1.56474e-15
-41.3037 -47.5432 1.53623 0.00159661
-41.0532 -48.3346 1.57351 4.48096e-06
