218.45 26.2812 0.0806145 7.06343e-05 218.88 26.378 0.071153
218.678 26.4579 0.0781645 0.0934311 218.88 26.378 0.071153
219.211 26.7293 0.0651017 2.97167e-07 218.88 26.378 0.071153
218.978 26.1074 0.0570133 4.43068e-10 218.88 26.378 0.071153
218.816 26.9672 0.0790472 3.25934e-06 218.88 26.378 0.071153
219.223 26.4255 0.0809468 3.76836e-06 218.88 26.378 0.071153
218.701 25.8695 0.0839301 5.45387e-11 218.88 26.378 0.071153
218.497 26.7866 0.0889446 3.71573e-08 218.88 26.378 0.071153
218.611 26.5163 0.0918093 3.7387e-08 218.88 26.378 0.071153
218.669 26.7063 0.0853976 0.00010259 218.88 26.378 0.071153
219.63 26.9131 0.0806528 1.08336e-19 218.88 26.378 0.071153
219.2 26.7494 0.0519074 3.50965e-17 218.88 26.378 0.071153
218.721 26.6739 0.0733045 0.021732 218.88 26.378 0.071153
218.964 26.5726 0.0697375 0.0223811 218.88 26.378 0.071153
218.167 26.3088 0.066099 5.34268e-13 218.88 26.378 0.071153
218.935 26.2948 0.0588941 2.83066e-07 218.88 26.378 0.071153
218.621 26.4495 0.0616835 7.48781e-07 218.88 26.378 0.071153
218.644 25.9444 0.0682314 8.43954e-08 218.88 26.378 0.071153
219.215 26.3075 0.0788465 9.28619e-06 218.88 26.378 0.071153
218.77 26.761 0.0678369 0.000141321 218.88 26.378 0.071153
219.262 27.1096 0.0637158 6.17999e-16 218.88 26.378 0.071153
219.129 26.7784 0.072595 4.63123e-05 218.88 26.378 0.071153
219.214 26.7237 0.0584425 4.84243e-11 218.88 26.378 0.071153
219.133 26.5851 0.0696791 0.000970281 218.88 26.378 0.071153
219.079 26.8609 0.0824318 3.99838e-07 218.88 26.378 0.071153
218.606 26.1268 0.0901325 4.62728e-10 218.88 26.378 0.071153
218.54 26.9069 0.0691921 4.43301e-08 218.88 26.378 0.071153
218.183 26.5933 0.0653165 2.34694e-13 218.88 26.378 0.071153
218.618 26.5333 0.0732722 0.0314953 218.88 26.378 0.071153
218.464 26.5779 0.0804628 0.000533964 218.88 26.378 0.071153
218.511 26.5606 0.075376 0.00378711 218.88 26.378 0.071153
218.537 25.6518 0.0697599 8.8025e-16 218.88 26.378 0.071153
219.276 26.1329 0.0756344 1.29948e-07 218.88 26.378 0.071153
218.739 26.4499 0.0774079 0.18153 218.88 26.378 0.071153
218.174 26.8734 0.0667875 6.13847e-16 218.88 26.378 0.071153
219.771 26.3972 0.0655695 1.91445e-18 218.88 26.378 0.071153
218.899 27.4245 0.0767964 5.41957e-19 218.88 26.378 0.071153
219.103 26.1165 0.0738113 4.91511e-05 218.88 26.378 0.071153
218.92 26.6478 0.0691498 0.00725117 218.88 26.378 0.071153
218.557 26.8488 0.0908982 1.24393e-09 218.88 26.378 0.071153
218.648 26.313 0.0900185 1.24684e-07 218.88 26.378 0.071153
218.424 26.7314 0.0755195 1.79189e-05 218.88 26.378 0.071153
218.698 26.1378 0.0761739 0.00125377 218.88 26.378 0.071153
219.023 26.6223 0.0733434 0.0153295 218.88 26.378 0.071153
218.972 26.527 0.0663174 0.00304035 218.88 26.378 0.071153
218.729 26.1947 0.0738029 0.00897426 218.88 26.378 0.071153
218.36 26.4981 0.0645413 3.41815e-09 218.88 26.378 0.071153
218.664 26.9307 0.0664756 1.46869e-08 218.88 26.378 0.071153
218.9 26.8456 0.0778105 0.000276361 218.88 26.378 0.071153
219.143 26.3397 0.0863459 3.19276e-08 218.88 26.378 0.071153
219.293 26.3046 0.0847255 3.50083e-10 218.88 26.378 0.071153
219.114 26.0605 0.0905136 1.34452e-14 218.88 26.378 0.071153
218.571 26.3931 0.0704156 0.00346558 218.88 26.378 0.071153
218.999 26.8072 0.0778944 0.000225189 218.88 26.378 0.071153
218.519 26.6259 0.0743141 0.00173855 218.88 26.378 0.071153
218.459 26.5408 0.0803777 0.000603937 218.88 26.378 0.071153
218.726 27.1497 0.0750135 2.01545e-10 218.88 26.378 0.071153
219.123 26.8189 0.0632573 1.97464e-08 218.88 26.378 0.071153
218.787 26.4665 0.0813295 0.0293952 218.88 26.378 0.071153
218.648 26.6668 0.0774449 0.0158677 218.88 26.378 0.071153
218.949 26.7283 0.0758478 0.00609636 218.88 26.378 0.071153
218.605 26.4937 0.0839986 0.00126108 218.88 26.378 0.071153
218.949 26.6338 0.0631692 2.49195e-05 218.88 26.378 0.071153
219.391 26.477 0.0691743 1.7513e-07 218.88 26.378 0.071153
218.837 27.2631 0.0817786 6.7782e-14 218.88 26.378 0.071153
218.943 26.4904 0.0764114 0.113474 218.88 26.378 0.071153
218.786 26.8458 0.073533 0.000352285 218.88 26.378 0.071153
218.322 26.4341 0.0669619 1.71379e-08 218.88 26.378 0.071153
218.858 26.4316 0.0920691 5.43392e-09 218.88 26.378 0.071153
218.826 26.6915 0.0835658 0.000764372 218.88 26.378 0.071153
218.262 26.7633 0.0651025 3.71246e-13 218.88 26.378 0.071153
218.574 26.552 0.0716084 0.00531572 218.88 26.378 0.071153
218.861 26.6273 0.06917 0.0125686 218.88 26.378 0.071153
218.672 27.1842 0.0770834 2.13357e-11 218.88 26.378 0.071153
218.529 26.1789 0.0813616 3.00834e-05 218.88 26.378 0.071153
218.391 26.1291 0.0834969 3.29694e-08 218.88 26.378 0.071153
218.381 26.464 0.0725929 2.94941e-05 218.88 26.378 0.071153
218.536 27.2397 0.0781928 6.27173e-14 218.88 26.378 0.071153
218.484 25.8742 0.0572652 1.75477e-17 218.88 26.378 0.071153
218.643 26.2404 0.0739178 0.00861722 218.88 26.378 0.071153
218.788 26.503 0.0818866 0.0198184 218.88 26.378 0.071153
219.067 26.2012 0.0716989 0.00117276 218.88 26.378 0.071153
219.096 25.9484 0.0731583 1.12891e-07 218.88 26.378 0.071153
219.119 26.7993 0.0782519 1.42932e-05 218.88 26.378 0.071153
219.122 26.767 0.0729329 7.95889e-05 218.88 26.378 0.071153
219.532 26.237 0.0675686 1.11861e-11 218.88 26.378 0.071153
218.63 26.2806 0.0843043 0.000136752 218.88 26.378 0.071153
218.762 26.3451 0.0732041 0.132052 218.88 26.378 0.071153
219.081 26.3183 0.0639916 8.76651e-05 218.88 26.378 0.071153
218.753 26.546 0.0744318 0.19134 218.88 26.378 0.071153
218.796 26.2769 0.0579314 1.87987e-08 218.88 26.378 0.071153
218.984 26.4239 0.0630089 0.000143021 218.88 26.378 0.071153
218.864 26.4813 0.0798567 0.0559611 218.88 26.378 0.071153
218.696 26.6814 0.0645219 1.04799e-05 218.88 26.378 0.071153
218.36 26.4441 0.0828079 7.69533e-06 218.88 26.378 0.071153
218.823 26.529 0.0667584 0.0059597 218.88 26.378 0.071153
218.667 26.1226 0.0728988 0.000585948 218.88 26.378 0.071153
218.678 27.1976 0.0596729 5.06985e-20 218.88 26.378 0.071153
218.796 26.5834 0.0648599 0.000359103 218.88 26.378 0.071153
218.959 26.5541 0.0869307 9.25139e-06 218.88 26.378 0.071153
