222.196 26.4357 0.0596107 1.02192e-05
222.615 26.4256 0.0857187 3.56117e-12
222.091 26.88 0.0720399 0.102586
222.493 26.2748 0.0770311 7.048e-08
222.183 26.6603 0.0953137 5.48837e-11
221.862 26.5901 0.077535 0.0321262
222.324 27.058 0.0662591 7.19724e-05
222.103 26.4865 0.0772466 0.0283678
221.798 26.8003 0.0739893 0.0134288
222.486 27.1709 0.0622273 6.21041e-09
222.102 26.6004 0.0984876 2.51891e-13
222.138 26.3476 0.0838862 1.06838e-05
222.498 26.5718 0.0724981 0.00027631
222.556 26.5081 0.0674653 1.91543e-05
222.617 26.7529 0.0644493 3.19364e-06
222.514 26.5027 0.0833432 3.58644e-08
222.676 26.6483 0.0827005 2.10362e-10
222.076 26.5409 0.0679646 0.0340549
222.494 26.5509 0.0869248 1.54271e-09
221.982 26.379 0.0746887 0.00403268
222.462 26.9683 0.0637186 1.18685e-05
222.449 26.1932 0.070825 1.09852e-07
222.354 26.6218 0.0924445 7.36722e-11
221.893 26.7263 0.083326 0.00582887
222.242 26.693 0.0760749 0.0800632
221.78 26.5491 0.0848146 0.000166321
222.394 26.5316 0.0843131 1.44698e-06
222.172 26.497 0.0460695 1.68708e-15
222.836 26.8289 0.0660092 1.6222e-10
222 26.5805 0.0684112 0.0382969
222.446 26.8591 0.0729485 0.000955561
221.47 27.1463 0.0819321 2.6053e-10
222.415 26.9842 0.081575 3.01861e-06
222.917 26.9208 0.0652233 4.11112e-13
222.284 26.8975 0.05531 6.21688e-08
222.233 26.3115 0.0778342 8.98992e-05
222.114 26.7752 0.0817071 0.0156062
222.327 26.4993 0.0849286 2.99755e-06
222.135 27.2743 0.0904086 7.32077e-12
222.332 26.6688 0.067299 0.0156052
222.126 26.8689 0.0921943 2.73629e-08
222.088 26.5291 0.0695542 0.0585733
222.721 26.9822 0.0600064 1.69432e-10
221.552 26.4644 0.0795621 1.30987e-06
222.716 26.2164 0.0354487 1.12862e-31
222.071 26.5968 0.0750532 0.217449
221.993 26.0915 0.0635332 1.34927e-09
222.514 26.7414 0.0812687 1.97644e-06
221.983 25.863 0.0752161 2.26565e-13
222.432 26.632 0.0771264 0.000609901
222.296 26.5283 0.0765721 0.00759437
222.08 26.7571 0.0756307 0.294111
222.02 26.1788 0.0810092 5.79461e-07
222.61 26.5104 0.0928057 1.01164e-16
222.053 26.4037 0.076118 0.00787004
222.17 26.5591 0.0609471 0.000262744
222.411 25.9564 0.0809442 1.83826e-14
222.329 26.1201 0.0799922 2.10924e-09
222.668 27.1132 0.0799393 1.49334e-11
222.449 26.5841 0.0866094 2.13551e-08
222.477 26.5688 0.0620721 3.00226e-05
222.335 26.3996 0.0591814 1.572e-06
222.428 26.6015 0.077033 0.000574031
222.189 26.4478 0.0771898 0.00721008
222.735 26.8375 0.0798153 1.34424e-10
222.176 26.3264 0.0823845 1.4108e-05
221.563 26.422 0.0759471 8.95339e-07
222.197 26.3425 0.0609414 4.77876e-06
222.326 26.4589 0.0722308 0.00392839
222.034 26.4698 0.0700286 0.0216029
222.537 26.6424 0.0813505 6.0068e-07
222.01 26.1676 0.0519035 4.69871e-15
222.16 27.0342 0.0668534 0.00068087
222.316 26.5734 0.0879394 2.33742e-07
221.958 26.4731 0.0640006 0.000239452
222.6 26.7931 0.0763815 2.1045e-06
222.663 26.4481 0.0624361 2.41019e-08
222.642 26.384 0.0430406 1.72113e-20
221.883 26.5501 0.0614095 1.04846e-05
221.862 26.8574 0.0840562 0.00124793
221.827 26.7154 0.0655509 0.000425261
221.955 26.1431 0.072872 8.6574e-07
222.187 26.5088 0.0812175 0.00218019
222.563 26.9257 0.0763989 2.02569e-06
221.752 26.7464 0.0645616 1.83448e-05
221.536 26.7473 0.0859778 5.24206e-07
222.434 26.5621 0.0642802 0.000297718
222.632 26.7876 0.0547639 3.48954e-10
221.686 26.7503 0.0786993 0.00116396
222.203 26.5574 0.0830344 0.00075075
222.079 26.1383 0.0792686 2.50893e-07
222.532 27.0331 0.0781224 2.48346e-07
222.288 26.3911 0.0744285 0.00124797
222.741 26.4463 0.0810587 2.76159e-12
222.349 26.1581 0.078043 2.83251e-08
222.207 26.9504 0.0557217 4.40815e-08
222.195 26.2907 0.0737804 0.000269419
222.507 26.7461 0.0892336 7.60548e-11
222.67 26.705 0.0862989 2.63824e-12
222.63 26.3612 0.0702286 6.89843e-08
