23.089 8.90986 0.20486 0.000998258
23.7251 9.44676 0.187372 9.14814e-10
22.9298 9.12958 0.213553 1.41135e-05
23.2332 9.33672 0.181622 3.07009e-19
22.6908 8.57557 0.201676 4.15653e-18
22.9961 8.73104 0.194013 3.83683e-12
23.5896 8.92257 0.205751 0.0143562
23.0628 9.39578 0.200534 8.37657e-09
23.602 8.75653 0.178242 7.39419e-14
23.726 8.42543 0.201837 5.21924e-10
23.1851 9.07052 0.207905 0.0190182
22.8811 9.60417 0.193914 2.51652e-22
23.2396 9.07451 0.198634 0.00168497
23.0486 9.08626 0.191356 1.07906e-11
23.446 9.01937 0.18861 4.53938e-06
23.0202 9.40274 0.198627 1.0299e-10
23.4541 8.97367 0.20126 0.192439
22.9067 9.06073 0.19938 1.95177e-09
22.8188 8.45698 0.207924 4.09986e-14
23.6046 9.2896 0.205315 0.000248371
23.2529 9.2502 0.204895 0.00253865
22.9108 9.18623 0.204106 1.02431e-07
22.8194 8.7229 0.211551 1.00371e-08
22.6205 9.03468 0.213534 2.007e-11
22.9841 9.4176 0.209742 3.26431e-08
22.9268 8.76666 0.200072 1.49384e-09
23.4264 9.09559 0.186345 3.31964e-08
23.6196 8.50899 0.207013 2.50305e-08
22.7396 8.62662 0.202322 2.89443e-15
23.0411 9.09905 0.210936 0.000630253
23.2856 9.10832 0.21778 1.66161e-05
22.5521 8.65621 0.215894 1.63781e-15
23.272 9.13657 0.186625 6.85793e-11
22.481 8.86987 0.192597 3.61697e-32
23.2154 9.09622 0.176494 6.45155e-24
23.4857 8.99456 0.181972 7.87784e-11
23.3788 8.89807 0.195663 0.00326876
23.1484 8.99434 0.198607 0.000118114
23.1031 8.91531 0.209951 0.0032492
23.196 9.50749 0.196981 2.00942e-10
23.051 8.68691 0.208008 9.66022e-06
22.8796 8.20364 0.183874 1.83356e-38
23.3246 8.90465 0.204951 0.0912924
22.9952 9.17481 0.203273 3.31439e-06
23.0742 8.75266 0.188365 1.05108e-14
23.167 8.94365 0.179305 2.87341e-21
23.4409 8.42995 0.217521 1.31652e-13
23.5198 9.02075 0.201604 0.16869
23.8757 8.44485 0.211695 2.81408e-17
22.9963 8.82945 0.207457 4.43448e-05
23.6584 9.11785 0.195117 0.00879518
23.1623 8.83216 0.194592 4.61115e-07
22.8752 8.92728 0.193914 2.18697e-14
23.9606 9.23854 0.196066 8.76818e-07
22.766 8.99286 0.208034 5.64241e-09
23.2185 8.4786 0.189787 2.15309e-14
23.3591 9.44848 0.213293 9.15261e-08
23.3419 8.89479 0.202727 0.0798176
23.3609 8.40268 0.198042 6.42703e-10
23.4512 8.73369 0.18937 7.0691e-07
22.8407 9.99989 0.20706 3.81418e-27
23.3239 9.22512 0.198028 0.000754664
23.4244 9.04832 0.205181 0.148252
22.8574 8.69829 0.198466 3.69779e-13
23.534 9.05396 0.191355 0.000727721
23.2519 8.98232 0.196739 0.000584456
22.9758 9.59311 0.206519 1.16399e-12
23.3846 8.64198 0.195258 9.02598e-06
23.1786 8.59713 0.221973 5.97116e-11
23.0717 9.23865 0.20166 5.35723e-06
23.457 8.85298 0.200205 0.0598392
23.7387 8.76212 0.208221 1.41831e-06
22.5205 9.18213 0.187001 1.9504e-38
23.0248 8.93775 0.212769 0.000397105
22.5867 9.22637 0.212928 1.4549e-13
23.6491 9.03094 0.180206 1.76268e-10
22.7983 9.42092 0.21116 2.22535e-11
23.4268 9.03326 0.204037 0.190567
23.666 8.93462 0.214062 1.11248e-07
23.2648 8.58893 0.203391 1.42183e-05
23.4605 8.79275 0.214511 9.19633e-06
23.0229 8.98414 0.214088 0.000285475
23.1811 8.37619 0.199911 6.18578e-12
23.7309 9.0751 0.199226 0.00807435
23.5044 9.39249 0.190667 7.27457e-08
23.5142 8.45442 0.193592 3.82996e-09
23.2586 7.82462 0.20493 1.00202e-31
22.634 9.00548 0.197553 1.2674e-19
23.5828 8.92714 0.189453 0.000162723
23.1357 8.40863 0.199575 7.06455e-12
23.2192 8.66595 0.204157 0.000130123
23.0695 8.8664 0.19636 1.20359e-07
23.0549 8.54602 0.227549 1.1096e-15
23.7428 9.21919 0.228278 5.40704e-26
23.1935 8.75547 0.205394 0.0013272
23.2095 8.9976 0.187063 2.39014e-11
23.095 9.19465 0.19752 5.0952e-07
23.7596 9.16102 0.196246 0.00161381
23.3111 9.05261 0.191257 3.40377e-06
23.0966 9.19944 0.186181 3.7433e-16
