275.729 -3.03581 4.30847 1.12967e-05 276.01 -3.5108 4.3182
276.164 -3.60203 4.319 0.0319521 276.01 -3.5108 4.3182
275.419 -3.28078 4.31406 5.24131e-08 276.01 -3.5108 4.3182
276.056 -3.88373 4.28885 9.30286e-10 276.01 -3.5108 4.3182
276.071 -4.02723 4.30768 1.21645e-06 276.01 -3.5108 4.3182
275.636 -3.07557 4.30072 1.20438e-05 276.01 -3.5108 4.3182
276.365 -3.5451 4.31984 0.00421291 276.01 -3.5108 4.3182
275.663 -2.82351 4.30614 3.42321e-10 276.01 -3.5108 4.3182
276.423 -4.02522 4.31856 5.59216e-09 276.01 -3.5108 4.3182
275.505 -3.46008 4.29433 0.00422534 276.01 -3.5108 4.3182
275.575 -2.92762 4.30004 1.2095e-08 276.01 -3.5108 4.3182
275.695 -3.47827 4.2934 0.00561104 276.01 -3.5108 4.3182
275.754 -3.41672 4.31504 0.00754559 276.01 -3.5108 4.3182
275.391 -3.10225 4.30583 5.27387e-08 276.01 -3.5108 4.3182
275.663 -3.75502 4.29433 0.00244947 276.01 -3.5108 4.3182
275.914 -3.19997 4.32523 5.90291e-05 276.01 -3.5108 4.3182
275.721 -2.77493 4.32601 2.74311e-14 276.01 -3.5108 4.3182
276.23 -3.21212 4.31341 0.00101208 276.01 -3.5108 4.3182
276.315 -3.73242 4.27049 4.43814e-30 276.01 -3.5108 4.3182
275.75 -3.3537 4.31466 0.00517733 276.01 -3.5108 4.3182
275.298 -3.25066 4.29787 2.07196e-06 276.01 -3.5108 4.3182
275.689 -3.52958 4.31217 0.00786188 276.01 -3.5108 4.3182
275.628 -3.18191 4.30445 0.000340255 276.01 -3.5108 4.3182
276.061 -3.41303 4.31789 0.0866856 276.01 -3.5108 4.3182
275.665 -3.27118 4.30913 0.00209958 276.01 -3.5108 4.3182
275.077 -2.44717 4.30464 1.50353e-30 276.01 -3.5108 4.3182
275.937 -3.53742 4.31937 0.0212304 276.01 -3.5108 4.3182
275.909 -3.48856 4.31364 0.121264 276.01 -3.5108 4.3182
274.815 -4.44897 4.31261 6.75462e-40 276.01 -3.5108 4.3182
275.531 -3.25471 4.30355 0.000342326 276.01 -3.5108 4.3182
275.159 -3.1974 4.29949 1.53482e-09 276.01 -3.5108 4.3182
275.51 -3.89666 4.29133 4.24303e-05 276.01 -3.5108 4.3182
275.496 -3.17191 4.30283 2.41078e-05 276.01 -3.5108 4.3182
275.609 -3.47164 4.31044 0.00272186 276.01 -3.5108 4.3182
275.666 -3.97197 4.33051 1.7726e-15 276.01 -3.5108 4.3182
275.476 -3.83407 4.31377 3.38898e-08 276.01 -3.5108 4.3182
276.788 -3.7964 4.30662 3.22482e-17 276.01 -3.5108 4.3182
275.63 -2.73307 4.29722 2.03415e-13 276.01 -3.5108 4.3182
275.598 -3.31289 4.3113 0.000379912 276.01 -3.5108 4.3182
276.306 -3.97128 4.32979 2.35303e-08 276.01 -3.5108 4.3182
275.295 -3.70711 4.3223 9.53789e-16 276.01 -3.5108 4.3182
275.657 -3.5921 4.28596 0.000102949 276.01 -3.5108 4.3182
275.342 -3.60254 4.31183 3.37489e-08 276.01 -3.5108 4.3182
276.472 -2.86437 4.30569 3.18621e-15 276.01 -3.5108 4.3182
275.882 -3.46218 4.31947 0.0109664 276.01 -3.5108 4.3182
275.203 -3.28341 4.28381 2.7223e-07 276.01 -3.5108 4.3182
276.092 -3.46648 4.29199 2.65807e-07 276.01 -3.5108 4.3182
275.846 -3.96882 4.29806 1.4496e-05 276.01 -3.5108 4.3182
275.062 -3.15925 4.29523 4.51319e-11 276.01 -3.5108 4.3182
275.978 -3.52819 4.29471 0.000192742 276.01 -3.5108 4.3182
275.6 -4.02981 4.32832 1.29482e-16 276.01 -3.5108 4.3182
275.944 -3.8614 4.32379 3.36471e-06 276.01 -3.5108 4.3182
276.204 -3.35595 4.31034 0.0051687 276.01 -3.5108 4.3182
275.837 -3.35674 4.296 0.00171775 276.01 -3.5108 4.3182
275.612 -3.88563 4.30497 9.64444e-05 276.01 -3.5108 4.3182
276.248 -2.86075 4.31596 9.71185e-09 276.01 -3.5108 4.3182
275.417 -3.21865 4.31811 3.42855e-10 276.01 -3.5108 4.3182
275.648 -3.54371 4.3182 5.20193e-05 276.01 -3.5108 4.3182
275.546 -3.97755 4.31523 1.16621e-09 276.01 -3.5108 4.3182
275.755 -3.58833 4.30479 0.0865261 276.01 -3.5108 4.3182
276.369 -3.69875 4.28245 1.91647e-20 276.01 -3.5108 4.3182
275.646 -3.43134 4.31598 0.00028824 276.01 -3.5108 4.3182
275.942 -3.50445 4.29188 3.96282e-05 276.01 -3.5108 4.3182
275.377 -3.03442 4.31998 4.16242e-14 276.01 -3.5108 4.3182
275.486 -3.70008 4.31855 8.28048e-09 276.01 -3.5108 4.3182
275.724 -3.63704 4.31977 6.51827e-05 276.01 -3.5108 4.3182
275.879 -3.70146 4.30666 0.0386473 276.01 -3.5108 4.3182
275.72 -3.44751 4.30739 0.053828 276.01 -3.5108 4.3182
276.569 -3.92905 4.28641 1.05896e-25 276.01 -3.5108 4.3182
275.876 -3.72315 4.33639 2.27533e-11 276.01 -3.5108 4.3182
275.648 -3.60948 4.31123 0.00296799 276.01 -3.5108 4.3182
276.113 -3.45169 4.29621 8.95256e-06 276.01 -3.5108 4.3182
275.218 -3.08665 4.3276 6.02477e-23 276.01 -3.5108 4.3182
275.601 -3.65727 4.3142 7.96967e-05 276.01 -3.5108 4.3182
275.524 -3.23862 4.31647 3.18251e-07 276.01 -3.5108 4.3182
276.267 -3.55863 4.31866 0.0178008 276.01 -3.5108 4.3182
275.708 -3.47178 4.29814 0.0317832 276.01 -3.5108 4.3182
275.792 -3.83331 4.2905 2.53016e-05 276.01 -3.5108 4.3182
275.666 -3.38105 4.30202 0.0230085 276.01 -3.5108 4.3182
276.141 -3.76939 4.31446 0.00315044 276.01 -3.5108 4.3182
275.597 -3.27538 4.31037 0.000311847 276.01 -3.5108 4.3182
275.719 -3.31651 4.30683 0.0155584 276.01 -3.5108 4.3182
276.198 -4.43953 4.2968 2.98971e-20 276.01 -3.5108 4.3182
275.801 -3.89161 4.306 0.000509952 276.01 -3.5108 4.3182
275.099 -3.34672 4.30883 6.52101e-13 276.01 -3.5108 4.3182
276.016 -3.86907 4.31797 0.000163171 276.01 -3.5108 4.3182
276.069 -3.48833 4.29241 1.12825e-06 276.01 -3.5108 4.3182
275.166 -3.39703 4.31562 2.15176e-14 276.01 -3.5108 4.3182
276.27 -3.16161 4.32144 0.000873241 276.01 -3.5108 4.3182
276.286 -2.86061 4.30814 4.46635e-11 276.01 -3.5108 4.3182
276.171 -3.8499 4.31819 0.000227838 276.01 -3.5108 4.3182
275.934 -3.58896 4.31058 0.131502 276.01 -3.5108 4.3182
275.955 -3.53738 4.33309 7.33592e-07 276.01 -3.5108 4.3182
275.629 -3.41282 4.3108 0.00301347 276.01 -3.5108 4.3182
275.266 -3.75412 4.31249 3.60746e-11 276.01 -3.5108 4.3182
275.732 -3.58339 4.30241 0.0737139 276.01 -3.5108 4.3182
276.077 -3.44601 4.33005 0.000397416 276.01 -3.5108 4.3182
275.989 -3.24825 4.31537 0.0168255 276.01 -3.5108 4.3182
275.942 -3.46375 4.31 0.175102 276.01 -3.5108 4.3182
276.435 -3.37384 4.30065 4.49966e-10 276.01 -3.5108 4.3182
