276.675 -2.94856 4.36956 0.00437552
277.407 -3.06642 4.38253 0.00611748
277.585 -3.54895 4.36169 1.60508e-14
277.487 -2.95265 4.37636 3.53021e-05
276.774 -2.25014 4.36512 3.02213e-16
277.453 -3.04726 4.35481 1.20474e-13
276.793 -2.99875 4.37025 0.049086
277.509 -3.46432 4.35905 4.74603e-13
277.017 -3.30745 4.37479 0.0885728
277.254 -3.12431 4.36583 0.000474483
277.436 -2.63952 4.39286 1.60475e-06
277.214 -3.27787 4.3979 1.3546e-06
277.149 -2.68109 4.36369 1.03486e-07
276.682 -3.3117 4.3655 0.0405158
276.493 -3.12644 4.36593 0.00116759
276.894 -2.74638 4.37145 0.000382542
277.386 -2.67284 4.36255 5.17022e-12
277.071 -2.70898 4.35612 2.60174e-09
276.561 -2.85583 4.37301 8.92006e-06
277.068 -2.97736 4.36176 0.000823306
276.523 -2.97688 4.35458 0.000772932
276.699 -2.41769 4.36431 8.96821e-12
277.59 -2.76592 4.37143 1.60031e-10
277.477 -2.86504 4.36266 3.97534e-11
276.558 -2.85812 4.3745 3.55535e-06
276.4 -2.94829 4.37062 5.2867e-07
276.411 -2.96925 4.35954 0.000113308
277.072 -2.77312 4.36056 1.68015e-06
277.565 -3.09784 4.36963 3.39465e-08
276.582 -3.28542 4.39175 1.59584e-13
276.766 -2.82109 4.35703 6.70623e-05
277.37 -2.73361 4.37521 4.53063e-06
276.429 -3.02876 4.3686 1.82848e-05
277.088 -3.12122 4.37608 0.210706
277.325 -2.8542 4.3676 3.33175e-06
276.779 -2.88994 4.37863 0.000467513
276.718 -3.1879 4.36838 0.0758776
277.271 -2.47278 4.36753 4.57282e-12
277.016 -3.2299 4.33206 2.05063e-18
277.46 -3.16606 4.36848 1.89286e-06
277.031 -3.08918 4.36246 0.0113614
277.158 -2.53264 4.37793 1.61185e-07
277.158 -2.67778 4.37413 2.50406e-05
277.019 -2.70132 4.38052 0.000101101
277.052 -2.99656 4.37172 0.0867361
277.121 -2.67591 4.37374 3.0425e-05
276.391 -2.79669 4.35974 8.01527e-07
276.841 -2.95112 4.36122 0.00845396
277.631 -2.31466 4.38434 1.31347e-15
277.344 -3.31988 4.387 0.00128215
277.458 -3.02548 4.35981 7.56514e-11
276.995 -2.70079 4.37479 0.000139052
276.826 -2.49143 4.36205 4.44661e-10
277.15 -2.71993 4.36101 4.53867e-08
277.028 -2.55596 4.37804 5.44624e-07
276.453 -3.81472 4.35108 9.35398e-09
276.688 -2.90481 4.38292 1.91818e-06
277.025 -3.2921 4.36356 0.0228381
277.014 -3.15418 4.35656 0.000505083
277.066 -3.13455 4.3847 0.0180175
277.666 -2.68481 4.35696 7.30513e-23
276.808 -2.68685 4.3606 2.67784e-06
276.337 -2.82442 4.37363 2.06435e-10
277.459 -2.65253 4.36713 1.43689e-11
277.083 -2.97192 4.36266 0.000983551
276.83 -3.13543 4.35749 0.0201323
276.646 -2.599 4.37239 2.96742e-08
277.01 -3.36357 4.37675 0.0238954
277.271 -2.6404 4.37574 2.01612e-06
276.474 -2.99387 4.36135 0.000636686
276.927 -3.28614 4.35973 0.0195927
276.935 -3.23914 4.35953 0.0191911
276.705 -3.11939 4.34645 5.13844e-05
277.255 -3.2663 4.38281 0.0163985
277.203 -3.2339 4.38648 0.0086999
276.79 -2.98338 4.36643 0.0453061
277.409 -3.80666 4.35555 4.00498e-17
277.012 -3.01695 4.37398 0.14831
276.724 -2.92187 4.35104 3.84866e-05
276.986 -2.81211 4.35755 3.68655e-06
277.377 -2.73731 4.37419 2.33443e-06
277.21 -2.80736 4.38044 0.00220244
277.223 -2.73553 4.3813 0.00031147
276.938 -2.53402 4.36583 1.49262e-08
276.652 -2.71926 4.35518 9.01196e-07
276.808 -2.76656 4.37043 0.000371275
276.774 -3.24109 4.35285 0.00418148
277.12 -2.63253 4.35811 1.72599e-10
277.004 -3.11757 4.36379 0.041007
276.984 -3.27754 4.35707 0.00160707
276.764 -3.7524 4.36912 2.02142e-07
277.77 -2.69068 4.3543 1.00449e-28
277.615 -2.97991 4.35569 2.90611e-18
277.204 -3.12331 4.33742 1.65571e-19
276.681 -2.88953 4.37793 4.73109e-05
276.765 -2.86157 4.37873 0.000183254
277.013 -2.93419 4.36779 0.0177447
277.065 -2.604 4.37257 2.01742e-06
276.288 -2.19641 4.35738 1.01999e-22
277.581 -2.87336 4.34888 6.9461e-24
