-11.6291 -1.10952 0.531412 1.38896e-15 -11.265 -1.3808 0.50903
-11.42 -1.13136 0.509869 0.000134161 -11.265 -1.3808 0.50903
-11.6889 -0.775551 0.529909 4.07703e-24 -11.265 -1.3808 0.50903
-11.2087 -1.50769 0.504364 0.437357 -11.265 -1.3808 0.50903
-11.5602 -1.19232 0.522615 2.31415e-08 -11.265 -1.3808 0.50903
-11.1153 -1.16944 0.523283 8.75938e-12 -11.265 -1.3808 0.50903
-11.0398 -0.87261 0.509888 1.91552e-11 -11.265 -1.3808 0.50903
-11.7428 -1.54413 0.517669 6.74444e-05 -11.265 -1.3808 0.50903
-11.355 -1.50692 0.526333 2.37509e-07 -11.265 -1.3808 0.50903
-11.7643 -0.666279 0.526018 7.70645e-26 -11.265 -1.3808 0.50903
-11.4372 -1.38912 0.527114 2.55083e-08 -11.265 -1.3808 0.50903
-11.1016 -1.36835 0.512614 0.000958536 -11.265 -1.3808 0.50903
-11.1653 -0.889098 0.519732 5.24244e-15 -11.265 -1.3808 0.50903
-11.4212 -1.10872 0.522891 5.04414e-10 -11.265 -1.3808 0.50903
-11.0101 -0.987444 0.51425 3.26006e-11 -11.265 -1.3808 0.50903
-10.6816 -1.01841 0.524457 4.9928e-26 -11.265 -1.3808 0.50903
-11.4997 -1.39713 0.518346 0.000579686 -11.265 -1.3808 0.50903
-11.0911 -1.61469 0.513179 0.00193679 -11.265 -1.3808 0.50903
-11.8556 -1.16643 0.527786 1.29827e-13 -11.265 -1.3808 0.50903
-11.4932 -1.33625 0.503556 0.0143619 -11.265 -1.3808 0.50903
-11.597 -1.45842 0.535678 2.69111e-13 -11.265 -1.3808 0.50903
-11.1542 -0.817836 0.519587 4.31819e-17 -11.265 -1.3808 0.50903
-11.429 -1.53275 0.506685 0.204613 -11.265 -1.3808 0.50903
-11.4719 -0.514715 0.524523 8.45647e-30 -11.265 -1.3808 0.50903
-12.1166 -1.16865 0.532651 2.73479e-20 -11.265 -1.3808 0.50903
-12.0032 -0.689543 0.501549 1.42861e-24 -11.265 -1.3808 0.50903
-11.4548 -1.05648 0.523908 1.16386e-11 -11.265 -1.3808 0.50903
-11.5658 -1.22139 0.526328 6.55806e-10 -11.265 -1.3808 0.50903
-11.1733 -0.458943 0.530611 1.21579e-40 -11.265 -1.3808 0.50903
-11.288 -1.12818 0.527677 9.13185e-14 -11.265 -1.3808 0.50903
-11.1785 -1.38521 0.514022 0.00198398 -11.265 -1.3808 0.50903
-11.5023 -1.10677 0.511695 9.96169e-06 -11.265 -1.3808 0.50903
-11.3522 -1.35269 0.51288 0.0141308 -11.265 -1.3808 0.50903
-11.5984 -1.73625 0.49078 4.28472e-10 -11.265 -1.3808 0.50903
-11.5881 -1.20055 0.506039 0.000131084 -11.265 -1.3808 0.50903
-12.0463 -0.93303 0.507423 2.4823e-18 -11.265 -1.3808 0.50903
-11.5348 -1.50764 0.512186 0.0284746 -11.265 -1.3808 0.50903
-11.1276 -1.48485 0.525571 1.76423e-09 -11.265 -1.3808 0.50903
-11.4212 -1.42986 0.528965 3.21616e-09 -11.265 -1.3808 0.50903
-11.5038 -1.07393 0.529838 2.86864e-15 -11.265 -1.3808 0.50903
-11.7348 -1.05021 0.530089 2.05691e-16 -11.265 -1.3808 0.50903
-11.9603 -0.940289 0.52994 1.42099e-21 -11.265 -1.3808 0.50903
-10.9884 -1.1444 0.507158 1.24987e-05 -11.265 -1.3808 0.50903
-11.3817 -0.845608 0.535585 8.69233e-28 -11.265 -1.3808 0.50903
-11.2985 -2.22637 0.511216 1.49025e-10 -11.265 -1.3808 0.50903
-11.2834 -1.33997 0.508419 0.0751001 -11.265 -1.3808 0.50903
-10.9619 -1.33489 0.522116 3.11503e-11 -11.265 -1.3808 0.50903
-11.7547 -0.707424 0.512709 1.81881e-18 -11.265 -1.3808 0.50903
-11.2448 -1.23285 0.513685 0.000232364 -11.265 -1.3808 0.50903
-11.6935 -1.32442 0.51584 2.97014e-05 -11.265 -1.3808 0.50903
-11.414 -1.03418 0.525601 2.11204e-13 -11.265 -1.3808 0.50903
-10.8294 -1.43922 0.517631 3.05691e-10 -11.265 -1.3808 0.50903
-11.6059 -0.545844 0.510913 6.83872e-22 -11.265 -1.3808 0.50903
-11.7613 -1.2147 0.497356 3.5844e-09 -11.265 -1.3808 0.50903
-11.7452 -1.21662 0.514526 6.38568e-07 -11.265 -1.3808 0.50903
-11.2383 -1.39149 0.51055 0.0493572 -11.265 -1.3808 0.50903
-11.7064 -1.257 0.524426 5.52795e-09 -11.265 -1.3808 0.50903
-11.5962 -1.24401 0.528081 1.16738e-10 -11.265 -1.3808 0.50903
-11.3884 -0.962986 0.512148 2.58856e-08 -11.265 -1.3808 0.50903
-11.7471 -1.17043 0.520101 5.28812e-09 -11.265 -1.3808 0.50903
-11.7397 -1.26361 0.513931 3.55588e-06 -11.265 -1.3808 0.50903
-11.3918 -1.07055 0.535333 7.19286e-21 -11.265 -1.3808 0.50903
-11.8141 -0.945519 0.529409 2.61198e-19 -11.265 -1.3808 0.50903
-10.944 -1.17831 0.489712 6.26553e-05 -11.265 -1.3808 0.50903
-11.4081 -0.978557 0.524517 4.82984e-14 -11.265 -1.3808 0.50903
-11.2824 -1.30955 0.526762 4.41909e-10 -11.265 -1.3808 0.50903
-11.486 -0.941724 0.527021 1.51791e-16 -11.265 -1.3808 0.50903
-11.0464 -0.787263 0.511143 2.79644e-14 -11.265 -1.3808 0.50903
-11.6777 -1.15652 0.520291 1.26371e-08 -11.265 -1.3808 0.50903
-11.7068 -0.897034 0.525449 2.47894e-17 -11.265 -1.3808 0.50903
-11.4632 -1.24909 0.506632 0.00605928 -11.265 -1.3808 0.50903
-11.0333 -1.09006 0.492849 6.90297e-05 -11.265 -1.3808 0.50903
-10.91 -1.19771 0.519738 1.95996e-12 -11.265 -1.3808 0.50903
-11.5839 -1.18821 0.513832 1.88016e-05 -11.265 -1.3808 0.50903
-11.5361 -1.04765 0.526328 2.46326e-13 -11.265 -1.3808 0.50903
-12.1973 -1.16517 0.513888 7.44868e-18 -11.265 -1.3808 0.50903
-11.4553 -1.15813 0.508196 0.000411425 -11.265 -1.3808 0.50903
-11.914 -0.937184 0.526623 4.06202e-19 -11.265 -1.3808 0.50903
-11.2146 -1.68307 0.492048 0.000200121 -11.265 -1.3808 0.50903
-11.5058 -1.09917 0.522748 4.73472e-10 -11.265 -1.3808 0.50903
-11.458 -1.0733 0.525528 2.57084e-12 -11.265 -1.3808 0.50903
-11.906 -1.58025 0.526811 2.44586e-09 -11.265 -1.3808 0.50903
-11.3614 -0.96139 0.489957 1.28148e-08 -11.265 -1.3808 0.50903
-10.9865 -0.105273 0.509737 5.67582e-43 -11.265 -1.3808 0.50903
-11.8331 -0.955568 0.527947 2.56119e-18 -11.265 -1.3808 0.50903
-11.5576 -0.815498 0.517143 1.47594e-14 -11.265 -1.3808 0.50903
-11.7949 -1.57655 0.520019 6.14652e-06 -11.265 -1.3808 0.50903
-11.1146 -1.12213 0.532692 5.94631e-21 -11.265 -1.3808 0.50903
-10.8604 -0.962987 0.510497 2.97706e-12 -11.265 -1.3808 0.50903
-11.2079 -0.693761 0.514992 1.04793e-17 -11.265 -1.3808 0.50903
-12.0206 -1.15675 0.520008 9.91049e-14 -11.265 -1.3808 0.50903
-11.3327 -1.65193 0.508887 0.161748 -11.265 -1.3808 0.50903
-11.5621 -1.77873 0.511605 0.00194475 -11.265 -1.3808 0.50903
-11.38 -0.849913 0.511544 6.54866e-11 -11.265 -1.3808 0.50903
-10.7898 -1.6108 0.524197 2.94484e-15 -11.265 -1.3808 0.50903
-11.6034 -0.744034 0.530933 7.67692e-26 -11.265 -1.3808 0.50903
-11.6956 -0.653678 0.526848 2.34218e-26 -11.265 -1.3808 0.50903
-11.1278 -1.36505 0.518671 3.85163e-06 -11.265 -1.3808 0.50903
-11.4152 -1.02065 0.5241 1.04324e-12 -11.265 -1.3808 0.50903
-10.7787 -1.22206 0.527838 2.82315e-22 -11.265 -1.3808 0.50903
