232.776 -15.2625 2.89912 5.44757e-05
232.799 -15.9603 2.90681 3.90955e-10
233.335 -15.8773 2.91526 2.06605e-07
233.482 -15.5527 2.91675 2.71662e-05
234.042 -15.2462 2.90379 3.16685e-07
233.158 -15.5754 2.89453 0.0991515
233.437 -15.3395 2.91884 1.04626e-06
233.587 -14.9208 2.88763 6.56631e-10
233.424 -15.6181 2.89533 0.0256347
233.664 -15.6184 2.90966 0.00415174
233.365 -15.1618 2.90717 0.00330268
233.093 -15.7546 2.89154 0.0050333
233.705 -15.4705 2.88317 4.63151e-11
233.646 -16.0874 2.89639 3.73947e-08
233.349 -15.5705 2.88857 0.00105292
233.297 -15.1432 2.90092 0.0139182
233.664 -15.2182 2.90148 0.00243374
233.753 -14.8993 2.91544 3.37118e-08
232.904 -14.7873 2.90316 1.14689e-09
233.359 -15.3763 2.89793 0.159114
233.248 -15.3769 2.92573 9.37241e-14
233.164 -15.1856 2.90308 0.00625898
234.306 -14.7268 2.9019 6.15091e-19
232.716 -15.4063 2.89803 4.81138e-05
233.363 -15.6769 2.89484 0.0212346
233.456 -16.0685 2.91463 8.22345e-09
233.653 -15.3889 2.9113 0.00384616
233.417 -15.7334 2.90696 0.00681345
233.716 -15.7026 2.89827 0.000223159
233.38 -15.1323 2.89704 0.00668259
233.481 -15.7802 2.90804 0.00205849
233.846 -14.9099 2.89022 1.30249e-12
233.333 -15.9163 2.92303 6.58934e-13
233.017 -15.4105 2.91087 3.72391e-06
233.14 -15.2437 2.90851 0.000253161
233.673 -15.0479 2.90362 0.000139314
233.715 -15.4658 2.8705 1.72536e-23
233.015 -15.3719 2.90685 0.000220463
233.63 -14.9057 2.91636 2.69082e-08
233.23 -15.2944 2.90431 0.0275411
233.746 -15.0632 2.89648 1.79191e-06
233.332 -15.7404 2.8984 0.027876
234.113 -15.4478 2.91138 8.43374e-07
233.822 -15.793 2.90298 3.20901e-05
233.636 -15.1646 2.89257 1.02901e-05
233.255 -15.8802 2.92177 1.8351e-12
232.723 -15.3971 2.90345 8.24969e-07
234.011 -15.1396 2.90731 6.78488e-07
233.39 -15.0745 2.89279 0.00028652
233.397 -15.5866 2.90689 0.0336961
233.38 -15.1666 2.88625 7.07599e-06
233.57 -15.8623 2.92383 6.58304e-11
233.603 -15.3013 2.91004 0.00523702
233.648 -15.2829 2.90292 0.00912236
233.278 -15.2834 2.91627 1.16473e-06
233.663 -15.0323 2.88599 1.18996e-10
233.225 -15.2621 2.90794 0.00210556
233.071 -15.8472 2.9005 0.000741946
232.885 -15.1726 2.91693 3.2016e-13
233.708 -14.608 2.87627 6.8444e-26
233.684 -15.5367 2.913 0.00121741
234.042 -14.6519 2.91439 5.91843e-14
233.274 -15.1394 2.89988 0.0137577
233.325 -15.5873 2.90023 0.166091
233.306 -15.3277 2.91163 0.00053318
233.068 -15.524 2.88928 0.0171777
234.027 -15.3878 2.91687 1.87923e-06
233.285 -15.1174 2.8981 0.00906408
233.109 -14.9421 2.90131 2.99265e-05
233.045 -15.0115 2.88261 4.66632e-07
233.787 -14.8718 2.90471 1.45092e-07
233.808 -15.7029 2.91893 1.47907e-06
233.51 -15.804 2.89322 0.000150781
233.366 -14.8824 2.91365 2.62562e-08
234.207 -15.8619 2.90469 2.93384e-11
233.491 -14.8901 2.89834 7.63812e-06
234.031 -15.284 2.94098 1.30879e-21
233.832 -15.3481 2.90349 0.000430495
233.902 -15.4297 2.9029 7.20253e-05
233.188 -15.5182 2.9024 0.0818594
233.8 -15.7415 2.91062 0.000140207
234.066 -15.5057 2.89708 1.87013e-09
233.496 -15.6503 2.93484 7.42361e-20
232.863 -15.9575 2.92312 2.08741e-21
233.532 -15.4489 2.91174 0.00439866
233.206 -15.2176 2.89927 0.0396714
233.785 -15.7513 2.90453 0.000225118
233.6 -15.2246 2.91155 0.00104106
233.217 -14.8777 2.90325 6.40693e-06
233.109 -15.67 2.89834 0.0363274
233.463 -15.9734 2.91397 3.28031e-07
233.781 -15.3108 2.90017 0.000311198
233.561 -15.5772 2.89134 0.000186767
233.715 -14.8036 2.91274 9.15669e-09
233.649 -15.613 2.90296 0.0116067
233.086 -15.1571 2.89966 0.00526228
233.131 -15.3098 2.90043 0.0496812
233.293 -15.3486 2.89507 0.0924194
233.636 -15.2168 2.88439 9.18208e-10
233.392 -14.9258 2.9089 6.11682e-06
