12.1909 -92.8495 3.57015 5.92716e-12
12.1407 -92.1783 3.54308 0.0403785
12.0962 -92.2156 3.53242 0.00673483
12.0532 -92.1877 3.56759 5.88298e-05
11.6449 -92.1968 3.5554 2.67486e-05
12.076 -92.1775 3.51652 6.85962e-06
12.0334 -92.31 3.56842 4.4397e-06
12.1991 -92.0303 3.56867 0.000850804
11.9207 -92.0319 3.53929 0.0431432
12.1519 -92.7681 3.5561 1.39362e-07
11.7632 -92.0783 3.54842 0.00518713
12.072 -91.4997 3.54345 0.00151391
11.96 -92.3425 3.54884 0.00342822
11.905 -92.8258 3.54782 1.08131e-07
12.7207 -91.7126 3.56532 0.00248057
12.4385 -91.8484 3.56138 0.0290474
11.8264 -92.6155 3.5635 4.80449e-09
12.0729 -91.8819 3.56898 0.000427272
12.1626 -92.2652 3.5543 0.00794755
12.0978 -92.1629 3.55124 0.0306416
11.4495 -92.1485 3.54014 0.00012833
12.0823 -92.2873 3.55082 0.00909336
11.4952 -91.8377 3.55673 1.93446e-06
11.9073 -92.8335 3.53512 9.03443e-07
12.4378 -91.3763 3.56011 0.000689417
11.8655 -92.0871 3.55242 0.00676024
12.2188 -92.4787 3.55983 6.05605e-05
11.7499 -92.2654 3.55162 0.00039815
12.1734 -92.0965 3.54286 0.0545491
12.5062 -92.4909 3.56387 1.13019e-05
12.3603 -91.8489 3.57524 0.000374642
11.6432 -92.2736 3.54488 0.000531474
12.4491 -92.212 3.53193 9.25416e-05
11.8974 -92.4621 3.57227 1.32094e-09
11.964 -92.5111 3.55898 6.17095e-06
11.8129 -92.2301 3.54993 0.00233014
12.0651 -91.8604 3.55023 0.0672751
12.032 -92.3095 3.5443 0.0127952
11.8652 -92.4668 3.55703 1.06876e-05
12.3437 -92.2442 3.55691 0.00673819
11.9915 -91.975 3.55344 0.028961
11.8721 -92.3986 3.56376 1.21169e-06
11.574 -92.517 3.55757 1.10951e-08
11.9882 -91.8652 3.54347 0.0525545
12.1348 -92.7656 3.56296 5.50912e-09
12.2103 -92.1938 3.5572 0.0106265
12.4428 -91.8368 3.5692 0.00548332
11.8053 -92.624 3.54217 3.16322e-05
11.7168 -91.9318 3.55645 0.000322646
12.1757 -92.2578 3.54393 0.0209973
12.4707 -92.0826 3.56103 0.0111578
12.3492 -92.3371 3.56341 0.000326512
12.2413 -92.2404 3.55676 0.00746056
11.9834 -92.2488 3.55361 0.00413019
12.4137 -92.2758 3.54965 0.00586429
12.3599 -92.871 3.54083 4.92458e-08
12.0087 -91.7136 3.55421 0.0167477
11.8889 -92.2683 3.54923 0.00429132
11.8412 -92.2203 3.54467 0.00999083
11.7978 -92.1435 3.56011 8.98186e-05
12.3371 -92.0535 3.53772 0.00652479
12.6508 -92.4574 3.56394 9.08097e-06
12.1669 -92.302 3.56502 0.000134104
11.9647 -91.6517 3.54505 0.0107122
11.364 -91.98 3.56374 4.10557e-10
11.8611 -92.2604 3.56044 5.81851e-05
11.9952 -92.5327 3.55872 6.16277e-06
12.2301 -92.9193 3.54883 1.26069e-08
11.9344 -91.8346 3.54906 0.0310266
11.9926 -92.4954 3.54427 0.000836096
12.1054 -91.6017 3.54537 0.00898952
12.3063 -91.6517 3.54743 0.0132113
12.9021 -91.6771 3.54699 1.57266e-06
11.9872 -91.9515 3.55141 0.0412271
11.5866 -92.0751 3.55017 0.000169105
11.9567 -91.7222 3.54895 0.0197977
12.5186 -92.5286 3.55814 1.988e-05
12.3703 -92.1464 3.53231 0.000501147
12.2266 -92.0347 3.54386 0.0585286
11.7116 -92.2501 3.55158 0.00025994
12.7245 -92.1288 3.5592 0.000954479
11.8484 -91.9934 3.55203 0.00884661
11.9047 -91.9109 3.55461 0.0102187
12.0266 -92.1347 3.54724 0.0448552
11.6228 -92.4058 3.54271 0.000138785
12.1688 -92.2704 3.56218 0.000732471
12.07 -92.0649 3.55127 0.0502466
12.3298 -92.1274 3.56086 0.0102812
12.0293 -92.2737 3.54224 0.0193649
11.7101 -92.285 3.55949 4.38937e-06
12.5224 -91.7274 3.55893 0.0169038
12.434 -92.7218 3.54002 9.57094e-07
11.6537 -91.8337 3.55853 3.81882e-05
11.4556 -92.1912 3.53261 0.000305686
12.4912 -92.0201 3.55248 0.0219231
12.1263 -92.1043 3.54734 0.0659542
12.5951 -91.7538 3.56196 0.0102989
11.4965 -92.6887 3.56614 2.28691e-14
12.0121 -91.6744 3.57127 5.51832e-05
12.1992 -91.8794 3.5595 0.034101
