20.9708 8.83144 0.188999 0.00112419
20.984 9.04155 0.186254 0.0024551
21.2085 8.86483 0.16413 1.01308e-08
20.5952 8.83571 0.167999 9.14323e-24
20.6707 9.51576 0.195761 3.24786e-16
21.5335 9.26216 0.171653 0.000669398
21.1339 8.97217 0.183129 0.0876622
21.1075 9.43527 0.176042 2.52928e-08
21.3405 8.46314 0.183909 2.06886e-06
21.4648 9.28484 0.179855 0.000724176
21.7799 9.17347 0.185709 1.75723e-09
21.4077 8.80364 0.170442 0.00634248
20.9764 9.28326 0.179976 2.04409e-06
21.0244 9.22249 0.198951 1.94066e-09
21.7001 8.957 0.190803 3.67089e-10
20.8246 8.59775 0.193601 4.04153e-08
20.7323 9.68657 0.177965 1.27891e-20
20.8638 9.05171 0.183639 2.99522e-05
21.6025 9.05174 0.194376 2.4635e-11
21.3039 9.45398 0.178514 1.04376e-06
21.6232 9.27978 0.179908 3.45707e-05
21.2754 9.05195 0.191503 0.000237066
21.3147 8.98161 0.201851 1.18414e-12
21.5374 8.94422 0.16677 0.00219284
21.2971 9.24156 0.195992 2.49972e-09
21.0547 9.00541 0.19657 4.34451e-06
21.4837 8.42532 0.189856 9.66474e-11
21.2957 8.81339 0.193324 1.84348e-05
21.3885 9.14318 0.179503 0.0664747
21.2346 8.92728 0.190306 0.0032139
21.1463 8.67094 0.208589 1.6444e-18
20.798 9.06795 0.184277 1.8602e-06
20.8191 9.31911 0.172942 8.64538e-14
20.7015 9.31387 0.184673 3.35581e-11
21.5506 8.94748 0.165272 0.000496716
21.8355 8.95603 0.18071 1.12524e-06
21.2836 8.79911 0.192117 9.86923e-05
21.5271 9.21157 0.178444 0.00444596
21.1731 9.07198 0.180922 0.0632333
21.7234 9.40683 0.178477 2.41391e-08
20.9148 8.86976 0.184077 0.000364792
21.1188 8.856 0.177959 0.0112793
20.6053 9.51177 0.192722 7.99485e-17
21.1114 9.54006 0.169264 7.10248e-14
21.343 9.43711 0.181981 1.52832e-06
20.9473 8.94456 0.168121 3.81383e-11
21.2214 8.8092 0.214979 6.43777e-28
21.91 8.75417 0.188184 1.95409e-14
21.3642 8.68066 0.16674 3.59104e-06
21.0931 8.83594 0.194806 3.7963e-05
21.4424 9.29552 0.187365 2.91215e-06
21.1363 9.14942 0.177669 0.00292102
20.5997 8.84182 0.180554 7.41413e-13
21.268 8.99765 0.159679 2.24088e-11
21.398 9.70148 0.193155 4.37391e-18
20.7841 9.03013 0.183514 9.79769e-07
21.3573 8.82846 0.193033 7.69539e-06
21.1872 9.62058 0.204257 2.49977e-24
22 9.63304 0.176649 5.68351e-19
21.1515 9.2745 0.193426 4.1897e-07
21.6346 9.04172 0.159446 2.97891e-07
21.393 9.19365 0.166455 1.64731e-05
21.6902 8.90061 0.198519 1.06952e-17
21.1408 9.14499 0.181698 0.0121207
20.9907 8.93067 0.189377 0.00226867
21.0796 9.16988 0.167086 1.06181e-09
21.3208 9.0334 0.189973 0.000859113
21.3279 8.91479 0.186209 0.0430817
21.3005 8.97945 0.172083 0.015495
21.688 8.99706 0.169136 0.00572557
21.1681 9.6582 0.182429 1.05698e-12
20.8495 8.97458 0.192379 2.44633e-05
21.3801 9.03816 0.183351 0.0917141
21.1 9.37913 0.185471 2.27933e-06
21.3246 9.16738 0.17253 0.00359741
21.5784 9.07129 0.174189 0.0509825
21.4826 8.86599 0.206147 1.76163e-21
21.3583 9.29996 0.19343 5.01056e-09
21.4157 8.96066 0.191412 2.48125e-05
20.885 9.09979 0.182745 2.47724e-05
21.2533 8.93517 0.175984 0.100027
21.1928 9.35017 0.199036 1.63013e-12
21.3158 8.93684 0.185229 0.0935496
20.9286 9.99948 0.193774 6.49962e-29
21.4956 8.78892 0.190889 1.66307e-06
21.4931 8.91834 0.176006 0.273899
21.3731 8.2233 0.193446 1.02606e-16
21.5077 8.84217 0.196942 2.11652e-11
21.414 9.16939 0.190057 9.71125e-06
21.3313 8.92191 0.16229 5.75806e-08
21.4251 8.4564 0.165619 4.04221e-10
20.8325 8.86845 0.206606 4.71051e-13
21.1316 8.94257 0.163352 8.61884e-11
21.4185 8.61168 0.177802 0.00170017
21.1466 8.81553 0.180239 0.0360073
20.9947 9.20184 0.193082 4.6411e-06
20.859 8.76512 0.177708 9.80604e-08
21.5165 9.23651 0.173447 0.00281134
21.4121 8.73492 0.201158 2.88335e-14
21.2635 9.00265 0.188311 0.0119653
