225.584 -14.0213 2.92942 6.94606e-10
225.776 -13.3013 2.92779 0.0308836
226.226 -14.1495 2.93198 2.6982e-10
226.033 -13.3641 2.91811 0.0209139
225.344 -14.0432 2.92471 7.63125e-12
226.289 -13.6784 2.93839 1.93675e-05
225.872 -13.3661 2.93956 2.59393e-07
225.781 -13.1163 2.9316 9.6388e-05
225.797 -12.9366 2.92839 2.35966e-05
226.234 -13.3822 2.91782 0.000111284
226.112 -13.9267 2.92835 1.48334e-05
226.88 -13.6495 2.93089 1.53853e-12
225.708 -14.237 2.91253 1.47803e-13
225.209 -13.8011 2.9498 3.77438e-37
225.921 -14.3229 2.92412 1.86094e-13
225.429 -14.0445 2.9194 2.00974e-09
226.09 -13.9068 2.92108 6.61042e-06
225.93 -13.5897 2.92404 0.126865
225.67 -13.6724 2.90368 1.36896e-08
225.459 -13.5974 2.91192 0.000713645
225.928 -14.3242 2.91849 1.8529e-14
226.578 -14.0167 2.93389 7.7454e-11
225.769 -13.5007 2.92912 0.0117684
225.872 -13.4971 2.93873 1.06624e-06
225.705 -13.9748 2.91942 2.41496e-06
225.927 -13.5337 2.91793 0.0409664
226.068 -14.1624 2.93797 2.08864e-12
226.162 -13.5737 2.93037 0.0193005
226.168 -12.9421 2.92239 2.32081e-05
225.959 -13.7581 2.91186 1.29296e-06
225.717 -14.3392 2.91445 1.4358e-15
225.993 -13.4235 2.93058 0.0556774
226.056 -13.697 2.92934 0.00723809
226.011 -14.2869 2.90166 4.20339e-26
225.438 -13.7281 2.9166 0.000136745
225.583 -13.9312 2.9201 3.55603e-06
225.263 -13.6038 2.92617 1.19323e-08
226.377 -13.3768 2.93832 7.59873e-05
225.613 -13.7367 2.93127 1.43618e-06
226.197 -13.4014 2.91793 0.000387585
226.125 -13.8661 2.92646 9.65716e-05
225.95 -14.4716 2.92194 4.81918e-18
225.726 -13.5713 2.9198 0.093352
225.669 -13.554 2.9429 1.92243e-13
226.676 -13.611 2.92705 4.03349e-09
226.184 -13.3692 2.92489 0.0386599
225.997 -14.3944 2.91461 1.66022e-18
225.243 -13.3101 2.93464 4.76808e-15
226.199 -14.273 2.94042 1.12119e-15
225.721 -14.1494 2.90461 4.05039e-16
225.516 -13.2734 2.92095 0.0100081
226.171 -13.9875 2.92365 3.08648e-07
225.975 -13.5377 2.9236 0.187016
226.419 -13.9139 2.92547 2.3557e-08
225.973 -14.0566 2.91597 2.35197e-09
225.552 -13.7811 2.90501 2.32419e-08
225.934 -13.7051 2.89772 6.34161e-18
226.125 -13.7689 2.94249 1.03023e-08
226.052 -13.9022 2.92815 4.84897e-05
225.633 -13.4513 2.92319 0.0533014
225.931 -14.2132 2.92707 8.91511e-11
225.834 -13.9752 2.92536 4.70762e-06
225.853 -13.6888 2.94158 6.05502e-10
225.577 -13.4299 2.93515 3.97577e-08
226.363 -13.7986 2.93819 1.23088e-06
226.062 -13.279 2.95794 9.69801e-25
226.462 -13.7053 2.92591 2.12699e-06
225.81 -13.7071 2.9321 0.000128336
226.378 -14.3521 2.93397 3.16674e-16
225.952 -13.9292 2.92551 3.43326e-05
225.526 -14.2152 2.92788 5.58902e-14
226.224 -13.7239 2.92314 0.000251754
225.545 -13.997 2.91549 9.32848e-08
225.701 -13.6302 2.91086 0.000306263
225.126 -13.8354 2.9084 8.70081e-10
225.455 -13.3051 2.9396 1.0114e-14
226.236 -14.1803 2.92964 7.08131e-11
225.878 -13.6044 2.92605 0.0721981
225.921 -13.5526 2.92934 0.0409256
225.157 -13.6234 2.9142 7.03085e-07
225.828 -13.5843 2.93288 0.000514563
226.336 -13.6111 2.95001 2.59659e-12
225.911 -13.7025 2.92827 0.00754679
225.88 -13.9575 2.91479 2.05067e-07
225.993 -13.4014 2.92816 0.178524
225.704 -13.301 2.95387 1.5865e-26
226.08 -13.7692 2.93885 9.64302e-07
226.282 -13.8961 2.9078 1.00417e-16
226.498 -13.8301 2.90918 1.21158e-19
226.193 -14.214 2.91853 8.00519e-14
226.033 -13.7139 2.91982 0.00178623
226.314 -14.3799 2.92483 2.97644e-17
225.82 -13.5054 2.93547 3.61337e-05
226.073 -14.2314 2.92697 2.47915e-11
226.374 -14.4241 2.93704 1.10023e-18
225.678 -13.2867 2.90412 8.42795e-07
226.335 -14.1707 2.9133 2.48127e-18
226.147 -13.9891 2.9325 3.85932e-07
226.096 -12.9737 2.93282 2.20017e-05
226.065 -14.0826 2.92215 1.46973e-08
