-32.3388 -80.3334 2.23574 7.85808e-07
-31.8244 -80.2155 2.25782 6.72177e-11
-32.7606 -80.6294 2.24341 0.0169641
-32.3425 -80.2297 2.26147 4.13699e-06
-32.247 -80.8994 2.2384 1.7969e-06
-32.3544 -80.5437 2.24488 0.00178593
-32.1346 -80.9214 2.24511 2.77445e-05
-32.2212 -80.336 2.22717 2.66192e-11
-32.102 -81.0672 2.25216 0.00022516
-32.0905 -80.767 2.25742 0.0021725
-32.489 -80.9275 2.24944 0.0849665
-31.9114 -80.7506 2.24181 7.32094e-09
-31.8236 -80.3039 2.24317 2.26022e-11
-32.2773 -80.6891 2.23517 7.50285e-07
-32.5675 -80.5178 2.23601 9.00693e-05
-32.6891 -80.4112 2.25739 0.00531158
-32.5375 -81.2975 2.24465 1.77723e-05
-32.6241 -80.7356 2.234 2.10253e-05
-32.6283 -81.1024 2.25344 0.127644
-32.2637 -80.1036 2.23555 2.7116e-09
-31.6827 -80.7304 2.23487 6.56362e-16
-32.2869 -80.8949 2.24898 0.00749606
-32.0745 -80.6541 2.24786 4.73137e-05
-32.7522 -80.2922 2.2452 0.000582645
-32.1512 -80 2.23388 4.84371e-12
-32.336 -80.7069 2.24077 0.000223013
-32.41 -80.1258 2.22854 3.95991e-10
-32.5249 -80.5129 2.24705 0.0177507
-32.3593 -80.8297 2.24786 0.0166968
-32.7625 -80.178 2.2627 5.29332e-07
-32.3209 -80.1801 2.24507 2.88256e-06
-32.2545 -80.8303 2.23446 8.49083e-08
-31.9507 -80.5829 2.23233 4.3505e-12
-32.5215 -80.7296 2.25409 0.406655
-32.3677 -81.5423 2.24763 2.68761e-08
-31.7156 -80.745 2.25105 1.73662e-09
-32.0328 -80.5403 2.25431 4.03275e-05
-32.3814 -80.4648 2.25278 0.00727826
-31.9425 -80.8149 2.23384 5.49924e-12
-32.4193 -80.3046 2.25395 0.00042734
-32.6119 -80.5916 2.23788 0.00058596
-32.0759 -80.896 2.25058 0.000199007
-32.5526 -80.5408 2.25024 0.057496
-32.8184 -80.7261 2.25947 0.132509
-32.59 -80.0727 2.25439 1.09848e-06
-32.7109 -80.8575 2.22941 7.85651e-08
-32.2666 -80.3386 2.24273 1.25101e-05
-32.4316 -81.3861 2.24487 7.49962e-07
-32.0116 -80.8082 2.24182 1.61959e-07
-31.7552 -80.2614 2.24413 1.05557e-12
-32.5522 -80.1346 2.25565 5.66899e-06
-32.2751 -80.9972 2.25014 0.00535115
-33.0191 -80.4454 2.27381 4.34394e-09
-32.4391 -80.1439 2.23586 1.69919e-07
-31.9543 -80.4931 2.23231 4.17364e-12
-32.3689 -80.2521 2.24335 1.83364e-05
-32.3851 -80.7057 2.24883 0.0338518
-32.1831 -80.5961 2.23487 7.34624e-08
-32.5002 -80.5335 2.21877 2.24423e-13
-32.3146 -80.3076 2.24844 9.655e-05
-32.544 -80.589 2.23139 1.61477e-06
-32.1123 -80.9436 2.24725 5.62945e-05
-32.113 -80.7595 2.24308 9.03112e-06
-31.5603 -79.8522 2.23826 5.55392e-23
-31.7987 -80.9415 2.24745 3.21672e-09
-31.9119 -80.3982 2.24622 1.22287e-08
-32.42 -79.7845 2.24958 1.39203e-11
-32.1393 -80.9163 2.25218 0.00168225
-32.2841 -80.3863 2.2457 0.000119561
-32.3596 -80.847 2.24275 0.000770057
-32.7187 -80.135 2.23428 4.89376e-07
-32.6627 -80.2359 2.26107 1.62502e-05
-32.7324 -80.806 2.23329 9.10557e-06
-32.1804 -80.2481 2.24783 1.95052e-06
-32.4683 -80.2916 2.23697 6.87081e-06
-32.1283 -80.7749 2.23206 4.10706e-10
-33.0313 -80.9905 2.25299 0.00893479
-32.2416 -79.9338 2.23483 1.25388e-11
-32.2294 -80.405 2.24149 8.3207e-06
-32.3751 -80.0319 2.24025 3.15398e-08
-32.4145 -80.6433 2.23461 5.91411e-06
-32.7826 -80.3142 2.24842 0.0011301
-32.5286 -80.4418 2.25415 0.0152775
-32.3527 -80.8721 2.25 0.0347099
-32.5208 -80.6908 2.24246 0.00651932
-32.7804 -81.3525 2.24542 9.90573e-06
-31.9153 -80.4869 2.24071 1.65706e-09
-32.9129 -80.1353 2.24681 5.33076e-06
-31.8516 -80.063 2.23335 6.53841e-16
-32.4862 -80.2109 2.26569 6.1547e-07
-31.9745 -80.937 2.24433 1.50357e-07
-32.4397 -80.4384 2.23432 3.84621e-06
-32.4727 -80.4711 2.24199 0.00104727
-32.2093 -80.0205 2.2516 5.97821e-09
-32.0056 -80.4937 2.23426 1.75427e-10
-32.6921 -80.4213 2.23089 1.92381e-06
-33.057 -80.6856 2.23495 1.10542e-05
-32.3961 -80.4618 2.24727 0.0030978
-32.1804 -80.7167 2.23499 5.95032e-08
-32.042 -80.9962 2.23821 1.99486e-09
