-38.7293 -63.227 1.78162 2.51655e-08
-38.3171 -63.3252 1.74332 1.54972e-09
-38.3703 -63.0569 1.77932 9.33286e-08
-39.0045 -63.3056 1.75386 0.00176398
-39.3765 -63.1877 1.77414 4.31265e-11
-38.323 -62.8876 1.7661 0.000655339
-38.4965 -63.2809 1.75974 0.00718176
-38.8612 -63.6509 1.77207 1.03179e-07
-38.7934 -63.4067 1.77039 0.000156656
-38.9165 -63.9423 1.78432 1.1219e-16
-38.8802 -62.9851 1.77705 5.18342e-07
-38.5197 -62.8651 1.79083 6.87807e-17
-38.4644 -63.9265 1.76404 2.77345e-12
-38.4924 -63.5984 1.78288 2.24457e-10
-38.7673 -63.0883 1.76525 0.070768
-38.3362 -63.4502 1.79107 7.77851e-15
-39.1174 -63.5696 1.76954 3.78373e-08
-38.3624 -63.3075 1.76882 0.000164902
-38.4949 -62.3864 1.77339 3.80008e-11
-38.2415 -63.2974 1.76088 3.49634e-05
-38.6086 -63.1949 1.75766 0.0757325
-38.4397 -63.1297 1.7743 4.91471e-05
-38.9943 -62.9621 1.77265 1.14974e-05
-38.5815 -63.4979 1.77042 3.28638e-05
-38.3113 -62.965 1.78391 2.89626e-11
-38.9714 -63.0013 1.76367 0.0269988
-38.8874 -63.3493 1.78243 8.18237e-10
-38.6324 -63.2758 1.76748 0.00650703
-38.3618 -63.0798 1.78812 3.4667e-13
-37.8879 -63.5111 1.77454 4.98626e-13
-38.4745 -63.4482 1.78876 7.4633e-13
-38.6644 -63.1553 1.75342 0.079436
-38.2093 -63.0823 1.77296 2.27421e-06
-38.3673 -63.737 1.795 4.76901e-19
-38.6835 -63.1276 1.77969 3.36173e-07
-38.0514 -62.9458 1.76456 7.43251e-07
-38.3587 -62.8228 1.76015 0.0062079
-38.9523 -62.9814 1.78782 2.99517e-15
-38.5425 -63.8621 1.77435 6.08431e-11
-38.2919 -62.8966 1.75682 0.00224564
-38.8435 -62.8456 1.75164 0.653819
-38.1146 -63.3434 1.77313 4.55431e-08
-38.3889 -63.1153 1.76592 0.0039356
-38.3685 -63.8914 1.78105 1.00566e-13
-38.2713 -63.3483 1.78164 1.87872e-09
-37.7965 -63.266 1.77451 2.49244e-13
-38.3065 -62.3967 1.76372 5.32196e-08
-39.0186 -63.1021 1.74739 0.00640073
-38.6053 -63.4485 1.77621 2.42918e-06
-38.8538 -63.4472 1.77181 1.82602e-05
-38.495 -63.3903 1.76493 0.000780049
-38.9868 -63.1418 1.7759 8.44911e-07
-38.7021 -63.12 1.76883 0.0104733
-39.0191 -63.2791 1.78549 5.95293e-13
-37.9274 -63.7723 1.75833 3.32679e-17
-38.444 -63.3726 1.75559 0.000146693
-38.3539 -63.2818 1.76394 0.000654589
-38.4267 -63.3426 1.77208 5.79668e-05
-38.6935 -63.6817 1.77036 2.49815e-07
-39.2662 -63.0881 1.77186 3.6933e-08
-38.552 -62.5877 1.77609 2.2168e-09
-38.3322 -63.4512 1.75576 1.71624e-06
-38.7431 -63.3387 1.78011 1.04219e-07
-38.4275 -63.0373 1.75463 0.0212313
-38.8759 -63.1103 1.78114 5.8368e-09
-38.9551 -63.264 1.76562 0.00268312
-38.9614 -62.9681 1.77663 1.92221e-07
-38.1721 -63.2684 1.75644 2.28147e-06
-38.6611 -63.8493 1.76773 6.98449e-10
-38.6957 -62.9493 1.7758 8.90222e-06
-38.0321 -63.0811 1.77925 6.3436e-11
-38.0613 -63.3562 1.75681 7.74588e-09
-38.8432 -63.2795 1.78655 4.11681e-12
-38.9422 -63.3825 1.76846 0.000135956
-38.1706 -63.3073 1.77742 1.65158e-08
-39.0722 -63.8382 1.76632 2.19445e-11
-38.1819 -62.7245 1.77947 7.78926e-12
-38.9744 -63.2943 1.76778 0.000455871
-38.2963 -62.996 1.77012 8.0607e-05
-38.145 -63.4159 1.76558 2.69711e-07
-38.5648 -63.3533 1.78242 1.09209e-08
-38.3071 -63.5095 1.76037 1.03124e-06
-38.6369 -63.0721 1.77457 9.89684e-05
-38.8144 -63.0768 1.77342 0.00013453
-38.4292 -62.6667 1.76685 9.98094e-05
-39.3967 -63.0365 1.74479 1.6381e-06
-38.4106 -63.115 1.77522 1.5237e-05
-38.7707 -62.7953 1.76512 0.0180979
-37.994 -63.339 1.77415 5.43093e-10
-38.6307 -63.9535 1.76861 5.04169e-12
-39.3442 -63.7608 1.76244 4.61051e-13
-39.1475 -62.9619 1.76237 0.00174763
-38.2528 -63.1624 1.75803 0.000224891
-38.8025 -63.4489 1.75525 0.000262849
-38.2043 -62.9423 1.76186 0.000186145
-38.8587 -62.5778 1.76487 0.000207314
-37.9027 -63.2654 1.7601 2.07236e-10
-38.7379 -63.3579 1.77624 5.5118e-06
-38.233 -63.0159 1.76781 7.50518e-05
-38.4941 -63.7226 1.77042 2.81503e-08
