116.905 -22.5223 3.40313 2.83019e-05
116.748 -22.4894 3.39757 1.03948e-05
117.213 -22.1117 3.40052 5.83197e-12
116.699 -22.6274 3.3904 0.000781498
117.16 -22.1992 3.37598 2.64968e-17
116.579 -22.5132 3.38169 4.82405e-07
116.989 -22.3467 3.39831 6.82732e-07
116.772 -22.1231 3.37551 6.31382e-16
116.776 -22.4822 3.38664 9.01871e-06
117.377 -22.2315 3.41551 4.84328e-13
116.917 -22.7722 3.38913 0.0390849
116.228 -23.0631 3.39792 9.00302e-09
117.237 -22.1713 3.3801 3.52413e-16
117.034 -22.5353 3.39344 0.000635313
117.521 -22.0081 3.40282 3.56534e-16
116.781 -22.3042 3.37916 8.61105e-11
116.33 -22.2874 3.38584 4.30033e-12
116.942 -22.5591 3.38652 7.6087e-05
116.808 -21.9622 3.39387 6.55125e-16
116.403 -22.5734 3.38208 2.33445e-07
116.906 -22.7476 3.39002 0.0382261
116.529 -22.4472 3.39765 1.02442e-08
116.725 -22.9063 3.40568 0.000474776
116.396 -22.3994 3.38854 1.65411e-09
116.614 -21.9981 3.37928 3.60737e-17
116.956 -22.3017 3.40149 2.36824e-08
116.976 -22.8281 3.38302 0.000586956
117.391 -22.3236 3.41301 4.97978e-10
116.702 -22.4813 3.40464 2.02943e-08
116.851 -22.2118 3.38421 6.76837e-11
116.582 -22.4271 3.37983 1.04658e-08
117.437 -22.2011 3.41012 7.65863e-12
117.563 -22.7008 3.3915 8.89858e-07
116.519 -22.4636 3.40337 8.39238e-11
116.801 -22.5689 3.39422 0.00061381
117.216 -22.8869 3.37445 1.19717e-11
116.506 -22.7212 3.39686 2.12405e-05
116.914 -21.7315 3.379 3.34899e-25
116.877 -22.2478 3.40951 5.21856e-13
117.129 -22.1785 3.39773 3.59745e-10
116.811 -22.6112 3.38267 2.82479e-05
116.651 -22.4153 3.38211 4.88465e-08
116.433 -22.6857 3.39622 1.3093e-06
117.503 -22.5994 3.41517 4.02066e-06
116.344 -22.4271 3.38841 1.0163e-09
116.777 -22.9243 3.39518 0.365747
116.717 -22.5924 3.37737 1.59874e-07
116.733 -22.7366 3.39527 0.0119707
116.876 -22.8018 3.38371 0.00179073
117.363 -22.8161 3.41165 0.0146944
116.597 -22.0264 3.38317 1.18585e-15
116.738 -22.4811 3.39294 1.98212e-05
117.434 -22.5082 3.39362 1.48437e-06
116.603 -22.1283 3.38006 5.81749e-14
117.092 -22.2162 3.39818 2.4336e-09
116.693 -22.2341 3.37644 4.51189e-13
116.435 -22.6547 3.37378 6.64797e-09
117.073 -22.1362 3.38779 3.44429e-12
116.7 -22.7383 3.38173 0.000165952
116.452 -22.4174 3.37806 6.33348e-10
117.317 -22.5228 3.39745 0.000139269
116.854 -22.6113 3.39074 0.00216059
116.646 -22.5698 3.39299 6.86721e-05
116.793 -22.3622 3.40264 1.07554e-08
116.753 -22.4044 3.40121 6.97015e-08
116.252 -22.4785 3.3885 2.79359e-10
116.688 -22.3271 3.38454 8.44724e-09
116.739 -22.2244 3.3967 2.18369e-10
117.003 -21.6356 3.39697 8.59396e-26
116.726 -22.3568 3.40055 8.38597e-09
116.593 -22.8582 3.38903 0.00876582
117.393 -22.5491 3.3916 3.13074e-06
117.528 -22.3072 3.40235 2.81911e-09
117.14 -22.58 3.40345 0.00158274
116.854 -22.1077 3.3906 4.58464e-12
117.211 -22.241 3.40132 4.36363e-09
117.237 -22.5458 3.3968 0.000606407
116.288 -22.4628 3.39735 2.78082e-12
116.348 -22.1405 3.38943 3.46285e-15
116.966 -22.3966 3.40137 1.62712e-06
117.095 -22.369 3.41477 3.17435e-11
116.2 -22.99 3.37498 1.36736e-08
117.484 -22.4376 3.39836 5.48866e-07
116.543 -22.1622 3.39225 8.54409e-13
117.453 -22.3088 3.40044 9.06241e-09
117.368 -22.0079 3.39054 1.0188e-16
116.858 -22.9551 3.3904 0.491389
116.723 -22.5592 3.38203 4.82857e-06
116.929 -22.1552 3.40882 2.94093e-14
116.802 -21.93 3.38867 8.32481e-17
117.305 -21.8211 3.39984 3.04549e-20
116.757 -21.8834 3.39141 3.26326e-18
116.649 -22.5737 3.39584 3.80364e-05
117.208 -22.5987 3.39143 0.000383271
116.853 -22.4818 3.38702 1.26786e-05
117.023 -22.0718 3.37148 1.62925e-21
116.759 -22.7872 3.39848 0.0198685
117.045 -22.3734 3.38923 4.33951e-07
117.353 -22.5007 3.38269 1.18982e-10
116.889 -22.356 3.38513 4.81915e-08
