142.445 -16.3919 3.34984 3.89137e-08 142.24 -15.83 3.35
142.37 -15.6725 3.35286 0.0533972 142.24 -15.83 3.35
142.352 -16.1359 3.345 5.27086e-05 142.24 -15.83 3.35
141.772 -15.6829 3.32581 6.09599e-12 142.24 -15.83 3.35
142.605 -15.9299 3.33587 1.76565e-06 142.24 -15.83 3.35
142.261 -16.405 3.34894 2.72525e-09 142.24 -15.83 3.35
142.113 -16.2611 3.35898 7.16195e-11 142.24 -15.83 3.35
142.435 -16.0757 3.36651 2.76174e-07 142.24 -15.83 3.35
142.553 -15.6689 3.34999 0.183628 142.24 -15.83 3.35
142.258 -15.9806 3.34411 0.00040076 142.24 -15.83 3.35
141.829 -16.4927 3.33127 7.13907e-16 142.24 -15.83 3.35
141.671 -16.2067 3.35165 1.28089e-15 142.24 -15.83 3.35
142.541 -15.5594 3.3548 0.256712 142.24 -15.83 3.35
142.469 -15.6796 3.34536 0.0298835 142.24 -15.83 3.35
142.454 -15.9997 3.34781 0.00360795 142.24 -15.83 3.35
142.647 -16.0434 3.33202 1.49288e-09 142.24 -15.83 3.35
142.295 -16.1963 3.3343 2.81789e-08 142.24 -15.83 3.35
142.579 -16.204 3.36224 2.2972e-06 142.24 -15.83 3.35
142.374 -16.0963 3.35755 3.66644e-05 142.24 -15.83 3.35
142.384 -15.5699 3.34898 0.043451 142.24 -15.83 3.35
142.838 -16.9086 3.36472 6.7218e-23 142.24 -15.83 3.35
142.643 -15.2628 3.36454 0.00274241 142.24 -15.83 3.35
142.515 -15.8165 3.33891 0.000250746 142.24 -15.83 3.35
142.282 -15.685 3.33742 0.000125506 142.24 -15.83 3.35
141.576 -15.2287 3.34442 6.12337e-15 142.24 -15.83 3.35
142.1 -15.7574 3.34099 0.000120205 142.24 -15.83 3.35
142.165 -16.5541 3.33542 1.00937e-13 142.24 -15.83 3.35
142.761 -15.9256 3.35819 0.0320221 142.24 -15.83 3.35
142.482 -16.3673 3.33892 3.20903e-09 142.24 -15.83 3.35
142.517 -16.4501 3.37295 3.19972e-16 142.24 -15.83 3.35
142.246 -16.0015 3.37673 2.00522e-15 142.24 -15.83 3.35
142.524 -16.0838 3.34855 0.000933368 142.24 -15.83 3.35
142.61 -15.9708 3.38516 7.2672e-16 142.24 -15.83 3.35
142.54 -16.1082 3.35495 0.000570441 142.24 -15.83 3.35
142.193 -15.5783 3.35796 0.000205199 142.24 -15.83 3.35
142.608 -16.082 3.34672 0.000495819 142.24 -15.83 3.35
142.252 -16.0102 3.35006 0.000303801 142.24 -15.83 3.35
142.208 -16.5676 3.32961 9.0312e-16 142.24 -15.83 3.35
142.734 -15.7997 3.355 0.193026 142.24 -15.83 3.35
141.992 -16.3242 3.3616 3.46482e-15 142.24 -15.83 3.35
142.333 -15.7362 3.33209 8.51604e-07 142.24 -15.83 3.35
142.172 -15.9139 3.33087 1.09522e-07 142.24 -15.83 3.35
142.395 -15.8549 3.35191 0.0247266 142.24 -15.83 3.35
142.407 -16.0094 3.34168 0.000267725 142.24 -15.83 3.35
142.587 -16.4059 3.3547 2.64068e-08 142.24 -15.83 3.35
142.581 -15.5056 3.35065 0.11943 142.24 -15.83 3.35
142.496 -16.0433 3.34605 0.00109301 142.24 -15.83 3.35
142.525 -15.9444 3.32468 8.1083e-13 142.24 -15.83 3.35
142.566 -15.933 3.34059 0.000235762 142.24 -15.83 3.35
141.545 -15.8052 3.34682 9.21612e-14 142.24 -15.83 3.35
142.036 -15.4475 3.3358 3.4621e-07 142.24 -15.83 3.35
142.471 -16.1938 3.33093 3.34663e-10 142.24 -15.83 3.35
142.116 -15.6545 3.34571 0.000516496 142.24 -15.83 3.35
142.143 -15.9514 3.34261 7.97474e-05 142.24 -15.83 3.35
142.192 -16.3205 3.3389 7.1723e-09 142.24 -15.83 3.35
142.092 -15.5674 3.34279 0.000119699 142.24 -15.83 3.35
142.256 -15.6425 3.35695 0.0019109 142.24 -15.83 3.35
142.483 -16.3001 3.37571 2.16315e-15 142.24 -15.83 3.35
142.265 -15.7505 3.35452 0.00405097 142.24 -15.83 3.35
142.15 -16.2118 3.33274 3.02591e-09 142.24 -15.83 3.35
142.829 -15.5625 3.34169 2.96968e-05 142.24 -15.83 3.35
142.231 -16.0209 3.3681 3.79529e-10 142.24 -15.83 3.35
142.126 -15.3719 3.36807 7.4113e-10 142.24 -15.83 3.35
142.034 -16.0182 3.34932 1.61018e-06 142.24 -15.83 3.35
142.309 -16.2751 3.36613 1.6304e-11 142.24 -15.83 3.35
141.88 -15.719 3.33013 3.23212e-09 142.24 -15.83 3.35
142.333 -15.6 3.36607 3.06746e-05 142.24 -15.83 3.35
142.443 -16.3238 3.38015 7.91729e-20 142.24 -15.83 3.35
142.706 -16.1872 3.32932 4.04103e-13 142.24 -15.83 3.35
141.7 -15.6394 3.35265 1.48304e-11 142.24 -15.83 3.35
141.687 -15.0804 3.35155 1.88678e-15 142.24 -15.83 3.35
141.844 -16.2529 3.37019 5.12246e-23 142.24 -15.83 3.35
142.282 -16.336 3.33589 1.51047e-09 142.24 -15.83 3.35
141.938 -16.2416 3.35078 1.03518e-10 142.24 -15.83 3.35
142.318 -15.5946 3.36621 1.7319e-05 142.24 -15.83 3.35
142.497 -16.1076 3.35123 0.000621209 142.24 -15.83 3.35
142.177 -15.6254 3.36122 1.41892e-05 142.24 -15.83 3.35
143.54 -15.8542 3.3639 1.38371e-08 142.24 -15.83 3.35
142.369 -16.5441 3.35368 6.96388e-12 142.24 -15.83 3.35
142.329 -15.5 3.33391 1.22091e-06 142.24 -15.83 3.35
142.708 -16.0549 3.32611 2.31862e-14 142.24 -15.83 3.35
142.593 -16.0953 3.34484 0.000170916 142.24 -15.83 3.35
142.827 -15.5527 3.34666 0.00279292 142.24 -15.83 3.35
142.125 -16.0408 3.3501 9.96981e-06 142.24 -15.83 3.35
141.958 -16.0194 3.35806 4.89438e-10 142.24 -15.83 3.35
142.609 -15.8954 3.36375 0.00338698 142.24 -15.83 3.35
142.025 -15.4614 3.34389 1.19291e-05 142.24 -15.83 3.35
142.275 -15.8603 3.35665 0.000753298 142.24 -15.83 3.35
142.345 -15.9457 3.34835 0.00395768 142.24 -15.83 3.35
142.327 -15.4105 3.34395 0.000890404 142.24 -15.83 3.35
142.24 -15.7085 3.34623 0.00553535 142.24 -15.83 3.35
142.726 -15.8851 3.34985 0.0243627 142.24 -15.83 3.35
142.45 -16.6817 3.34153 9.62062e-15 142.24 -15.83 3.35
142.49 -16.005 3.34613 0.00232227 142.24 -15.83 3.35
142.287 -15.7652 3.35962 0.00056126 142.24 -15.83 3.35
142.529 -15.4974 3.33914 9.677e-05 142.24 -15.83 3.35
142.249 -15.9747 3.36055 4.75187e-06 142.24 -15.83 3.35
142.68 -16.0015 3.34063 2.47074e-05 142.24 -15.83 3.35
142.272 -16.3106 3.34329 9.54565e-08 142.24 -15.83 3.35
141.645 -16.223 3.34626 8.9005e-15 142.24 -15.83 3.35
