272.584 21.3553 5.52973 1.15635e-05 272.4 21.477 5.5187
271.829 21.5142 5.50698 2.89067e-08 272.4 21.477 5.5187
272.661 21.2015 5.53582 2.77945e-11 272.4 21.477 5.5187
272.575 21.6511 5.52808 0.000400219 272.4 21.477 5.5187
272.167 21.4736 5.53148 0.000144226 272.4 21.477 5.5187
272.394 21.8451 5.52868 0.000182621 272.4 21.477 5.5187
272.213 21.2006 5.52341 0.000115406 272.4 21.477 5.5187
272.5 21.7421 5.5221 0.00886123 272.4 21.477 5.5187
272.25 21.9595 5.51027 6.77952e-06 272.4 21.477 5.5187
271.872 21.416 5.51913 2.2981e-06 272.4 21.477 5.5187
272.25 22.003 5.53166 3.47035e-07 272.4 21.477 5.5187
272.335 21.3762 5.52659 0.00302676 272.4 21.477 5.5187
272.01 22.0413 5.51205 9.79514e-10 272.4 21.477 5.5187
272.26 21.0321 5.51432 1.02169e-05 272.4 21.477 5.5187
271.887 21.5263 5.51664 7.72435e-06 272.4 21.477 5.5187
272.061 21.6135 5.50352 3.88797e-05 272.4 21.477 5.5187
272.236 21.9029 5.51482 0.000185349 272.4 21.477 5.5187
272.582 21.1403 5.52881 4.53847e-08 272.4 21.477 5.5187
272.765 21.5698 5.51567 0.000739231 272.4 21.477 5.5187
271.823 21.691 5.52178 1.37447e-07 272.4 21.477 5.5187
272.628 21.1901 5.51927 7.7292e-05 272.4 21.477 5.5187
272.24 20.9641 5.50931 6.52089e-07 272.4 21.477 5.5187
272.873 21.672 5.53469 2.55589e-11 272.4 21.477 5.5187
272.239 21.0824 5.51611 4.05193e-05 272.4 21.477 5.5187
272.238 22.1574 5.51695 2.54369e-09 272.4 21.477 5.5187
272.616 21.3624 5.5003 0.0043291 272.4 21.477 5.5187
272.27 21.509 5.51391 0.265435 272.4 21.477 5.5187
271.544 21.3825 5.51669 4.9564e-15 272.4 21.477 5.5187
272.41 21.7511 5.50529 0.00333041 272.4 21.477 5.5187
272.44 21.1478 5.51724 0.000656166 272.4 21.477 5.5187
272.435 21.4556 5.50259 0.0513125 272.4 21.477 5.5187
272.56 21.738 5.50036 0.000186975 272.4 21.477 5.5187
272.037 21.2075 5.526 1.13708e-06 272.4 21.477 5.5187
273.073 21.5455 5.5105 1.30431e-09 272.4 21.477 5.5187
271.677 21.159 5.53314 6.39046e-16 272.4 21.477 5.5187
271.918 21.3203 5.534 3.50499e-09 272.4 21.477 5.5187
272.221 21.9817 5.52229 1.13686e-05 272.4 21.477 5.5187
271.868 21.593 5.50497 3.6878e-08 272.4 21.477 5.5187
272.618 21.1819 5.52492 2.25219e-06 272.4 21.477 5.5187
272.639 21.0772 5.51627 4.56806e-06 272.4 21.477 5.5187
272.721 21.3586 5.52203 7.29719e-05 272.4 21.477 5.5187
272.021 21.8198 5.51179 6.78641e-06 272.4 21.477 5.5187
272.136 21.8932 5.50743 2.51749e-06 272.4 21.477 5.5187
271.808 21.6285 5.53231 4.69601e-09 272.4 21.477 5.5187
272.476 21.8257 5.51058 0.00239571 272.4 21.477 5.5187
271.865 21.0571 5.51243 2.51249e-10 272.4 21.477 5.5187
272.437 21.421 5.5201 0.0956624 272.4 21.477 5.5187
271.824 21.9094 5.52742 6.49475e-10 272.4 21.477 5.5187
271.85 21.0791 5.50353 2.82726e-11 272.4 21.477 5.5187
272.814 21.8616 5.51888 3.94599e-07 272.4 21.477 5.5187
272.003 21.5543 5.54728 2.09706e-12 272.4 21.477 5.5187
272.223 21.0773 5.52898 2.96995e-08 272.4 21.477 5.5187
271.997 20.9634 5.52715 4.75425e-12 272.4 21.477 5.5187
272.204 22.0422 5.51385 2.83959e-07 272.4 21.477 5.5187
272.617 21.0778 5.52432 6.68875e-08 272.4 21.477 5.5187
272.228 21.9169 5.50767 8.19446e-06 272.4 21.477 5.5187
272.292 22.0068 5.51432 5.16828e-06 272.4 21.477 5.5187
272.238 21.3561 5.53179 3.49933e-05 272.4 21.477 5.5187
272.332 21.2656 5.51783 0.0162525 272.4 21.477 5.5187
272.169 21.166 5.49422 3.60109e-07 272.4 21.477 5.5187
272.673 20.9584 5.50531 1.48686e-07 272.4 21.477 5.5187
272.742 21.2401 5.52092 5.32353e-06 272.4 21.477 5.5187
272.217 21.0759 5.50176 8.29076e-06 272.4 21.477 5.5187
272.667 21.4286 5.50874 0.0195502 272.4 21.477 5.5187
272.193 20.9018 5.51953 1.17307e-09 272.4 21.477 5.5187
272.2 21.6595 5.52336 0.0155826 272.4 21.477 5.5187
271.864 21.2745 5.50722 3.83106e-08 272.4 21.477 5.5187
272.428 21.4502 5.51579 0.366478 272.4 21.477 5.5187
272.472 21.8881 5.52435 0.000195971 272.4 21.477 5.5187
271.966 21.6188 5.51309 6.90734e-05 272.4 21.477 5.5187
272.486 21.3559 5.52012 0.0267336 272.4 21.477 5.5187
272.266 21.0889 5.52878 7.99294e-08 272.4 21.477 5.5187
272.288 21.4551 5.52383 0.0319211 272.4 21.477 5.5187
272.076 21.5605 5.50813 0.00112402 272.4 21.477 5.5187
271.892 21.7213 5.51153 4.03472e-07 272.4 21.477 5.5187
273.04 21.3447 5.52326 8.4786e-12 272.4 21.477 5.5187
272.496 21.0118 5.52187 1.68576e-07 272.4 21.477 5.5187
272.735 21.2387 5.52578 2.19352e-07 272.4 21.477 5.5187
272.525 21.3409 5.52913 4.72523e-05 272.4 21.477 5.5187
272.232 21.3477 5.50417 0.00881766 272.4 21.477 5.5187
272.855 21.539 5.51153 5.65762e-05 272.4 21.477 5.5187
272.339 21.3831 5.53437 7.54232e-06 272.4 21.477 5.5187
272.35 21.6585 5.52634 0.0128991 272.4 21.477 5.5187
272.297 21.0821 5.52205 6.68572e-06 272.4 21.477 5.5187
272.608 21.5622 5.51978 0.0179907 272.4 21.477 5.5187
272.722 21.095 5.52301 1.90771e-08 272.4 21.477 5.5187
272.577 21.3848 5.5224 0.00368759 272.4 21.477 5.5187
272.482 21.4399 5.52915 0.000498605 272.4 21.477 5.5187
272.724 22.306 5.51079 7.71788e-16 272.4 21.477 5.5187
272.49 21.6887 5.52249 0.0193699 272.4 21.477 5.5187
272.476 21.253 5.50388 0.0137732 272.4 21.477 5.5187
272.217 21.6099 5.52746 0.00516068 272.4 21.477 5.5187
272.493 21.0481 5.50466 5.80867e-05 272.4 21.477 5.5187
272.419 21.4882 5.49105 1.17784e-05 272.4 21.477 5.5187
272.248 21.2896 5.53152 9.31957e-06 272.4 21.477 5.5187
272.715 21.0864 5.50685 8.42314e-06 272.4 21.477 5.5187
272.212 21.5685 5.52917 0.00200045 272.4 21.477 5.5187
272.197 21.3085 5.52636 0.000362662 272.4 21.477 5.5187
272.458 21.0391 5.52251 5.90914e-07 272.4 21.477 5.5187
272.224 21.0072 5.53974 9.29483e-15 272.4 21.477 5.5187
