144.786 -14.4114 3.36043 1.48635e-22
145.154 -15.3942 3.35741 1.74308e-07
144.797 -14.6089 3.33689 9.59882e-11
146.062 -15.2457 3.35988 3.35402e-09
144.866 -14.787 3.34465 3.67861e-08
145.559 -15.2433 3.34975 0.00363138
145.221 -14.6569 3.36319 9.32783e-14
145.993 -14.8614 3.36601 6.80508e-12
145.934 -15.0007 3.36089 7.96428e-09
145.556 -14.4729 3.35545 3.16477e-12
145.638 -14.4501 3.36394 3.88484e-15
145.152 -14.7428 3.34529 1.10229e-06
144.991 -15.0542 3.34296 0.00082087
145.262 -15.3735 3.33918 0.35306
145.58 -15.5887 3.34594 0.00213717
144.875 -15.8297 3.3638 1.6459e-20
145.766 -15.2641 3.33272 1.33226e-06
145.017 -14.9769 3.34703 3.32782e-05
145.293 -15.1587 3.31981 3.07719e-07
145.797 -15.3623 3.35494 1.28054e-05
145.68 -15.0948 3.35084 0.000206732
145.878 -14.9518 3.34413 1.83052e-07
145.711 -15.4945 3.34174 0.000764335
145.662 -15.2247 3.35991 1.52875e-06
145.575 -14.909 3.35699 1.14501e-06
145.452 -14.6672 3.35725 1.59672e-09
145.39 -14.81 3.34568 2.07742e-05
145.141 -14.9249 3.34488 0.000204755
145.337 -15.1039 3.35851 1.09274e-06
145.031 -15.4118 3.34083 0.06296
145.461 -15.2569 3.35809 8.64253e-06
145.753 -15.8055 3.35317 4.13521e-08
145.858 -15.4243 3.36787 9.98194e-12
145.034 -15.3651 3.3431 0.0220405
145.461 -14.6765 3.33688 1.71315e-08
145.931 -15.3133 3.36107 2.13224e-08
145.47 -14.9385 3.35835 5.48602e-07
145.499 -15.0368 3.34528 0.00234586
145.372 -15.0802 3.3375 0.00986947
145.098 -14.8801 3.3535 1.25613e-07
145.481 -15.3042 3.34135 0.0600849
145.231 -14.4865 3.34919 2.36952e-11
145.665 -15.1601 3.34965 0.000696347
145.668 -14.9558 3.36462 1.81526e-09
145.968 -14.8305 3.35477 2.1617e-09
144.956 -15.1186 3.35758 7.08321e-10
145.41 -15.2768 3.36455 1.20034e-09
145.305 -15.2849 3.37368 4.87281e-18
145.436 -15.1648 3.34803 0.00890447
145.297 -15.4886 3.36346 1.10401e-10
145.815 -15.288 3.36102 1.40021e-07
145.268 -15.4249 3.33813 0.375805
145.944 -14.7628 3.34885 5.93904e-10
145.532 -14.9162 3.34629 0.000132621
145.479 -14.52 3.34946 2.00149e-10
145.44 -14.7493 3.36292 7.14253e-11
145.486 -15.2586 3.3554 0.00012488
145.789 -15.1276 3.36218 5.969e-08
145.264 -14.8397 3.34775 2.17041e-05
145.545 -15.129 3.361 4.08882e-07
145.558 -14.5341 3.35929 4.328e-12
145.894 -15.3147 3.36355 3.83377e-09
145.529 -14.815 3.35887 3.59112e-08
145.294 -15.0388 3.34518 0.00497326
145.454 -14.975 3.34948 0.00034655
145.631 -15.5343 3.35781 1.18636e-06
145.235 -15.3741 3.35466 2.60905e-05
145.86 -15.136 3.33149 1.75104e-09
145.6 -15.3625 3.35572 5.91951e-05
145.279 -15.5041 3.35142 0.000377424
145.699 -15.2838 3.34232 0.00134571
145.413 -14.9543 3.3537 2.3691e-05
145.4 -15.12 3.35681 1.3737e-05
145.883 -15.1982 3.36042 1.02349e-07
145.273 -15.7955 3.36809 3.89384e-18
145.763 -15.0764 3.37005 4.35724e-12
145.215 -14.9563 3.34561 0.000605943
145.778 -14.7085 3.34074 5.07694e-10
145.19 -15.6145 3.34588 0.00348455
145.597 -15.3371 3.33749 0.00497632
145.771 -15.0014 3.35826 5.40327e-07
145.433 -15.0771 3.35599 2.44159e-05
145.776 -15.069 3.35363 1.32264e-05
145.923 -15.7212 3.34839 6.9144e-08
145.455 -14.5687 3.36613 8.76113e-15
145.299 -14.4529 3.37329 1.03665e-22
145.144 -15.1785 3.34646 0.006033
145.903 -14.8873 3.34704 4.3835e-08
144.992 -15.6138 3.33954 0.0166596
145.673 -15.191 3.37679 2.05842e-17
145.215 -15.1426 3.34553 0.0132062
145.559 -14.6309 3.35203 6.53548e-09
145.437 -14.5606 3.34667 1.86882e-09
145.21 -15.0111 3.37151 4.04509e-17
145.624 -15.265 3.35635 4.24554e-05
145.364 -15.3766 3.34628 0.0438719
145.448 -14.8487 3.36556 2.5223e-11
145.183 -15.6067 3.3531 4.38996e-06
145.331 -14.9266 3.35287 1.57643e-05
145.7 -14.3852 3.33573 2.1192e-17
