167.449 -12.616 3.25109 3.16901e-13 167.54 -12.054 3.2636
167.076 -12.0416 3.24387 1.71888e-08 167.54 -12.054 3.2636
167.828 -11.745 3.23948 1.22157e-16 167.54 -12.054 3.2636
167.654 -11.4424 3.26264 8.49783e-05 167.54 -12.054 3.2636
167.647 -12.1733 3.24624 1.36396e-09 167.54 -12.054 3.2636
167.231 -11.9541 3.25851 0.0110681 167.54 -12.054 3.2636
167.364 -12.1566 3.25392 0.000840155 167.54 -12.054 3.2636
167.282 -12.2632 3.26678 7.46622e-05 167.54 -12.054 3.2636
167.459 -11.7297 3.25166 0.00205099 167.54 -12.054 3.2636
167.432 -12.5671 3.26033 1.99165e-08 167.54 -12.054 3.2636
167.172 -11.7532 3.25722 0.00135537 167.54 -12.054 3.2636
167.211 -12.1225 3.25378 0.000253784 167.54 -12.054 3.2636
167.521 -12.1462 3.25744 0.0166997 167.54 -12.054 3.2636
167.547 -11.9261 3.27585 0.00052119 167.54 -12.054 3.2636
167.02 -12.061 3.27387 5.54713e-12 167.54 -12.054 3.2636
167.328 -11.6843 3.25258 0.00196364 167.54 -12.054 3.2636
166.87 -12.4488 3.26844 2.63092e-16 167.54 -12.054 3.2636
167.264 -12.1242 3.23946 5.21345e-12 167.54 -12.054 3.2636
167.521 -12.2083 3.25791 0.00575406 167.54 -12.054 3.2636
167.425 -11.9235 3.27985 4.48274e-08 167.54 -12.054 3.2636
167.57 -12.0605 3.25569 0.0159923 167.54 -12.054 3.2636
167.553 -12.1512 3.25895 0.0344187 167.54 -12.054 3.2636
166.774 -12.2952 3.27034 3.27479e-18 167.54 -12.054 3.2636
167.285 -11.8038 3.2484 0.000150215 167.54 -12.054 3.2636
166.704 -11.799 3.24804 1.69756e-11 167.54 -12.054 3.2636
167.388 -12.5597 3.2776 9.39321e-12 167.54 -12.054 3.2636
167.286 -12.4586 3.26047 3.6056e-07 167.54 -12.054 3.2636
167.716 -12.0288 3.2707 0.246277 167.54 -12.054 3.2636
166.978 -12.6343 3.25286 4.74185e-16 167.54 -12.054 3.2636
166.924 -12.2703 3.2606 8.37769e-10 167.54 -12.054 3.2636
167.193 -12.4945 3.25577 1.87986e-09 167.54 -12.054 3.2636
167.454 -12.0969 3.26616 0.0887587 167.54 -12.054 3.2636
167.342 -12.4956 3.26832 9.62147e-08 167.54 -12.054 3.2636
167.298 -11.7014 3.25178 0.00120774 167.54 -12.054 3.2636
167.17 -12.0292 3.26089 0.00109468 167.54 -12.054 3.2636
167.704 -12.1966 3.25978 0.00735199 167.54 -12.054 3.2636
166.978 -12.0147 3.26534 3.6108e-08 167.54 -12.054 3.2636
167.162 -12.1483 3.27192 7.30661e-08 167.54 -12.054 3.2636
167.107 -12.808 3.24219 1.08595e-25 167.54 -12.054 3.2636
167.668 -12.0487 3.27183 0.106261 167.54 -12.054 3.2636
167.333 -12.546 3.2615 2.09866e-08 167.54 -12.054 3.2636
166.818 -12.1705 3.25482 2.08364e-10 167.54 -12.054 3.2636
167.494 -12.3035 3.26034 0.00138286 167.54 -12.054 3.2636
166.333 -11.6594 3.27091 3.19745e-36 167.54 -12.054 3.2636
167.417 -11.853 3.25655 0.101829 167.54 -12.054 3.2636
167.196 -12.3876 3.24222 5.89891e-14 167.54 -12.054 3.2636
167.129 -12.5888 3.26067 1.10539e-11 167.54 -12.054 3.2636
166.779 -11.8465 3.2709 5.05808e-17 167.54 -12.054 3.2636
167.428 -12.2578 3.26513 0.00421021 167.54 -12.054 3.2636
166.917 -12.2239 3.25321 3.76464e-09 167.54 -12.054 3.2636
167.137 -11.8304 3.26935 6.82139e-07 167.54 -12.054 3.2636
167.726 -11.9474 3.24772 1.3253e-07 167.54 -12.054 3.2636
167.549 -12.2395 3.25657 0.000923827 167.54 -12.054 3.2636
167.66 -11.4292 3.26795 1.07875e-05 167.54 -12.054 3.2636
166.826 -11.9471 3.25893 1.71836e-09 167.54 -12.054 3.2636
167.394 -12.6921 3.27017 1.12136e-11 167.54 -12.054 3.2636
167.507 -12.6109 3.27884 1.03915e-11 167.54 -12.054 3.2636
167.231 -12.1626 3.26397 0.000462421 167.54 -12.054 3.2636
167.342 -12.2802 3.25469 4.51092e-05 167.54 -12.054 3.2636
167.011 -12.0962 3.26891 2.70839e-09 167.54 -12.054 3.2636
166.919 -12.2396 3.24467 8.4447e-12 167.54 -12.054 3.2636
166.908 -11.8413 3.25833 1.43953e-07 167.54 -12.054 3.2636
167.134 -12.2771 3.2816 2.30427e-16 167.54 -12.054 3.2636
167.092 -12.1767 3.27434 5.38649e-11 167.54 -12.054 3.2636
167.362 -12.139 3.26011 0.019293 167.54 -12.054 3.2636
167.57 -12.488 3.25691 1.14576e-07 167.54 -12.054 3.2636
167.643 -11.7005 3.24316 5.1789e-10 167.54 -12.054 3.2636
167.34 -12.4742 3.26417 7.12028e-07 167.54 -12.054 3.2636
167.582 -11.9147 3.24445 2.67005e-08 167.54 -12.054 3.2636
166.963 -12.1736 3.27904 2.93648e-18 167.54 -12.054 3.2636
167.259 -12.5992 3.27093 1.31004e-11 167.54 -12.054 3.2636
167.36 -12.5989 3.27164 2.27059e-10 167.54 -12.054 3.2636
167.129 -11.7263 3.2856 8.16173e-22 167.54 -12.054 3.2636
167.328 -11.6066 3.26061 0.00209992 167.54 -12.054 3.2636
167.354 -12.4324 3.26085 4.05613e-06 167.54 -12.054 3.2636
167.417 -12.12 3.26072 0.059329 167.54 -12.054 3.2636
166.973 -12.0353 3.26895 4.88106e-10 167.54 -12.054 3.2636
167.4 -11.7158 3.25282 0.00468821 167.54 -12.054 3.2636
167.253 -11.9825 3.25629 0.0102732 167.54 -12.054 3.2636
166.931 -12.2522 3.26349 3.85021e-10 167.54 -12.054 3.2636
167.576 -11.9116 3.25774 0.190876 167.54 -12.054 3.2636
167.348 -11.6904 3.25788 0.0171511 167.54 -12.054 3.2636
166.827 -12.4331 3.25297 3.9976e-14 167.54 -12.054 3.2636
167.484 -12.2911 3.24784 1.08996e-08 167.54 -12.054 3.2636
167.282 -12.4701 3.26628 1.18565e-07 167.54 -12.054 3.2636
167.264 -12.564 3.26501 1.60687e-09 167.54 -12.054 3.2636
167.564 -12.1701 3.24725 5.60436e-08 167.54 -12.054 3.2636
167.768 -12.4367 3.25643 4.28497e-08 167.54 -12.054 3.2636
167.273 -12.051 3.24429 1.16139e-07 167.54 -12.054 3.2636
166.964 -11.5994 3.25774 8.11208e-08 167.54 -12.054 3.2636
167.292 -12.3429 3.25324 1.06624e-06 167.54 -12.054 3.2636
167.703 -12.5117 3.24778 6.91964e-15 167.54 -12.054 3.2636
167.358 -12.3068 3.26928 5.07999e-05 167.54 -12.054 3.2636
166.842 -12.0602 3.2415 3.41011e-12 167.54 -12.054 3.2636
166.842 -11.8435 3.25868 4.46867e-09 167.54 -12.054 3.2636
167.299 -11.9261 3.2432 1.29827e-07 167.54 -12.054 3.2636
167.707 -12.3299 3.2688 0.00323853 167.54 -12.054 3.2636
167.353 -12.5181 3.27207 4.91913e-09 167.54 -12.054 3.2636
167.387 -11.8503 3.24343 1.78192e-07 167.54 -12.054 3.2636
167.568 -12.2179 3.26657 0.0419481 167.54 -12.054 3.2636
