62.4017 15.3688 0.139384 1.44701e-09
62.7825 15.0833 0.136288 0.00474145
62.4284 15.1707 0.129822 3.07702e-09
62.4756 14.7728 0.145216 9.10269e-09
63.2284 15.1378 0.15626 9.64463e-08
62.5132 14.612 0.1552 4.52521e-13
62.5638 15.0429 0.129222 1.00942e-06
62.925 15.358 0.122876 1.99604e-05
63.1642 14.9869 0.140204 0.143126
63.412 15.4178 0.129202 0.0115056
63.0535 15.6924 0.152788 8.56391e-10
61.9073 15.6222 0.134121 2.73534e-25
62.5036 15.1827 0.135658 5.81704e-07
63.3844 15.7381 0.136296 1.14311e-06
62.3653 14.9746 0.145033 1.26477e-09
62.6636 15.6025 0.132375 1.62393e-08
62.9366 15.0193 0.141036 0.0310374
62.7994 15.6903 0.142602 4.77324e-08
62.7928 15.7769 0.14878 1.10583e-10
62.3169 15.2176 0.118381 1.49809e-16
62.443 15.1534 0.13198 1.94215e-08
62.7568 15.4899 0.14008 1.1535e-05
62.4297 15.3396 0.124547 7.40832e-12
62.2774 15.1365 0.157208 9.97685e-15
62.6956 14.8092 0.13796 0.000105276
62.5811 14.5513 0.146103 1.12242e-09
63.5145 15.1383 0.118255 0.00629911
62.9937 15.6713 0.121428 2.99215e-09
62.7608 14.9987 0.152591 1.17279e-06
62.8269 15.1818 0.134129 0.00648802
62.4708 14.902 0.138377 1.80776e-07
62.7192 15.3702 0.142958 2.91519e-05
62.5223 14.8536 0.123005 1.10133e-09
63.5931 15.6692 0.160939 1.37055e-16
62.6534 15.2394 0.122866 7.27166e-08
62.2681 15.2242 0.144425 1.34712e-11
62.9357 15.1054 0.135178 0.0740017
62.065 14.7617 0.122406 2.32299e-21
62.2059 15.6778 0.138855 3.85576e-17
63.0255 14.9359 0.126574 0.0250816
62.8347 15.5071 0.149292 6.2594e-07
63.1571 15.3768 0.147979 0.00013525
63.0652 15.7887 0.156339 5.67306e-13
62.9656 15.1307 0.134188 0.0958495
62.4061 15.6499 0.158886 7.11209e-17
62.7186 15.3433 0.14572 1.4708e-05
62.7689 15.2433 0.136101 0.00125136
62.7496 15.1237 0.140709 0.00128293
62.609 14.9571 0.125122 3.57715e-07
62.6965 15.022 0.141467 0.000316367
62.629 14.9365 0.147497 2.48603e-06
63.6294 15.3969 0.149894 1.66258e-08
62.5779 15.4193 0.144012 1.91488e-07
62.6817 14.9371 0.142609 0.000101983
62.8823 15.5134 0.13474 7.72063e-05
62.5999 14.8342 0.130667 2.4761e-06
62.7727 15.3641 0.130032 5.01235e-05
62.8905 15.1267 0.143346 0.00669972
63.1129 15.841 0.133471 6.5247e-07
62.6917 14.9012 0.133921 0.000215486
63.1153 14.8585 0.134022 0.177583
62.2487 15.8805 0.136972 6.45797e-20
62.6638 14.7011 0.126305 3.62256e-07
62.1185 15.0583 0.145993 7.29819e-15
62.4016 14.7429 0.156443 6.94848e-14
62.8298 15.4975 0.166196 6.72107e-16
62.9135 15.3992 0.163594 5.01061e-13
62.6539 15.348 0.143346 7.22471e-06
62.4476 15.7269 0.136752 3.78773e-13
63.1314 15.1827 0.141468 0.0667969
62.9992 15.1691 0.145821 0.00445283
62.5097 15.0908 0.139766 1.40057e-06
63.3965 15.4727 0.136345 0.00100474
62.3686 14.9928 0.131257 6.64798e-10
63.2802 15.3941 0.137754 0.00969977
62.2864 14.5085 0.139848 2.36024e-14
63.1178 15.2497 0.114672 7.19555e-07
62.34 15.3249 0.129576 6.26204e-12
62.5132 15.3611 0.146254 2.93286e-08
62.8673 15.0706 0.159727 1.14182e-09
62.6341 14.937 0.153877 1.62841e-08
63.0333 15.2054 0.133256 0.113168
63.1213 15.2149 0.134217 0.209058
62.508 14.7275 0.150234 5.77618e-10
62.0741 15.4325 0.140831 2.48938e-17
62.735 15.2093 0.130004 0.000162369
62.7992 15.0997 0.1353 0.00630331
62.4774 15.5181 0.134109 4.68482e-10
63.0635 15.435 0.139465 0.00321007
62.3699 14.995 0.141297 4.14151e-09
62.5954 14.8179 0.14359 1.83614e-06
62.2749 14.987 0.119079 1.29222e-16
62.6137 15.4047 0.145666 3.92844e-07
63.1743 15.6655 0.149464 2.33064e-08
62.0652 14.8024 0.129852 2.73598e-18
62.6659 15.5657 0.141692 1.34818e-07
62.7773 14.6169 0.136608 2.34123e-05
63.0682 15.5914 0.139235 6.65956e-05
62.5711 14.8289 0.143686 9.78682e-07
62.5887 15.285 0.137728 5.34826e-06
