32.567 -80.6401 3.86167 5.50095e-08 32.385 -80.705 3.8781
33.1972 -80.5722 3.87679 4.62196e-10 32.385 -80.705 3.8781
32.6628 -80.8044 3.86661 5.56349e-08 32.385 -80.705 3.8781
32.7574 -80.5126 3.89314 2.53449e-06 32.385 -80.705 3.8781
32.1853 -81.3956 3.87085 1.16261e-20 32.385 -80.705 3.8781
32.8015 -81.5194 3.87215 7.09851e-27 32.385 -80.705 3.8781
32.4821 -80.3673 3.89128 2.83631e-08 32.385 -80.705 3.8781
32.2561 -80.0523 3.87619 1.36893e-05 32.385 -80.705 3.8781
32.301 -80.3403 3.87914 0.00362831 32.385 -80.705 3.8781
32.8063 -80.6231 3.88955 0.000316559 32.385 -80.705 3.8781
32.3418 -80.7865 3.88844 3.17564e-08 32.385 -80.705 3.8781
31.5173 -80.8136 3.89043 4.93418e-38 32.385 -80.705 3.8781
32.554 -80.4116 3.87653 0.358769 32.385 -80.705 3.8781
32.6728 -80.7741 3.87993 0.00472475 32.385 -80.705 3.8781
32.8578 -80.6206 3.86993 1.0085e-06 32.385 -80.705 3.8781
33.1091 -80.5808 3.88914 5.07399e-06 32.385 -80.705 3.8781
32.8305 -81.2907 3.8756 1.44068e-16 32.385 -80.705 3.8781
32.8382 -80.5554 3.87305 0.000225026 32.385 -80.705 3.8781
32.7587 -80.7639 3.88058 0.00255914 32.385 -80.705 3.8781
32.2724 -81.1426 3.87563 4.28223e-11 32.385 -80.705 3.8781
32.2256 -80.9722 3.87635 1.13236e-07 32.385 -80.705 3.8781
32.6133 -81.2641 3.88043 8.53115e-13 32.385 -80.705 3.8781
32.4332 -80.8391 3.88992 2.7016e-08 32.385 -80.705 3.8781
32.6744 -81.559 3.85796 1.6326e-41 32.385 -80.705 3.8781
32.5769 -80.7014 3.88156 0.0187406 32.385 -80.705 3.8781
32.3579 -80.9373 3.88905 4.53407e-10 32.385 -80.705 3.8781
32.5849 -80.8418 3.88531 0.000115911 32.385 -80.705 3.8781
32.7795 -80.5426 3.89036 0.000137026 32.385 -80.705 3.8781
32.7956 -80.4952 3.86189 1.07169e-10 32.385 -80.705 3.8781
32.2884 -80.8802 3.88787 9.6319e-10 32.385 -80.705 3.8781
32.0532 -80.5984 3.88673 4.23978e-12 32.385 -80.705 3.8781
32.2528 -80.4492 3.8797 0.00148139 32.385 -80.705 3.8781
32.4125 -81.0151 3.87235 9.06473e-08 32.385 -80.705 3.8781
32.0073 -80.3888 3.8964 9.21019e-26 32.385 -80.705 3.8781
33.2718 -81.0215 3.88157 7.71795e-15 32.385 -80.705 3.8781
32.6626 -80.7215 3.88762 0.000445375 32.385 -80.705 3.8781
32.5955 -80.436 3.88943 3.03272e-05 32.385 -80.705 3.8781
32.1002 -80.807 3.87391 3.65581e-06 32.385 -80.705 3.8781
32.2535 -80.396 3.87923 0.00172834 32.385 -80.705 3.8781
32.5659 -80.6938 3.89001 9.81996e-06 32.385 -80.705 3.8781
32.3168 -81.1176 3.87867 3.53886e-10 32.385 -80.705 3.8781
31.9194 -80.7024 3.88485 1.25746e-14 32.385 -80.705 3.8781
32.3753 -80.9106 3.88054 9.06406e-06 32.385 -80.705 3.8781
33.2917 -80.5222 3.86374 1.74893e-24 32.385 -80.705 3.8781
32.921 -80.6938 3.89506 4.19501e-07 32.385 -80.705 3.8781
32.5004 -80.9571 3.89667 7.29043e-14 32.385 -80.705 3.8781
32.8136 -80.4409 3.87761 0.0130734 32.385 -80.705 3.8781
32.4273 -80.8666 3.8845 7.68283e-06 32.385 -80.705 3.8781
32.4766 -81.3366 3.88395 1.3027e-15 32.385 -80.705 3.8781
32.5364 -80.2151 3.86375 6.55891e-05 32.385 -80.705 3.8781
32.6123 -80.8975 3.88481 3.91065e-05 32.385 -80.705 3.8781
33.0889 -81.2213 3.87443 6.61615e-20 32.385 -80.705 3.8781
32.2353 -81.1027 3.87846 1.09174e-10 32.385 -80.705 3.8781
32.7161 -81.4897 3.87117 3.15784e-25 32.385 -80.705 3.8781
32.5205 -80.5508 3.88015 0.130271 32.385 -80.705 3.8781
32.1104 -80.8913 3.88264 3.42193e-10 32.385 -80.705 3.8781
32.9439 -81.1544 3.88966 4.15033e-11 32.385 -80.705 3.8781
32.5768 -80.6499 3.87837 0.0889105 32.385 -80.705 3.8781
32.8971 -80.97 3.89003 1.65236e-07 32.385 -80.705 3.8781
32.3884 -80.4005 3.88155 0.00541377 32.385 -80.705 3.8781
32.3296 -80.8223 3.88119 3.70677e-05 32.385 -80.705 3.8781
32.2053 -80.514 3.8638 0.00197704 32.385 -80.705 3.8781
31.8336 -80.9266 3.86514 2.47314e-12 32.385 -80.705 3.8781
32.4278 -80.5699 3.86492 0.000798693 32.385 -80.705 3.8781
32.6566 -80.6057 3.87234 0.00946064 32.385 -80.705 3.8781
33.0016 -80.8498 3.88225 1.55761e-06 32.385 -80.705 3.8781
32.5597 -80.8064 3.86428 2.47553e-08 32.385 -80.705 3.8781
33.086 -80.6252 3.88084 3.14168e-06 32.385 -80.705 3.8781
32.087 -81.1416 3.86966 1.7865e-13 32.385 -80.705 3.8781
33.015 -80.4487 3.88742 6.39773e-05 32.385 -80.705 3.8781
32.423 -81.1836 3.88533 3.65293e-12 32.385 -80.705 3.8781
32.3297 -81.2538 3.86438 3.39717e-18 32.385 -80.705 3.8781
33.1619 -81.2804 3.902 4.44096e-19 32.385 -80.705 3.8781
32.6409 -80.4161 3.88708 0.000886801 32.385 -80.705 3.8781
32.21 -80.5512 3.88186 3.2753e-05 32.385 -80.705 3.8781
32.6816 -80.48 3.8792 0.154852 32.385 -80.705 3.8781
32.5004 -80.3732 3.88998 5.89937e-07 32.385 -80.705 3.8781
32.674 -80.7974 3.87115 1.99176e-05 32.385 -80.705 3.8781
32.4998 -80.8735 3.87997 0.000240237 32.385 -80.705 3.8781
32.8992 -80.9959 3.86352 2.88559e-19 32.385 -80.705 3.8781
31.8596 -80.4681 3.88727 1.33998e-18 32.385 -80.705 3.8781
32.0848 -80.819 3.88244 1.11408e-09 32.385 -80.705 3.8781
32.0889 -80.8684 3.88012 4.77746e-09 32.385 -80.705 3.8781
32.7854 -80.8337 3.86369 5.79161e-13 32.385 -80.705 3.8781
32.728 -81.4892 3.90452 5.807e-29 32.385 -80.705 3.8781
33.2455 -80.9653 3.86251 5.38047e-31 32.385 -80.705 3.8781
33.14 -81.527 3.91435 1.39895e-35 32.385 -80.705 3.8781
32.0409 -81.0573 3.89122 3.26665e-21 32.385 -80.705 3.8781
32.3439 -80.4643 3.90516 1.95443e-27 32.385 -80.705 3.8781
32.5029 -81.139 3.89582 4.96475e-16 32.385 -80.705 3.8781
32.7716 -80.5123 3.87969 0.046725 32.385 -80.705 3.8781
32.5544 -81.0311 3.88857 7.27813e-09 32.385 -80.705 3.8781
32.5324 -81.3417 3.88535 1.28593e-15 32.385 -80.705 3.8781
32.2199 -80.6682 3.8803 8.54025e-05 32.385 -80.705 3.8781
32.4482 -81.0123 3.882 2.81465e-07 32.385 -80.705 3.8781
32.9005 -80.9433 3.89243 7.07632e-08 32.385 -80.705 3.8781
32.4698 -80.6004 3.8774 0.154083 32.385 -80.705 3.8781
32.1343 -80.814 3.87642 3.00273e-06 32.385 -80.705 3.8781
32.5059 -80.8902 3.90669 9.09584e-25 32.385 -80.705 3.8781
32.8198 -81.113 3.86699 3.77294e-17 32.385 -80.705 3.8781
