19.8567 5.95095 0.269876 0.0703195 19.877 6.079 0.27039
20.529 6.48093 0.287073 9.61361e-29 19.877 6.079 0.27039
20.5451 6.51111 0.25614 4.25744e-12 19.877 6.079 0.27039
19.4755 6.42934 0.265223 1.72597e-15 19.877 6.079 0.27039
19.8394 6.29457 0.281405 6.29565e-06 19.877 6.079 0.27039
20.5169 6.10938 0.268545 1.5376e-06 19.877 6.079 0.27039
19.9527 6.39622 0.259069 1.81897e-08 19.877 6.079 0.27039
19.7919 6.2691 0.264351 6.53527e-06 19.877 6.079 0.27039
20.2039 6.35711 0.269639 9.74857e-05 19.877 6.079 0.27039
19.9578 6.09102 0.264925 0.033587 19.877 6.079 0.27039
19.8136 6.08692 0.283266 4.7527e-05 19.877 6.079 0.27039
19.8075 6.50971 0.264485 4.83393e-10 19.877 6.079 0.27039
19.9787 6.03648 0.28336 6.54171e-06 19.877 6.079 0.27039
19.8451 5.97511 0.263545 0.000768296 19.877 6.079 0.27039
19.8295 6.20283 0.272067 0.00919244 19.877 6.079 0.27039
19.9622 5.98689 0.275302 0.0742524 19.877 6.079 0.27039
20.2753 6.41851 0.28371 2.87171e-15 19.877 6.079 0.27039
20.0451 6.33386 0.288281 1.16215e-13 19.877 6.079 0.27039
19.8721 6.32612 0.284924 1.33531e-08 19.877 6.079 0.27039
20.3521 5.98092 0.255097 8.1883e-05 19.877 6.079 0.27039
19.7066 6.02712 0.282979 6.96429e-05 19.877 6.079 0.27039
19.6471 6.26228 0.263145 1.80028e-09 19.877 6.079 0.27039
19.602 6.55555 0.272061 4.69415e-12 19.877 6.079 0.27039
20.0325 5.88684 0.274029 0.0457765 19.877 6.079 0.27039
20.436 6.05938 0.254078 1.07416e-05 19.877 6.079 0.27039
19.6229 6.83928 0.26118 1.00794e-26 19.877 6.079 0.27039
20.067 5.84437 0.265824 0.0601499 19.877 6.079 0.27039
19.4312 6.37868 0.248487 3.20055e-36 19.877 6.079 0.27039
19.951 6.56171 0.276693 1.32357e-09 19.877 6.079 0.27039
20.1553 6.60015 0.263564 3.77194e-10 19.877 6.079 0.27039
20.5293 6.55457 0.268696 7.61775e-14 19.877 6.079 0.27039
19.9029 6.06143 0.251157 1.5761e-12 19.877 6.079 0.27039
19.8175 5.84493 0.26923 0.00646847 19.877 6.079 0.27039
20.4569 6.62537 0.269053 2.07362e-14 19.877 6.079 0.27039
20.2153 5.96631 0.271362 0.0243857 19.877 6.079 0.27039
20.2109 6.47855 0.271396 1.36352e-07 19.877 6.079 0.27039
20.0949 6.71104 0.264973 2.29491e-13 19.877 6.079 0.27039
20.7702 6.46819 0.267245 7.11507e-18 19.877 6.079 0.27039
20.102 6.32223 0.282248 6.26524e-09 19.877 6.079 0.27039
20.3662 6.53169 0.263925 1.75163e-09 19.877 6.079 0.27039
20.5629 6.34323 0.276003 7.99144e-15 19.877 6.079 0.27039
19.8523 6.36083 0.253649 4.39443e-14 19.877 6.079 0.27039
20.2003 6.10888 0.272621 0.00914258 19.877 6.079 0.27039
19.7679 5.85252 0.265582 0.00011603 19.877 6.079 0.27039
19.705 5.8083 0.265352 2.81046e-06 19.877 6.079 0.27039
19.9405 6.1425 0.266793 0.0405498 19.877 6.079 0.27039
19.7011 6.18307 0.264158 8.6107e-07 19.877 6.079 0.27039
19.3389 6.41094 0.26635 7.24065e-19 19.877 6.079 0.27039
20.2298 6.55247 0.279342 1.2803e-13 19.877 6.079 0.27039
19.7081 5.56681 0.270652 4.401e-08 19.877 6.079 0.27039
19.66 5.68147 0.267756 1.11762e-07 19.877 6.079 0.27039
20.9169 6.20905 0.277485 5.76858e-29 19.877 6.079 0.27039
20.6992 6.49597 0.256566 3.23281e-14 19.877 6.079 0.27039
20.0865 6.01193 0.277322 0.0026955 19.877 6.079 0.27039
19.8628 6.37443 0.277971 8.42949e-06 19.877 6.079 0.27039
20.3324 6.25604 0.27124 2.828e-05 19.877 6.079 0.27039
19.8929 6.19076 0.276024 0.0084013 19.877 6.079 0.27039
20.0705 6.60059 0.262428 1.20356e-10 19.877 6.079 0.27039
19.7654 6.15545 0.259104 1.26947e-08 19.877 6.079 0.27039
19.6549 6.03511 0.267815 3.34339e-05 19.877 6.079 0.27039
19.0473 5.76282 0.271869 3.57497e-24 19.877 6.079 0.27039
19.6001 5.90326 0.254361 1.09918e-17 19.877 6.079 0.27039
20.1291 6.64228 0.263132 1.65955e-11 19.877 6.079 0.27039
20.0178 5.65649 0.272166 0.000279719 19.877 6.079 0.27039
20.3479 6.64595 0.249898 4.45452e-18 19.877 6.079 0.27039
20.5334 6.04034 0.277163 3.13805e-12 19.877 6.079 0.27039
20.2575 5.90881 0.264704 0.0421215 19.877 6.079 0.27039
20.3448 6.01832 0.276104 1.60399e-06 19.877 6.079 0.27039
20.075 6.41311 0.250773 1.0449e-13 19.877 6.079 0.27039
19.9541 6.56213 0.253939 3.43027e-16 19.877 6.079 0.27039
20.3047 6.0682 0.259545 0.00472401 19.877 6.079 0.27039
19.9371 5.85761 0.275774 0.0171851 19.877 6.079 0.27039
20.175 5.7544 0.261979 0.00150716 19.877 6.079 0.27039
20.605 6.12286 0.263264 4.951e-07 19.877 6.079 0.27039
19.7634 6.09326 0.256887 3.44275e-10 19.877 6.079 0.27039
20.0531 5.81312 0.265138 0.0227477 19.877 6.079 0.27039
19.7717 5.93995 0.271115 0.0138165 19.877 6.079 0.27039
19.9014 5.92203 0.274255 0.0803223 19.877 6.079 0.27039
20.0505 6.24245 0.261734 0.000789131 19.877 6.079 0.27039
19.3929 6.63779 0.275956 4.20048e-18 19.877 6.079 0.27039
19.7522 5.50568 0.293359 7.2582e-19 19.877 6.079 0.27039
19.9718 6.6679 0.246654 5.51029e-27 19.877 6.079 0.27039
20.0315 6.09322 0.270297 0.274784 19.877 6.079 0.27039
20.7707 6.41664 0.267218 8.54063e-17 19.877 6.079 0.27039
19.7696 5.93378 0.264204 7.87128e-05 19.877 6.079 0.27039
20.0616 5.96507 0.26367 0.0798322 19.877 6.079 0.27039
20.0123 6.56005 0.27073 1.77215e-08 19.877 6.079 0.27039
19.3556 6.41229 0.264845 1.67431e-19 19.877 6.079 0.27039
20.1766 6.16066 0.260688 0.00551334 19.877 6.079 0.27039
19.5472 6.45811 0.292106 4.5183e-16 19.877 6.079 0.27039
19.9301 6.0782 0.275141 0.0680761 19.877 6.079 0.27039
19.8494 6.29172 0.289572 9.29619e-12 19.877 6.079 0.27039
19.7509 6.19472 0.24917 6.55678e-20 19.877 6.079 0.27039
20.4245 6.36406 0.268718 1.5315e-07 19.877 6.079 0.27039
19.687 6.52448 0.273488 1.11354e-09 19.877 6.079 0.27039
19.6512 6.33947 0.281799 2.35135e-07 19.877 6.079 0.27039
20.1602 5.84642 0.274694 0.0016866 19.877 6.079 0.27039
19.977 6.36001 0.268547 0.000325603 19.877 6.079 0.27039
20.6723 6.71545 0.260388 5.82101e-20 19.877 6.079 0.27039
19.7495 5.59448 0.269378 3.3182e-07 19.877 6.079 0.27039
