93.131 17.3498 0.0845857 0.0425921 93.102 17.674 0.086788
93.3745 17.3452 0.0720221 0.0001454 93.102 17.674 0.086788
92.9078 17.824 0.0866701 0.00239668 93.102 17.674 0.086788
93.14 17.353 0.0839147 0.036971 93.102 17.674 0.086788
92.694 18.0618 0.0841109 2.38976e-07 93.102 17.674 0.086788
93.7241 17.3358 0.0738722 3.73721e-06 93.102 17.674 0.086788
92.6098 17.6461 0.107957 6.85374e-05 93.102 17.674 0.086788
93.3352 18.3927 0.100688 1.95236e-09 93.102 17.674 0.086788
93.0324 18.3964 0.0858436 1.52003e-09 93.102 17.674 0.086788
93.0931 17.4426 0.077433 0.00364308 93.102 17.674 0.086788
93.3658 17.5558 0.0728641 0.000418202 93.102 17.674 0.086788
93.3429 17.767 0.0622974 5.36826e-08 93.102 17.674 0.086788
93.0179 17.2404 0.0956136 0.038347 93.102 17.674 0.086788
92.6959 17.6463 0.104561 0.000890328 93.102 17.674 0.086788
93.1168 18.2596 0.0718373 6.69883e-10 93.102 17.674 0.086788
93.5159 17.6819 0.100214 0.00369584 93.102 17.674 0.086788
93.1751 18.3159 0.0789178 5.64501e-09 93.102 17.674 0.086788
92.8865 17.5284 0.0874191 0.0198655 93.102 17.674 0.086788
92.8802 18.0235 0.0852035 2.72464e-05 93.102 17.674 0.086788
92.4471 17.791 0.104866 5.36726e-07 93.102 17.674 0.086788
92.5491 17.6498 0.0783467 1.92524e-07 93.102 17.674 0.086788
92.7374 17.5101 0.0692559 1.01372e-07 93.102 17.674 0.086788
93.0183 18.4006 0.092544 3.65468e-09 93.102 17.674 0.086788
93.0516 18.1722 0.102755 5.50912e-06 93.102 17.674 0.086788
92.6172 17.0901 0.0907595 4.90488e-06 93.102 17.674 0.086788
92.5204 18.1872 0.0955353 1.34251e-09 93.102 17.674 0.086788
92.4237 17.2464 0.0870386 6.17845e-08 93.102 17.674 0.086788
93.0328 17.8326 0.102587 0.00914533 93.102 17.674 0.086788
92.9873 17.9305 0.0837247 0.000426416 93.102 17.674 0.086788
92.3084 17.5482 0.0904115 1.17434e-08 93.102 17.674 0.086788
93.4295 17.7339 0.0836608 0.00705034 93.102 17.674 0.086788
92.5387 17.4082 0.0761264 4.61166e-08 93.102 17.674 0.086788
92.4608 17.3726 0.0942409 3.61428e-06 93.102 17.674 0.086788
92.7791 17.5338 0.0637294 2.22444e-09 93.102 17.674 0.086788
93.3841 17.8958 0.107526 0.00015958 93.102 17.674 0.086788
92.6696 17.3774 0.103812 0.000638276 93.102 17.674 0.086788
92.9796 17.9926 0.0974654 0.000761211 93.102 17.674 0.086788
92.6009 17.999 0.0707035 3.80257e-11 93.102 17.674 0.086788
93.0341 17.6503 0.0697655 1.51314e-05 93.102 17.674 0.086788
93.5399 17.6014 0.098559 0.0056357 93.102 17.674 0.086788
92.6431 16.8049 0.0827194 6.14976e-10 93.102 17.674 0.086788
92.7221 17.3838 0.0791812 3.24398e-05 93.102 17.674 0.086788
92.8226 18.1193 0.0775556 3.70624e-08 93.102 17.674 0.086788
93.0672 17.9538 0.0737937 5.4578e-06 93.102 17.674 0.086788
93.321 17.5894 0.0950211 0.141407 93.102 17.674 0.086788
93.6874 18.0367 0.0922177 1.51409e-06 93.102 17.674 0.086788
93.4777 18.3797 0.088364 1.3591e-09 93.102 17.674 0.086788
93.1273 17.5412 0.110584 0.0070062 93.102 17.674 0.086788
93.4029 17.9719 0.0845028 0.000287953 93.102 17.674 0.086788
93.8846 18.0857 0.0675578 2.94248e-12 93.102 17.674 0.086788
93.1375 17.6267 0.0915316 0.192735 93.102 17.674 0.086788
91.8944 17.3896 0.0701052 4.62085e-23 93.102 17.674 0.086788
92.7949 18.0505 0.0882449 8.66282e-06 93.102 17.674 0.086788
93.0791 17.4416 0.0878574 0.118423 93.102 17.674 0.086788
93.7104 17.2944 0.0649016 1.69657e-08 93.102 17.674 0.086788
93.3733 17.757 0.0756987 0.000467627 93.102 17.674 0.086788
92.9735 17.6913 0.100459 0.0467986 93.102 17.674 0.086788
92.4299 17.344 0.0797548 7.2863e-09 93.102 17.674 0.086788
93.2008 17.8818 0.0958464 0.0124344 93.102 17.674 0.086788
92.349 18.0728 0.0730039 6.004e-15 93.102 17.674 0.086788
92.1556 17.8103 0.0911842 3.26797e-12 93.102 17.674 0.086788
93.0945 17.7985 0.0604984 2.62728e-09 93.102 17.674 0.086788
92.9882 17.3132 0.0857203 0.0177474 93.102 17.674 0.086788
92.7094 18.2817 0.103883 3.42031e-09 93.102 17.674 0.086788
92.887 17.581 0.100424 0.040091 93.102 17.674 0.086788
93.3633 17.4772 0.0914754 0.118293 93.102 17.674 0.086788
93.1111 17.853 0.0852517 0.00592067 93.102 17.674 0.086788
92.6539 17.6894 0.0907316 0.000279911 93.102 17.674 0.086788
92.5859 17.6245 0.067555 2.90655e-10 93.102 17.674 0.086788
93.0978 18.182 0.0700181 2.01938e-09 93.102 17.674 0.086788
92.8242 17.5203 0.0975251 0.0251932 93.102 17.674 0.086788
93.4061 17.9761 0.08277 0.000165655 93.102 17.674 0.086788
92.8269 17.9348 0.0963493 0.000473897 93.102 17.674 0.086788
92.3668 17.0705 0.0779605 6.45025e-12 93.102 17.674 0.086788
93.3165 17.3632 0.0806653 0.0123922 93.102 17.674 0.086788
93.1682 17.8787 0.0996947 0.00921039 93.102 17.674 0.086788
92.575 17.6151 0.063964 7.91527e-12 93.102 17.674 0.086788
92.4686 17.9793 0.0784195 1.68583e-10 93.102 17.674 0.086788
93.3977 17.5848 0.0802575 0.00923095 93.102 17.674 0.086788
92.9942 18.1202 0.0733489 4.0171e-08 93.102 17.674 0.086788
93.1296 17.6663 0.0763242 0.00161028 93.102 17.674 0.086788
93.4632 18.2521 0.0822056 4.77561e-08 93.102 17.674 0.086788
92.8186 17.7184 0.0625006 6.18076e-10 93.102 17.674 0.086788
93.2434 18.0238 0.0874831 0.000413848 93.102 17.674 0.086788
93.0477 17.4079 0.0740602 0.000365958 93.102 17.674 0.086788
93.1444 18.1381 0.0806204 3.05416e-06 93.102 17.674 0.086788
92.6479 18.3217 0.0932111 3.17019e-10 93.102 17.674 0.086788
92.2533 17.7259 0.0963351 1.56768e-09 93.102 17.674 0.086788
92.6933 18.1713 0.0771384 4.30546e-10 93.102 17.674 0.086788
92.6381 17.1457 0.0727669 6.09927e-09 93.102 17.674 0.086788
93.0766 17.9037 0.0642239 1.35148e-08 93.102 17.674 0.086788
93.0702 17.9629 0.0641544 3.87833e-09 93.102 17.674 0.086788
93.0207 18.077 0.087963 7.08315e-05 93.102 17.674 0.086788
92.8628 17.5356 0.0978999 0.0412549 93.102 17.674 0.086788
92.6018 17.6703 0.0807452 2.75227e-06 93.102 17.674 0.086788
93.3128 17.8983 0.0938296 0.00620846 93.102 17.674 0.086788
93.0868 17.8552 0.0705159 4.43643e-06 93.102 17.674 0.086788
93.4384 17.6804 0.0865006 0.0184843 93.102 17.674 0.086788
92.9018 17.8857 0.079557 6.33459e-05 93.102 17.674 0.086788
92.6182 17.7587 0.0693019 1.10127e-09 93.102 17.674 0.086788
