278.262 14.6041 5.14345 0.00112587
278.523 14.3914 5.15372 0.000745822
277.776 14.24 5.11619 8.77232e-14
278.879 14.1992 5.12535 1.11086e-05
278.434 13.6736 5.14295 3.67352e-11
278.628 13.7959 5.15115 7.0403e-12
278.572 14.1046 5.14099 0.0132413
278.352 13.8175 5.14728 8.05136e-10
278.666 14.2199 5.13938 0.0531358
278.432 13.9306 5.17399 6.62935e-26
278.075 13.6266 5.14078 4.6384e-15
278.191 14.4375 5.13601 0.0027798
278.451 14.498 5.13712 0.0736273
278.573 14.6183 5.13897 0.00727776
277.687 14.375 5.13284 8.97128e-14
278.227 13.5154 5.13591 2.32488e-14
278.502 14.2806 5.14449 0.0647182
278.591 14.2336 5.14364 0.0408437
277.928 14.0372 5.14485 6.41433e-11
278.643 14.8663 5.15305 2.37178e-06
277.98 14.0288 5.13998 1.91303e-08
278.668 13.8597 5.13899 4.55627e-06
278.514 14.6151 5.14123 0.0136675
278.493 14.0746 5.14374 0.00188214
278.489 14.0527 5.13446 0.0316978
278.101 14.1138 5.14691 2.82748e-07
278.319 14.2647 5.16804 6.55822e-14
278.936 14.1028 5.13333 9.76599e-06
278.348 14.0941 5.13495 0.026895
278.258 13.9666 5.15174 1.41578e-09
278.717 14.0908 5.14711 5.98832e-05
277.641 13.9047 5.14792 1.11966e-22
278.039 14.1753 5.15244 7.16953e-10
278.98 14.5507 5.13322 1.46345e-07
278.515 14.6875 5.16087 2.02464e-06
278.51 13.9764 5.12635 0.00469739
278.415 13.9018 5.12934 0.000984623
278.31 14.318 5.15311 4.95837e-05
278.816 14.0123 5.14352 5.51231e-06
278.754 13.9776 5.11901 3.88693e-06
278.279 14.2658 5.14034 0.0230521
278.342 14.1513 5.14723 0.000358364
278.35 14.6223 5.14325 0.00393235
278.434 14.0352 5.11173 1.11606e-06
279.212 14.3554 5.12816 5.89738e-12
278.635 13.9097 5.13879 5.75471e-05
279.325 14.3955 5.16076 4.33067e-16
279.374 14.9638 5.14261 5.09873e-22
277.909 14.2095 5.12666 4.78562e-08
278.238 14.5912 5.13503 0.000356928
278.518 14.1512 5.12961 0.0908431
278.468 13.9035 5.13655 0.000270076
278.138 14.1185 5.12765 0.000372048
278.839 14.7921 5.12339 2.54419e-13
278.666 14.1686 5.15143 3.94624e-05
278.552 13.9097 5.13715 0.000236512
278.191 13.9353 5.14339 2.22477e-07
278.102 13.8455 5.14235 6.03896e-10
279.036 14.2069 5.15504 9.39383e-09
278.887 14.4594 5.13216 2.52608e-05
278.144 14.1303 5.14649 2.70692e-06
278.051 14.3971 5.14099 2.49424e-05
278.637 13.9162 5.14502 1.4938e-06
278.561 13.9516 5.14644 3.6367e-06
278.102 14.5467 5.1321 9.13997e-06
277.804 14.6699 5.13816 8.80021e-13
278.52 14.3787 5.14141 0.241818
278.214 15.1315 5.12602 1.36187e-20
278.233 13.9927 5.15235 1.14759e-09
278.47 14.5032 5.13442 0.0369012
278.742 14.6894 5.14605 0.000254591
278.651 14.2501 5.13249 0.0705867
278.613 14.0973 5.12448 0.0046746
278.236 14.2552 5.13067 0.012878
277.977 14.5428 5.1308 4.43584e-08
278.606 14.4767 5.15455 0.000566944
278.377 14.791 5.13761 9.34152e-06
278.29 14.2179 5.14238 0.00837531
278.2 14.5327 5.12598 7.6475e-06
278.266 14.2486 5.14689 0.000719374
278.342 14.3412 5.13932 0.10778
278.506 14.2054 5.15673 1.08111e-06
278.316 14.2374 5.14143 0.0246183
278.438 13.9123 5.14055 4.53494e-05
278.42 13.8787 5.14587 1.64606e-07
278.281 14.1806 5.14513 0.000912927
278.366 13.7418 5.14173 3.1688e-09
278.666 14.6498 5.14319 0.00231587
277.83 14.1256 5.15994 9.83195e-20
278.486 13.6545 5.1413 6.40788e-11
278.645 13.2895 5.12483 3.40324e-18
278.807 14.0762 5.15112 2.2727e-07
278.131 13.5114 5.14454 1.30166e-19
278.397 14.1439 5.15272 5.29282e-06
278.112 14.1221 5.14338 6.39408e-06
278.699 14.6018 5.14108 0.00348311
278.02 14.2019 5.14858 2.19561e-08
278.167 13.7229 5.13381 4.30841e-09
278.468 14.1909 5.12547 0.0269833
278.064 13.837 5.15278 7.19096e-16
