37.7805 9.69955 0.176373 6.79206e-12
37.3183 9.52137 0.187181 3.78774e-08
37.5296 9.7733 0.189721 0.00239614
37.6067 9.97443 0.180375 3.64583e-07
37.7673 9.627 0.189344 2.9059e-07
37.4951 9.82374 0.197635 0.0210271
37.184 10.0961 0.205254 0.0203877
37.4507 10.0797 0.182305 1.76294e-06
37.743 10.2259 0.160163 6.26046e-33
37.3882 10.1084 0.197795 0.156089
37.6074 9.84916 0.20395 4.7478e-06
37.7664 9.63309 0.19101 4.09163e-07
37.7496 10.0364 0.186068 3.06238e-05
37.395 9.6748 0.182198 2.66881e-08
37.2891 10.1613 0.182207 1.60063e-08
37.8295 9.6582 0.192182 6.43002e-08
37.3808 10.0182 0.195693 0.351691
36.8044 9.7669 0.183558 8.50094e-18
37.1377 9.44519 0.184083 5.37705e-14
37.758 9.78584 0.195891 7.00638e-06
37.0648 9.86987 0.192964 0.000669015
37.7341 9.99137 0.206118 8.38248e-10
37.2123 10.5976 0.175563 3.82533e-25
37.696 9.92162 0.185299 6.48821e-05
37.7469 10.8774 0.198128 8.22567e-23
37.7084 10.2044 0.194527 4.74228e-05
37.7132 9.68738 0.186134 2.11478e-06
37.4392 9.70985 0.183473 9.51134e-07
37.619 10.1045 0.205152 8.57431e-07
37.09 10.2646 0.187154 1.44335e-08
37.9337 10.241 0.177961 1.05038e-12
37.0045 10.0692 0.191618 1.88425e-05
37.5319 10.244 0.189275 0.000289235
37.116 10.1519 0.186911 3.95192e-07
36.9814 9.88509 0.177596 5.34304e-19
37.4857 9.43783 0.186607 1.45814e-09
37.5855 9.60991 0.196862 1.16724e-05
36.8387 9.99323 0.189969 6.25885e-10
37.2397 9.71961 0.190289 0.000275303
38.1573 9.6661 0.194019 4.20214e-17
37.2562 9.6866 0.204987 0.000241224
37.5412 9.75577 0.182525 1.29691e-06
37.2805 9.91486 0.188446 0.00158091
37.7175 9.85689 0.182254 1.33292e-06
37.3726 9.96629 0.189208 0.0130496
37.1605 9.78965 0.179272 4.46178e-13
37.311 9.62121 0.194928 0.000537779
37.3534 9.7055 0.192051 0.00275898
36.9251 9.87809 0.202382 0.00127461
37.3913 10.0541 0.190769 0.0366454
37.3821 9.54057 0.188263 6.06606e-07
36.9685 9.85594 0.185287 6.95216e-11
38.7787 10.3383 0.172428 3.78741e-41
37.2146 10.0296 0.175294 2.67255e-16
37.5545 10.1281 0.184263 2.4901e-05
37.5475 10.0975 0.184892 8.69369e-05
37.5037 10.1725 0.188948 0.0015277
37.1599 10.0307 0.18102 8.11777e-11
36.8547 9.70449 0.185715 1.20333e-14
37.1637 9.50293 0.155153 6.42368e-58
37.1813 9.61115 0.171014 3.83936e-25
37.1311 9.7072 0.188482 1.43247e-06
36.7214 9.51531 0.193584 3.71201e-15
37.5432 10.1746 0.198873 0.00245823
36.7604 10.3152 0.197261 6.67866e-10
37.0742 10.2075 0.204681 0.00309263
37.4725 10.2381 0.189942 0.00078516
37.6663 9.95595 0.202051 1.08929e-05
37.2808 9.99591 0.176273 9.30059e-14
37.262 9.79535 0.193693 0.0257229
36.8502 9.59696 0.181715 1.77134e-20
37.4113 10.6866 0.190822 4.63015e-13
37.2302 9.83946 0.18387 2.60303e-07
37.5401 10.0899 0.194125 0.0302655
37.241 9.53947 0.170024 2.73026e-26
37.5185 10.3799 0.193174 2.12161e-05
37.1836 9.92899 0.189459 0.000680198
37.3045 9.92785 0.20296 0.069275
37.3946 9.95622 0.198585 0.253142
37.191 10.3179 0.191038 1.34096e-05
37.2072 9.10579 0.194184 2.58076e-18
37.615 9.77644 0.178688 4.6243e-09
37.6547 10.1376 0.192274 0.00112074
37.5318 10.0179 0.179391 4.00671e-08
37.3069 10.0208 0.18648 0.000203508
37.6669 9.74363 0.185992 1.8512e-05
37.1227 9.79855 0.170409 8.72107e-26
37.3729 9.48065 0.183643 1.17619e-10
37.5346 10.2582 0.174428 6.89127e-15
36.9949 10.0009 0.19356 0.000186878
38.4998 9.98603 0.168873 9.09091e-29
37.2803 9.36945 0.165674 9.27048e-36
37.8355 10.4329 0.183469 7.37683e-12
37.7854 10.1124 0.194143 1.40063e-05
37.481 10.5932 0.17598 1.23199e-20
37.0162 10.1928 0.20469 0.00192504
36.975 9.70072 0.200505 0.000121961
37.414 10.2354 0.181459 1.01178e-08
36.8323 9.88787 0.196835 2.80106e-06
37.6922 9.78696 0.194098 0.000189201
