-8.42707 -94.6936 2.91509 1.4513e-07
-8.18691 -94.7654 2.93635 0.131359
-8.12272 -94.3802 2.9206 5.26721e-08
-8.07433 -94.7463 2.94835 0.0124773
-8.50268 -94.8177 2.95065 3.08472e-06
-7.78872 -94.6192 2.94138 0.00300013
-7.85478 -94.7537 2.93594 0.00140577
-9.26553 -94.2279 2.93797 3.49001e-16
-8.1275 -94.4753 2.92822 0.000773139
-8.14896 -94.4599 2.94263 0.08726
-8.68293 -94.4615 2.91846 1.02981e-06
-8.00894 -94.6943 2.91469 9.75699e-12
-8.46183 -94.6021 2.94044 0.0320077
-8.32288 -95.0356 2.94083 0.00126875
-8.30338 -94.1074 2.96577 4.46212e-14
-8.56796 -94.2484 2.92929 5.8811e-05
-7.86954 -94.5174 2.90534 1.74133e-23
-8.39457 -93.9326 2.93178 2.06497e-08
-8.49247 -94.2795 2.94426 0.000166363
-8.38753 -94.1774 2.94397 0.000128403
-8.29768 -94.4528 2.95123 0.000439441
-8.05451 -94.3285 2.92434 4.17814e-07
-8.21587 -94.2645 2.93262 0.000899707
-8.21118 -94.7314 2.92592 0.00134285
-8.87813 -94.5986 2.92868 2.13069e-05
-8.18475 -93.7306 2.92449 9.93177e-16
-8.33294 -94.5812 2.93745 0.178026
-8.31314 -94.616 2.94549 0.0268004
-8.20269 -94.1353 2.93953 0.000267822
-7.96441 -94.9579 2.94014 0.00252554
-8.59808 -93.9242 2.93262 2.92533e-09
-8.45694 -94.1909 2.94107 0.00015523
-7.96002 -94.1594 2.94872 0.000103805
-7.9686 -94.1252 2.92184 7.58221e-12
-7.65603 -94.1529 2.92722 5.35945e-13
-8.95133 -94.6902 2.95274 1.43515e-14
-8.08528 -94.8053 2.94297 0.0509102
-8.03741 -94.5627 2.92115 1.79704e-07
-8.5151 -95.2654 2.91879 6.54629e-09
-8.36386 -94.5585 2.94353 0.034862
-8.5639 -94.2671 2.93644 0.000314886
-8.69606 -94.7217 2.93331 0.0018389
-8.26978 -94.3717 2.94046 0.0329003
-8.75518 -94.7679 2.94646 1.60198e-07
-8.93075 -94.2895 2.91334 8.86168e-12
-8.1168 -94.3811 2.92027 3.00496e-08
-8.1467 -94.5071 2.96287 1.08474e-08
-8.67602 -93.9143 2.93627 6.20655e-10
-8.43456 -94.8015 2.94177 0.012159
-8.09139 -94.9378 2.92628 5.99177e-05
-7.99165 -95.3081 2.93002 1.53849e-08
-8.9688 -94.2257 2.94818 1.39768e-13
-8.11088 -94.9257 2.92961 0.0010523
-7.7906 -94.0125 2.93514 2.73421e-09
-7.65398 -95.3216 2.94094 1.1343e-10
-8.57334 -95.089 2.92158 4.21266e-06
-8.08219 -94.499 2.93213 0.00774608
-8.38694 -94.2698 2.91539 2.68358e-10
-8.71874 -94.7695 2.93074 0.0010253
-8.06216 -93.8047 2.93692 2.73433e-10
-8.35499 -94.8064 2.92343 0.000511419
-8.45903 -94.7807 2.93004 0.0246043
-8.99913 -94.3514 2.92365 1.14385e-08
-8.43678 -94.1701 2.93282 8.51664e-05
-8.89868 -94.6533 2.92575 9.91673e-06
-8.80077 -94.5345 2.92336 1.80174e-05
-8.35598 -94.6476 2.92746 0.0110851
-8.29626 -94.4452 2.93247 0.0257437
-8.24993 -94.3751 2.93763 0.0349358
-8.56248 -94.0464 2.90802 5.4323e-18
-8.43038 -94.3942 2.91808 2.34619e-07
-8.34059 -94.6873 2.91583 1.36068e-07
-7.54445 -94.4947 2.93703 1.28816e-07
-8.62028 -93.9477 2.93656 7.70316e-09
-8.28482 -94.3263 2.92134 6.63576e-07
-8.44208 -94.7095 2.94132 0.0260697
-8.53001 -94.7819 2.9299 0.0139995
-8.2561 -94.3208 2.94908 0.000871188
-8.4514 -93.8669 2.93954 4.37461e-09
-8.23201 -94.5502 2.93551 0.144416
-8.08859 -94.8074 2.94884 0.00490993
-8.4795 -94.1997 2.94141 0.000122417
-8.26139 -94.2339 2.93132 0.000284659
-8.69781 -94.8264 2.94157 3.42512e-05
-8.00039 -94.7462 2.92934 0.00059338
-8.31529 -94.8832 2.9319 0.0237326
-8.15646 -94.0009 2.94491 3.82269e-06
-8.35678 -94.6694 2.92055 4.25436e-05
-8.67827 -94.6359 2.94065 0.000320059
-8.16562 -94.3329 2.93248 0.00235601
-8.17231 -95.4916 2.94597 1.47181e-11
-8.72145 -94.4654 2.94882 7.53093e-08
-8.7478 -94.6411 2.93992 6.50321e-05
-8.27982 -94.6356 2.94458 0.0556105
-8.5048 -95.0829 2.94059 4.71287e-05
-7.99693 -94.7893 2.91498 1.09992e-11
-8.40988 -94.9035 2.94122 0.00578818
-7.94557 -94.721 2.91762 1.49717e-10
-7.80252 -94.6598 2.93531 0.000372661
-8.34408 -93.8281 2.9334 5.24195e-10
