42.9495 11.1087 0.160123 4.19457e-09
42.0265 11.5298 0.179103 1.37149e-16
42.3876 11.2169 0.18049 0.000790638
42.5944 11.1479 0.174241 0.00772359
42.3507 11.1511 0.166516 8.2032e-11
42.7156 11.235 0.190558 8.16885e-08
42.5189 10.8173 0.179833 0.150581
41.3646 11.3805 0.170905 2.76525e-50
41.8435 10.719 0.160322 5.32775e-34
42.6976 11.7355 0.18424 1.23479e-15
42.6984 11.4672 0.173984 2.08429e-08
42.5715 11.2338 0.169912 4.62701e-06
42.4639 11.2042 0.179803 0.00363076
42.4162 11.0686 0.171174 3.56299e-05
42.5175 11.3901 0.16915 3.19933e-10
42.4894 11.4781 0.177343 1.89087e-08
42.3683 10.9772 0.187662 0.00208436
42.3065 11.199 0.16826 6.73682e-11
42.0961 11.2456 0.175285 2.84519e-11
42.5898 10.955 0.167549 0.000228324
43.118 11.1962 0.177041 2.46855e-07
42.4929 11.4868 0.173692 4.25479e-10
42.476 11.0922 0.192993 1.84177e-06
42.2876 11.0153 0.171079 3.82908e-07
42.243 10.6379 0.181769 9.20869e-06
42.6233 10.805 0.183935 0.0134095
43.0191 11.3422 0.174722 1.21898e-07
42.3258 11.0485 0.172205 6.44186e-06
41.8779 11.053 0.179802 5.88455e-13
42.8984 10.7242 0.160551 8.94412e-07
42.0223 11.0778 0.168606 4.58072e-17
43.0492 11.0098 0.177404 0.00013012
42.21 11.1256 0.174594 1.66377e-07
42.1372 10.7436 0.173493 4.28286e-09
42.8493 11.0779 0.185558 2.79403e-05
43.0991 11.0249 0.182924 2.60272e-08
42.0602 11.0436 0.181607 2.64678e-07
42.2797 11.3196 0.183061 3.92133e-06
42.0992 10.6749 0.170324 9.72785e-13
42.5215 10.9033 0.175859 0.157776
42.8099 11.3719 0.179522 3.45215e-06
42.3666 10.8007 0.182118 0.00899871
42.7244 11.3703 0.176505 1.09665e-05
42.4422 10.7881 0.185865 0.00261628
42.6931 10.7313 0.158808 8.57377e-10
42.8447 11.083 0.163658 2.64117e-06
42.9208 11.4154 0.177498 5.15599e-08
42.8373 11.1332 0.194484 9.57656e-13
42.4288 11.0234 0.15681 1.38154e-18
42.7691 10.8338 0.19827 1.33303e-16
42.4161 11.0085 0.184004 0.0301533
42.2504 11.0803 0.17987 0.00025071
42.9122 11.3592 0.171055 2.11487e-07
43.0616 11.1124 0.167641 1.50385e-05
41.9953 10.9736 0.181063 8.29653e-09
42.4881 10.8173 0.171064 0.00187761
42.3237 11.663 0.173559 1.00088e-17
42.5061 10.8319 0.173534 0.0270406
42.55 11.1441 0.177011 0.0218098
42.555 10.6476 0.160261 7.5829e-11
42.3231 11.0484 0.171794 3.25864e-06
42.2795 11.2809 0.187673 7.60445e-06
42.7134 10.8382 0.160367 4.27674e-08
42.4322 11.1357 0.16436 5.68153e-11
42.8201 10.7579 0.165471 0.000655646
43.1306 11.3291 0.184283 6.69355e-13
42.7335 11.0274 0.180569 0.083
42.4013 10.893 0.169512 1.55611e-05
41.8906 10.9715 0.165972 2.73074e-24
41.8858 11.0988 0.180891 1.81385e-12
42.4039 11.2037 0.18726 0.00033295
42.6831 10.7909 0.161334 1.51632e-07
42.5157 11.5845 0.189513 1.00855e-11
41.7831 11.3175 0.182273 1.29626e-17
42.0162 10.6747 0.179921 4.65084e-10
43.1354 11.2455 0.185268 1.48226e-12
42.4226 10.8795 0.185091 0.0141272
42.0829 11.0169 0.192457 1.36814e-07
42.6571 10.5372 0.183334 8.05465e-06
42.4317 10.7397 0.177896 0.0130909
42.7285 10.8262 0.170485 0.0596029
42.3842 11.25 0.173806 2.04165e-06
42.6439 10.9122 0.173747 0.252285
42.0859 11.416 0.166648 4.76786e-23
42.0472 10.9354 0.192544 2.98939e-08
41.4313 11.4716 0.189808 1.93856e-30
42.3634 11.1946 0.172671 1.54283e-06
41.9825 11.069 0.174505 4.70273e-13
42.5412 11.361 0.176897 1.12823e-05
42.5095 10.8445 0.181153 0.134988
42.2395 10.9612 0.175739 2.6466e-05
42.3008 11.225 0.171401 6.30096e-09
42.2372 11.3856 0.185365 1.18334e-07
42.5782 11.0361 0.172174 0.0126009
42.7829 11.3481 0.182353 4.66452e-06
42.9571 11.7473 0.167344 4.86804e-21
42.5057 11.3724 0.188135 1.10414e-06
42.2271 11.3957 0.180734 1.22928e-08
42.5805 11.2039 0.169384 8.05663e-06
42.2657 11.3428 0.188478 5.44773e-07
