30.8762 8.70764 0.219084 0.052025 30.986 8.7768 0.21653
30.6516 9.30836 0.223719 5.27565e-11 30.986 8.7768 0.21653
31.1019 8.86638 0.209352 0.00117157 30.986 8.7768 0.21653
31.0438 8.36538 0.201189 5.37906e-06 30.986 8.7768 0.21653
30.9911 7.76661 0.228046 3.28547e-32 30.986 8.7768 0.21653
31.9535 9.32259 0.206298 2.52555e-36 30.986 8.7768 0.21653
30.7399 8.64133 0.191767 3.60713e-19 30.986 8.7768 0.21653
31.0822 8.92177 0.207068 0.000118827 30.986 8.7768 0.21653
30.6817 8.85545 0.21664 0.0346001 30.986 8.7768 0.21653
31.1954 8.69121 0.232991 1.90151e-21 30.986 8.7768 0.21653
30.987 7.9344 0.201595 2.86235e-15 30.986 8.7768 0.21653
31.0919 8.83913 0.207475 0.00136207 30.986 8.7768 0.21653
31.1751 8.52875 0.213767 0.000257849 30.986 8.7768 0.21653
31.1783 9.7387 0.240414 4.13271e-54 30.986 8.7768 0.21653
30.7789 8.43085 0.227512 1.2398e-07 30.986 8.7768 0.21653
30.4881 8.65674 0.221174 0.00781426 30.986 8.7768 0.21653
31.2134 9.09261 0.223521 4.57029e-14 30.986 8.7768 0.21653
31.2769 8.34452 0.210905 4.58942e-07 30.986 8.7768 0.21653
30.5428 9.09507 0.2007 4.16412e-19 30.986 8.7768 0.21653
30.9373 8.98549 0.220962 2.93088e-05 30.986 8.7768 0.21653
31.5152 8.63484 0.205653 8.01175e-09 30.986 8.7768 0.21653
30.9328 8.96923 0.212977 0.00109904 30.986 8.7768 0.21653
30.991 8.59963 0.21278 0.0997138 30.986 8.7768 0.21653
30.715 8.42441 0.206235 1.78184e-05 30.986 8.7768 0.21653
30.9161 9.4136 0.22428 1.62002e-16 30.986 8.7768 0.21653
31.3396 8.15734 0.189196 1.3435e-16 30.986 8.7768 0.21653
31.1079 8.85407 0.218995 1.50239e-05 30.986 8.7768 0.21653
31.2532 8.95368 0.215222 8.02718e-08 30.986 8.7768 0.21653
30.7157 9.01426 0.213497 0.000132562 30.986 8.7768 0.21653
30.7411 9.14371 0.195644 5.68268e-22 30.986 8.7768 0.21653
30.8747 8.32773 0.213571 0.000648226 30.986 8.7768 0.21653
30.6673 8.24634 0.211514 1.64536e-06 30.986 8.7768 0.21653
31.2836 7.9486 0.195234 2.55939e-17 30.986 8.7768 0.21653
30.5217 8.20749 0.215026 2.18248e-08 30.986 8.7768 0.21653
30.7548 8.66771 0.203942 1.36656e-05 30.986 8.7768 0.21653
30.8173 9.01706 0.213518 0.000296234 30.986 8.7768 0.21653
30.549 8.69237 0.208236 3.93659e-06 30.986 8.7768 0.21653
30.6867 8.70702 0.219432 0.148491 30.986 8.7768 0.21653
30.9753 8.6731 0.225865 3.72362e-07 30.986 8.7768 0.21653
31.2992 8.61479 0.218511 4.41648e-09 30.986 8.7768 0.21653
31.0661 8.65094 0.21763 0.00133726 30.986 8.7768 0.21653
30.6532 8.92681 0.206535 1.62119e-07 30.986 8.7768 0.21653
30.8319 8.95204 0.201353 1.72667e-09 30.986 8.7768 0.21653
31.5183 8.6922 0.204747 6.58932e-09 30.986 8.7768 0.21653
30.6259 8.38713 0.221907 0.000143728 30.986 8.7768 0.21653
30.9911 9.09377 0.210312 1.42488e-06 30.986 8.7768 0.21653
30.8869 9.07757 0.217811 1.96334e-05 30.986 8.7768 0.21653
31.2907 8.28362 0.200957 8.43074e-08 30.986 8.7768 0.21653
31.1262 8.70537 0.226835 1.77786e-11 30.986 8.7768 0.21653
30.823 8.52587 0.204546 0.000191617 30.986 8.7768 0.21653
31.7734 8.37622 0.212187 1.16497e-22 30.986 8.7768 0.21653
30.7476 8.98448 0.213868 0.000741963 30.986 8.7768 0.21653
31.2472 8.4153 0.22572 3.15041e-16 30.986 8.7768 0.21653
31.2625 8.67366 0.213332 2.60843e-05 30.986 8.7768 0.21653
31 9.66899 0.212626 2.12797e-26 30.986 8.7768 0.21653
30.8186 8.44036 0.207168 0.000941351 30.986 8.7768 0.21653
30.9877 8.79474 0.221068 0.000293416 30.986 8.7768 0.21653
31.0574 8.7999 0.190467 6.93963e-16 30.986 8.7768 0.21653
30.9471 8.60153 0.226543 1.60796e-07 30.986 8.7768 0.21653
31.0114 8.70939 0.213225 0.0704236 30.986 8.7768 0.21653
30.6306 8.31777 0.218312 5.48899e-05 30.986 8.7768 0.21653
31.7249 8.74419 0.219112 1.3997e-25 30.986 8.7768 0.21653
30.9931 8.71805 0.210751 0.0859476 30.986 8.7768 0.21653
31.863 8.20965 0.21378 2.26568e-31 30.986 8.7768 0.21653
31.0852 8.43385 0.233143 2.04426e-20 30.986 8.7768 0.21653
31.1439 8.14784 0.224488 1.29997e-17 30.986 8.7768 0.21653
31.3184 8.76728 0.186139 1.81547e-18 30.986 8.7768 0.21653
31.2585 8.56243 0.216086 9.30791e-07 30.986 8.7768 0.21653
31.2922 8.81972 0.227497 1.30351e-17 30.986 8.7768 0.21653
30.8749 8.64424 0.216226 0.215963 30.986 8.7768 0.21653
30.8842 8.67938 0.216043 0.221173 30.986 8.7768 0.21653
31.0712 9.07485 0.22635 2.06063e-12 30.986 8.7768 0.21653
31.102 8.48691 0.196967 1.64551e-07 30.986 8.7768 0.21653
30.4849 8.85015 0.236938 1.227e-10 30.986 8.7768 0.21653
30.565 8.8214 0.225774 0.00157457 30.986 8.7768 0.21653
31.1308 8.31602 0.200737 1.07878e-06 30.986 8.7768 0.21653
31.1592 9.4142 0.20217 2.21621e-20 30.986 8.7768 0.21653
30.5084 8.47208 0.205701 2.14595e-09 30.986 8.7768 0.21653
31.3817 8.68572 0.213249 5.38422e-08 30.986 8.7768 0.21653
30.3362 8.91116 0.21106 9.7551e-11 30.986 8.7768 0.21653
31.1523 8.72889 0.211384 0.00351988 30.986 8.7768 0.21653
30.5352 8.79168 0.225978 0.00155391 30.986 8.7768 0.21653
30.8157 8.81029 0.205201 7.11346e-05 30.986 8.7768 0.21653
30.7034 7.78073 0.217542 4.71502e-21 30.986 8.7768 0.21653
30.8654 8.62146 0.219156 0.0448223 30.986 8.7768 0.21653
31.1211 8.38176 0.217162 2.00178e-06 30.986 8.7768 0.21653
30.8304 8.58178 0.235298 1.29905e-14 30.986 8.7768 0.21653
31.2354 9.02547 0.213116 6.13053e-08 30.986 8.7768 0.21653
31.6337 7.97922 0.225905 1.15324e-43 30.986 8.7768 0.21653
30.4492 8.90025 0.220968 0.000398953 30.986 8.7768 0.21653
30.7408 9.35154 0.236544 3.85052e-21 30.986 8.7768 0.21653
31.1087 9.10628 0.214308 1.02847e-07 30.986 8.7768 0.21653
31.3285 8.3838 0.212489 3.57475e-08 30.986 8.7768 0.21653
30.6426 8.24371 0.197146 6.45873e-17 30.986 8.7768 0.21653
30.7097 9.05028 0.20615 4.00837e-09 30.986 8.7768 0.21653
30.2345 8.72562 0.238572 1.09512e-11 30.986 8.7768 0.21653
30.6464 8.05706 0.210395 1.39075e-11 30.986 8.7768 0.21653
30.744 8.81789 0.209639 0.0029018 30.986 8.7768 0.21653
30.447 8.80684 0.215031 7.49105e-05 30.986 8.7768 0.21653
30.7217 8.7353 0.199851 4.33353e-10 30.986 8.7768 0.21653
