107.997 -25.0408 3.42717 4.19401e-07
108.056 -24.7122 3.40691 1.68101e-05
107.039 -24.4414 3.39503 0.0313725
107.584 -24.8061 3.39836 0.00538093
107.737 -24.6965 3.39389 0.000380134
107.68 -24.2858 3.38158 2.14809e-06
107.267 -25.8436 3.38093 1.83775e-17
107.936 -24.4773 3.40289 0.000159961
107.446 -24.7741 3.40158 0.0342217
107.072 -24.9987 3.41121 0.000491913
106.828 -25.0349 3.41646 1.02426e-06
107.41 -24.8289 3.41474 0.00939558
107.176 -24.7474 3.38919 0.00692633
108.524 -24.9707 3.42762 3.82793e-12
107.266 -24.833 3.39966 0.0260303
107.535 -24.2484 3.39177 0.00162695
107.678 -24.3569 3.39768 0.00290196
106.988 -25.0829 3.40466 0.000160567
107.661 -24.9983 3.38884 5.22426e-06
107.809 -24.1226 3.42063 1.52878e-05
107.134 -24.6333 3.41812 0.00154073
107.051 -24.5961 3.40253 0.0389819
107.345 -24.9797 3.39989 0.00414958
107.367 -24.6163 3.40089 0.096238
107.187 -25.0031 3.41284 0.000878712
108.019 -24.3263 3.42444 3.53713e-06
107.284 -24.3367 3.38274 0.000791023
107.094 -24.9263 3.39073 0.00134153
107.046 -24.8527 3.401 0.00870605
107.201 -24.91 3.37097 4.52729e-08
107.263 -24.4746 3.42455 0.00017417
107.874 -25.0398 3.40215 9.09632e-06
107.527 -24.7562 3.39809 0.0133468
107.742 -24.5618 3.40901 0.00781692
107.573 -24.866 3.41714 0.00292308
107.586 -24.1546 3.39574 0.00096603
107.149 -24.7453 3.41449 0.00492088
107.154 -24.545 3.40044 0.0853366
107.567 -24.6462 3.39005 0.00141334
108.217 -24.0276 3.41574 4.25728e-09
107.66 -24.3176 3.38742 8.78321e-05
107.831 -24.2626 3.40219 0.00029637
107.557 -24.0426 3.39702 0.000337542
107.487 -24.7116 3.40259 0.0449318
107.776 -24.7636 3.39814 0.000500989
107.759 -24.2508 3.40563 0.00116155
107.469 -24.7746 3.39536 0.00991641
107.326 -24.5725 3.41312 0.033025
106.971 -24.7528 3.41 0.0023519
107.062 -24.1605 3.39053 0.00256982
107.216 -24.9948 3.40793 0.00287903
107.421 -24.0242 3.39979 0.000931846
106.922 -24.6756 3.40822 0.00274201
107.696 -25.0187 3.40453 0.000324563
107.419 -24.5291 3.39114 0.0127602
107.436 -24.4305 3.39203 0.0131803
107.314 -24.7796 3.42188 0.000823543
107.172 -24.9173 3.40951 0.00482406
107.698 -23.9629 3.38216 4.44071e-08
106.896 -24.8973 3.38661 0.000200217
107.029 -24.584 3.40523 0.0235488
106.663 -24.4009 3.40503 4.36233e-05
106.297 -24.4036 3.39382 2.88333e-08
107.197 -24.0279 3.39119 0.000599078
107.634 -25.2724 3.39535 4.54605e-07
107.553 -25.0793 3.39213 2.50342e-05
108.147 -24.6051 3.40013 4.11989e-07
107.49 -24.6755 3.40248 0.0518336
107.799 -24.7168 3.40357 0.00156756
107.421 -24.6325 3.39147 0.0111657
107.647 -24.428 3.39145 0.00096143
106.686 -24.2186 3.41654 1.02146e-07
107.222 -24.3587 3.39531 0.0427982
107.278 -24.9209 3.41522 0.00233111
107.291 -24.741 3.38465 0.00093361
107.374 -24.1624 3.41945 0.000214563
107.337 -24.4057 3.41383 0.0169406
107.569 -24.5668 3.38829 0.000857086
108.206 -24.9152 3.39609 1.20539e-09
107.67 -24.4532 3.41149 0.011663
107.526 -24.9867 3.41251 0.00208863
107.977 -24.575 3.41109 0.000187603
107.083 -25.2653 3.41492 1.4692e-06
107.331 -24.7894 3.3998 0.0374047
107.294 -24.531 3.41101 0.047123
107.212 -24.8791 3.39545 0.00875468
107.332 -24.6305 3.39565 0.0521852
107.047 -25.3325 3.38035 3.40446e-09
107.185 -24.5103 3.4184 0.00209704
107.436 -25.0615 3.40921 0.00123893
107.56 -24.1788 3.39937 0.00317294
107.278 -24.7944 3.3794 3.93471e-05
107.661 -24.607 3.3964 0.00406232
107.85 -25.5219 3.39162 1.28744e-12
107.518 -24.3911 3.38762 0.00106668
107.189 -25.2954 3.39651 4.41524e-06
107.148 -24.6795 3.40018 0.0605399
106.964 -24.791 3.41229 0.000836191
107.194 -24.8112 3.40335 0.0302149
107.296 -24.4682 3.4089 0.0610254
