258.83 29.2184 6.20885 1.6974e-18 259.11 28.702 6.1846
259.552 28.4617 6.18916 0.000110576 259.11 28.702 6.1846
258.947 28.4719 6.1867 0.0129313 259.11 28.702 6.1846
258.911 28.494 6.19433 0.0180392 259.11 28.702 6.1846
258.872 28.5152 6.1969 0.00637653 259.11 28.702 6.1846
259.653 28.4534 6.20397 1.24588e-12 259.11 28.702 6.1846
259.414 29.1284 6.18956 6.79176e-09 259.11 28.702 6.1846
259.783 28.6304 6.19959 4.44894e-14 259.11 28.702 6.1846
259.072 28.9511 6.17606 8.15429e-05 259.11 28.702 6.1846
259.317 28.4664 6.18793 0.0518749 259.11 28.702 6.1846
258.947 28.1818 6.19437 0.000163001 259.11 28.702 6.1846
259.434 28.7438 6.18746 0.00362456 259.11 28.702 6.1846
259.263 28.8747 6.2118 3.80518e-14 259.11 28.702 6.1846
259.64 29.0516 6.15512 4.79568e-11 259.11 28.702 6.1846
259.108 28.5972 6.18214 0.0839185 259.11 28.702 6.1846
259.27 28.5541 6.17735 0.026247 259.11 28.702 6.1846
259.317 28.754 6.18839 0.0195763 259.11 28.702 6.1846
259.629 28.6304 6.19114 1.95084e-06 259.11 28.702 6.1846
259.193 29.0042 6.17253 2.87851e-05 259.11 28.702 6.1846
258.97 28.573 6.18712 0.0401522 259.11 28.702 6.1846
259.126 28.7585 6.18766 0.0572545 259.11 28.702 6.1846
259.227 28.7526 6.1694 0.000223898 259.11 28.702 6.1846
258.719 28.3367 6.19081 1.13542e-05 259.11 28.702 6.1846
259.405 28.7304 6.19319 0.000371519 259.11 28.702 6.1846
258.927 28.8691 6.1648 1.15473e-10 259.11 28.702 6.1846
259.186 28.4696 6.1739 0.000458947 259.11 28.702 6.1846
259.283 28.7846 6.18507 0.0399803 259.11 28.702 6.1846
258.654 28.6992 6.19174 3.3013e-06 259.11 28.702 6.1846
258.887 27.7945 6.19773 1.81522e-12 259.11 28.702 6.1846
259.325 29.129 6.20751 1.0527e-17 259.11 28.702 6.1846
259.242 29.3462 6.19626 3.60377e-16 259.11 28.702 6.1846
259.403 28.5996 6.17855 0.0286133 259.11 28.702 6.1846
258.7 28.5364 6.18551 4.4041e-06 259.11 28.702 6.1846
258.655 28.7997 6.19415 5.9561e-07 259.11 28.702 6.1846
259.431 27.9512 6.17337 1.04658e-13 259.11 28.702 6.1846
259.494 28.5055 6.17116 0.000137677 259.11 28.702 6.1846
259.249 28.5757 6.18782 0.185944 259.11 28.702 6.1846
258.914 27.9573 6.18107 1.61265e-12 259.11 28.702 6.1846
259.066 28.0067 6.19233 3.54242e-07 259.11 28.702 6.1846
259.196 28.8134 6.20666 7.16971e-09 259.11 28.702 6.1846
258.835 29.1744 6.20425 1.10342e-14 259.11 28.702 6.1846
259.479 28.2414 6.19086 1.10882e-05 259.11 28.702 6.1846
259.165 28.4106 6.19269 0.0525001 259.11 28.702 6.1846
259.834 28.5148 6.20715 2.34291e-20 259.11 28.702 6.1846
259.293 28.9634 6.18024 0.00100798 259.11 28.702 6.1846
259.302 28.7953 6.17751 0.0214254 259.11 28.702 6.1846
258.912 28.1903 6.17627 1.2189e-09 259.11 28.702 6.1846
259.669 28.6525 6.17975 5.73877e-05 259.11 28.702 6.1846
259.341 28.8237 6.19008 0.0015831 259.11 28.702 6.1846
259.257 28.4287 6.19597 0.00743079 259.11 28.702 6.1846
259.244 28.5667 6.20007 0.000614164 259.11 28.702 6.1846
258.787 28.3634 6.20935 3.63615e-06 259.11 28.702 6.1846
259.261 28.3727 6.17097 6.7133e-06 259.11 28.702 6.1846
259.032 29.0538 6.19137 1.43973e-06 259.11 28.702 6.1846
259.442 28.5939 6.18859 0.00650022 259.11 28.702 6.1846
259.26 28.5596 6.18499 0.19201 259.11 28.702 6.1846
259.361 28.677 6.19133 0.00713642 259.11 28.702 6.1846
259.754 28.9665 6.17144 1.17236e-07 259.11 28.702 6.1846
259.699 29.3326 6.19191 5.48516e-20 259.11 28.702 6.1846
259.369 28.6797 6.20432 4.67179e-08 259.11 28.702 6.1846
258.935 28.6213 6.19058 0.0269118 259.11 28.702 6.1846
259.367 28.6089 6.1925 0.00610839 259.11 28.702 6.1846
258.476 29.1669 6.18196 3.06643e-18 259.11 28.702 6.1846
258.94 28.6313 6.1809 0.00203643 259.11 28.702 6.1846
258.888 28.704 6.18936 0.00472651 259.11 28.702 6.1846
258.729 29.0393 6.17872 1.89881e-10 259.11 28.702 6.1846
259.929 28.7888 6.18573 1.41224e-12 259.11 28.702 6.1846
258.977 28.3869 6.17326 3.44785e-07 259.11 28.702 6.1846
259.495 29.2285 6.17912 2.69981e-09 259.11 28.702 6.1846
259.414 28.5831 6.16698 3.35972e-05 259.11 28.702 6.1846
259.469 28.5507 6.18256 0.0109501 259.11 28.702 6.1846
259.102 29.6297 6.18739 1.40603e-22 259.11 28.702 6.1846
259.256 28.3763 6.19217 0.0171179 259.11 28.702 6.1846
259.363 28.2344 6.18964 0.000210339 259.11 28.702 6.1846
259.377 28.8261 6.19829 1.00539e-06 259.11 28.702 6.1846
258.85 29.1776 6.1992 1.43984e-12 259.11 28.702 6.1846
259.701 28.849 6.17295 6.25357e-06 259.11 28.702 6.1846
258.998 28.3365 6.17833 2.24694e-05 259.11 28.702 6.1846
258.998 28.5967 6.19401 0.0470317 259.11 28.702 6.1846
258.883 28.5246 6.18173 0.000374026 259.11 28.702 6.1846
259.178 28.8816 6.1816 0.00773215 259.11 28.702 6.1846
259 28.9061 6.18749 0.000658073 259.11 28.702 6.1846
259.662 29.1303 6.18724 1.10334e-11 259.11 28.702 6.1846
258.857 28.8707 6.20261 3.47629e-07 259.11 28.702 6.1846
258.805 28.5495 6.18713 0.00057123 259.11 28.702 6.1846
258.666 28.422 6.1964 2.1004e-05 259.11 28.702 6.1846
258.948 28.8188 6.18021 0.00041906 259.11 28.702 6.1846
259.469 28.4524 6.1858 0.00323221 259.11 28.702 6.1846
258.799 28.1526 6.2103 1.55216e-07 259.11 28.702 6.1846
259.229 28.1929 6.16463 1.17698e-12 259.11 28.702 6.1846
259.173 28.913 6.19878 2.18715e-06 259.11 28.702 6.1846
258.809 28.7074 6.20696 7.76063e-07 259.11 28.702 6.1846
259.425 29.0883 6.19189 5.02937e-09 259.11 28.702 6.1846
258.806 28.6532 6.16633 2.80185e-12 259.11 28.702 6.1846
259.227 27.8116 6.18526 2.44639e-13 259.11 28.702 6.1846
259.501 28.4376 6.18554 0.00117788 259.11 28.702 6.1846
259.021 28.3075 6.19902 0.00284558 259.11 28.702 6.1846
258.776 28.9335 6.18796 1.08482e-06 259.11 28.702 6.1846
258.316 28.5338 6.21349 4.09032e-14 259.11 28.702 6.1846
258.937 28.4675 6.1824 0.00138811 259.11 28.702 6.1846
