23.4953 -87.6973 3.77887 4.86378e-06 22.767 -87.667 3.7769
22.8208 -87.6486 3.78694 2.10498e-05 22.767 -87.667 3.7769
22.9972 -88.0431 3.76476 1.10976e-09 22.767 -87.667 3.7769
23.1428 -87.2483 3.77429 0.000165167 22.767 -87.667 3.7769
22.7447 -87.0028 3.78815 5.83745e-15 22.767 -87.667 3.7769
23.1251 -87.5634 3.78457 0.00959212 22.767 -87.667 3.7769
22.7281 -88.1471 3.78918 5.45341e-12 22.767 -87.667 3.7769
23.0709 -87.5883 3.79083 7.08824e-06 22.767 -87.667 3.7769
22.6566 -87.7079 3.79451 4.27372e-15 22.767 -87.667 3.7769
22.5826 -87.5464 3.77646 0.00264694 22.767 -87.667 3.7769
23.4814 -87.4391 3.79898 6.05261e-12 22.767 -87.667 3.7769
23.1834 -88.0548 3.78763 4.11877e-06 22.767 -87.667 3.7769
23.1034 -87.3553 3.77267 0.00176447 22.767 -87.667 3.7769
22.4403 -87.8288 3.77309 3.54461e-05 22.767 -87.667 3.7769
22.8449 -87.8041 3.80342 1.71264e-22 22.767 -87.667 3.7769
22.6443 -87.6236 3.78073 0.000415159 22.767 -87.667 3.7769
23.0229 -88.258 3.77841 2.25893e-08 22.767 -87.667 3.7769
23.0713 -87.4157 3.76558 7.00565e-06 22.767 -87.667 3.7769
23.1006 -88.0036 3.78478 0.000108058 22.767 -87.667 3.7769
23.2581 -88.0854 3.76438 5.66853e-15 22.767 -87.667 3.7769
23.146 -88.2294 3.78924 1.79898e-09 22.767 -87.667 3.7769
22.7426 -87.8531 3.77723 0.00565422 22.767 -87.667 3.7769
23.5866 -87.2693 3.78984 1.02994e-09 22.767 -87.667 3.7769
23.1681 -87.5438 3.77631 0.0226128 22.767 -87.667 3.7769
23.1426 -86.9694 3.78604 3.13359e-11 22.767 -87.667 3.7769
23.0306 -87.4948 3.77855 0.100787 22.767 -87.667 3.7769
22.6882 -87.8451 3.77363 0.00596092 22.767 -87.667 3.7769
23.3165 -87.937 3.77162 4.73161e-08 22.767 -87.667 3.7769
22.9029 -87.3636 3.77232 0.0248196 22.767 -87.667 3.7769
23.238 -87.5804 3.80275 1.46005e-15 22.767 -87.667 3.7769
23.0261 -87.8144 3.7678 5.12061e-05 22.767 -87.667 3.7769
23.5275 -87.9211 3.77652 4.37264e-09 22.767 -87.667 3.7769
22.3972 -87.3047 3.77303 4.4002e-06 22.767 -87.667 3.7769
23.4095 -87.6122 3.77944 0.000189834 22.767 -87.667 3.7769
23.4984 -87.5042 3.77478 9.01944e-08 22.767 -87.667 3.7769
22.7136 -87.2309 3.77697 0.000155208 22.767 -87.667 3.7769
23.0371 -87.5764 3.77448 0.101026 22.767 -87.667 3.7769
23.736 -87.6631 3.79194 3.09749e-09 22.767 -87.667 3.7769
22.7584 -87.2565 3.77109 0.00255073 22.767 -87.667 3.7769
23.0894 -87.8465 3.78528 0.00198495 22.767 -87.667 3.7769
22.8446 -87.2193 3.78727 8.3128e-09 22.767 -87.667 3.7769
23.3182 -87.1865 3.77582 5.3381e-07 22.767 -87.667 3.7769
22.8431 -88.079 3.77181 8.29444e-06 22.767 -87.667 3.7769
22.7664 -88.1828 3.76726 2.40457e-09 22.767 -87.667 3.7769
23.2242 -87.6774 3.75887 6.05016e-15 22.767 -87.667 3.7769
23.0412 -87.5151 3.77646 0.119823 22.767 -87.667 3.7769
22.8212 -87.614 3.77446 0.235871 22.767 -87.667 3.7769
23.3315 -87.515 3.77508 0.000120386 22.767 -87.667 3.7769
22.5779 -87.1292 3.79661 9.50646e-26 22.767 -87.667 3.7769
23.0878 -87.8141 3.78428 0.00600422 22.767 -87.667 3.7769
22.9091 -87.5953 3.78421 0.00353719 22.767 -87.667 3.7769
22.9011 -88.0244 3.77305 0.000102659 22.767 -87.667 3.7769
22.3232 -87.5929 3.77834 2.14081e-08 22.767 -87.667 3.7769
23.2272 -87.8374 3.77462 0.000261784 22.767 -87.667 3.7769
23.4429 -87.8897 3.77419 2.53223e-08 22.767 -87.667 3.7769
22.971 -87.5865 3.79782 3.28816e-13 22.767 -87.667 3.7769
23.4466 -88.5 3.78457 1.50986e-16 22.767 -87.667 3.7769
23.4101 -87.5009 3.7695 5.14177e-09 22.767 -87.667 3.7769
23.058 -87.7527 3.75321 9.25291e-19 22.767 -87.667 3.7769
22.7832 -88.0179 3.76757 3.6854e-06 22.767 -87.667 3.7769
22.8293 -87.9386 3.76881 0.000123186 22.767 -87.667 3.7769
23.1451 -87.5003 3.78315 0.0120775 22.767 -87.667 3.7769
22.939 -88.1742 3.77101 4.06018e-08 22.767 -87.667 3.7769
22.9379 -87.5584 3.77795 0.204694 22.767 -87.667 3.7769
23.0417 -87.6218 3.75965 4.12328e-10 22.767 -87.667 3.7769
23.0083 -88.0402 3.76405 2.60685e-10 22.767 -87.667 3.7769
22.5825 -88.119 3.77445 1.91143e-07 22.767 -87.667 3.7769
22.9284 -86.918 3.7599 1.32352e-13 22.767 -87.667 3.7769
23.6685 -87.4817 3.77387 1.94297e-12 22.767 -87.667 3.7769
23.1266 -88.0495 3.78213 7.01926e-05 22.767 -87.667 3.7769
23.3848 -87.2619 3.76052 1.2477e-17 22.767 -87.667 3.7769
23.117 -87.4957 3.76256 1.38085e-08 22.767 -87.667 3.7769
22.9486 -87.4331 3.7716 0.033968 22.767 -87.667 3.7769
22.9376 -88.2327 3.78932 8.13762e-11 22.767 -87.667 3.7769
23.4444 -87.3516 3.79293 1.0104e-08 22.767 -87.667 3.7769
22.4252 -87.4832 3.77025 0.000515578 22.767 -87.667 3.7769
23.1215 -87.8383 3.77563 0.00507746 22.767 -87.667 3.7769
22.4053 -88.499 3.77136 8.65942e-19 22.767 -87.667 3.7769
23.0136 -87.5955 3.75888 2.81822e-10 22.767 -87.667 3.7769
23.2459 -87.4046 3.77861 0.00192541 22.767 -87.667 3.7769
22.9234 -87.9153 3.78596 6.40017e-05 22.767 -87.667 3.7769
22.9829 -87.4383 3.75978 7.56821e-09 22.767 -87.667 3.7769
23.2959 -87.2478 3.77784 1.44563e-05 22.767 -87.667 3.7769
22.9947 -87.5523 3.79029 3.3084e-06 22.767 -87.667 3.7769
22.8802 -87.3876 3.78243 0.0011047 22.767 -87.667 3.7769
22.8674 -87.3459 3.78508 1.67227e-05 22.767 -87.667 3.7769
22.4345 -87.1961 3.76782 7.63464e-06 22.767 -87.667 3.7769
22.6734 -88.1231 3.78028 1.11662e-07 22.767 -87.667 3.7769
22.9186 -87.3951 3.78166 0.00399675 22.767 -87.667 3.7769
23.0897 -87.767 3.77082 0.000853915 22.767 -87.667 3.7769
22.6516 -87.5349 3.75181 2.13612e-12 22.767 -87.667 3.7769
22.662 -87.5563 3.78917 8.68415e-10 22.767 -87.667 3.7769
22.8969 -87.3487 3.79066 3.81041e-09 22.767 -87.667 3.7769
22.7863 -87.7237 3.77178 0.0660155 22.767 -87.667 3.7769
23.4943 -87.5416 3.77151 1.76241e-09 22.767 -87.667 3.7769
22.5517 -88.0356 3.79329 4.88529e-18 22.767 -87.667 3.7769
23.2828 -88.0429 3.76925 1.48356e-10 22.767 -87.667 3.7769
23.2502 -87.6952 3.74411 9.39502e-39 22.767 -87.667 3.7769
22.6343 -87.4565 3.76964 0.02317 22.767 -87.667 3.7769
23.3077 -88.2016 3.75882 4.64274e-25 22.767 -87.667 3.7769
