135.995 20.3265 0.0796359 9.92573e-08
135.864 20.1044 0.0557476 0.00010984
135.998 19.8817 0.0661031 0.000212147
135.353 20.0723 0.0715908 0.03442
135.59 19.9118 0.0710375 0.107281
135.687 19.963 0.071581 0.0987517
135.491 20.1686 0.0544883 3.4794e-05
135.539 20.1888 0.067603 0.0914614
135.596 20.4749 0.0676803 0.000704641
135.718 20.207 0.0731495 0.0219118
135.414 19.351 0.0721292 1.38034e-08
135.747 19.9343 0.0682243 0.0469138
135.227 20.0204 0.063175 0.000170602
135.779 20.471 0.0586185 6.54322e-05
135.736 19.9506 0.0704053 0.064357
135.795 20.4396 0.0636083 0.00050045
135.472 20.2046 0.0902728 2.31708e-08
135.46 20.3923 0.069229 0.00263045
135.44 19.8279 0.0712581 0.0225311
135.621 19.7317 0.0569458 2.34877e-06
136.024 20.4352 0.0653116 6.97552e-06
135.441 20.1856 0.072772 0.0406794
135.674 20.3576 0.0668943 0.00889285
136.197 20.2365 0.0747009 1.89768e-08
135.877 19.3128 0.0765099 2.10108e-10
135.343 20.352 0.0659893 0.00100836
136.022 19.8392 0.0837959 4.17796e-08
135.467 19.9125 0.079909 0.00815411
135.735 19.9966 0.0704654 0.0816358
135.418 19.9035 0.075739 0.0297798
135.289 20.2136 0.0620495 0.000368129
136.081 20.5507 0.0629526 7.23409e-08
135.6 19.8067 0.0614404 0.000736261
135.623 20.0945 0.0689215 0.176307
136.039 19.833 0.059491 2.1673e-06
136.072 20.2826 0.0581365 5.37931e-06
135.699 19.4952 0.0894317 1.60629e-09
135.679 20.3037 0.0810604 3.68795e-05
135.824 20.558 0.0636183 1.54801e-05
135.337 19.9801 0.0771313 0.0108958
135.795 19.6356 0.0463551 3.13025e-14
135.373 20.7096 0.09093 2.56853e-17
136.011 20.3762 0.0504215 3.3838e-08
135.909 20.2349 0.0647752 0.0026304
135.207 19.6019 0.0761548 7.08463e-06
135.452 19.5345 0.0515154 2.41785e-13
135.62 19.3441 0.0702756 1.21538e-08
135.442 19.4048 0.0750572 3.11061e-07
135.209 19.913 0.0614548 1.02066e-05
135.335 19.5526 0.0836813 1.97738e-06
135.744 20.0131 0.0664655 0.0621001
135.669 19.9575 0.0550883 4.67537e-05
135.695 19.8689 0.0844045 7.81584e-05
135.975 20.4691 0.092796 8.17286e-18
136.032 19.8212 0.0576114 5.33136e-07
136.151 20.3041 0.0792065 8.36868e-10
135.94 19.5643 0.0790955 1.81119e-07
135.197 19.5592 0.0662997 5.17206e-08
135.599 20.0444 0.0863479 2.05779e-05
135.436 20.3991 0.0691375 0.00181624
135.251 19.8693 0.0616932 2.00617e-05
135.683 20.5691 0.0659712 3.91803e-05
135.899 19.8973 0.0495589 6.32064e-09
136 20.1188 0.0664898 0.000737957
136.178 20.3239 0.0821891 5.81431e-12
135.763 20.4893 0.0852627 3.14071e-10
135.776 19.6558 0.0707617 0.000342909
135.83 19.9045 0.0696138 0.0128942
135.998 20.1884 0.0632134 0.000406091
135.637 19.8855 0.0269338 1.2789e-30
135.544 19.8693 0.0818123 0.00213769
135.274 20.0026 0.0621369 0.000246815
135.828 19.8209 0.0898078 1.108e-08
135.68 19.9208 0.0792236 0.0060231
135.213 20.3733 0.0596983 1.89522e-06
135.924 20.232 0.0652344 0.00210095
135.582 19.6003 0.049348 6.54762e-13
135.459 20.3853 0.0571596 5.08007e-05
135.28 20.4177 0.0665626 8.54891e-05
135.567 19.8632 0.0483034 5.67755e-10
135.719 19.9249 0.0634725 0.0137393
135.846 20.2238 0.062821 0.00565769
135.819 20.4118 0.0642426 0.000728323
135.282 19.7819 0.0761128 0.0013032
136.112 19.3919 0.0678637 6.17256e-12
135.796 20.6032 0.083417 1.84148e-11
135.596 19.8439 0.0621503 0.00243056
136.017 19.8761 0.0528927 3.14872e-08
136.124 20.1847 0.0468666 9.7745e-11
135.742 20.1735 0.0621686 0.0184095
136.118 19.7843 0.0694898 1.44361e-06
136.031 20.532 0.0695253 1.38064e-07
136.493 20.0305 0.0840464 1.17602e-18
136.178 20.4084 0.0626695 9.64774e-08
136.655 19.9541 0.0717489 1.55665e-18
135.98 19.9965 0.0798712 8.65926e-06
136.251 19.3398 0.0495151 3.06766e-22
135.467 20.5056 0.0386725 1.44564e-16
135.663 20.251 0.0737391 0.0153376
135.343 19.9899 0.0541934 5.30941e-07
