188.237 -9.62202 3.18554 4.52348e-17
188.559 -10.5508 3.18109 0.000141828
188.15 -10.3507 3.18416 4.6944e-08
188.381 -10.1851 3.19218 5.37197e-12
188.14 -10.1461 3.15487 1.68249e-05
187.7 -10.7761 3.18252 9.68069e-19
188.266 -10.3817 3.18884 3.08056e-10
187.917 -10.2903 3.18746 1.71275e-15
188.548 -10.7841 3.16591 1.1062e-05
187.69 -10.1001 3.18572 7.82773e-21
188.349 -10.9148 3.16958 1.58518e-05
188.382 -10.6334 3.17192 0.015279
188.536 -10.7571 3.17649 4.41541e-05
188.619 -10.4497 3.1622 2.63387e-06
188.622 -10.2591 3.1838 2.36261e-05
187.955 -11.1062 3.1759 8.21953e-14
187.917 -10.5875 3.17168 0.000237857
188.615 -10.1732 3.16201 9.6348e-08
188.285 -10.1278 3.1577 1.12377e-05
188.151 -10.3194 3.19109 3.57044e-14
188.876 -10.4393 3.16683 1.9919e-09
188.382 -9.95269 3.18715 2.61865e-10
188.662 -10.477 3.18625 1.58272e-06
188.136 -10.3793 3.16468 0.280283
188.15 -10.67 3.17448 0.000683993
188.295 -10.4234 3.18682 2.43373e-08
187.935 -10.4767 3.18172 6.8021e-10
188.275 -10.845 3.15846 1.91684e-05
187.961 -10.7212 3.18306 1.99535e-12
188.07 -10.6115 3.17401 0.000724662
188.384 -10.6557 3.17159 0.0110202
188.038 -10.3184 3.16623 0.102328
188.472 -10.185 3.18457 4.26162e-06
189.067 -10.6649 3.17394 3.92736e-12
188.541 -10.2555 3.18322 4.83901e-05
188.571 -10.2136 3.20127 1.29086e-18
188.389 -10.5344 3.1759 0.0104787
188.642 -10.0319 3.1839 4.01925e-07
188.596 -9.87221 3.16251 1.37128e-11
188.034 -9.80983 3.17542 4.01505e-10
187.939 -9.9921 3.17196 8.38458e-07
187.741 -10.1648 3.17637 1.58577e-10
188.443 -10.7961 3.18533 2.34845e-09
188.504 -10.3479 3.17636 0.00856858
188.575 -10.437 3.17471 0.00539423
188.281 -10.4035 3.15305 4.28199e-06
188.686 -10.651 3.16082 5.77875e-09
187.902 -9.73401 3.16957 1.93916e-11
188.349 -9.93356 3.18833 1.16889e-11
188.358 -10.5727 3.16568 0.0373815
188.343 -10.5786 3.17177 0.044052
188.682 -10.8569 3.17433 2.18892e-07
188.755 -10.5074 3.1993 8.33827e-16
188.817 -10.9067 3.16711 1.2703e-11
188.253 -9.89441 3.16863 3.28052e-06
188.202 -10.0301 3.17429 8.53528e-05
188.788 -10.2632 3.1688 3.3393e-07
188.098 -10.5881 3.16146 0.110003
188.05 -9.88893 3.16657 1.28508e-06
188.345 -10.2617 3.17532 0.0128808
188.494 -10.4323 3.1732 0.0229188
188.591 -10.7103 3.17556 9.59162e-05
188.661 -11.0194 3.16868 2.23098e-10
188.096 -10.6723 3.18576 7.43278e-12
188.628 -10.5378 3.18059 0.000133869
188.283 -10.1341 3.16291 0.00111477
188.877 -10.3561 3.18109 1.64285e-06
187.932 -10.4806 3.16545 0.0552323
188.25 -10.3342 3.16436 0.104747
188.199 -10.5794 3.15693 0.00301599
188.618 -10.259 3.1692 0.000230666
188.465 -10.8387 3.16443 1.12491e-05
187.934 -10.4269 3.16977 0.00562508
188.291 -10.3387 3.1832 7.25082e-06
188.266 -10.1809 3.17127 0.0159926
188.131 -10.5541 3.17554 0.00114875
188.226 -9.73572 3.16401 3.93116e-10
188.053 -10.1435 3.17108 0.00123276
188.194 -10.3343 3.15126 2.10401e-06
188.331 -10.4567 3.1562 7.74276e-05
188.242 -10.2368 3.17817 0.000529896
188.111 -10.4921 3.17386 0.00669316
188.405 -9.9307 3.18277 3.72749e-08
188.211 -10.9608 3.1815 2.4104e-11
188.146 -10.7997 3.18084 7.65961e-09
188.176 -10.4419 3.18073 1.58334e-05
188.414 -10.3067 3.18135 0.00027522
188.361 -10.1692 3.18147 3.50121e-05
188.143 -10.7411 3.18284 1.57313e-09
188.012 -10.6278 3.17787 1.11241e-06
188.19 -10.7219 3.18936 2.73904e-14
188.376 -10.1271 3.18903 7.45663e-10
188.259 -10.3608 3.17665 0.00629054
188.508 -11.3468 3.14941 9.78895e-25
187.99 -10.3992 3.17771 5.65072e-06
188.836 -10.9539 3.18619 3.47592e-13
188.756 -10.2852 3.16406 1.34948e-08
188.322 -10.5182 3.18278 9.61384e-06
188.482 -10.5894 3.16205 0.000192014
188.088 -10.4048 3.16067 0.134611
