-33.1822 -80.5888 2.23403 0.000110922 -32.881 -80.114 2.231
-32.9706 -80.3948 2.23547 0.018123 -32.881 -80.114 2.231
-33.0275 -79.8782 2.2237 0.0233764 -32.881 -80.114 2.231
-33.1832 -80.5478 2.2412 0.000334895 -32.881 -80.114 2.231
-32.7743 -80.1167 2.22688 0.0193147 -32.881 -80.114 2.231
-33.0401 -80.1266 2.26346 1.01232e-09 -32.881 -80.114 2.231
-33.1203 -80.6828 2.24174 4.87084e-05 -32.881 -80.114 2.231
-32.8268 -80.2287 2.23277 0.0582689 -32.881 -80.114 2.231
-33.0041 -80.0297 2.23145 0.116749 -32.881 -80.114 2.231
-33.3351 -80.2484 2.22585 0.00059497 -32.881 -80.114 2.231
-32.5276 -80.3121 2.24972 0.000261156 -32.881 -80.114 2.231
-33.0631 -80.0948 2.23276 0.0938493 -32.881 -80.114 2.231
-33.1083 -80.6863 2.23582 3.14096e-05 -32.881 -80.114 2.231
-33.1905 -80.1633 2.22825 0.0160906 -32.881 -80.114 2.231
-33.2195 -80.1297 2.23423 0.0198198 -32.881 -80.114 2.231
-32.8228 -80.1836 2.21304 2.01441e-06 -32.881 -80.114 2.231
-32.1156 -80.5658 2.22268 9.85782e-14 -32.881 -80.114 2.231
-32.8449 -80.4977 2.2486 0.00111187 -32.881 -80.114 2.231
-33.3904 -80.5467 2.23307 8.76751e-06 -32.881 -80.114 2.231
-32.678 -80.3458 2.23454 0.00807111 -32.881 -80.114 2.231
-33.018 -80.0851 2.24197 0.0240798 -32.881 -80.114 2.231
-32.8013 -80.2938 2.2417 0.0313996 -32.881 -80.114 2.231
-33.3425 -80.2976 2.23452 0.00109287 -32.881 -80.114 2.231
-32.6917 -80.3046 2.23772 0.0192178 -32.881 -80.114 2.231
-32.9904 -80.3989 2.21669 1.99399e-06 -32.881 -80.114 2.231
-32.9623 -80.5524 2.24122 0.00195838 -32.881 -80.114 2.231
-33.814 -79.6763 2.23447 7.83013e-11 -32.881 -80.114 2.231
-32.7832 -80.1278 2.22271 0.00319355 -32.881 -80.114 2.231
-32.6776 -80.2915 2.22752 0.00172966 -32.881 -80.114 2.231
-32.9293 -80.563 2.214 1.1312e-09 -32.881 -80.114 2.231
-32.7225 -80.0325 2.21705 0.000100637 -32.881 -80.114 2.231
-33.3313 -80.5032 2.23196 5.29331e-05 -32.881 -80.114 2.231
-33.2148 -79.9432 2.23295 0.0170504 -32.881 -80.114 2.231
-32.5952 -80.4343 2.22753 5.16723e-05 -32.881 -80.114 2.231
-33.3235 -79.7436 2.24254 5.50404e-06 -32.881 -80.114 2.231
-32.9244 -79.6923 2.25079 3.11235e-07 -32.881 -80.114 2.231
-32.6341 -80.6222 2.22499 1.99059e-07 -32.881 -80.114 2.231
-33.3718 -79.9187 2.2371 0.000403946 -32.881 -80.114 2.231
-32.6958 -80.0716 2.24402 0.00833316 -32.881 -80.114 2.231
-32.8855 -80.6855 2.22899 4.37875e-06 -32.881 -80.114 2.231
-33.3004 -80.0062 2.24404 0.000150696 -32.881 -80.114 2.231
-33.2057 -80.1062 2.22813 0.0184717 -32.881 -80.114 2.231
-32.7319 -80.2351 2.2288 0.0101474 -32.881 -80.114 2.231
-33.159 -79.7508 2.21672 0.0006674 -32.881 -80.114 2.231
-32.7025 -80.5855 2.2416 0.000603318 -32.881 -80.114 2.231
-32.9085 -80.1943 2.22274 0.00388716 -32.881 -80.114 2.231
-32.8828 -80.1955 2.22114 0.00139251 -32.881 -80.114 2.231
-32.7865 -79.9923 2.23186 0.0702179 -32.881 -80.114 2.231
-33.2837 -80.2976 2.23473 0.00300227 -32.881 -80.114 2.231
-33.1076 -79.9475 2.2521 4.61186e-06 -32.881 -80.114 2.231
-33.0318 -80.708 2.24921 1.72594e-05 -32.881 -80.114 2.231
-33.3511 -80.0887 2.22305 0.000810337 -32.881 -80.114 2.231
-33.1319 -79.8031 2.23593 0.00594207 -32.881 -80.114 2.231
-33.4415 -80.6058 2.24468 3.95703e-07 -32.881 -80.114 2.231
-33.3877 -80.2288 2.21518 1.32187e-06 -32.881 -80.114 2.231
-32.4747 -80.0312 2.23013 0.000706511 -32.881 -80.114 2.231
-33.2869 -80.2347 2.24179 0.00114922 -32.881 -80.114 2.231
-32.9367 -80.0931 2.22592 0.0374473 -32.881 -80.114 2.231
-33.192 -80.1551 2.22952 0.0207968 -32.881 -80.114 2.231
-33.3005 -80.7053 2.23492 1.39872e-06 -32.881 -80.114 2.231
-33.3504 -80.2705 2.22623 0.00039662 -32.881 -80.114 2.231
-33.0563 -80.1404 2.22692 0.0343479 -32.881 -80.114 2.231
-32.8475 -79.9712 2.23674 0.0676896 -32.881 -80.114 2.231
-32.8568 -80.2148 2.22414 0.00486774 -32.881 -80.114 2.231
-33.1744 -80.0318 2.23225 0.0385941 -32.881 -80.114 2.231
-32.706 -79.9487 2.23715 0.0232623 -32.881 -80.114 2.231
-33.5964 -79.838 2.23359 2.10744e-06 -32.881 -80.114 2.231
-33.0009 -80.0513 2.24078 0.0339431 -32.881 -80.114 2.231
-32.9672 -80.1225 2.2285 0.0681386 -32.881 -80.114 2.231
-33.1249 -80.5753 2.23866 0.000454589 -32.881 -80.114 2.231
-33.1164 -80.5034 2.25204 3.37575e-05 -32.881 -80.114 2.231
-32.8934 -80.2948 2.23069 0.0264059 -32.881 -80.114 2.231
-33.1612 -80.3352 2.22383 0.000577477 -32.881 -80.114 2.231
-32.8577 -79.5584 2.23482 0.000218227 -32.881 -80.114 2.231
-33.6823 -80.2165 2.23025 3.84998e-07 -32.881 -80.114 2.231
-33.4377 -80.5449 2.24787 3.21592e-07 -32.881 -80.114 2.231
-32.5152 -80.5222 2.23995 0.000158918 -32.881 -80.114 2.231
-33.2172 -80.2119 2.23372 0.0150234 -32.881 -80.114 2.231
-33.846 -80.0395 2.23962 1.08242e-10 -32.881 -80.114 2.231
-33.1675 -79.8572 2.2454 8.79427e-05 -32.881 -80.114 2.231
-33.4508 -79.9634 2.21295 2.3074e-06 -32.881 -80.114 2.231
-33.2994 -80.2051 2.22695 0.002219 -32.881 -80.114 2.231
-32.604 -80.7089 2.25513 1.82631e-06 -32.881 -80.114 2.231
-32.723 -80.5914 2.23667 0.000351693 -32.881 -80.114 2.231
-33.4182 -80.526 2.22711 1.50238e-06 -32.881 -80.114 2.231
-33.2108 -80.3472 2.235 0.00516789 -32.881 -80.114 2.231
-32.9235 -80.5214 2.22622 8.47662e-05 -32.881 -80.114 2.231
-33.2461 -79.6627 2.24806 4.73795e-08 -32.881 -80.114 2.231
-33.1996 -80.4189 2.21602 3.93807e-07 -32.881 -80.114 2.231
-32.1459 -80.1514 2.23844 2.91423e-07 -32.881 -80.114 2.231
-33.2232 -79.9837 2.24132 0.00186353 -32.881 -80.114 2.231
-32.8806 -80.3947 2.24581 0.00684176 -32.881 -80.114 2.231
-32.8533 -80.8259 2.23053 9.79943e-08 -32.881 -80.114 2.231
-33.3861 -80.0502 2.21189 1.42467e-06 -32.881 -80.114 2.231
-32.5039 -79.9106 2.2421 0.000361884 -32.881 -80.114 2.231
-32.84 -80.4623 2.24017 0.00861265 -32.881 -80.114 2.231
-33.5009 -80.3602 2.23765 1.26607e-05 -32.881 -80.114 2.231
-33.3655 -79.4588 2.2313 1.11376e-06 -32.881 -80.114 2.231
-32.6593 -80.0447 2.2152 8.44844e-06 -32.881 -80.114 2.231
-32.962 -80.4144 2.21693 1.58689e-06 -32.881 -80.114 2.231
