8.47882 -94.7163 3.4229 0.000491624
8.13047 -95.2119 3.40762 0.00039152
8.15284 -94.4349 3.40562 0.00956104
8.383 -95.148 3.41306 0.000166558
8.33171 -94.7728 3.40816 0.0742289
8.11756 -94.723 3.40296 0.0631552
8.32933 -94.4275 3.38762 8.90729e-09
8.15283 -94.9372 3.41219 0.00759529
8.00058 -94.6697 3.4002 0.0164598
7.97775 -94.8822 3.39151 0.00151079
8.01612 -94.738 3.42033 0.000114418
8.22742 -95.1023 3.4171 3.72617e-05
8.20079 -95.0755 3.39526 0.00374057
8.239 -94.908 3.40057 0.0355323
8.52653 -94.6923 3.40186 0.00257075
8.7374 -94.3178 3.40138 1.46044e-07
8.29002 -93.9933 3.41831 6.6471e-06
8.33257 -94.5523 3.39843 0.00143648
8.23983 -94.6907 3.40897 0.0923545
8.01139 -94.6646 3.39322 0.000847277
8.04649 -94.6418 3.40569 0.040979
8.25708 -94.5176 3.4033 0.0140975
8.1933 -94.6734 3.39218 0.000319828
7.94164 -94.4338 3.40614 0.00218197
8.4587 -94.6276 3.39247 8.6087e-06
7.7242 -94.7158 3.41232 5.01802e-05
8.00905 -95.0059 3.40607 0.00855962
8.10101 -94.172 3.3962 1.68676e-07
8.55066 -94.438 3.41205 0.00446358
8.24302 -94.6512 3.40956 0.0847726
7.52778 -94.8552 3.40591 2.30212e-06
8.55234 -95.2866 3.39733 5.7397e-06
8.02851 -94.6492 3.42009 0.000300804
8.11631 -94.6346 3.40967 0.0527082
7.96665 -95.3848 3.40516 4.47352e-06
8.27857 -94.9754 3.41934 0.000129816
8.01787 -94.8527 3.41025 0.0117973
8.07703 -94.6396 3.39899 0.0123258
8.29265 -95.2604 3.40057 0.000458085
8.09173 -94.712 3.41354 0.0162949
7.98009 -94.5088 3.41298 0.00396857
8.3784 -94.2779 3.42503 0.000180444
8.79598 -94.6364 3.40547 3.09872e-05
8.51533 -95.2089 3.40581 0.000112837
7.92821 -94.5297 3.39476 0.000210252
8.07585 -94.8861 3.40574 0.0430642
8.1302 -94.7609 3.41849 0.00150458
7.81845 -94.4977 3.37819 9.8327e-12
7.95354 -94.6455 3.4039 0.0169684
8.22439 -94.6117 3.41015 0.0717685
8.5437 -94.5558 3.38794 3.62848e-09
7.86524 -94.2928 3.41748 1.42554e-05
8.04465 -95.0772 3.40303 0.00815147
7.72577 -94.8205 3.40585 0.000462321
8.41824 -94.7398 3.40847 0.0470221
8.11025 -94.6895 3.40463 0.0669992
8.16229 -95.0426 3.42483 7.84945e-08
7.67872 -94.2811 3.4097 1.20039e-06
8.85994 -94.9027 3.4033 2.05185e-06
8.42919 -94.316 3.39986 1.68048e-05
8.24677 -94.275 3.39634 2.38991e-06
7.82232 -94.8117 3.4036 0.00434574
8.0965 -94.692 3.41205 0.0290947
8.52494 -95.2275 3.40612 6.48676e-05
8.11298 -94.8801 3.40678 0.0478046
8.15449 -94.7435 3.42964 1.32747e-07
8.16197 -94.1344 3.42305 1.72627e-05
8.23376 -94.6804 3.41434 0.0333211
7.87147 -94.4779 3.42246 3.27982e-06
8.308 -94.9142 3.41584 0.00323292
8.14844 -95.1155 3.38933 0.000251722
7.7954 -94.5827 3.40684 0.00102409
8.8925 -95.0275 3.43611 7.43349e-14
8.59634 -95.3372 3.39922 1.34641e-06
8.69737 -94.5751 3.40702 0.000400114
8.69888 -94.7237 3.4111 0.00125476
8.52266 -95.2585 3.40125 3.64215e-05
8.32306 -94.3131 3.40669 0.0014489
8.03565 -94.9241 3.39893 0.0242869
8.00237 -94.1407 3.41818 1.25291e-05
7.80759 -94.2472 3.41339 7.41601e-06
8.26229 -95.43 3.41005 4.23246e-07
8.0715 -94.3836 3.40749 0.00419155
7.61644 -94.0632 3.41916 1.3708e-10
7.72197 -95.0795 3.40634 3.38858e-05
8.02822 -94.8362 3.43013 1.58508e-09
8.57184 -94.6118 3.4198 0.00250684
8.35864 -94.3047 3.41105 0.00306322
8.44158 -94.817 3.42002 0.00104783
7.72879 -95.2886 3.41529 5.07065e-10
7.97362 -94.3344 3.40966 0.000841466
8.13035 -94.1773 3.40587 5.91722e-05
7.52603 -95.0972 3.40427 4.31174e-07
7.99308 -93.9633 3.41554 2.37122e-07
8.56099 -95.0285 3.41225 0.000547716
8.17764 -94.5885 3.40156 0.0201472
8.105 -94.6753 3.42226 0.000160864
8.09681 -95.2758 3.40136 0.000460664
7.42774 -94.9376 3.41081 2.53525e-09
7.83752 -94.3831 3.41051 0.000187511
