160.475 -11.7776 3.26112 3.47842e-06 160.98 -12.416 3.2776
161.085 -12.3377 3.26243 2.08107e-09 160.98 -12.416 3.2776
160.465 -12.3439 3.26514 2.2872e-05 160.98 -12.416 3.2776
161.283 -12.1159 3.2788 0.0021564 160.98 -12.416 3.2776
161.313 -12.1783 3.26363 1.68479e-11 160.98 -12.416 3.2776
160.615 -12.3268 3.27745 0.00506361 160.98 -12.416 3.2776
160.73 -12.481 3.24927 2.78489e-17 160.98 -12.416 3.2776
160.428 -12.3549 3.26875 5.04777e-05 160.98 -12.416 3.2776
160.786 -12.3122 3.24711 6.7207e-18 160.98 -12.416 3.2776
161.318 -11.9859 3.27216 1.89288e-06 160.98 -12.416 3.2776
160.664 -11.8586 3.2764 0.00312942 160.98 -12.416 3.2776
160.844 -12.0388 3.27321 0.0507406 160.98 -12.416 3.2776
160.464 -12.3856 3.28466 1.1875e-06 160.98 -12.416 3.2776
160.907 -12.3712 3.26102 1.62974e-08 160.98 -12.416 3.2776
160.933 -12.3404 3.26667 2.57443e-05 160.98 -12.416 3.2776
161.084 -12.1719 3.25948 1.83688e-10 160.98 -12.416 3.2776
161.138 -12.5477 3.26819 8.75254e-09 160.98 -12.416 3.2776
161.037 -12.3502 3.25979 9.62518e-11 160.98 -12.416 3.2776
160.658 -12.1545 3.27662 0.0353225 160.98 -12.416 3.2776
160.295 -12.3882 3.28487 6.11494e-10 160.98 -12.416 3.2776
161.23 -12.2689 3.28289 0.0256224 160.98 -12.416 3.2776
161.039 -12.484 3.26842 9.32417e-07 160.98 -12.416 3.2776
160.908 -12.1619 3.27893 0.219357 160.98 -12.416 3.2776
160.802 -12.6112 3.27246 1.08936e-05 160.98 -12.416 3.2776
160.39 -12.6476 3.25544 8.16225e-14 160.98 -12.416 3.2776
160.866 -12.6823 3.26818 1.6093e-08 160.98 -12.416 3.2776
160.282 -11.955 3.26572 9.21105e-06 160.98 -12.416 3.2776
160.843 -12.1812 3.28028 0.169441 160.98 -12.416 3.2776
160.744 -12.2364 3.25617 3.92997e-09 160.98 -12.416 3.2776
160.831 -12.2481 3.25941 8.07742e-08 160.98 -12.416 3.2776
160.809 -12.4197 3.26761 6.08914e-05 160.98 -12.416 3.2776
160.68 -12.6663 3.26652 1.71696e-08 160.98 -12.416 3.2776
160.48 -12.1658 3.24468 1.21269e-15 160.98 -12.416 3.2776
160.756 -12.1562 3.2591 5.97524e-07 160.98 -12.416 3.2776
161.19 -12.4375 3.28582 0.0102782 160.98 -12.416 3.2776
160.792 -12.262 3.25702 3.85507e-09 160.98 -12.416 3.2776
161.005 -12.3697 3.27444 0.00424641 160.98 -12.416 3.2776
160.249 -12.0784 3.26339 3.33598e-06 160.98 -12.416 3.2776
161.293 -12.2724 3.27635 0.000177854 160.98 -12.416 3.2776
160.369 -11.7987 3.28037 5.08099e-08 160.98 -12.416 3.2776
160.952 -12.1359 3.27218 0.0165663 160.98 -12.416 3.2776
161.08 -12.1308 3.27955 0.104335 160.98 -12.416 3.2776
161.084 -11.9527 3.26884 5.97212e-05 160.98 -12.416 3.2776
160.822 -12.7775 3.29932 8.74251e-12 160.98 -12.416 3.2776
160.798 -12.6651 3.26333 2.45153e-10 160.98 -12.416 3.2776
161.137 -12.3967 3.27892 0.00568845 160.98 -12.416 3.2776
160.794 -12.1506 3.26391 0.000105781 160.98 -12.416 3.2776
161.182 -12.4517 3.27413 2.84232e-05 160.98 -12.416 3.2776
160.809 -12.4611 3.26975 0.000132499 160.98 -12.416 3.2776
160.612 -11.7824 3.26235 1.21783e-05 160.98 -12.416 3.2776
160.799 -11.7365 3.27321 0.000563794 160.98 -12.416 3.2776
160.718 -12.7845 3.27812 8.2576e-08 160.98 -12.416 3.2776
160.819 -11.9747 3.28446 0.0101798 160.98 -12.416 3.2776
160.417 -12.4865 3.2686 2.02135e-06 160.98 -12.416 3.2776
160.849 -12.6628 3.25982 6.77617e-13 160.98 -12.416 3.2776
160.734 -12.4362 3.27462 0.00277526 160.98 -12.416 3.2776
160.977 -12.0209 3.28232 0.107518 160.98 -12.416 3.2776
161.133 -12.6511 3.24688 3.26555e-30 160.98 -12.416 3.2776
160.682 -12.2234 3.25876 4.711e-07 160.98 -12.416 3.2776
161 -12.458 3.25849 2.03799e-12 160.98 -12.416 3.2776
160.602 -12.3219 3.25213 9.89318e-12 160.98 -12.416 3.2776
160.997 -12.319 3.26505 1.48684e-06 160.98 -12.416 3.2776
160.488 -11.9741 3.27633 0.000573596 160.98 -12.416 3.2776
160.437 -12.0238 3.26809 0.000540033 160.98 -12.416 3.2776
160.87 -12.5043 3.27237 0.000203311 160.98 -12.416 3.2776
161.016 -12.358 3.25154 1.03603e-17 160.98 -12.416 3.2776
161.28 -12.4783 3.26651 4.10134e-11 160.98 -12.416 3.2776
161.255 -12.2695 3.28046 0.00656468 160.98 -12.416 3.2776
161.371 -12.2238 3.25257 1.28853e-23 160.98 -12.416 3.2776
160.167 -12.6058 3.266 3.0692e-11 160.98 -12.416 3.2776
160.152 -12.1794 3.26273 1.15792e-07 160.98 -12.416 3.2776
160.58 -11.9452 3.26125 3.4966e-05 160.98 -12.416 3.2776
160.997 -12.6004 3.28325 0.000557804 160.98 -12.416 3.2776
160.419 -12.109 3.26089 1.38779e-05 160.98 -12.416 3.2776
161.542 -12.0248 3.27062 1.83562e-11 160.98 -12.416 3.2776
160.621 -12.3841 3.26586 5.12515e-05 160.98 -12.416 3.2776
161.126 -12.3334 3.26435 1.14658e-08 160.98 -12.416 3.2776
160.995 -11.9392 3.27929 0.041597 160.98 -12.416 3.2776
161.37 -11.716 3.26136 9.59777e-16 160.98 -12.416 3.2776
161.105 -11.928 3.29441 9.24952e-05 160.98 -12.416 3.2776
160.699 -12.0904 3.28053 0.0263446 160.98 -12.416 3.2776
160.241 -12.421 3.267 9.06477e-08 160.98 -12.416 3.2776
161.061 -12.2683 3.28321 0.14415 160.98 -12.416 3.2776
160.524 -12.6034 3.24895 6.67248e-18 160.98 -12.416 3.2776
160.625 -12.3916 3.26805 0.000197445 160.98 -12.416 3.2776
160.621 -12.1125 3.2535 2.03034e-09 160.98 -12.416 3.2776
161.031 -12.2941 3.27033 0.000357052 160.98 -12.416 3.2776
160.106 -12.4813 3.27742 6.03798e-12 160.98 -12.416 3.2776
161.19 -11.6801 3.26571 7.8611e-10 160.98 -12.416 3.2776
161.216 -12.9574 3.26155 3.47092e-23 160.98 -12.416 3.2776
160.692 -12.5635 3.26254 1.18476e-08 160.98 -12.416 3.2776
160.8 -12.5002 3.27106 0.000126651 160.98 -12.416 3.2776
160.488 -12.178 3.25958 4.19864e-06 160.98 -12.416 3.2776
160.712 -12.1847 3.26649 0.0014569 160.98 -12.416 3.2776
160.459 -12.1823 3.27157 0.00109342 160.98 -12.416 3.2776
160.679 -12.1249 3.29022 2.30664e-05 160.98 -12.416 3.2776
160.507 -12.7674 3.26507 2.84534e-11 160.98 -12.416 3.2776
160.484 -12.3406 3.28272 1.7772e-05 160.98 -12.416 3.2776
160.889 -12.0789 3.26826 0.00227913 160.98 -12.416 3.2776
160.708 -12.6005 3.27387 2.30491e-05 160.98 -12.416 3.2776
