185.131 -10.9124 3.1912 1.72754e-05
184.592 -11.0715 3.19821 2.42385e-16
184.775 -10.5007 3.16077 5.36167e-15
185.062 -10.6538 3.18595 0.025219
184.717 -11.1567 3.18319 2.35789e-07
184.794 -11.2124 3.19279 2.32529e-12
184.474 -10.5652 3.17254 0.000395941
184.544 -10.4123 3.16601 7.61707e-09
184.432 -10.0415 3.18035 3.87443e-10
185.225 -10.276 3.18368 1.24624e-06
184.99 -11.1667 3.19461 1.77996e-11
184.903 -10.5334 3.18366 0.13724
184.807 -10.7415 3.16397 7.38105e-11
185.462 -10.103 3.16408 7.08607e-36
184.849 -10.5229 3.18819 0.076914
184.448 -10.4727 3.20178 3.89707e-17
184.584 -10.9452 3.17922 0.000539796
185.414 -11.3281 3.21128 9.57964e-32
185.33 -10.1763 3.18601 5.90905e-09
184.91 -10.4611 3.19956 7.83986e-07
184.258 -11.0229 3.16677 2.3351e-09
184.722 -11.1453 3.20171 1.32972e-19
184.179 -11.073 3.1829 4.90093e-13
184.526 -10.5903 3.17067 0.000137741
184.735 -10.5872 3.18116 0.169274
184.944 -9.98395 3.17912 9.62065e-11
184.926 -10.928 3.19865 1.30048e-09
184.662 -11.1277 3.17008 1.83688e-08
184.194 -10.923 3.18775 1.80641e-13
184.513 -11.1015 3.1786 8.86558e-07
185.026 -10.599 3.17375 3.08675e-06
185.044 -11.2564 3.20072 2.22309e-18
184.837 -10.2274 3.17596 1.8137e-06
184.881 -10.5346 3.19633 6.62372e-05
184.007 -11.1527 3.18081 6.25196e-18
184.724 -10.4743 3.1853 0.0571858
184.838 -10.9776 3.18351 0.000475123
184.661 -10.9301 3.2023 9.79838e-17
184.125 -10.7988 3.17703 9.57012e-09
184.427 -11.0229 3.1602 1.22755e-12
184.286 -10.8047 3.17731 8.69818e-06
184.779 -10.6048 3.17046 1.7773e-05
185.329 -11.191 3.19174 4.85675e-13
184.636 -10.1754 3.16687 2.1607e-12
184.525 -10.9542 3.17533 0.000135378
185.181 -10.9291 3.19139 3.77201e-06
184.783 -10.6608 3.19021 0.00776641
184.28 -10.7609 3.19394 1.19831e-14
185.006 -10.0449 3.18891 2.73874e-07
184.336 -11.121 3.19574 9.58107e-21
184.17 -10.8715 3.16808 1.41212e-08
184.834 -10.6061 3.18528 0.206841
184.282 -10.9775 3.18874 9.38221e-13
184.826 -10.9203 3.16987 3.90685e-07
185.138 -10.1418 3.16646 3.54687e-21
184.562 -10.8047 3.18748 0.00010602
185.004 -11.2729 3.20099 2.64184e-19
184.451 -10.8744 3.17984 0.000201357
184.845 -10.9155 3.18977 0.000128515
183.924 -10.7759 3.19437 8.02777e-28
185.025 -11.1529 3.17405 1.8239e-10
185.124 -10.8635 3.17041 4.61618e-11
184.203 -11.0883 3.19653 5.64748e-25
184.292 -10.4536 3.20582 1.66543e-27
184.529 -10.5129 3.1663 1.34036e-07
184.615 -11.1373 3.18664 9.64325e-09
184.596 -11.131 3.18155 3.84842e-07
184.901 -10.5074 3.18796 0.087307
184.874 -10.8175 3.19638 9.59497e-07
184.595 -11.2826 3.18752 6.26465e-13
185.177 -10.7892 3.16848 1.01171e-13
185.531 -10.9449 3.18295 9.02962e-14
185.173 -9.82013 3.19977 7.76169e-15
184.692 -10.7824 3.18044 0.0441483
184.445 -10.5162 3.20315 6.51289e-19
185.179 -11.0625 3.16996 9.15969e-15
185.103 -10.6541 3.18518 0.00952682
184.601 -10.601 3.1807 0.0529357
185.296 -10.8194 3.17048 4.95751e-15
184.337 -10.5469 3.18697 2.8563e-07
184.903 -10.9143 3.16865 6.82797e-09
184.776 -10.5914 3.17241 0.000250447
184.518 -10.5122 3.19226 7.47547e-07
184.143 -10.3832 3.18048 6.30549e-10
184.475 -10.6751 3.1689 2.51704e-05
185.186 -10.2159 3.19468 5.97562e-06
184.419 -10.3806 3.18 7.64173e-05
184.818 -10.5969 3.1609 9.35075e-15
184.761 -11.1096 3.16753 2.8294e-10
184.903 -10.5476 3.1902 0.0353934
184.403 -10.4449 3.17444 6.7366e-05
185.682 -10.8103 3.20065 2.09834e-14
184.25 -10.7126 3.18885 8.38492e-11
184.262 -10.5036 3.19219 1.24992e-12
184.566 -10.868 3.18629 8.88101e-05
184.793 -10.5243 3.18728 0.0798635
184.764 -10.8423 3.18893 0.000871317
184.889 -10.3247 3.15884 6.37879e-22
184.859 -10.6831 3.19109 0.00675526
184.312 -11.1145 3.19321 1.47289e-18
