205.785 -9.9388 3.04365 9.01865e-18
205.731 -10.0695 3.06174 0.00459886
205.053 -9.73797 3.06619 1.10353e-05
205.482 -9.59526 3.07986 3.23785e-07
205.668 -10.1114 3.0341 2.04321e-25
204.89 -9.55281 3.06464 3.44653e-10
205.679 -10.5216 3.04992 7.62711e-08
205.241 -10.1944 3.07824 0.00013063
205.7 -9.7298 3.06224 6.14183e-05
205.982 -9.62266 3.07731 7.35752e-06
205.716 -10.4217 3.06568 0.00253727
205.299 -10.503 3.08181 6.53986e-09
206.439 -10.0229 3.08114 4.85444e-09
205.562 -10.6237 3.05326 4.59504e-06
205.696 -9.87414 3.04277 2.38508e-17
205.808 -9.78013 3.07964 0.000609117
205.903 -10.2948 3.07702 0.00125174
205.528 -10.2294 3.07259 0.105906
205.627 -10.5038 3.06066 0.00060966
206.274 -9.94372 3.06987 1.0322e-08
205.201 -9.60842 3.05105 9.5168e-09
205.425 -9.81512 3.08012 7.89402e-06
205.104 -10.2566 3.06148 0.0246791
205.736 -10.5971 3.07597 3.10763e-06
206.096 -10.1997 3.05048 1.7401e-17
205.978 -10.3677 3.07781 8.21839e-05
205.894 -10.1543 3.0762 0.00933546
205.864 -10.1746 3.06424 0.00105874
206.116 -9.79754 3.07204 3.75116e-06
205.882 -9.6797 3.09094 2.00984e-09
205.806 -9.60417 3.07463 4.44262e-05
206.009 -9.39677 3.06042 8.44376e-16
206.109 -9.84192 3.07405 2.53213e-05
206.052 -9.98696 3.06054 8.76716e-09
205.842 -9.9292 3.07617 0.0139694
205.898 -10.4196 3.07147 0.000188246
205.929 -10.0506 3.08172 0.000755237
206.261 -10.6442 3.05485 2.38794e-17
205.55 -10.2089 3.06552 0.195126
205.67 -9.92454 3.06013 0.00112765
205.792 -10.0863 3.08018 0.00310138
205.207 -10.0742 3.03612 5.58289e-12
206.34 -10.2959 3.0581 1.00515e-17
205.063 -10.0821 3.08251 1.85755e-08
205.158 -9.8427 3.06366 0.00287797
205.702 -9.55619 3.07803 5.27274e-06
205.72 -10.423 3.05934 0.00020558
205.74 -9.52798 3.05738 8.64588e-11
205.546 -10.0628 3.06149 0.0939782
205.339 -10.3131 3.05943 0.0629797
205.992 -10.2286 3.05392 9.02954e-12
205.301 -10.0105 3.06652 0.121051
205.694 -10.1364 3.06254 0.0212378
205.648 -9.60842 3.06872 0.000107308
205.515 -10.8 3.0617 8.40859e-07
205.393 -9.5563 3.05908 7.84293e-07
205.175 -9.99665 3.07364 0.00334039
205.767 -10.2775 3.06517 0.00975881
205.919 -10.1717 3.0673 0.00162376
205.591 -10.2043 3.085 4.90065e-07
205.328 -10.2754 3.06889 0.0634104
205.246 -10.4346 3.06609 0.0061484
205.221 -10.2259 3.04987 0.000791814
205.534 -10.5171 3.04761 3.78957e-07
205.804 -10.3552 3.06783 0.00421951
205.216 -10.3283 3.06447 0.0346587
205.555 -10.4402 3.06786 0.00968554
206.525 -9.70556 3.06045 4.07044e-24
205.205 -10.9326 3.0674 1.21562e-10
205.48 -10.4013 3.08515 1.04827e-07
205.314 -10.1027 3.05573 0.0151205
205.823 -10.2043 3.06582 0.00725021
205.656 -10.1433 3.0624 0.0391459
204.912 -9.90254 3.07725 3.88089e-08
205.878 -10.6065 3.0617 3.46339e-07
205.923 -10.0789 3.08383 0.000134269
205.87 -10.0695 3.05675 2.05722e-07
205.609 -9.70906 3.0538 1.89924e-08
205.755 -10.0958 3.05702 2.18443e-05
206.374 -10.3281 3.05331 1.59641e-23
205.485 -9.69181 3.0698 0.00157989
205.234 -10.3084 3.06057 0.0621935
205.792 -9.51398 3.07105 1.56279e-06
205.21 -10.6063 3.06947 9.21911e-06
206.006 -10.4416 3.07502 1.76185e-05
205.181 -10.5664 3.05466 0.000742649
206.278 -9.64205 3.07009 2.56749e-11
205.317 -10.2908 3.06887 0.0477466
206.226 -10.1765 3.06115 5.74978e-12
205.657 -9.68937 3.08132 1.46622e-05
205.969 -9.78132 3.07132 0.000140274
204.713 -10.128 3.06255 1.27063e-06
205.865 -10.3699 3.06532 0.000288214
205.882 -9.66073 3.07606 9.13989e-05
205.378 -10.8171 3.06889 4.3893e-08
205.329 -9.71218 3.0887 4.72235e-14
205.726 -10.2679 3.06402 0.0141094
205.242 -9.90407 3.04577 4.91326e-08
205.783 -9.92961 3.0635 0.00152746
205.663 -10.0125 3.07838 0.00854451
