143.027 -15.9219 3.36114 7.62827e-08 143.26 -15.613 3.3476
143.762 -15.9216 3.36548 2.75098e-06 143.26 -15.613 3.3476
143.148 -15.6441 3.34962 0.0404294 143.26 -15.613 3.3476
143.262 -15.7235 3.35188 0.0553989 143.26 -15.613 3.3476
143.656 -16.1254 3.34485 2.01127e-05 143.26 -15.613 3.3476
143.949 -15.5853 3.33119 1.02462e-14 143.26 -15.613 3.3476
143.21 -16.406 3.35793 9.67535e-11 143.26 -15.613 3.3476
143.645 -15.5298 3.36769 1.325e-05 143.26 -15.613 3.3476
143.697 -15.5421 3.35697 0.00353007 143.26 -15.613 3.3476
143.774 -15.7136 3.34505 0.000119251 143.26 -15.613 3.3476
143.412 -15.7885 3.35141 0.0705397 143.26 -15.613 3.3476
143.617 -16.0409 3.33935 1.57667e-05 143.26 -15.613 3.3476
142.745 -16.4072 3.3512 6.47619e-13 143.26 -15.613 3.3476
143.288 -15.5284 3.33125 1.40947e-05 143.26 -15.613 3.3476
143.615 -15.773 3.32729 1.85644e-10 143.26 -15.613 3.3476
143.58 -16.0245 3.34907 0.00132558 143.26 -15.613 3.3476
143.638 -15.9023 3.34659 0.0020763 143.26 -15.613 3.3476
143.294 -15.3389 3.35626 0.000738029 143.26 -15.613 3.3476
143.059 -16.1438 3.33601 0.000204691 143.26 -15.613 3.3476
143.219 -15.5169 3.36627 3.09584e-07 143.26 -15.613 3.3476
143.124 -16.1394 3.34511 0.000534066 143.26 -15.613 3.3476
143.106 -15.7401 3.33656 0.0138191 143.26 -15.613 3.3476
143.119 -15.4869 3.32895 4.27927e-06 143.26 -15.613 3.3476
142.888 -15.7793 3.34767 0.000806432 143.26 -15.613 3.3476
143.587 -14.5607 3.35403 5.9331e-17 143.26 -15.613 3.3476
143.201 -15.7179 3.35713 0.00162874 143.26 -15.613 3.3476
143.514 -16.0308 3.33171 3.31142e-07 143.26 -15.613 3.3476
143.308 -15.6197 3.34654 0.123144 143.26 -15.613 3.3476
143.768 -15.8468 3.35256 0.00079924 143.26 -15.613 3.3476
142.599 -15.9641 3.32405 7.9528e-08 143.26 -15.613 3.3476
143.214 -16.1814 3.34608 0.000271613 143.26 -15.613 3.3476
143.285 -15.7965 3.36423 4.89649e-06 143.26 -15.613 3.3476
142.744 -16.0098 3.34984 2.43341e-07 143.26 -15.613 3.3476
143.78 -16.2936 3.33339 1.34899e-12 143.26 -15.613 3.3476
143.185 -15.6915 3.34275 0.0937981 143.26 -15.613 3.3476
143.691 -15.3769 3.33575 9.78285e-09 143.26 -15.613 3.3476
143.011 -15.703 3.34491 0.0223748 143.26 -15.613 3.3476
143.752 -15.8033 3.35127 0.00141605 143.26 -15.613 3.3476
143.45 -15.1773 3.33859 2.89837e-07 143.26 -15.613 3.3476
143.34 -16.0207 3.34687 0.00933771 143.26 -15.613 3.3476
142.743 -15.8819 3.36081 6.4753e-12 143.26 -15.613 3.3476
143.369 -16.0169 3.3453 0.00887602 143.26 -15.613 3.3476
143.027 -16.1068 3.3451 0.000392675 143.26 -15.613 3.3476
143.232 -16.3789 3.33554 1.94416e-07 143.26 -15.613 3.3476
143.815 -15.5168 3.34186 9.87978e-07 143.26 -15.613 3.3476
143.482 -16.3372 3.34228 5.53945e-07 143.26 -15.613 3.3476
143.899 -15.5267 3.35614 8.5836e-05 143.26 -15.613 3.3476
143.557 -16.2074 3.35662 2.75345e-06 143.26 -15.613 3.3476
142.783 -15.2986 3.33788 1.90639e-06 143.26 -15.613 3.3476
143.021 -15.4166 3.3534 0.000147254 143.26 -15.613 3.3476
143.731 -15.2014 3.34557 3.41815e-07 143.26 -15.613 3.3476
143.208 -16.0558 3.34013 0.00367016 143.26 -15.613 3.3476
142.741 -15.8693 3.34944 2.09481e-06 143.26 -15.613 3.3476
143.001 -15.7765 3.34873 0.00551703 143.26 -15.613 3.3476
143.718 -16.2146 3.35727 3.88943e-07 143.26 -15.613 3.3476
143.385 -15.8349 3.33133 2.00486e-05 143.26 -15.613 3.3476
143.79 -15.9467 3.31823 2.54126e-21 143.26 -15.613 3.3476
143.379 -15.7322 3.36344 8.01769e-05 143.26 -15.613 3.3476
143.816 -15.8368 3.36004 0.000118202 143.26 -15.613 3.3476
143.358 -15.3819 3.34359 0.00316044 143.26 -15.613 3.3476
143.799 -15.6246 3.35944 0.000629568 143.26 -15.613 3.3476
143.172 -15.7672 3.34793 0.072153 143.26 -15.613 3.3476
143.438 -15.9754 3.34938 0.0112707 143.26 -15.613 3.3476
143.369 -15.7433 3.34215 0.0489523 143.26 -15.613 3.3476
143.216 -15.4493 3.35166 0.0103323 143.26 -15.613 3.3476
143.976 -15.7311 3.35142 5.00875e-06 143.26 -15.613 3.3476
143.607 -15.8392 3.35543 0.00649595 143.26 -15.613 3.3476
143.285 -16.0347 3.34236 0.00674858 143.26 -15.613 3.3476
143.474 -15.463 3.35718 0.00664595 143.26 -15.613 3.3476
143.226 -15.9458 3.35928 3.46198e-05 143.26 -15.613 3.3476
143.348 -15.9036 3.33947 0.00963899 143.26 -15.613 3.3476
143.509 -15.5298 3.35414 0.0264511 143.26 -15.613 3.3476
143.348 -15.6757 3.34821 0.145298 143.26 -15.613 3.3476
143.095 -15.6424 3.35072 0.0136189 143.26 -15.613 3.3476
143.151 -15.1708 3.36451 3.69822e-09 143.26 -15.613 3.3476
143.42 -15.8359 3.35295 0.0329849 143.26 -15.613 3.3476
142.909 -16.1796 3.34366 1.65259e-05 143.26 -15.613 3.3476
143.79 -15.884 3.3425 7.14323e-06 143.26 -15.613 3.3476
143.768 -15.0597 3.36953 1.76989e-09 143.26 -15.613 3.3476
143.773 -16.092 3.35948 2.38062e-06 143.26 -15.613 3.3476
143.262 -15.7995 3.35856 0.000773553 143.26 -15.613 3.3476
142.89 -16.2197 3.32865 7.51169e-07 143.26 -15.613 3.3476
143.427 -15.899 3.3441 0.0230807 143.26 -15.613 3.3476
143.355 -16.0397 3.34638 0.00648518 143.26 -15.613 3.3476
143.844 -15.9354 3.34766 1.42239e-05 143.26 -15.613 3.3476
143.364 -15.8542 3.34714 0.0747699 143.26 -15.613 3.3476
143.452 -16.0919 3.33879 0.000135456 143.26 -15.613 3.3476
143.214 -16.409 3.34003 2.52925e-07 143.26 -15.613 3.3476
143.231 -16.0386 3.34354 0.00767226 143.26 -15.613 3.3476
143.161 -15.442 3.33816 0.00177151 143.26 -15.613 3.3476
143.986 -15.6421 3.34631 2.07679e-07 143.26 -15.613 3.3476
143.431 -16.1789 3.32646 6.12866e-10 143.26 -15.613 3.3476
142.55 -15.9739 3.34665 3.74415e-09 143.26 -15.613 3.3476
143.843 -15.9877 3.3396 3.84161e-08 143.26 -15.613 3.3476
143.365 -15.4255 3.35682 0.00355468 143.26 -15.613 3.3476
143.689 -15.5605 3.34441 0.000376952 143.26 -15.613 3.3476
143.379 -15.669 3.34089 0.0234355 143.26 -15.613 3.3476
143.798 -15.9015 3.34608 3.93434e-05 143.26 -15.613 3.3476
143.311 -15.8862 3.3292 7.48574e-06 143.26 -15.613 3.3476
142.894 -15.7656 3.3457 0.00215107 143.26 -15.613 3.3476
