112.302 -22.8829 3.41105 5.08639e-05
112.099 -23.0057 3.40989 0.00205549
112.338 -23.2684 3.40976 0.0270475
111.672 -23.0823 3.39222 0.000954992
111.915 -23.1434 3.40129 0.0311771
111.954 -23.0779 3.40492 0.012743
112.474 -22.9904 3.41879 2.34949e-05
112.348 -23.3723 3.41 0.0451516
112.389 -23.3927 3.40784 0.0246503
111.759 -22.5476 3.41032 1.02936e-10
111.676 -23.1323 3.41688 1.53718e-06
111.648 -23.1796 3.41195 7.90873e-05
112.317 -23.3204 3.40908 0.0475204
112.189 -22.8716 3.39209 4.63365e-07
111.986 -22.7804 3.39143 4.50693e-07
111.643 -22.6737 3.41519 3.21433e-11
112.102 -23.2515 3.39696 0.0137234
112.135 -22.598 3.42508 1.43944e-12
113.147 -23.2354 3.42446 1.94699e-10
111.974 -23.0391 3.40744 0.00488818
111.298 -22.7665 3.40653 3.19616e-11
112.444 -22.859 3.41352 5.00961e-06
111.912 -22.6189 3.42051 1.04254e-11
111.779 -23.1719 3.40553 0.0128522
112.302 -22.7102 3.39705 1.54941e-08
112.46 -22.8988 3.39733 9.97531e-08
111.619 -22.6673 3.4166 3.62968e-12
111.794 -22.9468 3.40762 0.000162729
112.067 -22.7175 3.4022 1.79499e-06
112.417 -23.2879 3.39728 9.66278e-05
111.902 -23.1784 3.40359 0.0477113
112.039 -23.3568 3.39753 0.0541824
111.998 -22.5495 3.38323 2.59182e-13
112.299 -22.8338 3.41012 1.55717e-05
111.952 -22.8626 3.3976 7.36789e-05
111.946 -23.5114 3.39425 0.0220438
112.26 -23.2244 3.41637 0.00741283
112.087 -22.8816 3.3926 4.1077e-06
111.728 -23.0802 3.40878 0.000529905
111.565 -22.2776 3.38409 6.91407e-17
112.425 -22.0827 3.41682 3.44718e-21
111.855 -22.978 3.41257 7.22297e-05
111.79 -22.7906 3.40399 7.7679e-06
111.911 -22.4364 3.4218 1.34152e-15
111.875 -22.6092 3.41578 2.06263e-10
111.682 -23.3008 3.4189 1.70699e-06
112.218 -23.4762 3.41693 0.0216217
111.941 -22.4189 3.40893 6.00029e-12
112.096 -22.8141 3.4095 2.16166e-05
112.606 -23.7232 3.43461 1.34751e-08
111.966 -23.4923 3.38687 0.000123157
112.804 -23.1218 3.42884 4.41152e-08
111.782 -23.5296 3.40689 0.0433638
111.971 -23.7418 3.39943 0.0190909
112.238 -23.0952 3.42665 1.07712e-06
112.025 -22.6938 3.40533 9.57306e-07
112.449 -22.9847 3.40752 7.88208e-05
111.588 -23.2131 3.38686 0.00029287
111.899 -22.9173 3.40641 0.000316312
112.214 -23.3565 3.3919 0.000179768
112.237 -23.5452 3.39017 1.83545e-05
112.123 -23.2929 3.40486 0.131629
111.794 -23.3539 3.39283 0.0187537
112.853 -23.6288 3.41556 2.61436e-06
112.279 -23.3391 3.40385 0.0379107
112.309 -22.5054 3.39892 1.93598e-11
112.272 -23.295 3.41309 0.0375321
111.773 -22.4839 3.39296 7.0132e-11
112.35 -23.2468 3.38873 2.00047e-07
112.067 -23.0586 3.40706 0.00870411
111.362 -23.2422 3.42143 7.3324e-13
112.131 -23.0037 3.39605 0.000230358
112.733 -22.6235 3.41173 1.0873e-11
111.501 -22.9645 3.40852 5.6379e-07
111.943 -22.471 3.40087 1.99188e-10
112.139 -22.9776 3.40517 0.0015962
112.543 -22.9778 3.39669 3.3922e-08
112.184 -23.0794 3.39971 0.00226222
112.128 -23.2974 3.40931 0.115083
111.584 -22.6973 3.40458 1.92434e-08
112.277 -23.4325 3.40219 0.0298239
112.462 -23.0729 3.38557 1.82444e-11
111.464 -22.7826 3.40618 8.70407e-09
112.041 -22.8735 3.39996 0.000120042
112.161 -23.2737 3.40634 0.102956
112.789 -23.7103 3.40926 1.22317e-06
111.657 -23.1222 3.39604 0.00363951
112.099 -22.6649 3.40061 1.9831e-07
111.241 -22.8437 3.4187 7.58647e-17
111.746 -22.7132 3.38369 1.76687e-09
111.554 -23.5926 3.4149 2.78797e-06
112.392 -23.0674 3.39449 1.86555e-06
111.647 -23.1801 3.39869 0.00788762
111.719 -22.9407 3.39156 6.83686e-05
111.882 -23.1085 3.37744 3.28473e-09
112.351 -23.9828 3.41841 2.79065e-05
112.267 -22.9906 3.42313 3.39018e-06
112.293 -23.5642 3.41187 0.0589308
112.547 -23.0653 3.41669 7.9917e-05
112.021 -23.2219 3.41659 0.00239979
