147.604 -14.1366 3.34501 5.26629e-05
147.175 -13.4539 3.34279 1.65962e-07
147.66 -14.0024 3.35618 8.32888e-05
147.819 -13.7877 3.33763 1.65937e-14
147.345 -13.9961 3.34037 0.00276671
147.157 -14.319 3.33579 0.00176527
147.136 -14.5742 3.33191 3.94897e-07
147.195 -13.9246 3.347 0.106432
147.336 -13.5996 3.3366 2.02895e-08
147.516 -13.5458 3.34314 9.71083e-09
147.024 -13.6934 3.32726 2.72482e-09
147.895 -14.0872 3.3286 3.98739e-23
147.341 -14.1331 3.35068 0.046744
146.897 -14.051 3.33496 0.025462
147.399 -13.5855 3.34172 3.35863e-07
147.451 -14.1771 3.34339 0.00173618
147.339 -14.3125 3.35044 0.00807909
147.77 -14.6259 3.32815 9.74872e-23
146.847 -13.8687 3.34044 0.0168097
147.243 -14.3277 3.3486 0.0202071
147.984 -13.8301 3.35371 1.50954e-10
147.644 -14.1423 3.33315 7.4217e-12
147.125 -14.3645 3.34286 0.0297886
147.243 -14.8852 3.34814 7.17527e-11
147.187 -14.1635 3.33282 0.000162928
147.535 -14.4858 3.35506 2.4851e-06
148.306 -13.8225 3.34595 1.1995e-15
146.779 -13.7781 3.35764 3.07329e-09
147.274 -13.5265 3.34778 4.96001e-06
147.608 -14.0909 3.33772 4.04506e-08
146.703 -13.8326 3.33381 0.000316174
147.312 -13.8331 3.32609 2.48042e-12
147.528 -14.0997 3.33775 1.21557e-06
146.707 -14.3316 3.35319 1.05045e-07
147.757 -13.9382 3.35159 3.00858e-06
147.522 -14.2063 3.3493 0.00176646
147.878 -14.5018 3.34212 7.3902e-14
147.111 -13.6968 3.32224 3.52193e-14
148.002 -14.1077 3.33827 1.68189e-17
147.346 -13.9028 3.35134 0.0179182
147.21 -13.5474 3.31102 1.40939e-31
146.757 -13.3499 3.34213 1.49528e-10
147.987 -13.824 3.34512 8.6364e-14
147.23 -13.5709 3.35339 9.62525e-06
147.17 -14.2286 3.33925 0.0344076
147.876 -14.3648 3.31648 1.50651e-38
147.563 -14.1917 3.34059 5.59945e-06
147.32 -14.1518 3.35397 0.0128836
147.738 -14.4217 3.33443 2.52132e-14
147.611 -13.9927 3.32299 4.5553e-21
146.988 -14.1311 3.35068 0.0177929
147.709 -13.5584 3.36044 3.42508e-09
147.358 -13.8848 3.33526 3.45037e-06
146.748 -14.1434 3.33285 0.00666047
147.326 -14.509 3.32828 5.96849e-11
148.021 -13.8523 3.34745 2.62338e-13
147.284 -14.6117 3.32988 1.96753e-10
147.267 -13.9595 3.34159 0.0199953
147.676 -13.9394 3.35675 3.64672e-05
147.48 -13.9615 3.3508 0.00542621
147.431 -13.7696 3.34029 8.57211e-06
147.398 -14.391 3.34593 0.00101211
147.27 -13.8591 3.34079 0.00320073
147.975 -14.1351 3.33962 1.01507e-15
147.405 -13.6794 3.34656 8.51367e-05
147.064 -13.9031 3.35454 0.00126265
146.808 -14.0493 3.34509 0.0233034
147.741 -14.1188 3.34662 8.63766e-07
148.246 -13.6204 3.33779 6.81696e-30
147.774 -14.0921 3.34482 5.30586e-08
147.578 -14.716 3.34204 6.13884e-11
146.977 -13.6635 3.35111 5.43424e-05
147.604 -14.4572 3.348 2.23254e-06
147.174 -13.8508 3.33494 0.000133923
148.012 -14.0583 3.35725 5.40551e-10
147.582 -14.05 3.32899 5.778e-14
147.797 -14.1975 3.33498 2.70602e-14
147.527 -14.0633 3.34338 0.000223148
147.401 -14.1829 3.3427 0.00401206
146.984 -14.1998 3.33966 0.168845
146.98 -14.0001 3.34265 0.219958
147.094 -13.8817 3.34121 0.0428217
147.244 -14.1752 3.35632 0.00182496
147.068 -14.4677 3.3406 0.00334662
147.052 -13.3093 3.34487 4.32349e-10
146.707 -14.2248 3.34836 0.0001173
147.401 -14.434 3.36706 3.80012e-11
146.708 -13.7047 3.33727 5.00338e-05
147.692 -14.1499 3.36282 7.21267e-07
147.343 -14.4276 3.3413 0.000278749
147.017 -13.8217 3.32014 2.71271e-13
147.362 -13.6787 3.33267 6.38035e-10
147.448 -14.2849 3.32843 1.46376e-11
147.304 -14.1098 3.34711 0.10359
146.384 -14.0805 3.34343 9.69651e-08
147.28 -14.6127 3.33575 1.81321e-07
147.522 -13.7611 3.34445 1.29822e-05
146.819 -14.3248 3.33848 0.0198044
146.957 -14.0712 3.34947 0.0287261
146.824 -13.1722 3.33665 3.33768e-15
