276.324 16.5599 5.22957 0.0265489
276.208 16.6408 5.24102 0.00340854
276.414 16.5642 5.21919 9.70306e-05
276.422 16.0702 5.22555 0.00402897
275.649 16.4933 5.23843 1.1302e-12
276.466 16.6659 5.25053 0.000331764
276.183 16.3703 5.23763 0.0154086
276.467 16.7856 5.22848 3.22459e-05
276.04 17.4502 5.23226 1.19785e-25
276.213 16.2353 5.24005 0.00199639
275.996 16.9657 5.23668 3.15636e-10
275.961 16.1748 5.23374 4.36373e-06
276.401 16.3507 5.23387 0.221053
276.704 16.3793 5.23152 0.00403564
276.995 16.662 5.21703 5.93334e-14
275.661 15.6631 5.23734 1.17977e-23
276.334 16.3166 5.22212 0.0175888
276.297 16.4651 5.2242 0.0113952
275.688 16.1483 5.2311 3.34755e-12
276.276 16.6625 5.24017 0.00726918
275.997 16.435 5.21982 2.00446e-06
276.275 16.3102 5.22055 0.00513096
276.42 15.7958 5.21424 5.24618e-08
276.283 16.5558 5.2294 0.0190915
276.834 16.7934 5.20521 2.48701e-20
276.21 16.752 5.22271 6.95181e-07
276.643 16.2762 5.22034 0.000568482
276.298 16.2187 5.2274 0.0404518
276.32 16.5342 5.23543 0.0905572
276.534 16.1288 5.21674 0.000237964
276.009 16.2366 5.24719 9.75539e-08
275.95 15.8727 5.23226 2.06273e-10
276.323 16.3673 5.23899 0.0706738
276.373 16.6449 5.20813 3.34615e-11
275.952 16.3084 5.21982 1.12106e-06
275.95 16.9499 5.23385 4.50915e-11
276.193 16.9135 5.24606 9.7976e-07
275.834 16.0959 5.23629 8.7091e-10
276.45 16.6233 5.22985 0.00939955
276.125 16.5082 5.2155 7.42268e-07
276.248 16.4385 5.21997 0.0008888
275.97 16.7186 5.20928 2.91793e-15
275.772 16.3852 5.21556 7.89178e-12
276.046 16.7242 5.22414 1.13108e-07
276.174 15.9428 5.21885 4.7127e-06
276.3 16.298 5.22224 0.0149009
277.148 16.3913 5.21824 1.19638e-14
275.735 16.548 5.2175 1.84056e-13
275.722 16.4614 5.2132 1.53537e-14
275.668 16.2079 5.21917 3.00517e-13
275.999 17.0017 5.2338 1.98894e-11
276.095 16.5498 5.214 2.75348e-08
276.96 16.3549 5.23564 2.07024e-07
275.949 16.7914 5.22149 3.20439e-11
275.911 16.7607 5.23434 1.95408e-08
275.999 16.5598 5.23129 4.02853e-05
276.285 16.2317 5.22355 0.0171741
276.611 16.0791 5.21641 3.01617e-05
276.317 16.4543 5.22358 0.0114021
276.535 16.2385 5.22328 0.0118675
276.542 16.698 5.23133 0.00106516
275.912 16.5802 5.21174 1.81774e-12
275.991 16.6724 5.21878 1.81915e-09
275.986 16.595 5.24145 1.24272e-05
276.529 16.5888 5.2252 0.00139182
276.065 16.207 5.24365 4.0284e-06
275.805 17.0965 5.23756 7.44703e-17
276.479 15.6122 5.24554 2.88539e-18
276.49 16.5045 5.23458 0.116199
275.715 16.4848 5.21367 9.32155e-15
276.459 17.2194 5.22693 1.06506e-16
276.38 16.6456 5.19736 6.54258e-19
275.91 16.6235 5.22639 6.03894e-08
276.065 16.5798 5.21462 9.17525e-09
276.366 16.7663 5.23511 0.000887041
276.22 16.2713 5.22914 0.0300398
276.339 16.8034 5.23218 9.3096e-05
276.501 16.1069 5.23569 0.00193116
275.681 16.6615 5.22492 4.51966e-14
275.858 16.0923 5.22575 1.60332e-08
276.893 16.892 5.23923 6.20961e-10
276.109 16.966 5.2254 2.14111e-11
276.167 16.4403 5.22309 0.00136203
276.31 16.5109 5.22776 0.0291649
275.986 16.253 5.23483 3.27847e-05
276.242 16.5475 5.22171 0.000340783
276.19 16.7755 5.25074 7.44275e-06
275.981 15.9616 5.21501 7.9331e-09
276.376 16.5991 5.22836 0.0101361
276.507 16.8248 5.24485 0.000113877
276.437 16.325 5.23298 0.191718
275.967 16.2505 5.22946 2.60773e-05
276.391 15.9515 5.23207 5.46467e-05
276.254 16.0314 5.23192 0.000353616
276.26 16.6224 5.23259 0.00930619
276.263 16.9013 5.23626 3.50538e-06
276.469 16.895 5.22633 6.41575e-08
276.534 15.8611 5.23821 2.22964e-08
276.776 16.891 5.2218 3.43161e-12
276.162 16.4826 5.22035 0.000132342
