76.0917 -37.8054 3.73988 0.0906975
76.4193 -37.4398 3.72118 1.38653e-18
76.4974 -37.851 3.74144 0.00221085
75.9694 -37.8463 3.7254 9.81754e-07
75.4766 -37.9282 3.74749 2.76822e-16
75.8289 -38.1582 3.72987 4.18502e-06
76.0598 -38.4888 3.74335 1.10702e-14
76.5447 -38.009 3.72874 0.000540807
76.0396 -37.5564 3.7492 0.000191026
76.7469 -37.9445 3.73162 5.08536e-07
75.8526 -37.0981 3.74042 3.27482e-15
76.2884 -38.1223 3.7175 1.29957e-07
75.3602 -38.2436 3.7419 1.57875e-22
76.2414 -37.5401 3.71985 1.59785e-16
76.2003 -37.1755 3.73285 4.97449e-15
76.3408 -37.3668 3.75341 6.31936e-07
76.1499 -37.8573 3.74103 0.0955582
76.6906 -37.845 3.73509 8.8657e-06
76.1377 -37.819 3.75779 6.08985e-12
76.2754 -38.2131 3.73143 0.0132576
76.1894 -38.3199 3.73878 2.38243e-06
76.6505 -37.6325 3.73482 9.32314e-07
76.2525 -37.9834 3.72812 0.0191625
76.2671 -37.9785 3.73606 0.235917
75.7302 -38.118 3.74406 1.47467e-10
76.2532 -37.9797 3.71171 2.40828e-15
76.6079 -38.1945 3.71811 4.71124e-09
76.169 -38.083 3.73586 0.0530544
76.4665 -38.0435 3.74175 0.000145945
76.2167 -37.7212 3.72648 5.28513e-06
76.0626 -38.5104 3.73721 1.16325e-10
76.4722 -37.9098 3.72159 1.54521e-07
76.1332 -37.7382 3.74288 0.0507654
75.9479 -38.362 3.72654 2.55471e-06
75.8833 -38.0672 3.73329 0.000208324
76.1003 -37.8048 3.75413 2.35052e-08
76.0938 -37.8738 3.74605 0.000881874
75.9517 -37.918 3.73739 0.00589025
76.259 -37.8006 3.72973 0.00435671
75.7521 -38.1223 3.75644 3.53138e-21
76.1769 -37.8194 3.72424 3.71689e-06
76.3951 -38.169 3.72673 0.0035088
75.922 -38.5238 3.74173 9.25651e-16
76.3996 -37.2366 3.74495 6.44788e-08
76.505 -37.9431 3.74327 0.0001132
75.9437 -37.7794 3.73046 4.89897e-05
76.2053 -38.1466 3.72694 0.00966089
76.4519 -37.4219 3.73184 2.06367e-09
76.1247 -38.1161 3.76155 2.53757e-24
76.3097 -37.2041 3.73139 2.27274e-15
75.9225 -37.7588 3.72529 1.05764e-08
75.6712 -37.4833 3.74012 2.37844e-10
75.9097 -38.2124 3.72814 2.44648e-05
76.1143 -37.5454 3.75951 2.13598e-10
76.0986 -37.732 3.73725 0.0524072
76.1389 -38.1611 3.72219 7.67566e-05
76.0247 -38.1072 3.7232 2.21217e-05
75.864 -37.9131 3.73555 0.0003267
76.3424 -37.7612 3.74391 0.0170855
76.2881 -38.5914 3.73538 2.80097e-11
76.2172 -38.0446 3.73296 0.157836
76.1909 -37.2255 3.73269 1.61939e-13
76.2991 -38.0356 3.72785 0.0199221
75.9008 -37.4359 3.72246 1.04703e-19
76.264 -37.8953 3.74045 0.111027
76.646 -37.8368 3.73087 9.71294e-06
76.3792 -37.8378 3.74597 0.000763182
76.1872 -37.6741 3.74726 0.00411602
75.6417 -37.3761 3.74438 8.669e-12
76.1851 -37.9739 3.74233 0.00923301
76.2229 -38.1666 3.74724 8.78127e-09
76.0211 -38.127 3.72632 0.000446651
75.8929 -37.8973 3.74032 0.000544768
76.2797 -37.7828 3.73153 0.0143336
76.3131 -37.6498 3.73206 0.000525357
76.0921 -37.8812 3.73009 0.00782714
75.7645 -38.6779 3.73114 1.3862e-16
76.6237 -37.5552 3.74285 2.64132e-06
76.4717 -37.4425 3.71985 1.60855e-20
76.6125 -37.8107 3.73489 0.000156361
75.6414 -38.2525 3.72585 9.76047e-12
76.6903 -38.453 3.71723 3.8297e-11
76.2852 -37.6539 3.72587 1.16848e-07
76.0425 -37.8436 3.72739 9.1423e-05
75.8559 -38.1107 3.72911 1.45032e-05
76.3352 -37.2768 3.73979 5.79909e-08
75.6553 -38.2348 3.71702 6.07223e-16
76.0597 -38.341 3.72639 7.31295e-05
75.8806 -38.2304 3.74082 3.66058e-08
76.021 -38.0804 3.72874 0.00251262
76.3753 -37.0952 3.72655 4.20738e-25
76.3274 -37.818 3.73075 0.0120675
75.9398 -37.9406 3.73132 0.000970921
76.4519 -38.5372 3.73063 1.59572e-08
76.633 -37.4771 3.73185 1.96951e-10
75.9731 -38.0579 3.72905 0.00091224
76.3525 -37.1061 3.74529 1.63727e-10
76.0014 -38.229 3.73115 0.000468724
75.8599 -37.3558 3.73425 1.01706e-11
75.8851 -37.8521 3.74879 5.93506e-07
