266.886 26.0985 5.86129 1.86152e-12
267.128 26.2873 5.85345 6.63974e-18
266.626 26.4149 5.84453 2.15852e-06
266.301 26.4135 5.8565 0.0877346
266.283 26.2027 5.87195 0.0117336
266.237 26.797 5.84855 3.15585e-07
266.166 26.2185 5.8423 1.0006e-05
266.518 26.2123 5.85941 0.00100431
266.766 26.3698 5.82818 5.33454e-14
265.916 26.2728 5.85502 0.00329321
266.719 26.8066 5.86506 8.89905e-13
266.048 26.9218 5.84741 4.8818e-11
266.811 26.8295 5.86656 5.0721e-16
266.079 26.6422 5.85719 0.00170199
266.347 26.3114 5.84059 1.07648e-05
266.426 26.7739 5.85327 1.24017e-06
266.836 26.7494 5.86531 7.47696e-15
266.365 27.1479 5.83909 5.38639e-19
266.482 26.5698 5.85271 0.000187243
266.557 26.2817 5.86284 0.000204673
266.708 26.7471 5.85518 5.0877e-10
266.666 26.3419 5.84302 3.87427e-07
266.456 26.449 5.86969 0.000188063
266.317 26.9475 5.861 3.24313e-09
266.521 27.0511 5.86415 1.5247e-14
266.691 26.6544 5.86272 3.55862e-09
267.082 26.5514 5.8695 4.04825e-22
266.733 26.2734 5.86226 7.84482e-08
266.489 26.1038 5.85775 0.000538167
266.092 26.5181 5.85741 0.0360805
266.462 26.4142 5.84603 0.000190065
267.103 26.1398 5.86516 1.58479e-20
266.364 26.6944 5.84248 1.75406e-07
266.491 26.2202 5.83786 1.86924e-07
266.839 25.9872 5.85079 1.61116e-11
266.294 26.1865 5.83779 1.99581e-07
266.35 26.4502 5.86321 0.0336856
266.481 26.5496 5.84894 8.98732e-05
266.845 26.4827 5.86992 1.67319e-13
266.491 26.5967 5.83985 1.0245e-07
266.372 26.8745 5.85058 1.40413e-08
266.316 26.7905 5.87224 1.86138e-07
266.861 26.2461 5.8423 8.43825e-11
266.124 27.0655 5.84727 3.21014e-14
266.882 26.7915 5.83518 8.45543e-17
266.86 26.4989 5.85363 1.92602e-10
266.433 25.9333 5.8558 1.82276e-05
266.505 26.2299 5.87987 1.5657e-08
266.346 26.3846 5.84736 0.00180776
267.155 25.9905 5.83164 6.80047e-23
266.641 25.9423 5.88851 5.20707e-19
266.381 25.6941 5.84478 4.12021e-12
266.605 26.2773 5.83465 2.24657e-09
266.395 26.8799 5.87318 1.55544e-10
266.372 26.6044 5.85951 0.00167315
266.051 26.2752 5.84722 0.000224679
266.644 26.3675 5.85468 2.17508e-05
266.289 26.1709 5.85696 0.059347
266.946 26.9644 5.87083 6.03505e-25
266.463 26.3733 5.84937 0.00122614
266.656 26.2804 5.8411 1.46222e-07
266.661 26.3992 5.83819 1.51989e-08
266.45 26.5397 5.83222 1.8129e-10
266.572 26.0055 5.86501 8.59787e-07
266.619 27.0483 5.84502 5.70112e-16
266.401 26.4326 5.85444 0.0123189
266.632 26.3873 5.85202 2.47125e-05
266.614 26.4039 5.86485 6.52813e-06
266.849 26.0529 5.83938 1.32909e-12
266.411 26.6716 5.84705 5.27867e-06
266.613 26.4612 5.8478 8.359e-06
266.781 26.6186 5.84261 1.31026e-10
266.318 26.2764 5.85724 0.113168
266.331 26.3864 5.86157 0.104019
266.171 26.6455 5.85451 0.00103918
266.776 26.4453 5.85315 3.58324e-08
266.244 26.7702 5.83353 5.24789e-13
266.26 26.3743 5.85664 0.163397
266.751 26.3515 5.85223 2.18627e-07
266.725 26.384 5.87194 2.07832e-10
266.636 25.9971 5.87042 1.94583e-09
266.109 27.1776 5.85874 1.89568e-15
266.841 26.0364 5.84936 4.90888e-11
266.551 25.9555 5.8781 7.49452e-11
266.568 26.8752 5.86481 5.12091e-11
266.436 26.5213 5.85014 0.000553554
266.227 26.6588 5.85023 0.000111163
266.259 26.3746 5.85418 0.0798216
266.271 26.0096 5.86074 0.00469078
266.261 25.7216 5.85896 3.96491e-08
266.656 26.0341 5.85495 3.71853e-07
266.809 26.5387 5.86765 4.16086e-12
266.114 26.5128 5.85709 0.0415152
266.411 26.4493 5.8596 0.0135683
266.263 26.5456 5.86441 0.0243472
266.915 27.1591 5.85716 2.99128e-25
266.555 26.2004 5.83786 5.98615e-08
266.418 26.9577 5.8495 6.44942e-11
266.297 26.2797 5.85994 0.200427
266.327 26.8054 5.84878 2.13995e-07
