202.282 25.6696 0.0652999 0.000146754 202.58 25.792 0.073515
202.336 25.7946 0.0717118 0.0245269 202.58 25.792 0.073515
202.767 25.6519 0.0535728 5.74563e-07 202.58 25.792 0.073515
202.287 25.9792 0.0537147 2.10619e-09 202.58 25.792 0.073515
202.749 25.9937 0.0705599 0.0316991 202.58 25.792 0.073515
203.498 25.655 0.0665592 5.15195e-14 202.58 25.792 0.073515
202.95 25.8465 0.0623168 0.000101986 202.58 25.792 0.073515
202.489 26.3276 0.0562569 5.67441e-10 202.58 25.792 0.073515
202.919 25.4757 0.0664079 1.82653e-05 202.58 25.792 0.073515
202.447 25.6803 0.0716606 0.0420819 202.58 25.792 0.073515
202.861 25.7253 0.0781286 0.00787601 202.58 25.792 0.073515
202.804 25.4358 0.0805204 4.40198e-05 202.58 25.792 0.073515
202.785 25.1513 0.0674623 2.57889e-09 202.58 25.792 0.073515
202.587 26.1325 0.076112 0.038298 202.58 25.792 0.073515
203.087 25.8388 0.0765655 3.35571e-05 202.58 25.792 0.073515
202.376 25.8097 0.04711 8.3222e-12 202.58 25.792 0.073515
202.559 25.3346 0.0573791 2.39906e-08 202.58 25.792 0.073515
202.213 25.3362 0.0619946 1.98049e-09 202.58 25.792 0.073515
203.241 25.4663 0.0802039 7.37231e-11 202.58 25.792 0.073515
202.219 25.7769 0.0626386 8.72739e-06 202.58 25.792 0.073515
203.271 26.0694 0.0944261 6.25547e-14 202.58 25.792 0.073515
202.857 25.7354 0.049699 7.45236e-09 202.58 25.792 0.073515
202.968 25.6134 0.068313 0.000143718 202.58 25.792 0.073515
202.447 25.855 0.0543664 3.93692e-07 202.58 25.792 0.073515
202.943 25.7904 0.0778107 0.00195433 202.58 25.792 0.073515
202.49 25.6045 0.0636755 0.000640671 202.58 25.792 0.073515
203.243 26.0062 0.0639434 8.84457e-09 202.58 25.792 0.073515
202.453 25.9935 0.0677169 0.0105345 202.58 25.792 0.073515
202.678 25.8116 0.0774525 0.230961 202.58 25.792 0.073515
202.988 25.9695 0.0715114 0.000544603 202.58 25.792 0.073515
202.352 25.4803 0.075896 0.000749352 202.58 25.792 0.073515
203.081 26.096 0.0668462 2.36929e-06 202.58 25.792 0.073515
202.591 26.1661 0.0734138 0.0123245 202.58 25.792 0.073515
202.455 26.1948 0.0588711 3.32746e-07 202.58 25.792 0.073515
202.181 25.6108 0.0595278 4.8567e-08 202.58 25.792 0.073515
201.872 25.3316 0.0705522 7.29197e-13 202.58 25.792 0.073515
202.328 25.3611 0.0591979 8.41082e-09 202.58 25.792 0.073515
202.708 25.6064 0.0693714 0.0103517 202.58 25.792 0.073515
202.962 26.0287 0.0622295 1.77193e-05 202.58 25.792 0.073515
202.713 25.9331 0.0836251 0.0496985 202.58 25.792 0.073515
202.779 26.2096 0.0723209 0.000930899 202.58 25.792 0.073515
202.305 25.8422 0.0528892 3.67059e-09 202.58 25.792 0.073515
202.037 25.471 0.0679612 1.33359e-08 202.58 25.792 0.073515
202.472 26.3518 0.067511 3.74639e-06 202.58 25.792 0.073515
201.907 25.6517 0.0719106 1.47601e-08 202.58 25.792 0.073515
202.598 26.0667 0.062503 0.000369475 202.58 25.792 0.073515
202.642 26.039 0.0651635 0.00337428 202.58 25.792 0.073515
203.34 25.2364 0.0493051 1.32347e-18 202.58 25.792 0.073515
202.877 25.4544 0.0761255 5.05265e-05 202.58 25.792 0.073515
202.611 25.7823 0.0775091 0.306022 202.58 25.792 0.073515
202.831 25.3101 0.0488474 2.66246e-12 202.58 25.792 0.073515
202.688 25.3665 0.0761859 6.0366e-05 202.58 25.792 0.073515
202.49 25.8501 0.0635421 0.00285269 202.58 25.792 0.073515
202.875 25.7428 0.060743 0.000130031 202.58 25.792 0.073515
201.796 25.881 0.0692307 4.44726e-11 202.58 25.792 0.073515
202.259 25.9742 0.0767385 0.0168153 202.58 25.792 0.073515
202.641 25.8417 0.0674159 0.0439682 202.58 25.792 0.073515
202.283 25.814 0.076877 0.0356566 202.58 25.792 0.073515
202.99 25.771 0.0709288 0.00063065 202.58 25.792 0.073515
202.533 25.6838 0.0561814 5.89874e-06 202.58 25.792 0.073515
202.609 25.7322 0.0670268 0.0266706 202.58 25.792 0.073515
202.696 26.3472 0.0605265 5.14525e-08 202.58 25.792 0.073515
202.401 25.7527 0.0575108 5.21649e-06 202.58 25.792 0.073515
202.658 25.6548 0.0715316 0.0465157 202.58 25.792 0.073515
203.12 25.5888 0.0684615 1.13817e-06 202.58 25.792 0.073515
202.453 25.402 0.0479355 1.51053e-12 202.58 25.792 0.073515
202.469 25.253 0.0862169 8.31183e-08 202.58 25.792 0.073515
202.489 25.7525 0.0668966 0.0172743 202.58 25.792 0.073515
202.931 26.0584 0.0640221 6.05859e-05 202.58 25.792 0.073515
201.641 25.8432 0.0794721 9.57097e-13 202.58 25.792 0.073515
202.334 25.725 0.067106 0.00203306 202.58 25.792 0.073515
203.253 25.661 0.0719041 2.01668e-08 202.58 25.792 0.073515
202.646 25.7503 0.0631414 0.00372238 202.58 25.792 0.073515
203.398 26.1668 0.065377 7.04387e-13 202.58 25.792 0.073515
202.604 25.0615 0.0770762 1.54627e-10 202.58 25.792 0.073515
203.09 25.7152 0.0561878 4.63552e-08 202.58 25.792 0.073515
202.596 26.2734 0.0617964 1.69536e-06 202.58 25.792 0.073515
202.499 25.1539 0.0818878 5.74507e-09 202.58 25.792 0.073515
203.017 25.9764 0.0713512 0.000221344 202.58 25.792 0.073515
202.602 25.701 0.0527287 3.07847e-07 202.58 25.792 0.073515
203.122 25.8445 0.0710513 1.2678e-05 202.58 25.792 0.073515
203.06 25.5512 0.0687503 4.28054e-06 202.58 25.792 0.073515
202.197 26.0439 0.057848 8.19897e-09 202.58 25.792 0.073515
202.477 25.3603 0.0663669 8.47611e-06 202.58 25.792 0.073515
202.769 25.105 0.0541222 2.70798e-13 202.58 25.792 0.073515
203.092 24.8296 0.0683721 3.97183e-20 202.58 25.792 0.073515
202.897 25.6028 0.0864628 2.01074e-05 202.58 25.792 0.073515
202.835 26.1938 0.0578839 2.10808e-07 202.58 25.792 0.073515
202.459 25.3844 0.0809214 8.21912e-05 202.58 25.792 0.073515
203.289 25.5428 0.0484814 1.21974e-14 202.58 25.792 0.073515
202.731 25.6491 0.0574017 2.19692e-05 202.58 25.792 0.073515
201.95 25.7603 0.0876929 1.57379e-06 202.58 25.792 0.073515
202.518 25.6467 0.062799 0.000806406 202.58 25.792 0.073515
202.504 25.5379 0.0645737 0.000395614 202.58 25.792 0.073515
202.694 25.6434 0.0680578 0.0128947 202.58 25.792 0.073515
202.674 25.4387 0.0629543 2.80104e-05 202.58 25.792 0.073515
202.836 25.7097 0.0747744 0.0151709 202.58 25.792 0.073515
202.33 25.6593 0.065551 0.000414881 202.58 25.792 0.073515
203.028 25.9414 0.0586225 9.80047e-07 202.58 25.792 0.073515
202.232 25.8044 0.0579747 1.76982e-07 202.58 25.792 0.073515
