278.76 0.743842 4.56355 1.8414e-21 279.58 1.06 4.5509
279.585 1.39838 4.54334 6.98282e-05 279.58 1.06 4.5509
279.771 0.428346 4.53333 1.92519e-10 279.58 1.06 4.5509
279.427 0.688431 4.53782 0.00112037 279.58 1.06 4.5509
279.749 0.732192 4.52751 6.49803e-09 279.58 1.06 4.5509
279.385 0.579097 4.54161 8.53746e-05 279.58 1.06 4.5509
279.302 0.829249 4.53006 0.000555705 279.58 1.06 4.5509
280.314 0.585457 4.5427 1.26807e-16 279.58 1.06 4.5509
279.199 0.893584 4.54406 0.00211326 279.58 1.06 4.5509
279.199 0.619443 4.53848 4.3919e-05 279.58 1.06 4.5509
279.663 1.09466 4.55439 0.184818 279.58 1.06 4.5509
279.384 1.14245 4.54277 0.0180091 279.58 1.06 4.5509
279.541 1.10493 4.55323 0.148637 279.58 1.06 4.5509
279.918 0.738175 4.55994 9.79966e-05 279.58 1.06 4.5509
279.316 1.17374 4.54668 0.00857233 279.58 1.06 4.5509
279.767 0.784601 4.56127 0.00110424 279.58 1.06 4.5509
278.751 0.698382 4.53344 6.31541e-10 279.58 1.06 4.5509
279.215 0.375844 4.54424 1.39741e-09 279.58 1.06 4.5509
279.622 1.22847 4.55117 0.0506686 279.58 1.06 4.5509
279.015 0.709147 4.54047 2.37012e-06 279.58 1.06 4.5509
279.502 0.632012 4.56418 1.29098e-07 279.58 1.06 4.5509
279.71 0.942369 4.54337 0.00840004 279.58 1.06 4.5509
279.739 0.313359 4.5633 2.28189e-13 279.58 1.06 4.5509
279.185 1.15266 4.53766 0.000501548 279.58 1.06 4.5509
278.829 1.28754 4.52157 1.48482e-11 279.58 1.06 4.5509
279.834 0.433386 4.56427 1.30863e-10 279.58 1.06 4.5509
279.223 0.53532 4.53981 4.48045e-06 279.58 1.06 4.5509
279.546 1.10745 4.5478 0.111283 279.58 1.06 4.5509
279.674 0.20108 4.54148 5.15668e-13 279.58 1.06 4.5509
279.79 0.678864 4.54448 5.86724e-05 279.58 1.06 4.5509
279.817 0.638653 4.55104 3.86803e-05 279.58 1.06 4.5509
279.828 1.1773 4.5648 0.0393814 279.58 1.06 4.5509
279.688 0.758937 4.56153 0.000490446 279.58 1.06 4.5509
279.868 0.636543 4.54102 5.24018e-07 279.58 1.06 4.5509
279.404 0.716266 4.53213 0.000321551 279.58 1.06 4.5509
280.422 0.719252 4.54387 7.21864e-18 279.58 1.06 4.5509
279.256 0.861262 4.54056 0.0061806 279.58 1.06 4.5509
279.854 0.848409 4.56617 0.000655287 279.58 1.06 4.5509
279.456 1.52696 4.54835 6.37998e-06 279.58 1.06 4.5509
278.843 0.931029 4.54181 1.88264e-08 279.58 1.06 4.5509
279.027 0.653883 4.53427 4.18462e-06 279.58 1.06 4.5509
279.009 1.00904 4.52395 1.71624e-06 279.58 1.06 4.5509
279.783 1.30091 4.53098 3.04792e-10 279.58 1.06 4.5509
279.971 1.09687 4.54985 0.000300826 279.58 1.06 4.5509
279.384 1.01961 4.5377 0.0127185 279.58 1.06 4.5509
279.776 0.674642 4.54975 0.000207029 279.58 1.06 4.5509
279.946 0.947911 4.55065 0.000756037 279.58 1.06 4.5509
279.461 0.992797 4.54243 0.0586391 279.58 1.06 4.5509
279.613 1.24089 4.55958 0.0459497 279.58 1.06 4.5509
279.542 0.857897 4.5542 0.0257713 279.58 1.06 4.5509
279.925 0.861502 4.54511 4.71798e-05 279.58 1.06 4.5509
279.404 0.935032 4.53362 0.00289088 279.58 1.06 4.5509
279.657 0.586828 4.54324 3.82049e-05 279.58 1.06 4.5509
279.361 0.517969 4.52893 1.44277e-06 279.58 1.06 4.5509
279.644 1.10105 4.56294 0.0426539 279.58 1.06 4.5509
279.421 1.17951 4.5548 0.0196212 279.58 1.06 4.5509
279.406 1.79571 4.54077 1.18779e-13 279.58 1.06 4.5509
279.345 1.03028 4.56009 0.000482579 279.58 1.06 4.5509
280.007 0.785663 4.55053 1.20683e-05 279.58 1.06 4.5509
279.803 1.05261 4.5453 0.00316038 279.58 1.06 4.5509
279.533 0.749577 4.52543 8.76629e-07 279.58 1.06 4.5509
279.593 0.82475 4.53742 0.00179451 279.58 1.06 4.5509
279.477 0.88483 4.55086 0.0450951 279.58 1.06 4.5509
279.684 1.40023 4.55749 0.00411424 279.58 1.06 4.5509
279.153 0.717615 4.54763 1.2298e-05 279.58 1.06 4.5509
279.493 0.781117 4.54508 0.0150151 279.58 1.06 4.5509
279.531 0.662082 4.53355 6.35336e-05 279.58 1.06 4.5509
279.851 0.779992 4.53688 1.06115e-06 279.58 1.06 4.5509
279.335 -0.181155 4.54181 5.61733e-25 279.58 1.06 4.5509
279.34 0.934789 4.55458 0.00311247 279.58 1.06 4.5509
279.483 0.962364 4.55771 0.0180337 279.58 1.06 4.5509
279.436 0.865987 4.5669 3.95691e-06 279.58 1.06 4.5509
279.44 0.849966 4.57404 2.08135e-09 279.58 1.06 4.5509
279.393 0.795042 4.52153 6.32132e-07 279.58 1.06 4.5509
279.599 0.524694 4.55803 3.3858e-07 279.58 1.06 4.5509
279.46 0.936023 4.54453 0.0744488 279.58 1.06 4.5509
279.058 0.793085 4.53416 7.59244e-05 279.58 1.06 4.5509
279.43 0.977571 4.52868 9.05279e-05 279.58 1.06 4.5509
279.625 1.02289 4.54134 0.0128131 279.58 1.06 4.5509
279.331 1.07949 4.53361 0.00123127 279.58 1.06 4.5509
279.512 0.894117 4.55613 0.0198234 279.58 1.06 4.5509
279.453 0.281751 4.53632 4.03888e-10 279.58 1.06 4.5509
279.605 1.18834 4.53599 9.67992e-05 279.58 1.06 4.5509
279.062 0.72948 4.53894 2.20687e-05 279.58 1.06 4.5509
279.349 0.737796 4.54465 0.00279233 279.58 1.06 4.5509
279.426 0.549388 4.52629 4.40551e-07 279.58 1.06 4.5509
279.518 0.57029 4.53862 4.32577e-05 279.58 1.06 4.5509
280.132 0.72628 4.55699 2.42782e-07 279.58 1.06 4.5509
279.551 1.34293 4.56332 0.00238225 279.58 1.06 4.5509
279.829 0.963951 4.53771 1.25768e-05 279.58 1.06 4.5509
279.437 0.551818 4.53015 3.22023e-06 279.58 1.06 4.5509
279.647 0.982264 4.53342 6.92664e-05 279.58 1.06 4.5509
279.76 1.30667 4.54704 0.000660815 279.58 1.06 4.5509
279.304 1.10457 4.53432 0.00115843 279.58 1.06 4.5509
279.254 1.16802 4.55532 0.0003479 279.58 1.06 4.5509
279.626 0.284541 4.5413 1.23476e-10 279.58 1.06 4.5509
279.344 1.07188 4.52695 1.92533e-05 279.58 1.06 4.5509
279.403 1.31596 4.53928 0.000183084 279.58 1.06 4.5509
279.737 0.37149 4.54656 2.47886e-09 279.58 1.06 4.5509
280.218 0.652473 4.54478 1.67394e-12 279.58 1.06 4.5509
