216.407 -12.1634 2.97991 6.11708e-09 216.68 -11.968 2.9749
216.768 -11.9485 2.99817 5.6707e-17 216.68 -11.968 2.9749
216.766 -11.9 2.97619 0.0506117 216.68 -11.968 2.9749
216.867 -11.3619 2.97566 0.00107239 216.68 -11.968 2.9749
216.785 -12.4579 2.96976 3.07409e-08 216.68 -11.968 2.9749
216.67 -12.167 2.98648 7.98556e-10 216.68 -11.968 2.9749
216.771 -12.2849 2.96959 3.12698e-05 216.68 -11.968 2.9749
216.186 -11.5225 2.99635 1.38195e-27 216.68 -11.968 2.9749
216.993 -12.6204 2.97985 1.10771e-13 216.68 -11.968 2.9749
216.823 -11.9611 2.96728 0.0176267 216.68 -11.968 2.9749
217.053 -12.1221 2.95887 7.09274e-10 216.68 -11.968 2.9749
216.964 -11.5877 2.9563 6.40348e-10 216.68 -11.968 2.9749
216.404 -12.1848 2.98165 2.23361e-10 216.68 -11.968 2.9749
216.704 -12.1945 2.98701 3.38604e-10 216.68 -11.968 2.9749
216.87 -12.217 2.96515 1.52207e-05 216.68 -11.968 2.9749
216.397 -11.9871 2.96408 0.00224489 216.68 -11.968 2.9749
216.264 -11.7408 3.00412 8.92089e-37 216.68 -11.968 2.9749
216.707 -11.8818 2.96986 0.142418 216.68 -11.968 2.9749
217.236 -12.1557 2.9883 1.89031e-08 216.68 -11.968 2.9749
217.062 -12.2821 2.97244 2.04004e-06 216.68 -11.968 2.9749
216.699 -11.7449 2.98535 1.10453e-05 216.68 -11.968 2.9749
216.481 -11.8836 2.96811 0.0262526 216.68 -11.968 2.9749
216.617 -12.1729 2.97306 0.000314466 216.68 -11.968 2.9749
216.398 -12.1358 2.95814 1.07069e-05 216.68 -11.968 2.9749
216.475 -11.8558 2.97081 0.0177655 216.68 -11.968 2.9749
216.659 -12.1408 2.98077 3.93128e-06 216.68 -11.968 2.9749
216.042 -12.2274 2.95767 2.78344e-09 216.68 -11.968 2.9749
216.641 -11.2951 2.97681 2.51414e-05 216.68 -11.968 2.9749
217.116 -11.7676 2.97855 0.0137513 216.68 -11.968 2.9749
216.753 -12.4086 2.9688 2.75741e-07 216.68 -11.968 2.9749
216.952 -12.2108 2.98237 2.36674e-06 216.68 -11.968 2.9749
217.34 -11.9704 2.97675 1.29539e-05 216.68 -11.968 2.9749
216.999 -11.6838 2.98999 2.57295e-06 216.68 -11.968 2.9749
217.029 -11.9513 2.98488 0.000149597 216.68 -11.968 2.9749
216.564 -12.0187 2.96647 0.0114007 216.68 -11.968 2.9749
216.206 -11.6516 2.98152 4.27541e-11 216.68 -11.968 2.9749
216.649 -11.8834 2.95178 8.14876e-09 216.68 -11.968 2.9749
217.181 -12.2651 2.97243 2.30053e-07 216.68 -11.968 2.9749
216.335 -11.8642 2.99227 1.59139e-18 216.68 -11.968 2.9749
216.635 -12.5911 2.97666 9.50633e-13 216.68 -11.968 2.9749
216.027 -12.6662 2.98912 6.18643e-37 216.68 -11.968 2.9749
216.861 -12.3929 2.98244 1.16755e-09 216.68 -11.968 2.9749
216.434 -12.1018 2.97692 2.85424e-06 216.68 -11.968 2.9749
216.75 -12.161 2.98583 1.81102e-08 216.68 -11.968 2.9749
216.725 -11.6731 2.97585 0.0782892 216.68 -11.968 2.9749
215.641 -12.2794 2.98929 6.93248e-43 216.68 -11.968 2.9749
216.464 -12.0863 2.98642 8.4565e-12 216.68 -11.968 2.9749
216.176 -11.7277 2.96135 5.02425e-05 216.68 -11.968 2.9749
216.988 -12.8 2.96542 1.34923e-18 216.68 -11.968 2.9749
216.783 -12.4899 2.96485 1.60252e-09 216.68 -11.968 2.9749
216.451 -11.6766 2.97847 6.21109e-05 216.68 -11.968 2.9749
216.685 -12.5196 2.96094 8.54808e-11 216.68 -11.968 2.9749
216.766 -11.6335 2.97801 0.0309934 216.68 -11.968 2.9749
216.762 -12.1271 2.97776 0.000350829 216.68 -11.968 2.9749
216.887 -12.1455 2.98687 6.38628e-08 216.68 -11.968 2.9749
217.474 -11.7885 2.98092 2.11519e-06 216.68 -11.968 2.9749
217.269 -12.6649 2.99041 2.70485e-20 216.68 -11.968 2.9749
216.369 -12.0439 2.97887 1.24301e-07 216.68 -11.968 2.9749
216.868 -12.3767 2.99288 1.84055e-16 216.68 -11.968 2.9749
216.795 -11.9346 2.9941 3.16074e-12 216.68 -11.968 2.9749
216.576 -12.1271 2.98172 2.63917e-07 216.68 -11.968 2.9749
216.333 -11.8159 2.95908 0.000359016 216.68 -11.968 2.9749
216.698 -12.4105 2.97608 2.91971e-08 216.68 -11.968 2.9749
217.134 -12.4696 2.98519 2.54705e-12 216.68 -11.968 2.9749
216.463 -11.9235 2.97044 0.00935419 216.68 -11.968 2.9749
217.265 -12.022 2.97098 3.35583e-06 216.68 -11.968 2.9749
216.739 -11.5343 2.96433 0.00178266 216.68 -11.968 2.9749
216.683 -12.1583 2.9645 0.000362745 216.68 -11.968 2.9749
216.527 -11.7157 2.96956 0.0557444 216.68 -11.968 2.9749
216.694 -11.5261 2.99831 2.5312e-17 216.68 -11.968 2.9749
216.462 -12.0632 2.96968 0.00148417 216.68 -11.968 2.9749
216.61 -12.3472 2.9754 2.18957e-07 216.68 -11.968 2.9749
216.744 -12.4487 2.9694 5.23209e-08 216.68 -11.968 2.9749
216.152 -12.3606 2.97803 2.20063e-15 216.68 -11.968 2.9749
217.223 -12.0954 2.95553 8.17144e-16 216.68 -11.968 2.9749
216.124 -12.1352 2.96186 4.6793e-07 216.68 -11.968 2.9749
217.018 -12.6476 2.974 1.66239e-13 216.68 -11.968 2.9749
216.947 -11.6865 2.96964 0.0265607 216.68 -11.968 2.9749
216.965 -12.8597 2.97422 2.27376e-19 216.68 -11.968 2.9749
217.361 -11.8474 2.96679 5.22176e-09 216.68 -11.968 2.9749
216.931 -12.3697 2.97604 3.10493e-07 216.68 -11.968 2.9749
216.442 -11.3657 2.97547 6.29861e-06 216.68 -11.968 2.9749
216.743 -12.207 2.95791 1.5103e-07 216.68 -11.968 2.9749
216.096 -11.9709 2.96106 2.94432e-06 216.68 -11.968 2.9749
216.829 -12.5364 2.97713 7.96795e-11 216.68 -11.968 2.9749
217.172 -12.0411 2.97348 0.000155985 216.68 -11.968 2.9749
216.687 -11.7541 2.97321 0.166741 216.68 -11.968 2.9749
216.583 -12.4217 2.96778 1.20539e-07 216.68 -11.968 2.9749
216.855 -11.8227 2.97138 0.156846 216.68 -11.968 2.9749
216.624 -12.118 2.98314 1.67502e-07 216.68 -11.968 2.9749
216.586 -11.8615 2.96393 0.02291 216.68 -11.968 2.9749
216.838 -11.8771 2.97578 0.0923825 216.68 -11.968 2.9749
216.96 -12.4292 2.96513 1.42109e-09 216.68 -11.968 2.9749
216.695 -11.9135 2.97401 0.0635253 216.68 -11.968 2.9749
216.728 -12.0211 2.97635 0.00632798 216.68 -11.968 2.9749
216.295 -12.1967 2.96783 3.38179e-06 216.68 -11.968 2.9749
217.081 -11.991 2.97948 0.00196836 216.68 -11.968 2.9749
216.217 -12.3096 2.96877 6.58805e-09 216.68 -11.968 2.9749
216.634 -12.0298 2.98768 1.36257e-09 216.68 -11.968 2.9749
217.238 -11.981 2.96053 3.85284e-11 216.68 -11.968 2.9749
