43.2347 -69.0468 3.94839 1.2641e-08
43.2441 -68.6058 3.93522 0.0914417
42.8436 -68.6177 3.93312 5.95447e-06
43.4541 -68.2231 3.93707 0.00029983
43.3515 -69.0351 3.92731 1.50212e-09
43.4393 -68.6025 3.92728 5.82643e-06
42.9372 -68.6811 3.93113 5.56312e-05
43.2602 -69.042 3.94101 1.59553e-06
43.0976 -68.741 3.95307 6.37922e-08
43.4856 -67.9868 3.94179 4.98996e-08
43.6552 -68.4406 3.94463 0.0100203
43.2048 -69.123 3.953 3.28495e-13
43.1876 -68.1283 3.91838 1.87542e-15
43.1283 -69.1098 3.92615 4.71017e-11
43.0073 -68.6973 3.93901 0.000820276
43.0585 -68.4912 3.94176 0.00464883
43.0783 -68.7509 3.94331 0.000519648
43.0993 -68.4668 3.92959 0.000535365
42.5393 -68.4428 3.94115 1.06522e-15
43.7039 -68.8285 3.91787 1.31804e-20
43.4436 -68.0969 3.92897 4.90976e-10
43.6175 -68.6695 3.94667 0.0131635
43.3769 -68.7162 3.94342 0.104717
43.3263 -68.0201 3.93133 1.25614e-09
43.0316 -68.841 3.93543 9.98908e-05
42.8922 -68.3964 3.94045 5.36758e-06
42.948 -68.8045 3.94375 8.33432e-07
42.8053 -68.8165 3.93276 5.76998e-08
43.3825 -68.826 3.94278 0.00923392
43.0874 -68.4623 3.94825 0.000145304
43.1488 -69.0148 3.94223 6.93342e-07
43.3769 -69.1769 3.9265 2.0614e-13
43.0879 -68.4847 3.93273 0.004564
43.6437 -68.8858 3.94688 3.4265e-05
43.3509 -68.6361 3.94791 0.0466886
43.3678 -68.6298 3.94 0.347817
43.7946 -68.6969 3.93235 2.23622e-09
43.3234 -69.0334 3.94195 3.10765e-06
43.3056 -68.7535 3.93584 0.0222702
43.2886 -68.8482 3.94391 0.00223188
43.3603 -68.7066 3.95881 6.60584e-08
43.5213 -68.7248 3.93433 0.000780232
43.2632 -68.9133 3.93791 0.000446274
42.5831 -68.9915 3.93333 6.00433e-16
43.2268 -68.5771 3.96193 2.33935e-11
43.2029 -68.2046 3.93563 0.000163165
43.5342 -69.384 3.95822 1.00184e-22
43.0277 -68.4759 3.94996 2.37285e-06
43.6952 -68.6469 3.93784 0.000143872
42.6067 -68.9422 3.92875 2.65755e-14
42.9774 -68.5624 3.94131 0.000392833
43.7071 -68.5105 3.91905 1.74001e-18
43.1743 -68.4983 3.93967 0.110502
43.0583 -68.4205 3.94529 0.000396438
43.0999 -68.8947 3.94765 5.48551e-07
43.2594 -68.7486 3.94017 0.0481254
43.4442 -68.6531 3.93253 0.0021124
42.934 -68.3849 3.93257 2.87803e-05
43.6988 -68.4602 3.95107 0.00154121
43.1511 -68.7195 3.92376 8.80314e-07
43.2865 -68.2759 3.95723 1.04788e-07
43.0598 -68.8524 3.94018 8.85954e-05
42.9696 -68.4246 3.9508 3.72775e-08
43.6634 -69.1834 3.92758 3.55628e-17
43.2642 -68.9813 3.95987 4.43518e-14
43.2173 -68.5814 3.94645 0.0251959
43.3459 -69.0504 3.92214 4.49817e-13
43.389 -68.887 3.9265 6.69556e-08
43.2341 -68.7729 3.92712 2.0035e-05
42.9908 -69.2354 3.92569 4.70633e-15
43.0918 -68.4025 3.9429 0.00340891
43.1643 -69.0665 3.91976 6.42899e-14
43.6063 -68.3142 3.92826 2.70437e-09
43.2113 -69.1229 3.94463 2.21185e-09
43.0152 -68.0368 3.91411 3.65316e-21
43.7156 -69.026 3.95067 3.61511e-09
42.977 -69.0376 3.92667 4.35048e-10
43.2937 -69.254 3.92217 1.68486e-17
43.2416 -68.8908 3.92114 2.1734e-10
42.9748 -68.8403 3.96217 7.61845e-20
43.2672 -69.1455 3.95708 7.65036e-16
43.7175 -68.4946 3.93806 9.19542e-05
42.9414 -69.4218 3.94299 4.82506e-22
43.6388 -68.7294 3.94029 0.00134172
43.1257 -68.5263 3.91605 1.98e-12
43.1159 -68.3621 3.93668 0.00565417
42.7355 -68.4635 3.93515 2.29428e-08
43.287 -68.8463 3.94273 0.00345148
43.1733 -68.8694 3.92126 9.84095e-10
43.2369 -68.9928 3.93061 7.18736e-07
43.0855 -68.5626 3.93732 0.0222469
43.2013 -68.3223 3.94564 0.0036661
43.0867 -68.4424 3.95615 4.09432e-09
43.6327 -68.5938 3.93786 0.0018469
43.0117 -68.4381 3.9345 0.00112051
43.3848 -68.757 3.94176 0.0566507
43.3831 -68.9731 3.93457 9.61111e-06
43.2896 -68.5764 3.94763 0.0431135
43.5088 -68.8271 3.9421 0.00365247
43.2038 -68.8258 3.93865 0.00447236
