63.9541 -48.6045 3.88185 4.81017e-16 63.698 -48.126 3.8698
63.5451 -48.0537 3.879 0.00286175 63.698 -48.126 3.8698
63.9407 -48.4082 3.89204 3.76811e-17 63.698 -48.126 3.8698
63.6965 -48.5008 3.87587 7.33428e-09 63.698 -48.126 3.8698
63.8261 -48.0361 3.87886 0.00276564 63.698 -48.126 3.8698
64.1032 -48.2698 3.88264 1.36529e-10 63.698 -48.126 3.8698
63.2071 -48.1348 3.88474 2.49741e-10 63.698 -48.126 3.8698
63.7509 -48.2788 3.89327 7.49031e-14 63.698 -48.126 3.8698
64.0737 -47.9834 3.88453 1.94562e-07 63.698 -48.126 3.8698
63.9287 -47.9753 3.88212 0.000104488 63.698 -48.126 3.8698
63.6187 -47.3979 3.86356 8.03571e-09 63.698 -48.126 3.8698
64.2223 -47.8927 3.86066 5.08069e-09 63.698 -48.126 3.8698
64.1748 -48.0654 3.87319 6.69034e-07 63.698 -48.126 3.8698
62.996 -48.0401 3.88326 2.68353e-13 63.698 -48.126 3.8698
63.5335 -47.6927 3.87341 0.0129342 63.698 -48.126 3.8698
64.0499 -48.4723 3.87918 2.24217e-12 63.698 -48.126 3.8698
64.1125 -48.26 3.8515 1.52237e-09 63.698 -48.126 3.8698
64.1273 -47.8348 3.87738 4.68123e-06 63.698 -48.126 3.8698
63.5925 -48.1514 3.88076 0.000120407 63.698 -48.126 3.8698
63.7525 -48.0641 3.86712 0.160101 63.698 -48.126 3.8698
63.0386 -48.2435 3.87242 1.39318e-10 63.698 -48.126 3.8698
63.6287 -47.9564 3.85751 0.00765451 63.698 -48.126 3.8698
63.7386 -48.4471 3.8674 1.37924e-05 63.698 -48.126 3.8698
64.1083 -47.9444 3.88286 3.61671e-07 63.698 -48.126 3.8698
64.011 -48.1014 3.87826 1.99672e-05 63.698 -48.126 3.8698
64.1816 -47.2987 3.86598 4.64264e-16 63.698 -48.126 3.8698
63.5378 -48.4614 3.86814 4.7749e-06 63.698 -48.126 3.8698
64.4358 -48.2203 3.87417 6.23767e-15 63.698 -48.126 3.8698
64.0351 -48.1547 3.88388 2.38806e-08 63.698 -48.126 3.8698
64.1907 -48.3944 3.86831 2.527e-10 63.698 -48.126 3.8698
63.7907 -48.1311 3.86722 0.0517434 63.698 -48.126 3.8698
63.7577 -48.1553 3.8513 6.03542e-05 63.698 -48.126 3.8698
64.2464 -48.4268 3.87998 2.65621e-15 63.698 -48.126 3.8698
64.0321 -48.6593 3.88748 2.11245e-22 63.698 -48.126 3.8698
63.5094 -48.4205 3.85865 5.26926e-05 63.698 -48.126 3.8698
64.226 -48.3472 3.87714 3.50052e-12 63.698 -48.126 3.8698
64.1038 -47.8759 3.86862 2.85989e-05 63.698 -48.126 3.8698
63.4592 -48.4162 3.86448 3.1315e-05 63.698 -48.126 3.8698
63.3534 -48.1173 3.86967 0.002292 63.698 -48.126 3.8698
63.4124 -48.47 3.87158 7.03389e-08 63.698 -48.126 3.8698
63.7408 -48.4504 3.87067 2.8643e-06 63.698 -48.126 3.8698
63.2871 -48.0888 3.8746 7.70407e-05 63.698 -48.126 3.8698
63.979 -48.163 3.87386 0.00013627 63.698 -48.126 3.8698
64.6602 -48.4126 3.87833 7.01381e-27 63.698 -48.126 3.8698
63.8324 -47.9718 3.86683 0.0746553 63.698 -48.126 3.8698
63.5381 -47.8844 3.884 0.000410993 63.698 -48.126 3.8698
63.695 -48.0407 3.87323 0.118803 63.698 -48.126 3.8698
63.9265 -47.8678 3.89302 5.47723e-09 63.698 -48.126 3.8698
64.2894 -48.1777 3.88817 1.66403e-15 63.698 -48.126 3.8698
63.9324 -47.6558 3.86757 0.000109435 63.698 -48.126 3.8698
63.9226 -48.5401 3.86756 8.91136e-09 63.698 -48.126 3.8698
63.7735 -47.5859 3.86989 0.000521601 63.698 -48.126 3.8698
63.4724 -48.3271 3.86283 0.000748649 63.698 -48.126 3.8698
63.5761 -47.8093 3.88543 0.000245403 63.698 -48.126 3.8698
63.4126 -47.8299 3.87221 0.0139926 63.698 -48.126 3.8698
63.7132 -48.512 3.85412 8.2606e-07 63.698 -48.126 3.8698
63.8057 -48.3937 3.85382 8.12449e-06 63.698 -48.126 3.8698
63.5616 -47.7747 3.88354 0.000923329 63.698 -48.126 3.8698
64.0264 -48.3291 3.87168 6.7846e-07 63.698 -48.126 3.8698
62.9414 -48.2571 3.87025 9.38276e-13 63.698 -48.126 3.8698
64.1286 -47.8854 3.88153 6.38818e-07 63.698 -48.126 3.8698
63.4102 -48.5277 3.87557 1.35283e-10 63.698 -48.126 3.8698
64.1122 -47.9928 3.88074 7.65084e-07 63.698 -48.126 3.8698
64.0133 -48.1584 3.88813 3.22246e-10 63.698 -48.126 3.8698
64.7637 -47.9359 3.88657 1.45483e-27 63.698 -48.126 3.8698
63.8959 -47.6814 3.88349 0.000101316 63.698 -48.126 3.8698
63.276 -48.0309 3.88823 8.09223e-10 63.698 -48.126 3.8698
63.5433 -47.9854 3.87657 0.0296526 63.698 -48.126 3.8698
63.6285 -48.1652 3.88865 1.29508e-08 63.698 -48.126 3.8698
63.6549 -48.2797 3.8771 5.65693e-05 63.698 -48.126 3.8698
63.5873 -48.016 3.88427 9.94262e-05 63.698 -48.126 3.8698
64.0388 -47.7986 3.87085 0.00019721 63.698 -48.126 3.8698
63.5763 -47.9884 3.87594 0.0528475 63.698 -48.126 3.8698
63.9631 -47.8574 3.87721 0.00133962 63.698 -48.126 3.8698
63.4247 -48.62 3.88242 1.484e-16 63.698 -48.126 3.8698
64.5184 -48.131 3.8958 8.17721e-26 63.698 -48.126 3.8698
63.7063 -47.8748 3.88606 0.000164547 63.698 -48.126 3.8698
63.5613 -48.1658 3.89287 1.25582e-11 63.698 -48.126 3.8698
62.9868 -48.3763 3.87323 4.30266e-14 63.698 -48.126 3.8698
63.4324 -48.0465 3.90458 1.85859e-20 63.698 -48.126 3.8698
63.2786 -48.0074 3.87144 0.000497513 63.698 -48.126 3.8698
63.4851 -47.8584 3.89149 7.59025e-08 63.698 -48.126 3.8698
63.7117 -47.9155 3.86565 0.184942 63.698 -48.126 3.8698
63.7146 -47.4781 3.86468 8.88101e-07 63.698 -48.126 3.8698
63.5564 -48.0205 3.85004 1.93358e-05 63.698 -48.126 3.8698
63.3492 -47.7903 3.848 4.7456e-10 63.698 -48.126 3.8698
63.8343 -48.1949 3.87795 0.000132876 63.698 -48.126 3.8698
63.4924 -48.1462 3.8532 0.000364998 63.698 -48.126 3.8698
63.8619 -47.7688 3.86062 0.00022572 63.698 -48.126 3.8698
63.3707 -47.7052 3.87413 0.000767421 63.698 -48.126 3.8698
63.3461 -48.2277 3.855 4.93521e-05 63.698 -48.126 3.8698
63.8706 -48.6757 3.87661 1.03085e-14 63.698 -48.126 3.8698
63.4624 -48.2889 3.86875 0.000741355 63.698 -48.126 3.8698
63.2485 -48.0574 3.86644 0.00024804 63.698 -48.126 3.8698
64.2869 -47.8084 3.88727 7.24421e-12 63.698 -48.126 3.8698
63.7594 -48.2832 3.88313 1.15181e-07 63.698 -48.126 3.8698
63.6639 -48.0614 3.86707 0.265458 63.698 -48.126 3.8698
63.9896 -48.0711 3.8587 8.74326e-05 63.698 -48.126 3.8698
63.7263 -48.1341 3.88449 6.05314e-06 63.698 -48.126 3.8698
63.9291 -47.969 3.87196 0.0105666 63.698 -48.126 3.8698
