219.278 -12.4344 2.9694 1.66858e-33 219.85 -11.866 2.9523
220.138 -11.322 2.95293 1.02471e-07 219.85 -11.866 2.9523
219.561 -11.1982 2.9613 4.93164e-19 219.85 -11.866 2.9523
219.223 -11.6121 2.95845 1.30744e-17 219.85 -11.866 2.9523
219.752 -11.8513 2.95754 4.21562e-05 219.85 -11.866 2.9523
219.991 -11.7917 2.94973 0.138804 219.85 -11.866 2.9523
219.367 -12.1459 2.92709 3.78119e-12 219.85 -11.866 2.9523
219.8 -11.4175 2.94203 1.30825e-05 219.85 -11.866 2.9523
219.886 -11.7616 2.9399 0.00391813 219.85 -11.866 2.9523
219.767 -11.7961 2.94399 0.0985384 219.85 -11.866 2.9523
218.879 -11.4179 2.94621 2.5205e-21 219.85 -11.866 2.9523
219.184 -11.8053 2.9453 7.03344e-09 219.85 -11.866 2.9523
219.909 -12.1058 2.94914 0.0407127 219.85 -11.866 2.9523
220.002 -11.4542 2.9644 2.91892e-11 219.85 -11.866 2.9523
219.286 -12.1637 2.95962 6.04946e-17 219.85 -11.866 2.9523
219.407 -11.8239 2.96121 2.9045e-14 219.85 -11.866 2.9523
219.774 -11.8511 2.95952 3.37548e-06 219.85 -11.866 2.9523
219.384 -11.9664 2.94903 3.90767e-06 219.85 -11.866 2.9523
220.113 -12.0815 2.95645 0.00118428 219.85 -11.866 2.9523
219.06 -12.0016 2.9638 2.49366e-28 219.85 -11.866 2.9523
219.982 -12.1793 2.94178 0.00036583 219.85 -11.866 2.9523
219.36 -11.619 2.94916 9.89935e-08 219.85 -11.866 2.9523
219.029 -12.3142 2.94286 5.63352e-15 219.85 -11.866 2.9523
219.851 -11.3959 2.93505 2.89664e-09 219.85 -11.866 2.9523
219.198 -11.7189 2.96018 2.24823e-19 219.85 -11.866 2.9523
219.15 -11.8669 2.95277 1.70838e-13 219.85 -11.866 2.9523
219.715 -11.5829 2.9602 5.08982e-09 219.85 -11.866 2.9523
219.681 -12.01 2.94259 0.0259332 219.85 -11.866 2.9523
219.939 -11.1784 2.96075 3.28641e-14 219.85 -11.866 2.9523
219.517 -11.727 2.95047 7.01868e-05 219.85 -11.866 2.9523
219.468 -12.3558 2.94505 1.68246e-07 219.85 -11.866 2.9523
219.353 -11.5251 2.95673 1.40308e-13 219.85 -11.866 2.9523
219.937 -12.2219 2.94401 0.00108911 219.85 -11.866 2.9523
220.413 -11.7197 2.94666 1.01319e-06 219.85 -11.866 2.9523
219.88 -11.936 2.93452 5.83559e-06 219.85 -11.866 2.9523
219.531 -11.3549 2.96297 4.6595e-18 219.85 -11.866 2.9523
219.751 -11.8362 2.9336 8.05637e-06 219.85 -11.866 2.9523
219.977 -11.5233 2.9439 0.00035386 219.85 -11.866 2.9523
219.709 -11.6777 2.92615 1.00878e-12 219.85 -11.866 2.9523
219.478 -12.3171 2.96192 2.78933e-16 219.85 -11.866 2.9523
219.435 -11.3322 2.94272 3.65369e-09 219.85 -11.866 2.9523
219.464 -11.4973 2.95977 4.38909e-14 219.85 -11.866 2.9523
219.738 -11.82 2.94081 0.0234332 219.85 -11.866 2.9523
219.775 -11.8245 2.93227 6.38264e-07 219.85 -11.866 2.9523
219.613 -11.3751 2.95536 6.2202e-10 219.85 -11.866 2.9523
219.342 -11.5604 2.94034 4.56746e-07 219.85 -11.866 2.9523
219.525 -11.5858 2.96237 2.81626e-14 219.85 -11.866 2.9523
219.851 -12.084 2.93637 3.27404e-05 219.85 -11.866 2.9523
219.494 -12.3283 2.97129 4.72445e-28 219.85 -11.866 2.9523
219.347 -11.6233 2.94208 2.39831e-06 219.85 -11.866 2.9523
219.695 -11.9876 2.94376 0.0506217 219.85 -11.866 2.9523
219.591 -11.5844 2.94227 0.00044642 219.85 -11.866 2.9523
220.201 -12.4078 2.95106 3.80186e-07 219.85 -11.866 2.9523
219.231 -11.7384 2.94349 1.01272e-07 219.85 -11.866 2.9523
219.997 -12.3616 2.95838 1.20644e-07 219.85 -11.866 2.9523
220.034 -11.4905 2.94368 5.11521e-05 219.85 -11.866 2.9523
219.515 -11.2119 2.93187 2.88243e-14 219.85 -11.866 2.9523
219.945 -12.0834 2.94027 0.000980123 219.85 -11.866 2.9523
219.819 -11.6373 2.94191 0.00514856 219.85 -11.866 2.9523
220.089 -11.4319 2.94778 2.02178e-05 219.85 -11.866 2.9523
219.475 -11.4856 2.94929 2.35453e-07 219.85 -11.866 2.9523
219.589 -11.67 2.92714 3.18939e-11 219.85 -11.866 2.9523
219.595 -11.5313 2.95425 2.94811e-07 219.85 -11.866 2.9523
219.262 -11.8046 2.94024 1.17381e-06 219.85 -11.866 2.9523
219.722 -11.4881 2.96147 4.07968e-11 219.85 -11.866 2.9523
219.601 -12.119 2.93551 1.56703e-05 219.85 -11.866 2.9523
219.748 -11.3049 2.93149 7.69797e-13 219.85 -11.866 2.9523
219.519 -12.3735 2.95156 7.93501e-09 219.85 -11.866 2.9523
220.005 -12.3638 2.94591 1.46915e-05 219.85 -11.866 2.9523
219.455 -11.1347 2.94439 2.3592e-13 219.85 -11.866 2.9523
219.971 -11.8875 2.94755 0.221573 219.85 -11.866 2.9523
219.893 -11.8824 2.95705 0.00116968 219.85 -11.866 2.9523
219.451 -11.3217 2.96145 7.0268e-19 219.85 -11.866 2.9523
219.133 -11.3792 2.95773 9.83249e-23 219.85 -11.866 2.9523
219.61 -11.4737 2.94808 1.59713e-05 219.85 -11.866 2.9523
219.456 -12.0647 2.95366 1.64225e-07 219.85 -11.866 2.9523
220.008 -12.0062 2.95904 0.000186221 219.85 -11.866 2.9523
219.784 -11.7742 2.94394 0.0874917 219.85 -11.866 2.9523
219.666 -11.3736 2.95805 5.46032e-11 219.85 -11.866 2.9523
219.767 -11.8074 2.9537 0.00447139 219.85 -11.866 2.9523
219.483 -11.5007 2.96442 1.79695e-18 219.85 -11.866 2.9523
219.67 -11.6929 2.95535 2.31615e-05 219.85 -11.866 2.9523
219.953 -11.7977 2.96608 4.48314e-10 219.85 -11.866 2.9523
219.56 -11.9912 2.95914 3.60497e-09 219.85 -11.866 2.9523
219.709 -11.5499 2.96356 1.81876e-12 219.85 -11.866 2.9523
219.915 -11.6912 2.94794 0.0647058 219.85 -11.866 2.9523
219.865 -11.9739 2.94917 0.175614 219.85 -11.866 2.9523
219.221 -12.3785 2.93087 6.04741e-14 219.85 -11.866 2.9523
219.712 -11.9988 2.9411 0.0177265 219.85 -11.866 2.9523
219.584 -12.5699 2.94796 9.07145e-11 219.85 -11.866 2.9523
219.535 -11.534 2.94953 5.58299e-06 219.85 -11.866 2.9523
219.934 -11.9117 2.93659 5.74396e-05 219.85 -11.866 2.9523
219.977 -12.5017 2.93871 1.43297e-10 219.85 -11.866 2.9523
219.058 -11.4943 2.94689 4.11178e-15 219.85 -11.866 2.9523
219.52 -11.9527 2.9494 0.000422683 219.85 -11.866 2.9523
219.648 -11.565 2.95173 4.7406e-05 219.85 -11.866 2.9523
219.477 -11.4064 2.94087 1.71289e-07 219.85 -11.866 2.9523
219.493 -11.587 2.97142 1.1223e-26 219.85 -11.866 2.9523
219.752 -11.6985 2.9501 0.0150937 219.85 -11.866 2.9523
219.855 -11.6763 2.94329 0.0195779 219.85 -11.866 2.9523
