-3.9682 2.95314 0.337593 4.17622e-08
-3.52774 3.34933 0.332812 2.46313e-17
-3.5079 2.85898 0.349879 9.93131e-05
-3.86992 2.9084 0.353529 0.000235051
-3.52721 2.82397 0.344624 0.00263098
-3.62143 2.87958 0.36246 1.1058e-09
-3.83002 3.219 0.34416 5.89752e-11
-3.47607 2.95104 0.331017 1.58423e-08
-3.75099 3.16663 0.340889 1.14105e-09
-3.53286 3.13869 0.333177 3.79769e-11
-3.63654 3.61823 0.348315 1.07038e-26
-4.10629 3.23116 0.347487 1.12504e-13
-3.71782 2.78706 0.323234 2.32736e-13
-3.71384 2.83339 0.350321 0.00861257
-3.31005 2.48447 0.328388 1.82893e-08
-3.87387 3.18807 0.362604 5.30273e-15
-3.93841 2.51083 0.34455 0.100263
-4.31984 2.31162 0.328002 1.40178e-23
-4.20867 2.36602 0.34976 9.57738e-05
-4.09413 3.05824 0.351717 1.11561e-08
-3.22417 2.43083 0.348145 3.57804e-07
-3.39482 2.89585 0.352108 8.04765e-08
-4.05382 2.42482 0.334104 3.76045e-09
-3.71069 3.11526 0.338881 1.00115e-08
-3.49697 2.65067 0.31803 2.59094e-16
-3.87239 2.19656 0.352334 0.00701641
-3.42617 3.03866 0.352154 4.25921e-10
-3.92282 2.88694 0.343558 0.000230502
-3.49864 2.79083 0.329234 1.59407e-07
-3.48735 2.40141 0.353738 0.000685789
-3.33174 2.37071 0.335662 8.0051e-06
-3.83669 2.84249 0.343144 0.0033278
-3.44525 2.23077 0.338741 2.21613e-05
-3.59339 2.52195 0.343575 0.344071
-2.82768 2.69775 0.325624 1.24873e-18
-3.95652 2.94757 0.340297 1.11369e-06
-3.83986 2.87945 0.335825 2.54872e-06
-3.49227 2.87137 0.336069 2.51113e-05
-3.56944 3.23727 0.334893 4.68691e-13
-3.94554 2.6224 0.338081 0.000227313
-3.59824 2.91263 0.342723 0.000390273
-3.39725 2.64028 0.339216 0.0016557
-3.49898 2.77024 0.343927 0.00585893
-3.74186 2.88484 0.354579 0.000177702
-3.1298 1.9872 0.351616 6.81484e-17
-3.39047 2.78621 0.330848 4.70657e-07
-3.39834 3.14774 0.34261 8.20994e-11
-4.02271 2.72564 0.335073 8.13567e-08
-3.91091 3.02557 0.344061 1.23292e-06
-3.71298 2.7063 0.315456 9.75732e-22
-3.91949 2.2784 0.346291 0.0132644
-3.23926 2.46483 0.347782 1.3274e-06
-4.11442 3.13329 0.341581 1.48506e-12
-4.16431 2.70642 0.322467 1.97508e-23
-3.20711 2.5161 0.347934 2.54696e-07
-3.11699 3.16647 0.330076 4.22262e-17
-3.59846 2.30144 0.344599 0.0255703
-3.98855 2.91639 0.324448 4.06389e-18
-4.07691 2.99035 0.351049 5.84059e-07
-3.34786 3.01655 0.349354 6.17979e-10
-4.26794 3.44572 0.334171 3.74127e-30
-3.5442 2.36619 0.320163 7.9432e-16
-3.48391 2.77073 0.345852 0.00327226
-3.3898 2.57926 0.347249 0.00164922
-3.19565 2.93471 0.332357 1.79393e-10
-3.32127 2.20613 0.351809 4.60792e-08
-3.43956 2.78255 0.34577 0.000725643
-3.59165 2.77104 0.351218 0.00509198
-3.41013 2.7368 0.337633 0.000350887
-3.5876 2.859 0.328623 1.16749e-08
-3.66567 2.57634 0.340818 0.180662
-3.89877 2.45097 0.328531 8.35644e-11
-4.25311 2.50792 0.349108 3.19812e-05
-3.82467 2.34698 0.326579 2.10495e-12
-3.455 2.88247 0.343388 8.94637e-05
-4.07557 2.26446 0.340451 6.05014e-07
-3.84914 2.76722 0.353539 0.0257787
-3.81916 2.82213 0.331195 3.28792e-08
-3.10683 2.95293 0.3205 6.45769e-18
-3.69091 3.07457 0.349169 3.19261e-07
-3.87733 3.49114 0.347855 8.29453e-21
-3.42037 2.37618 0.330516 3.01307e-07
-3.89315 2.91775 0.338724 4.36158e-06
-4.01104 2.41872 0.3682 7.49711e-07
-3.59639 2.67612 0.339061 0.0254938
-4.50649 3.09932 0.317399 3.28021e-49
-4.07533 2.30219 0.339629 5.97486e-07
-3.55725 2.96284 0.346292 2.67641e-05
-3.59747 2.38872 0.334231 0.000110521
-4.18183 2.46209 0.346344 0.000101843
-3.4624 2.84739 0.348185 9.38441e-05
-3.59607 2.63849 0.342 0.153329
-3.60458 3.0157 0.362828 5.02401e-13
-3.81528 2.96446 0.34843 0.000123349
-3.43396 2.19351 0.349705 1.34753e-05
-3.56448 2.68505 0.341919 0.0627867
-3.92312 2.89814 0.345922 0.000415224
-3.7931 2.80505 0.34458 0.0253702
-3.85507 2.68236 0.329145 2.85138e-09
-3.26018 2.83375 0.330289 5.50725e-09
