105.992 -24.5377 3.41655 0.164155
105.832 -24.962 3.39485 0.000466999
106.121 -25.1759 3.39314 4.62223e-07
106.019 -24.868 3.41027 0.0425189
106.429 -25.0238 3.39042 1.15381e-08
105.941 -24.7866 3.40143 0.0313423
106.544 -25.1228 3.40666 8.81415e-07
106.412 -24.5519 3.39176 8.03475e-06
106.547 -25.1562 3.40897 9.0541e-07
106.105 -24.592 3.40119 0.0424529
106.014 -25.0063 3.40602 0.00393907
106.595 -25.2179 3.38579 4.16424e-14
106.702 -25.1366 3.40881 3.74671e-08
106.29 -25.2742 3.41939 1.14195e-05
106.804 -25.0787 3.40169 2.43046e-10
106.563 -25.2444 3.41088 1.66096e-07
107.146 -24.6583 3.41222 2.27312e-11
106.151 -25.0467 3.3926 3.88753e-06
106.554 -24.9364 3.40747 2.20801e-05
106.681 -24.7545 3.41769 6.28122e-05
105.933 -24.6076 3.39558 0.0192352
106.165 -24.7885 3.39897 0.00319747
106.582 -25.2057 3.42786 7.59375e-07
106.363 -25.1972 3.4096 1.05232e-05
106.148 -24.0837 3.40796 0.00457862
106.109 -24.8301 3.39791 0.00236958
106.417 -24.6753 3.39666 6.01626e-05
106.702 -24.4412 3.38555 3.95111e-11
105.944 -24.7212 3.39204 0.00194696
106.698 -24.4844 3.41237 3.79962e-05
106.004 -24.9257 3.3752 4.10389e-10
106.4 -24.7081 3.40441 0.00156238
106.544 -24.3765 3.40902 0.00042616
106.442 -24.8112 3.3948 3.8851e-06
106.029 -24.5914 3.40818 0.220089
105.436 -25.2441 3.40276 7.31665e-07
106.779 -24.4293 3.39878 2.97204e-08
106.165 -24.6059 3.39596 0.00350928
105.899 -24.3414 3.40061 0.0769148
106.164 -25.1381 3.4001 2.03919e-05
106.084 -25.0804 3.41394 0.00197013
105.829 -24.9983 3.41718 0.00378049
106.88 -24.8943 3.40373 1.19531e-09
106.26 -23.9144 3.38398 1.63378e-08
106.548 -25.1797 3.39066 2.51571e-11
106.151 -24.9398 3.41005 0.00967194
106.319 -24.8892 3.39229 3.58505e-06
106.497 -25.1376 3.41284 8.82311e-06
105.641 -24.8161 3.42183 0.00115053
106.324 -24.6992 3.39768 0.000454099
106.691 -25.3431 3.41435 2.19597e-09
106.884 -25.3098 3.41463 3.36115e-11
105.886 -24.551 3.42917 0.00145399
106.116 -24.1566 3.41353 0.0130644
106.187 -24.5226 3.41179 0.118516
105.952 -24.9168 3.40401 0.012035
106.513 -24.9547 3.40294 7.60064e-06
105.921 -24.9304 3.38643 6.8055e-06
105.498 -25.1732 3.41419 6.75471e-06
106.616 -24.6424 3.41231 0.000226601
106.029 -25.3173 3.38776 9.17486e-10
107.28 -25.5498 3.40077 2.5348e-24
106.18 -24.8524 3.39164 3.70437e-05
107.295 -24.9162 3.41538 2.04406e-14
106.443 -24.7759 3.43759 2.28429e-05
106.27 -25.0041 3.3935 2.65332e-06
106.893 -24.6192 3.39663 1.39272e-10
105.866 -25.506 3.42786 4.4037e-09
106.26 -24.8437 3.39627 0.000156892
106.501 -25.1475 3.40484 6.49423e-07
105.522 -24.3865 3.41178 0.0064231
106.321 -24.8483 3.38726 2.00944e-07
106.323 -24.9499 3.39735 2.26193e-05
106.227 -24.53 3.40503 0.0377486
106.343 -25.4173 3.40907 4.12779e-08
106.153 -24.2866 3.39478 0.00187428
106.165 -24.838 3.39754 0.00104504
106.648 -25.3195 3.40489 3.94156e-10
106.134 -24.5197 3.40093 0.0351796
106.121 -25.2317 3.39164 4.67719e-08
106.781 -24.4244 3.38569 2.96025e-12
106.331 -25.0216 3.40706 0.000254204
106.216 -24.5914 3.39753 0.00377467
106.574 -25.5177 3.40589 9.22829e-12
106.199 -24.664 3.40782 0.0583444
107.039 -25.0787 3.38922 2.88305e-18
106.076 -24.7948 3.40903 0.0657237
106.312 -24.5724 3.3889 9.2096e-06
106.991 -25.3874 3.39 1.38064e-20
106.321 -23.8728 3.41213 1.75904e-05
106.11 -24.8522 3.3968 0.00114258
106.671 -24.8806 3.38865 5.096e-11
106.004 -25.1584 3.39761 1.72419e-05
106.476 -24.995 3.40616 2.86952e-05
106.119 -24.6606 3.39144 0.000497141
106.421 -24.8325 3.40706 0.000820633
106.093 -25.0315 3.41591 0.00422019
105.591 -24.7754 3.42026 0.00130064
105.92 -24.7088 3.38417 2.90674e-05
106.651 -25.017 3.3863 1.19815e-12
