236.475 -15.1388 2.91081 4.58099e-16 236.66 -15.654 2.901
237.239 -15.5682 2.93703 4.01051e-33 236.66 -15.654 2.901
236.885 -15.5733 2.90061 0.0084267 236.66 -15.654 2.901
236.105 -15.582 2.90163 1.22774e-09 236.66 -15.654 2.901
236.791 -15.7573 2.90636 0.000314675 236.66 -15.654 2.901
235.97 -15.504 2.91608 2.06917e-30 236.66 -15.654 2.901
236.39 -15.8394 2.89257 0.113951 236.66 -15.654 2.901
236.804 -15.5783 2.9125 1.591e-08 236.66 -15.654 2.901
236.666 -15.7393 2.89543 0.302575 236.66 -15.654 2.901
236.751 -15.5515 2.9081 5.27041e-06 236.66 -15.654 2.901
236.604 -15.6015 2.9154 2.72309e-13 236.66 -15.654 2.901
236.57 -15.8775 2.89476 0.176042 236.66 -15.654 2.901
237.436 -15.8496 2.89779 1.27408e-09 236.66 -15.654 2.901
236.238 -15.266 2.89989 4.02752e-09 236.66 -15.654 2.901
236.865 -15.6056 2.90121 0.0104062 236.66 -15.654 2.901
236.262 -14.8886 2.8804 9.66394e-13 236.66 -15.654 2.901
236.606 -16.033 2.89348 0.0241267 236.66 -15.654 2.901
237.246 -15.445 2.9118 8.77171e-09 236.66 -15.654 2.901
236.536 -15.4026 2.90074 0.000102253 236.66 -15.654 2.901
236.692 -15.6741 2.90602 0.000128315 236.66 -15.654 2.901
237.097 -15.84 2.88791 2.00994e-07 236.66 -15.654 2.901
236.212 -15.9085 2.90931 3.37374e-14 236.66 -15.654 2.901
236.674 -15.8297 2.9164 6.13579e-13 236.66 -15.654 2.901
236.751 -15.8179 2.90378 0.00301899 236.66 -15.654 2.901
236.333 -16.2971 2.90488 7.27863e-12 236.66 -15.654 2.901
236.031 -15.2237 2.91757 5.62956e-34 236.66 -15.654 2.901
236.995 -15.6961 2.89534 0.00411716 236.66 -15.654 2.901
236.712 -15.3791 2.90728 3.24458e-07 236.66 -15.654 2.901
236.866 -15.6864 2.905 0.00142078 236.66 -15.654 2.901
236.889 -16.4861 2.9152 5.85537e-17 236.66 -15.654 2.901
237.163 -16.1027 2.89562 4.80165e-07 236.66 -15.654 2.901
236.467 -15.5124 2.89126 0.0769677 236.66 -15.654 2.901
236.377 -15.5874 2.91949 7.00573e-23 236.66 -15.654 2.901
236.36 -15.5829 2.90106 3.46578e-05 236.66 -15.654 2.901
236.821 -15.7606 2.92269 6.32516e-18 236.66 -15.654 2.901
236.964 -15.7165 2.90311 0.00383437 236.66 -15.654 2.901
236.106 -15.4979 2.91507 1.14262e-24 236.66 -15.654 2.901
236.863 -15.0692 2.88768 4.61756e-10 236.66 -15.654 2.901
236.612 -15.155 2.90959 6.6399e-13 236.66 -15.654 2.901
237.069 -15.5585 2.89569 0.0002377 236.66 -15.654 2.901
236.878 -16.1 2.89131 0.000117234 236.66 -15.654 2.901
237.431 -15.4323 2.90491 1.55106e-09 236.66 -15.654 2.901
236.612 -16.0511 2.89979 0.00158943 236.66 -15.654 2.901
237.224 -15.8383 2.91286 1.02783e-07 236.66 -15.654 2.901
236.959 -15.3678 2.90565 5.01579e-06 236.66 -15.654 2.901
236.08 -15.4566 2.89167 2.52832e-05 236.66 -15.654 2.901
236.308 -15.7809 2.89499 0.0106166 236.66 -15.654 2.901
236.768 -15.6864 2.90282 0.00725864 236.66 -15.654 2.901
237.404 -16.1289 2.90091 4.9059e-10 236.66 -15.654 2.901
236.041 -15.753 2.89876 2.0042e-08 236.66 -15.654 2.901
237.234 -16.0241 2.92674 1.68019e-19 236.66 -15.654 2.901
236.67 -15.8476 2.89886 0.0618074 236.66 -15.654 2.901
236.917 -15.5668 2.90299 0.00190061 236.66 -15.654 2.901
236.808 -15.7326 2.90317 0.0069797 236.66 -15.654 2.901
236.602 -15.4366 2.89646 0.00888183 236.66 -15.654 2.901
236.582 -15.3886 2.90162 5.95757e-05 236.66 -15.654 2.901
236.813 -16.0451 2.91619 3.98493e-12 236.66 -15.654 2.901
237.286 -15.8542 2.8949 1.12404e-07 236.66 -15.654 2.901
236.303 -15.598 2.89744 0.00058566 236.66 -15.654 2.901
236.897 -15.8553 2.9139 1.40334e-08 236.66 -15.654 2.901
236.786 -15.3761 2.91581 3.12855e-13 236.66 -15.654 2.901
236.619 -16.1871 2.91965 6.97044e-20 236.66 -15.654 2.901
237.478 -15.3923 2.91137 2.28259e-11 236.66 -15.654 2.901
236.885 -15.5046 2.9204 1.38822e-15 236.66 -15.654 2.901
236.687 -15.8698 2.89095 0.109495 236.66 -15.654 2.901
236.897 -15.5056 2.90302 0.000859776 236.66 -15.654 2.901
236.561 -15.7308 2.90994 1.98181e-08 236.66 -15.654 2.901
236.24 -15.1915 2.89645 2.23695e-08 236.66 -15.654 2.901
236.596 -15.4026 2.88583 0.00136783 236.66 -15.654 2.901
236.393 -14.9242 2.92913 4.33194e-48 236.66 -15.654 2.901
236.67 -15.5143 2.898 0.0218435 236.66 -15.654 2.901
236.752 -15.456 2.91109 9.68843e-09 236.66 -15.654 2.901
236.367 -15.6791 2.90224 1.86685e-05 236.66 -15.654 2.901
236.905 -15.8518 2.9096 1.02309e-05 236.66 -15.654 2.901
236.896 -16.2288 2.89421 8.85816e-06 236.66 -15.654 2.901
236.715 -15.3051 2.90682 8.04105e-08 236.66 -15.654 2.901
237.042 -15.7762 2.9028 0.0017832 236.66 -15.654 2.901
236.521 -16.4209 2.91976 1.84359e-25 236.66 -15.654 2.901
236.906 -15.9608 2.89845 0.00720122 236.66 -15.654 2.901
237.265 -15.07 2.91434 1.13235e-15 236.66 -15.654 2.901
236.844 -15.7025 2.88469 6.03022e-05 236.66 -15.654 2.901
236.843 -15.3305 2.91167 6.60055e-10 236.66 -15.654 2.901
236.893 -15.7515 2.92768 2.32282e-23 236.66 -15.654 2.901
236.13 -16.0267 2.90458 3.45987e-12 236.66 -15.654 2.901
236.685 -15.8648 2.91794 1.69717e-14 236.66 -15.654 2.901
237.227 -15.689 2.89747 9.51575e-06 236.66 -15.654 2.901
236.097 -15.5534 2.90902 5.95875e-17 236.66 -15.654 2.901
236.488 -15.8663 2.90998 1.37558e-09 236.66 -15.654 2.901
236.966 -14.7781 2.91578 7.26494e-24 236.66 -15.654 2.901
236.978 -15.3068 2.91476 7.6565e-12 236.66 -15.654 2.901
236.731 -15.2481 2.90155 4.07311e-06 236.66 -15.654 2.901
237.099 -16.1685 2.92557 2.17612e-20 236.66 -15.654 2.901
236.861 -15.4009 2.90674 4.23423e-06 236.66 -15.654 2.901
236.664 -15.6822 2.92299 4.97346e-21 236.66 -15.654 2.901
236.804 -15.891 2.89228 0.0301858 236.66 -15.654 2.901
236.699 -15.952 2.90278 0.00160969 236.66 -15.654 2.901
236.948 -14.814 2.91195 4.77721e-20 236.66 -15.654 2.901
236.595 -16.1065 2.91905 1.02495e-18 236.66 -15.654 2.901
237.015 -15.4331 2.90986 3.11172e-07 236.66 -15.654 2.901
236.59 -15.7396 2.92318 1.21112e-22 236.66 -15.654 2.901
