124.203 19.6001 0.0690294 0.00107007
124.734 19.177 0.0699116 0.00603774
124.421 19.4448 0.0716881 0.14159
125.127 19.9304 0.0846594 7.58815e-18
124.267 19.6678 0.0760555 0.00153656
124.242 19.6891 0.0886848 2.56972e-07
124.045 19.1106 0.0592468 4.85037e-09
124.321 19.4391 0.0996746 4.27233e-12
124.658 19.574 0.0651885 0.00118041
124.405 19.3565 0.06471 0.00982829
124.855 20.01 0.0634279 4.11075e-11
124.521 19.6874 0.0607001 1.37936e-05
124.067 19.5295 0.0676426 7.46466e-05
124.568 19.8598 0.0802619 4.9582e-07
124.464 19.8528 0.0740115 1.65178e-05
124.839 20.2936 0.0545971 2.82964e-20
124.251 19.3873 0.0811259 0.0214871
123.845 19.1002 0.0486749 5.94638e-21
124.609 19.2149 0.0651721 0.00641311
124.43 19.7167 0.0763318 0.000834759
124.696 19.0161 0.0640341 5.7994e-05
124.727 19.4879 0.0813456 0.000210626
124.951 19.63 0.0849985 4.23545e-10
124.399 19.8983 0.0614114 3.41009e-08
125.041 19.2933 0.0686649 1.71315e-06
124.471 19.6271 0.0838332 0.000115757
124.299 20.4705 0.0549017 3.4034e-25
124.362 19.5167 0.0762125 0.0516672
125.101 19.8854 0.0671792 5.49855e-12
124.256 19.8133 0.079996 5.31486e-06
124.51 19.7096 0.0757194 0.000886316
124.923 19.8959 0.0888061 1.28081e-15
124.634 19.6157 0.0857074 3.05537e-06
124.216 19.4375 0.065257 0.00109599
124.76 19.4374 0.062362 0.0002241
124.813 19.2964 0.0617838 6.25708e-05
124.792 19.4252 0.0867943 4.82857e-07
124.517 19.5873 0.0569082 1.68297e-06
124.421 19.9512 0.084593 1.16587e-09
124.557 19.5697 0.0588424 1.85944e-05
124.453 19.9995 0.0619857 1.3472e-09
124.665 19.0391 0.0529988 5.63205e-10
124.632 19.2177 0.0722006 0.0570775
124.249 19.0604 0.0651342 0.00016542
123.92 19.6309 0.04109 1.23839e-26
124.501 19.5626 0.0928262 1.02461e-08
125.147 19.4131 0.0689085 1.68587e-08
124.213 19.6101 0.0621543 1.03434e-05
124.699 18.7773 0.05811 1.2969e-10
124.691 19.8269 0.06594 2.58821e-06
124.825 20.0821 0.0794618 1.88914e-13
124.096 19.5197 0.0646246 2.17839e-05
124.798 19.8854 0.0764344 2.17663e-08
124.634 19.7451 0.093122 3.91568e-12
124.926 19.2414 0.0600196 8.18982e-07
124.223 19.2441 0.0675182 0.00581285
124.206 19.7628 0.0663367 6.77593e-06
124.607 19.7531 0.0517043 6.64623e-11
124.842 19.6311 0.0921552 1.3076e-12
125.158 19.32 0.064598 5.1375e-09
124.124 19.4166 0.0886546 1.80029e-05
124.509 19.1206 0.0613183 0.000138757
124.467 19.2868 0.0588577 5.35451e-05
124.548 18.9349 0.067434 0.00024792
124.197 19.3214 0.0826586 0.00793426
124.694 19.4796 0.059302 3.33252e-05
124.928 19.5158 0.0647369 9.50914e-06
124.659 19.5351 0.0718908 0.0114383
124.286 19.2645 0.0803669 0.0531329
124.284 19.0756 0.0714462 0.0129236
124.338 19.5436 0.0657501 0.00301541
125.011 19.2818 0.0812157 8.57258e-08
124.948 19.2415 0.0823562 4.04065e-07
124.33 19.2343 0.0738817 0.175271
124.469 19.0473 0.076518 0.0251241
124.858 19.1394 0.0817254 8.41694e-06
124.262 19.3553 0.079847 0.0474579
124.601 19.1838 0.0444015 1.17809e-15
124.429 19.3516 0.0731966 0.277688
124.691 18.9936 0.0821708 6.4501e-05
124.535 19.7027 0.0687123 0.000901125
124.167 19.2776 0.0623899 3.6053e-05
123.833 19.3948 0.0794441 2.29972e-06
124.286 19.5374 0.0728153 0.0252986
124.779 18.8004 0.0737198 8.51882e-07
124.578 19.6882 0.0624295 4.76419e-05
124.297 18.8232 0.050922 1.67777e-15
124.859 19.9704 0.0679625 6.99083e-10
124.199 19.3886 0.0829797 0.00484911
124.716 19.3531 0.0836933 0.000148056
124.434 19.5245 0.0772756 0.0381859
124.176 18.9012 0.0586376 5.71621e-10
125.251 19.5389 0.0762086 2.96452e-12
123.835 19.3458 0.0653734 1.2041e-08
124.655 19.546 0.0743964 0.00824088
124.417 19.8683 0.0579225 3.90702e-09
124.624 19.3148 0.0869101 5.70827e-05
124.713 18.9546 0.0679082 9.28305e-05
124.51 18.8732 0.0917735 1.16194e-08
124.634 19.6327 0.061328 4.58193e-05
