91.9527 18.2934 0.082365 0.0739859
91.7226 18.36 0.0903491 0.00950401
91.7372 18.3918 0.0777569 0.0461056
92.0088 18.3935 0.0701581 0.0301223
92.2279 17.7398 0.0691342 5.83276e-06
92.4045 18.4151 0.0907197 5.34743e-06
91.8093 18.2209 0.062138 0.00131798
91.5758 18.7525 0.0796656 8.67147e-05
92.1114 17.8784 0.0733357 0.000784511
91.9097 18.1986 0.0800335 0.0868264
91.8282 18.2383 0.0746974 0.0712022
91.8848 18.2501 0.082245 0.0848402
91.6353 18.254 0.0681811 0.00283837
91.5287 18.675 0.073074 8.58926e-05
91.7493 17.6213 0.0939358 3.71574e-07
91.5783 18.2428 0.100664 4.88122e-05
92.0517 18.7736 0.0577606 2.41282e-06
92.1432 17.3377 0.0829836 4.55107e-11
91.8234 18.5342 0.096144 0.000265835
92.2092 18.2997 0.0745597 0.0125392
91.884 18.4719 0.0876959 0.0128415
91.6569 17.7916 0.0729538 5.97609e-05
91.5781 18.637 0.0946662 3.79469e-05
91.6984 17.743 0.0784541 6.96578e-05
92.0191 17.7444 0.0748058 9.88214e-05
91.6683 18.5145 0.0715852 0.00410283
91.7185 18.4147 0.0556789 1.0652e-05
91.9966 18.2411 0.092554 0.00337692
91.9115 18.1727 0.0898745 0.0124506
91.8692 18.4145 0.0718683 0.0393103
91.7961 17.9775 0.0951548 0.000374614
91.6148 17.4562 0.0883396 3.42519e-09
92.1018 17.5107 0.0781267 7.11644e-08
91.6737 17.8368 0.0866255 0.000303815
91.6105 17.945 0.0584457 9.03396e-07
92.0219 17.6398 0.074729 6.06984e-06
91.7554 18.3218 0.0728378 0.036582
91.7356 18.0002 0.0912234 0.00189775
91.7999 17.8675 0.0703626 0.000525759
91.7291 17.681 0.0728689 8.05826e-06
91.7262 18.1995 0.0732812 0.0268618
91.1934 18.4176 0.0776186 1.14062e-06
92.4771 18.359 0.0874806 4.24722e-06
91.676 17.9543 0.0733895 0.00166073
91.6282 18.2503 0.0767288 0.0186504
91.9883 18.1565 0.0705653 0.0287187
92.0322 18.253 0.0906709 0.00541382
92.1009 17.93 0.0631233 0.000144346
92.3733 18.3214 0.0928267 6.20717e-06
91.986 17.9729 0.0604524 0.000114727
92.0927 18.1332 0.0802172 0.023888
92.1353 18.1268 0.0705352 0.0102154
91.4953 18.2488 0.0891288 0.00158239
91.5515 18.0213 0.0769471 0.00144548
91.6532 17.823 0.0557972 2.9728e-08
91.6226 18.2501 0.0682069 0.00237467
92.0424 18.1385 0.08915 0.00587865
91.8969 18.2669 0.0792488 0.104502
91.3844 17.7953 0.0832619 2.38995e-06
92.0871 18.0567 0.0834344 0.00877144
91.5114 17.9482 0.0727862 0.000119093
92.1349 17.1748 0.0668824 5.9668e-15
91.5651 18.0691 0.079648 0.00377539
92.0499 18.4467 0.0788648 0.0333822
91.8725 18.0357 0.0856891 0.0143815
92.2665 18.1192 0.0697072 0.00179616
91.8836 17.7783 0.0834366 0.000297196
91.4769 18.4927 0.0646653 1.75721e-05
91.831 18.7783 0.0678808 9.79385e-05
91.4491 18.1602 0.0566614 1.01403e-07
91.9209 17.5679 0.0668457 1.24998e-07
92.1049 17.8329 0.0857737 0.000168084
92.171 18.773 0.0947573 4.49717e-07
91.7941 18.6088 0.0629236 0.000241496
91.7886 17.996 0.0644891 0.000485054
91.9029 18.4418 0.077821 0.060721
91.3785 17.8117 0.0856427 2.77877e-06
91.927 17.3935 0.0749438 1.75291e-09
91.7147 18.3362 0.0895893 0.01242
91.5785 18.3418 0.0889735 0.00450098
91.9176 18.0903 0.0651932 0.00359322
92.0322 18.3838 0.0623665 0.00258553
91.6005 17.7933 0.0945877 8.24866e-06
91.891 18.1834 0.0523987 4.70703e-06
91.7041 18.3531 0.0514332 4.44531e-07
92.0731 18.1368 0.0655729 0.0047899
92.1918 18.87 0.0705723 6.4658e-06
91.7925 18.7362 0.104557 4.54502e-08
91.7915 18.103 0.0846584 0.028695
91.6903 18.2385 0.0755488 0.0312582
92.2203 18.4232 0.0946535 3.77447e-05
91.5948 18.0889 0.0816205 0.0069806
91.4419 18.2635 0.0696851 0.000151227
92.2906 18.652 0.0649099 5.28853e-05
91.207 18.0307 0.0679296 2.46223e-08
91.5271 18.1154 0.066905 0.000147376
92.1667 17.9307 0.0726341 0.00103866
91.8125 17.6521 0.0669566 1.1174e-06
91.6281 18.0818 0.0519208 5.97306e-08
91.737 18.369 0.0701863 0.0153786
