1.68375 -96.228 3.21881 0.00609374
1.75121 -96.4893 3.23399 1.65156e-08
2.11613 -95.4073 3.23948 0.000161197
1.44373 -96.0783 3.23472 1.07767e-06
1.84104 -96.0122 3.23548 0.000764299
1.85246 -96.0975 3.21364 0.0174164
1.94302 -95.9122 3.24346 1.10096e-05
1.51127 -95.8669 3.23638 1.34312e-05
1.71407 -96.5157 3.22326 2.81452e-06
1.39951 -96.128 3.23655 2.75856e-08
1.73604 -95.6763 3.20766 0.00119188
1.49719 -96.4751 3.22217 1.60125e-06
1.51879 -96.0513 3.22599 0.00200344
1.9136 -95.771 3.2262 0.13117
1.94247 -96.3883 3.22488 7.91317e-05
2.14482 -96.1371 3.2043 8.19591e-07
2.1065 -95.8747 3.23135 0.0170757
2.44777 -95.3153 3.22709 7.89602e-07
1.88662 -96.5157 3.21942 7.84145e-06
1.06328 -96.3369 3.23997 2.08786e-17
1.94528 -96.389 3.23618 2.49705e-07
1.45445 -95.3111 3.24396 3.21128e-10
1.37782 -95.7096 3.21837 0.0026907
1.67143 -95.9541 3.24282 3.77626e-07
1.85062 -95.7127 3.234 0.0109259
1.70854 -95.683 3.21478 0.0330345
1.87565 -96.2004 3.22566 0.00433992
1.63776 -95.1367 3.24501 4.61073e-10
1.844 -95.8844 3.23515 0.00339692
1.50739 -95.3466 3.2088 3.40607e-06
0.892096 -96.158 3.24448 5.01001e-22
1.46751 -96.6254 3.21517 9.40545e-08
1.58876 -96.1039 3.21309 0.0158793
1.75214 -95.7597 3.23164 0.0159651
1.86022 -96.2913 3.21222 0.00090499
2.15986 -95.5377 3.23246 0.00440661
2.01997 -95.9828 3.20763 0.000271895
1.24441 -96.3531 3.22912 1.96378e-09
2.09895 -95.8496 3.22468 0.0445283
1.81736 -95.9712 3.23883 9.42768e-05
1.74936 -96.1278 3.23783 8.75705e-06
1.37477 -95.7328 3.24917 4.0574e-13
1.54685 -96.3126 3.22088 0.000278368
1.76432 -96.8433 3.2164 1.06132e-10
1.75745 -96.1594 3.21689 0.0203012
1.2022 -95.9074 3.20338 2.55627e-05
2.41044 -95.8455 3.22196 9.20872e-05
1.7658 -95.1069 3.23371 9.7736e-07
2.07697 -95.5665 3.22848 0.0174524
1.36338 -96.2722 3.22158 2.61478e-05
2.4695 -95.9691 3.2468 4.42235e-08
2.35147 -95.5804 3.22813 0.000457937
1.7106 -96.345 3.22472 0.000170149
1.76337 -96.2312 3.23547 8.13182e-06
1.20435 -96.288 3.22714 1.33524e-08
1.84232 -95.6442 3.22766 0.0636443
2.01091 -95.3792 3.23685 0.000375945
2.44677 -95.8553 3.23422 8.6459e-05
1.48558 -95.347 3.22693 4.04579e-05
1.87964 -95.9571 3.21542 0.0560811
1.29004 -96.3673 3.2268 2.97535e-08
1.76742 -95.8676 3.22543 0.109908
1.78784 -95.9732 3.21583 0.0840232
1.75646 -95.5284 3.2241 0.0228974
1.68121 -95.3296 3.22023 0.000359444
1.78819 -95.6028 3.22285 0.0593139
2.07425 -96.4217 3.22253 1.96062e-05
1.55529 -96.1514 3.22213 0.00370131
1.36083 -95.9537 3.22884 4.70242e-05
1.82409 -95.8046 3.23512 0.00458591
1.63709 -95.7866 3.20225 0.000134626
1.8994 -95.9279 3.22997 0.0345361
2.04647 -95.878 3.23271 0.0151591
1.28107 -95.5841 3.2223 6.31562e-05
1.74764 -95.9773 3.23251 0.00317242
1.72317 -95.8735 3.23166 0.00875336
1.65316 -96.0959 3.23017 0.000955491
1.5339 -96.1432 3.22112 0.00416251
1.90907 -95.9724 3.22673 0.0610729
2.22423 -95.7009 3.23135 0.00688227
1.23719 -95.8638 3.21221 0.000356083
1.99008 -95.5073 3.21551 0.00110717
1.67535 -96.0514 3.23693 2.43055e-05
1.49157 -96.0052 3.20812 0.00473613
1.62916 -95.4257 3.24163 8.34527e-07
2.22566 -95.8403 3.23409 0.00315061
2.07596 -95.828 3.22799 0.0488446
1.79122 -96.5876 3.2182 1.23196e-06
2.09366 -95.9555 3.21657 0.00822508
2.18198 -95.745 3.22677 0.0170937
1.87986 -96.4777 3.21017 8.69315e-06
2.28363 -96.1354 3.23022 0.000174983
1.84763 -95.7987 3.23251 0.0199785
1.41706 -96.0669 3.22292 0.000988721
2.05662 -95.8701 3.23891 0.000744929
1.5144 -95.5492 3.23085 0.000327322
2.27537 -95.8992 3.23038 0.00273674
2.01465 -95.9733 3.20485 3.9265e-05
2.44507 -96.3346 3.23087 1.07309e-07
1.78133 -96.3645 3.22345 0.000226183
