133.861 20.4885 0.072417 0.000317491
133.469 20.5589 0.0651898 0.00155136
133.501 20.6412 0.0646274 0.000222996
133.546 20.5435 0.0639002 0.0010022
133.172 20.2448 0.0690851 0.00730262
133.916 20.057 0.058299 2.36239e-08
134.089 20.1035 0.0818602 1.06835e-07
133.552 21.1212 0.0566437 3.73491e-14
133.866 20.5046 0.0549708 2.37583e-08
133.054 20.4586 0.074954 0.000573708
133.98 20.3212 0.0646692 1.0579e-05
133.416 20.3765 0.0678483 0.0547028
133.733 20.3419 0.0648689 0.00297237
133.412 20.4295 0.040018 5.45617e-20
134.339 20.198 0.0591162 4.99097e-14
133.674 20.3714 0.0650867 0.00616137
133.729 20.1609 0.0703019 0.0368097
133.495 20.3952 0.0587322 4.28756e-05
133.064 20.0126 0.072674 0.00102609
134.188 20.4587 0.0696338 3.75973e-09
133.476 20.1184 0.0663711 0.0187618
133.379 20.7032 0.0889602 8.22938e-09
133.936 20.5779 0.0484768 6.13805e-13
133.909 20.7327 0.0727527 1.14619e-07
133.566 20.3567 0.0783234 0.170718
134.089 20.4627 0.0794061 1.187e-08
134.097 20.2477 0.0705551 1.09428e-06
133.339 20.5698 0.061757 3.97874e-05
133.788 21.0109 0.0524928 3.69733e-14
133.993 20.1161 0.0851362 6.91796e-07
133.793 20.4845 0.086981 4.44121e-07
133.186 20.5772 0.0807216 0.000201101
133.279 20.4107 0.0613719 6.4263e-05
133.687 20.4589 0.0561985 1.36474e-06
133.273 20.3079 0.0643442 0.00134928
133.594 20.8667 0.0822466 9.46076e-10
133.151 20.7754 0.0567893 6.57285e-11
133.487 19.8074 0.0719678 0.00233112
133.568 20.4941 0.0749058 0.032862
133.867 20.6743 0.042983 7.3354e-17
133.991 21.1961 0.0668258 8.25916e-18
133.198 20.1471 0.0640024 0.000109619
133.573 20.9837 0.0720147 1.38482e-09
134.052 20.4938 0.0611824 4.45457e-08
133.537 20.3423 0.0622625 0.0017808
133.297 20.2183 0.0661507 0.00769149
133.652 20.2608 0.068115 0.0544305
132.98 20.9682 0.0647442 2.18345e-13
133.088 20.8483 0.0829721 1.91771e-10
133.492 20.9365 0.0681719 2.58116e-08
133.049 19.8186 0.0664683 4.46067e-08
134.088 20.6881 0.0645052 1.3844e-09
132.575 20.128 0.060334 1.39435e-18
133.824 20.1719 0.0843517 0.000367865
133.528 20.7047 0.0524681 7.80993e-10
133.9 20.6111 0.066579 6.01093e-06
133.05 20.4088 0.0734176 0.000858835
132.505 20.4894 0.0662219 2.5401e-17
133.374 20.1638 0.0647663 0.00420269
133.043 19.9814 0.0533209 4.50649e-15
133.298 20.3873 0.0607721 5.30262e-05
133.339 20.5993 0.0610439 1.28917e-05
133.542 20.2109 0.0853439 0.0400474
133.113 20.2076 0.0539652 1.80072e-11
133.475 20.2271 0.058601 2.05712e-05
133.92 20.4049 0.0852459 3.27101e-07
133.481 19.7512 0.075522 0.00266888
133.974 20.3457 0.0859425 7.02848e-08
133.232 20.2231 0.086945 0.0158514
133.567 20.4436 0.0572447 7.68188e-06
133.251 20.2061 0.0646606 0.000961359
133.679 20.1468 0.0717528 0.116513
133.346 20.4429 0.0568148 8.52367e-07
133.471 20.1899 0.0518374 4.98729e-10
132.925 20.9778 0.0705521 1.29374e-13
133.531 20.3203 0.0830222 0.0524252
133.497 20.3616 0.0706967 0.228808
133.172 19.9119 0.0669206 2.2772e-05
133.918 20.2341 0.0626191 1.39581e-05
133.298 20.6993 0.0658916 2.03422e-05
133.28 20.9579 0.0585093 1.65257e-11
133.856 20.3598 0.0581631 1.5376e-06
133.781 20.3122 0.0588127 1.0229e-05
133.037 20.6241 0.074826 7.27197e-06
133.527 20.4815 0.0835179 0.00157251
133.465 20.6367 0.0691083 0.00127755
133.381 20.3826 0.0575045 3.94758e-06
133.451 20.3251 0.0679114 0.0895743
133.135 20.7932 0.063404 1.06092e-08
133.737 20.7408 0.0480902 6.03406e-13
133.743 20.8745 0.0770091 3.11227e-09
133.272 19.9414 0.0727751 0.0219119
134.006 19.9351 0.0629436 1.60138e-08
134.077 19.9238 0.0588565 1.66932e-11
133.007 20.6897 0.0558436 1.33489e-12
133.593 21.1377 0.0623788 3.00482e-13
133.178 20.3103 0.0692205 0.00785494
133.536 20.2652 0.0645709 0.0118829
134.003 21.0462 0.0686268 1.88919e-14
133.229 20.9371 0.0821437 3.31489e-11
