40.8814 10.8935 0.177052 0.043477
41.1354 10.2872 0.190235 8.6604e-16
40.6913 10.8264 0.17286 0.000100999
41.0246 10.6105 0.182232 0.000705396
40.8095 10.7425 0.191217 0.000687953
41.2238 10.4743 0.187913 5.63793e-12
41.0715 11.2233 0.17938 3.68435e-06
40.8155 10.698 0.176067 0.0123519
41.4883 10.7275 0.158531 1.49365e-15
40.9225 10.722 0.177088 0.0290592
41.1666 10.1351 0.185149 3.07582e-17
40.6642 10.517 0.172605 6.67465e-07
40.5996 10.7503 0.180773 0.0268053
41.0228 10.5612 0.172341 5.82368e-05
41.0048 10.7685 0.182334 0.0138095
41.0576 10.392 0.176016 7.3255e-07
40.7201 10.6773 0.182853 0.0718484
40.3808 10.7846 0.181381 7.95814e-05
41.0054 11.0559 0.187207 0.000147258
41.0586 11.0577 0.196632 6.7222e-12
40.9269 10.2622 0.173319 1.51268e-09
40.2774 10.5432 0.183211 4.2292e-08
40.7309 10.8408 0.184306 0.333288
40.7297 10.1556 0.184414 5.55857e-12
41.1332 10.8505 0.16991 2.27687e-05
40.858 10.8654 0.162369 5.14343e-12
40.7755 10.8596 0.171605 8.51898e-05
40.9569 10.4208 0.173133 1.91264e-06
40.9456 10.4223 0.194032 4.87033e-12
40.3492 10.9293 0.189726 0.000892344
41.083 10.2615 0.191178 3.93167e-16
40.8966 10.6891 0.175065 0.00697654
41.2425 10.4354 0.168543 2.83597e-09
41.0184 10.6406 0.155563 3.81101e-18
41.0787 10.967 0.187572 2.28884e-05
40.8929 10.3154 0.180744 1.577e-07
41.4248 10.7088 0.178161 1.98638e-09
41.7198 10.8007 0.186392 1.83747e-24
40.7291 10.8409 0.171156 1.78495e-05
40.5237 11.0603 0.16443 1.97866e-17
40.757 11.4841 0.17364 1.04148e-13
41.0286 10.6614 0.175171 0.00210593
40.7407 10.9362 0.164049 3.18285e-12
40.74 10.8698 0.196573 4.86056e-06
40.7635 10.7783 0.182568 0.267321
40.667 10.4192 0.171553 6.70641e-09
41.4106 10.7791 0.186213 1.13298e-12
40.9467 10.7385 0.193872 1.98551e-07
41.1822 10.7527 0.17827 0.000224408
40.891 11.0905 0.188408 0.000691984
41.0117 11.0712 0.178591 0.00140435
40.9371 11.0768 0.181621 0.00613028
40.9143 10.3534 0.173782 1.88045e-07
41.046 10.8617 0.169021 1.63035e-05
41.0132 11.0562 0.175739 0.000588101
40.8741 10.5519 0.181081 0.00280448
40.7794 10.4109 0.18019 2.35034e-05
41.3184 10.6825 0.174858 9.0026e-07
41.3691 11.0478 0.191638 4.21735e-16
40.5118 10.9635 0.170499 6.03708e-10
40.6548 10.3659 0.166584 9.0957e-14
40.843 10.518 0.16445 5.76437e-11
41.1475 9.96542 0.180359 1.5061e-20
40.961 10.4602 0.198118 1.60475e-15
41.2017 9.83564 0.188357 7.02848e-32
40.5 11.2252 0.16514 7.32306e-20
40.3665 11.3229 0.187741 7.5504e-08
41.0368 10.7257 0.198549 7.55688e-14
40.6578 10.4741 0.181772 0.000155191
40.5107 10.8349 0.184554 0.0325717
41.1644 10.5241 0.176142 7.09787e-06
40.3363 11.1671 0.187913 9.50261e-06
41.4885 10.7639 0.166988 6.63512e-11
40.9968 10.6359 0.18256 0.00213169
41.0549 10.726 0.19643 5.02109e-12
41.0649 10.4357 0.173102 1.40367e-06
40.5064 10.4207 0.178933 1.82887e-07
40.9642 10.222 0.175435 3.71749e-10
40.4031 11.1329 0.173864 4.31035e-11
41.8102 10.9872 0.180565 4.37636e-24
41.2424 10.9534 0.192474 1.72859e-12
40.7799 10.5416 0.175506 0.000277826
41.3091 10.5483 0.174716 9.75841e-08
40.9284 11.2996 0.191834 1.21809e-08
41.3017 9.86659 0.176014 9.97461e-26
41.1812 10.7561 0.186569 5.69299e-07
41.1225 10.8646 0.17573 0.00127714
41.3291 10.7688 0.176547 9.8276e-07
41.0037 10.8534 0.17729 0.0212712
40.9295 10.7618 0.180288 0.0768951
41.3361 10.5844 0.178272 2.34647e-08
40.9458 10.8375 0.184188 0.0334385
41.0873 10.4208 0.174566 1.02136e-06
40.4899 10.6834 0.17384 2.52846e-07
40.9493 11.0894 0.181163 0.00371706
41.0891 10.9598 0.172139 0.00010271
41.3658 10.243 0.188317 1.90026e-21
41.5235 11.3405 0.181125 2.0284e-18
40.6137 11.0842 0.169588 3.64148e-10
41.0374 10.7465 0.175897 0.00638053
