50.4749 -63.6067 3.94236 5.25659e-08 50.05 -63.241 3.9361
50.6328 -63.3653 3.9364 3.07352e-09 50.05 -63.241 3.9361
50.1623 -63.4876 3.93401 0.0134347 50.05 -63.241 3.9361
49.7841 -63.079 3.94469 0.000102675 50.05 -63.241 3.9361
50.468 -63.0683 3.93649 1.36163e-06 50.05 -63.241 3.9361
50.2219 -63.2877 3.93921 0.0543318 50.05 -63.241 3.9361
49.9993 -62.9915 3.95557 9.74459e-08 50.05 -63.241 3.9361
50.1563 -62.418 3.94466 2.82333e-16 50.05 -63.241 3.9361
50.3775 -62.9648 3.94666 1.68077e-05 50.05 -63.241 3.9361
50.2834 -63.3537 3.94319 0.00500171 50.05 -63.241 3.9361
50.5977 -63.2449 3.93939 8.88972e-08 50.05 -63.241 3.9361
50.584 -62.6329 3.93147 1.66428e-20 50.05 -63.241 3.9361
50.1095 -63.8704 3.95776 2.6427e-21 50.05 -63.241 3.9361
49.6139 -63.3306 3.9301 2.60423e-05 50.05 -63.241 3.9361
50.8551 -63.5997 3.94319 1.16952e-17 50.05 -63.241 3.9361
50.4151 -63.1121 3.9516 3.06339e-06 50.05 -63.241 3.9361
50.4218 -63.0807 3.9446 6.36227e-05 50.05 -63.241 3.9361
49.9631 -63.2295 3.94667 0.00340053 50.05 -63.241 3.9361
50.1598 -63.2086 3.94196 0.076152 50.05 -63.241 3.9361
49.6869 -63.5524 3.95119 2.74328e-12 50.05 -63.241 3.9361
50.4347 -62.7504 3.94701 1.8642e-09 50.05 -63.241 3.9361
50.4991 -63.3842 3.94579 1.59387e-06 50.05 -63.241 3.9361
50.1762 -63.4303 3.94713 0.000405884 50.05 -63.241 3.9361
50.5442 -62.9426 3.92399 3.36265e-17 50.05 -63.241 3.9361
50.1246 -63.4045 3.94892 0.000142849 50.05 -63.241 3.9361
50.3922 -63.7431 3.96135 1.48443e-21 50.05 -63.241 3.9361
50.4235 -63.3247 3.93301 2.03677e-05 50.05 -63.241 3.9361
50.5803 -63.4028 3.94136 1.04719e-07 50.05 -63.241 3.9361
49.7763 -63.4384 3.93945 0.00105393 50.05 -63.241 3.9361
50.493 -63.3958 3.93556 2.86124e-06 50.05 -63.241 3.9361
50.2295 -64.0275 3.92855 2.40545e-13 50.05 -63.241 3.9361
50.0818 -63.3292 3.93602 0.191426 50.05 -63.241 3.9361
50.0601 -63.0105 3.92667 1.07991e-06 50.05 -63.241 3.9361
50.5086 -63.1345 3.94924 8.60969e-07 50.05 -63.241 3.9361
50.0836 -63.0069 3.93915 0.00604071 50.05 -63.241 3.9361
50.4735 -63.2603 3.94672 1.1165e-05 50.05 -63.241 3.9361
49.7088 -63.314 3.94404 2.3808e-05 50.05 -63.241 3.9361
50.256 -63.2072 3.92605 2.75239e-06 50.05 -63.241 3.9361
50.199 -63.5959 3.93377 0.000661101 50.05 -63.241 3.9361
50.3431 -63.6052 3.93942 1.35093e-05 50.05 -63.241 3.9361
50.1067 -63.5259 3.93285 0.0101622 50.05 -63.241 3.9361
50.9679 -63.0416 3.94617 2.61719e-19 50.05 -63.241 3.9361
49.7144 -63.3526 3.93372 0.00150772 50.05 -63.241 3.9361
50.1503 -63.3982 3.93292 0.0315978 50.05 -63.241 3.9361
49.5651 -63.414 3.95888 6.05608e-20 50.05 -63.241 3.9361
49.676 -62.9195 3.93707 3.05496e-07 50.05 -63.241 3.9361
50.2528 -63.2934 3.95668 2.71346e-08 50.05 -63.241 3.9361
50.2851 -63.2691 3.93001 0.000207804 50.05 -63.241 3.9361
50.5573 -62.4487 3.94368 4.89318e-20 50.05 -63.241 3.9361
50.1219 -63.0232 3.93875 0.00709233 50.05 -63.241 3.9361
50.1687 -63.2609 3.9366 0.0911178 50.05 -63.241 3.9361
50.2317 -63.3146 3.94355 0.0155074 50.05 -63.241 3.9361
50.4303 -63.4487 3.9454 6.4416e-06 50.05 -63.241 3.9361
50.12 -63.8391 3.93281 1.60597e-07 50.05 -63.241 3.9361
50.1979 -63.6743 3.93171 4.00164e-05 50.05 -63.241 3.9361
50.1574 -63.9967 3.94386 6.93508e-15 50.05 -63.241 3.9361
50.0107 -64.0185 3.94226 8.32265e-15 50.05 -63.241 3.9361
49.9445 -63.4649 3.95334 8.788e-09 50.05 -63.241 3.9361
49.9346 -63.3084 3.94202 0.035506 50.05 -63.241 3.9361
50.3002 -63.1598 3.93721 0.00343549 50.05 -63.241 3.9361
50.562 -63.626 3.95024 1.60034e-12 50.05 -63.241 3.9361
49.8201 -63.5383 3.9441 9.77642e-06 50.05 -63.241 3.9361
50.7638 -63.1604 3.92959 1.56252e-16 50.05 -63.241 3.9361
50.1752 -63.8036 3.92286 2.80003e-09 50.05 -63.241 3.9361
49.8745 -63.3006 3.92901 0.00671326 50.05 -63.241 3.9361
49.8582 -62.8736 3.94094 1.14987e-05 50.05 -63.241 3.9361
49.3271 -63.51 3.94277 1.05647e-15 50.05 -63.241 3.9361
50.2069 -63.2951 3.94299 0.0312082 50.05 -63.241 3.9361
49.9244 -63.2787 3.93654 0.125914 50.05 -63.241 3.9361
50.0019 -62.6658 3.96777 2.09346e-20 50.05 -63.241 3.9361
49.9008 -63.0215 3.92017 1.90088e-10 50.05 -63.241 3.9361
50.3237 -63.6053 3.93164 1.10762e-05 50.05 -63.241 3.9361
50.1146 -63.243 3.93796 0.176286 50.05 -63.241 3.9361
50.3562 -63.289 3.96362 2.40999e-14 50.05 -63.241 3.9361
50.5584 -63.2015 3.94151 8.53696e-07 50.05 -63.241 3.9361
50.0596 -63.5864 3.96009 5.6064e-16 50.05 -63.241 3.9361
50.1314 -63.3169 3.942 0.077617 50.05 -63.241 3.9361
50.5935 -63.5207 3.92405 7.79613e-14 50.05 -63.241 3.9361
50.2328 -62.9379 3.9495 3.70162e-05 50.05 -63.241 3.9361
50.3803 -62.9579 3.94347 1.9426e-05 50.05 -63.241 3.9361
50.4077 -63.326 3.93163 1.44643e-05 50.05 -63.241 3.9361
50.441 -63.5203 3.93859 6.25875e-06 50.05 -63.241 3.9361
49.8924 -63.3865 3.94429 0.00161622 50.05 -63.241 3.9361
50.0643 -63.345 3.94753 0.00153652 50.05 -63.241 3.9361
50.1638 -63.4229 3.92658 0.000290185 50.05 -63.241 3.9361
50.1823 -63.2427 3.91897 7.20889e-10 50.05 -63.241 3.9361
49.5791 -63.7287 3.92742 6.93518e-09 50.05 -63.241 3.9361
50.5242 -63.6223 3.96237 1.16606e-20 50.05 -63.241 3.9361
50.0411 -63.621 3.934 0.00172979 50.05 -63.241 3.9361
50.4937 -63.6427 3.92912 6.96681e-10 50.05 -63.241 3.9361
50.2742 -63.5155 3.93401 0.00085017 50.05 -63.241 3.9361
50.5805 -63.7211 3.95182 8.08631e-16 50.05 -63.241 3.9361
50.1196 -63.2289 3.9312 0.0115846 50.05 -63.241 3.9361
50.3143 -63.0421 3.93063 1.56763e-06 50.05 -63.241 3.9361
50.3258 -62.8464 3.93479 3.00936e-08 50.05 -63.241 3.9361
49.68 -63.7191 3.93795 2.57516e-08 50.05 -63.241 3.9361
50.023 -63.8046 3.92195 1.50808e-08 50.05 -63.241 3.9361
50.3272 -63.1293 3.94319 0.002161 50.05 -63.241 3.9361
49.5125 -62.9044 3.94401 1.56391e-11 50.05 -63.241 3.9361
49.8438 -63.3474 3.93994 0.0138574 50.05 -63.241 3.9361
