257.151 -18.56 3.32874 0.0647324
256.523 -18.1506 3.31488 0.000252848
256.65 -19.0227 3.30424 1.03927e-14
256.575 -18.4643 3.32377 0.00545317
257.098 -18.436 3.31489 3.1345e-06
256.482 -19.0569 3.31385 4.70429e-09
256.48 -18.7647 3.32674 4.07834e-06
256.375 -18.7148 3.31122 3.80447e-05
256.08 -18.5701 3.30033 2.69131e-09
257.281 -18.9413 3.30547 9.13898e-25
256.71 -18.5366 3.32403 0.0660382
256.734 -18.8721 3.29265 1.56703e-27
256.629 -18.4973 3.31932 0.0573237
256.776 -18.8754 3.30561 3.31792e-12
257.02 -18.32 3.33191 0.0028394
257.005 -18.6752 3.31514 1.7501e-05
257.252 -18.8596 3.32327 6.39843e-06
256.97 -18.4447 3.34822 1.12993e-14
256.703 -18.8488 3.31206 2.21548e-06
257.347 -19.1875 3.31206 2.61436e-23
255.957 -19.2265 3.31389 1.04204e-19
256.856 -18.2952 3.31267 7.53436e-05
257.154 -18.421 3.32343 0.00535179
257.264 -19.0959 3.31842 5.88643e-13
256.785 -18.166 3.31797 0.00103913
256.391 -18.8918 3.32073 8.44862e-07
256.642 -18.6892 3.31405 0.00131922
256.32 -18.1927 3.3176 7.26057e-06
255.971 -18.6514 3.30762 3.41131e-09
256.417 -18.3868 3.30918 0.000332789
256.265 -18.8491 3.30116 1.03568e-11
257.284 -18.6243 3.31957 1.24494e-06
256.415 -17.8545 3.30334 1.79764e-11
256.69 -18.8792 3.33369 2.38192e-07
256.651 -18.3043 3.33278 2.47735e-07
256.844 -18.5584 3.32634 0.128767
256.053 -18.4353 3.31037 3.81418e-07
256.911 -18.1611 3.32307 0.00117379
256.63 -18.2802 3.31998 0.00878131
256.737 -18.6583 3.29805 7.70472e-17
256.982 -18.8113 3.30814 3.98413e-12
257.002 -18.5396 3.32469 0.142889
256.521 -18.57 3.30947 0.000201373
256.746 -18.7115 3.31049 5.49299e-06
257.399 -18.5146 3.31814 1.00931e-09
256.603 -18.5741 3.30255 2.17964e-09
256.598 -18.9927 3.31442 2.20958e-07
256.363 -18.4337 3.32428 3.06814e-06
257.102 -18.2844 3.33777 9.6032e-06
257.274 -18.6075 3.31435 2.36414e-10
256.49 -18.8807 3.32459 2.82339e-06
257.149 -17.9757 3.33295 1.60903e-08
256.635 -18.8774 3.30245 1.92767e-13
256.971 -18.4935 3.32482 0.168358
256.28 -17.9462 3.33542 2.34986e-24
257.043 -18.84 3.3231 0.000982712
256.567 -18.5303 3.31095 0.000978121
256.599 -18.3709 3.32531 0.00138945
256.477 -19.1311 3.33107 3.09741e-13
256.155 -18.1681 3.30841 6.43754e-07
256.962 -18.4897 3.30297 1.76222e-14
256.783 -17.748 3.33385 8.56063e-17
256.584 -18.9276 3.30819 2.86154e-09
256.975 -18.8276 3.32333 0.00332254
257.065 -19.2808 3.32086 5.88347e-13
256.53 -18.2456 3.3123 0.000800315
257.304 -18.6301 3.33101 0.0084976
256.646 -18.1243 3.30551 3.68911e-08
256.948 -18.3586 3.31886 0.00820334
256.443 -18.4838 3.32725 2.76672e-06
256.939 -19.4393 3.30347 4.18229e-32
256.959 -18.2392 3.32896 0.00200768
256.402 -18.4384 3.32963 8.10945e-09
256.427 -18.3942 3.33143 6.6907e-10
256.486 -18.8424 3.32448 7.12588e-06
256.64 -19.1035 3.32182 5.99468e-08
256.971 -18.3556 3.3083 3.34924e-09
255.575 -18.5701 3.3248 2.92637e-31
256.741 -18.2654 3.31726 0.00779726
256.905 -17.8122 3.31829 4.07085e-10
256.987 -18.4779 3.32819 0.118671
256.141 -18.6655 3.30226 6.42364e-09
256.794 -19.2256 3.32009 1.56501e-10
256.314 -18.7171 3.32466 9.09402e-08
256.897 -18.9267 3.3522 4.18091e-21
256.411 -19.1083 3.30647 1.37746e-13
256.612 -18.7554 3.31116 2.54528e-05
256.827 -18.2565 3.3085 3.19777e-07
256.295 -18.5697 3.32196 2.88011e-06
256.636 -18.2439 3.31054 0.00014868
256.803 -18.1916 3.31067 4.64228e-06
256.212 -17.9938 3.30667 1.50905e-08
257.041 -18.554 3.30248 2.87673e-17
256.686 -19.2364 3.30485 7.03431e-20
257.091 -18.7268 3.32595 0.0203196
256.653 -18.4389 3.31852 0.0580851
256.741 -18.4388 3.32124 0.112422
256.833 -18.3865 3.30074 5.12857e-14
257.099 -18.4062 3.32 0.00129821
256.468 -18.3253 3.32776 6.38759e-07
