-11.4938 -93.8728 2.83604 2.32354e-06 -11.816 -93.7 2.8506
-11.5295 -93.6159 2.86813 3.59323e-08 -11.816 -93.7 2.8506
-11.8011 -93.9792 2.85218 0.0139152 -11.816 -93.7 2.8506
-12.3846 -94.125 2.84531 9.52018e-05 -11.816 -93.7 2.8506
-12.0258 -93.8534 2.85858 0.000118918 -11.816 -93.7 2.8506
-12.2796 -93.7964 2.85011 0.00137279 -11.816 -93.7 2.8506
-11.6235 -93.7368 2.85876 0.000476373 -11.816 -93.7 2.8506
-11.8114 -93.9004 2.83902 0.0264544 -11.816 -93.7 2.8506
-12.0481 -94.1385 2.86265 2.60239e-08 -11.816 -93.7 2.8506
-11.5702 -93.8286 2.84679 0.00460655 -11.816 -93.7 2.8506
-12.466 -94.0971 2.85251 7.6405e-08 -11.816 -93.7 2.8506
-12.3938 -93.3733 2.85771 4.26952e-10 -11.816 -93.7 2.8506
-12.2407 -93.618 2.83799 0.0251809 -11.816 -93.7 2.8506
-11.951 -93.866 2.85116 0.0458731 -11.816 -93.7 2.8506
-11.7585 -94.0393 2.85528 0.00131238 -11.816 -93.7 2.8506
-11.8411 -93.7835 2.85405 0.0169758 -11.816 -93.7 2.8506
-11.8647 -94.4491 2.85454 6.03993e-08 -11.816 -93.7 2.8506
-13.1996 -93.9552 2.83581 1.64671e-16 -11.816 -93.7 2.8506
-11.4934 -94.0039 2.85653 8.47471e-05 -11.816 -93.7 2.8506
-12.2525 -93.9616 2.83927 0.0331996 -11.816 -93.7 2.8506
-12.2676 -93.6364 2.84666 0.00574382 -11.816 -93.7 2.8506
-12.3099 -93.9279 2.86849 3.33431e-14 -11.816 -93.7 2.8506
-11.9312 -94.0776 2.83517 0.00300617 -11.816 -93.7 2.8506
-12.0286 -94.4134 2.8449 6.64213e-06 -11.816 -93.7 2.8506
-11.9608 -93.7376 2.84346 0.252701 -11.816 -93.7 2.8506
-12.4692 -94.4646 2.85278 2.21321e-12 -11.816 -93.7 2.8506
-12.1257 -94.2978 2.84046 0.00021427 -11.816 -93.7 2.8506
-12.0587 -94.2264 2.83038 2.76856e-05 -11.816 -93.7 2.8506
-11.7482 -93.5969 2.83638 0.000865125 -11.816 -93.7 2.8506
-11.9559 -93.9722 2.85779 0.000242897 -11.816 -93.7 2.8506
-12.1621 -93.3493 2.84882 9.82314e-05 -11.816 -93.7 2.8506
-11.3095 -93.9461 2.84054 5.99331e-08 -11.816 -93.7 2.8506
-11.8759 -93.6251 2.86859 3.86508e-09 -11.816 -93.7 2.8506
-10.9037 -94.3948 2.84348 8.53901e-20 -11.816 -93.7 2.8506
-12.0434 -93.5632 2.84699 0.033883 -11.816 -93.7 2.8506
-12.4253 -94.3498 2.87376 5.2897e-25 -11.816 -93.7 2.8506
-11.6568 -94.3442 2.85586 5.42407e-07 -11.816 -93.7 2.8506
-12.4128 -93.5312 2.86212 9.88939e-12 -11.816 -93.7 2.8506
-12.2809 -94.1884 2.83806 0.000770943 -11.816 -93.7 2.8506
-12.2539 -93.9763 2.84778 0.00351945 -11.816 -93.7 2.8506
-11.733 -93.8654 2.84333 0.0392377 -11.816 -93.7 2.8506
-12.1285 -93.6566 2.84771 0.0340847 -11.816 -93.7 2.8506
-11.9036 -94.3173 2.86184 6.59208e-09 -11.816 -93.7 2.8506
-11.877 -93.8799 2.85106 0.0528283 -11.816 -93.7 2.8506
-11.1559 -93.954 2.84745 5.39287e-09 -11.816 -93.7 2.8506
-11.6488 -93.96 2.85478 0.00218825 -11.816 -93.7 2.8506
-11.7083 -94.5401 2.84499 9.37768e-09 -11.816 -93.7 2.8506
-11.7856 -93.4217 2.89019 9.63467e-29 -11.816 -93.7 2.8506
-12.5935 -94.0848 2.84929 1.94646e-08 -11.816 -93.7 2.8506
-12.4949 -93.7755 2.85829 4.61236e-10 -11.816 -93.7 2.8506
-11.1564 -93.9445 2.83717 2.51467e-12 -11.816 -93.7 2.8506
-11.8879 -94.2783 2.85527 8.36755e-06 -11.816 -93.7 2.8506
-11.6819 -93.7423 2.84053 0.00670724 -11.816 -93.7 2.8506
-11.296 -94.2614 2.84886 8.88403e-09 -11.816 -93.7 2.8506
-11.7747 -93.9869 2.86735 3.01953e-08 -11.816 -93.7 2.8506
-11.8065 -94.2897 2.85326 2.205e-05 -11.816 -93.7 2.8506
-11.5176 -93.7393 2.85224 0.00153282 -11.816 -93.7 2.8506
-12.0406 -93.7969 2.85965 3.68821e-05 -11.816 -93.7 2.8506
-12.7109 -94.1543 2.85203 2.11353e-12 -11.816 -93.7 2.8506
-12.4002 -94.534 2.85096 7.30556e-12 -11.816 -93.7 2.8506
-11.5942 -93.654 2.82244 2.11141e-12 -11.816 -93.7 2.8506
-12.1513 -93.5137 2.85728 7.4278e-06 -11.816 -93.7 2.8506
-11.7164 -93.5112 2.84038 0.00124201 -11.816 -93.7 2.8506
-11.4178 -94.1761 2.84247 3.80326e-07 -11.816 -93.7 2.8506
-12.7522 -93.8534 2.85348 1.7538e-12 -11.816 -93.7 2.8506
-11.3031 -93.9028 2.86569 2.73837e-08 -11.816 -93.7 2.8506
-11.768 -94.0287 2.86102 2.15854e-05 -11.816 -93.7 2.8506
-11.6832 -93.642 2.84098 0.00449068 -11.816 -93.7 2.8506
-11.5562 -93.9032 2.84586 0.00217808 -11.816 -93.7 2.8506
-12.3446 -94.0946 2.86904 2.98614e-16 -11.816 -93.7 2.8506
-12.0788 -93.511 2.86273 7.5725e-08 -11.816 -93.7 2.8506
-12.3835 -93.7627 2.83755 0.00962853 -11.816 -93.7 2.8506
-11.4313 -93.7848 2.86139 9.65975e-06 -11.816 -93.7 2.8506
-12.2632 -94.2628 2.83397 7.54156e-05 -11.816 -93.7 2.8506
-12.1569 -94.1263 2.84077 0.00878994 -11.816 -93.7 2.8506
-12.1217 -93.9097 2.842 0.144547 -11.816 -93.7 2.8506
-11.8669 -93.8344 2.85325 0.0236352 -11.816 -93.7 2.8506
-11.3429 -94.4082 2.83941 6.73414e-12 -11.816 -93.7 2.8506
-12.0216 -94.4526 2.83745 1.05818e-06 -11.816 -93.7 2.8506
-11.4365 -93.4526 2.85717 4.60343e-06 -11.816 -93.7 2.8506
-11.7517 -93.7229 2.85868 0.000809345 -11.816 -93.7 2.8506
-12.0937 -93.5127 2.84509 0.0177993 -11.816 -93.7 2.8506
-11.6495 -93.3625 2.83107 1.08665e-08 -11.816 -93.7 2.8506
-12.0647 -93.9006 2.83004 0.00203517 -11.816 -93.7 2.8506
-11.9237 -93.6491 2.84758 0.102295 -11.816 -93.7 2.8506
-11.6743 -94.112 2.85432 0.000402723 -11.816 -93.7 2.8506
-12.2242 -93.6108 2.84943 0.0025066 -11.816 -93.7 2.8506
-11.8689 -94.1522 2.83606 0.000657794 -11.816 -93.7 2.8506
-12.0951 -94.0989 2.84512 0.0134552 -11.816 -93.7 2.8506
-11.8629 -94.3229 2.83711 1.73609e-05 -11.816 -93.7 2.8506
-11.9725 -93.5381 2.84153 0.0362262 -11.816 -93.7 2.8506
-12.4486 -94.1651 2.84043 5.66812e-05 -11.816 -93.7 2.8506
-11.5891 -94.0743 2.84755 0.000852891 -11.816 -93.7 2.8506
-12.2659 -93.573 2.84856 0.00121073 -11.816 -93.7 2.8506
-12.1827 -94.0898 2.84505 0.00687131 -11.816 -93.7 2.8506
-11.5717 -93.7422 2.84294 0.00164777 -11.816 -93.7 2.8506
-11.6221 -93.5346 2.83657 2.37884e-05 -11.816 -93.7 2.8506
-11.692 -93.768 2.86976 8.16837e-09 -11.816 -93.7 2.8506
-12.2311 -93.6709 2.83313 0.0110879 -11.816 -93.7 2.8506
-12.4018 -94.0172 2.84995 1.76784e-05 -11.816 -93.7 2.8506
