275.898 -5.12113 4.27325 0.0135475
276.042 -6.10644 4.25435 3.05576e-16
275.382 -5.30608 4.25543 7.39428e-07
275.473 -5.60148 4.26306 2.90529e-07
276.201 -5.11378 4.26827 0.00283048
275.271 -5.31069 4.25242 2.35361e-08
275.289 -5.34275 4.26571 7.63018e-10
275.602 -5.20158 4.26827 6.40554e-05
275.603 -5.54254 4.25725 2.30445e-05
276.148 -4.87816 4.26409 7.87212e-07
275.857 -4.48137 4.26754 7.35033e-14
275.831 -5.44669 4.26777 0.00689804
276.266 -5.32322 4.25867 2.45259e-07
275.874 -4.58102 4.26157 1.4572e-12
275.386 -4.75234 4.25529 8.70193e-13
275.916 -4.26273 4.25995 5.95356e-23
276.004 -4.9824 4.26272 4.12303e-05
275.415 -5.05062 4.25435 4.95843e-08
275.967 -5.54107 4.24364 2.2621e-12
275.407 -5.35768 4.27179 3.4061e-09
275.352 -4.85155 4.25565 2.32845e-11
276.269 -5.0861 4.2805 0.175545
275.863 -4.76946 4.25407 4.26344e-11
275.672 -5.32723 4.26798 0.000718062
275.597 -4.62802 4.25317 2.33747e-14
275.762 -5.64939 4.25747 1.03457e-05
275.309 -5.52768 4.2574 1.65941e-08
275.671 -4.57078 4.2582 3.70454e-14
275.693 -5.57271 4.27166 2.17495e-05
275.564 -5.15207 4.26588 2.1162e-05
276.036 -5.14625 4.26019 0.000107722
276.286 -5.30662 4.26124 2.65379e-06
276.095 -4.99683 4.28309 0.0100599
276.024 -5.15482 4.26887 0.0272217
275.833 -5.0971 4.27423 0.00247121
275.488 -5.03703 4.27177 1.8518e-08
275.618 -5.15968 4.28226 1.23775e-08
276.324 -5.20635 4.25121 1.03429e-13
275.761 -5.1579 4.24983 2.89994e-07
276.386 -4.7017 4.29853 8.59335e-07
275.748 -5.49867 4.25176 4.59609e-06
275.519 -4.78649 4.25141 1.0923e-11
276.192 -5.19658 4.27311 0.103847
275.966 -4.9034 4.27165 0.00027012
275.896 -5.54371 4.2694 0.0035232
275.667 -5.02117 4.25632 2.62571e-06
275.482 -4.79754 4.2615 2.01865e-10
276.054 -5.30439 4.26667 0.0224856
275.721 -5.23791 4.25486 5.59086e-05
275.974 -5.43954 4.262 0.00179251
276.222 -5.02198 4.2698 0.00111992
276.276 -5.5201 4.26944 0.000956179
276.219 -5.50822 4.27154 0.0085047
276.063 -5.64892 4.27219 0.000921269
276.283 -5.27336 4.2538 1.06286e-10
275.737 -5.2247 4.26683 0.00266203
275.391 -5.1965 4.26688 3.39612e-08
275.075 -5.55412 4.25378 1.46869e-12
275.437 -5.50439 4.22963 2.03856e-15
276.38 -5.12358 4.26592 5.41274e-06
276.234 -5.29031 4.28007 0.493949
275.641 -5.59623 4.26367 2.64678e-05
276.222 -5.66878 4.26505 5.22735e-06
276.079 -5.45612 4.26726 0.0105129
275.568 -4.8853 4.23059 7.29525e-21
276.03 -5.37221 4.24429 1.48532e-12
275.725 -4.89659 4.2549 3.14513e-08
276.626 -5.40987 4.25994 3.48608e-14
276.492 -4.67894 4.2584 3.31996e-19
275.873 -5.40973 4.2669 0.0139562
276.817 -6.00364 4.24906 1.07971e-37
275.425 -6.11236 4.29305 4.79492e-35
275.688 -5.72413 4.29285 4.16663e-17
276.394 -4.93959 4.2813 0.0068317
275.322 -4.76246 4.2699 3.17074e-15
276.494 -5.57788 4.27443 4.11913e-05
276.197 -5.50478 4.26043 5.06826e-06
276.145 -5.41871 4.26477 0.00163369
275.765 -5.31833 4.26631 0.00547681
275.714 -5.28131 4.25449 5.99729e-05
275.968 -5.26636 4.25935 0.000435772
276.079 -4.95727 4.23974 1.95354e-20
275.879 -5.04426 4.26832 0.00213061
276.191 -5.11516 4.26512 0.000307004
275.896 -5.34584 4.25847 0.000532348
276.17 -4.91985 4.26576 8.77792e-06
276.007 -5.2376 4.26947 0.0633828
276.323 -5.77223 4.26282 1.78301e-09
276.064 -4.98341 4.27863 0.00951834
275.454 -5.21305 4.24667 5.97993e-08
275.595 -4.93124 4.27427 3.94932e-08
275.707 -4.66241 4.26179 5.03826e-11
275.842 -5.01048 4.26294 0.000136933
275.802 -5.84919 4.26372 1.01198e-07
276.408 -5.2448 4.27297 0.00423156
275.732 -5.46054 4.26034 0.000624226
276.155 -5.43845 4.26073 4.07231e-05
275.851 -4.90133 4.26679 2.80682e-05
276.307 -4.78727 4.25455 6.28387e-16
275.718 -5.38306 4.25781 0.000386981
