113.543 18.58 0.0789375 0.0560871
113.721 18.3434 0.0528427 1.87748e-07
113.446 18.769 0.0570423 5.22594e-05
113.639 18.1067 0.0680625 7.36834e-05
113.431 17.9072 0.0609985 1.21936e-09
113.086 18.8857 0.0816877 0.000106375
113.849 18.3489 0.0864421 2.98837e-06
113.552 17.9924 0.0731211 2.38754e-05
113.475 18.3856 0.100053 2.50097e-08
113.436 18.3549 0.0639672 0.00176557
113.665 18.7886 0.0693521 0.00860854
113.324 18.5434 0.0791792 0.102782
112.655 18.4827 0.0667903 5.60847e-11
113.587 18.2734 0.0741173 0.0126256
113.859 18.5791 0.0955328 1.67335e-10
113.351 18.4346 0.0729928 0.0862904
113.285 18.7559 0.0771158 0.0222893
113.8 18.3264 0.0651398 0.000330804
113.601 18.3691 0.0760996 0.0326371
113.43 18.7049 0.0662044 0.0180148
113.587 18.9914 0.0755058 0.000220827
113.553 18.3061 0.0717362 0.0193323
114.086 18.3277 0.0621321 1.72676e-07
113.337 18.475 0.0762785 0.130671
113.39 18.6855 0.0578763 9.07118e-05
114.001 18.4185 0.0643553 1.20921e-05
113.455 18.4077 0.0675829 0.0218262
113.664 18.1149 0.0604204 1.03951e-06
112.975 18.2998 0.067538 2.9543e-06
113.924 18.804 0.0704229 7.10263e-05
114.159 18.4926 0.0685433 2.15477e-07
114.099 17.7658 0.0653624 1.16767e-14
113.934 18.3422 0.0694023 6.92309e-05
113.664 18.225 0.069326 0.00126829
113.654 18.9465 0.0796048 6.50246e-05
113.356 18.1047 0.0775909 0.00123107
113.635 18.0848 0.064665 8.4434e-06
113.976 18.0108 0.0636898 2.86813e-09
113.161 18.014 0.0659153 9.31167e-08
113.713 19.2223 0.066942 1.42115e-07
113.111 18.5779 0.076791 0.0123256
113.342 18.4233 0.0699211 0.0341812
113.381 18.4599 0.071765 0.0908698
113.374 18.2811 0.0736609 0.0221719
113.483 17.9258 0.0630963 1.91615e-08
113.535 18.1437 0.0575361 2.30245e-07
113.285 18.8867 0.0783495 0.00201252
113.329 18.3257 0.086737 0.00537021
113.581 17.9643 0.0745286 1.0281e-05
113.776 18.3308 0.0465061 7.12586e-11
113.534 18.1691 0.0725752 0.00228062
113.811 18.2741 0.0700761 0.000420728
113.791 18.0435 0.0772478 4.55455e-06
113.755 18.2127 0.0951492 5.62569e-09
113.699 18.6167 0.0683628 0.0185077
113.398 18.7099 0.0619392 0.00167987
113.638 18.7548 0.0466363 3.8953e-09
114.146 18.6445 0.0738233 1.10672e-07
113.435 17.9052 0.0799513 4.55278e-06
113.596 18.9241 0.063732 0.00054486
113.868 18.8464 0.0643278 0.00010663
113.73 18.268 0.0787332 0.00103527
113.206 17.6696 0.0837818 2.34713e-10
113.68 18.3142 0.0759942 0.00708222
113.577 19.0678 0.0776019 1.44107e-05
113.771 18.6947 0.0889537 9.08397e-07
113.86 18.4783 0.0558021 4.59315e-06
112.786 18.3369 0.0629172 1.17097e-10
113.727 18.4219 0.0795738 0.00341994
114.055 18.9312 0.068093 2.74853e-07
113.799 18.2459 0.0596129 4.39306e-06
113.693 18.5535 0.0670129 0.0153673
113.604 18.5453 0.0814164 0.0139133
113.881 18.9357 0.0828371 7.19706e-08
113.977 18.2356 0.0931402 3.04439e-11
113.633 18.4792 0.0756609 0.045326
113.684 18.5847 0.0700213 0.028983
112.955 18.3229 0.069557 8.40552e-06
113.151 18.4797 0.0833099 0.0133822
113.687 18.9042 0.0771586 0.000293329
114.076 18.6513 0.0693716 3.75341e-06
114.049 18.9574 0.0758557 1.64752e-08
113.199 18.2032 0.0775419 0.00302179
113.228 18.3188 0.0763169 0.0193191
113.116 19.2576 0.0664769 1.72142e-09
113.686 18.2101 0.0595981 5.68873e-06
113.704 18.9935 0.0698625 0.0001386
113.467 17.8997 0.0767551 3.04454e-06
113.542 18.4392 0.0917959 5.06007e-05
113.828 18.3469 0.0736032 0.000882783
113.811 18.2537 0.0724019 0.000363347
113.707 18.6876 0.0760661 0.00794776
113.47 18.5544 0.0848662 0.0106151
113.828 18.8232 0.0785537 4.7629e-05
113.258 17.4817 0.0693338 1.23957e-16
113.102 18.263 0.0680472 5.64054e-05
113.531 18.51 0.0656566 0.0212977
114.033 18.2778 0.0854222 6.25221e-09
113.598 18.515 0.0709325 0.069763
113.378 18.4604 0.0682202 0.030595
