50.4838 13.1143 0.171288 1.35974e-21 50.284 13.268 0.14838
50.7037 13.1565 0.142922 0.00657984 50.284 13.268 0.14838
50.4066 12.8866 0.158585 2.70509e-10 50.284 13.268 0.14838
49.9682 13.2745 0.128919 3.59717e-11 50.284 13.268 0.14838
50.468 13.126 0.152519 0.000351772 50.284 13.268 0.14838
49.9779 12.812 0.165602 1.33238e-16 50.284 13.268 0.14838
50.7845 13.1153 0.160782 2.45611e-15 50.284 13.268 0.14838
50.0759 13.318 0.140276 0.00121661 50.284 13.268 0.14838
50.4016 12.6617 0.149136 7.59243e-08 50.284 13.268 0.14838
50.2456 13.7533 0.144047 5.75794e-07 50.284 13.268 0.14838
50.4476 13.3556 0.151655 0.00232587 50.284 13.268 0.14838
50.0265 12.9504 0.141479 0.000456968 50.284 13.268 0.14838
50.0443 13.4209 0.138522 1.63151e-05 50.284 13.268 0.14838
50.3405 13.5238 0.134909 1.01309e-05 50.284 13.268 0.14838
50.5574 12.9983 0.173736 2.52981e-28 50.284 13.268 0.14838
50.2488 13.3382 0.163155 1.2621e-08 50.284 13.268 0.14838
49.9751 13.1532 0.155321 3.25722e-05 50.284 13.268 0.14838
50.0813 13.2684 0.13678 0.000176113 50.284 13.268 0.14838
49.9685 13.5989 0.159952 1.99589e-07 50.284 13.268 0.14838
50.3309 12.675 0.147029 1.79781e-06 50.284 13.268 0.14838
50.0506 12.9299 0.177229 5.75578e-28 50.284 13.268 0.14838
50.265 13.2454 0.172825 6.58594e-19 50.284 13.268 0.14838
50.2865 13.7554 0.161264 1.22876e-09 50.284 13.268 0.14838
50.2234 13.7294 0.130339 1.01693e-13 50.284 13.268 0.14838
49.9705 13.406 0.144216 0.000139215 50.284 13.268 0.14838
50.268 13.1915 0.168969 4.86745e-15 50.284 13.268 0.14838
49.8593 13.1642 0.167764 2.15583e-13 50.284 13.268 0.14838
50.0867 12.9948 0.141018 0.00370728 50.284 13.268 0.14838
49.6871 13.4098 0.146976 6.80766e-09 50.284 13.268 0.14838
50.5842 12.9777 0.158014 1.50462e-10 50.284 13.268 0.14838
50.1553 13.3886 0.14744 0.0176634 50.284 13.268 0.14838
50.0312 12.5232 0.155116 6.08727e-15 50.284 13.268 0.14838
49.7145 13.6415 0.125969 1.15027e-26 50.284 13.268 0.14838
49.6028 13.0769 0.159118 4.94582e-12 50.284 13.268 0.14838
50.386 12.9798 0.166528 2.3876e-16 50.284 13.268 0.14838
49.9571 13.1305 0.146891 0.000759978 50.284 13.268 0.14838
50.2236 12.5353 0.142004 5.21552e-08 50.284 13.268 0.14838
49.7124 12.8969 0.153479 2.48831e-10 50.284 13.268 0.14838
50.3152 13.0347 0.153782 0.000119688 50.284 13.268 0.14838
50.7136 13.3616 0.153105 4.30848e-07 50.284 13.268 0.14838
50.5183 13.5193 0.144873 0.00146154 50.284 13.268 0.14838
49.798 13.0164 0.143385 4.53034e-07 50.284 13.268 0.14838
50.2826 13.1168 0.144932 0.206959 50.284 13.268 0.14838
50.4876 12.8589 0.146535 0.000566627 50.284 13.268 0.14838
50.359 13.0057 0.152545 0.000194363 50.284 13.268 0.14838
50.3632 13.2071 0.145641 0.245571 50.284 13.268 0.14838
50.1894 12.9549 0.16448 4.73193e-13 50.284 13.268 0.14838
50.5028 12.9236 0.149539 0.000127628 50.284 13.268 0.14838
50.0696 13.48 0.15446 0.000213756 50.284 13.268 0.14838
50.2366 13.3796 0.134913 0.000151601 50.284 13.268 0.14838
50.5626 13.4639 0.152614 3.19662e-05 50.284 13.268 0.14838
50.2538 13.3144 0.148845 0.0548073 50.284 13.268 0.14838
50.4574 13.0698 0.142801 0.235218 50.284 13.268 0.14838
50.2159 13.3119 0.162512 4.61088e-08 50.284 13.268 0.14838
50.3819 13.0488 0.147112 0.0437323 50.284 13.268 0.14838
50.7163 12.9414 0.129732 0.00117024 50.284 13.268 0.14838
50.581 12.5529 0.142733 4.62557e-08 50.284 13.268 0.14838
49.9721 12.7024 0.153596 2.71235e-10 50.284 13.268 0.14838
49.9409 12.9357 0.162914 4.10987e-12 50.284 13.268 0.14838
50.3654 13.2197 0.169735 1.1013e-16 50.284 13.268 0.14838
50.1068 13.5558 0.145711 0.000226804 50.284 13.268 0.14838
50.9908 12.531 0.14349 1.32765e-14 50.284 13.268 0.14838
50.2526 12.866 0.150314 8.28601e-05 50.284 13.268 0.14838
50.1888 13.36 0.149478 0.0223826 50.284 13.268 0.14838
50.5241 12.9436 0.14492 0.00863354 50.284 13.268 0.14838
50.1744 13.4756 0.166517 9.38582e-11 50.284 13.268 0.14838
50.1374 13.6315 0.155599 1.08702e-05 50.284 13.268 0.14838
50.6405 13.3663 0.14903 0.000297007 50.284 13.268 0.14838
50.172 13.1754 0.13064 8.12515e-06 50.284 13.268 0.14838
50.0271 13.4711 0.154827 0.00011481 50.284 13.268 0.14838
50.5914 13.0547 0.152092 1.31005e-05 50.284 13.268 0.14838
50.0235 13.0868 0.142168 0.00206259 50.284 13.268 0.14838
50.7772 12.9669 0.148487 6.85577e-07 50.284 13.268 0.14838
50.4072 13.1376 0.163701 1.21108e-11 50.284 13.268 0.14838
50.4037 12.8589 0.162765 1.27574e-14 50.284 13.268 0.14838
50.7069 13.0036 0.151008 6.27456e-07 50.284 13.268 0.14838
50.7907 13.4055 0.133513 1.44314e-05 50.284 13.268 0.14838
49.684 13.2449 0.147931 3.338e-08 50.284 13.268 0.14838
49.9871 13.4658 0.161547 2.1673e-07 50.284 13.268 0.14838
50.4129 13.2988 0.15253 0.00217995 50.284 13.268 0.14838
50.6224 13.7373 0.162054 7.07925e-14 50.284 13.268 0.14838
49.7991 13.2954 0.169211 7.78379e-14 50.284 13.268 0.14838
50.0368 14.1052 0.143916 1.70226e-17 50.284 13.268 0.14838
50.5075 13.3852 0.168933 7.53306e-17 50.284 13.268 0.14838
50.6151 13.5314 0.160971 2.84684e-11 50.284 13.268 0.14838
50.354 13.8366 0.147411 5.14626e-08 50.284 13.268 0.14838
50.7923 13.1208 0.13477 0.00235568 50.284 13.268 0.14838
50.1278 13.2322 0.130545 7.51785e-07 50.284 13.268 0.14838
49.9613 13.6131 0.146037 1.56836e-06 50.284 13.268 0.14838
50.1693 13.2653 0.162396 5.20466e-08 50.284 13.268 0.14838
50.2307 13.179 0.162078 1.62557e-08 50.284 13.268 0.14838
50.2132 12.8877 0.128214 2.64467e-06 50.284 13.268 0.14838
49.6682 13.2046 0.164446 1.85205e-12 50.284 13.268 0.14838
50.2081 13.1242 0.141967 0.115565 50.284 13.268 0.14838
50.0942 13.4399 0.154786 0.000354996 50.284 13.268 0.14838
50.7656 13.2329 0.153546 3.02044e-08 50.284 13.268 0.14838
50.1575 13.635 0.156962 4.16133e-06 50.284 13.268 0.14838
50.3383 13.2111 0.157648 8.93678e-06 50.284 13.268 0.14838
50.071 12.7673 0.15137 2.32815e-07 50.284 13.268 0.14838
50.2018 12.9595 0.143705 0.0219127 50.284 13.268 0.14838
