95.0958 16.8934 0.0632746 8.35399e-08 95.627 17.138 0.074142
95.9258 16.4908 0.070678 2.63667e-09 95.627 17.138 0.074142
96.0135 17.8517 0.0811551 1.19639e-06 95.627 17.138 0.074142
95.4514 16.9454 0.077324 0.00534624 95.627 17.138 0.074142
95.8528 17.2436 0.0727269 0.00736381 95.627 17.138 0.074142
95.7425 16.9841 0.0700606 0.00167671 95.627 17.138 0.074142
95.7965 16.4934 0.0672664 5.43436e-09 95.627 17.138 0.074142
95.6361 17.1229 0.0744121 0.0297525 95.627 17.138 0.074142
95.9976 17.0325 0.077127 0.000390896 95.627 17.138 0.074142
95.4912 17.1227 0.0735675 0.0214949 95.627 17.138 0.074142
95.8117 17.0888 0.0894757 0.00367199 95.627 17.138 0.074142
95.4828 16.7136 0.0689541 8.96722e-06 95.627 17.138 0.074142
95.7107 17.2178 0.0875368 0.0402401 95.627 17.138 0.074142
95.6565 17.0177 0.0767028 0.0152535 95.627 17.138 0.074142
95.0834 17.0747 0.0693173 1.2868e-05 95.627 17.138 0.074142
95.6848 17.1863 0.0778835 0.0597134 95.627 17.138 0.074142
95.3619 17.2182 0.0771017 0.0309169 95.627 17.138 0.074142
95.5062 17.1698 0.0723451 0.0213353 95.627 17.138 0.074142
95.3673 17.0274 0.0620287 2.75381e-05 95.627 17.138 0.074142
95.3836 16.9261 0.078425 0.00289017 95.627 17.138 0.074142
95.6369 17.1935 0.0765467 0.063074 95.627 17.138 0.074142
95.3782 16.7675 0.0682575 1.07007e-05 95.627 17.138 0.074142
95.2961 17.2769 0.0510977 5.35906e-09 95.627 17.138 0.074142
95.4164 17.2155 0.0668059 0.00171441 95.627 17.138 0.074142
95.4942 17.571 0.0718922 0.0029717 95.627 17.138 0.074142
95.8089 17.1682 0.0848047 0.0174749 95.627 17.138 0.074142
95.4843 16.8516 0.0827415 0.00156065 95.627 17.138 0.074142
95.4058 16.3017 0.0853631 1.82663e-11 95.627 17.138 0.074142
96.1748 17.1417 0.0618069 4.14609e-07 95.627 17.138 0.074142
95.6839 17.1378 0.0779255 0.0462452 95.627 17.138 0.074142
95.6242 17.4681 0.0806157 0.059062 95.627 17.138 0.074142
95.3588 17.235 0.0704075 0.00466174 95.627 17.138 0.074142
95.8689 16.893 0.0760058 0.000393353 95.627 17.138 0.074142
95.5754 16.8635 0.10016 1.17848e-05 95.627 17.138 0.074142
94.7977 16.8857 0.0842454 1.37767e-08 95.627 17.138 0.074142
95.7331 16.6292 0.0710689 1.61795e-06 95.627 17.138 0.074142
95.0625 16.5055 0.0777306 4.63128e-10 95.627 17.138 0.074142
95.1988 17.2409 0.0694762 0.000324278 95.627 17.138 0.074142
95.9277 17.1247 0.070293 0.000969273 95.627 17.138 0.074142
95.3642 16.8872 0.0898542 0.0007289 95.627 17.138 0.074142
95.7311 16.7093 0.0770152 3.36828e-05 95.627 17.138 0.074142
95.5166 17.492 0.0793795 0.045375 95.627 17.138 0.074142
96.2215 16.8537 0.0674575 3.73197e-08 95.627 17.138 0.074142
95.6882 17.7246 0.0942656 0.000292516 95.627 17.138 0.074142
95.1768 17.0488 0.10009 5.03607e-05 95.627 17.138 0.074142
95.466 16.9584 0.0790783 0.00842451 95.627 17.138 0.074142
95.6566 16.6778 0.0680811 3.62984e-06 95.627 17.138 0.074142
95.465 17.0772 0.06681 0.00126237 95.627 17.138 0.074142
95.7326 16.4261 0.0652554 3.87976e-10 95.627 17.138 0.074142
95.8836 17.1415 0.0737876 0.00428629 95.627 17.138 0.074142
95.6919 16.5208 0.0882118 4.86755e-08 95.627 17.138 0.074142
95.8287 17.0725 0.0927888 0.00087116 95.627 17.138 0.074142
95.8744 17.0492 0.0786492 0.00373292 95.627 17.138 0.074142
96.019 16.8131 0.0784445 7.69022e-06 95.627 17.138 0.074142
95.6514 16.77 0.0659455 1.49923e-05 95.627 17.138 0.074142
95.3269 17.2413 0.0790885 0.0320706 95.627 17.138 0.074142
95.6042 17.447 0.0807507 0.0732788 95.627 17.138 0.074142
95.9676 17.0735 0.0696179 0.000299791 95.627 17.138 0.074142
96.322 17.3534 0.0809759 2.56225e-07 95.627 17.138 0.074142
96.4008 16.558 0.0804976 1.11645e-13 95.627 17.138 0.074142
95.6338 17.4118 0.0821051 0.0876151 95.627 17.138 0.074142
95.5289 16.941 0.0877547 0.00490858 95.627 17.138 0.074142
95.6313 17 0.0897099 0.00609774 95.627 17.138 0.074142
95.6299 16.8235 0.0673453 7.88983e-05 95.627 17.138 0.074142
96.2205 17.2678 0.064339 4.94253e-07 95.627 17.138 0.074142
95.4592 17.1463 0.0862974 0.0595279 95.627 17.138 0.074142
95.8429 16.9311 0.050804 1.06373e-08 95.627 17.138 0.074142
95.2428 17.6031 0.0794069 0.00138965 95.627 17.138 0.074142
95.5378 16.7166 0.0682613 9.61256e-06 95.627 17.138 0.074142
95.5801 17.326 0.0819042 0.132434 95.627 17.138 0.074142
95.5964 17.0309 0.0773396 0.0221867 95.627 17.138 0.074142
95.9189 17.136 0.0572044 3.09769e-06 95.627 17.138 0.074142
95.6309 17.3106 0.0919295 0.0316479 95.627 17.138 0.074142
95.1787 17.331 0.0953064 0.00177691 95.627 17.138 0.074142
95.5669 16.969 0.0755766 0.00806205 95.627 17.138 0.074142
95.7517 16.9313 0.0836744 0.00260532 95.627 17.138 0.074142
95.432 16.9636 0.0714781 0.00169631 95.627 17.138 0.074142
95.3308 16.9291 0.0680212 0.000110212 95.627 17.138 0.074142
95.5868 16.7987 0.0670012 4.196e-05 95.627 17.138 0.074142
96.3195 16.9965 0.0474528 3.37519e-13 95.627 17.138 0.074142
96.0377 16.8571 0.0692104 4.39888e-06 95.627 17.138 0.074142
95.63 16.869 0.0521738 2.32374e-08 95.627 17.138 0.074142
95.1595 16.9957 0.0838617 0.000675869 95.627 17.138 0.074142
95.8371 16.9266 0.0795156 0.0011982 95.627 17.138 0.074142
95.2815 16.9121 0.0698927 9.28407e-05 95.627 17.138 0.074142
95.4058 16.8203 0.0606892 9.99087e-07 95.627 17.138 0.074142
95.22 17.5172 0.0726271 0.00042885 95.627 17.138 0.074142
95.7521 16.9199 0.0790268 0.00256998 95.627 17.138 0.074142
95.8126 17.0599 0.0660227 0.000549016 95.627 17.138 0.074142
95.5684 17.4197 0.0548385 1.15277e-06 95.627 17.138 0.074142
95.5889 17.4468 0.0708221 0.00965523 95.627 17.138 0.074142
95.8865 17.1457 0.0780684 0.00690484 95.627 17.138 0.074142
95.2183 16.7224 0.0843295 7.96552e-06 95.627 17.138 0.074142
95.5303 16.84 0.087939 0.000724673 95.627 17.138 0.074142
95.1318 17.1144 0.0868345 0.0014421 95.627 17.138 0.074142
95.9475 17.163 0.0754585 0.00238966 95.627 17.138 0.074142
95.2037 16.6264 0.0800521 4.28941e-07 95.627 17.138 0.074142
95.6468 16.8854 0.0751717 0.00184877 95.627 17.138 0.074142
95.5243 17.6218 0.0645481 5.68316e-05 95.627 17.138 0.074142
95.366 17.6215 0.0757064 0.00194858 95.627 17.138 0.074142
