227.295 -12.5223 2.8994 1.30152e-19 228.1 -13.376 2.9022
228.71 -13.1619 2.91216 5.68009e-06 228.1 -13.376 2.9022
227.827 -13.1371 2.90755 6.90907e-05 228.1 -13.376 2.9022
227.97 -13.2551 2.91584 1.83113e-07 228.1 -13.376 2.9022
227.741 -13.433 2.885 0.000140104 228.1 -13.376 2.9022
228.511 -13.5705 2.89938 5.11204e-05 228.1 -13.376 2.9022
228.104 -13.5859 2.9108 0.00113098 228.1 -13.376 2.9022
228.157 -13.5703 2.90145 0.106886 228.1 -13.376 2.9022
227.767 -13.0314 2.88964 0.000159038 228.1 -13.376 2.9022
227.997 -13.1171 2.90252 0.0243055 228.1 -13.376 2.9022
228.132 -12.7598 2.88816 1.04605e-10 228.1 -13.376 2.9022
228.282 -13.4552 2.89921 0.0369311 228.1 -13.376 2.9022
228.428 -13.2081 2.91026 0.00297362 228.1 -13.376 2.9022
228.472 -13.1983 2.89948 0.000186282 228.1 -13.376 2.9022
227.748 -13.5965 2.90411 0.000438352 228.1 -13.376 2.9022
228.741 -13.3869 2.90406 1.33719e-06 228.1 -13.376 2.9022
228.07 -12.4405 2.89559 1.59376e-14 228.1 -13.376 2.9022
228.086 -13.3452 2.89133 0.0035711 228.1 -13.376 2.9022
228.177 -12.8998 2.88274 5.88522e-13 228.1 -13.376 2.9022
228.846 -12.8854 2.91087 9.55492e-11 228.1 -13.376 2.9022
228.3 -13.0785 2.89638 0.000224787 228.1 -13.376 2.9022
227.991 -12.5064 2.90025 2.64859e-12 228.1 -13.376 2.9022
228.639 -12.627 2.89318 2.40847e-18 228.1 -13.376 2.9022
228.232 -13.433 2.9238 1.0278e-10 228.1 -13.376 2.9022
228.652 -13.2436 2.90254 7.1172e-06 228.1 -13.376 2.9022
227.803 -13.4161 2.88959 0.00852626 228.1 -13.376 2.9022
228.087 -12.5757 2.91993 1.60896e-18 228.1 -13.376 2.9022
228.294 -13.6814 2.90082 0.00368533 228.1 -13.376 2.9022
228.443 -13.5333 2.91677 3.53714e-05 228.1 -13.376 2.9022
228.287 -12.9671 2.88718 2.68014e-10 228.1 -13.376 2.9022
227.716 -12.9037 2.90471 1.96875e-07 228.1 -13.376 2.9022
228.917 -13.0337 2.90278 1.61067e-12 228.1 -13.376 2.9022
228.422 -13.0716 2.92666 4.2637e-13 228.1 -13.376 2.9022
228.142 -13.386 2.9011 0.352264 228.1 -13.376 2.9022
227.72 -13.4898 2.90565 0.000148071 228.1 -13.376 2.9022
228.302 -13.3326 2.90843 0.0423646 228.1 -13.376 2.9022
228.252 -13.1344 2.895 0.000591556 228.1 -13.376 2.9022
228.481 -12.998 2.90801 4.81559e-05 228.1 -13.376 2.9022
228.541 -13.1176 2.91945 2.54484e-07 228.1 -13.376 2.9022
228.274 -13.2504 2.92149 1.19616e-08 228.1 -13.376 2.9022
227.745 -13.821 2.93137 1.997e-32 228.1 -13.376 2.9022
227.942 -13.2051 2.92681 6.89232e-19 228.1 -13.376 2.9022
228.013 -13.0101 2.89083 7.06061e-05 228.1 -13.376 2.9022
228.149 -13.1538 2.9131 0.000106663 228.1 -13.376 2.9022
227.673 -13.3189 2.897 0.0132653 228.1 -13.376 2.9022
228.35 -13.337 2.89672 0.00182022 228.1 -13.376 2.9022
227.957 -13.0282 2.9006 0.00454265 228.1 -13.376 2.9022
228.2 -13.4053 2.89588 0.0246353 228.1 -13.376 2.9022
227.864 -13.068 2.89211 0.00168436 228.1 -13.376 2.9022
228.445 -12.9353 2.90809 1.45926e-05 228.1 -13.376 2.9022
227.935 -13.2907 2.91084 0.000138522 228.1 -13.376 2.9022
229.111 -12.8342 2.90017 5.79289e-22 228.1 -13.376 2.9022
228.214 -12.9458 2.90836 8.32852e-05 228.1 -13.376 2.9022
227.605 -13.1211 2.89686 0.000355405 228.1 -13.376 2.9022
227.866 -13.1908 2.91487 1.73141e-08 228.1 -13.376 2.9022
227.995 -12.5859 2.89734 1.93116e-10 228.1 -13.376 2.9022
227.7 -13.7826 2.90646 2.52446e-07 228.1 -13.376 2.9022
228.123 -13.2103 2.90186 0.138814 228.1 -13.376 2.9022
227.765 -13.2644 2.90847 1.9887e-05 228.1 -13.376 2.9022
228.177 -13.025 2.91677 1.07201e-07 228.1 -13.376 2.9022
228.943 -13.5355 2.89427 1.70858e-17 228.1 -13.376 2.9022
228.253 -13.8881 2.89961 1.75809e-05 228.1 -13.376 2.9022
228.143 -13.1808 2.9174 4.34209e-07 228.1 -13.376 2.9022
228.775 -13.6098 2.92197 3.98471e-09 228.1 -13.376 2.9022
228.262 -12.9293 2.90149 0.000127145 228.1 -13.376 2.9022
228.419 -13.9397 2.89762 2.08418e-08 228.1 -13.376 2.9022
228.444 -13.7045 2.90523 0.000491251 228.1 -13.376 2.9022
228.423 -13.1173 2.8981 7.76072e-05 228.1 -13.376 2.9022
228.205 -12.9435 2.89239 1.82844e-06 228.1 -13.376 2.9022
228.215 -13.0154 2.92908 2.58218e-18 228.1 -13.376 2.9022
228.692 -12.9508 2.90812 8.37975e-08 228.1 -13.376 2.9022
228.094 -13.4054 2.92111 7.02581e-10 228.1 -13.376 2.9022
228.362 -12.9483 2.91734 4.87242e-08 228.1 -13.376 2.9022
228.085 -14.0697 2.89775 3.82617e-08 228.1 -13.376 2.9022
228.22 -13.1596 2.91271 0.000364685 228.1 -13.376 2.9022
228.289 -13.5398 2.91213 0.00226511 228.1 -13.376 2.9022
227.927 -13.0508 2.91452 1.84949e-08 228.1 -13.376 2.9022
228.011 -13.0177 2.92026 3.17835e-12 228.1 -13.376 2.9022
227.829 -13.0921 2.90724 4.46061e-05 228.1 -13.376 2.9022
227.812 -12.7724 2.89844 4.25562e-07 228.1 -13.376 2.9022
228.209 -13.1623 2.89701 0.00877438 228.1 -13.376 2.9022
227.948 -13.5576 2.90191 0.0812967 228.1 -13.376 2.9022
228.772 -13.249 2.90903 2.24925e-06 228.1 -13.376 2.9022
228.654 -12.9581 2.89526 1.21707e-11 228.1 -13.376 2.9022
228.474 -13.2845 2.93188 1.32013e-16 228.1 -13.376 2.9022
227.9 -13.3365 2.88897 0.00346637 228.1 -13.376 2.9022
227.697 -13.3052 2.90466 0.000226282 228.1 -13.376 2.9022
228.5 -13.0035 2.89197 3.41081e-10 228.1 -13.376 2.9022
228.295 -13.163 2.90127 0.0150939 228.1 -13.376 2.9022
228.575 -12.9203 2.90245 1.35994e-07 228.1 -13.376 2.9022
228.354 -13.2693 2.90474 0.0375088 228.1 -13.376 2.9022
228.053 -13.1703 2.89852 0.0776695 228.1 -13.376 2.9022
228.074 -12.9588 2.91053 7.89718e-06 228.1 -13.376 2.9022
228.804 -13.2301 2.89818 6.62712e-11 228.1 -13.376 2.9022
228.7 -13.0595 2.89575 3.22091e-11 228.1 -13.376 2.9022
227.557 -13.3578 2.8921 0.00206821 228.1 -13.376 2.9022
228.455 -13.1452 2.8934 2.94807e-07 228.1 -13.376 2.9022
228.641 -13.4566 2.90304 2.52515e-05 228.1 -13.376 2.9022
228.5 -12.9077 2.90919 2.13727e-06 228.1 -13.376 2.9022
228.536 -13.1178 2.91037 0.000170396 228.1 -13.376 2.9022
