188.764 -9.94249 3.17427 1.39311e-13
188.554 -10.4862 3.16791 1.0744e-19
188.538 -9.9788 3.19081 0.000110246
188.399 -10.2389 3.18981 8.72426e-07
188.315 -9.99963 3.16712 3.68562e-08
187.65 -9.93303 3.15898 7.90002e-06
188.214 -10.0438 3.17435 0.00154168
188.293 -9.32126 3.16512 2.66606e-13
188.265 -10.4981 3.17469 3.84622e-11
188.295 -10.2338 3.17498 2.14123e-06
188.005 -10.5961 3.17673 9.87107e-12
188.27 -10.2835 3.16887 2.54723e-09
188.359 -10.0748 3.17444 1.40708e-05
188.286 -9.85166 3.17409 0.00157943
188.182 -10.7608 3.16718 5.45953e-20
188.384 -10.3672 3.17993 1.20838e-08
188.093 -9.65079 3.14587 1.14765e-25
188.569 -10.3076 3.16268 2.77448e-21
188.223 -10.0044 3.16549 1.2181e-07
188.87 -10.5833 3.17597 1.45133e-25
187.848 -10.4475 3.1748 3.73604e-08
188.218 -10.3742 3.1597 4.05232e-16
188.16 -10.1134 3.17069 7.32659e-05
187.926 -9.4824 3.16877 0.000212011
187.934 -10.3321 3.17087 3.25471e-06
188.326 -10.8037 3.15968 4.1809e-29
187.761 -10.1593 3.18409 5.44739e-06
187.729 -10.201 3.17557 0.000185263
188.889 -10.2272 3.20174 1.90192e-14
188.591 -10.4823 3.15953 1.80219e-28
188.737 -10.5917 3.17712 2.23362e-21
188.371 -9.89868 3.1517 1.0336e-24
188.275 -9.91103 3.16592 6.89756e-08
188.791 -9.93894 3.18209 7.12676e-10
188.068 -10.1028 3.15795 2.2857e-11
188.17 -10.2577 3.1813 5.67211e-05
188.427 -10.4804 3.14526 1.20108e-41
188.295 -10.0569 3.15639 2.1291e-17
188.391 -10.6117 3.16287 1.70731e-22
188.503 -9.86301 3.18312 0.000772235
188.503 -10.3348 3.18571 5.91436e-09
188.625 -10.7245 3.16605 2.28212e-29
188.354 -9.72712 3.16775 3.42174e-08
188.211 -10.1173 3.16592 5.19635e-08
188.199 -10.0623 3.17604 0.00395371
187.786 -10.5877 3.16828 6.25859e-12
187.746 -10.1716 3.17426 0.000752866
188.111 -9.64095 3.17845 0.219714
188.044 -9.6442 3.17498 0.113759
188.05 -9.9098 3.18251 0.259534
188.527 -9.93148 3.17677 1.87581e-06
188.56 -10.1598 3.15572 4.94433e-27
187.917 -10.572 3.19331 3.87274e-18
188.181 -9.86885 3.17179 0.00316006
188.117 -10.4562 3.16939 2.96154e-10
188.328 -9.97503 3.17156 1.15426e-05
188.176 -9.6737 3.1811 0.284233
187.669 -9.78225 3.18095 0.0020002
188.75 -10.5137 3.17229 1.23986e-22
188.52 -10.4823 3.19734 3.46428e-15
188.017 -10.2188 3.16051 8.49064e-10
189.121 -10.7803 3.18098 6.90737e-37
188.049 -9.79592 3.1648 3.17123e-05
187.784 -10.3022 3.16121 2.21747e-08
187.525 -10.6529 3.18423 1.26697e-20
188.202 -9.64539 3.17689 0.0368408
188.354 -10.7263 3.17225 2.33343e-19
187.652 -10.4038 3.18118 2.32138e-10
188.623 -10.0445 3.17088 8.98524e-13
188.224 -10.244 3.1627 7.07377e-12
188.328 -10.3593 3.17121 2.29777e-10
188.208 -9.80252 3.16525 3.88684e-07
188.539 -10.2024 3.18326 2.41229e-07
188.435 -10.1699 3.16226 4.1422e-16
188.131 -9.90506 3.17282 0.0180533
188.196 -10.2273 3.16726 3.03076e-08
188.196 -10.0659 3.16056 3.07499e-11
188.408 -9.74726 3.16585 1.05018e-10
188.422 -10.212 3.17791 6.21391e-07
188.047 -10.3725 3.16663 5.1714e-09
188.582 -9.64611 3.15965 2.37431e-22
188.928 -10.4391 3.17973 1.24996e-21
187.797 -9.92899 3.19284 3.08239e-08
188.045 -9.83614 3.15051 1.39253e-17
188.848 -9.79941 3.18587 2.55542e-09
188.038 -9.76746 3.17131 0.0351336
188.582 -10.4411 3.16671 1.97981e-20
188.095 -9.57844 3.18799 0.0181919
187.725 -9.97104 3.20144 3.58716e-18
188.736 -10.7321 3.1533 4.24395e-48
187.616 -10.7006 3.18635 8.39144e-22
187.836 -10.408 3.18148 1.47627e-08
187.588 -10.1719 3.17579 1.74123e-05
188.709 -9.87259 3.17692 3.91305e-10
188.423 -9.65112 3.15591 7.8563e-22
188.395 -10.0062 3.17564 4.21415e-05
188.448 -10.1138 3.15518 1.43704e-23
188.313 -10.7944 3.16604 7.40871e-24
188.242 -9.73861 3.16692 1.01066e-06
188.459 -9.45795 3.17709 1.02295e-06
