12.1487 6.98208 0.239001 1.41348e-13
11.1711 6.80781 0.243489 0.0287564
11.9093 6.89953 0.228799 9.1442e-08
11.4558 6.96556 0.234917 0.00126919
11.7482 6.64981 0.250043 6.59059e-09
10.9075 7.48132 0.24517 9.4431e-10
11.3495 6.6094 0.247996 0.00424099
11.6931 6.52398 0.264776 1.0234e-20
11.3854 7.13184 0.239755 0.0366119
11.9269 6.91507 0.232754 2.95474e-07
11.1767 7.11815 0.248249 0.055651
10.9411 6.77676 0.243806 4.62219e-05
11.5238 6.84285 0.25251 0.000161204
11.3887 6.78439 0.250264 0.0302565
11.5248 6.79782 0.243976 0.0166888
11.4831 6.92369 0.240918 0.0453245
11.6957 7.13527 0.276957 1.71264e-39
11.565 6.73457 0.248827 0.000351405
11.2649 6.98115 0.238141 0.00249289
11.4663 6.59121 0.235111 4.73615e-06
10.944 6.68552 0.231744 4.03941e-15
11.2535 6.26905 0.245469 7.44616e-10
11.4664 6.53479 0.248476 4.94325e-05
11.8071 7.18771 0.233407 7.13297e-07
11.1694 6.47131 0.251395 7.85833e-05
11.6088 6.78198 0.236867 0.000991615
11.7831 6.27474 0.246987 2.69303e-15
10.9148 6.52574 0.236789 2.72771e-13
11.935 7.03233 0.228069 2.54483e-08
11.4695 6.45727 0.244498 3.97408e-06
11.4376 7.48968 0.224929 7.53935e-12
11.3329 6.70114 0.229507 3.99066e-09
11.9991 7.02348 0.243524 2.49348e-11
11.4022 7.43809 0.242803 5.57856e-07
11.3892 6.73304 0.228662 8.6325e-09
11.4607 6.83199 0.23714 0.00533465
11.5663 6.92387 0.236357 0.0035158
11.9163 6.47601 0.226542 1.16227e-13
11.4074 6.83503 0.235136 0.000678814
11.674 6.78647 0.252725 1.01286e-07
11.3578 7.30397 0.238876 0.000228609
11.2498 6.74717 0.233326 6.95763e-07
11.8207 6.82346 0.246412 8.79367e-08
11.4437 6.85255 0.252877 0.00175158
11.7623 7.01342 0.240905 4.25049e-05
11.9788 7.0069 0.2567 5.33918e-21
11.797 6.74191 0.260712 4.21488e-18
11.5609 7.04602 0.245829 0.00226232
11.7936 7.13387 0.24483 1.22044e-07
11.454 6.76531 0.251313 0.00275813
11.218 6.95952 0.255971 0.0114317
11.3351 6.40986 0.243896 1.10038e-06
11.5708 6.80978 0.230559 9.03216e-06
11.3282 6.37587 0.239895 1.33985e-08
11.294 6.69687 0.224272 9.44214e-15
11.3911 7.13953 0.239654 0.0296686
12.0876 7.16862 0.232591 1.9156e-11
11.5321 6.61857 0.25153 1.30381e-05
11.5623 6.99724 0.231832 8.35444e-05
11.9123 6.83879 0.238065 2.49592e-07
11.7399 7.06584 0.249046 8.73106e-08
11.4915 6.33489 0.231594 3.72973e-13
11.4345 7.33974 0.235617 2.04902e-05
11.329 6.39139 0.249115 1.08979e-06
11.1113 6.35138 0.243885 4.92757e-09
11.6135 6.50201 0.236512 2.55009e-07
11.4237 6.72528 0.255075 0.000145118
11.074 6.49528 0.25903 1.8246e-05
11.1599 6.90388 0.256637 0.0211024
11.3907 6.99076 0.240157 0.0364833
11.1919 6.68353 0.255446 0.00872546
11.3228 6.92939 0.233591 4.40367e-05
11.0099 6.59608 0.253531 0.00198285
11.8633 6.82162 0.236292 2.2296e-06
11.1538 7.39564 0.256225 4.98738e-08
11.5058 6.92726 0.228882 1.44248e-06
11.2914 6.87833 0.247999 0.310023
10.9784 7.45017 0.254988 9.84347e-09
11.6503 6.89947 0.255234 1.105e-08
11.7866 6.96911 0.241739 1.62566e-05
10.9732 7.05001 0.240729 0.00134383
11.2862 7.76013 0.237916 7.80372e-16
11.4603 6.59444 0.241601 0.000444337
11.2659 6.847 0.246279 0.280951
11.6702 6.24384 0.227614 6.03775e-18
11.5506 6.94365 0.229537 6.03685e-06
11.7199 6.18884 0.245853 3.87292e-16
11.5722 6.53492 0.258889 1.52393e-11
11.4775 7.07751 0.235313 0.000740679
10.8041 6.80996 0.249921 9.21662e-05
11.7966 6.98626 0.256503 3.85552e-14
11.673 7.30973 0.25237 2.27231e-11
11.3807 6.72302 0.248009 0.0352077
12.0782 7.37222 0.223082 8.44712e-14
11.4478 7.06104 0.23349 0.000138543
11.4641 7.07802 0.245046 0.0142274
11.6027 7.0649 0.233274 0.000156167
10.971 6.8055 0.242164 2.96456e-05
11.2757 6.66428 0.232836 9.52893e-08
11.4894 6.85485 0.249341 0.00733428
