52.4276 -60.9788 3.95537 1.11799e-07
52.1318 -60.8296 3.9516 1.19942e-05
52.235 -60.6314 3.94622 0.00055365
51.732 -61.0552 3.92818 0.000117116
52.2689 -61.0026 3.93349 0.0232112
51.93 -61.2739 3.9263 9.81315e-06
51.7174 -61.9071 3.92244 2.83354e-26
51.9052 -60.6496 3.94631 2.79558e-06
51.5223 -61.0309 3.94534 4.87994e-14
52.1665 -61.1363 3.92448 2.92007e-05
51.8699 -61.1134 3.95332 5.1889e-12
51.6446 -61.2499 3.9313 4.67701e-08
51.6936 -60.4989 3.92725 1.11479e-08
52.0694 -61.6891 3.94535 6.10914e-18
51.7401 -60.8116 3.92457 4.40279e-05
52.3157 -60.9874 3.94725 0.00122075
52.1833 -61.0263 3.95287 8.40664e-07
52.1683 -60.7708 3.93496 0.0956179
52.024 -60.7839 3.9426 0.00999525
51.8085 -61.2644 3.93185 6.72063e-06
51.7569 -60.9936 3.92113 8.00875e-06
52.1427 -60.8485 3.94644 0.00394247
52.6015 -61.1267 3.93921 5.12387e-07
51.5697 -60.8679 3.95169 8.80779e-17
52.1984 -61.2468 3.94576 6.09121e-06
51.5128 -61.0515 3.93037 1.3227e-08
51.9773 -61.3237 3.92953 8.1333e-06
51.6589 -61.2443 3.94618 2.43884e-13
51.9117 -60.7463 3.92688 0.00134352
52.0247 -60.9235 3.93259 0.136217
52.1984 -60.8835 3.94706 0.00344106
51.7595 -61.0756 3.93325 0.000201885
52.1497 -61.9414 3.92057 3.58683e-28
51.961 -60.7176 3.93288 0.0154221
52.0966 -60.7203 3.93852 0.0521508
51.9264 -60.9738 3.91083 5.2921e-12
52.068 -60.9593 3.93601 0.190421
51.6878 -60.5109 3.9339 3.17277e-08
51.9485 -61.0046 3.93437 0.0425252
52.4414 -60.5991 3.93607 2.05434e-05
51.7128 -60.8904 3.9283 0.000172773
51.5649 -60.5416 3.94737 1.12787e-15
51.513 -61.4768 3.93133 2.50483e-15
51.9927 -60.5091 3.92144 7.27536e-09
52.5558 -60.9398 3.95003 4.72683e-06
52.0226 -60.7651 3.92498 0.000588588
52.3696 -61.3524 3.91035 4.05615e-22
52.6396 -60.8289 3.95818 2.35249e-10
52.5145 -60.4725 3.91566 5.11675e-22
51.503 -60.9699 3.9357 1.49753e-09
52.1399 -60.6265 3.92814 0.000173819
51.8899 -61.0494 3.92438 0.000423184
52.1196 -61.6159 3.92624 1.03716e-13
51.7561 -60.9541 3.93765 0.000140193
52.1866 -60.958 3.93555 0.164394
52.2275 -60.8065 3.96008 5.86668e-11
52.1459 -61.3298 3.94596 1.05109e-07
51.9421 -61.7991 3.93478 1.30327e-19
52.2829 -61.3483 3.93364 1.35926e-06
51.6717 -61.0966 3.94553 1.26859e-10
52.4469 -61.0481 3.92281 1.1678e-09
51.9626 -60.2851 3.93625 7.94938e-10
51.4635 -60.9749 3.91894 1.30052e-10
51.4638 -61.0628 3.93253 2.99019e-10
52.1405 -61.3425 3.94355 4.3965e-07
51.6274 -61.0441 3.93746 1.89129e-07
51.571 -61.2618 3.9415 4.19474e-13
51.8775 -60.9965 3.9394 0.00193345
52.2459 -60.6999 3.94167 0.0175145
52.0408 -60.6041 3.93113 0.000984206
51.976 -60.9619 3.93032 0.0462833
52.4844 -61.371 3.94301 3.60941e-09
51.7387 -61.191 3.94972 4.56369e-13
51.9886 -60.6418 3.92956 0.00111458
51.9904 -61.0434 3.92064 1.44059e-05
51.6375 -60.1001 3.96327 1.07446e-37
52.0844 -61.0844 3.97179 5.53098e-28
52.3115 -61.283 3.92606 6.13905e-08
52.6548 -60.7915 3.93688 1.62939e-07
52.4063 -60.682 3.93401 0.00016475
52.3538 -60.6688 3.93202 0.000154127
52.6645 -60.6851 3.93482 4.10062e-09
51.7786 -60.9669 3.94496 5.07095e-07
51.8879 -60.9052 3.94719 4.44193e-06
52.0506 -61.176 3.94431 5.60572e-05
51.7013 -60.6231 3.93073 2.71048e-06
51.8203 -61.0674 3.92964 0.00127543
52.2252 -60.8368 3.93174 0.028163
52.4515 -60.9937 3.93932 0.0014181
51.6053 -60.6712 3.92829 1.7304e-07
52.1825 -60.8966 3.93374 0.138852
52.4701 -61.1114 3.94813 7.13929e-06
52.0522 -61.3393 3.9194 1.00601e-09
52.4003 -60.8805 3.943 0.00745148
51.868 -60.6908 3.92181 4.00381e-06
51.7119 -61.3713 3.92387 1.51303e-09
52.1401 -60.8171 3.92194 1.041e-05
52.1519 -60.9937 3.94584 0.00297266
51.893 -60.8454 3.93826 0.00918964
52.2735 -62.1265 3.92669 6.20645e-36
