41.2248 11.7913 0.149358 9.05003e-13
40.5146 11.9417 0.134409 2.3307e-07
40.3913 11.9755 0.171373 5.9202e-15
40.6028 11.6843 0.144041 0.264938
40.9551 12.3978 0.142503 1.58831e-13
40.8487 11.6018 0.152362 6.95972e-06
40.8075 11.9951 0.165902 5.40832e-17
40.7337 11.8995 0.157675 9.89268e-07
40.3586 12.2133 0.147339 4.09452e-06
40.7884 11.6962 0.148305 0.00939892
40.2103 12.1928 0.172702 1.46181e-16
40.3552 12.3072 0.151101 1.41243e-07
40.846 12.2641 0.137984 6.06874e-10
40.9729 12.3661 0.146938 3.17082e-13
40.9101 11.5025 0.159619 2.8094e-14
40.9984 11.9303 0.14743 1.89608e-06
40.5827 11.7862 0.139176 0.00934049
40.7872 12.0328 0.141074 0.00026067
40.3355 11.6726 0.143101 0.00419379
40.9049 11.7125 0.149619 6.05092e-05
40.9292 11.3762 0.16899 9.54478e-30
40.2671 12.2212 0.155026 2.53646e-06
40.5175 11.7701 0.165937 1.70787e-10
40.549 12.2486 0.176049 2.78653e-27
40.7862 12.3125 0.14942 2.07029e-09
40.7607 12.3454 0.132929 6.70983e-15
40.6555 11.4421 0.141173 0.00140668
40.236 11.3302 0.153332 7.94872e-07
40.531 11.7653 0.140504 0.0212748
40.8256 12.3201 0.152471 4.01046e-11
40.7646 11.2269 0.146706 4.1591e-08
40.8958 11.8332 0.142128 0.00227353
41.0635 12.1491 0.139012 1.23347e-09
40.9687 11.9246 0.153937 3.85884e-09
40.7576 12.1284 0.130933 2.76408e-11
40.9871 12.4817 0.168924 3.782e-35
40.7499 11.6739 0.133794 6.58903e-05
40.3647 12.7154 0.152084 8.50505e-18
40.8635 12.5422 0.139995 1.21741e-17
41.1453 12.0122 0.154087 5.7311e-15
40.5075 11.8953 0.150783 0.156497
40.5984 12.1364 0.151155 0.000172853
40.6082 11.5912 0.143922 0.0978717
40.4863 12.2585 0.140163 4.57466e-09
40.3399 12.0187 0.131094 1.68485e-14
40.4454 11.9009 0.138053 4.27784e-05
40.911 12.2002 0.138038 5.82405e-09
40.9892 11.8284 0.146455 2.12284e-05
40.8603 11.9669 0.150523 2.6351e-05
40.5854 11.9601 0.143811 0.0252711
40.3141 11.9008 0.137431 1.95954e-07
40.8876 11.5738 0.147828 0.000115376
39.9726 11.9247 0.152589 2.07683e-06
40.648 12.1312 0.1401 8.7563e-06
40.258 12.0373 0.158325 0.000170625
40.3627 11.9074 0.134559 4.3008e-09
41.1369 12.0341 0.152729 7.4156e-14
41.1153 11.6343 0.145834 4.35636e-08
40.5617 11.7969 0.12103 8.2949e-21
40.9045 11.8608 0.143544 0.00122956
41.021 12.0074 0.143952 9.06628e-07
40.2849 12.0422 0.149001 0.00120618
40.9346 11.9843 0.14277 5.15253e-05
40.4822 11.407 0.14591 0.00105984
40.2386 11.9547 0.158597 0.000558348
40.699 11.5857 0.137155 0.00155468
40.719 11.9921 0.142734 0.00395189
40.8207 11.5573 0.140188 0.00326969
41.0496 11.4383 0.144661 5.66963e-08
40.9493 12.0114 0.115587 1.91917e-26
40.9364 11.6858 0.150242 6.29199e-06
40.8366 11.9323 0.150974 7.87491e-05
40.7539 12.2461 0.140413 3.61671e-08
40.6169 12.3681 0.139445 1.32888e-11
40.2425 11.7442 0.144207 0.000839088
41.0722 11.9443 0.155488 2.51667e-13
40.7148 11.7084 0.148743 0.0479385
40.6617 12.0167 0.146841 0.00836623
40.5038 11.899 0.155411 0.00859288
41.0473 11.8857 0.151805 1.69945e-09
40.6008 12.2915 0.140469 4.15026e-09
40.7857 12.2791 0.150171 8.22746e-09
40.6129 11.9181 0.124916 1.09462e-15
40.3319 12.0536 0.15838 0.000131196
40.6483 12.2787 0.15138 1.43939e-07
40.517 11.9518 0.147396 0.0860411
40.3812 11.7491 0.142157 0.00666674
40.9169 11.6147 0.131757 2.23871e-06
40.6249 12.3097 0.156256 1.14368e-09
40.5548 12.1909 0.146891 4.09337e-05
40.9802 11.8492 0.152886 2.23848e-08
40.3461 12.1102 0.13172 3.44267e-15
40.5102 12.1043 0.166689 1.78444e-12
40.7987 12.0134 0.152201 1.96997e-05
40.6546 11.8081 0.144525 0.227009
41.0831 12.0264 0.149968 1.87651e-10
40.7635 11.5481 0.145739 0.00793029
40.3298 12.141 0.161804 2.42635e-07
40.9479 12.4218 0.145046 4.29835e-14
40.5242 12.2116 0.148626 2.33519e-05
