-20.9343 -7.75097 0.731415 0.00130496 -20.897 -7.9242 0.73941
-20.6614 -7.86898 0.744171 0.00561736 -20.897 -7.9242 0.73941
-20.9639 -8.12812 0.729512 3.29972e-11 -20.897 -7.9242 0.73941
-20.9173 -7.91698 0.730179 2.87173e-06 -20.897 -7.9242 0.73941
-21.6832 -7.91995 0.744332 9.82663e-13 -20.897 -7.9242 0.73941
-21.0277 -7.78779 0.732061 0.000391955 -20.897 -7.9242 0.73941
-20.7541 -7.78454 0.751032 0.00542909 -20.897 -7.9242 0.73941
-20.1745 -7.63581 0.748913 4.36954e-14 -20.897 -7.9242 0.73941
-20.8791 -7.9278 0.753611 0.00686548 -20.897 -7.9242 0.73941
-20.7295 -7.51845 0.752644 6.51759e-06 -20.897 -7.9242 0.73941
-20.3982 -7.72998 0.741449 2.40581e-06 -20.897 -7.9242 0.73941
-20.7674 -7.96713 0.740768 0.00296826 -20.897 -7.9242 0.73941
-20.3947 -7.75553 0.747225 2.26553e-07 -20.897 -7.9242 0.73941
-20.9209 -7.71506 0.742563 0.407171 -20.897 -7.9242 0.73941
-21.0889 -7.86071 0.748635 0.0534088 -20.897 -7.9242 0.73941
-20.7877 -8.08321 0.746701 0.000887139 -20.897 -7.9242 0.73941
-21.3153 -7.94785 0.743345 4.14845e-05 -20.897 -7.9242 0.73941
-20.4522 -7.6496 0.738071 4.06045e-05 -20.897 -7.9242 0.73941
-20.6142 -7.27486 0.738159 3.28192e-05 -20.897 -7.9242 0.73941
-21.1244 -7.97084 0.737189 5.96091e-05 -20.897 -7.9242 0.73941
-20.4351 -8.02415 0.750784 3.29574e-08 -20.897 -7.9242 0.73941
-20.98 -7.42105 0.729385 0.00213642 -20.897 -7.9242 0.73941
-20.7358 -7.87294 0.761118 3.06675e-07 -20.897 -7.9242 0.73941
-20.8126 -8.36952 0.748639 2.63793e-08 -20.897 -7.9242 0.73941
-20.4431 -7.83824 0.744136 5.04337e-06 -20.897 -7.9242 0.73941
-21.2805 -8.26662 0.755187 3.9184e-07 -20.897 -7.9242 0.73941
-20.5203 -8.46756 0.751619 1.43942e-13 -20.897 -7.9242 0.73941
-21.0906 -7.7956 0.741504 0.0596891 -20.897 -7.9242 0.73941
-21.1119 -7.75856 0.754214 0.00210345 -20.897 -7.9242 0.73941
-20.53 -7.88362 0.744782 8.45662e-05 -20.897 -7.9242 0.73941
-20.9062 -7.6981 0.725568 6.93179e-06 -20.897 -7.9242 0.73941
-21.1261 -7.49881 0.74107 0.014046 -20.897 -7.9242 0.73941
-20.536 -7.83826 0.766706 1.24608e-14 -20.897 -7.9242 0.73941
-21.4055 -7.82862 0.747372 1.84149e-05 -20.897 -7.9242 0.73941
-20.5759 -7.27006 0.73631 2.1427e-05 -20.897 -7.9242 0.73941
-20.6915 -7.97013 0.758275 4.20324e-06 -20.897 -7.9242 0.73941
-20.8728 -8.00932 0.733858 7.20896e-06 -20.897 -7.9242 0.73941
-20.7211 -7.87431 0.770572 1.78225e-14 -20.897 -7.9242 0.73941
-20.404 -7.55818 0.730994 1.76688e-06 -20.897 -7.9242 0.73941
-20.7814 -7.87457 0.736367 0.00341921 -20.897 -7.9242 0.73941
-20.6427 -8.19025 0.717672 6.88997e-24 -20.897 -7.9242 0.73941
-20.3406 -8.28676 0.734774 3.52859e-17 -20.897 -7.9242 0.73941
-20.9202 -7.40222 0.748861 9.61773e-05 -20.897 -7.9242 0.73941
-20.782 -7.46195 0.746965 0.000938751 -20.897 -7.9242 0.73941
-20.9835 -7.89156 0.730065 3.43651e-06 -20.897 -7.9242 0.73941
-20.8895 -7.98695 0.733138 7.73902e-06 -20.897 -7.9242 0.73941
-21.1157 -8.2358 0.746369 3.1392e-06 -20.897 -7.9242 0.73941
-21.159 -7.53465 0.729142 4.92747e-05 -20.897 -7.9242 0.73941
-20.7574 -8.48443 0.736965 1.23383e-16 -20.897 -7.9242 0.73941
-21.3715 -7.98023 0.73574 3.44281e-09 -20.897 -7.9242 0.73941
-20.8326 -8.07361 0.746978 0.00207898 -20.897 -7.9242 0.73941
-20.4038 -7.88109 0.729558 1.05384e-09 -20.897 -7.9242 0.73941
-20.6961 -7.00922 0.731118 7.86588e-08 -20.897 -7.9242 0.73941
-20.952 -7.98044 0.727565 3.41461e-09 -20.897 -7.9242 0.73941
-21.1927 -7.53221 0.7262 7.83327e-07 -20.897 -7.9242 0.73941
-20.4828 -7.42126 0.750708 8.33832e-10 -20.897 -7.9242 0.73941
-20.7331 -7.68009 0.727933 0.000144968 -20.897 -7.9242 0.73941
-21.137 -7.86284 0.758262 0.000146706 -20.897 -7.9242 0.73941
-20.5131 -7.53682 0.743602 4.33005e-05 -20.897 -7.9242 0.73941
-21.1762 -7.27855 0.739524 3.03066e-05 -20.897 -7.9242 0.73941
-20.4733 -7.7037 0.741085 6.83583e-05 -20.897 -7.9242 0.73941
-20.6183 -8.20979 0.728096 4.24319e-15 -20.897 -7.9242 0.73941
-21.208 -7.15054 0.754309 2.52214e-14 -20.897 -7.9242 0.73941
-21.0798 -7.46265 0.735925 0.0133244 -20.897 -7.9242 0.73941
-20.9621 -8.15606 0.758318 6.35526e-05 -20.897 -7.9242 0.73941
-21.3998 -8.56837 0.7545 7.93309e-15 -20.897 -7.9242 0.73941
-20.738 -8.17051 0.737497 8.99347e-08 -20.897 -7.9242 0.73941
-20.6652 -8.27155 0.738205 2.37789e-10 -20.897 -7.9242 0.73941
-20.4765 -7.69645 0.737939 8.32883e-05 -20.897 -7.9242 0.73941
-21.1092 -8.09168 0.733991 1.84938e-08 -20.897 -7.9242 0.73941
-20.8707 -7.7873 0.736144 0.02982 -20.897 -7.9242 0.73941
-20.661 -7.86408 0.74565 0.0050701 -20.897 -7.9242 0.73941
-20.3622 -8.4158 0.734916 1.50689e-20 -20.897 -7.9242 0.73941
-20.4806 -7.18819 0.749181 1.53489e-13 -20.897 -7.9242 0.73941
-20.9268 -7.84118 0.767165 5.44944e-10 -20.897 -7.9242 0.73941
-20.6689 -7.60673 0.734318 0.0118007 -20.897 -7.9242 0.73941
-20.6606 -7.92814 0.743216 0.00203781 -20.897 -7.9242 0.73941
-21.0627 -8.41865 0.726507 1.18369e-23 -20.897 -7.9242 0.73941
-20.5107 -7.29958 0.728459 7.35159e-06 -20.897 -7.9242 0.73941
-21.0138 -7.85296 0.735706 0.0027103 -20.897 -7.9242 0.73941
-20.9059 -7.66348 0.734092 0.0444038 -20.897 -7.9242 0.73941
-21.2177 -7.78656 0.739389 0.00179698 -20.897 -7.9242 0.73941
-21.3216 -8.1763 0.736824 2.29967e-11 -20.897 -7.9242 0.73941
-20.6178 -7.66152 0.75426 1.69157e-06 -20.897 -7.9242 0.73941
-21.4711 -7.8077 0.735438 2.43844e-09 -20.897 -7.9242 0.73941
-21.1838 -8.05932 0.72474 2.01101e-15 -20.897 -7.9242 0.73941
-21.4317 -7.75815 0.751871 2.34568e-06 -20.897 -7.9242 0.73941
-20.0835 -8.0139 0.72545 1.2863e-21 -20.897 -7.9242 0.73941
-21.2315 -8.07196 0.753563 0.000176282 -20.897 -7.9242 0.73941
-20.4478 -8.0816 0.757588 2.69236e-10 -20.897 -7.9242 0.73941
-20.268 -7.9399 0.729106 1.53469e-13 -20.897 -7.9242 0.73941
-20.9689 -7.78543 0.742895 0.278346 -20.897 -7.9242 0.73941
-20.8747 -8.24032 0.738331 1.67115e-08 -20.897 -7.9242 0.73941
-21.0266 -7.92096 0.735195 0.000233787 -20.897 -7.9242 0.73941
-21.0665 -7.85387 0.759047 0.000106857 -20.897 -7.9242 0.73941
-21.116 -7.56859 0.707427 5.94331e-22 -20.897 -7.9242 0.73941
-20.8165 -7.10393 0.742692 3.34887e-08 -20.897 -7.9242 0.73941
-20.9711 -8.37321 0.739584 2.21729e-11 -20.897 -7.9242 0.73941
-20.7534 -7.58437 0.743951 0.040623 -20.897 -7.9242 0.73941
-20.8423 -7.96574 0.73209 5.40467e-06 -20.897 -7.9242 0.73941
