72.0093 -42.5872 3.78303 3.41646e-14
71.5279 -43.0429 3.79974 0.000113424
71.0317 -42.8422 3.77599 1.31623e-12
71.5463 -42.8639 3.7941 0.0122755
72.2273 -42.7819 3.79227 4.22934e-13
71.6138 -43.0262 3.78777 0.13574
72.1387 -42.6759 3.78235 1.57168e-15
71.7851 -43.261 3.78666 0.00424528
71.6754 -43.1916 3.78107 0.0266316
71.339 -42.5843 3.79199 4.44618e-07
71.4551 -42.9789 3.78806 0.0802537
71.6743 -43.3535 3.78835 0.00285193
71.0761 -42.9954 3.78987 2.16965e-06
70.9854 -42.9639 3.80164 1.00866e-12
71.5169 -43.1504 3.78424 0.207943
71.9518 -42.8941 3.76899 8.49937e-17
71.5228 -43.0265 3.77675 0.000258837
71.5395 -43.1305 3.79069 0.0932799
71.0334 -43.4032 3.78657 1.47173e-08
71.5395 -43.1358 3.79084 0.0831604
71.3267 -43.1224 3.77632 0.000238035
71.028 -43.3484 3.79475 2.06274e-11
71.6378 -43.4955 3.77873 0.00073261
71.923 -43.0356 3.78954 0.000125532
71.3237 -43.0616 3.79311 0.00308057
71.8638 -42.263 3.77981 3.9521e-25
71.5666 -43.6267 3.77032 9.27167e-07
71.763 -43.3608 3.79503 1.23311e-06
72.0223 -42.8873 3.79469 2.40833e-07
71.8371 -42.9496 3.79115 0.00108137
71.5859 -43.362 3.78026 0.0203373
71.4951 -42.9109 3.78362 0.00603979
71.8234 -43.0286 3.78233 0.000427256
71.282 -42.9106 3.7735 3.95263e-09
71.6541 -43.1812 3.78542 0.10855
71.5698 -43.1244 3.7722 6.15144e-06
72.3645 -43.2597 3.76901 2.6506e-23
71.3862 -43.6202 3.78758 1.20235e-07
71.6746 -43.0394 3.77564 2.44916e-05
71.2656 -42.4194 3.79137 8.43171e-12
71.7576 -42.8889 3.78974 0.00353061
71.5681 -42.9549 3.77949 0.000627612
72.3123 -43.2109 3.78196 4.30403e-15
71.2238 -43.1702 3.79283 7.57296e-05
72.2533 -43.2075 3.79682 5.89837e-15
72.0914 -42.5971 3.78528 1.43995e-14
71.5598 -43.1245 3.76163 3.3531e-15
71.7594 -43.6139 3.76924 1.73343e-08
71.8742 -43.1028 3.78713 0.000871052
71.9192 -42.5506 3.79284 1.36189e-09
72.0419 -42.9323 3.79386 1.78814e-07
71.8507 -43.6272 3.78643 5.53864e-09
71.1558 -43.0593 3.7857 0.000140548
71.9644 -43.2031 3.78836 1.49079e-05
71.2253 -42.8974 3.78905 0.000243891
71.6758 -42.9177 3.79601 0.00385958
72.0641 -43.5299 3.78544 9.62902e-11
71.0728 -42.9143 3.79213 4.54195e-07
71.765 -43.3233 3.7874 0.00180713
71.3322 -43.3778 3.78583 0.00160643
71.5812 -43.1954 3.80051 1.26694e-06
71.7514 -43.0122 3.79065 0.0147646
72.0201 -42.7904 3.80018 5.09947e-09
72.0806 -43.5275 3.79934 3.41362e-18
71.5808 -43.7352 3.78597 2.67554e-09
71.36 -43.7169 3.81276 3.17779e-37
71.6388 -42.7697 3.76486 1.36958e-20
71.5972 -43.2961 3.77761 0.00977582
71.3868 -43.1995 3.78063 0.0283524
71.3143 -42.9607 3.80601 1.13558e-09
71.3594 -43.5388 3.78835 1.82185e-06
71.8184 -42.8485 3.78048 7.1889e-07
71.4956 -43.1427 3.79947 1.95258e-05
71.315 -43.3792 3.79108 2.76341e-05
71.902 -43.1398 3.80335 2.90632e-10
71.0266 -42.7913 3.77672 2.58797e-13
71.4751 -42.6695 3.79032 6.10083e-05
71.7242 -42.8514 3.77289 8.32975e-11
71.5587 -42.8741 3.79013 0.0264494
70.8665 -43.2823 3.78852 4.11912e-12
72.3786 -43.0811 3.78717 1.09277e-16
71.6242 -43.3341 3.79479 2.97108e-05
71.7279 -43.6165 3.77488 1.9053e-06
71.8431 -43.2385 3.77047 1.44568e-08
71.6594 -43.1515 3.7975 0.000161209
71.3536 -42.9989 3.78682 0.0231308
71.429 -42.4644 3.77173 8.22898e-23
71.6508 -43.2803 3.78221 0.0415848
71.5508 -42.8112 3.7963 0.0023848
71.4839 -42.3765 3.79867 3.48168e-10
71.645 -43.2011 3.79289 0.00598091
71.2035 -42.7864 3.78936 9.17413e-06
71.6822 -42.1568 3.77207 3.76072e-37
71.5486 -42.9727 3.79307 0.0456841
71.7853 -43.2466 3.77005 5.42855e-08
71.6247 -42.553 3.79443 1.47281e-06
71.8451 -42.9001 3.79096 0.000478768
72.1048 -43.0802 3.78346 7.52847e-09
72.4157 -43.6825 3.79963 4.25343e-33
71.7218 -43.4385 3.78299 0.000918135
