184.419 24.1973 0.0695339 3.46918e-05 184.35 23.829 0.07349
183.753 23.5903 0.0664327 8.98917e-10 184.35 23.829 0.07349
184.156 24.0078 0.0703467 0.00251766 184.35 23.829 0.07349
183.892 23.7315 0.0754176 0.000124596 184.35 23.829 0.07349
184.333 24.3104 0.0800438 1.39251e-10 184.35 23.829 0.07349
184.437 24.3146 0.0819994 4.61523e-12 184.35 23.829 0.07349
184.677 24.2125 0.066681 1.52875e-06 184.35 23.829 0.07349
184.044 23.9212 0.0893467 5.74136e-09 184.35 23.829 0.07349
184.208 23.8036 0.0662632 0.11231 184.35 23.829 0.07349
184.122 24.0348 0.079647 2.7323e-05 184.35 23.829 0.07349
183.928 24.5623 0.0827559 1.38834e-22 184.35 23.829 0.07349
184.159 24.3235 0.0880019 5.4627e-16 184.35 23.829 0.07349
184.389 24.0865 0.0697583 0.00319051 184.35 23.829 0.07349
184.188 23.9928 0.0616324 0.000100154 184.35 23.829 0.07349
184.159 24.1435 0.103154 1.13633e-26 184.35 23.829 0.07349
184.332 23.8912 0.0768961 0.0849442 184.35 23.829 0.07349
184.085 23.4614 0.0768864 0.0185625 184.35 23.829 0.07349
184.242 24.1494 0.0696534 7.59037e-05 184.35 23.829 0.07349
184.559 23.1907 0.070263 6.49615e-05 184.35 23.829 0.07349
184.53 24.3425 0.0769768 7.84043e-11 184.35 23.829 0.07349
183.817 23.4551 0.0746681 9.72624e-07 184.35 23.829 0.07349
184.026 23.5828 0.0594286 2.36981e-07 184.35 23.829 0.07349
183.967 24.0006 0.0791414 2.80183e-06 184.35 23.829 0.07349
184.36 24.0255 0.117976 7.97883e-50 184.35 23.829 0.07349
183.951 23.8525 0.102467 1.71737e-20 184.35 23.829 0.07349
183.898 23.7494 0.0833378 6.22627e-06 184.35 23.829 0.07349
184.087 23.6999 0.0922445 1.26573e-08 184.35 23.829 0.07349
184.125 23.7151 0.0734261 0.240255 184.35 23.829 0.07349
184.447 23.4994 0.0892971 6.63755e-07 184.35 23.829 0.07349
184.193 23.4288 0.0621981 0.000127903 184.35 23.829 0.07349
184.414 24.5326 0.0909234 4.55805e-26 184.35 23.829 0.07349
184.051 23.9712 0.0718295 0.000506677 184.35 23.829 0.07349
183.553 23.952 0.0714662 3.01464e-15 184.35 23.829 0.07349
184.069 23.2473 0.0801697 2.90788e-05 184.35 23.829 0.07349
184.488 24.2636 0.0720728 4.461e-07 184.35 23.829 0.07349
184.132 24.0621 0.0963921 6.39669e-17 184.35 23.829 0.07349
184.837 24.2365 0.0826785 8.1494e-16 184.35 23.829 0.07349
184.354 24.1173 0.0555555 1.58915e-07 184.35 23.829 0.07349
184.114 23.8466 0.0694999 0.0269598 184.35 23.829 0.07349
184.01 23.6632 0.0893356 5.41876e-07 184.35 23.829 0.07349
184.021 24.1164 0.0936176 6.91092e-16 184.35 23.829 0.07349
184.638 23.7685 0.0890564 1.0527e-09 184.35 23.829 0.07349
184.2 23.6968 0.0894452 2.58619e-06 184.35 23.829 0.07349
184.5 24.0784 0.0907545 1.22e-13 184.35 23.829 0.07349
184.62 23.7318 0.0995037 6.08727e-20 184.35 23.829 0.07349
184.015 23.8865 0.0754028 0.00110698 184.35 23.829 0.07349
184.068 23.9891 0.0633569 1.11862e-05 184.35 23.829 0.07349
184.477 24.3258 0.0842629 4.1921e-14 184.35 23.829 0.07349
184.385 24.1562 0.0746753 3.95503e-05 184.35 23.829 0.07349
183.843 23.797 0.0893818 8.60669e-10 184.35 23.829 0.07349
183.908 24.0864 0.0763435 4.7784e-08 184.35 23.829 0.07349
184.479 23.5488 0.0625829 0.0895248 184.35 23.829 0.07349
184.233 23.3891 0.0787979 0.0279898 184.35 23.829 0.07349
184.167 23.7827 0.0635096 0.00722964 184.35 23.829 0.07349
184.565 24.0777 0.0702078 0.00143607 184.35 23.829 0.07349
183.969 23.7202 0.0903537 2.94635e-08 184.35 23.829 0.07349
183.927 23.7431 0.0743887 0.000453276 184.35 23.829 0.07349
184.275 23.9202 0.0820801 0.000543855 184.35 23.829 0.07349
184.37 23.919 0.0819904 0.000493464 184.35 23.829 0.07349
184.247 23.9611 0.0655627 0.0127807 184.35 23.829 0.07349
184.335 24.0375 0.089747 1.03048e-10 184.35 23.829 0.07349
184.264 23.6822 0.0603158 0.00372844 184.35 23.829 0.07349
183.673 24.3812 0.0848089 3.6349e-22 184.35 23.829 0.07349
183.794 24.4742 0.0703308 1.37538e-19 184.35 23.829 0.07349
184.084 23.9157 0.0868803 4.28963e-07 184.35 23.829 0.07349
184.171 23.6785 0.0800819 0.0734309 184.35 23.829 0.07349
184.162 24.0355 0.0769115 0.000293774 184.35 23.829 0.07349
184.6 23.7209 0.090692 3.3999e-10 184.35 23.829 0.07349
184.308 23.4196 0.0786575 0.0799112 184.35 23.829 0.07349
184.007 23.9918 0.0886441 7.50029e-10 184.35 23.829 0.07349
184.686 23.8266 0.0786924 0.000321045 184.35 23.829 0.07349
183.892 23.2958 0.0754617 7.43397e-07 184.35 23.829 0.07349
183.776 23.5675 0.0579652 1.94258e-14 184.35 23.829 0.07349
183.535 24.4728 0.0890282 9.20984e-31 184.35 23.829 0.07349
184.139 23.9588 0.0672894 0.00268718 184.35 23.829 0.07349
184.151 23.9933 0.0986442 6.07934e-18 184.35 23.829 0.07349
183.895 23.8533 0.0767633 2.39582e-05 184.35 23.829 0.07349
183.926 23.2808 0.0737092 1.10852e-06 184.35 23.829 0.07349
185.076 23.6946 0.0736687 1.46436e-09 184.35 23.829 0.07349
184.433 23.8904 0.0821305 0.000492708 184.35 23.829 0.07349
184.049 23.6397 0.089656 8.21098e-07 184.35 23.829 0.07349
183.745 24.0529 0.0874788 6.37336e-14 184.35 23.829 0.07349
184.513 23.7965 0.0762868 0.206937 184.35 23.829 0.07349
184.717 24.1065 0.0712757 1.31122e-05 184.35 23.829 0.07349
183.982 23.8731 0.0673299 7.9693e-05 184.35 23.829 0.07349
184.444 24.6525 0.0769191 1.26031e-20 184.35 23.829 0.07349
184.615 24.2896 0.0877547 2.07586e-17 184.35 23.829 0.07349
183.777 23.9898 0.0767625 3.66286e-09 184.35 23.829 0.07349
183.966 23.779 0.0823922 7.18412e-05 184.35 23.829 0.07349
184.16 24.6464 0.0912846 3.39491e-30 184.35 23.829 0.07349
183.611 23.7654 0.0943396 7.71347e-17 184.35 23.829 0.07349
183.895 23.9341 0.0622145 5.58797e-09 184.35 23.829 0.07349
184.873 24.787 0.0817626 4.60256e-35 184.35 23.829 0.07349
184.807 24.0548 0.0920339 1.00514e-19 184.35 23.829 0.07349
184.032 24.2503 0.0718999 4.47988e-09 184.35 23.829 0.07349
183.679 23.7303 0.070387 3.08804e-10 184.35 23.829 0.07349
184.385 23.9896 0.0936397 1.20691e-13 184.35 23.829 0.07349
184.119 24.2571 0.0628242 2.40307e-09 184.35 23.829 0.07349
184.065 23.9684 0.0756503 0.000549284 184.35 23.829 0.07349
184.205 24.2676 0.0817221 1.80782e-10 184.35 23.829 0.07349
