276.994 18.0405 5.3266 0.0014655 276.56 18.164 5.3273
276.219 18.2872 5.33171 1.11268e-05 276.56 18.164 5.3273
276.321 17.7772 5.31727 1.69143e-06 276.56 18.164 5.3273
276.769 17.9921 5.31934 0.0104273 276.56 18.164 5.3273
276.338 18.0604 5.30104 1.69625e-12 276.56 18.164 5.3273
276.566 17.6583 5.32478 3.03534e-05 276.56 18.164 5.3273
277.094 18.2186 5.33187 5.35129e-05 276.56 18.164 5.3273
276.839 18.5356 5.31856 2.00877e-08 276.56 18.164 5.3273
276.111 18.3701 5.31961 4.91251e-11 276.56 18.164 5.3273
276.348 18.5079 5.34873 1.09597e-06 276.56 18.164 5.3273
276.443 17.6615 5.32523 5.06883e-06 276.56 18.164 5.3273
276.189 18.1857 5.30726 1.31858e-12 276.56 18.164 5.3273
276.136 18.2114 5.33632 5.69764e-07 276.56 18.164 5.3273
276.264 18.0763 5.32689 9.681e-05 276.56 18.164 5.3273
276.847 17.9447 5.34364 2.79143e-05 276.56 18.164 5.3273
276.965 17.9333 5.34203 5.06666e-06 276.56 18.164 5.3273
276.809 18.06 5.34084 0.00360118 276.56 18.164 5.3273
276.723 18.1046 5.32352 0.063766 276.56 18.164 5.3273
276.373 18.5983 5.32398 5.06888e-09 276.56 18.164 5.3273
276.578 18.1642 5.33241 0.15546 276.56 18.164 5.3273
276.719 17.5978 5.35194 1.33183e-15 276.56 18.164 5.3273
276.75 18.2095 5.3172 0.000622117 276.56 18.164 5.3273
276.753 18.78 5.35049 4.59383e-09 276.56 18.164 5.3273
276.627 18.6722 5.32097 4.58232e-10 276.56 18.164 5.3273
276.518 18.176 5.31602 0.000169288 276.56 18.164 5.3273
276.87 18.2328 5.31688 7.92432e-05 276.56 18.164 5.3273
276.913 18.3861 5.311 1.34578e-09 276.56 18.164 5.3273
276.998 17.8022 5.30922 1.29704e-07 276.56 18.164 5.3273
276.613 18.0087 5.32577 0.0904504 276.56 18.164 5.3273
276.124 17.9848 5.32352 7.58562e-08 276.56 18.164 5.3273
276.252 18.6801 5.33634 1.19909e-09 276.56 18.164 5.3273
276.359 18.1239 5.33849 0.00101644 276.56 18.164 5.3273
276.547 17.9429 5.31936 0.00538322 276.56 18.164 5.3273
276.646 17.7619 5.33132 0.000472819 276.56 18.164 5.3273
276.519 18.098 5.31491 0.000210405 276.56 18.164 5.3273
276.653 18.7796 5.33278 4.46964e-09 276.56 18.164 5.3273
276.768 18.3199 5.33713 0.0310188 276.56 18.164 5.3273
276.07 18.3171 5.32742 2.15892e-09 276.56 18.164 5.3273
276.174 17.7831 5.32641 3.71685e-08 276.56 18.164 5.3273
276.536 18.253 5.32458 0.0100849 276.56 18.164 5.3273
276.429 18.5304 5.34002 5.49198e-05 276.56 18.164 5.3273
276.878 18.1458 5.33145 0.032922 276.56 18.164 5.3273
276.831 18.1297 5.34345 0.001372 276.56 18.164 5.3273
276.521 18.2694 5.31791 0.000116725 276.56 18.164 5.3273
276.659 18.6284 5.33776 2.24272e-05 276.56 18.164 5.3273
276.885 17.8934 5.34717 1.20169e-07 276.56 18.164 5.3273
276.029 18.3268 5.31564 6.49266e-14 276.56 18.164 5.3273
276.64 18.7147 5.31451 2.79608e-14 276.56 18.164 5.3273
276.158 17.83 5.33285 2.46304e-08 276.56 18.164 5.3273
275.925 17.9645 5.33617 5.22534e-13 276.56 18.164 5.3273
276.8 17.8142 5.33967 1.79329e-05 276.56 18.164 5.3273
276.758 18.6655 5.32392 7.00973e-09 276.56 18.164 5.3273
276.741 18.3072 5.33064 0.0448004 276.56 18.164 5.3273
276.529 17.5623 5.33701 1.40762e-09 276.56 18.164 5.3273
275.887 18.4352 5.3192 4.98632e-18 276.56 18.164 5.3273
276.617 18.2381 5.33184 0.133892 276.56 18.164 5.3273
276.003 18.2672 5.32978 2.28369e-10 276.56 18.164 5.3273
276.846 18.2505 5.33147 0.0318373 276.56 18.164 5.3273
276.634 17.4306 5.31708 2.339e-09 276.56 18.164 5.3273
276.68 18.5177 5.30327 3.85934e-16 276.56 18.164 5.3273
276.842 18.6118 5.34549 3.61543e-06 276.56 18.164 5.3273
276.495 17.8798 5.33381 0.00173795 276.56 18.164 5.3273
276.222 18.5187 5.29764 6.15222e-25 276.56 18.164 5.3273
276.511 18.2304 5.32122 0.00197685 276.56 18.164 5.3273
276.33 18.5519 5.33553 1.96845e-06 276.56 18.164 5.3273
276.284 18.146 5.3376 0.000156881 276.56 18.164 5.3273
276.836 18.276 5.33509 0.0271525 276.56 18.164 5.3273
276.521 18.5553 5.32863 1.1197e-05 276.56 18.164 5.3273
276.964 17.8403 5.31873 8.31476e-05 276.56 18.164 5.3273
276.615 17.9852 5.32741 0.0888957 276.56 18.164 5.3273
276.433 17.8952 5.33955 6.39289e-05 276.56 18.164 5.3273
276.439 18.3905 5.33963 0.00149985 276.56 18.164 5.3273
276.085 17.879 5.33083 3.78737e-09 276.56 18.164 5.3273
276.537 18.1358 5.33211 0.107379 276.56 18.164 5.3273
276.077 17.6553 5.34242 1.57522e-15 276.56 18.164 5.3273
276.149 18.7467 5.32967 3.29268e-14 276.56 18.164 5.3273
276.807 17.7536 5.32906 0.000298679 276.56 18.164 5.3273
276.953 17.973 5.31977 0.0005948 276.56 18.164 5.3273
276.683 17.9143 5.31526 0.00133165 276.56 18.164 5.3273
276.471 18.1745 5.32496 0.0116068 276.56 18.164 5.3273
276.58 18.3613 5.31636 4.94868e-06 276.56 18.164 5.3273
276.29 18.2791 5.3202 1.68646e-06 276.56 18.164 5.3273
276.668 17.9362 5.30574 5.94831e-07 276.56 18.164 5.3273
277.019 17.8648 5.33333 2.03207e-05 276.56 18.164 5.3273
276.197 18.5936 5.31133 1.82817e-17 276.56 18.164 5.3273
276.576 17.8831 5.33897 0.000454489 276.56 18.164 5.3273
277.058 18.3588 5.32808 1.42611e-05 276.56 18.164 5.3273
276.813 17.9662 5.34781 2.30324e-06 276.56 18.164 5.3273
276.591 18.0444 5.32622 0.101185 276.56 18.164 5.3273
277.016 18.319 5.33361 0.000269023 276.56 18.164 5.3273
276.356 18.4929 5.3306 8.00616e-06 276.56 18.164 5.3273
276.427 17.9476 5.32199 0.00181257 276.56 18.164 5.3273
276.355 18.3537 5.33078 0.000320157 276.56 18.164 5.3273
276.533 18.1717 5.32141 0.00690803 276.56 18.164 5.3273
276.638 18.7103 5.30915 1.94661e-17 276.56 18.164 5.3273
276.134 18.1997 5.32007 1.08201e-08 276.56 18.164 5.3273
276.228 18.7874 5.32462 1.89335e-15 276.56 18.164 5.3273
276.109 17.9152 5.32117 9.28632e-09 276.56 18.164 5.3273
276.129 18.3229 5.32319 5.04633e-09 276.56 18.164 5.3273
276.856 18.1852 5.33604 0.0267073 276.56 18.164 5.3273
