241.407 28.3427 0.0915439 4.71538e-16
241.719 28.5754 0.0646241 0
240.922 29.3422 0.0645104 9.0931e-16
241.207 28.808 0.065759 0.0241499
240.962 28.7846 0.0679637 0.000672024
241.074 28.9846 0.0719577 0.000367065
241.341 28.6052 0.0782168 0.0090875
241.044 28.9854 0.0900243 1.07074e-15
241.882 28.3293 0.059758 0
241.648 28.7181 0.0783103 2.84888e-07
241.754 29.3027 0.0680407 9.49878e-14
241.547 28.5243 0.0736689 0
241.838 28.7892 0.0696948 1.83009e-08
241.826 28.9189 0.0576247 3.14826e-09
241.009 28.9681 0.0635565 1.15049e-06
242.045 28.8084 0.0814976 0
241.429 28.6929 0.0686944 0.102213
241.351 28.4618 0.0723897 0.0479118
241.882 28.9449 0.0759559 5.49704e-14
241.405 28.4588 0.0783278 0.000578564
241.329 28.5026 0.0605267 1.15409e-05
241.534 28.878 0.0646003 0.0025575
241.571 28.4129 0.0607767 0
241.375 28.7199 0.0728227 0.147699
241.49 28.7244 0.0730837 0.0100877
241.401 29.1763 0.072547 1.11515e-07
241.359 29.0118 0.0934678 2.28449e-22
241.74 28.9312 0.0551585 8.28351e-09
241.138 28.7394 0.0708816 0.264389
241.642 29.1537 0.0657936 7.16392e-08
241.501 29.3216 0.0588105 9.37921e-10
241.15 28.5283 0.0680206 0.0366209
241.634 28.477 0.0625323 0
241.264 28.4706 0.0709609 0.102382
241.32 28.8734 0.062286 0.000681303
241.777 29.1762 0.0826327 5.79336e-22
241.488 28.7393 0.0569657 1.06817e-05
241.56 28.6975 0.0813261 2.4319e-07
241.265 28.8126 0.0676098 0.100605
241.478 28.286 0.0647093 0
241.21 28.6401 0.0632509 0.00261565
241.17 28.9599 0.0833778 1.51834e-08
242.21 28.6132 0.0647646 0
241.442 28.66 0.0793606 0.000143335
241.191 29.0996 0.0795963 7.94824e-09
241.577 28.944 0.050674 5.24599e-10
241.43 28.5137 0.0514002 1.93945e-14
241.253 28.4768 0.0771606 0.0286302
241.415 28.0615 0.0890573 0
241.794 28.747 0.0784112 6.08548e-11
241.761 29.2599 0.0768407 2.79494e-18
241.203 28.8742 0.0794361 0.000174464
241.264 29.1359 0.0746885 2.37742e-07
241.261 28.1114 0.0722519 7.75485e-08
241.555 29.2405 0.046818 1.17224e-14
241.662 29.1008 0.06786 1.07841e-07
241.803 28.8504 0.0763939 7.13181e-11
241.563 28.8913 0.0745105 2.04403e-05
241.472 28.91 0.0753764 7.99378e-05
241.413 28.2233 0.065746 1.54065e-07
241.304 28.0453 0.0687051 1.11916e-10
242.044 28.8454 0.0879137 0
241.442 28.617 0.0868521 1.0936e-10
241.157 29.0496 0.061366 3.36231e-07
241.054 28.7897 0.0771674 0.00751038
241.598 28.9368 0.0633693 0.00016803
241.15 28.7959 0.0631842 0.000846359
241.744 29.1774 0.0618903 1.32369e-09
241.636 28.3136 0.0642854 0
241.428 28.8274 0.0620917 0.00603062
241.096 28.3201 0.0811156 4.47062e-05
241.275 28.8682 0.0843259 2.19935e-08
241.468 28.8453 0.0715976 0.00753137
241.337 28.2627 0.0747322 8.70363e-05
241.099 28.9144 0.0831587 1.70502e-07
241.596 28.654 0.0674966 0.00160819
241.275 28.6688 0.0492164 1.39626e-16
241.615 28.9953 0.0656913 3.49432e-05
241.396 28.806 0.0729488 0.0307471
241.501 29.1141 0.0681052 7.25407e-06
241.031 28.191 0.0581894 1.70644e-16
240.948 29.1186 0.0807357 6.05464e-11
240.708 28.7792 0.0470694 4.18093e-33
241.086 28.9409 0.0780007 7.23181e-05
241.796 28.4078 0.0691338 0
241.594 29.0435 0.0513941 7.59897e-10
241.581 28.9058 0.072823 3.53196e-05
241.598 29.0343 0.0820241 1.5499e-13
241.577 28.4155 0.0705772 0
241.366 28.8493 0.0642881 0.00622281
241.753 29.0621 0.0570162 5.32229e-09
241.538 28.3462 0.05884 0
241.368 29.0658 0.0734651 1.48565e-05
241.636 28.7391 0.078603 2.44358e-07
241.278 28.8758 0.0657329 0.0125416
241.367 28.5066 0.068007 0.0382185
241.353 29.1545 0.0674392 1.44921e-05
241.299 28.402 0.076435 0.00657115
241.968 28.6367 0.0606125 0
241.747 29.1269 0.0688414 5.08028e-10
