14.5215 -91.8579 3.56362 4.13915e-11
14.4402 -92.964 3.57195 0.000408717
13.9959 -92.4561 3.56162 0.0123901
14.2251 -92.9061 3.57148 0.0122221
13.8807 -92.7325 3.56745 0.164571
13.4654 -93.2674 3.55606 0.00176677
14.5613 -92.7218 3.57844 0.000375643
13.8008 -92.5868 3.58357 0.00354551
13.8248 -92.235 3.55541 0.000164916
14.337 -92.5922 3.56904 0.00404829
14.3729 -91.8621 3.57659 3.26417e-07
14.6673 -92.6683 3.56297 3.81166e-07
13.8649 -92.5923 3.59139 0.000153038
13.636 -92.5795 3.54792 0.00384398
14.9153 -92.8472 3.57222 7.61146e-09
14.5147 -92.5045 3.58493 0.000939542
14.3216 -92.3385 3.55422 6.64835e-07
13.2811 -92.3113 3.56456 6.36605e-05
14.1494 -92.5804 3.57605 0.0474138
13.8139 -92.11 3.57429 0.000456953
14.2181 -92.9412 3.55499 0.000443128
14.039 -92.6772 3.57962 0.0378246
13.9284 -92.0032 3.58784 1.94637e-05
14.2566 -92.3844 3.57446 0.00691937
14.2673 -92.7617 3.572 0.0164843
14.0989 -92.7071 3.55802 0.00867591
14.4484 -92.2953 3.58439 0.000698585
13.7498 -92.9687 3.57386 0.0102563
14.1667 -92.2608 3.58549 0.00249387
13.8168 -93.0195 3.55005 0.011376
14.3933 -92.3556 3.57137 0.000516087
14.1935 -92.1718 3.57827 0.00117907
14.1693 -92.1246 3.58838 0.000309419
14.5416 -91.673 3.56961 3.02559e-12
14.2771 -92.6885 3.57289 0.0175896
13.8911 -92.2662 3.58012 0.00367029
14.1611 -92.785 3.5798 0.0187258
13.9813 -92.0961 3.58418 0.000284124
14.1682 -92.3264 3.57022 0.00458603
14.1104 -92.0904 3.57552 0.000372443
13.7852 -92.7906 3.57013 0.100292
13.9978 -92.557 3.57905 0.0425791
13.8991 -92.0484 3.56869 0.000108411
14.6223 -92.6801 3.5807 0.000158838
14.3139 -92.798 3.57995 0.00648335
14.8795 -92.6876 3.56295 3.78441e-10
13.6302 -92.1489 3.59243 3.27379e-07
13.6878 -92.9439 3.54179 0.00183702
14.5351 -92.1388 3.55285 1.53145e-11
13.7749 -92.4638 3.54787 0.000436084
14.0791 -92.2744 3.56419 0.00115145
13.9525 -91.6762 3.58477 1.8214e-08
14.4748 -92.7411 3.59225 0.000154575
14.3763 -92.2053 3.5681 2.93353e-05
14.0704 -92.4471 3.55576 0.000650541
13.8851 -92.7668 3.57409 0.0743618
14.6089 -92.5375 3.58253 0.000242815
14.1982 -92.6381 3.54913 1.64242e-05
13.461 -93.0993 3.56033 0.00734377
14.452 -93.3535 3.56251 2.99993e-07
14.0651 -92.6666 3.5813 0.0263082
13.5624 -92.7424 3.57218 0.0117381
13.7692 -92.425 3.56796 0.0339992
14.7121 -92.2004 3.61082 5.48123e-08
14.4216 -92.2153 3.58109 0.000355759
14.5909 -92.6639 3.57468 0.000150049
14.2559 -92.5572 3.57094 0.0144259
13.9572 -92.5943 3.5947 6.13735e-05
13.4848 -92.9294 3.55888 0.0382631
14.3797 -92.3273 3.57469 0.000964328
14.3845 -92.9402 3.55212 3.00419e-06
14.5527 -91.9324 3.58881 1.33082e-06
14.1592 -92.6728 3.57894 0.0342732
13.9484 -92.7041 3.57229 0.119308
14.2878 -92.7477 3.58887 0.00130684
13.3409 -92.2832 3.55888 0.000131706
14.1553 -92.5858 3.56728 0.0275433
14.5492 -91.9203 3.58823 1.05219e-06
14.2026 -92.3187 3.59018 0.00134813
14.6043 -92.368 3.57967 8.94358e-05
14.4157 -92.4621 3.57035 0.000738986
14.3167 -92.252 3.56818 0.000165964
14.2732 -93.0712 3.56385 0.00080449
14.2538 -92.7956 3.56466 0.00675627
14.8481 -92.1727 3.59468 4.85136e-07
13.8116 -92.3143 3.59628 3.28279e-06
14.14 -92.4157 3.58384 0.0107253
14.297 -92.2092 3.57565 0.000685679
14.009 -92.3948 3.56653 0.0167977
14.36 -92.3935 3.56145 3.8241e-05
13.583 -92.1599 3.56265 0.000188251
14.619 -92.6481 3.5725 5.02397e-05
14.3442 -92.599 3.57722 0.00965863
14.4421 -92.5244 3.56557 0.000155554
13.3388 -92.2224 3.57085 1.55405e-05
14.2823 -91.9584 3.58992 1.5518e-05
13.9611 -93.0892 3.56965 0.0111439
14.563 -92.3856 3.58518 0.000312703
14.198 -92.3596 3.59237 0.000831015
14.8075 -92.6002 3.58363 4.68883e-06
