-40.7126 -50.3146 1.58303 0.000204495 -40.549 -50.134 1.5699
-40.2932 -50.6036 1.5643 1.96134e-12 -40.549 -50.134 1.5699
-40.339 -50.965 1.57497 2.21371e-17 -40.549 -50.134 1.5699
-40.9215 -50.5197 1.56959 3.96376e-07 -40.549 -50.134 1.5699
-40.8148 -50.4668 1.58502 1.54825e-06 -40.549 -50.134 1.5699
-40.8154 -50.7473 1.54186 5.59798e-33 -40.549 -50.134 1.5699
-40.4684 -50.3656 1.57362 0.000172825 -40.549 -50.134 1.5699
-41.074 -49.9747 1.56802 0.00286481 -40.549 -50.134 1.5699
-40.7904 -49.1744 1.586 1.35886e-14 -40.549 -50.134 1.5699
-39.8875 -49.9281 1.5665 3.7255e-10 -40.549 -50.134 1.5699
-40.3598 -50.294 1.56374 1.44231e-06 -40.549 -50.134 1.5699
-40.896 -50.1372 1.55671 1.82097e-06 -40.549 -50.134 1.5699
-40.7924 -50.1068 1.57445 0.0752262 -40.549 -50.134 1.5699
-40.2607 -49.4405 1.56153 6.09102e-07 -40.549 -50.134 1.5699
-40.3821 -50.242 1.55931 1.46892e-07 -40.549 -50.134 1.5699
-41.0393 -50.0983 1.57225 0.00315805 -40.549 -50.134 1.5699
-40.7869 -50.1365 1.57625 0.0386658 -40.549 -50.134 1.5699
-40.9807 -50.4131 1.56852 4.45707e-06 -40.549 -50.134 1.5699
-40.3244 -50.2803 1.56902 2.33195e-05 -40.549 -50.134 1.5699
-40.9572 -50.2572 1.56594 0.000161521 -40.549 -50.134 1.5699
-40.935 -50.1957 1.5492 1.83918e-12 -40.549 -50.134 1.5699
-40.9719 -50.304 1.56372 7.26344e-06 -40.549 -50.134 1.5699
-40.6449 -49.9129 1.56589 0.0761883 -40.549 -50.134 1.5699
-40.5193 -50.2515 1.56653 0.000583637 -40.549 -50.134 1.5699
-40.6843 -49.8225 1.58341 0.00241362 -40.549 -50.134 1.5699
-40.4974 -50.4176 1.56721 4.6234e-06 -40.549 -50.134 1.5699
-40.7245 -50.2818 1.57766 0.00463786 -40.549 -50.134 1.5699
-41.047 -50.4944 1.56835 5.4334e-08 -40.549 -50.134 1.5699
-41.0108 -50.9077 1.55321 3.53133e-27 -40.549 -50.134 1.5699
-40.4487 -50.3787 1.55959 7.1377e-09 -40.549 -50.134 1.5699
-40.7232 -49.7821 1.56756 0.115813 -40.549 -50.134 1.5699
-40.9473 -50.6235 1.57592 2.82382e-08 -40.549 -50.134 1.5699
-41.2381 -50.1131 1.58692 1.09746e-09 -40.549 -50.134 1.5699
-40.9498 -49.7063 1.58016 6.55324e-05 -40.549 -50.134 1.5699
-40.6227 -50.2208 1.57249 0.0195422 -40.549 -50.134 1.5699
-40.7639 -50.7936 1.57782 8.2494e-11 -40.549 -50.134 1.5699
-40.8931 -50.3047 1.57741 0.00095377 -40.549 -50.134 1.5699
-40.0495 -49.9928 1.56856 9.18045e-07 -40.549 -50.134 1.5699
-40.9335 -49.7426 1.56591 0.0247499 -40.549 -50.134 1.5699
-40.6592 -50.3756 1.58185 0.00013571 -40.549 -50.134 1.5699
-40.5996 -49.5839 1.57783 0.000825287 -40.549 -50.134 1.5699
-41.3027 -51.3145 1.5952 4.67426e-33 -40.549 -50.134 1.5699
-40.36 -50.5228 1.53011 3.19706e-44 -40.549 -50.134 1.5699
-41.1702 -50.1354 1.57534 4.2371e-05 -40.549 -50.134 1.5699
-40.4618 -50.1553 1.57746 0.00421967 -40.549 -50.134 1.5699
-40.9642 -50.0189 1.57397 0.0106838 -40.549 -50.134 1.5699
-41.1923 -49.7689 1.55416 3.32705e-05 -40.549 -50.134 1.5699
-40.8347 -50.6989 1.54172 1.33141e-31 -40.549 -50.134 1.5699
-40.5913 -50.0083 1.58065 0.0728768 -40.549 -50.134 1.5699
-40.666 -50.2368 1.57515 0.0164603 -40.549 -50.134 1.5699
-40.4869 -50.4555 1.55753 3.45288e-11 -40.549 -50.134 1.5699
-41.1452 -50.6989 1.55416 3.04036e-21 -40.549 -50.134 1.5699
-40.9369 -50.5842 1.58086 9.27228e-08 -40.549 -50.134 1.5699
-40.7718 -50.4617 1.57402 5.76621e-05 -40.549 -50.134 1.5699
-40.7146 -50.4039 1.56851 7.10303e-05 -40.549 -50.134 1.5699
-40.9253 -50.2715 1.57561 0.00165703 -40.549 -50.134 1.5699
-40.51 -49.7889 1.56833 0.0451126 -40.549 -50.134 1.5699
-41.1318 -50.5797 1.58911 6.26532e-12 -40.549 -50.134 1.5699
-40.3915 -49.4199 1.57198 1.8677e-05 -40.549 -50.134 1.5699
-40.3702 -50.2909 1.5853 1.60457e-06 -40.549 -50.134 1.5699
-40.4804 -49.8061 1.56224 0.00362949 -40.549 -50.134 1.5699
-40.5512 -50.101 1.57599 0.0335922 -40.549 -50.134 1.5699
-40.7082 -50.0113 1.57426 0.17375 -40.549 -50.134 1.5699
-40.5651 -49.8772 1.5703 0.134156 -40.549 -50.134 1.5699
-40.6205 -50.3696 1.54997 2.15617e-14 -40.549 -50.134 1.5699
-40.7089 -50.5403 1.576 5.47406e-06 -40.549 -50.134 1.5699
-40.4256 -50.5667 1.57626 1.67477e-07 -40.549 -50.134 1.5699
-40.7913 -50.0284 1.56218 0.008232 -40.549 -50.134 1.5699
-40.558 -50.3161 1.58135 0.000301788 -40.549 -50.134 1.5699
-40.8059 -50.5142 1.55637 1.71159e-12 -40.549 -50.134 1.5699
-40.6705 -49.8822 1.5779 0.0739786 -40.549 -50.134 1.5699
-40.4057 -49.6576 1.55945 0.000126818 -40.549 -50.134 1.5699
-40.6567 -50.9191 1.58978 4.2184e-15 -40.549 -50.134 1.5699
-40.8211 -50.4106 1.56754 2.16673e-05 -40.549 -50.134 1.5699
-40.2917 -50.715 1.57169 2.47986e-12 -40.549 -50.134 1.5699
-40.3914 -50.5278 1.57487 3.09609e-07 -40.549 -50.134 1.5699
-41.0023 -50.8203 1.5612 3.20034e-18 -40.549 -50.134 1.5699
-40.3568 -49.8367 1.56433 0.0010132 -40.549 -50.134 1.5699
-40.6287 -49.9534 1.58671 0.0021758 -40.549 -50.134 1.5699
-40.4925 -50.0612 1.56426 0.00414143 -40.549 -50.134 1.5699
-40.541 -50.3998 1.57619 0.000193225 -40.549 -50.134 1.5699
-41.2658 -50.422 1.58214 8.27457e-10 -40.549 -50.134 1.5699
-40.9084 -50.6383 1.58061 2.05187e-08 -40.549 -50.134 1.5699
-40.0022 -49.6791 1.57575 3.36421e-07 -40.549 -50.134 1.5699
-40.2961 -50.5595 1.58442 1.63666e-09 -40.549 -50.134 1.5699
-40.5084 -50.4808 1.54874 2.01927e-18 -40.549 -50.134 1.5699
-40.8831 -50.5094 1.57071 1.67096e-06 -40.549 -50.134 1.5699
-40.831 -50.5524 1.56675 4.32676e-08 -40.549 -50.134 1.5699
-40.3115 -50.1825 1.56386 8.45106e-06 -40.549 -50.134 1.5699
-40.3911 -49.9843 1.54823 8.27975e-11 -40.549 -50.134 1.5699
-40.7868 -49.8495 1.55352 0.000209565 -40.549 -50.134 1.5699
-40.6161 -49.6003 1.58222 8.2687e-05 -40.549 -50.134 1.5699
-40.9315 -50.1404 1.58919 2.19425e-07 -40.549 -50.134 1.5699
-40.5423 -50.9036 1.57883 1.1359e-13 -40.549 -50.134 1.5699
-40.3187 -50.2095 1.5764 0.000158722 -40.549 -50.134 1.5699
-40.6562 -50.1126 1.5778 0.0318123 -40.549 -50.134 1.5699
-40.8545 -50.2194 1.57323 0.0121282 -40.549 -50.134 1.5699
-41.0893 -49.9128 1.56469 0.00240559 -40.549 -50.134 1.5699
-40.7507 -50.3945 1.58003 0.000196281 -40.549 -50.134 1.5699
-40.409 -50.2148 1.56363 3.33349e-05 -40.549 -50.134 1.5699
