257.108 -18.9952 3.35766 1.17741e-09 256.88 -18.252 3.3534
256.95 -17.8865 3.35124 6.07161e-05 256.88 -18.252 3.3534
256.451 -17.9871 3.36136 7.73201e-09 256.88 -18.252 3.3534
256.941 -18.601 3.34679 1.3807e-06 256.88 -18.252 3.3534
256.607 -18.0942 3.33312 1.57038e-10 256.88 -18.252 3.3534
257.251 -17.7414 3.36311 2.05986e-08 256.88 -18.252 3.3534
256.542 -18.3934 3.34942 0.0120775 256.88 -18.252 3.3534
257.42 -18.5183 3.35175 3.39255e-10 256.88 -18.252 3.3534
256.77 -18.5147 3.34095 7.68098e-08 256.88 -18.252 3.3534
257.635 -18.1636 3.3336 2.53827e-40 256.88 -18.252 3.3534
256.811 -17.7607 3.35964 4.28929e-07 256.88 -18.252 3.3534
256.815 -18.5614 3.35129 0.00340577 256.88 -18.252 3.3534
256.958 -18.1265 3.34945 0.00161579 256.88 -18.252 3.3534
256.628 -18.2695 3.34965 0.0517289 256.88 -18.252 3.3534
257.122 -18.1962 3.3692 0.00136473 256.88 -18.252 3.3534
256.744 -18.149 3.33666 3.72976e-09 256.88 -18.252 3.3534
256.787 -17.8474 3.35495 9.89094e-05 256.88 -18.252 3.3534
257.032 -18.0815 3.33593 1.75489e-15 256.88 -18.252 3.3534
257.126 -18.2342 3.34934 2.53478e-05 256.88 -18.252 3.3534
256.19 -18.2165 3.32909 6.24736e-11 256.88 -18.252 3.3534
257.688 -19.1745 3.36932 1.4872e-16 256.88 -18.252 3.3534
257.02 -18.744 3.351 5.93703e-07 256.88 -18.252 3.3534
257.244 -17.9598 3.3637 0.000102997 256.88 -18.252 3.3534
256.643 -18.3256 3.36881 2.24634e-08 256.88 -18.252 3.3534
256.96 -17.8358 3.34164 1.76285e-10 256.88 -18.252 3.3534
256.21 -18.6196 3.35309 5.62094e-09 256.88 -18.252 3.3534
256.822 -18.6069 3.3307 8.95644e-21 256.88 -18.252 3.3534
256.862 -18.4885 3.34009 1.93635e-09 256.88 -18.252 3.3534
256.642 -18.6702 3.33669 3.49373e-12 256.88 -18.252 3.3534
256.576 -18.0658 3.34226 0.000202977 256.88 -18.252 3.3534
257.29 -18.6962 3.3398 5.22277e-22 256.88 -18.252 3.3534
257.328 -17.7125 3.34719 1.41618e-15 256.88 -18.252 3.3534
256.592 -18.4439 3.33628 4.75125e-09 256.88 -18.252 3.3534
256.851 -18.2473 3.33863 4.26398e-09 256.88 -18.252 3.3534
256.928 -18.1942 3.33844 1.63591e-10 256.88 -18.252 3.3534
256.243 -18.6931 3.34393 1.30856e-08 256.88 -18.252 3.3534
256.714 -18.4281 3.34823 0.00789035 256.88 -18.252 3.3534
256.876 -18.5406 3.337 2.87668e-13 256.88 -18.252 3.3534
257.163 -18.7077 3.34229 7.77854e-16 256.88 -18.252 3.3534
256.899 -19.021 3.34055 1.17348e-19 256.88 -18.252 3.3534
257.097 -18.3871 3.35733 0.0643336 256.88 -18.252 3.3534
256.092 -17.6891 3.34641 3.81499e-12 256.88 -18.252 3.3534
256.528 -17.6733 3.35056 2.5714e-08 256.88 -18.252 3.3534
256.669 -18.1316 3.3379 2.72932e-07 256.88 -18.252 3.3534
256.784 -18.2871 3.33887 4.89157e-08 256.88 -18.252 3.3534
256.426 -18.1202 3.36224 1.16622e-08 256.88 -18.252 3.3534
257.085 -18.4221 3.34684 7.36461e-07 256.88 -18.252 3.3534
256.983 -18.2825 3.35291 0.0386411 256.88 -18.252 3.3534
257.084 -18.2198 3.3471 4.12811e-06 256.88 -18.252 3.3534
256.612 -18.1695 3.37026 4.77432e-11 256.88 -18.252 3.3534
256.384 -18.8458 3.34761 1.57181e-09 256.88 -18.252 3.3534
256.593 -18.4625 3.35267 0.0131185 256.88 -18.252 3.3534
256.845 -18.5178 3.3487 0.000738453 256.88 -18.252 3.3534
256.443 -18.0545 3.35861 1.42248e-06 256.88 -18.252 3.3534
256.679 -18.5573 3.35078 0.00336773 256.88 -18.252 3.3534
256.352 -18.5781 3.36155 6.8542e-10 256.88 -18.252 3.3534
257.206 -18.327 3.35919 0.0277088 256.88 -18.252 3.3534
257.135 -18.1597 3.35842 0.0256145 256.88 -18.252 3.3534
257.386 -18.1113 3.36433 0.000377159 256.88 -18.252 3.3534
256.934 -17.7529 3.3501 3.89955e-07 256.88 -18.252 3.3534
257.194 -18.2534 3.3619 0.0544184 256.88 -18.252 3.3534
256.889 -18.461 3.34708 0.000161539 256.88 -18.252 3.3534
256.771 -18.4356 3.35523 0.110902 256.88 -18.252 3.3534
256.089 -18.1195 3.37339 2.12812e-32 256.88 -18.252 3.3534
256.29 -18.526 3.34604 9.48277e-06 256.88 -18.252 3.3534
256.863 -18.0988 3.35211 0.0287996 256.88 -18.252 3.3534
256.608 -18.1535 3.35141 0.0349411 256.88 -18.252 3.3534
256.583 -17.8843 3.35609 1.34428e-05 256.88 -18.252 3.3534
257.033 -18.026 3.34865 2.66475e-05 256.88 -18.252 3.3534
256.723 -18.4426 3.35535 0.0704404 256.88 -18.252 3.3534
256.911 -18.5121 3.36801 0.000395383 256.88 -18.252 3.3534
256.732 -18.4009 3.34546 0.000796633 256.88 -18.252 3.3534
256.693 -18.3006 3.34951 0.0535281 256.88 -18.252 3.3534
257.216 -17.9986 3.35139 9.60969e-07 256.88 -18.252 3.3534
256.891 -18.1126 3.34908 0.00355819 256.88 -18.252 3.3534
256.688 -18.1608 3.33909 1.34326e-06 256.88 -18.252 3.3534
257.205 -18.5661 3.35764 0.00104556 256.88 -18.252 3.3534
256.249 -18.0919 3.33177 4.87522e-09 256.88 -18.252 3.3534
256.802 -18.5419 3.36475 0.000634803 256.88 -18.252 3.3534
256.539 -18.8276 3.34354 7.90309e-10 256.88 -18.252 3.3534
256.741 -18.1728 3.36153 0.00362719 256.88 -18.252 3.3534
257.117 -18.8826 3.36081 1.37124e-06 256.88 -18.252 3.3534
256.917 -18.2689 3.33966 2.72334e-09 256.88 -18.252 3.3534
257.177 -18.6627 3.35867 0.000411595 256.88 -18.252 3.3534
255.755 -17.9363 3.35102 1.2254e-19 256.88 -18.252 3.3534
256.477 -18.143 3.35745 8.04425e-05 256.88 -18.252 3.3534
256.954 -17.9649 3.34921 9.86774e-05 256.88 -18.252 3.3534
257.275 -18.1684 3.3547 6.96041e-05 256.88 -18.252 3.3534
256.936 -18.1755 3.34718 0.000342019 256.88 -18.252 3.3534
256.678 -18.185 3.3604 0.00275496 256.88 -18.252 3.3534
256.448 -18.0747 3.36101 9.50819e-08 256.88 -18.252 3.3534
256.557 -18.4139 3.33314 3.60022e-11 256.88 -18.252 3.3534
256.933 -18.2585 3.36038 0.198487 256.88 -18.252 3.3534
256.78 -18.1127 3.34848 0.00965831 256.88 -18.252 3.3534
256.243 -17.8683 3.35164 1.11252e-08 256.88 -18.252 3.3534
256.748 -18.6789 3.36033 0.000286525 256.88 -18.252 3.3534
257.038 -18.3937 3.36236 0.172024 256.88 -18.252 3.3534
257.002 -17.7159 3.35579 2.25397e-07 256.88 -18.252 3.3534
257.164 -18.6449 3.34467 2.06368e-12 256.88 -18.252 3.3534
257.052 -18.0056 3.34062 1.94285e-11 256.88 -18.252 3.3534
