88.8736 -30.8109 3.55586 0.126763
88.6735 -30.6175 3.55154 0.000609935
88.4499 -30.6488 3.54841 5.80487e-07
88.931 -30.9303 3.54554 0.0248921
88.6458 -31.2112 3.54208 0.000172659
88.7229 -30.7188 3.55469 0.0136224
88.715 -30.9967 3.56488 4.44704e-06
88.2233 -30.5334 3.56523 1.91837e-12
88.3625 -31.2671 3.55661 5.56514e-10
88.6713 -30.5905 3.54395 7.78819e-07
88.5284 -30.9799 3.55158 0.000302425
89.0117 -30.985 3.53456 2.95464e-07
89.3297 -30.9694 3.55933 0.000404375
89.1313 -31.3999 3.53414 2.05027e-07
89.0178 -31.2343 3.54196 0.00179968
88.6833 -31.4198 3.55916 2.63213e-09
88.9647 -31.0096 3.553 0.142607
88.4667 -31.2283 3.55669 8.10608e-08
88.4188 -30.6528 3.5619 2.64703e-07
88.6314 -31.0775 3.55228 0.00180313
89.4383 -30.3691 3.5511 3.99014e-09
89.3506 -30.7692 3.54124 1.42658e-07
88.3632 -30.4904 3.54763 1.71224e-10
88.8361 -30.3242 3.54986 2.15761e-07
88.593 -31.1042 3.55347 0.000350248
88.786 -30.7671 3.55426 0.0498804
89.3711 -31.4358 3.55737 1.61683e-09
88.9509 -31.0029 3.5622 0.00103034
89.1549 -31.5776 3.55166 2.83008e-08
89.1047 -30.8472 3.55399 0.128435
89.2573 -30.6894 3.55019 0.00113782
88.8315 -31.162 3.53954 0.000438856
89.0841 -31.1992 3.55837 0.000250435
88.9277 -30.5526 3.55074 0.00150679
88.8827 -30.7929 3.55328 0.135893
88.5606 -30.9546 3.53925 1.45395e-06
88.4102 -31.2732 3.54823 2.81346e-07
89.157 -31.1932 3.55748 0.000306976
88.6899 -31.3732 3.54772 6.26497e-05
88.2617 -30.6266 3.5411 2.12219e-13
89.0109 -30.9303 3.56115 0.00876846
88.9269 -31.4183 3.54868 0.000148511
88.9208 -30.7788 3.56188 0.016206
88.8059 -30.9387 3.55463 0.0666686
88.8681 -31.2577 3.55965 1.03791e-05
88.6157 -31.5818 3.54362 5.3723e-08
88.9762 -30.7892 3.54722 0.0166366
89.0481 -30.5341 3.53513 3.70235e-13
88.4255 -30.8895 3.55288 1.13099e-05
89.3466 -31.0401 3.55026 0.000936985
88.2801 -31.5629 3.52282 2.98345e-19
89.313 -31.0774 3.56793 7.28195e-09
88.3503 -31.2242 3.55163 2.69892e-08
88.7122 -30.9056 3.54092 8.07323e-05
88.3425 -31.3451 3.54778 4.75548e-09
88.7515 -30.7994 3.55003 0.0187053
88.7515 -31.1913 3.56547 1.30811e-08
88.6669 -30.4133 3.55973 3.40513e-05
88.6164 -30.7723 3.56234 0.000114272
88.8507 -30.6355 3.52106 2.18897e-26
88.5682 -31.0597 3.56111 2.14182e-06
88.7651 -31.0775 3.56905 2.77378e-09
88.3944 -31.2408 3.56075 5.56485e-11
88.9637 -30.6752 3.55408 0.0661488
88.3208 -31.1085 3.55462 1.60615e-08
88.9222 -31.3414 3.54851 0.0012305
88.1217 -30.5202 3.55387 1.12189e-13
88.837 -30.6759 3.55455 0.0380555
88.2745 -30.8297 3.55115 1.81102e-08
88.7994 -30.8762 3.557 0.0421814
88.6368 -31.0731 3.56161 5.73259e-06
88.9671 -31.1308 3.58129 3.5364e-21
89.2057 -31.065 3.54789 0.00947397
88.9378 -30.7839 3.54957 0.0564589
88.4347 -31.1966 3.55137 1.29311e-06
88.7471 -30.8902 3.56079 0.0023529
88.9199 -31.5093 3.55345 3.88999e-07
89.092 -30.5619 3.54189 1.07525e-07
88.8357 -31.2301 3.5487 0.00779213
88.5851 -31.0297 3.55251 0.000918274
88.765 -31.2879 3.55813 5.4842e-06
88.6767 -31.4711 3.57043 2.6411e-19
89.1668 -31.1811 3.56033 3.39962e-05
88.6622 -31.176 3.55413 0.000359976
88.5275 -30.7463 3.55016 8.57313e-05
88.8757 -30.939 3.54253 0.00252161
88.244 -31.4786 3.53773 1.28563e-12
88.2317 -31.0206 3.5513 2.27686e-09
88.7196 -31.4175 3.5558 2.4025e-07
88.8995 -31.4139 3.54579 0.000247058
88.8586 -30.9599 3.53125 9.34944e-10
89.3619 -30.7272 3.53137 8.29863e-16
88.7112 -31.0879 3.56156 2.12778e-05
88.7888 -30.8854 3.56512 9.6261e-05
89.0006 -31.2255 3.56826 3.4052e-10
88.9909 -30.2877 3.53857 1.59695e-15
88.2891 -30.5109 3.54219 4.55999e-14
89.1324 -30.9029 3.546 0.00894005
89.1676 -31.0366 3.54088 0.000230649
89.0113 -31.2763 3.55201 0.00223688
