-36.9928 -28.6849 1.25961 1.18693e-22
-36.5255 -28.5051 1.21964 0.000820687
-36.8516 -28.6147 1.23359 0.0013255
-37.0831 -28.1112 1.25113 4.65537e-31
-36.0138 -28.5781 1.24266 1.91996e-18
-36.548 -28.7175 1.23959 1.39669e-05
-36.98 -28.7369 1.22977 0.0188401
-36.244 -28.3935 1.23758 1.20394e-13
-37.1003 -28.1417 1.22724 1.244e-11
-36.4602 -27.9914 1.21857 2.67268e-12
-36.4662 -28.9318 1.23488 0.00258172
-36.8098 -28.8855 1.21787 0.00180272
-36.7188 -28.117 1.2383 1.18288e-16
-36.5873 -28.715 1.24615 2.72334e-09
-36.1458 -28.6697 1.24603 3.43144e-16
-36.9653 -28.8758 1.2142 6.78213e-06
-36.4117 -28.7514 1.2133 2.79564e-06
-36.6593 -28.7353 1.24013 5.4178e-05
-36.5231 -28.97 1.23715 0.00297839
-36.5975 -28.7913 1.23128 0.0488417
-36.6491 -28.5961 1.22904 0.00923499
-36.1257 -28.9595 1.20566 1.10982e-17
-36.9249 -28.9242 1.20986 8.4909e-09
-36.9299 -28.5286 1.20502 2.91068e-09
-36.7677 -28.8555 1.22891 0.307179
-37.2581 -28.5201 1.21329 3.97309e-09
-36.8193 -28.941 1.22314 0.036677
-36.9295 -29.118 1.23299 0.0190591
-36.4299 -28.8884 1.2335 0.00160929
-36.6894 -28.5688 1.21997 0.0122366
-36.8297 -28.3226 1.23252 7.88283e-08
-36.3171 -28.7017 1.24293 2.38258e-10
-36.6161 -29.1632 1.23702 0.00608753
-36.4586 -28.4412 1.23757 1.32104e-09
-36.92 -28.2343 1.23383 8.46945e-11
-36.2977 -28.3596 1.22648 1.36826e-08
-37.0558 -28.4208 1.2161 6.14879e-06
-36.8081 -28.6091 1.23914 6.56672e-06
-37.2136 -28.5544 1.22349 4.24981e-06
-36.6301 -28.5551 1.23065 0.00126536
-36.9583 -29.2915 1.24305 5.78431e-05
-36.6386 -29.0578 1.23779 0.0121954
-36.5267 -29.2408 1.212 1.19787e-12
-36.4019 -28.5578 1.241 3.47386e-10
-37.0587 -28.6586 1.24371 4.20635e-09
-36.1474 -28.1018 1.22881 1.45768e-17
-36.354 -28.5859 1.24747 3.99353e-15
-36.6676 -28.6625 1.23297 0.00582241
-36.8828 -28.7091 1.21128 8.07327e-06
-36.3549 -28.4588 1.22856 8.41573e-07
-36.6487 -29.5041 1.21539 4.62807e-16
-36.2368 -28.7567 1.22999 3.36953e-06
-36.5129 -28.4725 1.23007 2.74469e-05
-36.3814 -28.4593 1.21747 8.64996e-06
-36.7543 -28.1273 1.23293 1.11155e-12
-36.448 -29.0836 1.22516 0.000332958
-36.7764 -28.5742 1.23807 7.13057e-06
-36.8091 -28.9119 1.21935 0.00432461
-36.3262 -29.1554 1.22633 3.55361e-06
-36.3896 -28.4198 1.2251 3.62753e-06
-36.5827 -28.5268 1.24231 7.19941e-10
-36.3882 -28.8088 1.22274 0.000705375
-36.8897 -29.2602 1.22398 1.44372e-05
-36.5221 -27.8937 1.23726 1.69459e-24
-37.3371 -29.1099 1.2252 1.12559e-08
-36.8763 -28.6392 1.21948 0.0103874
-36.1302 -28.7362 1.23566 7.34356e-10
-36.5121 -28.4981 1.225 0.000549886
-36.4137 -28.5613 1.23035 3.16092e-05
-35.7009 -28.6279 1.23986 1.43744e-25
-36.2089 -28.7413 1.23882 1.61445e-09
-36.658 -28.6094 1.26425 1.53819e-30
-36.9578 -28.9398 1.21237 1.51164e-07
-36.6226 -28.8072 1.23691 0.00350135
-35.8148 -28.3305 1.24013 1.12103e-27
-36.874 -28.9805 1.22237 0.00836368
-36.8075 -29.2623 1.23386 0.00352998
-36.5716 -28.669 1.22712 0.0240715
-36.7798 -28.4068 1.2359 1.05927e-07
-36.6454 -28.2582 1.22911 6.37479e-08
-36.8173 -28.8661 1.23012 0.250826
-36.7586 -28.8077 1.21275 3.28384e-05
-36.7261 -29.0378 1.23453 0.0864706
-36.4455 -28.3841 1.24207 4.97954e-14
-37.1913 -28.2974 1.22914 4.46263e-10
-37.0613 -28.7434 1.24482 1.35871e-08
-36.6571 -28.2214 1.22906 1.18215e-08
-36.5584 -28.0843 1.23599 1.16485e-16
-36.3587 -28.7438 1.23288 6.43512e-05
-36.8166 -29.135 1.23227 0.0374972
-36.3479 -28.5213 1.2267 9.48495e-06
-36.4112 -28.3718 1.22804 2.88901e-07
-36.8144 -29.0906 1.2326 0.0706516
-36.6873 -28.3456 1.21849 0.000109001
-36.2053 -28.4449 1.22999 7.69653e-10
-36.918 -29.3616 1.25435 4.96955e-10
-37.0598 -28.0395 1.22141 4.94939e-12
-36.5635 -29.1363 1.23464 0.00718442
-36.0351 -28.9777 1.23727 2.04335e-11
-36.4377 -28.6938 1.22379 0.00256818
