215.166 -10.9847 2.98023 0.00999955 215.1 -10.723 2.9829
214.425 -10.8635 2.96863 8.66079e-07 215.1 -10.723 2.9829
215.137 -10.4558 2.95425 2.47168e-16 215.1 -10.723 2.9829
214.587 -10.5902 2.97427 0.000348012 215.1 -10.723 2.9829
214.83 -10.7981 2.99102 8.04542e-07 215.1 -10.723 2.9829
215.033 -10.7855 2.98087 0.183718 215.1 -10.723 2.9829
215.152 -11.3766 2.97425 2.04346e-09 215.1 -10.723 2.9829
214.759 -11.0361 2.96982 4.82808e-05 215.1 -10.723 2.9829
215.205 -10.9702 2.95394 5.53616e-18 215.1 -10.723 2.9829
214.326 -11.4571 2.97627 4.37585e-18 215.1 -10.723 2.9829
215.118 -11.0881 2.96141 7.80629e-11 215.1 -10.723 2.9829
214.781 -10.2971 2.98393 2.54628e-05 215.1 -10.723 2.9829
214.902 -10.8556 2.97708 0.0361876 215.1 -10.723 2.9829
214.989 -10.4474 2.98745 0.00291375 215.1 -10.723 2.9829
214.622 -11.077 2.97119 2.96569e-06 215.1 -10.723 2.9829
214.262 -10.8059 2.98548 2.65385e-15 215.1 -10.723 2.9829
214.579 -10.3835 2.97437 2.63072e-05 215.1 -10.723 2.9829
214.502 -10.8337 2.98534 1.66161e-09 215.1 -10.723 2.9829
214.667 -10.4657 2.96739 8.49657e-05 215.1 -10.723 2.9829
214.513 -10.566 2.97883 4.71221e-06 215.1 -10.723 2.9829
214.534 -10.3622 2.97511 3.86974e-06 215.1 -10.723 2.9829
214.968 -11.1441 2.9927 1.26686e-09 215.1 -10.723 2.9829
214.428 -10.0598 2.98401 1.48072e-14 215.1 -10.723 2.9829
214.801 -10.8623 2.95684 4.46546e-10 215.1 -10.723 2.9829
214.967 -10.3595 2.98213 0.0102369 215.1 -10.723 2.9829
214.902 -11.518 2.97916 1.26832e-12 215.1 -10.723 2.9829
214.273 -10.6313 2.97183 6.9989e-09 215.1 -10.723 2.9829
214.823 -10.7483 2.99218 1.96477e-07 215.1 -10.723 2.9829
214.476 -11.3154 2.98242 1.32114e-14 215.1 -10.723 2.9829
214.99 -10.8657 2.97866 0.0652701 215.1 -10.723 2.9829
215.408 -10.5912 2.98933 0.029086 215.1 -10.723 2.9829
215.299 -10.7874 2.97494 0.00661371 215.1 -10.723 2.9829
214.326 -10.7315 2.99579 2.05677e-22 215.1 -10.723 2.9829
215.092 -10.7987 2.99262 9.70645e-05 215.1 -10.723 2.9829
215.208 -11.1154 2.98448 0.000136096 215.1 -10.723 2.9829
214.117 -11.038 2.97441 4.04655e-15 215.1 -10.723 2.9829
214.375 -11.0462 2.98092 8.95916e-12 215.1 -10.723 2.9829
215.088 -10.7901 2.99092 0.000699737 215.1 -10.723 2.9829
214.673 -10.9151 2.97946 8.16182e-05 215.1 -10.723 2.9829
215.161 -10.6929 2.99162 0.00224508 215.1 -10.723 2.9829
214.848 -10.1454 2.97281 5.20502e-06 215.1 -10.723 2.9829
215.324 -10.9405 2.99079 0.000501842 215.1 -10.723 2.9829
214.956 -10.7814 2.98323 0.0369368 215.1 -10.723 2.9829
214.557 -10.8093 2.9808 3.03219e-06 215.1 -10.723 2.9829
215.118 -10.6694 2.97583 0.181206 215.1 -10.723 2.9829
214.498 -10.4074 2.99844 2.40824e-20 215.1 -10.723 2.9829
214.642 -11.0474 2.97331 1.1472e-05 215.1 -10.723 2.9829
214.813 -11.3972 2.97454 4.8891e-10 215.1 -10.723 2.9829
214.942 -10.754 2.98274 0.0480745 215.1 -10.723 2.9829
215.02 -10.8605 2.97227 0.011436 215.1 -10.723 2.9829
214.815 -10.8233 2.98659 8.00372e-05 215.1 -10.723 2.9829
214.799 -10.3752 2.97427 0.00221587 215.1 -10.723 2.9829
214.921 -11.2188 2.95657 1.38448e-14 215.1 -10.723 2.9829
215.574 -11.0199 2.98605 2.95159e-05 215.1 -10.723 2.9829
215.379 -10.8354 2.98524 0.0288884 215.1 -10.723 2.9829
215.393 -10.7565 2.97589 0.00232225 215.1 -10.723 2.9829
214.836 -10.9161 2.98114 0.00185658 215.1 -10.723 2.9829
215.12 -10.8638 2.98452 0.0411694 215.1 -10.723 2.9829
214.395 -10.7845 2.98979 7.09692e-15 215.1 -10.723 2.9829
215.345 -10.8126 2.9865 0.0391493 215.1 -10.723 2.9829
214.545 -10.9135 2.97383 1.50267e-05 215.1 -10.723 2.9829
214.517 -10.6766 2.97694 1.90108e-05 215.1 -10.723 2.9829
214.953 -11.2547 2.98247 3.11918e-07 215.1 -10.723 2.9829
214.696 -10.2227 2.95202 9.71435e-17 215.1 -10.723 2.9829
214.865 -10.6955 2.98913 6.84472e-05 215.1 -10.723 2.9829
214.935 -10.8787 2.98198 0.013737 215.1 -10.723 2.9829
215.355 -10.6609 2.95592 1.35211e-17 215.1 -10.723 2.9829
214.717 -10.7997 2.9719 0.00309783 215.1 -10.723 2.9829
214.932 -10.8337 2.97499 0.0475606 215.1 -10.723 2.9829
215.123 -10.2971 2.97699 0.00425607 215.1 -10.723 2.9829
215.673 -10.6497 2.96502 2.85357e-15 215.1 -10.723 2.9829
215.161 -11.3794 2.98568 1.3842e-09 215.1 -10.723 2.9829
215.317 -10.4079 2.97209 6.61008e-05 215.1 -10.723 2.9829
214.369 -10.7422 2.96618 2.2973e-07 215.1 -10.723 2.9829
214.942 -10.7814 2.98945 0.000189375 215.1 -10.723 2.9829
214.528 -10.4523 2.9751 1.4467e-05 215.1 -10.723 2.9829
215.189 -11.2532 2.98857 7.83768e-08 215.1 -10.723 2.9829
214.604 -10.7092 2.9762 0.000393639 215.1 -10.723 2.9829
215.085 -11.0664 2.99008 5.11062e-06 215.1 -10.723 2.9829
214.744 -10.697 2.9698 0.00356929 215.1 -10.723 2.9829
214.665 -10.0171 2.98157 4.8417e-10 215.1 -10.723 2.9829
214.211 -11.1912 2.98011 2.49913e-17 215.1 -10.723 2.9829
214.966 -11.2659 2.96995 6.53018e-08 215.1 -10.723 2.9829
215.073 -11.0029 2.99698 2.05343e-09 215.1 -10.723 2.9829
214.624 -10.6271 3.00409 6.5801e-23 215.1 -10.723 2.9829
214.739 -10.8127 2.97286 0.00477511 215.1 -10.723 2.9829
214.654 -10.6872 2.99624 1.03389e-13 215.1 -10.723 2.9829
214.715 -10.6603 2.98124 0.00112928 215.1 -10.723 2.9829
214.956 -10.4399 2.97089 0.00359597 215.1 -10.723 2.9829
215.266 -10.1412 2.97918 3.94862e-05 215.1 -10.723 2.9829
214.612 -11.6174 2.98417 3.03722e-20 215.1 -10.723 2.9829
214.96 -10.5779 2.97514 0.131256 215.1 -10.723 2.9829
215.007 -10.8455 2.98293 0.0389767 215.1 -10.723 2.9829
214.739 -10.6232 2.98467 0.000176329 215.1 -10.723 2.9829
214.743 -10.9084 2.97913 0.000675132 215.1 -10.723 2.9829
214.601 -10.493 2.98423 9.88997e-07 215.1 -10.723 2.9829
215.198 -10.4777 2.99351 0.000339193 215.1 -10.723 2.9829
215.034 -10.7343 2.98866 0.0043245 215.1 -10.723 2.9829
214.86 -11.2618 2.99314 2.148e-13 215.1 -10.723 2.9829
214.86 -10.9586 2.96286 7.00701e-07 215.1 -10.723 2.9829
