256.165 28.2351 0.015276 3.70856e-32 255.06 28.719 0.0083458
256.053 28.7549 0.0172576 2.19584e-26 255.06 28.719 0.0083458
255.181 28.4164 0.0219592 0.000107485 255.06 28.719 0.0083458
255.973 28.6514 0.0243029 6.80386e-28 255.06 28.719 0.0083458
256 28.3141 -0.00124973 8.71106e-20 255.06 28.719 0.0083458
255.627 29.6146 0.0208321 7.91433e-35 255.06 28.719 0.0083458
255.993 28.3441 0.0187387 4.82825e-25 255.06 28.719 0.0083458
256.348 28.3803 0.00879093 2.76073e-36 255.06 28.719 0.0083458
255.843 28.3859 0.0234631 1.47963e-21 255.06 28.719 0.0083458
255.926 28.3334 0.00617196 1.06225e-17 255.06 28.719 0.0083458
256.31 29.2056 0.0172417 3.96516e-46 255.06 28.719 0.0083458
255.22 28.4948 0.0043746 0.598004 255.06 28.719 0.0083458
255.916 28.8927 0.0128848 7.03594e-19 255.06 28.719 0.0083458
256.863 28.2411 0.0158019 2.31222e-75 255.06 28.719 0.0083458
255.769 28.4873 0.0216282 2.71744e-17 255.06 28.719 0.0083458
255.71 29.1691 0.000232325 6.05709e-10 255.06 28.719 0.0083458
256.25 28.4652 0.0176024 9.45903e-36 255.06 28.719 0.0083458
256.428 28.6459 0.0251267 5.3905e-53 255.06 28.719 0.0083458
256.237 28.4053 0.0154478 5.76285e-34 255.06 28.719 0.0083458
255.862 28.0704 0.0189828 1.58144e-23 255.06 28.719 0.0083458
256.244 28.4429 0.0108874 2.03e-31 255.06 28.719 0.0083458
255.782 28.3291 0.0200213 1.31424e-17 255.06 28.719 0.0083458
256.179 29.0039 0.00699542 4.20075e-27 255.06 28.719 0.0083458
255.601 28.468 0.027018 2.85208e-15 255.06 28.719 0.0083458
255.906 28.489 0.0143564 2.97138e-18 255.06 28.719 0.0083458
255.598 29.0426 0.016832 1.93587e-13 255.06 28.719 0.0083458
255.97 29.0622 0.0155413 2.54597e-25 255.06 28.719 0.0083458
256.111 28.467 0.000494483 1.20599e-21 255.06 28.719 0.0083458
255.44 28.6294 0.0160586 2.59697e-05 255.06 28.719 0.0083458
256.116 29.0408 0.0104384 3.55596e-27 255.06 28.719 0.0083458
255.355 28.5154 0.00442835 0.0481251 255.06 28.719 0.0083458
256.263 29.0249 0.0172891 6.98796e-40 255.06 28.719 0.0083458
255.833 29.0432 -0.00622585 4.41532e-10 255.06 28.719 0.0083458
256.144 28.6739 -0.00059857 5.553e-21 255.06 28.719 0.0083458
255.885 28.4877 0.0219396 6.7922e-22 255.06 28.719 0.0083458
256.177 28.4975 0.03025 5.37188e-43 255.06 28.719 0.0083458
255.775 27.993 0.00168018 1.56892e-20 255.06 28.719 0.0083458
255.289 28.8216 0.00865654 0.26471 255.06 28.719 0.0083458
255.835 28.5088 -0.00188969 1.03308e-11 255.06 28.719 0.0083458
256.261 29.4217 0.00431763 6.82658e-37 255.06 28.719 0.0083458
255.982 28.9438 -0.00133099 6.28697e-15 255.06 28.719 0.0083458
256.071 28.8485 0.0218168 5.20693e-32 255.06 28.719 0.0083458
256.444 28.7112 0.00375716 1.09765e-36 255.06 28.719 0.0083458
255.532 28.9769 0.030898 3.51309e-22 255.06 28.719 0.0083458
255.844 29.1645 0.0138312 3.32979e-21 255.06 28.719 0.0083458
255.871 28.7891 0.026005 2.40387e-26 255.06 28.719 0.0083458
255.766 27.9266 0.0222734 2.98668e-24 255.06 28.719 0.0083458
255.711 29.0432 0.0271931 8.58424e-26 255.06 28.719 0.0083458
255.554 29.2631 0.0212929 7.25116e-21 255.06 28.719 0.0083458
256.343 28.4583 0.00812904 7.28255e-35 255.06 28.719 0.0083458
255.785 28.1297 0.026638 1.75724e-23 255.06 28.719 0.0083458
255.928 28.6545 0.0114208 2.75967e-17 255.06 28.719 0.0083458
256.172 28.7336 0.0101972 7.66072e-27 255.06 28.719 0.0083458
256.234 28.7894 0.0110909 1.48595e-30 255.06 28.719 0.0083458
256.116 29.2117 0.0098264 9.21085e-30 255.06 28.719 0.0083458
256.105 28.3429 0.00370445 8.90272e-24 255.06 28.719 0.0083458
256.019 28.4338 0.0221365 6.89455e-28 255.06 28.719 0.0083458
255.718 28.2828 0.0271371 7.77889e-20 255.06 28.719 0.0083458
255.876 28.6369 0.0142161 8.32031e-17 255.06 28.719 0.0083458
256.129 28.4103 0.0154595 1.08889e-28 255.06 28.719 0.0083458
256.342 28.6959 -0.00062003 1.48031e-29 255.06 28.719 0.0083458
255.72 28.7472 0.0278493 1.20426e-21 255.06 28.719 0.0083458
255.703 28.6438 0.00980848 2.64771e-09 255.06 28.719 0.0083458
255.913 28.276 0.0075884 2.08901e-18 255.06 28.719 0.0083458
256.105 29.1598 0.00903768 1.19467e-27 255.06 28.719 0.0083458
255.377 28.7557 0.0105348 0.0166794 255.06 28.719 0.0083458
255.59 28.4859 0.0168303 2.76339e-09 255.06 28.719 0.0083458
255.571 28.7252 0.0283891 7.19798e-17 255.06 28.719 0.0083458
256.244 28.799 0.0155707 1.63015e-34 255.06 28.719 0.0083458
256.024 28.9175 0.0193934 1.47789e-28 255.06 28.719 0.0083458
255.827 28.5435 0.0126704 1.90426e-14 255.06 28.719 0.0083458
255.544 28.0696 0.0121093 2.28437e-12 255.06 28.719 0.0083458
256.083 28.623 0.0173843 2.96741e-27 255.06 28.719 0.0083458
256.413 28.2666 0.0148092 1.48233e-44 255.06 28.719 0.0083458
256.178 28.8857 0.0149594 1.62058e-31 255.06 28.719 0.0083458
256.139 28.4522 -0.00104439 1.03558e-22 255.06 28.719 0.0083458
255.891 28.4325 0.0260144 3.39813e-25 255.06 28.719 0.0083458
256.133 28.8446 0.00944504 3.751e-25 255.06 28.719 0.0083458
256.284 28.8582 0.0171703 1.51534e-38 255.06 28.719 0.0083458
255.44 29.0278 0.00373358 0.000637406 255.06 28.719 0.0083458
256.209 28.8713 0.0227997 3.54384e-40 255.06 28.719 0.0083458
255.88 28.4155 0.000148214 2.68448e-14 255.06 28.719 0.0083458
255.796 28.7653 0.00899163 7.29829e-12 255.06 28.719 0.0083458
256.175 28.7076 0.0213185 2.96459e-35 255.06 28.719 0.0083458
255.989 28.6668 0.0111262 1.82234e-19 255.06 28.719 0.0083458
256.132 28.8135 0.0315782 4.18958e-45 255.06 28.719 0.0083458
256.07 28.5152 0.0115593 2.47435e-23 255.06 28.719 0.0083458
255.782 28.3461 0.0209872 5.52595e-18 255.06 28.719 0.0083458
255.822 29.1003 0.0134319 7.06402e-19 255.06 28.719 0.0083458
255.461 28.6376 0.00532263 0.00531496 255.06 28.719 0.0083458
255.453 28.3807 0.00925663 3.9284e-05 255.06 28.719 0.0083458
255.694 28.5679 0.0160473 1.10582e-11 255.06 28.719 0.0083458
256.106 28.8354 0.00931139 7.60342e-24 255.06 28.719 0.0083458
256.128 28.5852 0.0303057 7.36817e-41 255.06 28.719 0.0083458
256.203 29.292 0.0202755 3.61582e-46 255.06 28.719 0.0083458
256.103 28.7234 0.00644381 8.44826e-22 255.06 28.719 0.0083458
255.802 28.933 0.00711609 2.72457e-12 255.06 28.719 0.0083458
256.098 28.4438 0.0202394 3.8597e-30 255.06 28.719 0.0083458
255.057 28.9887 0.0112235 0.0662705 255.06 28.719 0.0083458
255.245 28.2268 0.012806 8.66793e-05 255.06 28.719 0.0083458
