267.885 25.4139 5.80423 1.52919e-07 267.53 25.84 5.8028
267.423 25.3962 5.80885 3.87018e-06 267.53 25.84 5.8028
267.737 26.0176 5.7936 0.0070149 267.53 25.84 5.8028
267.396 26.383 5.79963 2.17402e-07 267.53 25.84 5.8028
267.949 25.9896 5.79208 0.000180259 267.53 25.84 5.8028
267.552 25.7612 5.80109 0.107098 267.53 25.84 5.8028
267.645 26.1588 5.82129 9.78544e-07 267.53 25.84 5.8028
268.08 26.048 5.78836 5.54608e-07 267.53 25.84 5.8028
268.045 26.2128 5.79677 1.29891e-07 267.53 25.84 5.8028
267.097 25.4862 5.79926 3.06861e-09 267.53 25.84 5.8028
267.255 26.1568 5.80896 0.000185191 267.53 25.84 5.8028
267.921 26.031 5.79803 0.000453267 267.53 25.84 5.8028
267.924 25.7007 5.79869 0.000374128 267.53 25.84 5.8028
267.12 25.9141 5.81091 0.00014202 267.53 25.84 5.8028
267.906 25.9938 5.79326 0.000641895 267.53 25.84 5.8028
267.107 25.7601 5.80518 2.37465e-05 267.53 25.84 5.8028
267.775 26.0571 5.78948 0.000494598 267.53 25.84 5.8028
267.605 25.764 5.80794 0.0666213 267.53 25.84 5.8028
267.69 26.033 5.77948 3.29555e-07 267.53 25.84 5.8028
267.784 25.5166 5.79613 9.04028e-05 267.53 25.84 5.8028
268.077 25.7549 5.81362 1.36543e-09 267.53 25.84 5.8028
267.653 26.159 5.80196 0.00374821 267.53 25.84 5.8028
267.835 25.6237 5.78643 2.06315e-05 267.53 25.84 5.8028
267.676 25.6207 5.78867 0.000159843 267.53 25.84 5.8028
267.292 25.4711 5.79729 8.18787e-07 267.53 25.84 5.8028
267.544 25.4689 5.79836 8.36841e-05 267.53 25.84 5.8028
267.717 25.7382 5.79394 0.0119107 267.53 25.84 5.8028
267.787 26.1313 5.80068 0.00139556 267.53 25.84 5.8028
268.231 25.9814 5.80552 8.3361e-11 267.53 25.84 5.8028
268.358 25.7048 5.80698 2.93683e-15 267.53 25.84 5.8028
267.835 26.1261 5.81177 1.61895e-05 267.53 25.84 5.8028
267.687 26.2658 5.78946 2.90412e-06 267.53 25.84 5.8028
268.34 25.7495 5.79289 8.86283e-12 267.53 25.84 5.8028
267.805 26.1759 5.80601 0.000131656 267.53 25.84 5.8028
268.05 25.985 5.80298 3.40594e-06 267.53 25.84 5.8028
267.441 26.395 5.80854 5.64018e-07 267.53 25.84 5.8028
267.537 25.8564 5.79996 0.1415 267.53 25.84 5.8028
267.322 25.4844 5.81369 1.38482e-05 267.53 25.84 5.8028
267.568 25.8215 5.78995 0.00254358 267.53 25.84 5.8028
267.653 26.35 5.80398 5.22736e-06 267.53 25.84 5.8028
267.953 25.6077 5.78462 8.08653e-07 267.53 25.84 5.8028
267.945 25.8816 5.79568 0.000688544 267.53 25.84 5.8028
267.721 26.2645 5.80808 2.6025e-05 267.53 25.84 5.8028
267.5 25.608 5.80573 0.00861933 267.53 25.84 5.8028
267.112 25.7135 5.8203 5.44475e-06 267.53 25.84 5.8028
267.674 25.8362 5.77305 4.93917e-10 267.53 25.84 5.8028
267.407 25.8205 5.79392 0.00233295 267.53 25.84 5.8028
267.704 25.4731 5.77635 5.92928e-11 267.53 25.84 5.8028
267.874 25.8662 5.79677 0.00457186 267.53 25.84 5.8028
267.088 25.7104 5.80906 1.35908e-05 267.53 25.84 5.8028
267.534 26.1022 5.78878 6.80684e-05 267.53 25.84 5.8028
267.609 25.7211 5.79415 0.0125882 267.53 25.84 5.8028
267.991 25.6481 5.8044 4.46618e-06 267.53 25.84 5.8028
267.6 25.3899 5.81146 1.23371e-06 267.53 25.84 5.8028
267.958 25.7664 5.7927 0.000202047 267.53 25.84 5.8028
267.603 25.6931 5.79351 0.00632946 267.53 25.84 5.8028
267.682 26.1245 5.8039 0.00613074 267.53 25.84 5.8028
268.273 25.6267 5.81389 6.03009e-16 267.53 25.84 5.8028
267.699 26.289 5.79189 4.34526e-06 267.53 25.84 5.8028
267.247 25.9775 5.80339 0.00161695 267.53 25.84 5.8028
267.581 25.7551 5.80532 0.107072 267.53 25.84 5.8028
267.431 25.6212 5.79001 2.25704e-05 267.53 25.84 5.8028
267.507 25.8985 5.80705 0.165992 267.53 25.84 5.8028
267.76 25.4345 5.80061 1.01614e-05 267.53 25.84 5.8028
267.741 25.8145 5.81159 0.00327419 267.53 25.84 5.8028
267.509 26.0369 5.79456 0.00526121 267.53 25.84 5.8028
267.788 26.3201 5.80935 4.87154e-07 267.53 25.84 5.8028
267.767 25.2447 5.80596 5.12395e-10 267.53 25.84 5.8028
267.653 26.0886 5.81763 7.47816e-05 267.53 25.84 5.8028
267.46 25.8414 5.78837 0.00016506 267.53 25.84 5.8028
267.852 25.5766 5.78824 1.46565e-05 267.53 25.84 5.8028
267.587 25.4378 5.8073 3.35643e-05 267.53 25.84 5.8028
267.978 26.0602 5.80905 1.62317e-06 267.53 25.84 5.8028
268.01 25.8677 5.80064 5.90078e-05 267.53 25.84 5.8028
268.199 25.7125 5.80599 2.37556e-10 267.53 25.84 5.8028
268.074 25.7435 5.78393 2.49554e-07 267.53 25.84 5.8028
268.267 26.1383 5.80846 7.74577e-14 267.53 25.84 5.8028
267.857 25.8469 5.79746 0.00679471 267.53 25.84 5.8028
267.996 25.9799 5.7782 3.27342e-08 267.53 25.84 5.8028
267.128 25.7185 5.78711 1.26032e-10 267.53 25.84 5.8028
267.493 25.8268 5.81609 0.00875539 267.53 25.84 5.8028
267.699 25.8653 5.79899 0.0881943 267.53 25.84 5.8028
267.805 25.9069 5.79434 0.0102848 267.53 25.84 5.8028
268.019 25.8133 5.80502 9.02198e-06 267.53 25.84 5.8028
267.259 25.4851 5.78499 2.26323e-11 267.53 25.84 5.8028
267.884 25.6012 5.8082 1.51727e-05 267.53 25.84 5.8028
268.21 25.5063 5.79837 3.05073e-11 267.53 25.84 5.8028
267.902 25.7656 5.81833 9.03552e-08 267.53 25.84 5.8028
267.896 25.8001 5.79252 0.00112421 267.53 25.84 5.8028
268.172 25.8814 5.79458 1.25609e-07 267.53 25.84 5.8028
268.056 26.1139 5.81301 9.5579e-10 267.53 25.84 5.8028
267.825 26.018 5.79224 0.00160965 267.53 25.84 5.8028
268.31 25.5877 5.78325 8.21317e-13 267.53 25.84 5.8028
267.628 25.7838 5.80172 0.126775 267.53 25.84 5.8028
267.632 25.8552 5.797 0.085269 267.53 25.84 5.8028
267.418 25.8007 5.78473 1.98965e-06 267.53 25.84 5.8028
267.503 25.2849 5.81367 6.13214e-09 267.53 25.84 5.8028
267.843 24.981 5.7926 2.75883e-18 267.53 25.84 5.8028
267.886 25.8465 5.79126 0.00111952 267.53 25.84 5.8028
268.01 25.4027 5.80045 3.75498e-09 267.53 25.84 5.8028
