7.97027 -93.4185 3.44567 0.0249808
8.06754 -93.185 3.45062 0.175081
8.03694 -93.7187 3.4263 1.43696e-06
8.21127 -93.9326 3.43389 1.21524e-06
8.21883 -94.0324 3.446 8.28343e-08
7.72732 -93.46 3.42919 6.62624e-06
7.98339 -93.9979 3.43934 4.32693e-07
8.19692 -93.4704 3.44263 0.0293579
7.8558 -93.4743 3.45097 0.001162
7.75659 -92.7957 3.44958 9.19844e-05
8.57265 -93.2961 3.44279 0.00187241
8.8798 -93.7261 3.46168 1.65494e-09
8.23412 -93.4904 3.44054 0.012637
7.69174 -93.4094 3.43566 9.51526e-05
8.1863 -93.8059 3.45708 9.1373e-07
7.98202 -93.4219 3.45534 0.00332775
8.26249 -93.4233 3.45768 0.0114019
9.35756 -93.4814 3.44686 6.77894e-15
7.93429 -94.05 3.45676 6.3186e-12
8.35497 -94.3586 3.45284 6.14863e-16
8.1598 -93.1669 3.44382 0.0901111
8.1434 -94.0127 3.44059 4.23073e-07
7.94337 -92.7702 3.46124 0.000835392
8.5491 -93.0547 3.44064 0.000242925
6.93599 -93.7864 3.4335 1.46316e-17
8.20027 -92.9645 3.43933 0.00118649
7.74901 -93.4269 3.44977 0.000386843
8.14486 -93.8275 3.45016 1.50672e-05
8.07395 -93.4564 3.43752 0.00651825
7.82087 -92.9783 3.44989 0.00329629
8.38082 -94.2733 3.43504 5.96991e-12
7.71146 -93.6089 3.43158 1.01823e-05
7.95515 -93.5592 3.45191 0.000945338
8.22222 -93.6268 3.44706 0.00449502
8.103 -93.8524 3.42378 3.11756e-08
8.5372 -93.8403 3.44182 2.05866e-06
8.72788 -93.934 3.44089 2.31536e-09
8.182 -93.3892 3.44725 0.108659
8.77786 -93.6659 3.45033 1.97404e-06
8.30044 -93.2727 3.43191 5.03113e-05
8.21824 -94.1146 3.44979 7.25546e-10
7.30214 -93.936 3.44576 4.75036e-14
7.90869 -93.1479 3.45691 0.00698869
8.39575 -93.6454 3.45342 0.000525884
7.81918 -93.1503 3.43459 0.000120265
8.04678 -93.0323 3.4253 9.18814e-09
8.19653 -93.5074 3.43964 0.00928945
8.26839 -93.4571 3.40856 6.34698e-18
8.33736 -94.0201 3.44732 5.97211e-08
8.1256 -93.5558 3.44605 0.0137992
7.91848 -93.6048 3.43034 4.52098e-05
8.69392 -93.2635 3.4396 1.94592e-05
7.67429 -93.623 3.45265 6.78628e-07
7.86064 -93.3589 3.4396 0.00439898
8.04324 -93.6938 3.45405 4.9719e-05
8.03196 -93.421 3.43435 0.00146936
7.54689 -94.3115 3.43921 3.36325e-15
7.72292 -93.7994 3.42469 4.59953e-08
8.23222 -93.1103 3.44561 0.12142
8.02077 -93.9708 3.43279 5.19007e-07
8.60587 -93.2881 3.46053 0.0056404
8.11946 -93.7469 3.4337 6.52772e-05
8.04818 -93.6701 3.43091 4.84178e-05
7.68958 -92.5115 3.44035 3.36819e-10
7.97049 -93.4924 3.42964 5.79036e-05
8.17083 -92.9003 3.43409 5.18344e-06
7.76591 -93.5273 3.43442 0.000122419
8.1433 -93.8873 3.44126 1.60355e-05
7.76077 -93.4164 3.46001 2.7895e-06
8.32319 -93.556 3.4488 0.0107848
8.28214 -93.1122 3.43694 0.000931475
7.70174 -93.1197 3.42708 5.48697e-08
8.12858 -94.0702 3.43815 6.9799e-08
7.77839 -93.7212 3.45227 9.49383e-07
7.99012 -93.3392 3.44678 0.0538671
8.08991 -93.2907 3.4477 0.149492
8.37008 -93.545 3.46125 0.000161989
7.83772 -94.3487 3.44532 8.90013e-15
8.72377 -93.2909 3.4354 3.08589e-07
7.91531 -93.6241 3.44565 0.000914924
7.81745 -94.1384 3.45014 4.18631e-12
7.66001 -93.3671 3.47505 1.88582e-14
8.1049 -93.7666 3.46142 5.80547e-08
7.66442 -93.4807 3.45631 9.13059e-07
8.41561 -93.4813 3.46715 1.01909e-05
9.12959 -93.9474 3.42035 9.03248e-24
7.8966 -92.9164 3.43829 9.57432e-05
7.64174 -94.4029 3.4397 3.68977e-16
7.92098 -92.9548 3.45711 0.00732923
8.2716 -93.3194 3.44601 0.132802
7.70602 -93.3428 3.44058 0.000499931
8.58737 -93.2243 3.47961 1.15746e-08
9.22515 -94.0886 3.45816 1.01944e-19
7.97782 -93.7649 3.41925 2.14889e-09
7.97883 -93.7859 3.423 5.77458e-08
8.07084 -93.5833 3.43729 0.00220955
8.39461 -93.4776 3.42713 2.77493e-07
8.76608 -93.5247 3.46009 9.44498e-06
7.75886 -93.6822 3.43473 2.66776e-05
8.24914 -94.0409 3.45521 6.09388e-10
