23.5972 -86.851 3.79875 2.99757e-05 23.389 -87.219 3.7894
23.1482 -86.8696 3.77519 2.83381e-07 23.389 -87.219 3.7894
23.1064 -86.8922 3.79469 1.90876e-10 23.389 -87.219 3.7894
23.6607 -87.1097 3.77976 0.000402249 23.389 -87.219 3.7894
23.3 -87.1372 3.78047 0.00132849 23.389 -87.219 3.7894
22.9119 -86.9742 3.79491 5.34185e-15 23.389 -87.219 3.7894
22.9498 -87.5499 3.78423 9.75421e-11 23.389 -87.219 3.7894
23.0428 -86.9885 3.79561 9.04684e-12 23.389 -87.219 3.7894
23.2772 -86.729 3.77559 6.55138e-08 23.389 -87.219 3.7894
23.52 -87.1525 3.80514 4.45201e-08 23.389 -87.219 3.7894
23.2504 -86.8843 3.76348 1.49619e-15 23.389 -87.219 3.7894
23.0068 -87.6239 3.78109 8.27327e-11 23.389 -87.219 3.7894
23.3403 -86.7142 3.77287 1.82642e-09 23.389 -87.219 3.7894
23.7288 -87.3388 3.78433 0.00652032 23.389 -87.219 3.7894
23.8672 -87.2226 3.76534 9.43758e-23 23.389 -87.219 3.7894
23.4627 -86.6271 3.79151 3.09809e-07 23.389 -87.219 3.7894
23.7384 -87.2517 3.77515 1.17833e-08 23.389 -87.219 3.7894
23.7609 -87.3876 3.80186 0.00307071 23.389 -87.219 3.7894
23.0136 -87.122 3.78448 7.45142e-07 23.389 -87.219 3.7894
23.3401 -87.2906 3.78454 0.00635718 23.389 -87.219 3.7894
22.6328 -86.8032 3.78805 1.59204e-20 23.389 -87.219 3.7894
23.0135 -86.9299 3.78442 1.16735e-07 23.389 -87.219 3.7894
22.768 -86.529 3.79782 1.2067e-29 23.389 -87.219 3.7894
22.7933 -87.1207 3.78855 1.66188e-13 23.389 -87.219 3.7894
22.9755 -86.4407 3.7839 6.30163e-16 23.389 -87.219 3.7894
23.3346 -86.2076 3.78343 1.25318e-17 23.389 -87.219 3.7894
23.0493 -86.8594 3.78789 1.47285e-08 23.389 -87.219 3.7894
22.4557 -87.1136 3.78665 8.01614e-24 23.389 -87.219 3.7894
22.5871 -86.9857 3.77892 3.08944e-16 23.389 -87.219 3.7894
23.6852 -86.796 3.78476 0.000427205 23.389 -87.219 3.7894
22.9831 -87.1695 3.78565 1.16006e-07 23.389 -87.219 3.7894
23.5965 -87.1597 3.78831 0.462531 23.389 -87.219 3.7894
23.1189 -87.3018 3.78317 1.89065e-05 23.389 -87.219 3.7894
23.3608 -87.3825 3.78701 0.00395376 23.389 -87.219 3.7894
23.0521 -87.2082 3.7784 1.73191e-06 23.389 -87.219 3.7894
23.3233 -86.7114 3.77047 4.56338e-11 23.389 -87.219 3.7894
23.9071 -87.1031 3.8007 0.0296781 23.389 -87.219 3.7894
23.4795 -87.3623 3.8034 2.2349e-07 23.389 -87.219 3.7894
22.6906 -87.2816 3.78829 1.16649e-16 23.389 -87.219 3.7894
22.8244 -87.1275 3.76363 5.29608e-16 23.389 -87.219 3.7894
23.5804 -86.9424 3.80308 4.9052e-07 23.389 -87.219 3.7894
23.1257 -87.2439 3.79709 6.95925e-10 23.389 -87.219 3.7894
22.8228 -86.9851 3.79513 6.7472e-18 23.389 -87.219 3.7894
23.2608 -87.061 3.79996 2.26986e-09 23.389 -87.219 3.7894
23.2888 -86.6306 3.78781 4.8392e-08 23.389 -87.219 3.7894
23.4298 -86.5459 3.78594 2.99762e-08 23.389 -87.219 3.7894
23.5291 -87.4662 3.79657 0.00118338 23.389 -87.219 3.7894
23.5792 -87.3996 3.7912 0.0819478 23.389 -87.219 3.7894
22.7993 -87.0537 3.80297 8.25234e-27 23.389 -87.219 3.7894
23.4212 -87.2997 3.7702 1.88056e-10 23.389 -87.219 3.7894
23.2652 -86.7028 3.78911 1.99153e-07 23.389 -87.219 3.7894
22.9568 -87.5065 3.7764 9.46119e-11 23.389 -87.219 3.7894
23.306 -86.9143 3.77652 1.14051e-05 23.389 -87.219 3.7894
22.9822 -87.4639 3.81408 1.95064e-35 23.389 -87.219 3.7894
23.0961 -87.1933 3.78957 1.5102e-06 23.389 -87.219 3.7894
23.2024 -86.711 3.76958 1.39902e-11 23.389 -87.219 3.7894
23.2647 -86.8207 3.7915 1.48069e-06 23.389 -87.219 3.7894
23.1896 -87.074 3.78416 0.000333768 23.389 -87.219 3.7894
22.9633 -86.8749 3.78555 2.15207e-09 23.389 -87.219 3.7894
23.2771 -87.1469 3.7859 0.00398422 23.389 -87.219 3.7894
22.8841 -87.4197 3.76458 4.04313e-17 23.389 -87.219 3.7894
23.8508 -87.0258 3.77302 3.77049e-12 23.389 -87.219 3.7894
22.8272 -86.9205 3.81007 2.01971e-37 23.389 -87.219 3.7894
23.1991 -87.0501 3.77444 1.77644e-06 23.389 -87.219 3.7894
23.3527 -87.1193 3.79373 0.000785569 23.389 -87.219 3.7894
23.4262 -87.2378 3.80954 4.38673e-14 23.389 -87.219 3.7894
23.4665 -87.0071 3.78219 0.00851299 23.389 -87.219 3.7894
23.4158 -87.0524 3.79254 0.00672359 23.389 -87.219 3.7894
23.4414 -87.3311 3.78029 0.000680989 23.389 -87.219 3.7894
23.3711 -87.3264 3.77634 7.00765e-06 23.389 -87.219 3.7894
23.1465 -87.4207 3.78026 2.25842e-06 23.389 -87.219 3.7894
23.1493 -87.0962 3.77558 3.17672e-06 23.389 -87.219 3.7894
23.4389 -86.9225 3.78497 0.007339 23.389 -87.219 3.7894
23.2694 -87.4712 3.79285 6.63217e-06 23.389 -87.219 3.7894
22.5615 -87.3347 3.79901 1.98125e-31 23.389 -87.219 3.7894
23.2749 -86.9264 3.76737 1.14771e-11 23.389 -87.219 3.7894
23.2867 -87.1089 3.78485 0.00456301 23.389 -87.219 3.7894
22.9676 -86.6408 3.79302 1.88831e-16 23.389 -87.219 3.7894
23.7606 -87.0661 3.79517 0.290435 23.389 -87.219 3.7894
23.4378 -87.372 3.78918 0.0196754 23.389 -87.219 3.7894
23.5094 -86.4852 3.78153 7.74165e-10 23.389 -87.219 3.7894
23.7598 -87.4731 3.77779 1.47491e-08 23.389 -87.219 3.7894
23.5798 -87.2784 3.78181 0.00470904 23.389 -87.219 3.7894
23.2202 -87.026 3.80117 1.48556e-11 23.389 -87.219 3.7894
23.5664 -87.5776 3.7947 0.000534951 23.389 -87.219 3.7894
23.9319 -87.1657 3.78046 9.75165e-07 23.389 -87.219 3.7894
22.9328 -86.7983 3.78528 8.60663e-11 23.389 -87.219 3.7894
22.8401 -87.0506 3.78269 2.87684e-10 23.389 -87.219 3.7894
22.9018 -87.3217 3.81281 2.40424e-36 23.389 -87.219 3.7894
23.8775 -88.015 3.79196 1.61154e-12 23.389 -87.219 3.7894
23.832 -86.4668 3.80086 2.87956e-12 23.389 -87.219 3.7894
23.9859 -86.8097 3.79545 0.00035285 23.389 -87.219 3.7894
23.3934 -87.3589 3.79727 5.49918e-05 23.389 -87.219 3.7894
24.1139 -87.3113 3.79329 0.00436908 23.389 -87.219 3.7894
23.4117 -87.0155 3.79824 1.16715e-05 23.389 -87.219 3.7894
23.3578 -86.7734 3.78873 3.37182e-05 23.389 -87.219 3.7894
23.2938 -87.0094 3.78258 0.00174673 23.389 -87.219 3.7894
23.396 -87.2138 3.78464 0.0278514 23.389 -87.219 3.7894
23.2164 -87.7961 3.7941 5.07035e-12 23.389 -87.219 3.7894
23.5535 -86.9025 3.78966 0.0198123 23.389 -87.219 3.7894
