207.967 25.852 0.072847 6.88755e-05 208.26 25.592 0.073146
208.447 25.3707 0.0772505 0.000261253 208.26 25.592 0.073146
207.627 26.136 0.0953427 5.46923e-10 208.26 25.592 0.073146
208.368 25.3547 0.0579879 2.84526e-07 208.26 25.592 0.073146
208.585 26.1637 0.0861818 4.92017e-20 208.26 25.592 0.073146
208.37 25.2539 0.05957 1.15623e-06 208.26 25.592 0.073146
207.862 26.2644 0.0626244 4.75207e-18 208.26 25.592 0.073146
207.872 26.2446 0.073371 1.06915e-12 208.26 25.592 0.073146
208.201 25.3302 0.0763198 0.0829228 208.26 25.592 0.073146
207.204 25.7596 0.0781736 1.04838e-11 208.26 25.592 0.073146
207.981 26.1228 0.0533082 1.53632e-19 208.26 25.592 0.073146
208.012 25.8325 0.0729639 0.000142629 208.26 25.592 0.073146
207.661 25.4178 0.0619926 2.8123e-06 208.26 25.592 0.073146
208.705 25.3747 0.0723813 1.56404e-08 208.26 25.592 0.073146
208.232 25.1342 0.0589058 5.9808e-07 208.26 25.592 0.073146
207.885 25.2944 0.0748548 0.123518 208.26 25.592 0.073146
208.274 25.7948 0.0726757 3.74401e-05 208.26 25.592 0.073146
208.225 26.0793 0.0604244 4.09823e-14 208.26 25.592 0.073146
208.035 25.29 0.0873204 0.00639331 208.26 25.592 0.073146
208.23 26.1712 0.0740598 3.23011e-11 208.26 25.592 0.073146
207.346 25.4002 0.0713692 3.50545e-08 208.26 25.592 0.073146
208.127 25.5387 0.0617957 0.000101995 208.26 25.592 0.073146
207.778 25.7404 0.0893461 0.0012754 208.26 25.592 0.073146
207.574 25.1974 0.0764492 0.000234468 208.26 25.592 0.073146
207.701 25.4802 0.0716996 0.0031009 208.26 25.592 0.073146
207.879 26.1661 0.0671665 4.52351e-13 208.26 25.592 0.073146
208.637 25.9533 0.0698521 4.64301e-13 208.26 25.592 0.073146
208.001 25.3924 0.0688621 0.0476245 208.26 25.592 0.073146
207.639 25.4952 0.0571323 2.94582e-09 208.26 25.592 0.073146
208.656 25.5911 0.058714 2.63638e-11 208.26 25.592 0.073146
207.763 25.1461 0.0828542 0.00198975 208.26 25.592 0.073146
208.34 25.7517 0.0596764 7.22607e-09 208.26 25.592 0.073146
207.968 25.8107 0.0834994 0.00225541 208.26 25.592 0.073146
208.15 25.2043 0.0616369 4.99113e-05 208.26 25.592 0.073146
208.506 25.3686 0.0749298 6.09948e-05 208.26 25.592 0.073146
208.767 25.9007 0.0741644 6.62013e-15 208.26 25.592 0.073146
208.092 25.3211 0.0797928 0.110823 208.26 25.592 0.073146
208.205 25.5671 0.0730019 0.0139295 208.26 25.592 0.073146
208.576 25.7965 0.0757437 2.59797e-09 208.26 25.592 0.073146
207.729 25.9006 0.084809 4.3723e-05 208.26 25.592 0.073146
208.932 25.3204 0.089676 4.86523e-21 208.26 25.592 0.073146
208.666 25.2044 0.0742316 3.04457e-08 208.26 25.592 0.073146
207.905 25.2674 0.0985754 5.54977e-07 208.26 25.592 0.073146
208.114 25.6401 0.0713291 0.00603138 208.26 25.592 0.073146
207.433 25.8319 0.0767027 2.08051e-08 208.26 25.592 0.073146
207.982 25.1987 0.0699326 0.0381289 208.26 25.592 0.073146
207.654 25.7982 0.0731638 6.78799e-06 208.26 25.592 0.073146
208.339 25.3086 0.0933985 2.2065e-09 208.26 25.592 0.073146
208.762 25.7271 0.0974177 8.6814e-24 208.26 25.592 0.073146
207.871 25.8782 0.0612436 8.36546e-10 208.26 25.592 0.073146
208.228 25.4658 0.0849603 0.000719726 208.26 25.592 0.073146
208.339 25.5295 0.053151 1.21009e-10 208.26 25.592 0.073146
208.348 25.9938 0.0672049 2.97669e-10 208.26 25.592 0.073146
207.896 24.8954 0.057515 2.52224e-07 208.26 25.592 0.073146
208.602 25.847 0.0682325 1.09885e-10 208.26 25.592 0.073146
208.281 25.3634 0.0760734 0.025023 208.26 25.592 0.073146
208.353 25.7123 0.0662946 5.87357e-06 208.26 25.592 0.073146
207.95 25.6056 0.068946 0.00392323 208.26 25.592 0.073146
208.158 25.7969 0.082413 0.000845164 208.26 25.592 0.073146
208.14 25.7292 0.0703053 0.000435008 208.26 25.592 0.073146
208.117 25.582 0.0840932 0.0283908 208.26 25.592 0.073146
208.107 25.8645 0.0788477 0.000221163 208.26 25.592 0.073146
208.243 25.3001 0.0701756 0.0220138 208.26 25.592 0.073146
208.214 25.3336 0.0820002 0.00957151 208.26 25.592 0.073146
207.996 25.3778 0.0815202 0.174617 208.26 25.592 0.073146
207.579 26.0245 0.0761784 1.95197e-09 208.26 25.592 0.073146
208.641 25.9583 0.0763863 1.90795e-13 208.26 25.592 0.073146
208.081 25.9092 0.078371 6.13935e-05 208.26 25.592 0.073146
207.921 24.9926 0.0691842 0.000821406 208.26 25.592 0.073146
208.152 25.3651 0.0759775 0.156163 208.26 25.592 0.073146
208.22 26.1354 0.0668961 1.60621e-12 208.26 25.592 0.073146
207.693 25.8825 0.0738503 1.70732e-06 208.26 25.592 0.073146
207.887 26.2829 0.088116 3.29715e-11 208.26 25.592 0.073146
208.024 25.6857 0.0516478 1.75327e-11 208.26 25.592 0.073146
208.023 25.9157 0.0708722 2.62907e-06 208.26 25.592 0.073146
208.765 26.0246 0.06699 1.52445e-17 208.26 25.592 0.073146
208.396 25.9238 0.0801832 2.46789e-09 208.26 25.592 0.073146
208.028 25.2422 0.0848073 0.0127712 208.26 25.592 0.073146
208.094 25.5943 0.0732469 0.0288797 208.26 25.592 0.073146
208.128 25.6672 0.0667934 0.000286769 208.26 25.592 0.073146
208 25.1436 0.0782209 0.024877 208.26 25.592 0.073146
208.156 25.8317 0.0775664 0.000280643 208.26 25.592 0.073146
208.385 25.4873 0.0723843 0.00155241 208.26 25.592 0.073146
208.145 25.3553 0.0630122 0.00184886 208.26 25.592 0.073146
208.225 25.4672 0.0633739 0.000303807 208.26 25.592 0.073146
207.946 26.0046 0.0766051 1.42405e-06 208.26 25.592 0.073146
208.651 25.0962 0.0623342 4.67061e-10 208.26 25.592 0.073146
207.758 25.8729 0.0980177 1.29323e-06 208.26 25.592 0.073146
208.012 25.5597 0.0654718 0.00125764 208.26 25.592 0.073146
208.747 25.9995 0.0707623 2.95841e-16 208.26 25.592 0.073146
207.693 25.8461 0.068397 1.29283e-07 208.26 25.592 0.073146
208.699 25.8388 0.0710891 3.43969e-12 208.26 25.592 0.073146
208.626 25.4507 0.0656754 1.03475e-07 208.26 25.592 0.073146
207.846 25.686 0.0845092 0.0154781 208.26 25.592 0.073146
208.225 25.7013 0.0817047 0.00219972 208.26 25.592 0.073146
208.151 25.6983 0.0839782 0.00492696 208.26 25.592 0.073146
207.856 25.8884 0.0759413 4.45085e-05 208.26 25.592 0.073146
208.385 25.7404 0.0655742 8.57553e-07 208.26 25.592 0.073146
208.729 25.8635 0.0601069 1.76031e-15 208.26 25.592 0.073146
207.901 25.6497 0.0821525 0.0434656 208.26 25.592 0.073146
