14.0784 -93.0879 3.55762 0.0379049
13.5801 -92.9394 3.5736 0.000319937
14.2379 -92.5579 3.56937 0.000679085
13.8862 -93.0115 3.55881 0.0750519
13.9429 -93.2389 3.57383 0.0077175
14.0968 -93.0903 3.56781 0.0642456
13.7772 -92.2077 3.55463 1.1933e-08
14.1429 -93.4615 3.55747 0.00451822
14.0578 -92.3257 3.58574 3.35881e-06
13.7884 -93.2074 3.56633 0.0304357
13.6742 -92.4044 3.56759 9.55368e-06
13.2178 -93.0164 3.52841 3.21373e-06
13.822 -92.7205 3.54862 0.000367164
14.2847 -92.9325 3.57119 0.0197305
13.4827 -93.5438 3.57052 2.64776e-06
13.8328 -92.6422 3.55882 0.00158347
13.5881 -92.7908 3.56885 0.000865468
13.8513 -92.8756 3.55494 0.0174466
13.651 -92.5899 3.57305 7.71771e-05
14.16 -93.7088 3.57163 1.44001e-05
13.6396 -92.556 3.5578 0.000126782
13.968 -92.48 3.5394 2.3383e-09
14.5277 -93.3158 3.54642 1.20347e-07
14.0972 -92.3368 3.56337 4.46274e-06
13.9341 -93.1461 3.53104 1.13001e-06
13.4873 -92.6349 3.57395 5.54466e-06
14.4643 -92.9437 3.55582 4.03242e-05
14.4031 -92.8494 3.56509 0.0016706
13.9701 -93.1566 3.5638 0.0890546
13.9145 -92.7245 3.55205 0.000921046
13.5647 -93.3344 3.55673 0.0153276
14.0016 -93.4761 3.55553 0.00994758
13.7325 -92.9747 3.55102 0.0204041
14.2627 -93.2881 3.56342 0.00974983
13.735 -93.4449 3.547 0.0134023
13.6519 -93.4864 3.56521 0.00100414
13.7112 -92.9253 3.55101 0.0130139
13.7876 -92.7373 3.56925 0.00485349
14.4188 -92.5835 3.57987 0.000492809
13.2387 -93.227 3.56494 8.81249e-06
13.9737 -92.583 3.56145 0.000871973
13.9546 -92.9142 3.55566 0.0214218
13.7801 -93.3387 3.56002 0.0390851
13.4714 -92.5799 3.54174 1.22405e-06
13.5948 -93.6502 3.56164 0.000144511
14.0213 -93.3375 3.57352 0.00457227
13.4482 -93.0489 3.55352 0.00740221
14.0032 -92.8172 3.5782 0.0057746
13.8183 -92.7635 3.55406 0.00389958
14.3164 -92.9309 3.54538 2.25261e-06
14.2133 -92.8723 3.54858 5.86933e-05
14.0224 -93.2663 3.57008 0.0227517
13.6812 -92.4348 3.55804 1.24098e-05
13.9521 -93.1247 3.55732 0.0765744
13.7878 -92.3526 3.54093 9.7634e-10
13.3946 -93.222 3.56064 0.001199
13.9996 -92.8704 3.54641 0.000357266
13.7876 -92.5869 3.568 0.000811589
13.5329 -93.5627 3.58448 1.3225e-10
13.1945 -93.0474 3.54667 0.000255356
13.6822 -92.8113 3.54736 0.00126317
13.7655 -93.107 3.59426 6.72777e-09
13.9983 -92.8875 3.5902 2.90826e-05
13.8038 -93.101 3.56886 0.0264792
13.4248 -92.862 3.53792 5.65878e-05
13.7366 -92.8124 3.54766 0.00137227
13.9115 -93.3402 3.56148 0.0431045
14.1022 -93.0476 3.56924 0.0589545
13.8462 -92.6355 3.56625 0.00259974
14.0296 -92.5753 3.55546 0.000109394
13.2031 -93.9851 3.57237 1.25892e-14
13.93 -93.5283 3.55422 0.00751336
13.9619 -93.5369 3.54661 0.0016561
13.3843 -92.8481 3.55384 0.000674961
13.6352 -92.4713 3.57251 1.06015e-05
13.9808 -93.1213 3.57909 0.00303253
13.8191 -92.9019 3.58397 9.27178e-05
14.1219 -92.3955 3.54779 1.03944e-08
13.1988 -93.2385 3.57179 5.1724e-08
13.8236 -92.5541 3.5595 0.000360508
13.8993 -92.6407 3.56247 0.00273557
13.7365 -92.5298 3.56706 0.000218485
13.3747 -93.3789 3.53623 0.00111247
13.6646 -92.9137 3.55713 0.0203852
13.6943 -92.9835 3.53956 0.000534911
14.1902 -92.4143 3.56485 2.37349e-05
13.8782 -92.2086 3.56546 2.66757e-07
13.8296 -93.2048 3.57123 0.0108771
14.1931 -92.6954 3.57951 0.00345466
13.7852 -92.7793 3.57628 0.00120649
14.4858 -93.2006 3.56398 0.000696464
14.3289 -93.289 3.56493 0.00511044
13.2211 -92.9901 3.55643 0.000104035
14.0991 -93.3105 3.55595 0.0174439
13.8548 -93.1932 3.55495 0.0764734
13.7547 -92.5313 3.55114 2.46161e-05
13.811 -92.8885 3.55967 0.034539
14.2144 -92.4795 3.57602 0.000323831
14.3083 -93.0266 3.54837 3.91039e-05
14.0125 -93.2494 3.56571 0.0511853
