23.234 6.47333 0.263533 3.49876e-08
22.8963 6.9812 0.246996 6.58016e-06
23.4098 6.61763 0.253602 1.50812e-05
23.8021 6.78844 0.238742 3.00106e-11
23.247 6.89031 0.258001 0.0898269
22.7884 7.43373 0.252804 3.75561e-09
22.7761 6.65103 0.266301 0.000114437
23.6218 7.339 0.233357 2.6415e-14
23.1148 6.7917 0.254744 0.0684601
23.295 6.79288 0.270222 8.54483e-08
23.2151 7.19403 0.273676 3.45554e-09
23.171 7.06593 0.26545 0.00553925
23.092 6.74329 0.260673 0.0291093
22.7699 7.27212 0.2755 2.41973e-07
24.0117 6.06607 0.258018 5.94685e-38
23.5871 7.18942 0.256389 3.18379e-07
23.0794 7.04896 0.249823 0.0115015
23.3865 6.68578 0.251496 0.000216185
22.8969 6.56684 0.263621 4.45055e-05
23.3908 7.06433 0.257527 0.00295693
23.0295 6.89338 0.269028 0.00299882
23.372 6.80355 0.254372 0.0045141
23.2162 7.0021 0.24713 0.00469559
23.3204 6.71875 0.257948 0.00110196
23.3062 7.00842 0.240584 4.16471e-06
22.8943 7.16374 0.26147 0.0341067
23.5268 6.88314 0.255636 5.47016e-05
22.9029 6.83383 0.25613 0.0240433
22.9809 6.71638 0.244989 2.59227e-07
23.5512 7.13178 0.242328 1.23749e-06
23.3102 6.9399 0.251053 0.0360392
23.3599 7.01336 0.245871 0.00118192
23.3549 6.84695 0.265338 1.28633e-05
23.2471 7.09416 0.265307 0.000637615
23.1488 7.11102 0.256543 0.166076
23.9528 6.86791 0.255109 2.21789e-16
23.4636 7.19895 0.258215 1.81441e-05
23.0625 6.81 0.267714 0.00232342
23.1431 6.61352 0.23417 2.99642e-15
23.2567 7.1711 0.248952 0.0026368
22.6649 6.27748 0.247253 7.10391e-21
23.1096 7.09996 0.254407 0.132192
23.6466 6.5887 0.269521 6.58923e-19
22.3696 7.18495 0.229777 2.71896e-45
23.3517 6.54269 0.261025 1.93102e-07
23.0947 7.0398 0.26861 0.00164443
22.8399 7.07322 0.257115 0.0149901
23.4007 7.58351 0.256611 3.59953e-11
22.9589 6.92981 0.25238 0.0153091
23.4 6.68537 0.241871 4.66109e-07
23.1471 6.54382 0.257255 4.77543e-05
22.7305 6.79548 0.250714 2.73827e-07
23.3745 7.00367 0.256766 0.00945745
23.5409 7.03565 0.257155 1.46807e-05
23.202 7.35347 0.274154 2.09707e-11
23.2371 7.78663 0.236986 1.00096e-23
23.8598 6.86652 0.254034 9.00637e-13
23.7195 6.78153 0.270308 8.09685e-20
23.0686 6.97737 0.247682 0.00168147
23.128 7.1454 0.233809 5.88601e-14
22.6924 6.83845 0.247812 9.04112e-10
23.3804 6.79578 0.261061 0.000150221
23.2352 6.52542 0.246622 1.88451e-07
23.3172 7.36306 0.240336 1.24823e-09
23.4705 6.79714 0.245523 5.50973e-05
23.6837 6.74318 0.251177 2.96827e-08
23.5141 7.31177 0.271003 2.24096e-15
23.2777 6.81526 0.257979 0.020665
23.4578 7.24966 0.253093 4.22341e-05
22.5251 6.79967 0.23766 1.21848e-25
23.3308 6.73324 0.254054 0.0026822
22.8115 6.87931 0.266049 0.0234798
22.9726 6.61966 0.254836 0.000226534
22.6158 6.4656 0.221147 2.93279e-53
22.4051 6.4258 0.268476 3.37464e-14
23.2234 6.65168 0.250205 0.000300773
23.2638 6.50448 0.26143 3.36397e-07
23.2327 7.17451 0.26539 0.000245963
23.3944 7.24605 0.24136 2.65984e-07
23.3277 6.69157 0.259943 0.000165937
23.389 7.30856 0.242625 1.6074e-07
23.9411 6.82033 0.254457 6.58471e-16
22.4981 6.93241 0.26816 6.2753e-06
23.1318 7.06598 0.248871 0.00795528
22.9986 6.95396 0.247634 0.000352359
23.3605 6.81906 0.244242 0.000109604
23.2673 6.98279 0.254156 0.124334
23.0873 7.14463 0.258004 0.127863
23.3161 5.95531 0.25208 2.01036e-24
23.9027 6.60182 0.260543 1.43115e-20
23.2159 6.68343 0.247428 0.000111333
23.0812 6.71606 0.256272 0.0180809
23.242 6.84741 0.263136 0.00465731
23.7996 7.08174 0.233622 4.58917e-13
23.7348 6.84711 0.265572 1.18658e-15
22.6036 6.81753 0.256958 1.17044e-06
23.3358 7.14917 0.257223 0.00493655
23.344 6.37637 0.23881 1.38667e-14
23.0298 6.2924 0.23197 1.02907e-26
23.6802 6.83383 0.261 6.81084e-11
