116.889 -21.8943 3.40956 0.00228315 116.98 -22.005 3.396
117.335 -22.1766 3.3963 0.000321465 116.98 -22.005 3.396
117.125 -22.1743 3.42023 0.000190196 116.98 -22.005 3.396
116.941 -21.7283 3.40588 0.00157473 116.98 -22.005 3.396
117.524 -21.767 3.40837 0.000668151 116.98 -22.005 3.396
116.998 -22.0606 3.41113 0.0228597 116.98 -22.005 3.396
116.869 -21.614 3.40329 8.03361e-05 116.98 -22.005 3.396
117.246 -21.8238 3.37597 2.48859e-17 116.98 -22.005 3.396
117.288 -22.5448 3.38908 2.00817e-10 116.98 -22.005 3.396
117.434 -22.0103 3.4112 0.0595234 116.98 -22.005 3.396
116.745 -22.1927 3.3874 1.09333e-05 116.98 -22.005 3.396
117.202 -22.0605 3.40175 0.101081 116.98 -22.005 3.396
117.85 -22.2814 3.38732 1.05454e-19 116.98 -22.005 3.396
116.982 -22.5729 3.39841 4.44332e-05 116.98 -22.005 3.396
117.426 -22.1846 3.39264 4.97111e-07 116.98 -22.005 3.396
117.519 -22.3969 3.40199 5.62942e-05 116.98 -22.005 3.396
117.067 -21.9886 3.3876 4.04072e-06 116.98 -22.005 3.396
117.332 -21.5701 3.39718 1.23567e-06 116.98 -22.005 3.396
116.934 -21.6465 3.37781 6.16528e-13 116.98 -22.005 3.396
116.586 -22.4596 3.40565 9.5274e-07 116.98 -22.005 3.396
117.443 -22.1407 3.41762 0.0156151 116.98 -22.005 3.396
117.016 -22.1724 3.40364 0.146561 116.98 -22.005 3.396
116.98 -21.8873 3.39922 0.0255488 116.98 -22.005 3.396
117.059 -22.971 3.38995 1.67554e-15 116.98 -22.005 3.396
117.066 -21.6268 3.39155 2.96508e-06 116.98 -22.005 3.396
117.217 -22.08 3.39177 4.42427e-05 116.98 -22.005 3.396
117.316 -22.4438 3.39187 6.73441e-08 116.98 -22.005 3.396
117.347 -22.5165 3.39678 1.84661e-06 116.98 -22.005 3.396
116.769 -21.6088 3.39479 1.49879e-05 116.98 -22.005 3.396
117.018 -22.5882 3.40438 0.000209511 116.98 -22.005 3.396
116.923 -21.5779 3.41062 2.63772e-06 116.98 -22.005 3.396
116.718 -22.2686 3.37631 1.36643e-12 116.98 -22.005 3.396
116.626 -21.908 3.42315 2.68816e-14 116.98 -22.005 3.396
117.04 -22.0022 3.39844 0.0449782 116.98 -22.005 3.396
117.99 -21.9632 3.39438 1.55304e-16 116.98 -22.005 3.396
116.875 -22.4928 3.39375 1.75322e-05 116.98 -22.005 3.396
116.71 -22.2358 3.40092 0.00208685 116.98 -22.005 3.396
116.469 -22.2102 3.39071 3.12342e-06 116.98 -22.005 3.396
116.953 -22.1249 3.40435 0.104128 116.98 -22.005 3.396
117.112 -22.2168 3.37583 5.72688e-16 116.98 -22.005 3.396
118.268 -22.1086 3.42129 3.11688e-11 116.98 -22.005 3.396
116.303 -22.4022 3.38783 7.51913e-10 116.98 -22.005 3.396
117.574 -22.2083 3.40494 0.00109096 116.98 -22.005 3.396
117.072 -21.7664 3.38449 1.09804e-08 116.98 -22.005 3.396
116.573 -21.9368 3.38878 1.40177e-05 116.98 -22.005 3.396
117.252 -21.8615 3.39364 6.61816e-05 116.98 -22.005 3.396
116.905 -22.2387 3.39036 0.000105241 116.98 -22.005 3.396
117.133 -22.425 3.41503 0.00168291 116.98 -22.005 3.396
117.17 -22.1208 3.41375 0.0489554 116.98 -22.005 3.396
117.116 -21.785 3.40874 0.0101202 116.98 -22.005 3.396
116.825 -22.106 3.39437 0.00432069 116.98 -22.005 3.396
117.179 -21.7352 3.39929 0.00162852 116.98 -22.005 3.396
117.017 -22.0806 3.39025 0.000141938 116.98 -22.005 3.396
116.315 -22.6853 3.41901 4.48856e-21 116.98 -22.005 3.396
116.798 -21.8773 3.38441 6.67476e-07 116.98 -22.005 3.396
117.86 -22.2708 3.39931 1.19384e-10 116.98 -22.005 3.396
116.539 -22.0265 3.40641 3.75294e-06 116.98 -22.005 3.396
117.107 -21.4859 3.40477 8.15472e-06 116.98 -22.005 3.396
117.279 -22.1639 3.42185 0.000360496 116.98 -22.005 3.396
117.255 -21.8094 3.41984 5.91354e-05 116.98 -22.005 3.396
117.013 -22.0856 3.4081 0.100051 116.98 -22.005 3.396
116.952 -21.8764 3.3916 0.000389975 116.98 -22.005 3.396
117.13 -22.1006 3.39291 0.000539174 116.98 -22.005 3.396
117.205 -22.5297 3.38736 1.6252e-10 116.98 -22.005 3.396
117.563 -21.8591 3.39996 1.3221e-05 116.98 -22.005 3.396
116.794 -21.9741 3.41297 4.46577e-05 116.98 -22.005 3.396
117.7 -21.9358 3.38963 1.55237e-13 116.98 -22.005 3.396
116.641 -22.1581 3.38854 2.03187e-05 116.98 -22.005 3.396
117.111 -21.8083 3.40521 0.025765 116.98 -22.005 3.396
116.91 -21.8765 3.38965 8.97543e-05 116.98 -22.005 3.396
117.005 -22.1126 3.40206 0.138977 116.98 -22.005 3.396
117.103 -22.2689 3.39781 0.00957208 116.98 -22.005 3.396
116.801 -21.8055 3.40359 0.00152218 116.98 -22.005 3.396
117.243 -22.4289 3.42169 3.93805e-05 116.98 -22.005 3.396
117.097 -21.6992 3.40919 0.00131735 116.98 -22.005 3.396
117.11 -21.6544 3.3928 9.57761e-06 116.98 -22.005 3.396
117.334 -22.4348 3.4033 0.0019909 116.98 -22.005 3.396
116.267 -21.4636 3.40616 6.21583e-16 116.98 -22.005 3.396
117.285 -22.2873 3.39497 7.95842e-05 116.98 -22.005 3.396
118.01 -21.7382 3.43073 1.90731e-11 116.98 -22.005 3.396
116.957 -22.2354 3.39225 0.000486773 116.98 -22.005 3.396
116.861 -21.9998 3.40873 0.00552123 116.98 -22.005 3.396
116.817 -21.8531 3.41779 1.07069e-07 116.98 -22.005 3.396
116.649 -22.1604 3.40658 0.000126945 116.98 -22.005 3.396
117.259 -22.2929 3.40758 0.101359 116.98 -22.005 3.396
116.866 -22.3513 3.3925 0.000132053 116.98 -22.005 3.396
117.314 -22.3717 3.41712 0.00460132 116.98 -22.005 3.396
116.875 -22.4951 3.3977 0.000152691 116.98 -22.005 3.396
117.638 -21.4451 3.38852 4.12881e-17 116.98 -22.005 3.396
117.43 -21.7275 3.37926 6.28232e-18 116.98 -22.005 3.396
116.728 -22.1096 3.40012 0.00577834 116.98 -22.005 3.396
116.961 -21.8979 3.41115 0.00345054 116.98 -22.005 3.396
116.462 -21.8643 3.40527 1.24409e-07 116.98 -22.005 3.396
117.058 -21.6825 3.38283 3.44334e-10 116.98 -22.005 3.396
117.173 -22.8223 3.41048 2.05127e-07 116.98 -22.005 3.396
116.858 -21.9752 3.41814 1.24697e-06 116.98 -22.005 3.396
117.163 -22.2154 3.39483 0.00103145 116.98 -22.005 3.396
116.542 -21.9521 3.39595 8.56655e-05 116.98 -22.005 3.396
116.873 -22.4668 3.38761 1.12314e-07 116.98 -22.005 3.396
116.932 -22.5325 3.40274 0.000378823 116.98 -22.005 3.396
