-32.2235 -79.4929 2.25092 6.72429e-05
-32.284 -79.0445 2.22697 0.0712454
-31.4755 -78.7888 2.22144 6.1403e-08
-32.3888 -79.194 2.23469 0.0250056
-32.2743 -79.1769 2.22692 0.0443815
-32.1484 -79.5815 2.24824 0.000138381
-32.3306 -78.7276 2.23519 0.0014019
-32.0421 -79.083 2.22508 0.0315513
-31.7951 -78.6641 2.22426 0.000116354
-32.6544 -78.7741 2.21855 9.38746e-05
-33.0315 -78.8042 2.24646 8.94874e-14
-32.07 -79.0499 2.23303 0.091415
-32.9026 -78.5899 2.219 3.19022e-08
-32.7193 -79.4891 2.2472 9.15192e-08
-32.6948 -78.4869 2.22484 7.49723e-07
-32.2217 -79.0465 2.22895 0.104735
-32.3784 -78.8946 2.23073 0.0230455
-32.3339 -78.6934 2.23013 0.00316881
-32.679 -78.9191 2.2256 0.00033102
-32.6476 -79.0702 2.22352 0.000501343
-32.2072 -78.8192 2.21941 0.00858443
-33.1046 -79.1212 2.22414 5.25321e-10
-31.859 -78.8792 2.22232 0.00162379
-31.751 -78.6885 2.23856 1.41686e-05
-32.6046 -78.8613 2.24277 4.04736e-06
-32.1545 -79.2966 2.24737 0.00167504
-31.904 -78.72 2.24268 2.7582e-05
-32.7217 -78.4385 2.23765 3.7159e-10
-32.0757 -79.3656 2.21638 1.34939e-05
-32.3349 -79.1381 2.23977 0.0139011
-32.4095 -79.0426 2.2425 0.00119349
-32.0249 -79.1693 2.24188 0.0164819
-32.1458 -79.0536 2.22869 0.10355
-31.7396 -78.9704 2.24639 3.33717e-05
-32.0146 -79.0506 2.22643 0.038934
-32.0932 -79.2331 2.22325 0.00745604
-32.1468 -79.2869 2.2374 0.0436946
-32.4198 -78.9929 2.23833 0.0046719
-32.0618 -79.5301 2.25453 9.92648e-06
-32.3318 -78.7556 2.24547 6.83774e-06
-32.1558 -78.9404 2.24093 0.00656815
-32.554 -79.046 2.23883 0.000646867
-32.2557 -78.9926 2.25223 3.84976e-06
-32.3679 -79.1984 2.23167 0.0357559
-31.5668 -79.35 2.24378 1.15188e-05
-32.3204 -78.4517 2.22988 1.93248e-05
-32.3873 -78.7405 2.21164 0.000122973
-32.2221 -78.6665 2.22866 0.00419834
-32.3532 -78.9154 2.23704 0.00796298
-32.5072 -78.9253 2.24026 0.000283108
-32.4818 -79.0814 2.21723 0.000644866
-32.7498 -78.9055 2.22994 4.3783e-05
-32.2194 -78.7595 2.21762 0.00324396
-32.9856 -79.0958 2.22619 5.97218e-08
-32.4593 -79.2429 2.22769 0.00695929
-32.486 -79.5508 2.2157 3.9217e-08
-32.3873 -78.7186 2.23511 0.000724731
-32.0392 -79.1699 2.24582 0.00334
-32.5306 -79.2439 2.23769 0.00162536
-31.7104 -78.7277 2.24842 6.07643e-08
-31.9676 -79.1715 2.23253 0.0440745
-32.991 -78.5383 2.23988 2.30503e-13
-32.5688 -78.3944 2.20085 8.23091e-10
-31.8566 -78.8408 2.22187 0.00112322
-32.4495 -79.3126 2.21488 9.60602e-06
-32.675 -79.0812 2.24973 5.86522e-08
-32.3065 -78.7331 2.22824 0.00890855
-33.0082 -79.1094 2.20919 4.06706e-11
-32.5491 -78.8365 2.23741 0.000173083
-32.105 -79.4557 2.24276 0.00395793
-31.7836 -78.652 2.24005 5.47789e-06
-31.7497 -79.3346 2.21545 9.61265e-08
-32.541 -79.5012 2.23616 0.000124499
-32.039 -78.5371 2.23834 8.02346e-06
-32.0571 -78.965 2.24327 0.00275781
-32.9748 -78.8778 2.22679 6.21178e-08
-32.1242 -79.3677 2.22703 0.00602337
-32.1715 -78.85 2.23246 0.0323639
-31.7989 -79.0703 2.19798 1.04832e-13
-32.2818 -79.4751 2.23592 0.00411856
-32.2043 -78.8032 2.23144 0.0215054
-32.719 -78.9838 2.23707 2.23328e-05
-32.5822 -78.5547 2.21653 1.76257e-05
-31.8396 -79.1114 2.2299 0.00895064
-32.2747 -79.133 2.23354 0.0800304
-32.2922 -78.9801 2.24086 0.00539232
-31.6343 -79.1467 2.2277 8.35257e-05
-32.6238 -79.1338 2.23749 0.000332389
-32.3414 -78.8744 2.24869 4.94414e-06
-32.125 -79.2606 2.22847 0.034086
-32.5462 -78.611 2.24729 1.286e-09
-31.5184 -78.8797 2.23533 3.71228e-06
-31.6578 -79.0844 2.23105 0.000356108
-32.192 -79.1125 2.24011 0.0282735
-32.6851 -79.0533 2.22597 0.000344975
-32.1683 -79.1882 2.21892 0.00200789
-32.154 -79.4714 2.24342 0.00267907
-32.4463 -78.7328 2.24711 2.32548e-07
-32.4174 -79.1981 2.21267 1.7395e-05
-32.5638 -79.2807 2.23617 0.00101254
