243.336 -18.196 2.92355 8.87938e-09 242.72 -17.752 2.9134
243.048 -18.189 2.94049 1.38618e-07 242.72 -17.752 2.9134
242.638 -17.3477 2.9197 0.00500374 242.72 -17.752 2.9134
242.684 -18.0981 2.90752 5.43131e-07 242.72 -17.752 2.9134
242.864 -17.5605 2.93233 4.52616e-05 242.72 -17.752 2.9134
242.773 -17.8733 2.9167 0.0167374 242.72 -17.752 2.9134
242.311 -17.8683 2.91998 0.00133537 242.72 -17.752 2.9134
242.451 -17.58 2.90807 0.0679361 242.72 -17.752 2.9134
243.283 -18.6764 2.9103 4.15726e-25 242.72 -17.752 2.9134
243.332 -17.966 2.91197 6.22437e-12 242.72 -17.752 2.9134
242.958 -17.7122 2.93383 0.000101383 242.72 -17.752 2.9134
243.135 -17.7231 2.90965 5.80901e-08 242.72 -17.752 2.9134
242.422 -17.387 2.92072 0.000966749 242.72 -17.752 2.9134
242.023 -17.6631 2.90387 0.000778062 242.72 -17.752 2.9134
242.712 -17.8267 2.93192 0.000177225 242.72 -17.752 2.9134
242.728 -18.1111 2.90004 3.51702e-12 242.72 -17.752 2.9134
242.486 -18.1599 2.89643 2.90331e-13 242.72 -17.752 2.9134
242.607 -17.6763 2.91353 0.126965 242.72 -17.752 2.9134
242.181 -17.6148 2.91351 0.00725732 242.72 -17.752 2.9134
242.84 -17.3221 2.92955 3.47142e-06 242.72 -17.752 2.9134
242.871 -18.4962 2.91484 5.90218e-12 242.72 -17.752 2.9134
242.812 -17.4867 2.90896 0.00121063 242.72 -17.752 2.9134
242.554 -18.0003 2.91767 0.00552196 242.72 -17.752 2.9134
242.684 -17.4389 2.92258 0.00604845 242.72 -17.752 2.9134
243.334 -18.27 2.90981 1.38259e-17 242.72 -17.752 2.9134
242.866 -17.5609 2.90244 4.03506e-07 242.72 -17.752 2.9134
243.655 -18.1575 2.92229 9.09785e-15 242.72 -17.752 2.9134
242.096 -17.8452 2.88849 1.60095e-11 242.72 -17.752 2.9134
242.197 -18.1677 2.92028 3.47365e-07 242.72 -17.752 2.9134
242.723 -17.3553 2.91401 0.0114199 242.72 -17.752 2.9134
243.261 -17.7661 2.91717 7.19668e-07 242.72 -17.752 2.9134
242.129 -16.8832 2.90343 6.39601e-07 242.72 -17.752 2.9134
242.96 -17.6526 2.91806 0.00676366 242.72 -17.752 2.9134
242.461 -17.9919 2.9048 1.26893e-05 242.72 -17.752 2.9134
242.847 -18.0815 2.92282 0.00117468 242.72 -17.752 2.9134
242.583 -17.9632 2.91302 0.00351906 242.72 -17.752 2.9134
242.476 -17.4082 2.90636 0.0256806 242.72 -17.752 2.9134
243.023 -17.9826 2.90062 2.01368e-14 242.72 -17.752 2.9134
242.627 -17.4205 2.90739 0.00964683 242.72 -17.752 2.9134
242.601 -17.7187 2.9125 0.0785235 242.72 -17.752 2.9134
242.381 -17.9389 2.89099 9.14052e-13 242.72 -17.752 2.9134
242.991 -18.1162 2.92514 0.000217514 242.72 -17.752 2.9134
242.555 -18.3093 2.92193 1.94493e-06 242.72 -17.752 2.9134
243.038 -18.4676 2.92159 4.23105e-10 242.72 -17.752 2.9134
242.691 -17.8432 2.91598 0.0381348 242.72 -17.752 2.9134
242.756 -18.1984 2.90039 8.03958e-14 242.72 -17.752 2.9134
242.385 -17.7553 2.91006 0.0362728 242.72 -17.752 2.9134
242.41 -18.4424 2.91986 2.45737e-09 242.72 -17.752 2.9134
242.275 -17.2133 2.91103 0.00158047 242.72 -17.752 2.9134
242.716 -17.8149 2.90419 9.37152e-06 242.72 -17.752 2.9134
242.99 -18.0054 2.90918 3.64491e-08 242.72 -17.752 2.9134
242.968 -18.2085 2.91445 6.66155e-08 242.72 -17.752 2.9134
242.288 -17.5099 2.90676 0.0457657 242.72 -17.752 2.9134
243.18 -17.5614 2.92151 7.90554e-05 242.72 -17.752 2.9134
242.382 -18.1384 2.90991 7.93131e-06 242.72 -17.752 2.9134
242.34 -18.0421 2.91974 0.000192572 242.72 -17.752 2.9134
242.605 -17.5093 2.90669 0.0110828 242.72 -17.752 2.9134
242.516 -17.799 2.92645 0.00120157 242.72 -17.752 2.9134
242.118 -17.5201 2.91996 1.18541e-05 242.72 -17.752 2.9134
243.321 -18.4191 2.92156 1.70428e-12 242.72 -17.752 2.9134
242.9 -17.7273 2.92545 0.0157212 242.72 -17.752 2.9134
242.462 -17.6975 2.91873 0.0574648 242.72 -17.752 2.9134
242.495 -17.446 2.9204 0.00749042 242.72 -17.752 2.9134
243.331 -17.5452 2.9324 7.49306e-07 242.72 -17.752 2.9134
242.917 -17.83 2.91785 0.00606398 242.72 -17.752 2.9134
243.175 -17.5333 2.91183 2.46403e-07 242.72 -17.752 2.9134
242.731 -17.7913 2.91271 0.0132155 242.72 -17.752 2.9134
242.894 -17.7461 2.91449 0.00382739 242.72 -17.752 2.9134
243.409 -17.6483 2.90541 2.57938e-16 242.72 -17.752 2.9134
242.907 -16.9827 2.91072 4.27173e-08 242.72 -17.752 2.9134
242.477 -18.199 2.89717 2.11763e-13 242.72 -17.752 2.9134
242.851 -18.0036 2.90889 1.26232e-06 242.72 -17.752 2.9134
243.554 -17.972 2.91906 1.3963e-12 242.72 -17.752 2.9134
242.51 -17.9103 2.90191 3.36674e-06 242.72 -17.752 2.9134
242.386 -18.0231 2.91972 0.000594649 242.72 -17.752 2.9134
242.268 -17.572 2.91374 0.0279205 242.72 -17.752 2.9134
243.228 -17.5522 2.90857 7.2717e-10 242.72 -17.752 2.9134
242.598 -18.1279 2.89765 8.37796e-13 242.72 -17.752 2.9134
242.98 -18.0621 2.92945 0.000464982 242.72 -17.752 2.9134
242.697 -17.712 2.92115 0.087789 242.72 -17.752 2.9134
242.487 -17.3038 2.90016 0.000308656 242.72 -17.752 2.9134
242.809 -17.9127 2.91014 9.17474e-05 242.72 -17.752 2.9134
242.708 -18.0657 2.91151 4.19621e-05 242.72 -17.752 2.9134
242.961 -17.6358 2.91881 0.0078548 242.72 -17.752 2.9134
242.28 -17.3973 2.90879 0.032999 242.72 -17.752 2.9134
243.015 -18.2232 2.92027 1.69876e-06 242.72 -17.752 2.9134
242.895 -17.599 2.91843 0.0190559 242.72 -17.752 2.9134
242.422 -18.4123 2.93463 3.94914e-12 242.72 -17.752 2.9134
242.914 -17.4684 2.92789 0.000356296 242.72 -17.752 2.9134
242.643 -17.5409 2.91135 0.0645028 242.72 -17.752 2.9134
242.675 -17.623 2.89456 7.86057e-10 242.72 -17.752 2.9134
242.115 -18.5597 2.9085 1.63113e-15 242.72 -17.752 2.9134
242.762 -17.5452 2.91707 0.061833 242.72 -17.752 2.9134
243.018 -17.4159 2.89374 6.9047e-16 242.72 -17.752 2.9134
242.601 -17.8131 2.91688 0.079994 242.72 -17.752 2.9134
242.766 -18.1541 2.92554 0.000295271 242.72 -17.752 2.9134
243.154 -18.2592 2.91991 1.78708e-08 242.72 -17.752 2.9134
242.16 -17.5924 2.91718 0.000637182 242.72 -17.752 2.9134
242.47 -18.1709 2.92096 5.23436e-05 242.72 -17.752 2.9134
243.071 -18.0703 2.92033 2.6474e-05 242.72 -17.752 2.9134
