77.4765 16.1982 0.103594 5.64331e-07
77.0934 16.6287 0.105155 6.61589e-08
77.174 16.2571 0.105777 0.000210132
77.6738 16.5483 0.092848 3.7778e-12
77.4041 15.8966 0.119174 1.8546e-11
76.8522 16.1839 0.100003 0.115358
77.7468 16.1036 0.0851243 1.8149e-11
77.1054 16.5921 0.114322 3.71079e-11
77.2798 16.2598 0.104084 5.86559e-05
77.8666 16.008 0.0975265 3.48289e-13
77.2879 15.902 0.10073 0.00124613
76.8738 16.1139 0.0916114 0.161609
77.3389 16.7728 0.0759095 9.00213e-14
77.3933 16.1816 0.0886863 3.47829e-05
77.076 15.9049 0.0973731 0.0882718
76.6013 16.5609 0.104062 1.28561e-06
76.9299 16.1704 0.0942114 0.172368
77.449 16.5496 0.083774 1.6822e-09
77.0805 16.2822 0.0986957 0.0114988
77.4756 16.7938 0.102909 3.4849e-14
77.7388 16.978 0.0974421 1.31422e-21
77.4186 16.195 0.111003 1.72527e-08
77.2932 16.3652 0.106573 1.18287e-06
77.4606 16.6487 0.100029 1.02309e-10
77.1348 16.6001 0.097197 3.587e-06
77.2763 16.4626 0.10047 5.07783e-06
76.9706 16.4532 0.100569 0.000555311
76.977 16.8236 0.110624 5.21912e-13
77.2168 16.9431 0.110055 5.68667e-17
76.908 16.1712 0.107031 0.00569701
77.195 16.2945 0.101585 0.0006645
78.0588 16.4687 0.123933 2.12476e-33
77.7159 17.0059 0.0944674 2.36815e-21
77.3227 15.9673 0.0897613 0.000431578
76.7164 16.4257 0.114811 3.04102e-08
77.0884 16.1566 0.105059 0.00464574
77.0847 16.3014 0.103341 0.00155871
76.6024 16.8886 0.095295 3.97289e-11
77.4584 15.8005 0.0952982 7.22604e-06
77.1973 16.3412 0.104438 6.61008e-05
77.5533 16.114 0.0947968 7.71614e-07
77.8889 16.2513 0.0999832 8.83642e-15
76.9809 15.977 0.0779846 1.0949e-05
77.5506 16.3154 0.0866073 2.40635e-08
77.1771 16.0728 0.0966951 0.0262926
77.0266 16.4571 0.0857963 0.000120713
77.0428 16.062 0.104948 0.0175496
76.9611 16.2161 0.104442 0.0111283
76.5723 16.8899 0.0926795 2.50585e-11
77.6117 16.6922 0.0824196 3.88633e-14
76.9233 16.4585 0.0877381 0.000440594
76.8555 16.1585 0.0937293 0.190972
77.774 16.5966 0.086737 3.89534e-15
77.1273 16.2514 0.0899598 0.00670457
77.4583 16.1615 0.113955 3.35463e-10
76.6905 15.9799 0.0999322 0.137087
77.534 16.29 0.0968738 2.1583e-07
77.5682 16.1335 0.0963935 3.55194e-07
77.7979 16.6473 0.103264 8.95175e-18
76.7798 16.5409 0.0985137 0.000103262
76.7128 16.386 0.114744 9.26722e-08
77.2191 16.4318 0.0820374 2.0563e-06
77.2712 16.0377 0.0827295 3.55757e-05
77.8887 16.5126 0.117227 2.05943e-24
77.7306 16.2312 0.0844074 1.33557e-11
77.105 15.8719 0.122879 1.59714e-10
77.0542 16.8631 0.0926692 5.17169e-10
76.9286 16.7026 0.0827818 3.41415e-08
77.9995 16.5758 0.106398 7.73867e-23
77.115 16.3824 0.108785 5.22298e-06
77.101 16.5985 0.106656 5.94784e-08
77.1818 16.6895 0.0840714 1.31439e-08
77.567 16.7918 0.105547 1.82047e-16
77.5279 16.1303 0.0944 1.8082e-06
77.4621 16.0357 0.101806 6.93354e-06
77.2229 16.7165 0.100428 3.73692e-09
77.1477 16.0897 0.126349 7.05948e-14
76.8439 16.816 0.0939336 9.51344e-09
76.7236 16.2016 0.0655346 1.04077e-13
77.3063 15.9363 0.0920644 0.00107585
77.2164 16.1044 0.114055 5.63314e-07
77.466 16.2297 0.105703 1.52504e-07
77.4129 15.82 0.0988879 3.2296e-05
76.8008 16.1837 0.105224 0.0149495
77.2872 16.6713 0.0880874 1.60921e-08
77.3807 16.3915 0.0986459 3.39244e-06
77.6077 16.436 0.0913174 1.00773e-09
77.7979 15.8307 0.0944271 6.41611e-12
77.2557 16.6009 0.118908 2.64905e-15
77.6012 16.1289 0.101433 2.67922e-08
76.9998 16.6435 0.0825942 1.67902e-07
77.067 16.1197 0.115126 2.08536e-06
77.0832 16.5699 0.0789331 4.95288e-08
77.2034 16.1726 0.109619 2.38537e-05
77.3836 16.1727 0.0942248 0.000140379
77.8911 16.5031 0.0964196 1.37569e-16
77.365 16.4452 0.0928378 3.19876e-06
76.9933 16.036 0.105118 0.0287594
77.3776 16.7518 0.0893504 1.19275e-10
77.3087 16.2028 0.101025 0.000252585
