12.9345 -93.0525 3.54808 0.023576 13.307 -92.9 3.556
13.2207 -92.7585 3.56206 0.0281658 13.307 -92.9 3.556
13.1305 -92.1968 3.59039 2.35487e-10 13.307 -92.9 3.556
12.9623 -93.004 3.54382 0.0295357 13.307 -92.9 3.556
12.9097 -92.6855 3.54984 0.00568833 13.307 -92.9 3.556
13.0993 -93.3699 3.55085 0.00306419 13.307 -92.9 3.556
13.4032 -92.6328 3.56082 0.0233056 13.307 -92.9 3.556
13.4886 -92.4374 3.5546 0.000775484 13.307 -92.9 3.556
14.1218 -92.5583 3.56364 2.22145e-06 13.307 -92.9 3.556
13.0208 -92.9756 3.54349 0.0343023 13.307 -92.9 3.556
12.9866 -92.6692 3.56462 0.00101768 13.307 -92.9 3.556
13.6165 -93.0299 3.55202 0.00508764 13.307 -92.9 3.556
12.6648 -92.794 3.54865 0.000559656 13.307 -92.9 3.556
13.0038 -92.8204 3.58264 5.60184e-08 13.307 -92.9 3.556
13.2953 -92.3475 3.55483 0.000383884 13.307 -92.9 3.556
13.1475 -92.8532 3.54994 0.0579459 13.307 -92.9 3.556
12.8871 -92.661 3.56334 0.000310733 13.307 -92.9 3.556
12.9233 -93.0721 3.55584 0.00541891 13.307 -92.9 3.556
13.3041 -93.0254 3.56686 0.00750187 13.307 -92.9 3.556
13.3945 -92.5089 3.56352 0.00700627 13.307 -92.9 3.556
12.8315 -92.723 3.55962 0.00055858 13.307 -92.9 3.556
13.1971 -92.7331 3.56935 0.00333074 13.307 -92.9 3.556
13.2686 -92.8086 3.56751 0.0114441 13.307 -92.9 3.556
12.8884 -93.5235 3.55287 2.81105e-05 13.307 -92.9 3.556
13.6639 -93.2877 3.52335 1.93422e-10 13.307 -92.9 3.556
13.7104 -93.078 3.53581 8.97192e-07 13.307 -92.9 3.556
13.5112 -93.0646 3.54604 0.00417717 13.307 -92.9 3.556
13.5914 -93.0992 3.55796 0.00921314 13.307 -92.9 3.556
12.6283 -92.9921 3.57194 3.8665e-09 13.307 -92.9 3.556
13.0841 -93.1329 3.55047 0.0331718 13.307 -92.9 3.556
13.9141 -93.1429 3.57398 4.47075e-05 13.307 -92.9 3.556
13.5416 -92.4274 3.55819 0.000973548 13.307 -92.9 3.556
13.0522 -92.1579 3.57423 1.874e-07 13.307 -92.9 3.556
13.0232 -93.8542 3.54071 3.14946e-07 13.307 -92.9 3.556
13.3013 -92.9203 3.55866 0.0642294 13.307 -92.9 3.556
12.9224 -92.9764 3.51813 1.94527e-06 13.307 -92.9 3.556
13.3423 -93.1555 3.5501 0.0249037 13.307 -92.9 3.556
12.8651 -93.4596 3.54959 0.000184863 13.307 -92.9 3.556
13.5475 -93.188 3.54238 0.000463204 13.307 -92.9 3.556
13.6368 -93.4585 3.57065 3.41254e-06 13.307 -92.9 3.556
13.2994 -92.9677 3.53514 0.000844019 13.307 -92.9 3.556
13.5414 -92.6729 3.56821 0.0140012 13.307 -92.9 3.556
13.2748 -93.2795 3.55359 0.00924627 13.307 -92.9 3.556
13.6593 -92.7895 3.54782 0.000534809 13.307 -92.9 3.556
13.0378 -92.9336 3.55275 0.0405913 13.307 -92.9 3.556
13.4374 -93.0616 3.55812 0.0322279 13.307 -92.9 3.556
13.3654 -92.6207 3.55002 0.00686001 13.307 -92.9 3.556
13.2331 -93.2495 3.57285 2.03696e-05 13.307 -92.9 3.556
14.0384 -93.5306 3.54378 1.45352e-10 13.307 -92.9 3.556
13.7484 -93.327 3.56995 3.23014e-05 13.307 -92.9 3.556
12.8032 -93.1848 3.54959 0.00254352 13.307 -92.9 3.556
13.5546 -93.132 3.56639 0.00392117 13.307 -92.9 3.556
12.9457 -93.1736 3.57298 7.34617e-07 13.307 -92.9 3.556
12.898 -93.2371 3.56459 2.25247e-05 13.307 -92.9 3.556
12.956 -92.8767 3.553 0.0196428 13.307 -92.9 3.556
12.7709 -92.529 3.56504 6.07565e-06 13.307 -92.9 3.556
13.7136 -91.9958 3.55886 1.41154e-08 13.307 -92.9 3.556
13.5967 -92.8872 3.5751 0.00238866 13.307 -92.9 3.556
12.9958 -92.4125 3.54656 0.000172343 13.307 -92.9 3.556
13.5681 -92.9367 3.55219 0.0110619 13.307 -92.9 3.556
13.0918 -93.3135 3.54577 0.00862251 13.307 -92.9 3.556
13.3101 -92.6498 3.55102 0.0147212 13.307 -92.9 3.556
13.4165 -92.869 3.56079 0.0535001 13.307 -92.9 3.556
13.2907 -92.9543 3.5393 0.0049525 13.307 -92.9 3.556
13.2469 -92.4345 3.56362 0.00187479 13.307 -92.9 3.556
13.1928 -93.0252 3.54119 0.0191409 13.307 -92.9 3.556
12.9645 -92.9141 3.5455 0.0292832 13.307 -92.9 3.556
13.0026 -93.1276 3.56139 0.00159948 13.307 -92.9 3.556
13.3984 -92.9914 3.54584 0.014889 13.307 -92.9 3.556
13.3419 -92.8835 3.5455 0.0178874 13.307 -92.9 3.556
13.3087 -92.9429 3.56663 0.0134084 13.307 -92.9 3.556
12.9911 -92.857 3.53987 0.0115384 13.307 -92.9 3.556
13.2869 -93.1966 3.55839 0.0125647 13.307 -92.9 3.556
13.4686 -92.9976 3.55902 0.0375059 13.307 -92.9 3.556
12.989 -93.1452 3.53526 0.00684585 13.307 -92.9 3.556
13.0935 -92.9891 3.55906 0.0199187 13.307 -92.9 3.556
12.7376 -92.643 3.5464 0.000549578 13.307 -92.9 3.556
12.6041 -93.1304 3.55526 1.87579e-05 13.307 -92.9 3.556
13.561 -93.2695 3.54002 8.78864e-05 13.307 -92.9 3.556
13.5358 -93.0416 3.54437 0.00185659 13.307 -92.9 3.556
13.2761 -93.0327 3.56184 0.0244624 13.307 -92.9 3.556
13.1328 -93.0176 3.54509 0.0460366 13.307 -92.9 3.556
13.6461 -93.3732 3.53373 2.97325e-07 13.307 -92.9 3.556
12.8386 -93.0381 3.5583 0.000921496 13.307 -92.9 3.556
13.1011 -93.0945 3.55058 0.043253 13.307 -92.9 3.556
13.1535 -93.7466 3.53816 3.48821e-06 13.307 -92.9 3.556
13.5156 -92.3279 3.56545 0.000509815 13.307 -92.9 3.556
13.3379 -93.3141 3.54227 0.00226589 13.307 -92.9 3.556
13.4705 -93.2184 3.55054 0.00646242 13.307 -92.9 3.556
13.4834 -93.2121 3.56663 0.00164738 13.307 -92.9 3.556
13.0108 -92.8766 3.5635 0.00309241 13.307 -92.9 3.556
13.4939 -92.9246 3.5664 0.0206864 13.307 -92.9 3.556
13.617 -92.6509 3.55463 0.00315032 13.307 -92.9 3.556
13.6006 -92.5238 3.55228 0.000465967 13.307 -92.9 3.556
14.3267 -93.0972 3.57823 3.25893e-08 13.307 -92.9 3.556
12.936 -93.1358 3.5412 0.0173257 13.307 -92.9 3.556
12.866 -93.1569 3.55395 0.00248154 13.307 -92.9 3.556
12.9858 -93.0505 3.57313 6.40019e-06 13.307 -92.9 3.556
13.0442 -92.3308 3.5594 0.000113647 13.307 -92.9 3.556
13.0529 -92.968 3.55654 0.025853 13.307 -92.9 3.556
