-33.5834 -78.8396 2.19029 9.9642e-09
-33.515 -79.7622 2.21786 0.000240977
-33.3151 -79.5543 2.1985 0.00529467
-33.1303 -79.7044 2.23237 3.02216e-05
-32.9206 -79.2027 2.20565 0.00915548
-33.5538 -80.0119 2.21447 1.6091e-05
-33.4142 -79.3077 2.23423 4.48683e-11
-33.1737 -79.3335 2.21151 0.0289137
-33.2581 -79.3712 2.19906 0.0116187
-33.3458 -79.3321 2.21409 0.00210557
-33.3367 -78.746 2.20472 3.2691e-08
-33.6096 -79.848 2.21972 7.63059e-06
-33.3486 -79.4782 2.22422 7.14151e-05
-33.7449 -80.2278 2.22141 3.47521e-10
-32.9629 -79.4364 2.21881 0.0211832
-33.6783 -79.8478 2.23144 6.38853e-10
-33.5237 -79.7648 2.21057 0.000634925
-33.0215 -79.5807 2.22759 0.000827565
-33.3617 -79.557 2.19905 0.00391895
-33.7739 -79.8411 2.21874 6.21897e-08
-33.9651 -79.1799 2.20226 1.72131e-10
-33.5023 -79.2553 2.19819 0.000203008
-33.3106 -79.2251 2.21154 0.00149896
-33.3638 -79.0241 2.21373 3.16277e-06
-33.5021 -79.5964 2.19629 0.000113541
-33.6376 -79.3675 2.19718 1.72186e-05
-33.7931 -79.1033 2.20402 1.8971e-08
-33.4691 -78.896 2.21224 2.32524e-08
-32.9641 -80.2613 2.19082 1.6185e-12
-33.3844 -79.1767 2.19944 0.000707409
-33.0054 -79.5438 2.22515 0.00287944
-33.8187 -80.2368 2.22064 2.38493e-11
-33.459 -79.5513 2.2104 0.00419275
-33.1217 -79.7376 2.21761 0.0903823
-33.932 -79.8763 2.22173 2.75386e-11
-32.951 -79.3641 2.21054 0.0692957
-32.9886 -79.9008 2.2038 0.00371611
-33.4833 -79.6605 2.21714 0.000688149
-33.3145 -79.3071 2.19351 0.000654913
-32.8788 -79.717 2.2049 0.0325807
-34.0484 -79.2495 2.21405 2.56709e-13
-33.3527 -79.6165 2.2045 0.0166803
-33.1164 -79.7753 2.19747 0.000982805
-33.5335 -79.6506 2.20167 0.00034038
-33.0108 -79.4294 2.22576 0.000406478
-33.3109 -79.923 2.22278 0.00105188
-33.2829 -79.6178 2.21044 0.0641917
-33.238 -79.4036 2.20605 0.0540129
-32.7301 -80.0743 2.17673 8.40243e-20
-33.2222 -79.1923 2.21006 0.00323355
-33.477 -79.9144 2.19082 2.01527e-08
-33.0027 -79.6377 2.21861 0.101474
-33.3044 -80.194 2.22025 4.69037e-05
-33.0098 -79.0244 2.19446 0.00010614
-33.0716 -79.8358 2.22338 0.0161962
-33.4345 -79.545 2.21704 0.00129528
-33.5112 -79.3266 2.20557 0.000599819
-33.7842 -79.5282 2.18951 5.95746e-09
-32.4176 -80.069 2.20078 1.11593e-09
-34.0292 -79.6625 2.22356 1.21322e-13
-33.2198 -79.2119 2.18583 6.55073e-06
-33.0855 -78.7854 2.21263 3.38821e-08
-34.1168 -79.717 2.21813 5.26802e-14
-33.7112 -80.0526 2.20848 6.69855e-08
-33.8678 -79.7105 2.19608 2.5618e-09
-32.4359 -79.2866 2.21865 3.10565e-06
-33.5325 -79.2916 2.20764 0.000211838
-33.9468 -79.5611 2.20859 2.65257e-09
-33.6914 -79.5682 2.20505 1.9433e-05
-33.6237 -79.2255 2.19614 8.0247e-06
-33.4026 -79.5308 2.2169 0.00228832
-33.1112 -79.6324 2.20502 0.111682
-32.9831 -79.5491 2.22293 0.0109272
-33.1109 -79.8069 2.20334 0.0137125
-33.1289 -79.5135 2.21047 0.185035
-33.3741 -79.8802 2.20598 0.00144289
-33.476 -79.9695 2.18932 1.12856e-09
-32.9596 -79.6196 2.20524 0.107694
-33.5204 -79.6483 2.22388 1.08561e-05
-32.7637 -78.9154 2.21092 1.50536e-06
-33.3796 -79.1165 2.2174 3.42419e-06
-33.2389 -79.0274 2.21911 7.0077e-07
-33.0392 -79.9634 2.2016 0.000392311
-33.0517 -79.1086 2.22044 1.2121e-05
-33.4576 -79.724 2.21338 0.00259492
-33.4316 -79.9192 2.2146 0.000822105
-33.7582 -79.5928 2.22174 2.20876e-08
-33.2144 -79.5468 2.18012 3.44817e-09
-33.2678 -79.4858 2.19734 0.00617048
-33.1469 -79.9058 2.22485 0.00386073
-33.316 -79.8333 2.19911 0.000350276
-33.5396 -79.626 2.22057 3.91318e-05
-33.4659 -79.8311 2.18679 3.68968e-09
-33.6278 -78.9182 2.20437 3.09058e-08
-33.5848 -79.3039 2.19141 4.71326e-06
-32.8119 -79.1721 2.20028 0.00106918
-33.7075 -79.4656 2.19194 3.12384e-07
-33.5541 -79.9028 2.21516 6.48412e-05
-33.7424 -79.501 2.2194 7.54091e-08
-33.7945 -79.7925 2.20464 1.77118e-07
