86.172 -32.1536 3.56424 0.0444276 85.981 -32.075 3.5696
85.7496 -32.2246 3.56478 0.000702938 85.981 -32.075 3.5696
85.674 -32.0391 3.57774 4.7433e-06 85.981 -32.075 3.5696
85.7223 -32.5597 3.57083 1.48379e-07 85.981 -32.075 3.5696
86.1062 -32.0947 3.58123 6.72758e-06 85.981 -32.075 3.5696
86.1872 -32.0676 3.57335 0.0479054 85.981 -32.075 3.5696
86.2618 -31.5199 3.57137 3.47442e-10 85.981 -32.075 3.5696
85.6933 -31.7449 3.58126 8.64777e-08 85.981 -32.075 3.5696
85.5035 -32.0071 3.57954 4.26849e-10 85.981 -32.075 3.5696
85.6358 -32.1925 3.57146 2.61424e-05 85.981 -32.075 3.5696
86.2691 -32.2787 3.56974 0.026654 85.981 -32.075 3.5696
86.0042 -31.9644 3.56902 0.0324738 85.981 -32.075 3.5696
85.6476 -32.1314 3.56224 3.28584e-07 85.981 -32.075 3.5696
85.6613 -32.3526 3.55268 1.9739e-12 85.981 -32.075 3.5696
85.9467 -31.9012 3.55686 1.07489e-11 85.981 -32.075 3.5696
85.9173 -32.7305 3.56152 6.95642e-06 85.981 -32.075 3.5696
85.8987 -32.0038 3.58013 8.76104e-05 85.981 -32.075 3.5696
86.2334 -31.7339 3.55762 3.11982e-15 85.981 -32.075 3.5696
86.082 -32.0067 3.56459 0.00408946 85.981 -32.075 3.5696
85.599 -32.2352 3.57732 1.87701e-08 85.981 -32.075 3.5696
85.4514 -32.0158 3.58345 7.05808e-14 85.981 -32.075 3.5696
85.6125 -32.2081 3.58366 6.23103e-13 85.981 -32.075 3.5696
85.6014 -31.9719 3.56464 1.36351e-08 85.981 -32.075 3.5696
86.0139 -32.584 3.56943 7.59342e-05 85.981 -32.075 3.5696
85.8468 -31.7338 3.5784 2.60134e-05 85.981 -32.075 3.5696
86.4313 -32.3961 3.5657 0.000246809 85.981 -32.075 3.5696
85.7496 -31.5287 3.58044 2.29736e-09 85.981 -32.075 3.5696
86.6933 -32.2597 3.56527 4.36583e-09 85.981 -32.075 3.5696
86.0808 -31.8418 3.56307 9.57825e-07 85.981 -32.075 3.5696
86.5082 -32.1482 3.56901 2.58808e-05 85.981 -32.075 3.5696
85.7268 -31.9355 3.56007 3.17566e-10 85.981 -32.075 3.5696
86.2994 -31.8691 3.56659 3.29251e-05 85.981 -32.075 3.5696
85.8423 -31.4817 3.57556 1.10722e-09 85.981 -32.075 3.5696
85.473 -31.869 3.59012 1.64372e-18 85.981 -32.075 3.5696
86.2415 -32.274 3.5708 0.0265683 85.981 -32.075 3.5696
86.2768 -32.3772 3.5492 1.19184e-11 85.981 -32.075 3.5696
85.2361 -31.2872 3.56787 9.40961e-35 85.981 -32.075 3.5696
86.4036 -32.4957 3.56663 6.47973e-05 85.981 -32.075 3.5696
85.4572 -31.7764 3.56436 8.9645e-16 85.981 -32.075 3.5696
86.0219 -32.2596 3.56898 0.287264 85.981 -32.075 3.5696
86.4228 -32.2286 3.56457 0.000544525 85.981 -32.075 3.5696
86.1453 -32.4519 3.56483 0.041823 85.981 -32.075 3.5696
85.9439 -32.0681 3.56922 0.10744 85.981 -32.075 3.5696
85.7574 -32.2313 3.55123 7.85034e-14 85.981 -32.075 3.5696
85.8064 -32.2858 3.56288 0.00142077 85.981 -32.075 3.5696
86.0089 -32.4574 3.58499 1.36299e-16 85.981 -32.075 3.5696
86.0804 -32.3098 3.56146 0.0293198 85.981 -32.075 3.5696
86.4262 -32.2558 3.57275 4.51246e-05 85.981 -32.075 3.5696
86.4765 -31.9724 3.56561 1.71067e-06 85.981 -32.075 3.5696
85.3145 -32.5768 3.57336 7.55123e-19 85.981 -32.075 3.5696
85.7958 -32.3073 3.56225 0.000681368 85.981 -32.075 3.5696
86.0265 -32.2092 3.56606 0.26013 85.981 -32.075 3.5696
86.5973 -32.5247 3.57189 8.41677e-10 85.981 -32.075 3.5696
86.9883 -32.1362 3.56353 9.33568e-19 85.981 -32.075 3.5696
85.5232 -31.6578 3.57348 1.31935e-11 85.981 -32.075 3.5696
86.2434 -32.1394 3.56181 0.0014881 85.981 -32.075 3.5696
85.6203 -32.7247 3.54597 1.06831e-18 85.981 -32.075 3.5696
86.2642 -31.9736 3.56425 0.000208108 85.981 -32.075 3.5696
85.616 -32.4257 3.5904 2.81495e-27 85.981 -32.075 3.5696
85.7587 -32.1555 3.56047 3.67117e-06 85.981 -32.075 3.5696
85.221 -32.0336 3.57123 8.55997e-17 85.981 -32.075 3.5696
86.2164 -32.459 3.5931 9.4782e-32 85.981 -32.075 3.5696
86.4799 -31.4911 3.5909 8.0002e-19 85.981 -32.075 3.5696
85.9438 -32.2906 3.57586 0.000374425 85.981 -32.075 3.5696
85.6797 -31.7661 3.56007 5.0899e-15 85.981 -32.075 3.5696
85.6477 -31.9578 3.57304 1.5197e-05 85.981 -32.075 3.5696
86.1227 -31.806 3.57293 0.00201193 85.981 -32.075 3.5696
85.8934 -33.0339 3.58538 4.25382e-41 85.981 -32.075 3.5696
85.6863 -32.0749 3.58009 2.74139e-07 85.981 -32.075 3.5696
86.3469 -32.3549 3.57134 0.000347158 85.981 -32.075 3.5696
85.3081 -32.431 3.5741 9.71368e-17 85.981 -32.075 3.5696
85.7434 -32.0473 3.56607 0.000145775 85.981 -32.075 3.5696
85.813 -31.9717 3.5575 9.81284e-11 85.981 -32.075 3.5696
85.7371 -31.9986 3.55922 1.21688e-09 85.981 -32.075 3.5696
86.2954 -31.2067 3.5781 1.11987e-15 85.981 -32.075 3.5696
86.5432 -31.9445 3.57133 4.81415e-07 85.981 -32.075 3.5696
85.8479 -31.5212 3.57372 3.04959e-09 85.981 -32.075 3.5696
85.8948 -32.1803 3.58931 2.96866e-16 85.981 -32.075 3.5696
86.3094 -32.2656 3.56668 0.0239923 85.981 -32.075 3.5696
85.5926 -31.921 3.56252 5.37145e-11 85.981 -32.075 3.5696
86.2425 -32.4118 3.57397 3.46046e-05 85.981 -32.075 3.5696
86.4089 -31.7964 3.55526 7.63628e-18 85.981 -32.075 3.5696
86.0658 -32.4168 3.57429 0.000113388 85.981 -32.075 3.5696
86.1013 -31.9211 3.57323 0.0299255 85.981 -32.075 3.5696
85.8728 -31.9499 3.57468 0.0069158 85.981 -32.075 3.5696
86.2156 -31.8252 3.55863 2.17268e-11 85.981 -32.075 3.5696
85.8074 -32.1989 3.57084 0.0104083 85.981 -32.075 3.5696
86.0563 -31.8653 3.58827 1.07908e-10 85.981 -32.075 3.5696
85.905 -31.9275 3.57959 0.000248286 85.981 -32.075 3.5696
86.1991 -32.3771 3.5593 0.00310555 85.981 -32.075 3.5696
86.3501 -32.4185 3.56661 0.00176166 85.981 -32.075 3.5696
86.298 -31.7647 3.56414 1.2627e-08 85.981 -32.075 3.5696
86.1908 -31.5616 3.57068 6.48032e-09 85.981 -32.075 3.5696
85.7165 -31.5839 3.57958 8.36561e-09 85.981 -32.075 3.5696
86.1629 -32.4135 3.54221 2.04882e-20 85.981 -32.075 3.5696
86.0321 -32.2885 3.59315 4.43735e-25 85.981 -32.075 3.5696
85.8651 -32.4822 3.58448 4.9611e-17 85.981 -32.075 3.5696
86.5855 -31.8658 3.56831 3.42675e-09 85.981 -32.075 3.5696
85.7396 -32.3617 3.56166 7.2248e-05 85.981 -32.075 3.5696
85.9467 -32.2212 3.57476 0.0067287 85.981 -32.075 3.5696
