171.034 -11.733 3.24112 0.00169811
171.068 -11.2505 3.25126 0.0120001
171.251 -12.0723 3.25123 5.77664e-08
170.805 -11.4728 3.23629 0.00413156
171.29 -10.6311 3.23972 1.53222e-16
170.743 -11.8949 3.24937 8.2165e-06
170.899 -11.3141 3.26255 7.09282e-08
170.927 -11.9987 3.24566 3.79407e-06
170.635 -11.8284 3.24692 1.03665e-05
171.418 -10.995 3.21078 1.5128e-40
170.574 -12.0627 3.24391 7.21388e-10
171.472 -11.6978 3.24019 6.24876e-09
171.63 -11.12 3.22866 9.92326e-23
171.232 -11.4547 3.25348 0.025474
171.098 -10.7924 3.23103 3.2314e-14
171.254 -11.561 3.24488 0.00465827
170.84 -11.343 3.22783 2.50128e-07
171.501 -11.1894 3.23779 4.25896e-11
171.287 -11.8394 3.26089 4.97122e-06
170.869 -11.361 3.25922 7.05031e-06
171.407 -11.687 3.24247 1.54373e-06
171.501 -11.966 3.25767 2.20797e-08
171.092 -11.0331 3.2478 6.71685e-05
171.332 -11.6951 3.25017 0.0012524
171.276 -11.7349 3.25116 0.00205004
170.997 -11.2833 3.25368 0.00470273
171.426 -11.5795 3.26414 4.40074e-06
170.938 -11.7955 3.26242 7.27594e-08
170.714 -11.2052 3.25314 6.3991e-06
170.861 -11.281 3.24867 0.0133972
171.284 -11.4698 3.23038 7.15586e-11
171.201 -11.5255 3.25425 0.0262331
170.57 -11.5854 3.22963 1.34598e-06
170.699 -11.3449 3.25437 1.26724e-05
171.221 -11.8732 3.23344 8.64444e-11
170.884 -11.5409 3.25387 0.00507241
171.009 -11.418 3.24753 0.176131
171.347 -11.5333 3.235 8.87106e-09
171.118 -11.6742 3.24076 0.00124405
170.958 -11.5249 3.26338 5.15969e-07
171.024 -11.2513 3.23837 0.00115351
170.825 -11.3423 3.25108 0.00524468
170.877 -11.7949 3.25362 0.000181841
170.642 -11.8401 3.25232 3.24941e-07
170.954 -11.7347 3.22443 1.35199e-12
170.952 -11.5105 3.23145 7.63583e-06
170.477 -11.6376 3.2348 5.95218e-06
171.601 -11.5358 3.24425 1.01295e-08
171.033 -11.4913 3.25271 0.0595167
170.713 -11.5335 3.23155 4.16494e-05
171.058 -11.9682 3.26303 3.04573e-09
171.143 -11.6489 3.23493 2.4811e-06
170.985 -11.1963 3.22234 1.08143e-13
171.587 -11.7886 3.25947 2.16771e-07
171.315 -11.7953 3.23988 2.51152e-07
171.075 -11.87 3.24761 0.000444059
171.254 -11.6782 3.26083 0.000118524
171.054 -11.4592 3.24192 0.0396091
171.041 -11.4961 3.24001 0.0136098
171.32 -11.5804 3.25003 0.00608981
170.888 -11.8595 3.23232 5.4789e-08
171.191 -12.0541 3.24248 7.82226e-09
171.053 -11.5427 3.25012 0.130874
171.475 -11.5251 3.2414 1.8719e-07
170.859 -11.5056 3.24763 0.0823671
170.879 -12.0164 3.23601 8.15757e-09
171.093 -11.3537 3.23336 5.15069e-06
170.699 -11.5684 3.25053 0.000716597
171.014 -11.4847 3.24172 0.0512705
171.662 -11.0756 3.24004 7.54825e-15
171.254 -11.59 3.24054 0.000144341
170.953 -12.3349 3.23633 8.3896e-17
171.288 -10.9057 3.2555 7.49003e-09
171.145 -11.1633 3.24496 0.00124896
171.556 -11.1766 3.24449 4.84071e-09
170.913 -11.7499 3.25061 0.00406113
171.086 -11.6093 3.25283 0.0391039
171.34 -11.5331 3.25117 0.00599888
171.268 -11.7602 3.25128 0.00140716
171.363 -12.3835 3.22844 6.30575e-30
170.933 -11.0667 3.24166 0.000183849
170.601 -10.9539 3.23817 9.44719e-08
171.916 -11.8661 3.24179 1.13001e-21
171.226 -11.4054 3.23991 0.000316061
171.674 -11.6604 3.23958 8.88273e-14
171.516 -11.7313 3.25947 4.27376e-06
171.426 -11.6044 3.23544 2.34922e-10
170.896 -11.8353 3.23158 4.18745e-08
170.952 -11.2419 3.23737 0.00105215
171.382 -11.1116 3.22543 4.43629e-19
170.967 -11.4634 3.25365 0.0201866
170.95 -11.2281 3.25079 0.00558903
171.62 -11.1513 3.24038 1.04389e-12
170.784 -11.65 3.22802 8.66597e-08
171.191 -11.5118 3.24987 0.0672749
170.946 -12.001 3.24227 1.18635e-06
170.551 -11.4946 3.23233 2.57088e-05
171.487 -11.7541 3.24488 1.76601e-07
171.282 -11.5692 3.26283 4.07439e-05
171.043 -11.4787 3.24871 0.183927
