-27.9618 -84.4223 2.39237 0.00289141 -27.771 -84.143 2.4032
-27.8519 -84.4749 2.3896 0.00026522 -27.771 -84.143 2.4032
-28.7044 -84.033 2.37852 3.02633e-15 -27.771 -84.143 2.4032
-28.6396 -84.3202 2.37027 1.03405e-20 -27.771 -84.143 2.4032
-27.9182 -83.8924 2.40556 0.000213958 -27.771 -84.143 2.4032
-28.4815 -84.0338 2.39103 5.0767e-08 -27.771 -84.143 2.4032
-27.9295 -84.3263 2.40933 0.0186307 -27.771 -84.143 2.4032
-28.2774 -83.7414 2.40551 1.57553e-09 -27.771 -84.143 2.4032
-28.1032 -84.2887 2.38206 5.42435e-07 -27.771 -84.143 2.4032
-27.8635 -84.8204 2.38262 8.32637e-13 -27.771 -84.143 2.4032
-28.1746 -84.2656 2.36959 2.99052e-15 -27.771 -84.143 2.4032
-28.5203 -84.5154 2.40104 7.63568e-09 -27.771 -84.143 2.4032
-28.0572 -84.1813 2.38867 0.000884923 -27.771 -84.143 2.4032
-28.2292 -84.2506 2.39799 0.00070794 -27.771 -84.143 2.4032
-27.9053 -84.1309 2.39345 0.0380466 -27.771 -84.143 2.4032
-28.2504 -83.8437 2.39753 4.83747e-06 -27.771 -84.143 2.4032
-27.6789 -84.486 2.42238 8.75411e-06 -27.771 -84.143 2.4032
-27.7405 -84.1111 2.40671 0.0270784 -27.771 -84.143 2.4032
-27.5693 -84.3109 2.4074 0.0726602 -27.771 -84.143 2.4032
-28.2515 -83.8085 2.39124 3.60666e-06 -27.771 -84.143 2.4032
-28.1917 -83.8564 2.39418 4.07897e-05 -27.771 -84.143 2.4032
-27.3803 -83.8095 2.39652 1.37835e-05 -27.771 -84.143 2.4032
-28.1886 -83.9669 2.40459 1.8024e-05 -27.771 -84.143 2.4032
-27.9996 -83.5176 2.36954 1.46957e-13 -27.771 -84.143 2.4032
-28.2906 -83.5122 2.40633 3.97392e-14 -27.771 -84.143 2.4032
-28.0923 -83.9757 2.39537 0.00189181 -27.771 -84.143 2.4032
-28.2531 -83.757 2.39601 8.16682e-07 -27.771 -84.143 2.4032
-27.5408 -83.8834 2.41283 8.66485e-07 -27.771 -84.143 2.4032
-28.2881 -83.6885 2.39906 1.45069e-08 -27.771 -84.143 2.4032
-27.7417 -83.7333 2.40883 3.49441e-07 -27.771 -84.143 2.4032
-27.4899 -84.0683 2.40212 0.0098463 -27.771 -84.143 2.4032
-28.2479 -83.8455 2.3881 3.62498e-06 -27.771 -84.143 2.4032
-28.294 -84.5809 2.39424 1.20055e-06 -27.771 -84.143 2.4032
-28.1484 -83.3238 2.40754 2.06596e-17 -27.771 -84.143 2.4032
-28.0942 -84.675 2.39125 1.05796e-06 -27.771 -84.143 2.4032
-27.8877 -84.0114 2.39108 0.00929278 -27.771 -84.143 2.4032
-27.7672 -84.0806 2.39306 0.0352843 -27.771 -84.143 2.4032
-27.9058 -84.309 2.38429 2.31007e-05 -27.771 -84.143 2.4032
-28.006 -84.3547 2.4058 0.0276238 -27.771 -84.143 2.4032
-28.2168 -84.684 2.40704 1.54702e-05 -27.771 -84.143 2.4032
-28.3878 -84.4583 2.39218 2.43301e-07 -27.771 -84.143 2.4032
-28.0916 -83.8291 2.39729 0.0001186 -27.771 -84.143 2.4032
-28.1439 -83.8102 2.40869 3.48543e-08 -27.771 -84.143 2.4032
-27.8604 -83.8176 2.40494 6.48141e-05 -27.771 -84.143 2.4032
-27.2258 -83.3406 2.39338 1.65811e-14 -27.771 -84.143 2.4032
-28.0037 -84.0508 2.39506 0.0148192 -27.771 -84.143 2.4032
-28.2502 -84.1952 2.40099 0.000288264 -27.771 -84.143 2.4032
-27.666 -84.2977 2.39365 0.0262989 -27.771 -84.143 2.4032
-28.2629 -84.3978 2.37877 6.93442e-11 -27.771 -84.143 2.4032
-28.2041 -84.0686 2.39079 0.000196897 -27.771 -84.143 2.4032
-27.789 -84.2676 2.36652 1.59341e-17 -27.771 -84.143 2.4032
-28.0095 -83.8602 2.39001 0.000468621 -27.771 -84.143 2.4032
-28.6049 -84.3724 2.38617 5.77337e-12 -27.771 -84.143 2.4032
-28.0807 -84.0834 2.38764 0.000394344 -27.771 -84.143 2.4032
-27.7807 -84.1169 2.38084 3.47309e-06 -27.771 -84.143 2.4032
-27.9938 -84.1689 2.39533 0.0332942 -27.771 -84.143 2.4032
-28.5553 -84.0773 2.39392 5.51901e-09 -27.771 -84.143 2.4032
-28.0771 -84.5942 2.40338 0.00196862 -27.771 -84.143 2.4032
-27.6929 -83.2806 2.40756 2.43206e-16 -27.771 -84.143 2.4032
-27.6237 -83.4024 2.39406 9.51771e-10 -27.771 -84.143 2.4032
-27.9808 -84.2893 2.39826 0.0676265 -27.771 -84.143 2.4032
-27.8903 -83.9022 2.39466 0.0057843 -27.771 -84.143 2.4032
-27.0919 -83.7548 2.39304 2.75861e-10 -27.771 -84.143 2.4032
-27.5422 -83.9767 2.38748 0.000128684 -27.771 -84.143 2.4032
-28.2494 -84.6914 2.41331 5.69073e-07 -27.771 -84.143 2.4032
-27.7999 -83.926 2.41168 1.28704e-05 -27.771 -84.143 2.4032
-27.7716 -83.2161 2.39114 5.6775e-13 -27.771 -84.143 2.4032
-27.9334 -84.2081 2.39816 0.106894 -27.771 -84.143 2.4032
-27.7633 -83.7029 2.40717 4.38808e-07 -27.771 -84.143 2.4032
-28.0699 -84.265 2.39281 0.00467101 -27.771 -84.143 2.4032
-28.0204 -84.1998 2.40751 0.00480413 -27.771 -84.143 2.4032
-27.5902 -84.3166 2.40233 0.160691 -27.771 -84.143 2.4032
-27.9458 -84.069 2.38888 0.00318177 -27.771 -84.143 2.4032
-28.6599 -84.2148 2.40127 3.67876e-11 -27.771 -84.143 2.4032
-28.2208 -83.8319 2.39152 1.18163e-05 -27.771 -84.143 2.4032
-28.1495 -84.1782 2.40125 0.00295761 -27.771 -84.143 2.4032
-28.0419 -84.447 2.39211 0.000709363 -27.771 -84.143 2.4032
-28.273 -84.0926 2.38352 5.91106e-07 -27.771 -84.143 2.4032
-28.4847 -84.2806 2.38373 3.16046e-10 -27.771 -84.143 2.4032
-28.127 -84.1598 2.38512 2.78011e-05 -27.771 -84.143 2.4032
-27.8143 -84.1439 2.38543 0.000350336 -27.771 -84.143 2.4032
-27.8172 -83.7967 2.39796 0.000723581 -27.771 -84.143 2.4032
-27.2399 -83.8697 2.40606 3.06533e-07 -27.771 -84.143 2.4032
-28.3209 -84.0736 2.39476 2.49783e-05 -27.771 -84.143 2.4032
-27.8793 -83.9927 2.40097 0.0174479 -27.771 -84.143 2.4032
-27.8103 -84.1351 2.38937 0.00685039 -27.771 -84.143 2.4032
-27.7215 -84.2262 2.3923 0.0248892 -27.771 -84.143 2.4032
-27.7781 -84.4297 2.40077 0.180546 -27.771 -84.143 2.4032
-28.3717 -84.0725 2.39192 3.34232e-06 -27.771 -84.143 2.4032
-28.0655 -84.0597 2.40824 0.000176596 -27.771 -84.143 2.4032
-27.8459 -84.1642 2.39245 0.0344608 -27.771 -84.143 2.4032
-28.5389 -84.1963 2.39473 1.73947e-08 -27.771 -84.143 2.4032
-27.9844 -84.4446 2.4135 0.00106525 -27.771 -84.143 2.4032
-27.7208 -84.7447 2.39723 0.000136578 -27.771 -84.143 2.4032
-27.6647 -84.6059 2.39143 4.07745e-05 -27.771 -84.143 2.4032
-27.8293 -84.1726 2.38969 0.00787549 -27.771 -84.143 2.4032
-27.6839 -84.5943 2.40435 0.044528 -27.771 -84.143 2.4032
-28.714 -84.4763 2.40668 2.26479e-13 -27.771 -84.143 2.4032
-28.0639 -83.909 2.37497 3.19445e-09 -27.771 -84.143 2.4032
-28.0403 -84.8778 2.40346 6.13591e-06 -27.771 -84.143 2.4032
