211.75 -11.6254 3.01591 2.82204e-05
211.779 -10.9981 3.03669 2.03734e-06
211.73 -11.6451 3.01341 2.24034e-06
211.293 -11.5816 3.01816 0.0156451
212.038 -11.2064 3.01013 8.91385e-13
211.707 -10.9364 3.02935 0.000114405
211.423 -11.113 3.01252 0.00181697
211.81 -10.9029 3.04057 1.53661e-09
212.012 -11.255 3.03644 2.28292e-05
211.999 -11.5488 3.01983 1.43473e-06
211.198 -11.6679 3.01662 0.00100255
211.579 -10.7125 3.04022 1.75033e-13
211.587 -11.732 3.03679 2.65187e-07
211.713 -10.8859 3.03446 7.77535e-07
211.373 -11.4216 3.01273 0.0106648
212.127 -11.2427 3.01829 4.06753e-09
211.462 -11.7873 3.03341 4.94836e-07
211.368 -11.3502 3.02608 0.0374613
211.731 -11.1476 3.02397 0.0154331
211.794 -11.2159 3.0272 0.014096
211.789 -11.2488 3.04337 1.26419e-08
211.359 -11.1736 3.00674 2.02126e-05
212.136 -11.1616 3.03839 2.57544e-07
211.088 -11.646 3.02423 1.50416e-05
212.304 -11.3836 3.00592 2.37968e-24
211.652 -11.3423 3.02444 0.13111
211.496 -11.2129 3.01928 0.113977
211.759 -11.1455 3.05185 4.89211e-17
211.5 -11.2123 3.0141 0.00815348
211.981 -10.927 3.02287 4.0125e-07
211.44 -10.7496 3.03851 6.56882e-13
211.633 -11.271 3.02175 0.103896
211.761 -10.9457 3.0338 7.78377e-06
211.571 -10.6317 3.01384 3.34364e-10
211.72 -11.9006 3.0024 8.68654e-18
211.788 -11.4149 3.02887 0.0170643
211.835 -10.6901 3.01118 1.36096e-13
211.641 -10.9231 3.01156 3.41879e-07
211.86 -11.4308 3.02863 0.00625016
211.726 -11.5744 3.0138 1.46352e-05
211.953 -11.0321 3.02706 4.65592e-05
211.477 -11.2833 3.02519 0.133601
212.349 -11.2718 3.01421 1.79429e-17
210.677 -11.6577 3.01554 6.58358e-10
211.351 -10.5847 3.01383 3.03627e-10
211.404 -11.5569 3.02342 0.0348659
211.94 -11.5442 3.04202 7.21328e-08
211.442 -11.2368 3.0044 2.69157e-07
211.443 -11.3867 3.03138 0.00170881
211.065 -11.8153 3.02878 9.90129e-10
211.522 -11.548 3.0075 1.11066e-06
211.532 -11.0981 3.01563 0.00423392
211.883 -11.8672 3.02588 5.37924e-07
211.664 -11.6118 3.02137 0.00632862
211.65 -11.1653 3.05109 2.60592e-17
211.332 -11.3753 3.02508 0.0380352
212.015 -10.9861 3.02826 3.91395e-06
211.416 -11.2096 3.0219 0.134247
211.283 -11.096 3.0195 0.0162558
212.201 -11.0384 3.01915 1.95155e-11
211.276 -10.8968 3.0313 6.32723e-08
212.233 -11.2484 3.03355 2.96154e-07
211.074 -10.7371 3.01655 4.432e-08
211.474 -10.929 3.03152 6.88629e-06
211.84 -11.5772 3.02933 0.0016155
211.728 -11.3602 3.02642 0.057917
211.6 -11.7799 3.00264 1.08786e-13
212.006 -11.4893 3.00113 3.19839e-21
211.962 -11.2123 3.00741 2.53976e-13
211.458 -11.0159 3.03595 2.30369e-07
211.419 -10.9123 3.02975 1.02015e-05
211.546 -10.8998 3.02724 0.000121004
211.361 -11.2289 3.0305 0.000622467
211.202 -10.7596 3.02328 1.37678e-07
211.061 -10.9256 3.00908 3.08961e-06
212.059 -11.3157 3.03411 4.35643e-05
211.634 -11.4826 3.02175 0.0600817
212.072 -11.4249 3.01815 4.4519e-08
211.683 -11.3843 3.01892 0.0187011
212.126 -11.0302 3.02145 7.01791e-09
211.001 -11.2153 3.02413 1.29416e-05
211.317 -11.5801 3.0256 0.00357492
211.525 -11.5728 3.03044 0.00208378
211.528 -10.9958 3.03037 0.00019587
212.007 -11.3676 3.0237 7.9717e-05
212.027 -10.9063 3.01496 1.77284e-11
211.188 -11.6108 3.03603 2.85878e-10
211.973 -11.7487 3.02836 3.84473e-06
211.819 -10.9972 3.01854 1.64877e-05
211.821 -11.8278 3.00282 3.23616e-18
211.761 -11.0036 3.0168 2.20403e-05
211.608 -11.9394 3.00704 9.45024e-13
211.799 -11.5399 3.02238 0.00293343
211.686 -11.6355 3.02934 0.00215484
212.266 -11.9928 3.02634 1.2074e-14
211.245 -10.9281 2.99934 1.75846e-11
211.246 -11.6952 3.02469 0.00018034
211.397 -11.225 3.02931 0.0034843
211.709 -11.9325 3.02091 2.56825e-07
211.973 -11.7621 3.03139 2.13731e-06
