-33.5845 -22.4495 1.09447 0.000287429
-34.006 -21.8857 1.10337 6.11218e-05
-33.8393 -22.2459 1.1177 7.6542e-05
-33.8872 -22.3197 1.10276 0.195894
-33.1156 -22.8384 1.10624 2.08862e-14
-33.1235 -22.5624 1.10269 1.15184e-10
-34.0057 -22.1984 1.0974 0.00658691
-33.7963 -22.1286 1.10164 0.0752674
-33.722 -22.7979 1.1012 4.27757e-06
-33.6501 -22.094 1.11964 4.06314e-09
-33.4669 -22.2217 1.11843 3.62977e-09
-33.0048 -22.2192 1.13647 1.5781e-39
-33.9668 -21.6072 1.11272 5.62298e-14
-34.0309 -21.8803 1.11934 2.1635e-11
-33.6922 -22.006 1.12663 5.56228e-16
-33.1888 -22.1897 1.09279 3.58353e-08
-33.5136 -22.3196 1.12143 1.81309e-09
-33.763 -22.0499 1.08717 2.31741e-05
-33.6668 -22.448 1.10079 0.0257699
-33.6319 -22.3334 1.11604 7.55154e-05
-33.1235 -22.2467 1.10477 5.39683e-10
-33.811 -22.3884 1.12148 7.04201e-06
-33.3527 -22.7857 1.11969 2.13019e-11
-33.7911 -22.4657 1.10389 0.106006
-33.129 -22.2983 1.10725 2.10219e-10
-33.4312 -22.6183 1.10447 1.7893e-05
-33.5177 -22.0945 1.09822 0.00229209
-33.7287 -22.2321 1.09693 0.0414664
-33.4024 -21.9976 1.10209 1.00981e-05
-34.0862 -22.6633 1.13358 4.51299e-12
-34.4812 -23.04 1.12666 7.54523e-14
-33.725 -22.3661 1.12086 2.9321e-06
-33.4644 -22.3165 1.10568 0.00093459
-34.0882 -22.7089 1.09157 4.36732e-11
-34.3331 -22.3183 1.12688 4.68417e-11
-33.6252 -21.7975 1.10051 7.7913e-06
-33.6565 -22.7979 1.09159 9.69731e-11
-33.9907 -22.1945 1.10172 0.0410254
-33.8945 -22.6306 1.12808 1.31634e-08
-33.6222 -22.1643 1.10397 0.0193042
-33.5638 -22.1687 1.1122 4.21301e-05
-33.307 -22.1811 1.09556 7.97634e-06
-33.6902 -22.1321 1.11332 9.21635e-05
-33.8505 -22.6533 1.11084 0.00929964
-33.918 -22.5585 1.12369 4.93514e-06
-33.5567 -22.4736 1.11651 1.74435e-05
-33.217 -22.3205 1.10313 1.58841e-07
-33.1972 -22.2639 1.12196 5.28354e-17
-33.2122 -22.4252 1.11171 9.00295e-10
-33.2423 -22.6229 1.11203 7.96963e-10
-33.4923 -22.7453 1.09326 1.3533e-09
-33.5824 -22.2567 1.1052 0.0156801
-33.431 -22.4797 1.096 2.26868e-05
-34.2815 -22.1626 1.10053 1.23993e-05
-33.5535 -22.3192 1.1134 0.000110126
-33.6162 -21.7318 1.10593 1.33048e-08
-33.5431 -22.3482 1.0831 3.40165e-09
-33.9865 -22.1699 1.1082 0.0190089
-33.2056 -22.469 1.11446 4.74549e-11
-33.307 -22.4601 1.10196 3.3982e-06
-34.048 -21.756 1.12236 8.79605e-17
-34.0729 -22.5755 1.09609 3.90273e-06
-33.5748 -22.7262 1.11001 5.55542e-05
-33.399 -22.385 1.10825 3.92952e-05
-33.8228 -21.946 1.08797 1.49257e-05
-33.5597 -22.4945 1.12689 1.65188e-11
-33.5843 -22.3449 1.12035 1.39761e-07
-34.1921 -21.9231 1.12188 5.79486e-13
-32.9967 -22.4354 1.12018 2.37443e-20
-33.6147 -22.5871 1.12142 4.6815e-07
-34.0667 -22.5902 1.09008 8.22645e-10
-33.5271 -21.9714 1.10989 7.16762e-07
-33.9513 -22.7292 1.09889 4.29455e-06
-33.6053 -22.4544 1.1186 7.24976e-06
-34.0062 -21.955 1.11038 1.84982e-05
-33.6029 -23.3221 1.12844 6.787e-19
-33.6996 -22.4492 1.10959 0.0353823
-33.6534 -22.2791 1.10958 0.0110836
-33.7608 -22.4483 1.10405 0.115446
-33.6817 -22.7333 1.07399 3.3211e-25
-33.3508 -21.9495 1.10869 3.01209e-09
-33.4465 -21.8639 1.09958 2.74678e-06
-33.8689 -22.713 1.11768 0.000313207
-33.281 -22.3425 1.11279 7.81132e-09
-33.8136 -22.0825 1.10474 0.0238799
-33.9981 -22.3455 1.0945 0.000420031
-33.497 -22.6983 1.11083 1.08553e-05
-34.052 -22.7912 1.09375 8.00483e-11
-34.3246 -21.7937 1.11346 1.50095e-12
-33.8863 -22.2717 1.1016 0.157359
-33.5134 -22.5263 1.11587 7.96298e-06
-33.4462 -22.2833 1.1393 4.80263e-29
-33.8225 -22.3867 1.10061 0.0957519
-33.3022 -23.0265 1.11769 7.46778e-15
-33.7286 -21.9581 1.10815 9.60719e-05
-33.1605 -22.0574 1.11157 2.98672e-13
-33.3768 -21.6941 1.11065 7.55919e-15
-33.3896 -22.3993 1.12439 3.19638e-13
-33.6568 -22.2801 1.11363 0.000644672
-33.3587 -22.4191 1.10027 3.32176e-05
