-26.57 -10.7648 0.832925 5.28133e-19
-26.2686 -11.0123 0.859865 4.03981e-14
-25.2673 -10.9633 0.858547 1.08759e-10
-25.2399 -10.6143 0.819596 3.93913e-08
-25.4031 -11.0354 0.824629 6.23312e-10
-25.379 -11.1699 0.845819 9.05073e-05
-26.0702 -11.4829 0.839001 1.24092e-14
-25.4712 -11.4167 0.850268 4.29949e-07
-25.5357 -11.096 0.837682 0.000889217
-25.6104 -11.4919 0.836076 4.42936e-13
-25.7933 -10.5167 0.838135 0.0115038
-25.346 -11.0103 0.839331 0.000628041
-25.6311 -11.3833 0.828934 3.74364e-15
-25.3417 -11.1741 0.824927 1.19417e-13
-25.5749 -10.1405 0.834421 1.06352e-06
-26.4478 -10.6837 0.837286 5.88771e-14
-25.6398 -11.0138 0.847181 0.021902
-25.9482 -11.2893 0.850907 3.66477e-06
-25.5567 -10.6075 0.832096 0.167331
-25.5904 -10.703 0.840309 0.182381
-25.0998 -11.0474 0.823794 7.77086e-15
-26.4281 -11.2001 0.840345 2.64979e-16
-26.3557 -10.6579 0.841763 1.26602e-11
-25.6173 -10.3616 0.855124 1.16304e-15
-25.3592 -10.9072 0.846297 0.000802577
-25.1547 -10.7847 0.836436 1.24701e-05
-24.8402 -10.8573 0.850236 9.08603e-17
-25.6434 -11.4104 0.836354 1.44598e-10
-25.4372 -10.6426 0.834423 0.0637228
-25.968 -10.4488 0.840921 8.20873e-06
-25.7696 -10.9739 0.824803 2.20657e-08
-25.6261 -10.8745 0.820851 8.16143e-09
-26.0743 -11.0414 0.828728 9.09303e-11
-26.1344 -10.72 0.827504 2.49737e-08
-26.0465 -10.5654 0.842138 7.02535e-06
-24.9366 -10.4514 0.847193 4.79088e-17
-26.1195 -11.06 0.824698 5.41849e-15
-26.0634 -10.872 0.848594 7.20856e-06
-24.9515 -10.9486 0.831094 2.06364e-12
-26.363 -10.9077 0.835192 1.53578e-12
-25.8836 -11.0937 0.815929 6.45329e-21
-25.3185 -10.5949 0.856301 1.72532e-13
-25.5092 -10.9309 0.832665 0.00262742
-25.6452 -11.1077 0.826664 2.21857e-09
-25.5469 -10.7058 0.834965 0.252171
-25.1743 -11.0362 0.843247 1.48751e-06
-25.2152 -10.4837 0.8267 2.7899e-05
-25.7596 -10.642 0.851018 2.97128e-06
-26.1524 -11.1308 0.830146 3.8046e-13
-25.5998 -10.7878 0.833739 0.130578
-24.8611 -11.2359 0.843964 2.64134e-16
-26.0126 -10.2128 0.829372 2.56856e-07
-25.0419 -10.528 0.837067 1.17969e-08
-26.1315 -10.8187 0.828061 6.44392e-09
-25.6871 -10.8285 0.846327 0.0282502
-26.1637 -11.2257 0.843627 3.60283e-09
-26.1473 -11.3674 0.826769 2.73233e-22
-25.1561 -10.8589 0.854914 3.381e-11
-25.5358 -10.3457 0.821259 0.000438514
-25.6874 -11.0216 0.851011 0.0025767
-25.7479 -10.2475 0.826443 0.000426766
-25.8095 -11.4006 0.851809 1.89024e-06
-25.548 -11.2626 0.852459 5.96158e-05
-26.2115 -11.392 0.848421 7.90571e-12
-24.7665 -11.0617 0.830728 9.65675e-20
-25.9814 -10.6722 0.82033 3.9452e-09
-26.1245 -11.0721 0.835176 8.43651e-09
-25.3699 -10.4276 0.831932 0.00244754
-26.0056 -10.3669 0.839717 4.09376e-07
-25.859 -10.8143 0.846815 0.0031652
-25.3162 -10.5628 0.826792 0.000542892
-25.7881 -10.673 0.821167 2.35065e-06
-25.7857 -11.6366 0.847641 9.30406e-12
-25.7542 -11.3911 0.832273 4.56221e-13
-26.1883 -11.3175 0.845625 1.24757e-10
-26.4632 -10.5901 0.825715 3.26302e-17
-25.5424 -10.5007 0.820931 0.000211411
-25.5024 -10.9757 0.83713 0.0119124
-25.6067 -10.4205 0.840983 0.000298178
-25.866 -11.0186 0.836981 0.000762129
-26.2487 -10.528 0.828275 5.80742e-10
-25.8908 -11.1447 0.837918 1.75795e-05
-25.4404 -10.0853 0.825247 3.4996e-06
-25.7119 -10.9467 0.822523 3.2886e-09
-25.9585 -10.8847 0.815982 3.65889e-16
-26.3273 -10.9427 0.828785 7.88798e-15
-25.4855 -10.8237 0.828246 0.00071946
-25.7109 -11.3291 0.83342 2.3738e-10
-25.3114 -10.9726 0.840094 0.000555788
-25.7811 -10.9243 0.845144 0.0356344
-25.0226 -10.6976 0.817201 2.02571e-14
-25.5155 -10.7405 0.828579 0.00747527
-25.8178 -10.5948 0.83908 0.0221753
-25.8568 -11.0898 0.827612 1.70213e-09
-25.7678 -10.3993 0.833614 0.00628495
-26.1772 -10.343 0.820326 3.53869e-11
-25.6816 -10.9758 0.825403 1.43963e-07
-25.6557 -10.4537 0.834071 0.0413335
-25.4731 -10.8613 0.824346 2.03279e-06
-25.3419 -10.9248 0.852723 2.24105e-06
