-5.44231 -95.284 3.03166 0.0145852 -5.6146 -95.328 3.0344
-6.09199 -96.0527 3.02898 1.4971e-10 -5.6146 -95.328 3.0344
-5.97045 -95.2374 3.04584 5.319e-05 -5.6146 -95.328 3.0344
-5.27702 -95.1105 3.02446 2.89994e-07 -5.6146 -95.328 3.0344
-5.94168 -95.0441 3.02197 0.000166661 -5.6146 -95.328 3.0344
-6.57028 -94.8349 3.03839 8.47099e-14 -5.6146 -95.328 3.0344
-6.44753 -95.7772 3.03317 1.42052e-11 -5.6146 -95.328 3.0344
-5.87303 -95.2871 3.05137 1.17989e-06 -5.6146 -95.328 3.0344
-6.5694 -94.9536 3.04358 3.10403e-15 -5.6146 -95.328 3.0344
-5.66471 -95.1932 3.04802 0.00328018 -5.6146 -95.328 3.0344
-5.68394 -95.5546 3.04313 0.000767098 -5.6146 -95.328 3.0344
-5.90152 -95.3149 3.04759 2.98145e-05 -5.6146 -95.328 3.0344
-5.71935 -94.6742 3.03846 0.000101356 -5.6146 -95.328 3.0344
-5.79268 -95.0841 3.03779 0.0886833 -5.6146 -95.328 3.0344
-6.1406 -95.2865 3.04608 1.46245e-07 -5.6146 -95.328 3.0344
-5.68545 -95.1759 3.04714 0.00528744 -5.6146 -95.328 3.0344
-5.22556 -95.453 3.05042 3.28442e-05 -5.6146 -95.328 3.0344
-5.68683 -95.4364 3.03985 0.03019 -5.6146 -95.328 3.0344
-5.75108 -95.257 3.04845 0.000473435 -5.6146 -95.328 3.0344
-5.69195 -95.8398 3.03336 8.17651e-06 -5.6146 -95.328 3.0344
-5.73988 -95.3667 3.03644 0.115775 -5.6146 -95.328 3.0344
-5.55257 -95.5028 3.03627 0.0202555 -5.6146 -95.328 3.0344
-5.88958 -94.9065 3.04695 4.67986e-05 -5.6146 -95.328 3.0344
-6.37711 -95.1093 3.04073 3.63166e-09 -5.6146 -95.328 3.0344
-5.56993 -94.9945 3.04024 0.0764174 -5.6146 -95.328 3.0344
-5.81745 -95.1754 3.01813 1.66752e-05 -5.6146 -95.328 3.0344
-5.97335 -95.677 3.02314 5.88032e-05 -5.6146 -95.328 3.0344
-6.30097 -94.7553 3.02781 1.8252e-08 -5.6146 -95.328 3.0344
-5.24715 -95.509 3.05203 3.84747e-06 -5.6146 -95.328 3.0344
-5.83227 -96.0699 3.02131 1.50431e-10 -5.6146 -95.328 3.0344
-6.18688 -95.1531 3.02302 0.000100374 -5.6146 -95.328 3.0344
-5.5241 -95.9043 3.02426 8.60073e-09 -5.6146 -95.328 3.0344
-5.93064 -94.9269 3.02702 0.000580711 -5.6146 -95.328 3.0344
-5.90057 -95.1782 3.04299 0.00301693 -5.6146 -95.328 3.0344
-5.41245 -95.3713 3.03596 0.0258627 -5.6146 -95.328 3.0344
-6.02557 -95.7768 3.05272 9.3511e-15 -5.6146 -95.328 3.0344
-6.23652 -95.4524 3.03097 4.76821e-05 -5.6146 -95.328 3.0344
-5.2984 -95.972 3.02929 9.43493e-11 -5.6146 -95.328 3.0344
-5.98635 -95.5065 3.04606 8.47404e-07 -5.6146 -95.328 3.0344
-5.58537 -94.7968 3.02471 1.17546e-06 -5.6146 -95.328 3.0344
-5.87776 -95.044 3.04193 0.00562968 -5.6146 -95.328 3.0344
-5.89921 -96.0815 3.03851 9.67252e-12 -5.6146 -95.328 3.0344
-6.44846 -95.3583 3.04006 1.26448e-10 -5.6146 -95.328 3.0344
-6.41936 -95.016 3.03495 1.75125e-08 -5.6146 -95.328 3.0344
-6.07487 -95.662 3.02194 2.16729e-05 -5.6146 -95.328 3.0344
-5.67535 -95.0358 3.0332 0.0674786 -5.6146 -95.328 3.0344
-6.22683 -95.4949 3.04001 2.03159e-07 -5.6146 -95.328 3.0344
-5.7877 -95.7047 3.02769 0.000243958 -5.6146 -95.328 3.0344
-5.42495 -95.6957 3.03459 8.63242e-05 -5.6146 -95.328 3.0344
-6.12823 -95.4479 3.05466 1.01105e-13 -5.6146 -95.328 3.0344
-6.31545 -95.1567 3.02937 1.39595e-05 -5.6146 -95.328 3.0344
-6.40919 -95.4402 3.04168 5.12895e-11 -5.6146 -95.328 3.0344
-5.88771 -95.4408 3.02843 0.0180742 -5.6146 -95.328 3.0344
-5.56191 -95.3597 3.04025 0.0840476 -5.6146 -95.328 3.0344
-5.94054 -95.0258 3.02275 0.000227949 -5.6146 -95.328 3.0344
-5.44021 -95.5401 3.04946 3.14638e-05 -5.6146 -95.328 3.0344
-6.11703 -94.6265 3.05607 4.69827e-15 -5.6146 -95.328 3.0344
-5.34663 -95.6449 3.02055 2.16205e-08 -5.6146 -95.328 3.0344
-5.71737 -95.3924 3.04727 0.000491317 -5.6146 -95.328 3.0344
-5.88786 -95.1812 3.032 0.0710598 -5.6146 -95.328 3.0344
-6.06594 -95.2076 3.04093 0.000231026 -5.6146 -95.328 3.0344
-5.74091 -95.123 3.03929 0.125081 -5.6146 -95.328 3.0344
-5.79104 -95.8508 3.04025 2.67622e-07 -5.6146 -95.328 3.0344
-5.22381 -95.6185 3.02629 8.68843e-08 -5.6146 -95.328 3.0344
-6.20208 -94.9035 3.0361 5.03736e-06 -5.6146 -95.328 3.0344
-6.24975 -95.4115 3.03872 8.98057e-07 -5.6146 -95.328 3.0344
-6.37813 -95.1502 3.04067 4.07132e-09 -5.6146 -95.328 3.0344
-6.11948 -94.7441 3.04502 1.87192e-08 -5.6146 -95.328 3.0344
-6.49172 -94.6012 3.01039 2.52555e-18 -5.6146 -95.328 3.0344
-6.04743 -95.6916 3.04189 1.05281e-07 -5.6146 -95.328 3.0344
-5.94292 -94.9285 3.04229 0.000406372 -5.6146 -95.328 3.0344
-5.09557 -95.4976 3.03175 4.39764e-07 -5.6146 -95.328 3.0344
-5.69207 -95.2126 3.04505 0.0175798 -5.6146 -95.328 3.0344
-5.96879 -95.5277 3.0476 1.55566e-07 -5.6146 -95.328 3.0344
-6.43898 -95.317 3.03295 6.41238e-08 -5.6146 -95.328 3.0344
-5.68477 -95.1665 3.04636 0.00937153 -5.6146 -95.328 3.0344
-6.08404 -95.6175 3.03083 0.000126596 -5.6146 -95.328 3.0344
-5.96213 -95.3706 3.02264 0.00177244 -5.6146 -95.328 3.0344
-5.80792 -94.9504 3.04305 0.00424439 -5.6146 -95.328 3.0344
-6.26804 -95.2519 3.04946 1.34358e-11 -5.6146 -95.328 3.0344
-5.61368 -95.3724 3.03368 0.107998 -5.6146 -95.328 3.0344
-6.13402 -95.5218 3.03801 1.14204e-05 -5.6146 -95.328 3.0344
-5.3044 -95.3092 3.02811 6.52258e-05 -5.6146 -95.328 3.0344
-6.2263 -95.2821 3.03316 0.000106664 -5.6146 -95.328 3.0344
-6.03515 -95.6239 3.04072 2.45866e-06 -5.6146 -95.328 3.0344
-6.18299 -94.6967 3.03128 1.12485e-07 -5.6146 -95.328 3.0344
-5.80796 -95.3195 3.04845 9.34047e-05 -5.6146 -95.328 3.0344
-5.81563 -95.614 3.03483 0.00222208 -5.6146 -95.328 3.0344
-6.07803 -95.8633 3.02079 9.71018e-08 -5.6146 -95.328 3.0344
-5.30325 -95.5532 3.04901 1.90109e-05 -5.6146 -95.328 3.0344
-5.83845 -94.9758 3.04075 0.0093471 -5.6146 -95.328 3.0344
-5.8243 -95.383 3.03232 0.0758135 -5.6146 -95.328 3.0344
-6.03922 -95.3185 3.03787 0.00167405 -5.6146 -95.328 3.0344
-6.05729 -95.1313 3.05233 2.71529e-09 -5.6146 -95.328 3.0344
-5.6976 -95.4015 3.02479 0.00366633 -5.6146 -95.328 3.0344
-5.83756 -94.7656 3.03458 0.000365936 -5.6146 -95.328 3.0344
-5.72328 -95.6023 3.04936 7.21954e-07 -5.6146 -95.328 3.0344
-5.62602 -94.9795 3.05799 1.83157e-07 -5.6146 -95.328 3.0344
-5.96206 -94.8834 3.02506 6.15493e-05 -5.6146 -95.328 3.0344
-5.79241 -95.2288 3.04451 0.00648063 -5.6146 -95.328 3.0344
