146.252 21.0621 0.0954576 7.2772e-16
145.668 22.1256 0.0720693 4.65747e-15
146.192 21.3506 0.0860748 3.23432e-06
145.478 21.3284 0.069516 3.37243e-12
146.48 21.9395 0.0592005 4.57696e-07
146.01 21.1393 0.0825665 1.09215e-05
146.316 21.0253 0.0625038 3.98493e-05
145.989 21.7914 0.0592205 9.89014e-08
146.782 21.6486 0.063807 1.02713e-05
145.746 21.3178 0.0797086 4.88849e-06
146.965 21.8093 0.089782 1.10059e-25
146.656 21.4855 0.0658514 0.00196542
145.733 21.8443 0.0819968 1.34847e-09
145.904 22.0251 0.0970376 8.28558e-21
146.517 21.5037 0.0661955 0.0338963
146.229 21.4509 0.0894163 1.2492e-08
146.424 21.7781 0.0836206 1.3508e-08
146.099 21.4655 0.0787555 0.00748141
146.234 21.2422 0.080607 0.000452399
145.887 21.579 0.0817661 2.98976e-05
146.618 21.4969 0.076633 2.39994e-05
145.868 21.6492 0.0830108 2.66585e-06
145.922 21.2674 0.0753404 0.00113612
145.724 21.6119 0.0708413 1.13899e-06
146.403 21.7306 0.0787165 2.74731e-05
145.798 21.6262 0.0733538 2.57251e-05
146.746 21.1562 0.063191 5.54151e-06
146.649 21.3737 0.068533 0.00140867
146.379 22.014 0.0666497 5.59086e-07
146.362 21.6608 0.0711369 0.0224995
146.274 21.6701 0.0507325 1.37174e-08
145.947 21.125 0.0768314 0.000100057
146.213 21.5101 0.08745 2.7214e-07
146.205 21.4632 0.0819435 0.000466936
145.714 21.6297 0.0575415 1.71314e-12
145.661 21.7401 0.0775986 1.35338e-08
145.519 21.5729 0.0961519 5.95089e-17
146.555 21.5018 0.0828192 1.11301e-07
145.685 21.0894 0.0638147 2.85073e-11
146.486 22.2462 0.0859025 2.12697e-20
146.399 20.996 0.073823 2.38264e-05
146.089 21.9313 0.0669938 3.44132e-06
146.403 21.3963 0.0594325 0.00580791
146.679 21.8412 0.0645802 2.68788e-06
146.191 21.1601 0.0670401 0.00619902
146.405 21.2068 0.0635003 0.00693184
145.856 21.8069 0.0833531 3.39491e-08
146.306 21.7682 0.0684712 0.00412827
146.596 21.5344 0.0776216 1.41388e-05
146.552 20.8553 0.0800829 2.25169e-11
146.505 21.5038 0.0716242 0.015044
145.922 21.5857 0.0785686 0.000385028
146.189 21.6474 0.0720019 0.0327343
146.282 21.4289 0.0718302 0.209742
146.484 21.2266 0.0941147 2.96631e-16
145.888 22.1032 0.0846298 6.81975e-14
146.038 21.5587 0.0721831 0.0220611
145.911 21.6122 0.0593956 2.53441e-07
146.147 21.3987 0.0748599 0.0716309
146.602 21.4517 0.0731074 0.000762681
146.515 21.0231 0.086138 8.91389e-12
146.419 21.3387 0.068977 0.089082
146.332 21.513 0.064142 0.0841803
146.412 21.2436 0.0680844 0.0328244
146.446 21.8254 0.088394 6.3445e-13
146.68 21.9251 0.068817 6.44394e-08
146.362 21.2455 0.0754074 0.00690147
146.059 21.622 0.0575558 3.14716e-06
146.65 21.0313 0.0627675 2.10651e-06
145.938 21.4322 0.0835692 4.04077e-05
146.269 21.6506 0.0719989 0.0342506
146.362 21.0713 0.070905 0.000924377
146.284 21.3491 0.0678587 0.183476
145.7 21.4672 0.0668113 1.23932e-07
146.013 21.4661 0.0983682 1.78176e-15
146.587 20.9526 0.0712183 3.64196e-07
145.784 21.7497 0.0600421 2.27272e-10
145.841 20.7433 0.0866791 1.16056e-14
146.03 21.7686 0.0873799 7.08488e-09
146.497 21.7989 0.0925237 4.40395e-17
146.394 21.4457 0.0774199 0.00382839
145.85 21.3693 0.0758509 0.000424593
146.554 21.0057 0.0922373 9.27217e-18
145.864 21.2419 0.0675548 3.39654e-05
146.656 21.1353 0.0785102 3.92334e-08
145.76 21.807 0.0838656 2.36127e-09
146.604 21.932 0.0856906 6.53634e-15
146.405 21.1524 0.089661 1.52419e-11
145.829 20.5783 0.0772129 1.43344e-16
145.674 21.6129 0.0721749 2.0283e-07
145.953 21.2011 0.0742255 0.000918712
146.022 21.3227 0.0811091 0.000586494
146.455 21.9477 0.0805936 1.01314e-09
146.225 21.6145 0.0686635 0.0731891
145.876 21.9291 0.0522884 5.86605e-16
146.066 20.9421 0.0873053 2.53328e-10
146.371 21.636 0.07361 0.0122686
146.481 21.6411 0.0686296 0.0130419
146.028 21.7226 0.0556646 1.96503e-08
146.017 21.36 0.0701705 0.0189565
