192.255 -8.8226 3.15283 3.80786e-08
192.709 -9.0092 3.16497 1.48683e-06
191.862 -9.20731 3.13778 4.71467e-06
191.946 -9.15914 3.15341 0.00132771
191.892 -9.19021 3.14479 0.000615675
192.291 -8.95176 3.14016 8.72972e-12
192.063 -9.36112 3.14249 0.00416352
191.783 -9.06616 3.15349 2.00974e-06
192.763 -9.6559 3.16356 1.82244e-06
192.073 -9.29949 3.14099 0.000325718
192.124 -9.885 3.13893 5.02457e-06
192.207 -9.1922 3.13132 8.22863e-14
191.982 -8.71297 3.15116 2.56475e-11
191.989 -8.74013 3.13731 2.85456e-16
192.578 -8.82042 3.12689 1.76191e-36
192.879 -9.29408 3.15621 1.24672e-08
191.886 -9.75614 3.1351 2.98842e-05
191.881 -8.88061 3.15181 3.47068e-08
191.87 -9.44481 3.14704 0.0414542
192.084 -8.91328 3.15081 1.422e-06
192.177 -8.9272 3.14548 4.19764e-08
191.533 -8.92323 3.15445 2.15112e-13
192.53 -9.15984 3.15498 0.000258391
192.503 -9.17493 3.13148 2.78088e-20
191.971 -9.79684 3.14399 0.00327314
191.779 -9.04069 3.1538 6.88208e-07
192.338 -9.31591 3.15537 0.0850395
192.159 -9.18463 3.15522 0.0188463
191.876 -9.24248 3.16328 2.40425e-07
191.799 -9.14408 3.16079 5.72708e-08
191.876 -9.6458 3.16271 5.61296e-08
192.7 -9.12646 3.14404 1.89225e-13
192.373 -8.9186 3.14028 1.36648e-13
191.525 -9.29269 3.14403 1.73176e-06
191.703 -8.84359 3.12707 2.78857e-20
192.111 -9.25286 3.13631 1.28466e-07
191.933 -8.72739 3.1533 3.88925e-11
191.358 -9.18637 3.14443 1.16684e-10
192.281 -9.01452 3.1572 0.000268266
192.183 -9.04285 3.1218 2.589e-27
192.635 -8.99765 3.14047 3.9471e-17
192.066 -9.277 3.13823 8.90729e-06
192.342 -9.27036 3.15416 0.0392834
192.192 -9.13009 3.15575 0.00630213
192.351 -8.80596 3.14562 3.67062e-12
192.608 -8.98806 3.14384 1.00301e-13
191.43 -8.77078 3.14716 4.54752e-17
191.93 -9.42121 3.15016 0.0723287
192.006 -9.50369 3.1281 9.54327e-11
192.278 -9.11232 3.15788 0.00388761
192.161 -9.08072 3.14954 0.000411037
192.115 -9.12926 3.13739 1.41898e-08
192.28 -9.16999 3.14825 0.000644687
192.023 -9.02267 3.16458 1.58043e-07
192.227 -9.3077 3.12857 2.02195e-15
191.56 -8.69419 3.14084 2.00046e-17
192.013 -9.08892 3.1395 2.9033e-07
192.226 -9.24328 3.1464 0.00189397
192.381 -9.07422 3.13337 5.42358e-17
191.78 -9.1738 3.15965 1.69774e-07
191.988 -9.41829 3.14496 0.0509163
192.142 -9.3572 3.16524 0.000129001
191.638 -9.21327 3.13615 2.85688e-07
192.039 -8.91311 3.1309 2.46519e-17
191.39 -8.90728 3.14865 3.60143e-15
191.981 -9.22783 3.14584 0.00410764
192.925 -9.39309 3.17721 4.63398e-10
191.46 -8.78982 3.13544 1.32824e-17
191.992 -8.86375 3.16578 9.6168e-11
192.62 -9.27037 3.14692 4.26427e-08
192.261 -8.51413 3.16065 3.78992e-15
192.035 -9.13612 3.13728 6.57224e-08
191.268 -9.69786 3.1436 5.86198e-11
192.181 -9.4737 3.15184 0.317461
192.063 -9.54931 3.14985 0.224409
192.046 -8.85037 3.15024 5.27237e-08
192.191 -9.32853 3.1132 2.69203e-35
192.413 -9.50984 3.15941 0.032843
191.58 -9.42023 3.12535 5.7343e-11
192.234 -9.33288 3.16622 0.000251476
192.272 -8.84278 3.16066 3.32155e-07
192.76 -9.12612 3.17723 4.75469e-09
192.685 -8.97263 3.14787 1.26096e-12
192.353 -9.27949 3.14252 3.12386e-06
192.143 -8.98237 3.13865 1.41747e-10
191.591 -9.41109 3.15215 1.33295e-06
192.423 -9.37257 3.15765 0.0543333
192.095 -9.54187 3.12943 1.34011e-10
192.03 -9.46579 3.16864 1.69425e-08
192.392 -9.19789 3.15225 0.00250646
191.883 -9.76355 3.12821 3.20643e-09
192.002 -8.65325 3.15622 1.63028e-12
192.36 -9.32652 3.15229 0.0326545
192.324 -9.04039 3.12555 1.24313e-25
192.197 -8.72667 3.15318 3.56436e-10
192.469 -8.75562 3.15595 5.03371e-10
191.521 -8.9751 3.1586 7.69355e-15
191.685 -9.01003 3.15413 7.22807e-09
192.189 -8.4511 3.14302 4.63011e-23
192.467 -9.23526 3.12498 9.39797e-27
