42.7683 11.9087 0.156617 1.95702e-07
42.7431 11.9407 0.150618 0.00435761
42.298 12.1533 0.161459 5.90641e-08
42.1765 12.0644 0.150125 4.0779e-06
43.216 11.9878 0.146987 4.36322e-08
42.9786 11.7291 0.166184 2.88251e-26
42.592 12.1467 0.154502 0.000762839
42.338 11.5325 0.144983 1.30885e-09
43.0556 12.4886 0.144329 2.51348e-08
43.0544 12.7222 0.135523 1.35429e-15
43.0495 12.5655 0.151541 1.61209e-12
42.7246 12.0174 0.139613 0.107544
43.166 11.9549 0.176799 5.19452e-51
42.8134 11.7934 0.140267 0.0239778
42.5565 12.3202 0.131049 1.83003e-11
42.8239 11.9116 0.153607 8.89706e-06
42.4427 12.2582 0.167018 3.31568e-13
43.2319 11.9471 0.153858 1.82219e-14
43.1935 12.4484 0.151696 7.54887e-14
43.4544 12.1374 0.146624 7.75948e-15
42.8521 12.2935 0.142676 0.0038951
42.8128 11.9393 0.162103 1.96312e-13
42.7592 11.8737 0.159093 6.31602e-10
42.5624 12.2567 0.159926 1.67235e-07
42.5725 12.9004 0.152917 2.16434e-17
42.5813 12.1928 0.160711 5.03414e-08
42.5178 11.696 0.135359 3.75342e-07
43.0723 11.8962 0.127509 1.89357e-06
42.6484 12.0489 0.151623 0.0108486
42.7388 11.6631 0.130397 1.44446e-07
42.3367 12.1967 0.148422 0.000399328
42.8399 12.273 0.13408 2.26835e-05
42.92 12.7157 0.145351 1.96125e-12
42.6786 12.1621 0.15382 0.000609101
42.2301 12.0331 0.148589 2.49454e-05
43.1054 12.3324 0.148181 5.66134e-08
43.2359 12.2643 0.151669 8.8061e-13
42.7964 11.9674 0.142705 0.250442
42.6878 11.865 0.140752 0.0541225
43.2823 11.9793 0.142926 1.64221e-07
42.7616 12.3384 0.165065 1.22234e-15
42.2111 11.8787 0.131878 3.42154e-16
42.7521 11.7339 0.163604 5.0972e-17
42.6179 11.6936 0.160466 2.24742e-12
42.5446 12.5743 0.135177 1.86073e-13
42.3205 12.7907 0.145762 1.27234e-16
42.4904 12.513 0.14087 6.61706e-09
42.8109 11.9685 0.132782 0.000607479
42.2878 12.1633 0.134535 3.95852e-12
42.6162 12.1053 0.159471 3.13771e-07
42.4681 11.9705 0.15309 0.00156397
42.8502 11.4962 0.145323 4.58961e-08
42.9201 12.0765 0.141674 0.0706468
42.5447 12.1884 0.150125 0.0165221
42.5918 12.0265 0.152982 0.00362671
42.643 12.181 0.162122 6.84164e-10
42.3108 11.7532 0.136556 5.39779e-10
42.6464 12.1067 0.14508 0.184984
42.6969 11.8066 0.151178 0.000296903
42.858 11.6887 0.15003 1.48001e-06
42.6791 11.8569 0.136941 0.00409608
42.5969 12.3901 0.139951 9.01901e-06
42.8022 11.7169 0.131702 1.17924e-05
42.5764 11.9805 0.151809 0.00775717
42.5836 11.8417 0.139392 0.00333682
43.0361 12.0834 0.151133 8.49443e-07
42.3844 12.206 0.154589 0.000229322
42.4231 12.8813 0.156599 1.29961e-17
42.9023 12.165 0.140814 0.0311846
42.8416 11.8171 0.138239 0.0220142
43.0663 12.2631 0.155444 1.43183e-11
42.7959 12.1239 0.125921 2.40165e-10
42.4528 12.4006 0.141791 9.32633e-07
42.6311 12.2889 0.142918 0.00410085
42.7165 11.7942 0.137886 0.00576076
42.8088 12.1961 0.138052 0.00776981
42.7439 12.5619 0.148572 1.57414e-07
42.1075 11.6975 0.154941 5.56524e-11
42.6963 12.2166 0.146039 0.0492396
42.5136 12.3596 0.146706 0.000388235
42.6506 12.2167 0.130453 5.83334e-09
42.7167 11.5987 0.127899 1.81967e-10
42.9093 12.5318 0.144896 1.37938e-07
42.8661 12.0833 0.155438 5.3405e-07
42.9386 11.923 0.161718 7.67902e-16
42.9769 12.1303 0.145604 0.00305179
43.1437 12.3153 0.137958 3.03738e-06
42.9476 12.0576 0.151511 1.74955e-05
43.049 11.906 0.159581 3.84177e-16
42.4282 12.631 0.155727 2.45125e-10
42.5887 11.8852 0.145256 0.0497778
42.4997 11.8177 0.137221 2.5427e-05
42.5413 12.0942 0.146363 0.0743004
42.9546 11.9652 0.151732 5.17492e-06
42.5192 12.3844 0.155762 5.78072e-06
42.6035 12.0347 0.156835 2.47689e-05
42.7068 11.7104 0.148976 0.000129493
42.4833 11.6378 0.139407 1.18512e-06
42.8018 11.7287 0.13664 0.00148342
42.6075 12.637 0.136728 3.51972e-13
