-12.3997 -92.8061 2.90994 2.15119e-06
-12.592 -93.3418 2.9289 0.0139281
-11.2282 -93.6377 2.93127 1.56672e-21
-12.4712 -92.9172 2.92441 0.0595673
-12.1007 -93.4441 2.92744 0.000259817
-11.8902 -93.3332 2.93358 2.14009e-05
-12.2612 -93.2107 2.93784 0.00350163
-12.1485 -93.623 2.92258 2.22718e-06
-12.1148 -93.2756 2.9299 0.00462128
-12.0117 -93.6594 2.93962 4.07104e-08
-12.1644 -93.3972 2.91681 1.40637e-05
-12.3926 -93.0113 2.93748 0.00402095
-12.3009 -92.8649 2.93967 0.000346975
-12.521 -93.3325 2.92822 0.0305129
-11.9126 -93.1377 2.91123 7.68049e-11
-11.9163 -92.7167 2.92004 1.26884e-08
-12.2598 -93.5409 2.92365 0.000184649
-12.4361 -92.8501 2.92727 0.0262498
-11.7719 -93.3035 2.9113 4.66194e-14
-12.5675 -93.1413 2.94744 1.65779e-08
-11.9859 -93.6567 2.93913 3.76591e-08
-12.4227 -92.9446 2.92983 0.0572366
-11.8934 -93.4909 2.91684 4.80607e-10
-12.2606 -93.8168 2.9241 3.46272e-08
-12.9184 -93.2595 2.91432 0.000459236
-12.164 -92.6789 2.93803 2.13857e-05
-12.7914 -92.8993 2.93091 0.00037338
-13.0601 -93.0729 2.91988 6.26768e-05
-11.9916 -92.7297 2.92526 4.46275e-06
-12.6576 -92.9101 2.93413 0.000825681
-12.1264 -92.8571 2.9232 0.000442181
-12.504 -93.4605 2.9258 0.00557602
-12.3276 -92.7415 2.9199 0.00038833
-12.4605 -93.2277 2.91788 0.0178435
-12.4797 -92.623 2.91917 6.18395e-05
-12.6961 -93.0576 2.92403 0.049995
-12.5456 -92.6421 2.91643 3.80321e-05
-12.4496 -92.9744 2.91233 0.000341416
-12.8495 -93.2372 2.92031 0.00461951
-13.0711 -92.8087 2.9166 3.877e-06
-12.3468 -92.7767 2.91366 1.66184e-05
-12.4405 -92.9667 2.92338 0.0769962
-12.7948 -93.2014 2.91748 0.00854326
-12.9378 -93.5057 2.92685 3.30617e-06
-12.195 -93.0063 2.92503 0.0132893
-12.0942 -92.9938 2.9097 7.14538e-09
-12.3167 -92.7629 2.91045 3.44326e-07
-12.7334 -93.5294 2.93632 5.86741e-07
-12.6628 -93.0121 2.89113 1.84189e-15
-12.6035 -92.9983 2.92171 0.0711577
-11.9452 -93.1738 2.93837 0.000121342
-12.5277 -93.0375 2.92574 0.140438
-12.6867 -93.2699 2.9228 0.0310093
-12.0094 -93.0712 2.92435 0.000256318
-12.2145 -93.1424 2.9271 0.0346245
-12.5687 -92.8251 2.92753 0.0116482
-12.4603 -93.4342 2.93434 0.000973562
-12.8551 -93.6683 2.94253 3.67838e-13
-12.6195 -93.0554 2.89354 9.94814e-14
-12.1678 -93.8409 2.91368 4.30319e-12
-12.961 -93.3729 2.93256 5.08532e-07
-12.1122 -92.7731 2.93182 0.000448445
-11.9012 -93.0209 2.94042 2.34842e-05
-12.4959 -93.234 2.93522 0.00598173
-12.8266 -93.4375 2.91457 0.000169968
-12.1553 -93.4713 2.94104 9.54103e-06
-12.1454 -93.4297 2.91447 6.8456e-07
-12.4835 -93.1586 2.92984 0.0949278
-13.0062 -93.669 2.92187 3.78136e-08
-11.9343 -92.9956 2.92695 6.73409e-05
-12.4754 -92.6187 2.91975 6.77329e-05
-13.1366 -93.2654 2.91774 4.47771e-06
-12.5913 -92.7765 2.9271 0.00462294
-12.2576 -92.8829 2.92213 0.00420221
-12.9726 -93.6062 2.91905 7.49544e-07
-12.2021 -93.8506 2.93029 6.94149e-09
-12.7138 -92.9605 2.90947 0.000137735
-12.1509 -93.2189 2.92042 0.000809553
-12.882 -93.4766 2.92564 3.97053e-05
-12.7181 -93.1347 2.92189 0.0438946
-12.3698 -92.5933 2.94038 6.10915e-07
-12.2226 -92.9198 2.9164 0.000121123
-12.0597 -92.9298 2.92322 0.000230929
-12.4976 -93.0519 2.89783 1.6613e-11
-12.4187 -93.3854 2.92783 0.0185118
-11.8482 -92.9892 2.9149 2.91358e-10
-12.0326 -92.6415 2.92105 1.74258e-07
-12.6534 -93.1539 2.92126 0.0703251
-12.8274 -93.111 2.92623 0.0044928
-13.2596 -93.2908 2.91055 3.56014e-08
-12.7516 -93.3812 2.92457 0.00322981
-12.2701 -93.0018 2.92694 0.0490224
-12.3241 -93.1247 2.91781 0.00564824
-12.4073 -93.2369 2.91938 0.0219879
-13.1023 -93.8528 2.92699 2.8894e-13
-12.3966 -92.7178 2.93964 1.91037e-05
-12.7612 -92.9734 2.93335 0.000318964
-12.0527 -93.8143 2.94236 5.21372e-11
-11.9403 -92.8183 2.93532 2.90851e-05
-12.0387 -93.4121 2.93815 4.74129e-05
