257.952 29.3627 6.15996 6.67811e-08
258.722 28.5356 6.15924 1.64815e-07
258.08 29.3553 6.153 1.33982e-05
258.391 28.7133 6.1515 0.00446111
258.351 29.439 6.1626 8.45357e-07
257.384 28.9105 6.15495 4.07162e-22
258.872 28.8738 6.15015 0.000189018
258.247 29.1879 6.17466 3.23611e-08
258.058 28.9783 6.17427 2.49205e-06
258.107 29.063 6.15305 0.00345943
258.264 29.3879 6.13248 3.8993e-08
257.851 28.9874 6.14503 1.06918e-10
258.215 29.3065 6.16564 8.1201e-06
258.704 29.6086 6.13412 9.28616e-07
258.661 29.4697 6.13403 6.61518e-05
259.045 28.6517 6.1709 6.8539e-18
258.181 29.0238 6.15945 0.0299551
257.859 29.6955 6.155 3.08556e-16
258.044 29.358 6.15746 2.95721e-06
258.169 29.5884 6.1552 9.33461e-09
258.21 28.4705 6.15837 5.7678e-07
258.203 29.7141 6.15922 1.27033e-12
257.897 28.6581 6.18021 1.28112e-09
258.135 29.717 6.15547 2.32881e-12
257.993 29.6239 6.1446 1.7859e-12
258.066 28.8321 6.15996 0.00118928
258.45 29.1137 6.15762 0.124197
257.933 28.6833 6.16142 1.49053e-06
257.962 29.3927 6.14891 1.52645e-08
258.459 29.6519 6.13006 1.34121e-09
257.841 29.176 6.16946 8.88894e-09
257.973 29.2368 6.1455 9.95178e-08
258.569 29.3335 6.16471 4.65289e-07
258.193 28.8516 6.15661 0.0200631
258.298 29.2976 6.15653 0.00408118
257.826 29.004 6.16678 2.80372e-07
258.547 29.255 6.1614 0.000245852
258.044 29.2225 6.13309 1.01047e-11
258.747 29.1417 6.1675 1.13691e-08
258.261 28.5705 6.13655 1.45014e-12
258.388 29.6102 6.15823 5.97578e-09
257.879 29.1865 6.14138 1.79222e-11
257.861 29.5889 6.13671 6.35426e-18
257.955 29.6792 6.15744 3.55839e-14
258.03 29.7693 6.14879 9.7448e-15
258.336 29.3899 6.15814 0.000142745
257.648 28.9485 6.18109 1.47867e-13
258.604 29.2075 6.17274 2.25907e-10
258.29 29.2999 6.14881 0.00782963
258.705 28.805 6.14827 0.00441312
257.557 29.6984 6.15849 1.68761e-24
258.323 29.6246 6.14779 1.62325e-07
258.54 29.5979 6.16763 4.21846e-14
258.074 29.3521 6.15646 1.05841e-05
258.346 29.1943 6.15805 0.0332682
257.958 29.7835 6.15377 1.2759e-16
258.475 29.7538 6.14477 1.40488e-09
258.428 28.6065 6.14377 1.48201e-06
258.668 28.4564 6.15211 3.15012e-08
257.418 29.611 6.15589 2.36787e-27
258.768 28.9474 6.14517 0.0131348
258.744 29.7052 6.16968 8.99224e-22
257.948 29.1315 6.1714 2.1132e-07
258.376 29.624 6.14373 4.02813e-07
258.171 29.4716 6.1471 2.50238e-06
258.581 29.3725 6.16098 4.57267e-06
258.198 28.7975 6.15475 0.00651329
257.634 29.3121 6.16078 3.75377e-14
258.5 28.8762 6.14876 0.126083
258.231 29.0739 6.17056 5.4076e-05
258.783 28.6814 6.15726 6.18665e-06
258.075 28.7869 6.1579 0.000587495
258.397 29.8597 6.17372 4.80836e-26
257.982 28.944 6.16013 0.000206157
257.959 28.9406 6.14427 1.27211e-08
258.496 28.8762 6.16482 0.0028687
257.779 29.2495 6.16881 1.24437e-10
258.018 28.71 6.16422 5.17168e-05
258.797 29.337 6.16498 1.44528e-10
258.056 28.9721 6.158 0.00193994
258.125 29.0115 6.15704 0.0114713
258.831 29.2117 6.15297 0.000216367
258.442 29.319 6.15858 0.00110811
258.259 29.302 6.14464 0.00121271
258.197 29.2083 6.14455 0.000701073
258.316 29.0225 6.15912 0.144292
258.62 29.1876 6.17865 7.99514e-15
258.089 29.3891 6.15348 6.33312e-06
258.488 28.7164 6.15457 0.00896774
258.349 29.0068 6.15429 0.409285
258.795 29.0045 6.15645 0.000477451
258.137 29.476 6.15546 7.73778e-07
258.186 28.9325 6.14863 0.00337609
257.687 29.0577 6.14105 1.14694e-17
258.128 29.3048 6.16886 2.34555e-07
258.087 28.7677 6.15172 4.71362e-05
257.699 29.3858 6.16746 3.20124e-14
257.987 28.518 6.18404 1.39216e-11
258.356 29.2518 6.15469 0.0337631
258.684 28.8058 6.16475 1.59939e-05
