-38.8983 -66.7436 1.86041 0.000515249 -38.823 -66.909 1.8465
-38.5487 -66.4632 1.83714 9.1929e-07 -38.823 -66.909 1.8465
-39.026 -67.1018 1.83218 4.18794e-07 -38.823 -66.909 1.8465
-38.9444 -66.3976 1.8185 4.798e-13 -38.823 -66.909 1.8465
-38.7394 -66.8278 1.83574 8.50121e-05 -38.823 -66.909 1.8465
-38.8681 -66.6433 1.84533 0.0259067 -38.823 -66.909 1.8465
-38.8464 -66.6817 1.84944 0.0386728 -38.823 -66.909 1.8465
-38.7441 -66.4188 1.84427 0.00022246 -38.823 -66.909 1.8465
-38.4968 -66.7702 1.83163 3.91182e-09 -38.823 -66.909 1.8465
-38.8221 -66.9506 1.8504 0.128448 -38.823 -66.909 1.8465
-39.0016 -66.8539 1.85318 0.0406262 -38.823 -66.909 1.8465
-38.8811 -66.9082 1.85229 0.117587 -38.823 -66.909 1.8465
-39.5094 -67.1128 1.87069 3.00445e-15 -38.823 -66.909 1.8465
-38.9952 -66.3203 1.8325 1.968e-06 -38.823 -66.909 1.8465
-39.3117 -66.4677 1.85619 2.67335e-08 -38.823 -66.909 1.8465
-39.175 -67.6553 1.87481 1.32976e-14 -38.823 -66.909 1.8465
-39.3895 -67.0651 1.8512 2.81081e-05 -38.823 -66.909 1.8465
-38.6969 -67.2118 1.85742 0.00759112 -38.823 -66.909 1.8465
-39.4864 -66.2437 1.84796 9.81621e-11 -38.823 -66.909 1.8465
-39.0729 -66.7498 1.84079 0.0131395 -38.823 -66.909 1.8465
-38.8711 -67.1274 1.8483 0.0250716 -38.823 -66.909 1.8465
-38.6643 -66.9266 1.83437 2.15091e-06 -38.823 -66.909 1.8465
-39.0138 -67.1754 1.85776 0.00310326 -38.823 -66.909 1.8465
-39.2366 -66.5881 1.8346 9.41556e-05 -38.823 -66.909 1.8465
-38.3587 -66.4757 1.83644 1.81776e-09 -38.823 -66.909 1.8465
-38.8795 -66.9814 1.84262 0.0152459 -38.823 -66.909 1.8465
-38.9402 -66.649 1.86157 2.04538e-05 -38.823 -66.909 1.8465
-38.297 -67.276 1.8478 7.8649e-08 -38.823 -66.909 1.8465
-39.227 -66.7273 1.84528 0.00421344 -38.823 -66.909 1.8465
-39.2183 -66.3639 1.84078 2.21879e-05 -38.823 -66.909 1.8465
-39.122 -66.9086 1.85302 0.0113877 -38.823 -66.909 1.8465
-39.2225 -67.0626 1.85464 0.000675092 -38.823 -66.909 1.8465
-38.8049 -66.9603 1.86262 0.00170165 -38.823 -66.909 1.8465
-39.0462 -67.0914 1.84311 0.00422075 -38.823 -66.909 1.8465
-38.7718 -66.9319 1.83378 7.05058e-06 -38.823 -66.909 1.8465
-39.0895 -66.8306 1.85421 0.00823339 -38.823 -66.909 1.8465
-39.3507 -66.9461 1.84456 0.000347303 -38.823 -66.909 1.8465
-38.929 -67.358 1.85275 0.000693648 -38.823 -66.909 1.8465
-39.5449 -66.5605 1.85156 5.74419e-09 -38.823 -66.909 1.8465
-38.8434 -66.6195 1.85875 0.000244711 -38.823 -66.909 1.8465
-38.6394 -66.658 1.83411 3.55657e-06 -38.823 -66.909 1.8465
-39.1033 -67.3033 1.8614 2.48736e-05 -38.823 -66.909 1.8465
-38.7342 -67.288 1.8402 2.21888e-06 -38.823 -66.909 1.8465
-39.4135 -67.1196 1.85214 6.13549e-06 -38.823 -66.909 1.8465
-39.3629 -66.8576 1.84659 0.000329774 -38.823 -66.909 1.8465
-38.8071 -66.8932 1.8393 0.0024825 -38.823 -66.909 1.8465
-39.2137 -67.2489 1.85296 0.000158154 -38.823 -66.909 1.8465
-39.0915 -67.0139 1.83844 0.000695469 -38.823 -66.909 1.8465
-38.9846 -67.0962 1.85008 0.0353208 -38.823 -66.909 1.8465
-38.5125 -67.5994 1.86372 1.76862e-07 -38.823 -66.909 1.8465
-38.8452 -67.0795 1.84838 0.0442299 -38.823 -66.909 1.8465
-38.8641 -66.9155 1.85472 0.0711883 -38.823 -66.909 1.8465
-39.0098 -67.395 1.85999 4.93606e-05 -38.823 -66.909 1.8465
-38.6279 -66.6531 1.85757 0.000596945 -38.823 -66.909 1.8465
-38.7274 -67.0708 1.83483 1.17212e-06 -38.823 -66.909 1.8465
-38.8101 -67.1071 1.85537 0.040401 -38.823 -66.909 1.8465
-39.649 -66.9471 1.84638 2.0113e-08 -38.823 -66.909 1.8465
-38.6175 -66.9502 1.86361 0.00065858 -38.823 -66.909 1.8465
-39.0423 -66.9124 1.8519 0.0454582 -38.823 -66.909 1.8465
-38.9832 -67.0304 1.86524 4.36036e-05 -38.823 -66.909 1.8465
-38.634 -66.6305 1.85533 0.00115566 -38.823 -66.909 1.8465
-38.7863 -67.405 1.83056 2.58397e-13 -38.823 -66.909 1.8465
-39.2761 -66.593 1.83145 8.12474e-06 -38.823 -66.909 1.8465
-38.5382 -67.5949 1.83889 1.23019e-13 -38.823 -66.909 1.8465
-38.3602 -66.6592 1.83653 1.12817e-08 -38.823 -66.909 1.8465
-39.5113 -66.818 1.84813 2.56482e-06 -38.823 -66.909 1.8465
-38.4214 -66.8973 1.8594 0.000353021 -38.823 -66.909 1.8465
-38.8097 -66.8029 1.85136 0.0872427 -38.823 -66.909 1.8465
-38.2101 -67.3622 1.84274 2.59217e-12 -38.823 -66.909 1.8465
-39.076 -66.7583 1.84411 0.0307898 -38.823 -66.909 1.8465
-38.2164 -66.6489 1.8395 5.88284e-10 -38.823 -66.909 1.8465
-38.6964 -66.6786 1.83974 0.000967234 -38.823 -66.909 1.8465
-38.4445 -66.7695 1.85878 0.000187412 -38.823 -66.909 1.8465
-38.8162 -67.0972 1.84553 0.0119009 -38.823 -66.909 1.8465
-38.8985 -67.4972 1.85628 2.50587e-05 -38.823 -66.909 1.8465
-38.279 -66.9714 1.83988 5.58343e-09 -38.823 -66.909 1.8465
-38.6761 -66.7933 1.82355 2.66252e-12 -38.823 -66.909 1.8465
-38.8916 -67.2103 1.86317 0.000489457 -38.823 -66.909 1.8465
-39.3507 -66.9557 1.86758 1.05448e-10 -38.823 -66.909 1.8465
-38.3578 -66.5652 1.83664 6.05039e-09 -38.823 -66.909 1.8465
-38.4063 -66.8637 1.83352 1.10362e-09 -38.823 -66.909 1.8465
-38.7672 -66.9831 1.84996 0.0893513 -38.823 -66.909 1.8465
-38.9408 -67.2256 1.82908 1.23581e-10 -38.823 -66.909 1.8465
-38.6651 -66.5721 1.83914 0.000170562 -38.823 -66.909 1.8465
-39.2433 -67.0825 1.84445 0.000789351 -38.823 -66.909 1.8465
-38.8051 -67.1587 1.84784 0.0113705 -38.823 -66.909 1.8465
-38.8405 -66.5646 1.84421 0.00723156 -38.823 -66.909 1.8465
-38.2405 -67.6472 1.84219 7.14209e-17 -38.823 -66.909 1.8465
-38.985 -66.5489 1.85846 1.9778e-05 -38.823 -66.909 1.8465
-38.7179 -66.0601 1.85735 8.74003e-13 -38.823 -66.909 1.8465
-39.1435 -66.7483 1.83322 0.000106653 -38.823 -66.909 1.8465
-38.9458 -66.966 1.83699 0.000511388 -38.823 -66.909 1.8465
-38.8395 -66.7038 1.82941 7.63655e-07 -38.823 -66.909 1.8465
-38.6915 -66.847 1.84835 0.0450907 -38.823 -66.909 1.8465
-39.7122 -67.2194 1.83519 1.31153e-12 -38.823 -66.909 1.8465
-38.9677 -67.1478 1.85292 0.0214718 -38.823 -66.909 1.8465
-38.4246 -66.6852 1.83962 1.65621e-06 -38.823 -66.909 1.8465
-39.3839 -66.7777 1.82567 4.62632e-09 -38.823 -66.909 1.8465
-39.1365 -66.7674 1.8344 0.000261739 -38.823 -66.909 1.8465
-38.6271 -66.5833 1.8538 0.000740471 -38.823 -66.909 1.8465
