268.171 -15.0602 3.7781 1.12381e-15 267.98 -15.817 3.7679
268.546 -15.9918 3.76403 3.51366e-07 267.98 -15.817 3.7679
268.15 -15.3745 3.78709 6.76658e-14 267.98 -15.817 3.7679
268.201 -15.5753 3.77292 0.00176397 267.98 -15.817 3.7679
267.933 -15.3047 3.76656 2.15697e-07 267.98 -15.817 3.7679
267.622 -15.6738 3.77432 2.80113e-10 267.98 -15.817 3.7679
267.909 -16.0163 3.76063 0.0377951 267.98 -15.817 3.7679
268.086 -15.5465 3.79444 1.20795e-19 267.98 -15.817 3.7679
268.367 -16.0419 3.74832 4.21595e-17 267.98 -15.817 3.7679
268.269 -16.0447 3.78132 0.00210835 267.98 -15.817 3.7679
267.617 -15.5497 3.75716 0.000721397 267.98 -15.817 3.7679
267.908 -16.6478 3.78115 1.12994e-16 267.98 -15.817 3.7679
267.853 -15.6131 3.77685 5.16368e-08 267.98 -15.817 3.7679
268.209 -15.3872 3.78783 3.42171e-13 267.98 -15.817 3.7679
267.852 -16.0977 3.75486 0.000712391 267.98 -15.817 3.7679
267.99 -16.0474 3.77999 3.45114e-06 267.98 -15.817 3.7679
267.903 -15.8743 3.76439 0.123562 267.98 -15.817 3.7679
268.009 -14.9372 3.75709 6.43386e-17 267.98 -15.817 3.7679
268.497 -15.7382 3.77952 0.0101588 267.98 -15.817 3.7679
268.053 -16.0353 3.77159 0.0338478 267.98 -15.817 3.7679
267.408 -15.823 3.77357 2.51063e-14 267.98 -15.817 3.7679
268.372 -15.4275 3.778 3.53831e-06 267.98 -15.817 3.7679
267.716 -15.9144 3.76436 0.0086996 267.98 -15.817 3.7679
268.162 -16.2456 3.75287 3.10004e-10 267.98 -15.817 3.7679
267.964 -15.9435 3.76557 0.133089 267.98 -15.817 3.7679
268.677 -16.0454 3.78765 0.00253628 267.98 -15.817 3.7679
268.512 -15.389 3.78129 2.04252e-07 267.98 -15.817 3.7679
268.472 -15.7047 3.7793 0.00649631 267.98 -15.817 3.7679
268.653 -15.7202 3.7903 3.9137e-05 267.98 -15.817 3.7679
268.299 -15.8544 3.75996 4.05397e-05 267.98 -15.817 3.7679
268.328 -16.6915 3.79609 3.48875e-20 267.98 -15.817 3.7679
268.614 -15.9701 3.79235 3.96733e-05 267.98 -15.817 3.7679
267.997 -15.6648 3.79403 3.09377e-20 267.98 -15.817 3.7679
268.376 -16.3851 3.77226 1.0745e-05 267.98 -15.817 3.7679
268.651 -15.5739 3.77387 7.84119e-06 267.98 -15.817 3.7679
267.866 -15.4818 3.78058 3.00142e-12 267.98 -15.817 3.7679
267.79 -16.0504 3.78588 1.36339e-15 267.98 -15.817 3.7679
268.079 -15.8057 3.77619 0.00306182 267.98 -15.817 3.7679
268.204 -15.563 3.77474 0.0006074 267.98 -15.817 3.7679
268.513 -15.6819 3.76301 1.46313e-07 267.98 -15.817 3.7679
268.34 -16.2009 3.77736 0.00405719 267.98 -15.817 3.7679
267.827 -15.0619 3.75056 1.21273e-13 267.98 -15.817 3.7679
267.689 -16.0204 3.79043 2.3036e-24 267.98 -15.817 3.7679
267.968 -16.0296 3.77014 0.0209632 267.98 -15.817 3.7679
267.927 -16.1496 3.74779 7.32588e-09 267.98 -15.817 3.7679
268.214 -15.6633 3.78194 2.33144e-05 267.98 -15.817 3.7679
268.275 -15.9177 3.78514 6.30925e-05 267.98 -15.817 3.7679
268.142 -15.998 3.7716 0.103637 267.98 -15.817 3.7679
268.05 -16.1039 3.77326 0.00617497 267.98 -15.817 3.7679
268.169 -15.8724 3.78121 0.000298742 267.98 -15.817 3.7679
268.599 -15.713 3.77618 0.00171105 267.98 -15.817 3.7679
267.839 -15.9119 3.76549 0.0459763 267.98 -15.817 3.7679
268.724 -16.1927 3.77701 5.34344e-05 267.98 -15.817 3.7679
268.183 -15.9709 3.7607 0.00166927 267.98 -15.817 3.7679
268.269 -16.4222 3.77678 4.13589e-06 267.98 -15.817 3.7679
268.229 -15.8258 3.76095 0.00100418 267.98 -15.817 3.7679
268.479 -15.9415 3.78169 0.0259 267.98 -15.817 3.7679
268.308 -15.8559 3.7833 0.00078696 267.98 -15.817 3.7679
267.913 -15.9802 3.78988 3.25222e-16 267.98 -15.817 3.7679
268.288 -15.7924 3.78582 1.42402e-05 267.98 -15.817 3.7679
268.179 -16.0181 3.77895 0.00313417 267.98 -15.817 3.7679
268.138 -15.8786 3.77445 0.0446575 267.98 -15.817 3.7679
268.434 -15.8487 3.75887 3.19334e-08 267.98 -15.817 3.7679
268.303 -16.4028 3.76589 3.05668e-07 267.98 -15.817 3.7679
268.468 -15.2323 3.77767 3.90769e-10 267.98 -15.817 3.7679
268.679 -15.6822 3.779 0.00052168 267.98 -15.817 3.7679
268.034 -16.1621 3.7926 2.67426e-16 267.98 -15.817 3.7679
267.98 -15.8202 3.78846 2.70713e-13 267.98 -15.817 3.7679
267.883 -15.6215 3.76535 0.00649212 267.98 -15.817 3.7679
267.873 -15.8928 3.76225 0.11548 267.98 -15.817 3.7679
268.31 -16.4898 3.76449 1.45297e-09 267.98 -15.817 3.7679
268.121 -15.5043 3.77197 0.000205275 267.98 -15.817 3.7679
268.473 -16.0933 3.78539 0.00141036 267.98 -15.817 3.7679
268.136 -16.4499 3.77404 8.43036e-07 267.98 -15.817 3.7679
268.57 -15.8849 3.76658 6.85862e-06 267.98 -15.817 3.7679
268.21 -16.1226 3.75898 1.3231e-05 267.98 -15.817 3.7679
267.486 -15.6432 3.75221 0.00176305 267.98 -15.817 3.7679
268.665 -15.7062 3.79358 1.22252e-06 267.98 -15.817 3.7679
267.866 -15.486 3.76698 7.47695e-05 267.98 -15.817 3.7679
267.611 -15.5983 3.76568 8.99982e-06 267.98 -15.817 3.7679
268.632 -15.5911 3.77623 6.78354e-05 267.98 -15.817 3.7679
268.178 -15.6906 3.75839 0.000111995 267.98 -15.817 3.7679
268.068 -15.9128 3.7821 4.69914e-06 267.98 -15.817 3.7679
268.296 -15.7666 3.78729 1.65889e-06 267.98 -15.817 3.7679
268.392 -15.7869 3.77681 0.0415011 267.98 -15.817 3.7679
268.352 -15.9028 3.76703 0.00888937 267.98 -15.817 3.7679
268.299 -15.6611 3.75991 8.62784e-06 267.98 -15.817 3.7679
268.548 -15.8458 3.75545 6.2446e-14 267.98 -15.817 3.7679
268.076 -15.6809 3.7653 0.0337237 267.98 -15.817 3.7679
268.029 -15.5794 3.76908 0.00261571 267.98 -15.817 3.7679
268.213 -15.5484 3.78299 3.06984e-07 267.98 -15.817 3.7679
268.219 -15.975 3.77641 0.039816 267.98 -15.817 3.7679
268.323 -15.8464 3.76729 0.0181163 267.98 -15.817 3.7679
267.842 -15.6747 3.79175 3.25274e-22 267.98 -15.817 3.7679
268.083 -15.7565 3.76975 0.0717418 267.98 -15.817 3.7679
267.686 -15.868 3.772 2.01459e-06 267.98 -15.817 3.7679
268.349 -16.0313 3.77011 0.0263329 267.98 -15.817 3.7679
267.765 -15.8274 3.79911 7.59277e-35 267.98 -15.817 3.7679
268.37 -16.3112 3.75748 1.37995e-11 267.98 -15.817 3.7679
268.356 -15.8311 3.7817 0.00565241 267.98 -15.817 3.7679
