-37.0552 -32.5066 1.29051 4.18927e-15 -37.889 -32.544 1.2939
-37.6148 -32.8749 1.28899 1.94408e-06 -37.889 -32.544 1.2939
-37.8 -32.4245 1.30076 0.0090745 -37.889 -32.544 1.2939
-37.2699 -32.7803 1.2761 2.49778e-19 -37.889 -32.544 1.2939
-37.3722 -32.5158 1.29821 6.33782e-07 -37.889 -32.544 1.2939
-37.9646 -32.7834 1.28744 0.000938686 -37.889 -32.544 1.2939
-37.2216 -32.4973 1.29285 3.49267e-10 -37.889 -32.544 1.2939
-37.6318 -32.419 1.29264 0.00577401 -37.889 -32.544 1.2939
-37.5625 -32.9449 1.29761 1.60644e-05 -37.889 -32.544 1.2939
-37.5909 -32.4529 1.28764 0.00057858 -37.889 -32.544 1.2939
-37.0475 -32.9958 1.29087 1.15673e-19 -37.889 -32.544 1.2939
-37.8589 -33.1448 1.26142 2.07764e-39 -37.889 -32.544 1.2939
-36.7035 -32.8402 1.28017 3.04901e-36 -37.889 -32.544 1.2939
-37.7851 -32.6196 1.29921 0.113978 -37.889 -32.544 1.2939
-37.3078 -32.6421 1.2994 3.75891e-08 -37.889 -32.544 1.2939
-37.8765 -33.2622 1.29485 2.05342e-09 -37.889 -32.544 1.2939
-37.675 -32.8611 1.2849 1.4429e-07 -37.889 -32.544 1.2939
-37.3135 -32.1398 1.27182 2.27463e-15 -37.889 -32.544 1.2939
-37.6137 -32.7135 1.28334 5.43759e-07 -37.889 -32.544 1.2939
-37.1281 -32.5878 1.28862 1.27022e-13 -37.889 -32.544 1.2939
-37.186 -32.5928 1.28466 1.74106e-13 -37.889 -32.544 1.2939
-37.6747 -32.119 1.26457 1.77144e-14 -37.889 -32.544 1.2939
-37.3491 -32.6746 1.31288 1.66869e-11 -37.889 -32.544 1.2939
-37.8825 -32.2625 1.29802 0.00283164 -37.889 -32.544 1.2939
-37.5041 -32.5227 1.29094 0.000111412 -37.889 -32.544 1.2939
-37.6024 -32.4217 1.29412 0.00254231 -37.889 -32.544 1.2939
-37.6254 -32.22 1.28028 9.2042e-06 -37.889 -32.544 1.2939
-37.7002 -32.7484 1.30154 0.0120077 -37.889 -32.544 1.2939
-38.0447 -33.1159 1.28674 3.45836e-10 -37.889 -32.544 1.2939
-37.3296 -32.5529 1.29061 5.21146e-08 -37.889 -32.544 1.2939
-37.8467 -32.3688 1.30037 0.00594117 -37.889 -32.544 1.2939
-38.0432 -32.531 1.28757 0.0795456 -37.889 -32.544 1.2939
-38.2134 -32.8784 1.30321 0.00118756 -37.889 -32.544 1.2939
-37.641 -32.1441 1.30069 1.51872e-07 -37.889 -32.544 1.2939
-38.3947 -32.2787 1.29243 4.18361e-05 -37.889 -32.544 1.2939
-37.7456 -32.7348 1.28643 0.000184951 -37.889 -32.544 1.2939
-37.8126 -31.8601 1.29039 5.6677e-08 -37.889 -32.544 1.2939
-37.5215 -32.6338 1.29122 0.00010675 -37.889 -32.544 1.2939
-37.5582 -32.1492 1.28399 4.75012e-06 -37.889 -32.544 1.2939
-37.637 -32.2468 1.30738 2.03879e-09 -37.889 -32.544 1.2939
-38.5625 -32.6116 1.3042 5.90063e-09 -37.889 -32.544 1.2939
-37.816 -32.0844 1.28841 0.000597408 -37.889 -32.544 1.2939
-36.9759 -33.205 1.29319 4.96384e-25 -37.889 -32.544 1.2939
-37.3527 -32.4578 1.27547 1.71436e-13 -37.889 -32.544 1.2939
-37.6998 -32.6144 1.289 0.00569326 -37.889 -32.544 1.2939
-37.5585 -32.5917 1.29267 0.000862589 -37.889 -32.544 1.2939
-37.327 -33.0159 1.31277 1.88271e-11 -37.889 -32.544 1.2939
-38.7587 -32.0338 1.30237 2.25341e-20 -37.889 -32.544 1.2939
-37.3753 -32.5834 1.28396 2.77641e-09 -37.889 -32.544 1.2939
-37.933 -32.5623 1.28987 0.224827 -37.889 -32.544 1.2939
-37.4512 -32.2279 1.28237 1.0774e-07 -37.889 -32.544 1.2939
-37.5027 -32.7505 1.28209 9.15327e-10 -37.889 -32.544 1.2939
-37.9319 -31.8994 1.28102 4.09751e-06 -37.889 -32.544 1.2939
-37.5485 -31.8902 1.29339 9.62975e-11 -37.889 -32.544 1.2939
-37.7612 -32.6235 1.30248 0.021854 -37.889 -32.544 1.2939
-36.9923 -32.3878 1.29266 4.34634e-17 -37.889 -32.544 1.2939
-38.4416 -33.0155 1.28349 1.42979e-13 -37.889 -32.544 1.2939
-37.9217 -32.3243 1.29497 0.0677274 -37.889 -32.544 1.2939
-37.4668 -32.3627 1.28939 1.231e-05 -37.889 -32.544 1.2939
-37.6985 -32.3532 1.27113 2.72163e-10 -37.889 -32.544 1.2939
-37.7499 -32.4325 1.29295 0.0757813 -37.889 -32.544 1.2939
-37.8783 -32.5232 1.3119 7.56323e-07 -37.889 -32.544 1.2939
-38.2552 -32.1692 1.28808 0.000480602 -37.889 -32.544 1.2939
-37.9848 -33.0185 1.27274 1.51755e-19 -37.889 -32.544 1.2939
-37.8108 -32.3112 1.28966 0.0493958 -37.889 -32.544 1.2939
-37.6522 -32.5237 1.27856 3.31837e-07 -37.889 -32.544 1.2939
-38.256 -32.7862 1.30888 2.04906e-05 -37.889 -32.544 1.2939
-37.5223 -32.9564 1.27052 5.11893e-24 -37.889 -32.544 1.2939
-37.767 -32.5213 1.29306 0.138374 -37.889 -32.544 1.2939
-37.3869 -32.6949 1.28691 9.33317e-09 -37.889 -32.544 1.2939
-37.6428 -32.816 1.2899 5.31464e-05 -37.889 -32.544 1.2939
-37.2164 -32.1956 1.28749 4.96789e-12 -37.889 -32.544 1.2939
-38.1157 -32.8055 1.28555 3.16039e-05 -37.889 -32.544 1.2939
-38.0854 -32.8972 1.30722 0.00123825 -37.889 -32.544 1.2939
-38.117 -32.6899 1.27335 1.55949e-11 -37.889 -32.544 1.2939
-38.3396 -32.7677 1.27702 9.41726e-12 -37.889 -32.544 1.2939
-37.8083 -32.3689 1.29489 0.0651388 -37.889 -32.544 1.2939
-37.4748 -32.2017 1.28321 3.50566e-07 -37.889 -32.544 1.2939
-37.6533 -32.2526 1.28136 5.17422e-05 -37.889 -32.544 1.2939
-38.1977 -32.7461 1.28678 0.000187242 -37.889 -32.544 1.2939
-37.6608 -32.776 1.29682 0.00534118 -37.889 -32.544 1.2939
-37.5705 -32.3912 1.29484 0.000645774 -37.889 -32.544 1.2939
-37.4346 -31.7697 1.27933 2.61411e-13 -37.889 -32.544 1.2939
-37.6279 -32.1421 1.26797 2.15963e-12 -37.889 -32.544 1.2939
-37.1754 -33.1881 1.29536 1.01301e-17 -37.889 -32.544 1.2939
-37.9454 -32.8633 1.30633 0.00685368 -37.889 -32.544 1.2939
-37.6712 -32.6321 1.30332 0.00296167 -37.889 -32.544 1.2939
-37.5012 -32.9736 1.28167 3.86475e-14 -37.889 -32.544 1.2939
-37.8022 -32.2478 1.28267 0.00219797 -37.889 -32.544 1.2939
-37.3751 -32.3676 1.28902 2.35733e-07 -37.889 -32.544 1.2939
-38.0901 -32.4139 1.28274 0.00514522 -37.889 -32.544 1.2939
-37.732 -32.186 1.28436 0.000830774 -37.889 -32.544 1.2939
-37.7941 -32.7749 1.28367 5.72842e-06 -37.889 -32.544 1.2939
-38.0286 -32.6781 1.26841 9.34489e-16 -37.889 -32.544 1.2939
-38.0493 -32.2654 1.29332 0.0283951 -37.889 -32.544 1.2939
-37.7683 -32.7409 1.29669 0.0604119 -37.889 -32.544 1.2939
-37.3181 -32.7551 1.2927 7.05004e-09 -37.889 -32.544 1.2939
-38.041 -32.1769 1.31079 3.80755e-12 -37.889 -32.544 1.2939
-37.3239 -32.8537 1.27508 1.74378e-20 -37.889 -32.544 1.2939
-37.6595 -32.6443 1.2758 2.14496e-10 -37.889 -32.544 1.2939
