56.5564 14.4047 0.142738 0.0139133
56.7618 14.224 0.151697 0.0595167
56.5522 13.8643 0.129818 6.25769e-13
56.7655 13.9904 0.142258 0.00114767
56.5666 13.2911 0.167991 1.19016e-35
56.562 14.2455 0.143176 0.0151047
56.9898 13.8822 0.143328 1.4459e-05
56.4217 14.2223 0.144526 0.000861819
56.7357 13.9077 0.134967 3.54173e-07
56.2559 14.6562 0.140362 1.2884e-09
56.4025 14.1036 0.131981 2.37075e-11
56.6771 13.7398 0.12903 6.48763e-14
56.4374 14.4493 0.155613 0.00353589
57.2259 13.9787 0.140128 1.58082e-06
56.3706 14.7035 0.153975 0.000100553
56.7815 14.0254 0.148529 0.00321022
55.8443 13.8486 0.151733 2.39325e-19
56.4619 14.222 0.156309 0.000482185
56.6381 13.5975 0.143999 2.15366e-11
56.7419 14.2937 0.150629 0.236771
56.2301 14.5381 0.133748 4.5681e-14
56.7845 14.1971 0.15367 0.00859606
56.4238 14.3292 0.14087 9.68635e-05
56.6299 14.8389 0.143528 9.84596e-06
57.3509 13.9053 0.145489 4.73454e-10
56.0081 14.137 0.126176 1.39833e-27
56.1271 14.0832 0.139819 5.09537e-12
56.4692 14.327 0.148751 0.0256873
56.4214 14.2822 0.150419 0.00642291
56.4746 14.1303 0.139709 3.04372e-05
56.5598 13.9419 0.134363 1.15259e-08
56.5826 14.314 0.132389 7.72385e-08
56.212 13.99 0.144498 3.36922e-09
56.729 13.707 0.135141 1.99665e-10
56.9144 14.1655 0.141913 0.0322132
56.4299 14.0368 0.145069 4.76135e-05
56.2303 14.6295 0.150775 4.65938e-06
56.8181 14.7097 0.150929 0.00706664
56.3022 13.4408 0.157035 4.26518e-22
56.9536 14.9885 0.134116 5.56953e-13
56.7174 14.9397 0.136034 4.31532e-11
57.0131 13.9753 0.142832 0.000219097
56.4123 14.1142 0.135657 1.99063e-08
56.113 14.5818 0.131046 2.97596e-20
56.3082 14.9775 0.153312 2.88717e-09
56.4923 13.6547 0.120475 1.07568e-26
56.5005 14.3924 0.146266 0.0314952
56.4496 14.1496 0.142382 0.000191771
57.0467 14.2063 0.124074 2.54304e-12
56.9423 14.4361 0.143782 0.12607
57.0344 14.1585 0.140027 0.00388482
56.4064 14.2606 0.132354 1.70189e-10
56.996 14.3641 0.147162 0.0781723
56.7012 13.9499 0.126474 4.9649e-13
56.6763 13.7571 0.146877 1.34165e-07
56.0191 14.2278 0.158363 1.23573e-10
56.4883 13.9236 0.165123 2.71761e-13
56.296 14.4285 0.132551 6.4334e-13
57.1322 14.0906 0.156739 7.73956e-09
56.8911 14.0226 0.141993 0.00237312
56.0555 14.6213 0.155516 4.31058e-09
56.8116 14.1293 0.140591 0.0127918
56.7124 14.0439 0.144986 0.00681925
56.3255 13.9702 0.136503 1.05687e-10
56.6859 14.0613 0.135318 1.00775e-05
56.8549 14.0501 0.141418 0.00423953
56.2088 14.2799 0.162523 9.55892e-09
56.4156 14.1065 0.135985 3.26062e-08
56.1342 14.3105 0.132015 5.19422e-17
56.2342 14.0951 0.133151 5.83357e-14
56.5601 14.0314 0.141102 0.000124882
56.5716 14.5138 0.140701 0.00121053
56.3884 14.3077 0.133122 3.37699e-10
56.6551 14.3164 0.123194 5.02707e-16
56.9719 14.1484 0.128262 9.37088e-09
56.4273 13.9809 0.144323 6.99691e-06
56.2009 13.834 0.152075 2.13813e-11
57.2032 14.6242 0.141106 2.03204e-05
56.9806 13.8636 0.154282 6.83315e-09
56.158 14.6647 0.146549 1.06346e-08
56.987 14.5648 0.12508 2.08963e-13
56.6904 14.3045 0.126671 1.01382e-11
57.1786 14.1519 0.162291 1.91321e-13
56.8124 14.3034 0.131502 1.43366e-06
57.3396 13.589 0.138603 2.49842e-15
56.7366 14.2342 0.138302 0.0044403
57.1295 13.8986 0.12961 4.35662e-10
56.5783 14.6496 0.145232 0.00414513
56.666 14.0029 0.139127 9.97974e-05
56.5607 13.9552 0.132845 1.77654e-09
56.698 14.0539 0.134392 3.31032e-06
56.5206 14.3127 0.149469 0.0643705
56.9765 13.4649 0.170393 1.01206e-35
56.222 14.1303 0.1298 3.76874e-17
56.5803 14.3267 0.1514 0.113856
56.343 14.0507 0.155488 1.37505e-06
56.5214 13.9463 0.155602 8.60071e-07
56.6358 14.1542 0.1517 0.0157248
56.7637 14.2107 0.127469 3.43574e-10
56.7069 14.1889 0.14857 0.11489
