130.79 -19.7867 3.35859 3.41862e-08 131.01 -19.27 3.3759
131.187 -19.2409 3.37437 0.149719 131.01 -19.27 3.3759
130.89 -19.1305 3.3959 1.84395e-17 131.01 -19.27 3.3759
130.548 -18.9696 3.36539 3.34409e-07 131.01 -19.27 3.3759
129.631 -19.4456 3.36931 1.36741e-34 131.01 -19.27 3.3759
131.038 -18.9636 3.36938 0.00777436 131.01 -19.27 3.3759
130.729 -19.4268 3.38949 1.17974e-14 131.01 -19.27 3.3759
131.549 -19.5681 3.37684 0.000110914 131.01 -19.27 3.3759
131.149 -19.2948 3.37234 0.20038 131.01 -19.27 3.3759
130.427 -19.4829 3.36697 7.26135e-09 131.01 -19.27 3.3759
130.756 -20.244 3.35409 7.4292e-20 131.01 -19.27 3.3759
131.256 -19.2642 3.37808 0.0364363 131.01 -19.27 3.3759
130.434 -19.9519 3.37294 1.18316e-16 131.01 -19.27 3.3759
130.879 -19.3585 3.3726 0.00683159 131.01 -19.27 3.3759
131.378 -19.3212 3.37749 0.0254903 131.01 -19.27 3.3759
131.12 -19.3051 3.3875 5.24321e-07 131.01 -19.27 3.3759
130.907 -18.7496 3.36798 5.80055e-06 131.01 -19.27 3.3759
130.766 -19.4511 3.37598 1.68534e-05 131.01 -19.27 3.3759
130.448 -18.8086 3.38664 7.08285e-21 131.01 -19.27 3.3759
131.154 -19.0729 3.37898 0.0047463 131.01 -19.27 3.3759
131.029 -18.9998 3.36616 0.00779036 131.01 -19.27 3.3759
131.021 -18.8503 3.38611 4.02428e-09 131.01 -19.27 3.3759
130.766 -19.1232 3.3756 5.00806e-05 131.01 -19.27 3.3759
130.848 -19.25 3.38585 4.99344e-09 131.01 -19.27 3.3759
130.761 -18.9181 3.37931 5.51384e-08 131.01 -19.27 3.3759
130.588 -19.3247 3.3821 2.60653e-11 131.01 -19.27 3.3759
131.04 -19.2221 3.36604 0.0770762 131.01 -19.27 3.3759
130.361 -19.7665 3.37546 2.4619e-16 131.01 -19.27 3.3759
130.74 -18.9586 3.37543 2.39895e-06 131.01 -19.27 3.3759
130.735 -19.2967 3.36264 0.000775705 131.01 -19.27 3.3759
132.016 -18.9024 3.37844 4.98294e-12 131.01 -19.27 3.3759
131.214 -19.6087 3.36979 0.00320182 131.01 -19.27 3.3759
131.305 -19.1116 3.38243 0.00101629 131.01 -19.27 3.3759
131.174 -19.207 3.38461 7.17014e-05 131.01 -19.27 3.3759
131.296 -19.3013 3.38555 6.31931e-05 131.01 -19.27 3.3759
130.92 -19.1668 3.38027 6.78503e-05 131.01 -19.27 3.3759
131.041 -19.019 3.37525 0.00634765 131.01 -19.27 3.3759
131.075 -19.531 3.37319 0.0100033 131.01 -19.27 3.3759
130.689 -19.0535 3.36374 8.27183e-05 131.01 -19.27 3.3759
130.946 -19.6631 3.38509 9.02853e-10 131.01 -19.27 3.3759
131.109 -19.5411 3.37968 0.000274107 131.01 -19.27 3.3759
130.872 -19.3317 3.36695 0.0186713 131.01 -19.27 3.3759
130.634 -19.1638 3.37594 4.62935e-07 131.01 -19.27 3.3759
130.921 -19.2496 3.39102 5.0476e-12 131.01 -19.27 3.3759
131.016 -19.2553 3.36956 0.128004 131.01 -19.27 3.3759
130.259 -19.8977 3.36011 7.72814e-17 131.01 -19.27 3.3759
130.808 -19.2047 3.37675 0.000110803 131.01 -19.27 3.3759
131.564 -19.4919 3.38629 1.61234e-06 131.01 -19.27 3.3759
130.62 -19.2231 3.37066 1.62859e-05 131.01 -19.27 3.3759
130.889 -18.7421 3.37388 9.95026e-07 131.01 -19.27 3.3759
131.11 -18.7849 3.38198 5.3057e-07 131.01 -19.27 3.3759
130.264 -19.0835 3.38386 1.69977e-21 131.01 -19.27 3.3759
131.377 -19.4431 3.38494 4.28211e-05 131.01 -19.27 3.3759
131.294 -18.3997 3.39025 1.11579e-17 131.01 -19.27 3.3759
130.443 -18.9454 3.38615 3.67294e-19 131.01 -19.27 3.3759
131.677 -19.0812 3.38994 2.81958e-08 131.01 -19.27 3.3759
131.05 -19.2587 3.36636 0.0937241 131.01 -19.27 3.3759
131.334 -19.0004 3.38453 3.79605e-05 131.01 -19.27 3.3759
130.827 -19.3869 3.35894 0.000273685 131.01 -19.27 3.3759
131.05 -19.4767 3.36317 0.00516644 131.01 -19.27 3.3759
130.825 -19.4135 3.38054 1.62775e-06 131.01 -19.27 3.3759
130.542 -19.4266 3.36682 1.70559e-06 131.01 -19.27 3.3759
130.665 -19.1664 3.36679 0.000169762 131.01 -19.27 3.3759
131.179 -19.3134 3.37408 0.142874 131.01 -19.27 3.3759
131.284 -19.6763 3.38458 3.51788e-07 131.01 -19.27 3.3759
131.348 -19.1341 3.37635 0.0345249 131.01 -19.27 3.3759
131.09 -19.3341 3.37746 0.0158537 131.01 -19.27 3.3759
130.373 -19.5155 3.37635 1.08474e-13 131.01 -19.27 3.3759
130.919 -19.5235 3.38178 1.10265e-06 131.01 -19.27 3.3759
131.959 -19.6189 3.38427 1.63516e-11 131.01 -19.27 3.3759
130.884 -19.5683 3.39095 3.19609e-14 131.01 -19.27 3.3759
130.562 -19.3361 3.36987 2.39528e-06 131.01 -19.27 3.3759
130.77 -19.4808 3.36573 0.000672243 131.01 -19.27 3.3759
131.409 -19.6045 3.37917 0.000166579 131.01 -19.27 3.3759
130.574 -19.6807 3.35414 5.65776e-10 131.01 -19.27 3.3759
130.805 -19.6508 3.38395 7.79978e-11 131.01 -19.27 3.3759
130.666 -19.7652 3.39105 3.97974e-21 131.01 -19.27 3.3759
131.323 -19.2298 3.38188 0.00288206 131.01 -19.27 3.3759
131.378 -19.0629 3.36998 0.00954952 131.01 -19.27 3.3759
131.189 -19.7835 3.38187 9.91106e-08 131.01 -19.27 3.3759
130.749 -19.21 3.37967 8.47054e-07 131.01 -19.27 3.3759
130.588 -19.3704 3.37808 5.12679e-09 131.01 -19.27 3.3759
130.762 -19.4497 3.37888 8.63755e-07 131.01 -19.27 3.3759
131.39 -19.4813 3.376 0.00719049 131.01 -19.27 3.3759
131.063 -19.6444 3.38559 1.3016e-08 131.01 -19.27 3.3759
130.912 -19.7175 3.37695 1.03222e-06 131.01 -19.27 3.3759
130.902 -19.0212 3.38866 5.6563e-11 131.01 -19.27 3.3759
131.287 -19.4476 3.38236 0.000457791 131.01 -19.27 3.3759
130.915 -19.0178 3.38816 2.03024e-10 131.01 -19.27 3.3759
130.923 -19.0146 3.38335 3.98516e-07 131.01 -19.27 3.3759
130.741 -19.1565 3.36121 0.000323497 131.01 -19.27 3.3759
130.992 -19.6502 3.37307 0.000304445 131.01 -19.27 3.3759
131.118 -18.7049 3.37876 5.87708e-07 131.01 -19.27 3.3759
131.545 -19.2196 3.3507 4.28163e-15 131.01 -19.27 3.3759
130.768 -19.6574 3.37985 5.01441e-09 131.01 -19.27 3.3759
131.068 -19.9429 3.37881 6.03309e-10 131.01 -19.27 3.3759
130.81 -19.0147 3.37287 0.000254697 131.01 -19.27 3.3759
131.681 -19.5703 3.38597 7.26143e-08 131.01 -19.27 3.3759
130.714 -19.1183 3.36804 0.000375018 131.01 -19.27 3.3759
130.83 -19.4832 3.37944 2.62631e-06 131.01 -19.27 3.3759
