91.5501 -29.9186 3.50929 0.0294961 91.44 -29.761 3.5243
91.51 -30.1841 3.52639 5.58236e-10 91.44 -29.761 3.5243
91.3246 -29.8738 3.51197 0.103701 91.44 -29.761 3.5243
91.6218 -29.945 3.53552 5.07143e-14 91.44 -29.761 3.5243
90.9856 -29.2634 3.53094 5.60121e-12 91.44 -29.761 3.5243
90.8359 -30.0243 3.52385 4.20211e-13 91.44 -29.761 3.5243
91.4792 -29.3819 3.50899 0.000323044 91.44 -29.761 3.5243
91.5164 -30.3837 3.51689 2.24897e-09 91.44 -29.761 3.5243
91.1227 -29.894 3.5162 0.00124382 91.44 -29.761 3.5243
92.1249 -30.0194 3.53991 4.25275e-26 91.44 -29.761 3.5243
91.942 -29.5908 3.51896 0.000238895 91.44 -29.761 3.5243
91.4203 -30.2998 3.50961 1.3051e-06 91.44 -29.761 3.5243
91.0392 -30.5798 3.52059 3.26882e-20 91.44 -29.761 3.5243
90.6172 -30.003 3.51333 1.54748e-14 91.44 -29.761 3.5243
91.8005 -30.2519 3.53062 1.91248e-16 91.44 -29.761 3.5243
91.1369 -29.6915 3.52434 6.44887e-05 91.44 -29.761 3.5243
91.6955 -30.1166 3.54179 4.2803e-26 91.44 -29.761 3.5243
91.3495 -29.6108 3.53968 1.75179e-15 91.44 -29.761 3.5243
91.4498 -29.823 3.53428 5.57519e-11 91.44 -29.761 3.5243
91.2631 -30.4297 3.52197 5.80241e-14 91.44 -29.761 3.5243
91.4549 -30.0997 3.52827 8.04092e-10 91.44 -29.761 3.5243
91.3603 -29.952 3.51952 0.00583764 91.44 -29.761 3.5243
92.2463 -30.2758 3.52133 3.71834e-18 91.44 -29.761 3.5243
91.5315 -30.141 3.53567 4.09848e-18 91.44 -29.761 3.5243
91.6443 -30.0865 3.534 4.1149e-15 91.44 -29.761 3.5243
92.048 -29.4791 3.50748 6.22678e-10 91.44 -29.761 3.5243
91.3822 -29.376 3.52962 9.61832e-06 91.44 -29.761 3.5243
91.7728 -30.0881 3.50075 5.81617e-09 91.44 -29.761 3.5243
91.5175 -29.6351 3.52414 0.0267684 91.44 -29.761 3.5243
91.2197 -29.8949 3.50739 0.00200019 91.44 -29.761 3.5243
91.2441 -29.6994 3.50584 0.000783366 91.44 -29.761 3.5243
91.8624 -29.8668 3.50796 3.7922e-05 91.44 -29.761 3.5243
91.9769 -30.0174 3.51968 2.02654e-07 91.44 -29.761 3.5243
91.0028 -29.736 3.52918 2.90457e-10 91.44 -29.761 3.5243
91.5507 -29.634 3.53703 7.70283e-12 91.44 -29.761 3.5243
91.4773 -30.1189 3.5057 8.55867e-05 91.44 -29.761 3.5243
91.6641 -29.8536 3.5114 0.0468052 91.44 -29.761 3.5243
90.9856 -29.7894 3.54858 2.84326e-36 91.44 -29.761 3.5243
91.7353 -30.3927 3.52445 1.72391e-14 91.44 -29.761 3.5243
91.6966 -29.5914 3.53198 2.6269e-07 91.44 -29.761 3.5243
91.8316 -29.8613 3.52449 1.7186e-05 91.44 -29.761 3.5243
91.9146 -29.7636 3.50728 4.29964e-06 91.44 -29.761 3.5243
91.5907 -29.594 3.53172 9.67536e-07 91.44 -29.761 3.5243
91.8674 -29.6944 3.53382 8.27211e-11 91.44 -29.761 3.5243
91.5124 -29.8862 3.52378 0.00116985 91.44 -29.761 3.5243
91.4136 -29.442 3.5291 4.69323e-05 91.44 -29.761 3.5243
90.9141 -30.1015 3.53122 6.05703e-19 91.44 -29.761 3.5243
91.6135 -29.9715 3.53094 7.43243e-10 91.44 -29.761 3.5243
91.4272 -29.7711 3.52304 0.0170357 91.44 -29.761 3.5243
91.3174 -29.7278 3.51421 0.381987 91.44 -29.761 3.5243
91.8204 -29.38 3.54122 1.16353e-16 91.44 -29.761 3.5243
91.626 -29.9787 3.53984 5.60234e-20 91.44 -29.761 3.5243
91.4017 -29.9026 3.51576 0.137003 91.44 -29.761 3.5243
91.2733 -30.0275 3.51494 0.00274335 91.44 -29.761 3.5243
91.5478 -29.8883 3.54564 7.94103e-27 91.44 -29.761 3.5243
90.9962 -29.5456 3.50884 3.90672e-06 91.44 -29.761 3.5243
91.3332 -30.1909 3.52751 1.30567e-11 91.44 -29.761 3.5243
91.5326 -29.8302 3.5362 5.91943e-13 91.44 -29.761 3.5243
91.3191 -29.798 3.52612 9.21941e-05 91.44 -29.761 3.5243
91.4047 -29.3578 3.54665 2.26911e-23 91.44 -29.761 3.5243
91.154 -30.2281 3.53475 8.02107e-22 91.44 -29.761 3.5243
91.1478 -29.4547 3.52824 9.9166e-07 91.44 -29.761 3.5243
91.2314 -29.797 3.53037 1.51592e-08 91.44 -29.761 3.5243
91.4987 -29.6576 3.52864 9.25837e-05 91.44 -29.761 3.5243
91.8134 -30.1851 3.50275 3.19146e-09 91.44 -29.761 3.5243
91.3148 -29.494 3.54326 1.08155e-19 91.44 -29.761 3.5243
92.0354 -29.6767 3.52285 1.24005e-06 91.44 -29.761 3.5243
91.3845 -30.3525 3.52796 9.79014e-16 91.44 -29.761 3.5243
91.1818 -29.6481 3.53064 3.28417e-08 91.44 -29.761 3.5243
91.6254 -29.5394 3.51894 0.235613 91.44 -29.761 3.5243
91.3831 -30.3978 3.50104 9.68803e-11 91.44 -29.761 3.5243
91.4285 -29.9953 3.53551 4.43387e-15 91.44 -29.761 3.5243
91.1756 -29.8426 3.52559 3.82393e-06 91.44 -29.761 3.5243
91.8 -29.7756 3.5087 0.000663541 91.44 -29.761 3.5243
91.4108 -30.0481 3.53372 3.57899e-14 91.44 -29.761 3.5243
91.1895 -29.3482 3.52538 2.43671e-05 91.44 -29.761 3.5243
91.1144 -30.2342 3.53108 2.76804e-18 91.44 -29.761 3.5243
91.4892 -29.2653 3.55462 5.55255e-36 91.44 -29.761 3.5243
91.7367 -29.5533 3.53058 1.98105e-06 91.44 -29.761 3.5243
91.6555 -29.7688 3.53011 8.62105e-07 91.44 -29.761 3.5243
91.1054 -30.2421 3.5361 1.24466e-24 91.44 -29.761 3.5243
91.485 -29.117 3.51356 1.14536e-06 91.44 -29.761 3.5243
91.4463 -30.0412 3.52547 9.66172e-07 91.44 -29.761 3.5243
91.4558 -30.1694 3.5396 3.33337e-24 91.44 -29.761 3.5243
91.8933 -29.6632 3.52937 1.71049e-07 91.44 -29.761 3.5243
91.2741 -29.3231 3.51997 0.00186121 91.44 -29.761 3.5243
90.9302 -30.097 3.52954 7.67486e-17 91.44 -29.761 3.5243
91.169 -29.6112 3.52281 0.00107587 91.44 -29.761 3.5243
90.9647 -29.6033 3.51897 1.37308e-05 91.44 -29.761 3.5243
91.4726 -30.0066 3.53624 5.20765e-16 91.44 -29.761 3.5243
91.6188 -29.7807 3.53005 1.00925e-06 91.44 -29.761 3.5243
91.8089 -29.7804 3.53455 9.78743e-12 91.44 -29.761 3.5243
91.749 -29.8967 3.51956 0.00313434 91.44 -29.761 3.5243
91.4409 -29.9941 3.54297 4.37139e-25 91.44 -29.761 3.5243
91.3907 -29.5556 3.54278 8.09254e-19 91.44 -29.761 3.5243
91.4005 -29.8778 3.52834 1.32075e-06 91.44 -29.761 3.5243
91.9443 -29.962 3.51837 5.96439e-06 91.44 -29.761 3.5243
92.1098 -29.5302 3.52838 4.82294e-10 91.44 -29.761 3.5243
91.451 -29.8943 3.5381 2.42163e-16 91.44 -29.761 3.5243
91.6625 -29.6956 3.50045 1.06392e-07 91.44 -29.761 3.5243
