79.663 17.4568 0.109461 2.47548e-05 79.583 17.135 0.10695
79.7149 17.0518 0.113395 0.0107336 79.583 17.135 0.10695
79.5362 17.225 0.0896588 8.7421e-06 79.583 17.135 0.10695
79.4578 17.6415 0.0944747 2.97062e-09 79.583 17.135 0.10695
79.5252 17.2991 0.0934179 4.95971e-05 79.583 17.135 0.10695
79.7282 17.7645 0.100202 1.15562e-10 79.583 17.135 0.10695
79.1862 17.2146 0.121019 2.56054e-06 79.583 17.135 0.10695
79.5987 17.1169 0.110489 0.0380577 79.583 17.135 0.10695
79.462 17.628 0.101784 1.02602e-07 79.583 17.135 0.10695
79.7204 16.399 0.10076 2.07289e-05 79.583 17.135 0.10695
79.6342 16.9841 0.108615 0.13567 79.583 17.135 0.10695
79.2403 17.3853 0.0992957 9.72936e-06 79.583 17.135 0.10695
79.3957 17.2022 0.0942126 0.000195964 79.583 17.135 0.10695
79.5876 17.1363 0.0888839 1.43768e-05 79.583 17.135 0.10695
79.6712 16.9313 0.105247 0.143931 79.583 17.135 0.10695
79.6149 17.1574 0.117331 0.000855777 79.583 17.135 0.10695
79.0061 17.1208 0.0883032 5.44088e-10 79.583 17.135 0.10695
79.8265 17.0496 0.0930251 0.000197026 79.583 17.135 0.10695
79.4977 17.0018 0.112961 0.0571863 79.583 17.135 0.10695
79.4622 16.8745 0.0988567 0.0324468 79.583 17.135 0.10695
79.4554 17.3733 0.114995 5.14702e-05 79.583 17.135 0.10695
79.317 17.6691 0.10279 6.44484e-09 79.583 17.135 0.10695
79.668 17.5949 0.110209 1.63797e-07 79.583 17.135 0.10695
79.404 17.1427 0.104906 0.0324051 79.583 17.135 0.10695
79.4705 17.2092 0.105892 0.0189337 79.583 17.135 0.10695
79.277 17.1048 0.108127 0.0134117 79.583 17.135 0.10695
79.8661 17.0753 0.124854 8.35005e-08 79.583 17.135 0.10695
79.5599 17.6048 0.0979256 1.00815e-07 79.583 17.135 0.10695
79.0984 16.9748 0.107136 0.00114452 79.583 17.135 0.10695
79.1742 17.248 0.0955877 6.6867e-06 79.583 17.135 0.10695
79.559 17.1958 0.12338 4.04179e-06 79.583 17.135 0.10695
79.5142 17.301 0.129586 3.37491e-10 79.583 17.135 0.10695
79.581 17.6493 0.107525 5.6829e-08 79.583 17.135 0.10695
79.83 17.5299 0.0992968 3.15466e-07 79.583 17.135 0.10695
79.3035 17.6954 0.0885757 5.14275e-13 79.583 17.135 0.10695
79.4897 17.6606 0.107682 3.55478e-08 79.583 17.135 0.10695
80.3809 16.8896 0.109714 2.57244e-10 79.583 17.135 0.10695
78.9642 17.0569 0.112152 1.10566e-05 79.583 17.135 0.10695
79.1401 17.3161 0.0912075 2.67821e-08 79.583 17.135 0.10695
79.4187 17.3042 0.113792 0.000438251 79.583 17.135 0.10695
79.2319 17.3641 0.0907954 5.03072e-08 79.583 17.135 0.10695
79.3716 17.4713 0.130821 3.78445e-13 79.583 17.135 0.10695
79.4652 17.2555 0.101252 0.0042182 79.583 17.135 0.10695
79.2116 17.0865 0.0975203 0.000384778 79.583 17.135 0.10695
79.4033 17.5506 0.11236 5.14471e-07 79.583 17.135 0.10695
79.3173 16.7742 0.0834271 2.24781e-09 79.583 17.135 0.10695
79.0151 17.0373 0.0919527 5.57976e-08 79.583 17.135 0.10695
79.6425 16.9364 0.101839 0.104017 79.583 17.135 0.10695
79.94 16.5266 0.111577 1.74092e-05 79.583 17.135 0.10695
79.3203 17.7794 0.108637 4.43435e-11 79.583 17.135 0.10695
79.6864 16.8532 0.129428 2.29106e-08 79.583 17.135 0.10695
79.8922 16.9874 0.0896587 6.50959e-06 79.583 17.135 0.10695
79.3842 17.1546 0.102178 0.0147811 79.583 17.135 0.10695
79.9886 17.3137 0.102294 9.79176e-06 79.583 17.135 0.10695
79.7872 17.8776 0.104298 3.00366e-13 79.583 17.135 0.10695
79.3761 16.7647 0.0987968 0.00817158 79.583 17.135 0.10695
79.7726 17.1348 0.12921 1.03669e-09 79.583 17.135 0.10695
80.3244 17.1733 0.0916009 2.98476e-11 79.583 17.135 0.10695
79.9783 17.2073 0.108568 6.49911e-05 79.583 17.135 0.10695
79.2722 17.5062 0.0930745 1.45557e-08 79.583 17.135 0.10695
78.5609 17.3716 0.106638 2.52292e-15 79.583 17.135 0.10695
79.5906 17.448 0.0973713 1.39311e-05 79.583 17.135 0.10695
79.832 16.8032 0.0942135 0.000339337 79.583 17.135 0.10695
79.6039 17.324 0.0957375 0.000135141 79.583 17.135 0.10695
79.3847 17.5353 0.0998062 1.00805e-06 79.583 17.135 0.10695
79.1904 16.6775 0.0954042 1.93839e-05 79.583 17.135 0.10695
79.4876 17.0364 0.0943997 0.00235762 79.583 17.135 0.10695
80.0108 16.7185 0.10478 0.000167004 79.583 17.135 0.10695
79.255 16.8926 0.0993316 0.00411195 79.583 17.135 0.10695
79.9189 17.6837 0.102907 3.40645e-10 79.583 17.135 0.10695
79.5275 16.9216 0.101041 0.102529 79.583 17.135 0.10695
79.6183 17.9068 0.0891332 4.27234e-16 79.583 17.135 0.10695
79.4114 17.1312 0.113332 0.0111804 79.583 17.135 0.10695
79.5682 16.8042 0.106753 0.172927 79.583 17.135 0.10695
79.7817 17.5578 0.0925928 9.32931e-09 79.583 17.135 0.10695
79.8535 16.8542 0.0936467 0.000231561 79.583 17.135 0.10695
79.3796 16.562 0.0968088 0.000136041 79.583 17.135 0.10695
80.2874 16.5626 0.111999 3.01945e-10 79.583 17.135 0.10695
79.3742 17.5073 0.102524 4.73388e-06 79.583 17.135 0.10695
79.9231 17.1207 0.0972386 0.000239158 79.583 17.135 0.10695
79.3179 17.0239 0.106104 0.0460931 79.583 17.135 0.10695
79.4814 17.3524 0.117428 2.19517e-05 79.583 17.135 0.10695
79.912 17.1808 0.106497 0.000644386 79.583 17.135 0.10695
79.205 17.7136 0.0996649 6.88588e-11 79.583 17.135 0.10695
79.4319 17.1569 0.0917327 7.43715e-05 79.583 17.135 0.10695
79.6578 17.6642 0.0844447 2.57218e-13 79.583 17.135 0.10695
79.5068 16.7627 0.128127 3.61759e-07 79.583 17.135 0.10695
79.1885 17.5313 0.101356 9.9753e-08 79.583 17.135 0.10695
79.5893 17.0897 0.100006 0.0341669 79.583 17.135 0.10695
79.6532 17.2454 0.101981 0.00560166 79.583 17.135 0.10695
79.3729 17.3372 0.0978607 0.000107256 79.583 17.135 0.10695
78.8722 17.3059 0.116174 2.52703e-09 79.583 17.135 0.10695
79.0279 17.4528 0.106394 5.73863e-08 79.583 17.135 0.10695
79.7768 17.464 0.0987671 4.40383e-06 79.583 17.135 0.10695
79.4671 17.1803 0.117459 0.000787594 79.583 17.135 0.10695
79.8543 17.2329 0.10025 0.000503865 79.583 17.135 0.10695
80.07 16.9545 0.107339 7.45668e-05 79.583 17.135 0.10695
79.8377 17.353 0.110775 3.2548e-05 79.583 17.135 0.10695
79.4933 16.6846 0.124717 8.6298e-06 79.583 17.135 0.10695
79.3595 17.0827 0.126141 1.02487e-06 79.583 17.135 0.10695
