274.354 19.6933 5.39067 2.17673e-07
274.939 19.0219 5.39384 4.52448e-08
274.334 19.242 5.39857 0.00336372
274.287 19.4736 5.36686 2.42713e-08
274.174 19.3022 5.39382 0.00277789
274.265 19.1102 5.39066 0.0853123
274.536 19.0358 5.39087 0.051067
274.37 18.796 5.39587 3.26868e-05
274.368 18.7482 5.36902 0.00148165
274.585 18.8444 5.41067 1.70939e-12
274.175 19.3715 5.37842 0.000381957
274.503 19.3505 5.39943 0.000457717
274.182 18.9733 5.38202 0.0410281
274.3 19.0533 5.39617 0.00611605
274.34 19.2814 5.3879 0.111191
274.596 18.7083 5.38933 2.19369e-05
273.7 18.9727 5.38796 3.7724e-11
274.573 18.862 5.37665 0.0418838
273.923 19.2165 5.39852 3.29681e-07
273.957 19.0006 5.3975 4.64619e-07
274.441 19.7141 5.37197 1.85381e-11
274.2 19.1884 5.39225 0.0187082
274.121 19.2537 5.38584 0.00565303
274.353 19.1043 5.39094 0.157092
273.793 19.455 5.37907 1.11923e-11
274.637 19.0503 5.39382 0.00241117
274.451 19.1931 5.41607 3.02478e-11
274.623 19.4945 5.37901 2.17083e-05
274.952 19.3448 5.40166 9.7242e-11
274.768 19.6102 5.38523 2.34784e-08
274.165 19.5022 5.38299 2.04504e-05
274.051 19.9285 5.40509 2.2415e-16
274.746 19.711 5.36199 1.04484e-17
274.506 19.9556 5.37512 5.42115e-18
273.992 19.5873 5.38365 4.30554e-09
274.136 18.8145 5.35803 3.20392e-08
274.512 18.4358 5.3748 3.76181e-08
275.036 18.5634 5.38285 1.96149e-13
274.118 19.1706 5.39098 0.00501998
274.343 19.4059 5.38366 0.00712951
274.678 19.4167 5.39246 0.000137864
274.324 18.6821 5.38483 0.000235304
274.08 18.7781 5.39294 1.78987e-06
274.381 18.8176 5.38732 0.00928697
274.306 18.0679 5.39119 5.57021e-24
274.987 19.1265 5.38669 2.01791e-07
274.473 18.8579 5.38555 0.0388899
274.718 19.532 5.37889 5.59346e-07
275.006 18.8459 5.37472 2.76844e-08
274.229 19.3793 5.37972 0.00144052
274.006 19.2413 5.38552 0.000184152
274.429 19.0216 5.37254 0.115739
274.309 19.479 5.38847 0.000915943
274.649 19.5171 5.40565 1.78218e-08
274.261 19.8696 5.37035 1.62638e-17
274.002 19.2168 5.4024 4.98718e-07
274.646 19.2726 5.39096 0.00580293
274.264 18.9993 5.40003 0.000124142
274.297 19.2451 5.40251 0.00017369
274.024 19.3708 5.37263 1.86992e-07
273.512 18.885 5.38559 1.85131e-17
274.218 19.7031 5.39439 3.04773e-08
274.459 19.353 5.35888 2.15112e-09
274.175 19.2075 5.39728 0.00122036
274.62 19.2752 5.37593 0.00541043
274.133 18.8918 5.3849 0.00328118
274.415 18.7394 5.3853 0.0020382
274.24 18.7065 5.37228 0.000327519
274.397 19.2576 5.40462 3.69862e-05
273.507 19.4034 5.38971 3.32897e-18
274.434 18.9379 5.39521 0.00237331
274.291 19.4335 5.38379 0.00207005
274.747 19.9209 5.37411 6.13627e-19
274.366 19.3771 5.37779 0.00354309
274.513 19.4987 5.3848 0.000356542
274.673 18.7422 5.38953 1.36416e-05
274.544 18.9578 5.38946 0.0324669
274.213 19.4975 5.40313 1.75691e-06
274.105 18.8949 5.39212 0.000146276
273.973 18.9369 5.37966 4.38371e-05
274.545 18.9421 5.37919 0.192178
274.769 19.551 5.36451 1.86249e-12
274.576 19.1031 5.39922 0.000334805
275.077 19.0876 5.39516 1.88861e-11
274.235 19.3036 5.37881 0.00797227
273.952 19.3403 5.3893 4.90149e-06
274.361 18.6393 5.37329 0.000229975
274.386 19.4067 5.3695 1.03043e-05
274.648 19.618 5.38775 5.16367e-07
274.595 19.0166 5.39415 0.00312142
274.353 19.0258 5.39354 0.0274024
273.826 19.7442 5.3748 2.13187e-18
274.158 19.6432 5.40149 1.86955e-08
274.325 19.0234 5.36019 1.15668e-05
274.434 19.3432 5.40393 3.53436e-05
274.287 18.5889 5.38669 1.57891e-06
274.759 18.8055 5.38296 0.00013848
274.385 18.7704 5.40329 1.04288e-08
274.973 19.1588 5.38044 7.17222e-07
274.439 19.4528 5.39413 0.00112056
