132.953 20.2024 0.0632137 0.000434934 132.55 20.368 0.066793
133.157 20.1185 0.0729205 1.3481e-07 132.55 20.368 0.066793
132.527 20.4672 0.0785418 0.000316242 132.55 20.368 0.066793
132.839 20.167 0.0689291 0.00540255 132.55 20.368 0.066793
132.501 20.6293 0.0931416 8.43905e-18 132.55 20.368 0.066793
132.59 21.0601 0.0564793 1.06848e-11 132.55 20.368 0.066793
133.01 20.3145 0.0741396 2.6224e-05 132.55 20.368 0.066793
132.892 20.3024 0.0633381 0.00466904 132.55 20.368 0.066793
132.705 20.1494 0.0626319 0.0352612 132.55 20.368 0.066793
132.996 20.9842 0.0683107 4.54906e-12 132.55 20.368 0.066793
133.017 20.3592 0.0751395 7.00393e-06 132.55 20.368 0.066793
132.6 20.7158 0.0662494 0.00164138 132.55 20.368 0.066793
132.554 20.6274 0.0633414 0.0132359 132.55 20.368 0.066793
132.401 20.1927 0.0443278 2.22605e-13 132.55 20.368 0.066793
132.686 20.0391 0.0505451 2.37559e-08 132.55 20.368 0.066793
133.077 20.5116 0.0582838 0.000257991 132.55 20.368 0.066793
132.807 19.9303 0.0442213 1.8932e-15 132.55 20.368 0.066793
132.771 20.4498 0.0590881 0.00571727 132.55 20.368 0.066793
133.169 20.7039 0.0532728 7.27662e-07 132.55 20.368 0.066793
133.546 19.9628 0.0623523 2.20293e-16 132.55 20.368 0.066793
132.753 20.7129 0.0702626 0.000103634 132.55 20.368 0.066793
133.016 20.1379 0.0692408 0.000155972 132.55 20.368 0.066793
133.495 21.0961 0.0707538 3.01758e-23 132.55 20.368 0.066793
132.138 20.6534 0.0673748 2.39515e-05 132.55 20.368 0.066793
132.994 19.9867 0.0608533 9.34724e-07 132.55 20.368 0.066793
132.753 20.4787 0.0649503 0.0485577 132.55 20.368 0.066793
132.508 20.0586 0.0900427 7.00374e-13 132.55 20.368 0.066793
132.571 19.9154 0.0646766 0.000741298 132.55 20.368 0.066793
132.245 20.7059 0.0665875 9.13092e-05 132.55 20.368 0.066793
132.595 20.2219 0.0667746 0.437256 132.55 20.368 0.066793
132.313 21.0787 0.0614582 7.10494e-12 132.55 20.368 0.066793
132.401 20.6489 0.0602037 0.000622092 132.55 20.368 0.066793
132.724 20.4959 0.0652337 0.0613849 132.55 20.368 0.066793
133.1 20.4437 0.0753988 1.21794e-07 132.55 20.368 0.066793
132.359 20.3548 0.0498236 2.68375e-08 132.55 20.368 0.066793
133.287 20.4719 0.0732393 1.84162e-10 132.55 20.368 0.066793
132.434 19.9552 0.0803304 1.81861e-06 132.55 20.368 0.066793
132.199 20.1501 0.0593287 3.88374e-05 132.55 20.368 0.066793
132.929 20.7856 0.0828489 2.15249e-14 132.55 20.368 0.066793
133.145 20.1036 0.0755246 2.9141e-08 132.55 20.368 0.066793
131.929 20.7921 0.0632428 2.24921e-11 132.55 20.368 0.066793
132.718 20.3161 0.0587336 0.0133055 132.55 20.368 0.066793
132.396 20.2257 0.0804759 8.50813e-05 132.55 20.368 0.066793
132.947 20.8456 0.0703057 5.32044e-09 132.55 20.368 0.066793
133.768 19.7326 0.078648 5.41447e-30 132.55 20.368 0.066793
132.689 20.1542 0.0595059 0.00794474 132.55 20.368 0.066793
133.147 20.7379 0.067588 5.59488e-08 132.55 20.368 0.066793
132.574 20.148 0.0787598 0.000264285 132.55 20.368 0.066793
133.177 20.6739 0.079386 1.75345e-13 132.55 20.368 0.066793
133.072 20.3596 0.0898125 4.45978e-16 132.55 20.368 0.066793
133.121 21.1124 0.0701144 4.30213e-15 132.55 20.368 0.066793
133.341 20.6148 0.0614196 3.02429e-09 132.55 20.368 0.066793
132.339 20.224 0.0904636 1.70838e-12 132.55 20.368 0.066793
132.78 20.0874 0.0681572 0.00721191 132.55 20.368 0.066793
132.347 20.0615 0.0618909 0.00183101 132.55 20.368 0.066793
132.814 20.5132 0.0744368 0.000165333 132.55 20.368 0.066793
132.568 19.9139 0.056222 1.66571e-06 132.55 20.368 0.066793
132.811 20.5022 0.0543776 3.01654e-05 132.55 20.368 0.066793
132.932 20.0955 0.0503302 2.03442e-09 132.55 20.368 0.066793
132.632 20.0506 0.0675203 0.0287733 132.55 20.368 0.066793
132.856 20.3748 0.062265 0.00834117 132.55 20.368 0.066793
133.134 20.0763 0.0443831 9.67824e-13 132.55 20.368 0.066793
132.751 20.3762 0.070629 0.0376524 132.55 20.368 0.066793
132.152 20.361 0.0692419 0.00265919 132.55 20.368 0.066793
133.011 20.5858 0.0627679 0.000818224 132.55 20.368 0.066793
132.497 20.1787 0.0588408 0.00804017 132.55 20.368 0.066793
132.126 20.5798 0.0775355 1.3284e-06 132.55 20.368 0.066793
132.254 20.3438 0.0544147 2.8329e-06 132.55 20.368 0.066793
132.525 20.0172 0.0752092 0.00116766 132.55 20.368 0.066793
132.617 20.8984 0.0607723 5.43567e-07 132.55 20.368 0.066793
132.501 20.8671 0.096476 6.24941e-26 132.55 20.368 0.066793
132.644 20.6265 0.0794212 1.48941e-06 132.55 20.368 0.066793
133.05 19.9024 0.0554216 4.737e-09 132.55 20.368 0.066793
132.734 20.2568 0.0735213 0.00971455 132.55 20.368 0.066793
132.535 20.5275 0.0498065 1.21797e-07 132.55 20.368 0.066793
133.132 20.2127 0.046504 9.46043e-10 132.55 20.368 0.066793
132.408 20.5674 0.0609402 0.00602732 132.55 20.368 0.066793
132.459 20.1971 0.0561403 0.000491485 132.55 20.368 0.066793
132.713 20.3048 0.0655561 0.216428 132.55 20.368 0.066793
132.813 20.0292 0.0662786 0.00133 132.55 20.368 0.066793
132.688 20.9567 0.046657 2.83619e-15 132.55 20.368 0.066793
132.749 20.0377 0.0663249 0.00531899 132.55 20.368 0.066793
132.028 20.3698 0.0733083 1.68107e-05 132.55 20.368 0.066793
132.869 20.3654 0.0734712 0.000400911 132.55 20.368 0.066793
133.19 20.7379 0.0589918 3.69204e-07 132.55 20.368 0.066793
132.314 20.1959 0.0565658 7.44689e-05 132.55 20.368 0.066793
132.17 19.8835 0.0633592 4.93746e-07 132.55 20.368 0.066793
133.178 20.831 0.0806709 6.50219e-17 132.55 20.368 0.066793
133.042 20.7684 0.0778169 1.81764e-11 132.55 20.368 0.066793
132.297 20.0727 0.0791824 2.99022e-05 132.55 20.368 0.066793
132.724 20.6311 0.0692858 0.00252646 132.55 20.368 0.066793
133.094 20.5338 0.0539434 3.87445e-05 132.55 20.368 0.066793
132.79 20.4679 0.0566951 0.000589366 132.55 20.368 0.066793
132.851 20.6912 0.0442702 7.05549e-14 132.55 20.368 0.066793
132.76 20.0056 0.0670674 0.00206016 132.55 20.368 0.066793
133 19.9766 0.0459949 4.99975e-12 132.55 20.368 0.066793
132.869 20.2086 0.0736705 0.000271434 132.55 20.368 0.066793
132.729 20.4078 0.0721153 0.0204014 132.55 20.368 0.066793
132.874 20.1681 0.0560172 3.19739e-05 132.55 20.368 0.066793
132.784 20.2146 0.0462899 1.53027e-10 132.55 20.368 0.066793
