141.991 20.9704 0.0670069 0.00594585 141.94 21.226 0.060682
142.027 20.5023 0.0707444 8.68339e-11 141.94 21.226 0.060682
142.46 20.9541 0.0594101 8.34038e-06 141.94 21.226 0.060682
142.118 21.3878 0.0583592 0.0444134 141.94 21.226 0.060682
141.975 20.6762 0.0721962 1.21249e-07 141.94 21.226 0.060682
142.166 21.3403 0.0585321 0.0515826 141.94 21.226 0.060682
141.598 21.0644 0.0579853 8.14192e-06 141.94 21.226 0.060682
141.417 21.1107 0.0640387 2.30607e-07 141.94 21.226 0.060682
142.115 20.8113 0.0557432 2.63221e-05 141.94 21.226 0.060682
142.615 21.1619 0.0584619 5.17536e-07 141.94 21.226 0.060682
142.566 21.3392 0.0710814 4.42961e-11 141.94 21.226 0.060682
142.387 22.0295 0.0666436 4.94862e-17 141.94 21.226 0.060682
142.152 21.2406 0.0452121 7.96944e-06 141.94 21.226 0.060682
142.297 21.0163 0.0613276 0.00159892 141.94 21.226 0.060682
141.252 21.1631 0.0692862 2.23242e-10 141.94 21.226 0.060682
141.763 21.4161 0.058436 0.00131045 141.94 21.226 0.060682
141.814 20.4279 0.0661569 3.00463e-12 141.94 21.226 0.060682
141.342 20.8934 0.082029 8.20501e-13 141.94 21.226 0.060682
142.093 21.2348 0.064138 0.0690137 141.94 21.226 0.060682
141.725 21.6757 0.0470919 9.6691e-11 141.94 21.226 0.060682
141.84 20.7473 0.0752399 1.6578e-07 141.94 21.226 0.060682
142.099 21.2357 0.0522433 0.00768916 141.94 21.226 0.060682
141.913 21.3818 0.0572328 0.0172298 141.94 21.226 0.060682
142.137 21.1197 0.0547959 0.016115 141.94 21.226 0.060682
141.395 21.1697 0.0325604 1.27761e-31 141.94 21.226 0.060682
141.882 21.1169 0.0662802 0.033735 141.94 21.226 0.060682
141.908 21.082 0.0490482 8.78766e-06 141.94 21.226 0.060682
141.845 21.3386 0.0533517 0.000797523 141.94 21.226 0.060682
142.218 20.9929 0.0717411 1.21907e-05 141.94 21.226 0.060682
141.846 20.9321 0.0466434 2.27249e-09 141.94 21.226 0.060682
141.808 20.6704 0.067669 4.65668e-07 141.94 21.226 0.060682
141.988 20.8451 0.0692166 0.000149162 141.94 21.226 0.060682
141.215 20.8739 0.0675415 5.86884e-13 141.94 21.226 0.060682
142.248 20.6897 0.0562795 1.09567e-07 141.94 21.226 0.060682
141.833 21.0145 0.0524383 2.48258e-05 141.94 21.226 0.060682
142.586 21.3872 0.0675496 8.2451e-10 141.94 21.226 0.060682
141.521 21.5717 0.05797 1.908e-08 141.94 21.226 0.060682
141.984 20.4824 0.0713762 3.02401e-11 141.94 21.226 0.060682
141.966 21.1399 0.0633355 0.102297 141.94 21.226 0.060682
141.449 20.6507 0.0668243 2.3628e-11 141.94 21.226 0.060682
142.389 20.8992 0.0619649 1.24619e-05 141.94 21.226 0.060682
142.218 20.6174 0.0691663 2.5963e-09 141.94 21.226 0.060682
141.61 21.1077 0.0536835 4.26329e-07 141.94 21.226 0.060682
141.748 20.7328 0.0496752 9.67369e-12 141.94 21.226 0.060682
141.773 21.402 0.0697312 0.000465168 141.94 21.226 0.060682
142.529 21.0827 0.0555039 8.89283e-06 141.94 21.226 0.060682
141.622 21.4505 0.0745011 3.74416e-07 141.94 21.226 0.060682
142.049 20.9927 0.0712874 0.000391699 141.94 21.226 0.060682
142.116 21.0938 0.0259109 1.2842e-25 141.94 21.226 0.060682
141.921 20.7928 0.0552457 3.23327e-06 141.94 21.226 0.060682
142.012 21.258 0.0599394 0.14393 141.94 21.226 0.060682
141.649 21.2938 0.0766193 1.1828e-06 141.94 21.226 0.060682
141.722 20.6931 0.0693804 2.56779e-07 141.94 21.226 0.060682
141.678 21.3172 0.043072 3.59461e-12 141.94 21.226 0.060682
142.077 21.6137 0.06795 9.17858e-06 141.94 21.226 0.060682
141.743 21.2516 0.061273 0.00739529 141.94 21.226 0.060682
141.968 21.5371 0.0523767 0.000228082 141.94 21.226 0.060682
142.263 20.9322 0.0743632 6.65732e-08 141.94 21.226 0.060682
141.453 20.8782 0.069086 5.79661e-08 141.94 21.226 0.060682
141.861 21.123 0.0651594 0.0391084 141.94 21.226 0.060682
141.671 20.7919 0.072429 9.35273e-07 141.94 21.226 0.060682
141.793 21.8694 0.0504115 2.47392e-11 141.94 21.226 0.060682
142.157 21.148 0.0616511 0.0602482 141.94 21.226 0.060682
141.697 21.0212 0.0628034 0.00086214 141.94 21.226 0.060682
142.129 21.0888 0.0639963 0.0310585 141.94 21.226 0.060682
141.894 21.0433 0.0680133 0.0103457 141.94 21.226 0.060682
142.025 21.3009 0.0630866 0.096298 141.94 21.226 0.060682
141.867 20.3548 0.0708332 2.81839e-14 141.94 21.226 0.060682
142.317 21.1177 0.0478395 2.83542e-05 141.94 21.226 0.060682
141.246 21.4657 0.0609699 8.63361e-13 141.94 21.226 0.060682
142.246 20.8866 0.0483579 4.21476e-07 141.94 21.226 0.060682
141.933 20.9256 0.0629658 0.00467605 141.94 21.226 0.060682
141.757 21.1091 0.0735429 0.000203051 141.94 21.226 0.060682
142.312 21.5418 0.0586969 0.000257258 141.94 21.226 0.060682
142.051 21.1383 0.0629779 0.100825 141.94 21.226 0.060682
141.984 21.1852 0.0580696 0.0814041 141.94 21.226 0.060682
141.809 20.9309 0.0670147 0.00132089 141.94 21.226 0.060682
142.087 21.0809 0.0445308 2.74891e-07 141.94 21.226 0.060682
142.192 21.5237 0.0611885 0.00152827 141.94 21.226 0.060682
141.848 20.6672 0.0606747 2.41541e-07 141.94 21.226 0.060682
142.232 20.2456 0.0541348 4.5958e-20 141.94 21.226 0.060682
141.413 20.7878 0.0505361 1.18218e-16 141.94 21.226 0.060682
141.842 20.7077 0.048217 5.27038e-12 141.94 21.226 0.060682
141.381 21.5961 0.057103 6.88882e-12 141.94 21.226 0.060682
142.256 21.4532 0.0583526 0.0043411 141.94 21.226 0.060682
141.995 20.9638 0.0551694 0.00103244 141.94 21.226 0.060682
141.825 20.7924 0.0718154 7.58614e-06 141.94 21.226 0.060682
142.191 21.3461 0.0722837 9.3179e-06 141.94 21.226 0.060682
141.709 21.6379 0.0502873 7.49597e-09 141.94 21.226 0.060682
141.474 21.7138 0.066702 1.1755e-10 141.94 21.226 0.060682
141.362 21.418 0.0557865 2.59424e-11 141.94 21.226 0.060682
141.636 20.9115 0.0544902 5.63944e-08 141.94 21.226 0.060682
142.565 21.4553 0.0507218 9.66071e-07 141.94 21.226 0.060682
141.79 20.8482 0.0783925 7.86463e-08 141.94 21.226 0.060682
142.027 21.4649 0.0558516 0.00884491 141.94 21.226 0.060682
142.221 20.7118 0.0681468 1.98344e-07 141.94 21.226 0.060682
142.079 21.4115 0.0657351 0.00693594 141.94 21.226 0.060682
141.964 21.3834 0.0623889 0.0456425 141.94 21.226 0.060682
142.204 21.4373 0.0500288 0.000597301 141.94 21.226 0.060682
141.851 20.483 0.0548998 2.47542e-13 141.94 21.226 0.060682
