-17.5105 -91.625 2.81287 0.0818469
-17.596 -91.3784 2.78587 7.93043e-07
-18.025 -91.395 2.78926 7.36051e-05
-18.0164 -91.9189 2.78814 9.82768e-09
-18.1841 -91.91 2.79804 2.22467e-07
-17.4279 -91.7175 2.814 0.0186944
-17.5794 -92.1836 2.80517 1.11583e-07
-17.5898 -92.1419 2.80442 4.74628e-07
-17.7682 -91.8934 2.80605 0.000995639
-17.7828 -91.3285 2.81498 0.00395476
-17.7455 -91.7272 2.80169 0.0160335
-18.4126 -91.7191 2.79166 2.79642e-09
-17.7912 -92.148 2.80353 1.8997e-07
-17.8185 -91.5502 2.80964 0.0492963
-17.5469 -91.67 2.79176 2.4736e-05
-17.5048 -92.0999 2.79641 1.02922e-08
-17.7054 -91.8126 2.80657 0.00887611
-17.317 -91.8876 2.79638 2.70066e-07
-17.7518 -91.8127 2.80422 0.005626
-17.0713 -91.9985 2.80922 8.88244e-08
-18.1983 -91.7922 2.82491 1.91824e-13
-17.7908 -91.9286 2.79631 1.44782e-05
-17.0949 -92.2558 2.80868 1.16075e-11
-18.067 -91.8681 2.79146 3.42237e-07
-17.7449 -91.553 2.79258 0.00116781
-17.9783 -91.7665 2.7895 2.28891e-06
-17.5754 -91.7419 2.79989 0.00456826
-17.2315 -91.3018 2.78843 1.81836e-09
-17.3275 -92.4814 2.80824 1.7379e-14
-17.9153 -92.318 2.81495 5.41171e-12
-18.1963 -91.0496 2.80466 7.03979e-07
-17.9946 -91.6156 2.8002 0.004208
-17.5293 -91.7745 2.82511 1.17547e-05
-17.8511 -91.8225 2.81177 0.000645236
-17.4733 -92.2101 2.79116 2.72297e-13
-17.374 -91.9075 2.78924 2.06075e-10
-17.5617 -92.4655 2.81196 4.27933e-13
-17.7174 -92.1181 2.79346 2.48666e-09
-17.7315 -91.3544 2.79194 0.00129475
-17.4873 -92.0289 2.80374 1.05403e-05
-17.0393 -91.5299 2.80784 4.44846e-05
-18.0738 -91.3362 2.80123 0.00192134
-17.5606 -91.4635 2.80529 0.277327
-17.3081 -91.6404 2.80806 0.0135035
-17.7534 -91.2942 2.80504 0.108924
-17.789 -91.6823 2.78694 1.31128e-06
-17.8949 -91.7507 2.82322 1.65516e-07
-17.6099 -91.7721 2.80371 0.013762
-17.9495 -91.4879 2.79449 0.00299771
-18.4392 -91.808 2.79688 6.38081e-10
-17.4289 -91.2184 2.79054 3.19248e-06
-17.0532 -91.9031 2.80258 1.5738e-08
-17.1046 -92.4026 2.78189 1.74591e-29
-17.9769 -92.2653 2.78331 4.43704e-17
-17.5586 -91.9934 2.80354 5.03425e-05
-16.6242 -91.8052 2.79907 6.59613e-18
-18.2055 -91.0304 2.79616 1.21864e-06
-18.0511 -92.2003 2.81599 1.14433e-11
-17.851 -91.441 2.79875 0.0433158
-17.2649 -92.0262 2.80519 7.8458e-07
-18.2614 -92.2007 2.79993 1.37455e-12
-17.3155 -91.5438 2.7987 0.00049829
-17.1379 -91.5661 2.79747 1.10965e-06
-17.3395 -91.4229 2.81872 0.00574873
-17.2273 -91.9098 2.80207 1.60131e-06
-17.7918 -91.725 2.80085 0.0106068
-17.3063 -92.0087 2.78786 1.68876e-13
-17.9049 -92.0284 2.81044 2.37023e-06
-17.2156 -91.7036 2.80846 0.00128303
-17.7506 -91.5185 2.79339 0.00280532
-17.2071 -91.467 2.79318 2.59202e-07
-17.4361 -91.1397 2.82 9.31492e-05
-17.0343 -91.5161 2.8028 2.94261e-06
-17.9209 -91.9812 2.7826 3.55713e-12
-17.613 -92.2457 2.82024 8.36799e-10
-17.6135 -92.0781 2.79606 5.55646e-08
-18.4906 -92.1102 2.79958 1.02545e-14
-17.7047 -92.5198 2.81597 4.16909e-15
-17.6146 -91.8504 2.81006 0.00513973
-17.4009 -91.6571 2.80074 0.00325603
-17.8868 -91.7432 2.77685 6.04728e-13
-16.6043 -91.3865 2.81505 6.02697e-12
-17.6996 -91.9131 2.79746 4.54743e-05
-17.9004 -92.2126 2.79776 5.88504e-10
-18.0774 -92.2815 2.78359 1.49915e-17
-17.7868 -91.4854 2.80032 0.0918461
-17.6147 -91.3224 2.78808 1.23183e-05
-17.7421 -91.6215 2.80889 0.0858986
-17.9581 -92.3218 2.80439 1.41807e-11
-16.8787 -91.6685 2.80027 1.8914e-10
-17.6979 -91.6929 2.81087 0.0393209
-17.9459 -91.6593 2.80815 0.00414985
-17.5465 -91.3251 2.79934 0.0307087
-17.582 -91.2191 2.77258 2.48469e-16
-18.1231 -92.6725 2.80538 5.64496e-22
-18.0324 -92.0918 2.78822 2.19972e-11
-17.2305 -91.2452 2.78762 4.3392e-10
-17.0931 -92.1663 2.8161 2.17365e-09
-17.8874 -91.4202 2.80216 0.0575795
-17.4549 -91.7901 2.8022 0.00179792
