23.5222 -86.8124 3.80773 9.00028e-07 24.012 -86.76 3.8025
24.3227 -86.6572 3.82176 1.07156e-08 24.012 -86.76 3.8025
23.7728 -86.3322 3.79267 0.00204482 24.012 -86.76 3.8025
24.2375 -86.3351 3.7957 1.46837e-06 24.012 -86.76 3.8025
24.0944 -86.6086 3.8204 1.24542e-08 24.012 -86.76 3.8025
23.8033 -86.8804 3.79558 0.00320241 24.012 -86.76 3.8025
24.2157 -86.6945 3.79959 0.00111365 24.012 -86.76 3.8025
24.1293 -86.4613 3.80161 0.0134415 24.012 -86.76 3.8025
23.8576 -86.5684 3.79409 0.0264129 24.012 -86.76 3.8025
23.4919 -86.9197 3.81228 2.83766e-11 24.012 -86.76 3.8025
24.021 -86.5069 3.79908 0.0512042 24.012 -86.76 3.8025
24.0541 -86.3749 3.79949 0.00677182 24.012 -86.76 3.8025
24.1471 -86.6967 3.81134 0.00396941 24.012 -86.76 3.8025
24.0055 -86.4035 3.78637 1.75797e-08 24.012 -86.76 3.8025
23.747 -86.6233 3.79668 0.143045 24.012 -86.76 3.8025
23.6713 -86.7353 3.78956 0.000515253 24.012 -86.76 3.8025
23.9293 -87.6644 3.78882 1.65233e-26 24.012 -86.76 3.8025
24.4595 -86.972 3.79012 1.66488e-17 24.012 -86.76 3.8025
23.7027 -86.0248 3.8148 9.01394e-16 24.012 -86.76 3.8025
24.0336 -86.9886 3.7917 6.60111e-08 24.012 -86.76 3.8025
23.9389 -86.432 3.79961 0.0657777 24.012 -86.76 3.8025
23.5305 -86.4486 3.81352 2.10889e-11 24.012 -86.76 3.8025
24.3312 -86.4285 3.81658 8.41206e-07 24.012 -86.76 3.8025
24.1525 -87.1432 3.78495 1.25933e-18 24.012 -86.76 3.8025
23.7924 -86.2088 3.8247 8.80223e-22 24.012 -86.76 3.8025
23.8393 -86.8572 3.79393 0.00127565 24.012 -86.76 3.8025
23.95 -86.6716 3.8167 9.35104e-07 24.012 -86.76 3.8025
23.333 -87.2715 3.79237 5.43005e-13 24.012 -86.76 3.8025
23.9782 -86.8427 3.80685 0.0164451 24.012 -86.76 3.8025
24.3192 -86.3263 3.80025 4.01873e-06 24.012 -86.76 3.8025
24.0899 -86.8572 3.82218 2.42962e-10 24.012 -86.76 3.8025
23.8218 -86.193 3.80863 1.10823e-06 24.012 -86.76 3.8025
24.3099 -86.3112 3.79931 1.96954e-06 24.012 -86.76 3.8025
24.3659 -86.9643 3.80476 4.25548e-06 24.012 -86.76 3.8025
24.5224 -86.5475 3.80253 1.16803e-07 24.012 -86.76 3.8025
24.1579 -86.594 3.80277 0.0279836 24.012 -86.76 3.8025
24.2643 -86.8142 3.80241 0.000503033 24.012 -86.76 3.8025
23.8963 -86.3733 3.77752 1.73285e-15 24.012 -86.76 3.8025
23.9073 -87.0877 3.80457 5.30967e-05 24.012 -86.76 3.8025
24.4737 -86.4674 3.80861 6.4618e-06 24.012 -86.76 3.8025
23.3814 -86.9054 3.81194 1.98102e-13 24.012 -86.76 3.8025
23.6602 -87.0224 3.78626 4.16131e-09 24.012 -86.76 3.8025
24.3621 -86.8395 3.80127 6.15913e-06 24.012 -86.76 3.8025
23.6681 -86.9024 3.80372 0.000720202 24.012 -86.76 3.8025
24.3339 -86.5385 3.7977 3.65365e-06 24.012 -86.76 3.8025
23.5471 -86.8003 3.80111 0.00106837 24.012 -86.76 3.8025
24.0498 -86.4197 3.81008 0.0011577 24.012 -86.76 3.8025
23.6017 -86.9093 3.80014 0.000694526 24.012 -86.76 3.8025
23.0564 -86.6348 3.79191 3.17023e-09 24.012 -86.76 3.8025
24.0855 -86.1926 3.80895 5.75128e-06 24.012 -86.76 3.8025
24.056 -86.5279 3.81792 2.64112e-07 24.012 -86.76 3.8025
24.1928 -86.2563 3.8029 7.85779e-05 24.012 -86.76 3.8025
24.1725 -86.8219 3.80883 0.00505675 24.012 -86.76 3.8025
23.8692 -86.7416 3.80106 0.165678 24.012 -86.76 3.8025
24.1588 -86.6152 3.80374 0.0345595 24.012 -86.76 3.8025
24.6646 -86.2984 3.79747 1.66979e-15 24.012 -86.76 3.8025
23.9974 -86.3633 3.79148 3.26858e-05 24.012 -86.76 3.8025
23.8933 -86.8895 3.7865 9.362e-09 24.012 -86.76 3.8025
23.9819 -86.4274 3.80232 0.0548443 24.012 -86.76 3.8025
23.9397 -86.6528 3.82153 3.99909e-11 24.012 -86.76 3.8025
24.8131 -87.0465 3.80989 2.39358e-14 24.012 -86.76 3.8025
23.6426 -86.2874 3.79716 0.00199082 24.012 -86.76 3.8025
24.178 -86.5033 3.80628 0.0129816 24.012 -86.76 3.8025
23.8986 -86.5059 3.80661 0.0277952 24.012 -86.76 3.8025
24.8761 -86.496 3.8143 2.94333e-13 24.012 -86.76 3.8025
23.7565 -86.162 3.79814 0.00012538 24.012 -86.76 3.8025
23.865 -86.9545 3.78511 1.85457e-10 24.012 -86.76 3.8025
24.5162 -86.3828 3.80144 8.22418e-09 24.012 -86.76 3.8025
24.5903 -86.8597 3.79173 2.7239e-18 24.012 -86.76 3.8025
24.0086 -86.9862 3.80359 0.00127979 24.012 -86.76 3.8025
23.4344 -87.535 3.80161 5.15748e-19 24.012 -86.76 3.8025
24.0308 -86.303 3.78498 1.20018e-10 24.012 -86.76 3.8025
24.0918 -86.4681 3.79346 8.93425e-05 24.012 -86.76 3.8025
24.0257 -86.4355 3.80831 0.00582805 24.012 -86.76 3.8025
23.889 -86.7736 3.80553 0.0483925 24.012 -86.76 3.8025
24.1548 -86.4378 3.79671 0.000306515 24.012 -86.76 3.8025
23.5632 -86.7849 3.80001 0.00317471 24.012 -86.76 3.8025
24.1439 -86.8154 3.79545 3.57869e-05 24.012 -86.76 3.8025
24.2365 -86.7113 3.79406 9.87577e-07 24.012 -86.76 3.8025
23.6661 -86.3101 3.80644 1.76308e-05 24.012 -86.76 3.8025
24.2762 -86.5968 3.8138 0.000209596 24.012 -86.76 3.8025
23.8886 -87.0142 3.78996 6.38713e-08 24.012 -86.76 3.8025
23.64 -86.4705 3.79296 0.0157941 24.012 -86.76 3.8025
24.0154 -86.3825 3.80746 0.00376249 24.012 -86.76 3.8025
23.816 -86.7044 3.79857 0.166921 24.012 -86.76 3.8025
23.6245 -87.1793 3.81117 2.57467e-11 24.012 -86.76 3.8025
23.9213 -86.9105 3.80537 0.00694474 24.012 -86.76 3.8025
24.1381 -86.6831 3.80287 0.0366912 24.012 -86.76 3.8025
24.4489 -86.6313 3.81894 2.25538e-07 24.012 -86.76 3.8025
24.0126 -87.0262 3.81195 1.23485e-05 24.012 -86.76 3.8025
24.2244 -86.4313 3.79492 4.2688e-06 24.012 -86.76 3.8025
24.0007 -86.8242 3.78982 7.72751e-07 24.012 -86.76 3.8025
23.9447 -86.503 3.80766 0.0178589 24.012 -86.76 3.8025
24.8097 -86.7943 3.80388 1.45441e-14 24.012 -86.76 3.8025
23.6016 -86.1373 3.78258 1.48201e-09 24.012 -86.76 3.8025
24.2219 -85.9408 3.80584 7.89096e-11 24.012 -86.76 3.8025
23.6244 -87.0844 3.80002 5.53161e-06 24.012 -86.76 3.8025
24.0124 -86.4045 3.79937 0.0196546 24.012 -86.76 3.8025
23.809 -86.7081 3.80884 0.00243461 24.012 -86.76 3.8025
24.0035 -86.3755 3.82168 2.02036e-12 24.012 -86.76 3.8025
