224.257 -12.675 2.93331 0.00312855
224.231 -12.6892 2.95694 1.68272e-14
224.425 -13.0062 2.91372 2.53907e-17
223.822 -12.6566 2.9355 0.00612504
224.247 -12.1259 2.93321 8.31086e-10
224.352 -12.875 2.93982 0.000487886
223.504 -12.4404 2.9286 6.77032e-05
224.349 -13.1668 2.93837 2.44073e-05
223.942 -12.9217 2.93142 0.130081
224.221 -12.8394 2.92458 0.000135507
224.526 -12.9889 2.94517 9.06376e-07
223.863 -12.8292 2.92121 0.0163219
223.812 -13.0348 2.94539 2.82296e-08
224.476 -12.3817 2.93054 7.69813e-09
223.413 -12.8612 2.93276 1.0449e-05
224.334 -12.5357 2.93327 7.49007e-05
223.918 -12.4219 2.92955 0.00197135
224.192 -12.9036 2.92724 0.00178105
224.006 -12.691 2.93316 0.0686032
223.868 -12.6307 2.92719 0.102783
224.16 -12.3855 2.92425 4.0008e-06
223.744 -12.522 2.93594 0.000144873
224.185 -13.0279 2.91412 1.14066e-11
224.29 -13.1922 2.92835 2.07527e-06
224.043 -12.6888 2.91508 2.57755e-07
224.193 -12.6113 2.92521 0.000229063
223.814 -13.1862 2.91487 7.22639e-08
224.327 -12.6662 2.94952 2.64253e-08
224.543 -12.9823 2.94348 1.5499e-06
223.317 -12.8568 2.94059 9.15065e-13
224.56 -12.4007 2.93929 5.33462e-09
224.452 -12.1192 2.93101 1.38145e-12
224.005 -12.6888 2.93746 0.0082401
223.663 -12.8245 2.9252 0.122393
224.876 -12.7687 2.94759 8.06944e-12
224.016 -12.9747 2.9265 0.0174511
224.94 -13.1535 2.94081 2.41804e-14
223.647 -12.6349 2.90781 3.13283e-08
224.389 -12.7673 2.9438 2.50043e-05
223.717 -13.1002 2.93201 0.00255858
223.708 -12.4056 2.92738 0.00116142
224.31 -12.6283 2.90904 3.1409e-18
224.534 -13.4844 2.94077 1.18101e-11
224.596 -12.8366 2.92951 6.84163e-09
224.764 -13.4591 2.94203 1.5977e-14
224.63 -12.638 2.92713 3.72889e-11
223.734 -12.8702 2.93502 0.00610307
224.093 -12.8528 2.92089 0.000114701
224.045 -12.6645 2.94067 0.000505998
224.643 -12.2448 2.94138 9.83597e-13
224.403 -12.7449 2.95521 7.49818e-12
224.118 -12.5404 2.91232 4.21585e-11
223.857 -12.464 2.93707 7.32425e-05
223.768 -13.0781 2.92198 0.00255418
223.985 -12.6165 2.91394 1.86351e-07
224.721 -12.8253 2.94676 3.74901e-09
223.669 -13.451 2.95994 1.25901e-30
224.081 -12.7341 2.94309 0.000102565
224.142 -12.9432 2.94818 3.45967e-07
223.815 -12.7569 2.93517 0.0164684
224.298 -12.9706 2.93069 0.000467678
224.29 -12.7348 2.9301 0.00091212
223.466 -12.7631 2.92025 0.00886067
223.744 -13.0333 2.92533 0.0241033
224.263 -12.9047 2.92163 7.32547e-07
224.033 -13.1425 2.90738 1.39396e-16
224.439 -13.1182 2.94492 9.89371e-07
224.092 -12.5789 2.93273 0.0107923
223.907 -13.3605 2.93339 6.34521e-06
224.342 -12.5114 2.93585 4.20335e-05
224.286 -12.609 2.94853 4.11121e-08
224.312 -13.2078 2.95036 1.5668e-09
224.027 -13.0022 2.95146 1.28441e-10
224.551 -13.1651 2.93183 6.01276e-09
223.179 -12.8141 2.92486 1.72097e-06
224.049 -13.1652 2.94708 4.30923e-08
224.083 -12.9133 2.93042 0.0484728
223.957 -12.7902 2.93113 0.194353
224.544 -13.2574 2.94298 1.60837e-08
224.325 -12.8008 2.93473 0.0016853
224.225 -12.7599 2.93047 0.00573571
224.13 -12.5587 2.93213 0.00525815
224.765 -12.9683 2.92625 2.5643e-15
224.385 -13.103 2.92024 1.94184e-11
224.015 -12.7577 2.93314 0.101188
224.088 -12.3225 2.91407 4.26282e-11
224.157 -13.0788 2.95107 1.333e-09
223.815 -13.2259 2.91813 1.27373e-06
224.111 -13.0176 2.94381 4.40784e-05
224.225 -12.7655 2.9539 2.64977e-11
224.054 -13.5583 2.94408 5.36668e-12
224.131 -12.7774 2.95348 1.55458e-11
224.512 -13.2328 2.94121 9.74046e-08
223.977 -12.7258 2.9356 0.0333703
224.38 -12.7602 2.90802 2.63211e-21
224.382 -12.9022 2.93466 0.00035094
223.991 -13.4721 2.92164 2.04516e-10
224.449 -13.0374 2.93061 1.54472e-06
224.312 -12.5184 2.95336 2.24297e-12
224.016 -12.6369 2.93082 0.0546207
