253.075 28.8042 0.0388333 7.92669e-13
253.614 28.8965 0.0516911 0.00123631
253.643 29.0073 0.0307362 0.00121131
253.026 28.4403 0.0311781 6.42222e-27
253.629 29.2317 0.0481669 0.00256083
253.157 28.4624 0.0354797 6.53481e-19
253.381 28.803 0.0398478 1.68354e-05
253.795 28.3513 0.0500225 2.14485e-12
253.459 29.268 0.0660042 6.00421e-16
253.589 29.0699 0.0582499 2.9897e-07
253.553 28.5973 0.0544444 9.80092e-08
253.384 28.873 0.0428367 0.000289888
253.547 28.5698 0.0446248 1.28773e-06
253.821 28.4655 0.0486451 2.57046e-09
253.979 28.6868 0.0531675 7.25596e-09
253.489 28.9101 0.0299001 1.04904e-06
253.673 28.8624 0.0367456 0.0155026
253.559 28.9522 0.0475592 0.020932
253.245 28.4931 0.041384 3.8438e-13
253.469 28.858 0.027484 3.76393e-09
253.307 28.559 0.0528809 7.99745e-10
253.994 28.6048 0.0316694 1.92771e-08
254.351 29.2255 0.0317048 4.15678e-08
254.051 28.8304 0.0560595 9.67325e-11
253.244 28.1648 0.0372189 1.18882e-25
253.709 29.1982 0.0413019 0.162307
253.372 28.7113 0.0391946 4.60437e-07
254.085 29.6179 0.0333916 6.78917e-09
253.276 28.8666 0.0575909 2.11821e-08
253.435 28.8868 0.0360228 6.2019e-05
253.69 29.0156 0.0358589 0.119523
253.755 28.7771 0.0420274 0.00930396
253.413 29.3009 0.0477473 2.61736e-05
253.438 29.218 0.0389163 0.000910619
253.404 28.5962 0.0160847 5.83727e-27
253.829 28.9605 0.0542859 8.71606e-06
253.173 28.2596 0.0468322 6.41959e-20
253.752 28.423 0.0469781 9.85949e-10
253.304 28.5028 0.0407037 6.11672e-12
253.865 28.8914 0.0337438 0.0105313
254.202 29.0108 0.0294443 1.04313e-05
253.034 29.1541 0.0516597 1.18104e-11
253.541 29.1231 0.032058 0.000660221
253.775 29.1922 0.0364161 0.186459
253.609 28.4953 0.0383951 6.70025e-09
253.501 29.0558 0.0444831 0.0276931
253.547 28.7022 0.0406334 0.000118604
253.312 29.4638 0.0440867 1.16398e-08
253.485 28.9166 0.0402809 0.00562869
253.103 28.2971 0.057924 2.69135e-20
253.785 28.9202 0.0444893 0.0771835
254.065 28.792 0.0471228 2.28274e-06
253.589 28.0584 0.0499796 4.82484e-22
253.311 28.9768 0.0301125 1.50546e-09
253.398 28.965 0.0459314 0.00149613
253.635 28.6187 0.0406045 1.56552e-05
253.69 28.3334 0.0455413 4.601e-12
253.031 28.9593 0.0326705 3.7344e-16
254.046 28.6006 0.039359 1.29908e-07
253.57 28.3786 0.0489897 3.82388e-11
253.236 28.3889 0.0154536 2.12592e-39
253.777 28.7863 0.0177499 3.30354e-14
253.924 29.216 0.0334535 0.0329798
253.424 28.5102 0.0639619 1.60928e-14
253.677 28.7278 0.0318655 5.80852e-06
253.435 28.2513 0.0351591 7.99061e-20
253.193 28.8953 0.0487356 2.41581e-07
253.222 28.9641 0.0509961 7.2701e-07
253.655 28.5589 0.0634579 9.0265e-14
253.556 28.3568 0.0408741 1.72952e-12
253.161 28.7383 0.0451856 1.53355e-09
253.497 28.8429 0.0378487 0.000608205
253.963 29.1118 0.0354455 0.0598747
253.559 28.4689 0.0356195 5.18233e-11
253.709 29.5137 0.0587987 5.86789e-15
253.662 28.8774 0.0367768 0.0190679
253.764 29.5115 0.03476 3.49412e-05
253.978 28.2985 0.0466112 4.32174e-15
253.495 28.4797 0.0370888 7.60038e-11
253.048 28.6155 0.048704 9.22273e-14
253.556 28.3181 0.0527929 1.73744e-13
253.582 29.2024 0.049753 0.00103655
253.553 29.6435 0.0336523 1.96816e-09
254.036 29.0652 0.0587391 1.2728e-12
253.51 28.8831 0.0415718 0.00859122
253.617 29.3444 0.0467156 0.000326347
253.56 29.0742 0.0359157 0.0182024
253.486 28.9224 0.0410395 0.00791575
253.77 28.8751 0.046094 0.0240643
253.969 28.8779 0.0225446 4.03062e-08
253.727 28.75 0.0551618 1.78427e-06
253.222 29.0445 0.0538469 1.10635e-07
253.457 28.8332 0.0452103 0.00135398
253.71 29.172 0.0362244 0.158768
253.769 28.5235 0.0567883 8.29472e-11
253.393 28.6487 0.0395411 1.12979e-07
253.771 28.8171 0.043136 0.0212857
254.08 29.1285 0.0612611 1.49427e-16
253.417 28.9815 0.0469017 0.00218721
253.253 28.6179 0.0459826 2.41059e-09
