246.057 28.2211 0.0737103 0.340091 246.09 28.34 0.066075
245.834 28.4658 0.0732666 0.00295693 246.09 28.34 0.066075
245.965 28.2591 0.0650908 0.00440889 246.09 28.34 0.066075
245.95 28.3848 0.0511381 2.82167e-14 246.09 28.34 0.066075
245.95 27.639 0.0710439 2.38193e-12 246.09 28.34 0.066075
245.612 28.3549 0.0675568 3.62552e-08 246.09 28.34 0.066075
246.79 28.0339 0.0581416 4.66513e-15 246.09 28.34 0.066075
246.308 28.5424 0.0684871 0.00929568 246.09 28.34 0.066075
245.959 27.9804 0.0459206 2.18746e-28 246.09 28.34 0.066075
245.936 28.1467 0.0719468 0.0401553 246.09 28.34 0.066075
246.024 28.3072 0.0489423 2.48136e-16 246.09 28.34 0.066075
246.224 29.0192 0.064866 5.76083e-12 246.09 28.34 0.066075
245.771 28.2389 0.0652262 4.59836e-06 246.09 28.34 0.066075
246.056 28.3844 0.0471197 1.40191e-17 246.09 28.34 0.066075
245.875 29.0846 0.0694505 2.13099e-16 246.09 28.34 0.066075
245.95 28.2381 0.0620546 4.59044e-05 246.09 28.34 0.066075
245.459 28.6032 0.0547436 5.73853e-25 246.09 28.34 0.066075
246.734 28.5902 0.0441231 1.52084e-19 246.09 28.34 0.066075
246.414 28.6928 0.0859896 7.47972e-19 246.09 28.34 0.066075
245.513 28.8185 0.0653255 2.94136e-17 246.09 28.34 0.066075
245.557 28.4569 0.0557275 1.55794e-19 246.09 28.34 0.066075
246.319 28.0334 0.0697426 0.000729845 246.09 28.34 0.066075
246.513 28.4969 0.0771785 6.58191e-09 246.09 28.34 0.066075
245.959 27.9911 0.0688074 0.000156178 246.09 28.34 0.066075
246.569 27.8108 0.0621954 7.77263e-14 246.09 28.34 0.066075
246.321 28.8276 0.0760502 4.01305e-11 246.09 28.34 0.066075
245.752 28.927 0.0772543 8.21039e-15 246.09 28.34 0.066075
246.305 28.8018 0.0551658 2.03465e-09 246.09 28.34 0.066075
246.187 27.9719 0.0475445 2.69165e-22 246.09 28.34 0.066075
245.859 28.5082 0.057681 3.09571e-09 246.09 28.34 0.066075
245.869 28.3884 0.057726 6.26114e-09 246.09 28.34 0.066075
245.649 28.4458 0.0669825 9.86032e-08 246.09 28.34 0.066075
246.322 28.2036 0.0637393 0.00343388 246.09 28.34 0.066075
245.665 27.9605 0.0592055 1.18209e-17 246.09 28.34 0.066075
246.66 28.174 0.0800695 1.35153e-13 246.09 28.34 0.066075
246.017 28.3732 0.074419 0.176505 246.09 28.34 0.066075
246.095 28.0576 0.0660352 0.00094746 246.09 28.34 0.066075
245.924 28.9307 0.0928813 2.91725e-29 246.09 28.34 0.066075
245.908 28.7514 0.0798022 1.12337e-09 246.09 28.34 0.066075
245.603 28.1195 0.0705036 3.94527e-08 246.09 28.34 0.066075
246.032 28.7171 0.0671576 6.85459e-05 246.09 28.34 0.066075
246.048 28.3405 0.0786816 0.0124049 246.09 28.34 0.066075
246.267 28.0038 0.0743655 0.000569259 246.09 28.34 0.066075
245.868 28.5948 0.0782676 8.86456e-06 246.09 28.34 0.066075
246.21 28.0087 0.073204 0.00250668 246.09 28.34 0.066075
246.374 28.6242 0.055875 5.95243e-07 246.09 28.34 0.066075
246.328 28.6778 0.0784757 2.59046e-09 246.09 28.34 0.066075
245.571 28.1508 0.0707958 1.55299e-08 246.09 28.34 0.066075
245.654 27.8342 0.0626234 1.79157e-17 246.09 28.34 0.066075
246.284 28.4735 0.0688645 0.05068 246.09 28.34 0.066075
245.763 27.6448 0.0622302 3.54278e-21 246.09 28.34 0.066075
245.926 28.2213 0.0610294 3.04822e-06 246.09 28.34 0.066075
246.126 28.0596 0.0536612 6.35384e-13 246.09 28.34 0.066075
245.936 28.3407 0.0612503 3.15077e-05 246.09 28.34 0.066075
245.871 27.8099 0.065512 3.36473e-11 246.09 28.34 0.066075
245.624 28.763 0.0591874 1.80401e-16 246.09 28.34 0.066075
246.295 28.3581 0.0748498 0.00861357 246.09 28.34 0.066075
245.884 28.0665 0.0570624 1.38421e-12 246.09 28.34 0.066075
245.862 28.7871 0.068588 7.83501e-08 246.09 28.34 0.066075
245.972 28.0375 0.0639755 5.3519e-06 246.09 28.34 0.066075
246.061 28.2588 0.0607782 0.000152919 246.09 28.34 0.066075
245.859 28.6571 0.0697369 2.49701e-05 246.09 28.34 0.066075
246.015 28.6364 0.0773531 1.56778e-05 246.09 28.34 0.066075
246.197 28.6391 0.0569557 1.73398e-06 246.09 28.34 0.066075
246.21 28.4031 0.0652053 0.10752 246.09 28.34 0.066075
245.732 28.492 0.0631625 5.6699e-08 246.09 28.34 0.066075
245.97 27.9862 0.0756118 0.00182367 246.09 28.34 0.066075
246.171 28.322 0.0579279 2.42065e-05 246.09 28.34 0.066075
245.662 28.1941 0.0533788 1.01536e-20 246.09 28.34 0.066075
246.37 28.7049 0.0615247 1.20208e-05 246.09 28.34 0.066075
246.645 28.2301 0.0506906 4.27182e-14 246.09 28.34 0.066075
245.569 28.6879 0.06181 3.73677e-15 246.09 28.34 0.066075
246.162 29.1568 0.0705442 4.42093e-18 246.09 28.34 0.066075
246.289 28.0545 0.0648979 0.000225173 246.09 28.34 0.066075
245.681 29.2278 0.0592039 1.21845e-27 246.09 28.34 0.066075
245.685 28.5478 0.0481327 4.12576e-25 246.09 28.34 0.066075
245.589 28.4382 0.0607411 2.06381e-13 246.09 28.34 0.066075
246.549 28.588 0.0735894 1.05698e-08 246.09 28.34 0.066075
246.086 28.2089 0.0690058 0.22178 246.09 28.34 0.066075
245.883 28.6864 0.0724843 1.11427e-05 246.09 28.34 0.066075
246.064 28.0872 0.0673453 0.0055048 246.09 28.34 0.066075
245.967 28.2747 0.080697 0.00291046 246.09 28.34 0.066075
245.857 28.4179 0.068408 0.00392378 246.09 28.34 0.066075
246.234 28.1376 0.0777309 0.00239035 246.09 28.34 0.066075
245.561 28.3401 0.0745296 2.05369e-07 246.09 28.34 0.066075
245.696 28.1418 0.0656757 3.23207e-08 246.09 28.34 0.066075
245.943 28.1386 0.0908674 1.9962e-10 246.09 28.34 0.066075
246.167 28.2478 0.089926 7.71083e-12 246.09 28.34 0.066075
245.969 28.3167 0.0579151 2.40274e-07 246.09 28.34 0.066075
246.401 28.4351 0.0573982 1.79217e-05 246.09 28.34 0.066075
246.357 28.5271 0.0510646 4.91834e-10 246.09 28.34 0.066075
245.939 28.2382 0.0869416 3.8628e-07 246.09 28.34 0.066075
245.355 28.373 0.0521564 5.21767e-33 246.09 28.34 0.066075
246.542 28.302 0.0588782 1.58721e-06 246.09 28.34 0.066075
245.702 28.0944 0.082826 4.14254e-06 246.09 28.34 0.066075
245.773 28.0118 0.0660019 3.79063e-08 246.09 28.34 0.066075
246.167 28.068 0.039939 8.58076e-33 246.09 28.34 0.066075
246.042 29.3311 0.0777556 1.5879e-30 246.09 28.34 0.066075
246.497 28.5208 0.0696643 3.17476e-05 246.09 28.34 0.066075
246.036 28.7729 0.0570674 2.10715e-09 246.09 28.34 0.066075
