174.692 22.8735 0.0755131 1.19661e-13 175.47 23.449 0.070406
175.278 23.053 0.0520817 7.09654e-09 175.47 23.449 0.070406
175.612 23.8181 0.0652032 0.00262563 175.47 23.449 0.070406
175.459 23.4196 0.0667339 0.118278 175.47 23.449 0.070406
175.639 23.4334 0.0670366 0.0350995 175.47 23.449 0.070406
176.14 23.7479 0.0688686 8.52282e-10 175.47 23.449 0.070406
175.923 23.1167 0.0522296 1.45411e-08 175.47 23.449 0.070406
175.259 23.2529 0.0773348 0.00834844 175.47 23.449 0.070406
174.753 23.6062 0.0594778 1.51428e-10 175.47 23.449 0.070406
175.823 23.0029 0.0667895 2.25612e-07 175.47 23.449 0.070406
175.357 22.9947 0.0526318 5.45425e-09 175.47 23.449 0.070406
175.887 23.1856 0.0578309 2.26008e-06 175.47 23.449 0.070406
175.381 23.3358 0.0553834 0.0004045 175.47 23.449 0.070406
175.22 23.9667 0.0801362 3.44858e-06 175.47 23.449 0.070406
175.725 23.0263 0.0639896 3.23553e-06 175.47 23.449 0.070406
175.607 23.6488 0.0657173 0.0330806 175.47 23.449 0.070406
175.298 23.4268 0.0556023 0.0004254 175.47 23.449 0.070406
175.732 23.3763 0.0538267 0.00021009 175.47 23.449 0.070406
175.23 23.0049 0.0832352 5.04992e-06 175.47 23.449 0.070406
175.591 23.374 0.0637778 0.0286076 175.47 23.449 0.070406
175.551 23.5154 0.0650994 0.0929045 175.47 23.449 0.070406
175.153 23.1073 0.0673115 5.44669e-05 175.47 23.449 0.070406
175.094 23.3481 0.0863105 0.000218229 175.47 23.449 0.070406
175.344 23.1429 0.0667573 0.00129078 175.47 23.449 0.070406
175.345 23.0743 0.071234 0.000417839 175.47 23.449 0.070406
175.17 22.9625 0.0633462 1.3202e-07 175.47 23.449 0.070406
175.67 23.5939 0.0656728 0.0221023 175.47 23.449 0.070406
176.018 23.2234 0.0728869 2.3937e-08 175.47 23.449 0.070406
175.124 23.3516 0.0481516 3.05881e-09 175.47 23.449 0.070406
176.199 23.4008 0.0751436 7.96078e-12 175.47 23.449 0.070406
175.837 23.4505 0.0711663 0.000298994 175.47 23.449 0.070406
175.57 23.8261 0.0708692 0.00191267 175.47 23.449 0.070406
175.831 23.3814 0.06346 0.000602299 175.47 23.449 0.070406
175.417 23.7854 0.060779 0.00399718 175.47 23.449 0.070406
175.025 23.3216 0.0622438 1.69661e-05 175.47 23.449 0.070406
175.586 23.6632 0.0613673 0.020268 175.47 23.449 0.070406
175.498 23.7532 0.0500231 3.1334e-05 175.47 23.449 0.070406
175.467 23.7883 0.047916 2.82413e-06 175.47 23.449 0.070406
175.499 23.332 0.0730412 0.0409519 175.47 23.449 0.070406
175.643 24.1061 0.0549289 7.27022e-08 175.47 23.449 0.070406
175.462 23.3887 0.0734319 0.0791101 175.47 23.449 0.070406
175.608 23.7174 0.0707715 0.00888938 175.47 23.449 0.070406
175.761 23.2999 0.0621712 0.000880528 175.47 23.449 0.070406
175.277 23.4201 0.05537 0.000238576 175.47 23.449 0.070406
175.204 23.5007 0.0437963 8.73804e-10 175.47 23.449 0.070406
175.366 23.061 0.0668143 0.000159215 175.47 23.449 0.070406
175.267 23.0018 0.0711815 2.7749e-05 175.47 23.449 0.070406
175.521 23.1401 0.0489123 1.09006e-07 175.47 23.449 0.070406
175.156 23.2033 0.050296 4.845e-09 175.47 23.449 0.070406
175.242 23.5802 0.0461985 5.16986e-08 175.47 23.449 0.070406
174.931 23.5342 0.0725267 0.000125429 175.47 23.449 0.070406
176.081 23.608 0.0533644 1.26308e-07 175.47 23.449 0.070406
175.657 23.3155 0.0576965 0.00128402 175.47 23.449 0.070406
175.379 23.3721 0.0636314 0.0349433 175.47 23.449 0.070406
175.124 23.8021 0.0689568 0.000480281 175.47 23.449 0.070406
175.511 23.9145 0.0591388 0.000194102 175.47 23.449 0.070406
175.044 22.5982 0.0751018 1.42954e-14 175.47 23.449 0.070406
175.537 23.5357 0.0639446 0.0843129 175.47 23.449 0.070406
175.504 23.0977 0.0601962 6.60134e-05 175.47 23.449 0.070406
175.648 23.3358 0.0600643 0.00442587 175.47 23.449 0.070406
175.401 23.5454 0.0746513 0.094527 175.47 23.449 0.070406
175.325 23.5846 0.0616325 0.0214562 175.47 23.449 0.070406
175.245 23.4286 0.0648191 0.0207326 175.47 23.449 0.070406
175.507 23.7563 0.0680123 0.0177375 175.47 23.449 0.070406
175.532 23.1286 0.0720508 0.00103002 175.47 23.449 0.070406
174.887 23.2533 0.049973 4.23561e-13 175.47 23.449 0.070406
176.404 23.6973 0.0424878 7.84512e-16 175.47 23.449 0.070406
175.521 23.8434 0.0769033 0.000281928 175.47 23.449 0.070406
176.047 23.2174 0.0573589 3.52359e-08 175.47 23.449 0.070406
175.257 23.2112 0.058851 7.54324e-05 175.47 23.449 0.070406
174.675 23.3657 0.0755274 7.81732e-09 175.47 23.449 0.070406
175.459 23.198 0.0715691 0.00794326 175.47 23.449 0.070406
175.33 23.1073 0.055964 2.33042e-06 175.47 23.449 0.070406
175.18 23.2621 0.0698153 0.00440171 175.47 23.449 0.070406
175.885 23.5234 0.0528676 2.78073e-05 175.47 23.449 0.070406
175.537 23.0106 0.0622139 8.76926e-06 175.47 23.449 0.070406
175.521 23.4261 0.0836857 0.000697076 175.47 23.449 0.070406
175.615 23.5611 0.0701297 0.0399968 175.47 23.449 0.070406
175.522 23.4995 0.0833199 0.000842192 175.47 23.449 0.070406
175.592 22.9441 0.0612403 4.0119e-07 175.47 23.449 0.070406
175.537 23.8603 0.0576115 0.000400567 175.47 23.449 0.070406
175.877 23.1624 0.0506256 5.50309e-08 175.47 23.449 0.070406
175.114 23.0246 0.0678838 2.65042e-06 175.47 23.449 0.070406
175.021 23.3047 0.0686371 0.000208867 175.47 23.449 0.070406
175.488 23.3221 0.063212 0.0225001 175.47 23.449 0.070406
175.203 23.2162 0.0619188 0.000184878 175.47 23.449 0.070406
175.25 23.2883 0.0560691 4.48552e-05 175.47 23.449 0.070406
175.775 23.6933 0.0436651 2.09484e-07 175.47 23.449 0.070406
175.919 23.0586 0.0780051 2.41783e-09 175.47 23.449 0.070406
175.697 23.1512 0.0566648 1.85285e-05 175.47 23.449 0.070406
175.692 23.4702 0.0754366 0.00264213 175.47 23.449 0.070406
176.284 23.168 0.0724309 1.38272e-14 175.47 23.449 0.070406
175.059 23.7166 0.0679471 0.000405346 175.47 23.449 0.070406
175.098 23.6835 0.0604131 8.90102e-05 175.47 23.449 0.070406
175.722 23.6803 0.062718 0.0044492 175.47 23.449 0.070406
175.176 24.188 0.0597229 5.2728e-10 175.47 23.449 0.070406
175.323 23.4748 0.0693743 0.131391 175.47 23.449 0.070406
175.412 23.0855 0.074019 0.000563487 175.47 23.449 0.070406
175.366 24.0396 0.0644719 9.49288e-06 175.47 23.449 0.070406
175.648 23.051 0.0725724 2.60399e-05 175.47 23.449 0.070406
