213.765 25.7976 0.0711546 0.00583963 213.38 25.985 0.070914
213.42 25.6343 0.0691113 0.0329276 213.38 25.985 0.070914
213.928 26.3467 0.0744895 4.63511e-09 213.38 25.985 0.070914
213.721 25.7269 0.074086 0.00176279 213.38 25.985 0.070914
213.619 25.4686 0.0647558 0.000423051 213.38 25.985 0.070914
213.007 26.122 0.0651862 6.61112e-07 213.38 25.985 0.070914
213.478 25.6636 0.0788402 0.000446954 213.38 25.985 0.070914
212.944 25.5138 0.0686566 3.52756e-08 213.38 25.985 0.070914
213.186 26.3816 0.0695444 6.23959e-07 213.38 25.985 0.070914
213.805 26.2464 0.057657 1.2112e-07 213.38 25.985 0.070914
212.956 26.3722 0.0542631 2.39297e-17 213.38 25.985 0.070914
213.33 25.7678 0.0689324 0.0953324 213.38 25.985 0.070914
213.575 26.3798 0.0859752 1.62183e-09 213.38 25.985 0.070914
213.223 25.7099 0.08475 1.15709e-06 213.38 25.985 0.070914
213.895 25.9708 0.0689003 0.000265669 213.38 25.985 0.070914
213.584 25.8825 0.0806235 0.000435429 213.38 25.985 0.070914
213.196 25.7736 0.0835544 9.89508e-06 213.38 25.985 0.070914
212.901 26.2364 0.0874298 4.63936e-11 213.38 25.985 0.070914
213.486 25.3188 0.0865775 6.89309e-14 213.38 25.985 0.070914
213.566 25.3776 0.0872794 1.16706e-13 213.38 25.985 0.070914
213.606 25.8878 0.0846455 2.66549e-06 213.38 25.985 0.070914
213.701 26.21 0.0647708 0.000230838 213.38 25.985 0.070914
213.015 25.7971 0.0751418 5.9811e-05 213.38 25.985 0.070914
212.801 25.6467 0.0672719 4.80587e-10 213.38 25.985 0.070914
212.798 26.0638 0.054897 3.99487e-16 213.38 25.985 0.070914
213.397 25.8381 0.0727558 0.158228 213.38 25.985 0.070914
213.223 25.5876 0.0869652 2.70609e-09 213.38 25.985 0.070914
213.737 25.7118 0.0591414 0.00151835 213.38 25.985 0.070914
213.522 25.4574 0.0612287 0.00018585 213.38 25.985 0.070914
213.208 26.2297 0.095531 2.10184e-13 213.38 25.985 0.070914
213.082 25.4791 0.0776974 1.27387e-07 213.38 25.985 0.070914
213.26 25.8191 0.0666216 0.0300466 213.38 25.985 0.070914
213.609 25.9659 0.0767824 0.00785162 213.38 25.985 0.070914
213.775 25.4635 0.0723135 3.12184e-06 213.38 25.985 0.070914
213.561 25.7874 0.0580925 0.00380006 213.38 25.985 0.070914
213.096 25.3553 0.077045 2.17827e-09 213.38 25.985 0.070914
213.073 25.7459 0.0672015 0.000205208 213.38 25.985 0.070914
213.478 25.7974 0.0860669 9.58331e-07 213.38 25.985 0.070914
213.256 26.4456 0.0805344 5.76149e-08 213.38 25.985 0.070914
213.316 25.8692 0.0602397 0.00233446 213.38 25.985 0.070914
213.076 25.6342 0.0861809 3.19755e-09 213.38 25.985 0.070914
213.209 25.6536 0.0742517 0.00136472 213.38 25.985 0.070914
213.441 25.7353 0.075435 0.0215619 213.38 25.985 0.070914
213.077 25.6299 0.0812631 6.11695e-07 213.38 25.985 0.070914
213.332 26.341 0.0782334 1.43135e-05 213.38 25.985 0.070914
212.983 25.6585 0.072992 4.76038e-06 213.38 25.985 0.070914
213.675 25.626 0.063482 0.00715825 213.38 25.985 0.070914
212.75 25.5769 0.0693822 1.5031e-11 213.38 25.985 0.070914
212.794 26.0551 0.0778043 3.51483e-09 213.38 25.985 0.070914
213.52 25.9604 0.0839274 3.19258e-05 213.38 25.985 0.070914
213.674 26.2644 0.0652198 7.71218e-05 213.38 25.985 0.070914
213.305 25.5016 0.0630151 0.00018707 213.38 25.985 0.070914
213.371 25.924 0.0690834 0.196749 213.38 25.985 0.070914
213.615 26.2672 0.0702528 0.000392497 213.38 25.985 0.070914
214.169 25.7344 0.0888035 1.36078e-20 213.38 25.985 0.070914
213.025 25.8644 0.0831024 1.30899e-06 213.38 25.985 0.070914
212.956 25.6422 0.0720146 1.39807e-06 213.38 25.985 0.070914
213.649 26.266 0.0743109 0.000127015 213.38 25.985 0.070914
213.235 25.9041 0.082728 0.000123091 213.38 25.985 0.070914
213.464 25.2282 0.0603281 2.0741e-08 213.38 25.985 0.070914
213.943 25.3302 0.0617523 4.23384e-09 213.38 25.985 0.070914
213.611 25.6536 0.0596812 0.00399404 213.38 25.985 0.070914
213.737 25.8377 0.0804021 1.70084e-05 213.38 25.985 0.070914
213.661 25.1853 0.0600586 1.79758e-09 213.38 25.985 0.070914
213.046 25.9789 0.0600267 3.87076e-07 213.38 25.985 0.070914
213.982 25.7782 0.0803175 1.37543e-09 213.38 25.985 0.070914
213.285 25.5173 0.0856242 2.89656e-09 213.38 25.985 0.070914
213.432 25.8362 0.0849693 9.88243e-06 213.38 25.985 0.070914
213.821 25.9606 0.0717377 0.0011944 213.38 25.985 0.070914
213.245 26.1558 0.0617613 2.93336e-05 213.38 25.985 0.070914
213.261 25.923 0.0758337 0.020159 213.38 25.985 0.070914
213.329 25.9942 0.0718643 0.086257 213.38 25.985 0.070914
212.964 25.6195 0.0614137 2.45408e-08 213.38 25.985 0.070914
212.927 25.3324 0.0907301 5.43144e-19 213.38 25.985 0.070914
213.388 26.0788 0.0704994 0.0530159 213.38 25.985 0.070914
212.958 26.1762 0.0853701 6.28421e-09 213.38 25.985 0.070914
213.728 25.559 0.0789851 5.87294e-07 213.38 25.985 0.070914
212.688 25.6756 0.0729216 4.9673e-12 213.38 25.985 0.070914
213.047 25.7096 0.0872039 2.68925e-09 213.38 25.985 0.070914
213.129 26.5731 0.0821475 1.34731e-11 213.38 25.985 0.070914
213.055 25.8276 0.0759172 0.000199615 213.38 25.985 0.070914
213.286 25.6328 0.0660338 0.0062226 213.38 25.985 0.070914
213.393 25.7631 0.0574243 0.000677038 213.38 25.985 0.070914
212.905 25.9662 0.0698883 9.4854e-07 213.38 25.985 0.070914
212.642 25.5779 0.0870372 1.63999e-17 213.38 25.985 0.070914
213.432 25.7667 0.0668098 0.174441 213.38 25.985 0.070914
213.317 25.6994 0.0765612 0.00411322 213.38 25.985 0.070914
213.419 25.9218 0.0572672 0.000470306 213.38 25.985 0.070914
213.111 25.7878 0.0538121 7.84515e-09 213.38 25.985 0.070914
212.881 25.6099 0.081055 8.89137e-10 213.38 25.985 0.070914
212.866 25.5771 0.0835993 2.13753e-11 213.38 25.985 0.070914
212.755 25.7277 0.0668817 9.46637e-11 213.38 25.985 0.070914
213.267 25.9141 0.0744117 0.0365665 213.38 25.985 0.070914
213.027 25.5085 0.0687827 7.30382e-07 213.38 25.985 0.070914
213.165 26.1053 0.0667845 0.000386013 213.38 25.985 0.070914
213.772 25.8583 0.0948047 1.54414e-16 213.38 25.985 0.070914
213.227 25.3637 0.0686133 1.34043e-06 213.38 25.985 0.070914
213.532 25.8182 0.0750422 0.0425292 213.38 25.985 0.070914
212.948 25.9599 0.0688373 4.413e-06 213.38 25.985 0.070914
212.771 25.2648 0.0863845 2.84989e-20 213.38 25.985 0.070914
