-40.312 -45.6814 1.51466 3.26928e-05 -40.305 -45.229 1.5048
-40.0718 -45.2276 1.49519 0.0783378 -40.305 -45.229 1.5048
-40.2964 -45.335 1.50863 0.0407792 -40.305 -45.229 1.5048
-40.4599 -45.554 1.50717 9.0096e-05 -40.305 -45.229 1.5048
-40.3295 -45.4003 1.49013 9.49535e-05 -40.305 -45.229 1.5048
-40.315 -45.6919 1.49912 2.39021e-06 -40.305 -45.229 1.5048
-40.597 -45.2896 1.50459 0.000252118 -40.305 -45.229 1.5048
-40.413 -44.5898 1.50953 5.30898e-07 -40.305 -45.229 1.5048
-40.5138 -45.3647 1.49056 2.55386e-05 -40.305 -45.229 1.5048
-40.2134 -45.8889 1.49823 7.97129e-10 -40.305 -45.229 1.5048
-40.694 -45.4791 1.49897 4.61486e-07 -40.305 -45.229 1.5048
-41.2648 -45.1673 1.49529 1.69011e-16 -40.305 -45.229 1.5048
-40.8379 -45.5465 1.48754 2.11025e-12 -40.305 -45.229 1.5048
-40.055 -45.3339 1.4816 2.42572e-07 -40.305 -45.229 1.5048
-40.4301 -45.7344 1.51748 4.03535e-07 -40.305 -45.229 1.5048
-40.6658 -45.2384 1.5179 5.43123e-08 -40.305 -45.229 1.5048
-41.0899 -45.7589 1.48182 2.57006e-23 -40.305 -45.229 1.5048
-40.8071 -45.1764 1.50556 2.96046e-07 -40.305 -45.229 1.5048
-40.0531 -45.6467 1.48908 1.07502e-08 -40.305 -45.229 1.5048
-40.6902 -45.586 1.49884 2.71241e-08 -40.305 -45.229 1.5048
-40.3806 -45.3368 1.50288 0.0182965 -40.305 -45.229 1.5048
-39.997 -45.4384 1.50067 0.0118864 -40.305 -45.229 1.5048
-40.0557 -45.1987 1.49325 0.0441246 -40.305 -45.229 1.5048
-40.4371 -45.5609 1.49481 4.20859e-06 -40.305 -45.229 1.5048
-40.5935 -45.2001 1.50234 0.000755184 -40.305 -45.229 1.5048
-40.5193 -45.5994 1.49557 3.96888e-07 -40.305 -45.229 1.5048
-41.3315 -45.4328 1.49706 2.93594e-20 -40.305 -45.229 1.5048
-41.0033 -44.9291 1.51361 2.35433e-14 -40.305 -45.229 1.5048
-40.937 -45.9287 1.48999 6.59554e-21 -40.305 -45.229 1.5048
-40.8371 -45.4654 1.51212 5.88907e-10 -40.305 -45.229 1.5048
-40.3873 -45.2981 1.50879 0.0129248 -40.305 -45.229 1.5048
-40.2403 -45.0136 1.50996 0.0458135 -40.305 -45.229 1.5048
-40.5327 -45.2903 1.48645 7.80853e-06 -40.305 -45.229 1.5048
-40.559 -44.7956 1.50054 0.000483625 -40.305 -45.229 1.5048
-40.6369 -45.278 1.49154 1.71932e-05 -40.305 -45.229 1.5048
-40.1327 -45.9641 1.5106 1.57677e-08 -40.305 -45.229 1.5048
-40.2383 -45.7038 1.49988 4.40798e-06 -40.305 -45.229 1.5048
-40.552 -45.2317 1.5066 0.000865472 -40.305 -45.229 1.5048
-40.7003 -45.6574 1.51635 8.77746e-10 -40.305 -45.229 1.5048
-40.4141 -45.5831 1.50038 3.59032e-05 -40.305 -45.229 1.5048
-40.2665 -45.6551 1.48945 1.48457e-08 -40.305 -45.229 1.5048
-40.2694 -45.1761 1.49984 0.287032 -40.305 -45.229 1.5048
-40.5982 -45.38 1.50215 8.65579e-05 -40.305 -45.229 1.5048
-40.3452 -45.7115 1.50652 9.90451e-06 -40.305 -45.229 1.5048
-40.4964 -45.0221 1.51009 0.000531922 -40.305 -45.229 1.5048
-40.55 -45.211 1.49896 0.00226904 -40.305 -45.229 1.5048
-40.7953 -45.471 1.50685 1.63326e-08 -40.305 -45.229 1.5048
-41.1324 -45.2866 1.51903 1.61162e-18 -40.305 -45.229 1.5048
-40.404 -45.8894 1.4895 6.83552e-14 -40.305 -45.229 1.5048
-40.4338 -45.6275 1.48998 1.48744e-08 -40.305 -45.229 1.5048
-41.1975 -44.9126 1.51623 9.41267e-21 -40.305 -45.229 1.5048
-40.3597 -45.2963 1.49119 0.00154202 -40.305 -45.229 1.5048
-40.0059 -45.7769 1.51875 1.59127e-05 -40.305 -45.229 1.5048
-40.363 -44.9894 1.49617 0.136326 -40.305 -45.229 1.5048
-40.1703 -45.8916 1.51886 2.34664e-07 -40.305 -45.229 1.5048
-41.206 -44.9946 1.49847 6.61637e-15 -40.305 -45.229 1.5048
-40.5648 -45.1098 1.49667 0.00286225 -40.305 -45.229 1.5048
-39.9439 -45.4307 1.53713 7.03022e-10 -40.305 -45.229 1.5048
-41.1933 -45.7133 1.51545 3.16473e-21 -40.305 -45.229 1.5048
-40.4864 -45.6384 1.50977 5.86458e-06 -40.305 -45.229 1.5048
-40.3356 -45.7417 1.51467 4.71456e-06 -40.305 -45.229 1.5048
-40.4353 -45.3602 1.49678 0.00175577 -40.305 -45.229 1.5048
-40.6336 -45.6398 1.50624 1.10644e-07 -40.305 -45.229 1.5048
-40.5118 -45.79 1.50643 2.65474e-08 -40.305 -45.229 1.5048
-40.7567 -45.4695 1.48928 1.42885e-09 -40.305 -45.229 1.5048
-40.7631 -45.503 1.50649 3.31427e-08 -40.305 -45.229 1.5048
-40.3276 -45.2659 1.5157 0.002415 -40.305 -45.229 1.5048
-40.3104 -44.6837 1.49916 0.00800937 -40.305 -45.229 1.5048
-40.3289 -45.2081 1.49314 0.0231098 -40.305 -45.229 1.5048
-39.8948 -45.9331 1.50425 1.97023e-09 -40.305 -45.229 1.5048
-40.6004 -44.433 1.49289 5.50168e-07 -40.305 -45.229 1.5048
-40.3438 -45.6884 1.49999 2.92984e-06 -40.305 -45.229 1.5048
-40.3231 -44.8232 1.50891 0.00175884 -40.305 -45.229 1.5048
-40.2643 -45.4478 1.49369 0.000403287 -40.305 -45.229 1.5048
-41.0241 -45.8658 1.49714 3.8579e-19 -40.305 -45.229 1.5048
-40.489 -44.8905 1.52203 1.93901e-09 -40.305 -45.229 1.5048
-40.6204 -45.3184 1.50591 7.65151e-05 -40.305 -45.229 1.5048
-40.0893 -45.7826 1.5015 7.90414e-07 -40.305 -45.229 1.5048
-40.4106 -45.0411 1.50351 0.0468448 -40.305 -45.229 1.5048
-40.2912 -45.2978 1.51019 0.0399357 -40.305 -45.229 1.5048
-40.1587 -45.0194 1.49091 0.107503 -40.305 -45.229 1.5048
-40.7992 -45.3414 1.49503 1.07473e-07 -40.305 -45.229 1.5048
-40.6625 -45.4071 1.48291 1.15323e-09 -40.305 -45.229 1.5048
-40.5501 -45.32 1.49092 4.20412e-05 -40.305 -45.229 1.5048
-40.3031 -45.2846 1.51053 0.0329939 -40.305 -45.229 1.5048
-39.5621 -45.2216 1.51344 0.000194806 -40.305 -45.229 1.5048
-40.7797 -45.7803 1.50108 2.86045e-12 -40.305 -45.229 1.5048
-40.0808 -45.6945 1.51263 0.000249825 -40.305 -45.229 1.5048
-40.4013 -45.6351 1.49462 5.12257e-07 -40.305 -45.229 1.5048
-40.7903 -45.0206 1.49785 3.98723e-06 -40.305 -45.229 1.5048
-40.1478 -45.4985 1.50481 0.0123398 -40.305 -45.229 1.5048
-40.7834 -45.4057 1.49962 1.20973e-07 -40.305 -45.229 1.5048
-40.0817 -45.2429 1.49371 0.03379 -40.305 -45.229 1.5048
-40.2227 -45.7508 1.50148 1.87364e-06 -40.305 -45.229 1.5048
-40.9023 -45.2282 1.48623 6.77194e-10 -40.305 -45.229 1.5048
-40.8002 -46.0275 1.48043 3.42966e-26 -40.305 -45.229 1.5048
-39.8857 -45.8986 1.52107 2.30688e-07 -40.305 -45.229 1.5048
-41.2217 -46.2378 1.49884 1.16584e-32 -40.305 -45.229 1.5048
-40.6653 -45.7967 1.50437 1.87514e-10 -40.305 -45.229 1.5048
-40.1722 -45.4685 1.49799 0.00304309 -40.305 -45.229 1.5048
