277.816 10.0673 4.90366 6.67102e-12 278.08 9.7391 4.8866
278.407 9.95696 4.88015 0.00010742 278.08 9.7391 4.8866
277.27 9.76198 4.89549 3.04671e-20 278.08 9.7391 4.8866
277.42 9.80534 4.88399 1.51647e-12 278.08 9.7391 4.8866
277.93 9.95293 4.88854 1.44281e-05 278.08 9.7391 4.8866
277.78 9.6066 4.87176 0.00424497 278.08 9.7391 4.8866
277.812 9.85976 4.8864 1.0932e-05 278.08 9.7391 4.8866
278.293 9.73763 4.87444 0.0523062 278.08 9.7391 4.8866
277.847 9.74466 4.88074 0.00117648 278.08 9.7391 4.8866
278.005 10.2752 4.87873 4.00071e-10 278.08 9.7391 4.8866
277.911 10.1648 4.86759 4.36273e-09 278.08 9.7391 4.8866
277.738 9.3156 4.8803 1.1252e-05 278.08 9.7391 4.8866
278.223 10.2426 4.86814 2.07323e-10 278.08 9.7391 4.8866
278.347 10.1396 4.87018 2.25302e-08 278.08 9.7391 4.8866
277.964 9.5418 4.88232 0.0226302 278.08 9.7391 4.8866
277.884 9.73226 4.88908 0.000156419 278.08 9.7391 4.8866
277.865 9.97925 4.89961 5.35817e-09 278.08 9.7391 4.8866
278.483 9.66162 4.86615 0.000498266 278.08 9.7391 4.8866
277.265 9.61668 4.89158 9.42943e-19 278.08 9.7391 4.8866
278.041 10.2208 4.89038 4.87271e-09 278.08 9.7391 4.8866
277.953 9.43668 4.88047 0.017114 278.08 9.7391 4.8866
277.887 9.99113 4.88897 1.5669e-06 278.08 9.7391 4.8866
277.88 9.12597 4.8838 4.52291e-07 278.08 9.7391 4.8866
278.135 9.47491 4.87668 0.351787 278.08 9.7391 4.8866
277.785 8.9856 4.88579 1.96888e-11 278.08 9.7391 4.8866
277.983 10.0538 4.88366 5.99171e-06 278.08 9.7391 4.8866
278.034 9.75372 4.87765 0.0500952 278.08 9.7391 4.8866
277.937 10.077 4.87635 1.70706e-06 278.08 9.7391 4.8866
278.259 9.75597 4.88771 0.0147031 278.08 9.7391 4.8866
277.767 9.70041 4.88427 5.2496e-05 278.08 9.7391 4.8866
277.571 10.0542 4.88762 2.32198e-12 278.08 9.7391 4.8866
277.874 10.1872 4.86601 4.44867e-10 278.08 9.7391 4.8866
277.696 9.37682 4.88888 4.38532e-08 278.08 9.7391 4.8866
278.309 9.20059 4.87249 0.00275673 278.08 9.7391 4.8866
278.255 9.98115 4.8778 0.000287806 278.08 9.7391 4.8866
277.526 9.23876 4.88173 9.8959e-11 278.08 9.7391 4.8866
278.419 9.71393 4.87321 0.00766127 278.08 9.7391 4.8866
277.426 9.19985 4.89859 1.63899e-20 278.08 9.7391 4.8866
278.092 9.49301 4.88493 0.0326157 278.08 9.7391 4.8866
278.046 9.74736 4.88517 0.013563 278.08 9.7391 4.8866
277.956 9.67896 4.8658 0.0532375 278.08 9.7391 4.8866
277.943 9.89252 4.87897 0.000755908 278.08 9.7391 4.8866
277.527 10.2391 4.88856 8.61927e-17 278.08 9.7391 4.8866
278.244 9.93921 4.86685 0.000113673 278.08 9.7391 4.8866
278.094 9.82904 4.87229 0.0173972 278.08 9.7391 4.8866
278.073 9.72985 4.89106 0.00240043 278.08 9.7391 4.8866
278.39 9.96761 4.88449 0.000115248 278.08 9.7391 4.8866
278.597 9.77412 4.88107 5.63526e-05 278.08 9.7391 4.8866
278.486 9.77404 4.88794 0.000700756 278.08 9.7391 4.8866
277.316 9.82984 4.89468 8.91436e-19 278.08 9.7391 4.8866
278.391 9.07844 4.8866 1.95893e-07 278.08 9.7391 4.8866
278.009 9.048 4.87743 6.87969e-06 278.08 9.7391 4.8866
277.431 9.48371 4.87778 3.14605e-10 278.08 9.7391 4.8866
277.477 9.09974 4.87235 2.86666e-11 278.08 9.7391 4.8866
277.628 9.26335 4.89134 1.98349e-11 278.08 9.7391 4.8866
277.974 9.99866 4.8874 1.4374e-05 278.08 9.7391 4.8866
278.34 9.67302 4.89053 0.00642336 278.08 9.7391 4.8866
278.022 9.81286 4.89305 0.000197777 278.08 9.7391 4.8866
277.664 9.73493 4.84736 1.48368e-07 278.08 9.7391 4.8866
277.872 8.94953 4.8688 3.40158e-07 278.08 9.7391 4.8866
278.078 9.7033 4.87663 0.152411 278.08 9.7391 4.8866
278.078 9.72049 4.88766 0.0109718 278.08 9.7391 4.8866
277.985 10.4128 4.87263 1.8056e-14 278.08 9.7391 4.8866
277.802 9.76154 4.90081 4.86458e-09 278.08 9.7391 4.8866
278.128 9.50446 4.89555 0.000194195 278.08 9.7391 4.8866
278.007 9.10765 4.89581 3.8937e-10 278.08 9.7391 4.8866
278.004 9.74915 4.89494 9.48077e-05 278.08 9.7391 4.8866
277.878 9.44909 4.89384 2.35938e-06 278.08 9.7391 4.8866
278.44 10.0322 4.86562 4.57197e-08 278.08 9.7391 4.8866
278.466 9.34541 4.87156 0.00215353 278.08 9.7391 4.8866
277.807 10.01 4.89882 5.92719e-10 278.08 9.7391 4.8866
278.365 10.1719 4.87341 1.11292e-08 278.08 9.7391 4.8866
277.821 8.97491 4.89005 1.06471e-12 278.08 9.7391 4.8866
278.048 9.78347 4.88403 0.0119993 278.08 9.7391 4.8866
278.192 9.93298 4.88781 0.000690148 278.08 9.7391 4.8866
278.175 9.50081 4.89586 0.000222477 278.08 9.7391 4.8866
278.102 9.14475 4.88464 1.87842e-05 278.08 9.7391 4.8866
277.484 9.83606 4.88489 2.30168e-11 278.08 9.7391 4.8866
278.296 9.70137 4.88887 0.0136906 278.08 9.7391 4.8866
277.589 10.089 4.90119 6.92223e-16 278.08 9.7391 4.8866
277.602 9.70699 4.87729 1.02926e-06 278.08 9.7391 4.8866
277.83 10.3407 4.87386 1.76565e-13 278.08 9.7391 4.8866
277.764 9.44454 4.88704 5.68253e-06 278.08 9.7391 4.8866
277.955 9.33815 4.89948 1.59085e-08 278.08 9.7391 4.8866
277.986 9.46874 4.89526 1.63007e-05 278.08 9.7391 4.8866
277.694 9.44131 4.87894 2.90944e-05 278.08 9.7391 4.8866
277.976 9.61888 4.89139 0.000566394 278.08 9.7391 4.8866
278.351 9.47325 4.87221 0.084813 278.08 9.7391 4.8866
276.834 9.84213 4.88233 1.88604e-33 278.08 9.7391 4.8866
277.946 9.54 4.87886 0.0489724 278.08 9.7391 4.8866
277.412 9.77138 4.87573 4.53391e-11 278.08 9.7391 4.8866
277.967 9.35957 4.89001 5.38154e-05 278.08 9.7391 4.8866
277.969 9.57069 4.89038 0.000720921 278.08 9.7391 4.8866
277.958 9.77165 4.8715 0.0188547 278.08 9.7391 4.8866
277.967 10.0596 4.89227 3.87577e-07 278.08 9.7391 4.8866
277.974 9.88633 4.8883 0.000180557 278.08 9.7391 4.8866
278.317 9.99897 4.88142 0.000114749 278.08 9.7391 4.8866
277.629 9.95638 4.89501 1.2928e-11 278.08 9.7391 4.8866
277.412 9.98562 4.91813 1.92852e-27 278.08 9.7391 4.8866
277.827 9.10225 4.88546 1.4897e-08 278.08 9.7391 4.8866
