-34.9455 -73.9835 2.05071 2.04327e-05 -35.444 -73.519 2.0412
-35.6775 -73.1727 2.03458 0.000987386 -35.444 -73.519 2.0412
-35.2272 -73.4156 2.04234 0.156034 -35.444 -73.519 2.0412
-34.9414 -73.5347 2.03687 0.000714122 -35.444 -73.519 2.0412
-35.1819 -73.2778 2.03461 0.0327843 -35.444 -73.519 2.0412
-35.1006 -72.5519 2.03424 1.16594e-08 -35.444 -73.519 2.0412
-35.2275 -73.2641 2.0517 0.000991287 -35.444 -73.519 2.0412
-35.6438 -73.4588 2.02872 2.73024e-05 -35.444 -73.519 2.0412
-35.8046 -73.522 2.02707 7.7918e-08 -35.444 -73.519 2.0412
-35.6828 -73.4601 2.03283 0.00018615 -35.444 -73.519 2.0412
-34.9278 -73.6683 2.02691 1.56297e-09 -35.444 -73.519 2.0412
-35.1861 -73.2702 2.03838 0.0887677 -35.444 -73.519 2.0412
-35.85 -73.7167 2.04086 5.04568e-07 -35.444 -73.519 2.0412
-35.9987 -72.8026 2.03432 2.95751e-10 -35.444 -73.519 2.0412
-35.1364 -73.3758 2.0336 0.00935798 -35.444 -73.519 2.0412
-35.0126 -73.2164 2.0374 0.00960734 -35.444 -73.519 2.0412
-35.4833 -73.9132 2.03172 1.18027e-08 -35.444 -73.519 2.0412
-35.5925 -73.8709 2.0268 5.01315e-11 -35.444 -73.519 2.0412
-35.7754 -72.9681 2.04435 1.038e-07 -35.444 -73.519 2.0412
-35.7911 -73.3487 2.03317 4.92434e-05 -35.444 -73.519 2.0412
-35.6713 -73.6379 2.02181 9.73725e-11 -35.444 -73.519 2.0412
-35.3159 -73.4739 2.03474 0.0170498 -35.444 -73.519 2.0412
-34.8138 -73.8118 2.04948 5.58733e-05 -35.444 -73.519 2.0412
-36.0283 -72.9433 2.04366 9.2646e-12 -35.444 -73.519 2.0412
-35.5241 -73.498 2.04168 0.0171727 -35.444 -73.519 2.0412
-35.049 -73.4319 2.05512 0.000463083 -35.444 -73.519 2.0412
-35.6791 -72.9175 2.04844 6.71764e-09 -35.444 -73.519 2.0412
-35.8819 -73.1236 2.03716 2.55668e-06 -35.444 -73.519 2.0412
-35.842 -73.4864 2.03407 4.52665e-06 -35.444 -73.519 2.0412
-35.0753 -73.4345 2.0245 4.14234e-07 -35.444 -73.519 2.0412
-34.6413 -73.6953 2.04175 3.09691e-07 -35.444 -73.519 2.0412
-35.648 -73.1113 2.02352 1.05316e-05 -35.444 -73.519 2.0412
-35.5024 -73.3631 2.03277 0.0068804 -35.444 -73.519 2.0412
-35.1478 -73.9816 2.03877 8.98883e-07 -35.444 -73.519 2.0412
-35.0878 -73.2867 2.05317 0.000366265 -35.444 -73.519 2.0412
-35.9344 -72.9545 2.02704 5.51705e-08 -35.444 -73.519 2.0412
-35.4725 -73.3168 2.02781 0.000575789 -35.444 -73.519 2.0412
-35.2049 -73.0685 2.01973 4.91228e-07 -35.444 -73.519 2.0412
-35.7639 -73.4336 2.03302 4.5394e-05 -35.444 -73.519 2.0412
-36.0995 -73.1528 2.02389 6.16544e-11 -35.444 -73.519 2.0412
-35.8404 -73.3659 2.0408 1.72275e-05 -35.444 -73.519 2.0412
-35.4011 -72.7446 2.03165 3.05668e-05 -35.444 -73.519 2.0412
-35.466 -73.3257 2.04025 0.0521408 -35.444 -73.519 2.0412
-35.2563 -73.7263 2.03161 9.04904e-06 -35.444 -73.519 2.0412
-35.3415 -73.1004 2.03424 0.0223324 -35.444 -73.519 2.0412
-35.6982 -73.3104 2.02674 1.66764e-05 -35.444 -73.519 2.0412
-35.3173 -73.6242 2.04873 0.0238963 -35.444 -73.519 2.0412
-35.0328 -73.1374 2.02284 8.67617e-07 -35.444 -73.519 2.0412
-35.2905 -73.2498 2.04401 0.0522186 -35.444 -73.519 2.0412
-35.1821 -73.0318 2.03485 0.00738358 -35.444 -73.519 2.0412
-35.4132 -73.054 2.03537 0.0116752 -35.444 -73.519 2.0412
-35.0851 -73.3436 2.04664 0.030423 -35.444 -73.519 2.0412
-35.9136 -74.1054 2.03942 2.60509e-13 -35.444 -73.519 2.0412
-35.8052 -73.0198 2.03878 3.87039e-06 -35.444 -73.519 2.0412
-35.5465 -73.2665 2.04603 0.00194824 -35.444 -73.519 2.0412
-34.8552 -73.6755 2.04292 0.000292337 -35.444 -73.519 2.0412
-36.111 -73.4216 2.02962 9.65024e-11 -35.444 -73.519 2.0412
-35.4123 -73.0328 2.04259 0.00160798 -35.444 -73.519 2.0412
-35.1809 -73.1639 2.03716 0.0400747 -35.444 -73.519 2.0412
-35.0948 -73.024 2.06825 2.42397e-17 -35.444 -73.519 2.0412
-35.8437 -73.4408 2.04104 1.33439e-05 -35.444 -73.519 2.0412
-35.1483 -73.1621 2.01779 9.08475e-09 -35.444 -73.519 2.0412
-35.2712 -73.1658 2.04704 0.00425101 -35.444 -73.519 2.0412
-35.6475 -73 2.03086 0.00024867 -35.444 -73.519 2.0412
-35.9082 -73.3197 2.03648 2.84437e-06 -35.444 -73.519 2.0412
-35.1005 -73.7886 2.04012 0.00045802 -35.444 -73.519 2.0412
-35.3735 -73.2317 2.01673 6.61024e-09 -35.444 -73.519 2.0412
-35.7263 -72.6591 2.019 3.11412e-09 -35.444 -73.519 2.0412
-34.8546 -73.4898 2.03669 0.000158339 -35.444 -73.519 2.0412
-35.9728 -73.3933 2.02646 3.78146e-09 -35.444 -73.519 2.0412
-35.4057 -73.1165 2.03861 0.0227069 -35.444 -73.519 2.0412
-35.4515 -73.6852 2.02468 8.9881e-09 -35.444 -73.519 2.0412
-34.9774 -73.0815 2.04109 0.0013659 -35.444 -73.519 2.0412
-35.1266 -73.0106 2.02846 0.000358228 -35.444 -73.519 2.0412
-35.0296 -73.4162 2.04298 0.0396836 -35.444 -73.519 2.0412
-35.2984 -73.3311 2.04271 0.125238 -35.444 -73.519 2.0412
-35.1976 -73.5946 2.02569 2.46867e-07 -35.444 -73.519 2.0412
-35.3002 -73.2399 2.03087 0.0100794 -35.444 -73.519 2.0412
-35.5851 -73.2558 2.02904 0.000698313 -35.444 -73.519 2.0412
-35.3744 -73.2355 2.06339 6.75007e-11 -35.444 -73.519 2.0412
-35.7609 -73.5282 2.0407 9.58163e-05 -35.444 -73.519 2.0412
-35.535 -73.0611 2.03539 0.00408642 -35.444 -73.519 2.0412
-35.6055 -73.748 2.02698 5.57304e-09 -35.444 -73.519 2.0412
-35.7863 -73.6051 2.0416 2.10103e-05 -35.444 -73.519 2.0412
-35.2199 -73.4302 2.0382 0.0844714 -35.444 -73.519 2.0412
-35.5924 -73.0259 2.0103 3.0641e-12 -35.444 -73.519 2.0412
-35.2916 -73.3718 2.02531 3.30604e-05 -35.444 -73.519 2.0412
-35.621 -73.4459 2.04122 0.00420513 -35.444 -73.519 2.0412
-35.1294 -73.6187 2.03265 0.000135842 -35.444 -73.519 2.0412
-35.7722 -73.4604 2.03034 6.43809e-06 -35.444 -73.519 2.0412
-36.1696 -73.3505 2.02588 2.16422e-12 -35.444 -73.519 2.0412
-35.4293 -73.4028 2.03498 0.0247589 -35.444 -73.519 2.0412
-35.732 -73.487 2.04967 1.25162e-05 -35.444 -73.519 2.0412
-35.1937 -73.6066 2.02948 1.5418e-05 -35.444 -73.519 2.0412
-34.551 -73.195 2.04708 2.82816e-08 -35.444 -73.519 2.0412
-35.1507 -73.5178 2.01198 6.16097e-17 -35.444 -73.519 2.0412
-34.7992 -73.8668 2.03953 1.77637e-07 -35.444 -73.519 2.0412
-35.3013 -73.3916 2.04541 0.0880596 -35.444 -73.519 2.0412
-35.9991 -73.6172 2.02768 4.06098e-11 -35.444 -73.519 2.0412
-35.6196 -73.5297 2.04213 0.00260702 -35.444 -73.519 2.0412
