196.172 25.4577 0.0691491 0.0484013 196.09 25.316 0.070475
196.006 25.4794 0.0788137 0.00671038 196.09 25.316 0.070475
196.006 25.5714 0.0782844 0.00257798 196.09 25.316 0.070475
196.035 25.0828 0.0794407 0.000138609 196.09 25.316 0.070475
196.522 25.444 0.076263 1.67026e-07 196.09 25.316 0.070475
195.932 25.4052 0.0646645 0.00504736 196.09 25.316 0.070475
196.003 25.9744 0.0741947 2.27987e-09 196.09 25.316 0.070475
196.169 25.2946 0.0791045 0.00115651 196.09 25.316 0.070475
195.478 24.9331 0.0663418 7.53293e-12 196.09 25.316 0.070475
196.122 25.7862 0.0739691 1.19846e-05 196.09 25.316 0.070475
195.988 25.7977 0.0690704 3.56442e-06 196.09 25.316 0.070475
196.346 25.219 0.0711852 0.00270541 196.09 25.316 0.070475
196.073 25.5692 0.0765539 0.00461747 196.09 25.316 0.070475
195.749 25.6147 0.063567 2.16697e-07 196.09 25.316 0.070475
196.657 25.8205 0.0829044 4.3282e-18 196.09 25.316 0.070475
195.649 25.7867 0.0884268 1.87281e-10 196.09 25.316 0.070475
196.221 25.2715 0.0752834 0.00804017 196.09 25.316 0.070475
196.063 25.2037 0.0701379 0.115132 196.09 25.316 0.070475
196.229 25.099 0.0749219 0.000721176 196.09 25.316 0.070475
195.944 25.6496 0.0733576 0.00140907 196.09 25.316 0.070475
196.599 25.75 0.0687377 1.99628e-10 196.09 25.316 0.070475
196.44 25.177 0.0827661 3.58508e-10 196.09 25.316 0.070475
196.209 25.5494 0.0703627 0.00741084 196.09 25.316 0.070475
195.726 25.0913 0.0770731 6.99598e-05 196.09 25.316 0.070475
196.009 25.8294 0.0733465 3.07704e-06 196.09 25.316 0.070475
195.639 25.501 0.0755534 7.21684e-05 196.09 25.316 0.070475
196.452 25.263 0.0509539 6.97473e-09 196.09 25.316 0.070475
195.994 25.8422 0.0753435 1.6138e-06 196.09 25.316 0.070475
196.35 24.9589 0.0896787 2.76335e-17 196.09 25.316 0.070475
196.313 25.3905 0.0621852 0.00199442 196.09 25.316 0.070475
195.837 24.8927 0.0707944 6.76417e-06 196.09 25.316 0.070475
196.063 25.819 0.062671 1.95374e-08 196.09 25.316 0.070475
195.97 24.9948 0.0569488 6.41201e-07 196.09 25.316 0.070475
196.169 25.4217 0.0761483 0.0122252 196.09 25.316 0.070475
195.949 25.6919 0.0753909 0.000368381 196.09 25.316 0.070475
196.055 25.4077 0.0739302 0.0990677 196.09 25.316 0.070475
196.235 25.5681 0.0633673 0.000379769 196.09 25.316 0.070475
195.487 25.6269 0.0762826 2.00957e-08 196.09 25.316 0.070475
196.275 25.232 0.0770227 0.000433032 196.09 25.316 0.070475
196.101 25.7408 0.0456469 6.446e-20 196.09 25.316 0.070475
195.72 24.8364 0.0793154 1.73609e-09 196.09 25.316 0.070475
195.965 25.5721 0.071193 0.00931203 196.09 25.316 0.070475
196.168 25.554 0.0549152 6.07615e-08 196.09 25.316 0.070475
195.788 25.3815 0.073968 0.0103984 196.09 25.316 0.070475
195.923 25.4558 0.0855576 1.66797e-05 196.09 25.316 0.070475
195.769 25.5923 0.0662012 1.07634e-05 196.09 25.316 0.070475
196.02 25.456 0.0748943 0.0547204 196.09 25.316 0.070475
196.513 25.3468 0.0777347 7.5106e-08 196.09 25.316 0.070475
196.357 25.629 0.0799908 2.27466e-07 196.09 25.316 0.070475
196.36 25.5147 0.0590029 1.03814e-05 196.09 25.316 0.070475
195.762 25.4196 0.0810869 0.000474911 196.09 25.316 0.070475
196.118 25.7527 0.080574 1.92415e-06 196.09 25.316 0.070475
195.439 25.3037 0.0641624 2.24007e-11 196.09 25.316 0.070475
196.218 25.2749 0.0734267 0.0242171 196.09 25.316 0.070475
196.362 25.107 0.0601718 0.000207661 196.09 25.316 0.070475
195.951 25.3241 0.0545974 1.05459e-07 196.09 25.316 0.070475
195.829 25.2056 0.0615159 4.96547e-05 196.09 25.316 0.070475
195.835 25.6625 0.0783526 0.0001516 196.09 25.316 0.070475
195.927 25.9282 0.0615759 2.18764e-12 196.09 25.316 0.070475
196.688 24.8896 0.0632749 5.49727e-11 196.09 25.316 0.070475
196.07 25.6089 0.0645997 0.000384273 196.09 25.316 0.070475
196.02 25.0773 0.0642508 0.00384782 196.09 25.316 0.070475
196.07 25.4097 0.0676404 0.0860334 196.09 25.316 0.070475
196.517 25.2818 0.0616877 2.74976e-05 196.09 25.316 0.070475
195.634 25.3823 0.0581226 1.17981e-10 196.09 25.316 0.070475
195.494 25.3784 0.0772411 7.07153e-07 196.09 25.316 0.070475
196.095 24.8826 0.0717166 2.66261e-05 196.09 25.316 0.070475
195.763 25.662 0.0646765 2.58142e-07 196.09 25.316 0.070475
196.564 25.0196 0.0759829 2.91614e-10 196.09 25.316 0.070475
196.514 25.5106 0.0640495 5.31855e-06 196.09 25.316 0.070475
196.233 25.4525 0.0974625 9.26415e-19 196.09 25.316 0.070475
195.687 25.7852 0.0539753 1.6659e-18 196.09 25.316 0.070475
196.429 25.654 0.0640324 1.4749e-06 196.09 25.316 0.070475
196.096 25.4561 0.0733357 0.0644408 196.09 25.316 0.070475
195.977 25.2306 0.0672007 0.0561049 196.09 25.316 0.070475
196.104 25.8695 0.0778619 1.32735e-07 196.09 25.316 0.070475
196.207 25.5656 0.0576929 2.21283e-06 196.09 25.316 0.070475
196.28 26.2556 0.0875049 3.33916e-23 196.09 25.316 0.070475
196.21 25.6523 0.0629645 2.75403e-05 196.09 25.316 0.070475
195.428 25.7432 0.0623667 5.10656e-17 196.09 25.316 0.070475
195.651 25.749 0.0818191 9.95232e-08 196.09 25.316 0.070475
196.568 25.1477 0.0913866 1.48939e-21 196.09 25.316 0.070475
196.162 24.8935 0.0827759 4.78781e-10 196.09 25.316 0.070475
196.173 25.8864 0.0687794 4.54816e-08 196.09 25.316 0.070475
196.241 24.8216 0.0674524 1.97824e-06 196.09 25.316 0.070475
196.056 25.2998 0.0707733 0.200983 196.09 25.316 0.070475
196.641 25.7466 0.065132 2.95178e-11 196.09 25.316 0.070475
195.805 25.3748 0.0715176 0.0126915 196.09 25.316 0.070475
195.18 25.568 0.0968158 1.88598e-20 196.09 25.316 0.070475
195.555 24.9528 0.0713912 7.95494e-09 196.09 25.316 0.070475
196.561 25.5377 0.0851215 4.34761e-14 196.09 25.316 0.070475
195.956 25.8174 0.0529868 1.02454e-15 196.09 25.316 0.070475
196.121 25.1883 0.0917965 1.56178e-12 196.09 25.316 0.070475
196.15 25.2093 0.0709863 0.0767855 196.09 25.316 0.070475
195.851 25.5691 0.0571292 3.33888e-09 196.09 25.316 0.070475
196.421 25.0682 0.0735918 5.08339e-06 196.09 25.316 0.070475
195.721 25.6487 0.0660034 3.76941e-07 196.09 25.316 0.070475
196.155 24.8027 0.0753879 4.76344e-08 196.09 25.316 0.070475
196.084 25.32 0.0746125 0.080351 196.09 25.316 0.070475
195.768 24.8366 0.0763918 3.22044e-08 196.09 25.316 0.070475
