166.149 -11.8872 3.25854 0.000288236
165.936 -11.9769 3.2562 5.08684e-05
166.686 -11.9158 3.26666 9.22038e-05
166.31 -12.1964 3.28539 1.58823e-11
166.249 -12.4053 3.25433 0.00216297
166.569 -12.388 3.28105 7.12888e-05
166.095 -12.1522 3.24462 2.14329e-07
165.993 -11.8466 3.25551 6.67903e-06
166.368 -12.0947 3.28832 1.27053e-14
166.572 -12.3084 3.27754 0.00237873
166.783 -12.0297 3.27421 6.75686e-05
165.649 -11.8815 3.26633 2.11023e-14
166.075 -12.2161 3.26324 0.0119542
166.474 -12.2497 3.25381 0.00035429
166.229 -11.8993 3.28157 2.95924e-13
166.643 -12.4382 3.25061 2.56389e-09
166.189 -12.2355 3.26892 0.0107505
165.991 -11.8749 3.25947 1.09284e-05
166.132 -12.3717 3.26985 0.00181021
165.945 -12.0217 3.27181 3.91102e-09
166.602 -12.1964 3.27452 0.00912454
166.764 -12.2949 3.26879 0.0129089
166.525 -11.9906 3.27121 0.00116466
165.902 -11.9096 3.26149 9.56806e-07
166.305 -12.1599 3.26914 0.032899
166.956 -11.9256 3.26901 7.07036e-08
166.131 -11.87 3.25991 0.000131919
166.26 -12.5879 3.2555 0.00012823
166.089 -12.44 3.26732 0.00194847
166.068 -12.2772 3.27305 7.41706e-06
166.782 -11.9058 3.28078 4.00112e-09
166.468 -12.1222 3.26608 0.127239
165.974 -11.9683 3.2846 1.48319e-20
166.143 -11.9322 3.25259 0.000106869
166.741 -12.1673 3.26307 0.00130064
166.392 -12.3749 3.27049 0.136739
166.403 -11.9952 3.27226 0.000353195
166.193 -12.4607 3.26208 0.0388271
166.043 -12.7097 3.26055 5.41708e-06
166.297 -11.9006 3.2731 1.5263e-06
166.013 -11.6619 3.2796 1.36086e-20
165.978 -12.216 3.2666 0.000114562
165.755 -12.0322 3.2766 2.41654e-17
166.317 -11.8241 3.26241 0.000109247
166.317 -11.9363 3.26513 0.00214766
166.327 -11.3766 3.2535 3.85159e-15
165.867 -11.599 3.27776 6.9115e-24
166.291 -12.4321 3.2782 1.84631e-05
166.351 -11.8398 3.24907 1.05385e-07
166.33 -12.2084 3.27436 0.00132446
165.812 -12.4751 3.26681 4.86448e-08
165.897 -11.8267 3.26639 8.80666e-10
166.458 -12.4323 3.26563 0.278875
166.149 -12.4082 3.27996 1.04806e-08
166.025 -12.3619 3.26078 0.00501867
166.596 -12.213 3.25495 7.08525e-05
166.449 -12.1518 3.26894 0.098999
166.577 -12.4456 3.25736 0.000324788
166.929 -12.1608 3.27709 1.50982e-05
165.837 -11.6077 3.26985 1.59949e-17
166.07 -11.9285 3.25156 3.39704e-05
166.889 -11.9548 3.25086 4.24288e-14
166.23 -12.1049 3.27434 2.48257e-05
165.914 -12.1498 3.26526 1.57552e-05
166.193 -11.8427 3.26983 6.36999e-07
166.085 -11.8245 3.2677 1.56464e-07
165.853 -12.0285 3.27288 9.31684e-12
166.145 -12.1431 3.25764 0.0247613
166.891 -11.906 3.27762 1.92879e-08
165.923 -11.5059 3.26712 9.91291e-17
166.427 -12.1991 3.27288 0.0171561
166.32 -11.7077 3.24517 1.90792e-11
165.669 -11.7303 3.28251 3.97653e-32
166.432 -12.3126 3.28512 6.74933e-09
166.624 -11.6618 3.24678 3.52373e-15
166.606 -11.6628 3.2534 5.69551e-11
165.916 -12.4234 3.27047 2.9109e-07
166.426 -12.1105 3.2811 1.86191e-07
166.521 -11.9104 3.28284 8.09692e-11
166.771 -12.1307 3.26956 0.00247382
166.06 -11.5751 3.2713 3.72598e-15
166.423 -11.8215 3.28407 1.9663e-14
166.886 -12.5991 3.25856 1.14217e-09
166.248 -11.7154 3.2658 2.06235e-07
166.976 -11.5451 3.26379 2.19218e-16
166.058 -11.9133 3.26508 1.33773e-05
166.303 -12.5901 3.29078 5.98402e-16
166.577 -12.2972 3.26346 0.10356
166.464 -11.9944 3.27828 8.9799e-07
166.863 -12.6939 3.25471 2.57527e-13
166.103 -12.2245 3.26204 0.0297459
166.568 -12.0805 3.26202 0.0132876
166.354 -11.7225 3.25726 1.21761e-06
165.857 -11.8196 3.26704 5.74018e-11
165.963 -12.1537 3.28046 3.54013e-14
166.161 -12.3247 3.26695 0.0248097
166.333 -12.2268 3.27579 0.00036943
165.993 -12.1594 3.2601 0.00221319
166.167 -12.4818 3.27026 0.00161931
166.649 -12.2732 3.28244 8.78845e-06
