145.588 21.4321 0.0527883 3.24213e-11 145.53 21.274 0.071319
145.595 21.7501 0.0544043 8.63729e-13 145.53 21.274 0.071319
145.841 21.6712 0.0836108 1.80502e-06 145.53 21.274 0.071319
145.356 21.6992 0.061404 3.98795e-10 145.53 21.274 0.071319
145.959 21.7213 0.0724832 9.85781e-06 145.53 21.274 0.071319
145.235 21.9924 0.0725604 8.28877e-13 145.53 21.274 0.071319
145.528 21.6458 0.0901787 2.4278e-07 145.53 21.274 0.071319
145.027 21.6972 0.0808902 1.5578e-09 145.53 21.274 0.071319
146.141 21.5703 0.0495267 1.1833e-13 145.53 21.274 0.071319
145.099 21.3205 0.0596045 8.7244e-14 145.53 21.274 0.071319
145.372 20.914 0.0731443 0.000174508 145.53 21.274 0.071319
145.444 21.2185 0.0681024 0.00461058 145.53 21.274 0.071319
145.336 21.2878 0.0662665 5.50516e-05 145.53 21.274 0.071319
145.892 22.1145 0.0850539 2.16145e-17 145.53 21.274 0.071319
145.51 22.0073 0.0572253 1.4932e-16 145.53 21.274 0.071319
145.398 21.8865 0.0733696 2.2631e-08 145.53 21.274 0.071319
145.422 21.2944 0.0779441 0.174456 145.53 21.274 0.071319
145.251 21.5241 0.0678961 1.7481e-06 145.53 21.274 0.071319
145.435 21.6352 0.0826111 0.000238093 145.53 21.274 0.071319
144.985 21.8712 0.0682549 1.43343e-16 145.53 21.274 0.071319
145.514 21.7986 0.0729571 6.25679e-06 145.53 21.274 0.071319
145.398 21.5013 0.065038 1.58698e-05 145.53 21.274 0.071319
145.634 22.1101 0.0889264 4.16492e-17 145.53 21.274 0.071319
145.618 21.664 0.0654639 4.03362e-05 145.53 21.274 0.071319
145.279 21.9751 0.0790648 2.74026e-11 145.53 21.274 0.071319
145.472 22.18 0.0825995 2.76511e-16 145.53 21.274 0.071319
145.47 21.526 0.0584432 1.10149e-08 145.53 21.274 0.071319
145.05 21.653 0.0691898 4.38909e-11 145.53 21.274 0.071319
145.387 21.8995 0.0795214 1.16131e-08 145.53 21.274 0.071319
145.447 21.8905 0.072874 4.00697e-08 145.53 21.274 0.071319
145.308 21.7426 0.0656545 3.71435e-09 145.53 21.274 0.071319
145.175 21.5693 0.0664049 6.7033e-09 145.53 21.274 0.071319
145.285 21.823 0.0667955 2.44666e-10 145.53 21.274 0.071319
145.061 21.7779 0.0542877 2.32755e-23 145.53 21.274 0.071319
145.461 21.8054 0.0642654 6.80153e-09 145.53 21.274 0.071319
145.335 21.3262 0.0816342 0.0220821 145.53 21.274 0.071319
145.327 21.8401 0.0653921 1.17732e-10 145.53 21.274 0.071319
145.426 21.8576 0.0742629 1.81129e-07 145.53 21.274 0.071319
145.572 21.8993 0.0960771 3.25951e-16 145.53 21.274 0.071319
146.089 22.1939 0.0875409 1.27421e-24 145.53 21.274 0.071319
145.9 21.5312 0.0746314 0.0044387 145.53 21.274 0.071319
145.601 21.627 0.0560532 6.54174e-10 145.53 21.274 0.071319
145.282 21.705 0.0773027 5.7054e-06 145.53 21.274 0.071319
145.328 21.4385 0.0698615 0.000451645 145.53 21.274 0.071319
144.851 21.2362 0.0707865 4.69491e-13 145.53 21.274 0.071319
145.749 21.6753 0.0595666 1.99341e-07 145.53 21.274 0.071319
145.274 22.3409 0.0546867 4.74529e-32 145.53 21.274 0.071319
145.149 21.6009 0.0750347 1.03125e-06 145.53 21.274 0.071319
145.874 21.5325 0.0761116 0.00481218 145.53 21.274 0.071319
145.334 21.2171 0.073859 0.0132496 145.53 21.274 0.071319
145.238 21.8311 0.0765415 1.09312e-08 145.53 21.274 0.071319
145.144 21.7283 0.0792406 4.36935e-08 145.53 21.274 0.071319
145.922 21.2566 0.0686119 0.0257758 145.53 21.274 0.071319
145.427 21.4939 0.0584054 4.71646e-09 145.53 21.274 0.071319
146.152 21.6061 0.0789615 2.53514e-08 145.53 21.274 0.071319
144.948 21.095 0.0812891 3.19911e-08 145.53 21.274 0.071319
145.514 21.4595 0.0662647 0.00140902 145.53 21.274 0.071319
145.369 21.2698 0.0747873 0.0465342 145.53 21.274 0.071319
145.356 22.2435 0.0690613 3.43856e-19 145.53 21.274 0.071319
145.507 21.3494 0.0688986 0.0273619 145.53 21.274 0.071319
145.73 21.753 0.0643661 1.91725e-06 145.53 21.274 0.071319
145.345 22.0241 0.077061 8.4207e-12 145.53 21.274 0.071319
145.661 21.9031 0.0589223 6.96102e-12 145.53 21.274 0.071319
145.9 21.4312 0.0725284 0.0291049 145.53 21.274 0.071319
145.42 21.3739 0.0614975 1.49231e-06 145.53 21.274 0.071319
145.347 21.7878 0.0807509 6.97701e-07 145.53 21.274 0.071319
145.622 21.6559 0.0830781 0.000121654 145.53 21.274 0.071319
145.381 21.26 0.0623459 1.7584e-06 145.53 21.274 0.071319
145.573 21.6703 0.0585295 5.74832e-09 145.53 21.274 0.071319
146.105 20.8053 0.0829845 2.03559e-10 145.53 21.274 0.071319
145.476 21.6472 0.076031 0.0012437 145.53 21.274 0.071319
146.52 21.6873 0.0583819 5.25499e-16 145.53 21.274 0.071319
145.108 21.1974 0.0608923 1.02594e-12 145.53 21.274 0.071319
145.53 21.903 0.0952956 1.83876e-15 145.53 21.274 0.071319
145.242 21.7755 0.0690763 2.9034e-09 145.53 21.274 0.071319
145.661 21.8527 0.0683669 3.74808e-07 145.53 21.274 0.071319
145.608 21.9896 0.0698728 5.98888e-10 145.53 21.274 0.071319
145.617 22.8686 0.0518368 3.45481e-52 145.53 21.274 0.071319
145.939 22.1858 0.0661501 1.78188e-16 145.53 21.274 0.071319
144.945 21.8633 0.0785296 2.97269e-14 145.53 21.274 0.071319
145.912 21.751 0.0508352 5.34528e-14 145.53 21.274 0.071319
145.376 21.9477 0.066932 1.49315e-11 145.53 21.274 0.071319
145.688 21.5865 0.0725769 0.0137952 145.53 21.274 0.071319
145.29 21.0817 0.0758781 0.00251984 145.53 21.274 0.071319
145.33 21.351 0.0775725 0.025961 145.53 21.274 0.071319
145.779 21.3127 0.0729549 0.370258 145.53 21.274 0.071319
145.595 21.5297 0.0873681 9.59097e-05 145.53 21.274 0.071319
145.382 22.2977 0.0890523 5.29152e-23 145.53 21.274 0.071319
145.613 21.3688 0.0595376 8.17e-06 145.53 21.274 0.071319
145.411 21.4421 0.0797357 0.0357198 145.53 21.274 0.071319
145.682 21.3251 0.0870341 0.000988274 145.53 21.274 0.071319
145.631 21.5799 0.0867669 3.84759e-05 145.53 21.274 0.071319
145.152 21.7657 0.0844737 4.76856e-09 145.53 21.274 0.071319
145.746 22.3017 0.0580299 9.32277e-23 145.53 21.274 0.071319
145.663 21.4485 0.0872859 0.00024354 145.53 21.274 0.071319
145.197 21.6665 0.0936687 2.05766e-10 145.53 21.274 0.071319
145.558 21.3326 0.0709394 0.181237 145.53 21.274 0.071319
145.436 21.8018 0.0707978 7.31796e-07 145.53 21.274 0.071319
145.1 21.8313 0.0619341 8.9805e-17 145.53 21.274 0.071319
145.87 21.3451 0.065916 0.0129243 145.53 21.274 0.071319
