55.8318 -55.3756 3.94518 5.03811e-06 56.005 -55.53 3.9285
55.8586 -55.297 3.91695 1.49119e-10 56.005 -55.53 3.9285
55.9611 -55.312 3.91392 7.3162e-12 56.005 -55.53 3.9285
55.9186 -55.4438 3.9508 4.7532e-07 56.005 -55.53 3.9285
55.9268 -55.3264 3.94772 9.08356e-06 56.005 -55.53 3.9285
55.1515 -55.8245 3.92117 7.89827e-24 56.005 -55.53 3.9285
55.4872 -55.8371 3.94575 1.54765e-17 56.005 -55.53 3.9285
56.0204 -55.3057 3.92318 8.91588e-06 56.005 -55.53 3.9285
56.4779 -55.9322 3.92677 2.07068e-06 56.005 -55.53 3.9285
55.6227 -55.334 3.92424 5.68257e-10 56.005 -55.53 3.9285
55.9113 -54.8305 3.92715 2.28982e-16 56.005 -55.53 3.9285
56.0789 -55.7152 3.90769 2.43182e-13 56.005 -55.53 3.9285
56.3108 -55.9412 3.92167 2.32839e-06 56.005 -55.53 3.9285
55.9332 -55.8387 3.94517 1.14788e-06 56.005 -55.53 3.9285
56.0439 -55.2837 3.90492 3.47694e-21 56.005 -55.53 3.9285
55.9809 -54.7774 3.93175 8.72306e-16 56.005 -55.53 3.9285
55.8203 -55.2318 3.9233 1.38594e-08 56.005 -55.53 3.9285
55.9718 -55.8163 3.92826 0.0067425 56.005 -55.53 3.9285
55.8921 -55.6467 3.94143 0.000905944 56.005 -55.53 3.9285
55.5019 -55.6222 3.91589 9.28228e-14 56.005 -55.53 3.9285
55.9145 -55.3401 3.91427 2.45175e-11 56.005 -55.53 3.9285
55.6595 -55.7831 3.92698 3.63759e-07 56.005 -55.53 3.9285
55.8232 -55.6466 3.91934 2.53972e-06 56.005 -55.53 3.9285
55.8021 -55.4717 3.92468 3.02033e-05 56.005 -55.53 3.9285
56.389 -55.6856 3.9161 4.79811e-09 56.005 -55.53 3.9285
55.9042 -55.3564 3.93476 0.00363144 56.005 -55.53 3.9285
55.5566 -56.01 3.95259 4.60284e-24 56.005 -55.53 3.9285
56.0173 -55.4403 3.91711 1.56541e-07 56.005 -55.53 3.9285
56.1008 -54.8498 3.92456 4.47065e-16 56.005 -55.53 3.9285
55.7911 -55.2831 3.91835 1.23654e-10 56.005 -55.53 3.9285
55.8079 -55.5081 3.91858 1.72256e-07 56.005 -55.53 3.9285
56.328 -55.7187 3.9151 5.551e-09 56.005 -55.53 3.9285
56.0653 -55.8021 3.9171 2.33669e-06 56.005 -55.53 3.9285
55.5598 -55.2422 3.94163 1.9838e-12 56.005 -55.53 3.9285
55.8348 -55.5777 3.92634 0.000749972 56.005 -55.53 3.9285
55.2717 -55.1945 3.92829 1.11981e-21 56.005 -55.53 3.9285
55.9979 -55.5339 3.9271 0.0292884 56.005 -55.53 3.9285
55.7947 -56.0794 3.93725 3.6571e-10 56.005 -55.53 3.9285
56.0593 -55.7151 3.91892 4.34342e-05 56.005 -55.53 3.9285
56.1945 -55.6785 3.92361 0.00502104 56.005 -55.53 3.9285
55.7174 -55.2262 3.9188 1.84901e-12 56.005 -55.53 3.9285
55.7146 -55.5208 3.92295 7.52272e-07 56.005 -55.53 3.9285
55.7063 -54.818 3.92962 8.02289e-19 56.005 -55.53 3.9285
56.1113 -55.5971 3.91461 4.73848e-08 56.005 -55.53 3.9285
56.0876 -55.3855 3.91907 7.60835e-07 56.005 -55.53 3.9285
56.4818 -55.4045 3.92421 9.07892e-07 56.005 -55.53 3.9285
56.0936 -55.6523 3.92377 0.00842701 56.005 -55.53 3.9285
56.4266 -55.6016 3.90345 1.84357e-22 56.005 -55.53 3.9285
56.1675 -55.3541 3.90004 1.40519e-26 56.005 -55.53 3.9285
56.0497 -55.5386 3.94222 0.0734665 56.005 -55.53 3.9285
55.6506 -55.9464 3.93616 3.69737e-10 56.005 -55.53 3.9285
56.65 -55.6533 3.94601 4.98062e-06 56.005 -55.53 3.9285
56.4821 -55.5818 3.90339 7.33447e-24 56.005 -55.53 3.9285
56.1048 -54.8478 3.92254 1.98005e-17 56.005 -55.53 3.9285
55.9884 -56.2478 3.90955 4.66884e-17 56.005 -55.53 3.9285
56.0745 -55.4986 3.91409 4.52197e-09 56.005 -55.53 3.9285
55.748 -55.5572 3.91528 8.62396e-10 56.005 -55.53 3.9285
55.7884 -55.7772 3.92725 8.63563e-05 56.005 -55.53 3.9285
55.5278 -55.0502 3.94231 1.14785e-16 56.005 -55.53 3.9285
55.3383 -55.9287 3.90939 2.05815e-22 56.005 -55.53 3.9285
55.6448 -55.0201 3.92026 7.66269e-18 56.005 -55.53 3.9285
56.4237 -55.4786 3.93305 0.037719 56.005 -55.53 3.9285
55.8573 -55.1745 3.91837 4.87472e-12 56.005 -55.53 3.9285
56.1664 -55.3699 3.92822 0.0106762 56.005 -55.53 3.9285
56.2535 -55.7969 3.91511 2.18561e-08 56.005 -55.53 3.9285
55.7758 -55.468 3.93289 0.000264089 56.005 -55.53 3.9285
55.6003 -55.2229 3.93811 8.64095e-11 56.005 -55.53 3.9285
56.1629 -55.3867 3.90369 2.86991e-21 56.005 -55.53 3.9285
56.2099 -55.6296 3.95508 1.37668e-07 56.005 -55.53 3.9285
55.7029 -56.0563 3.93505 8.84301e-11 56.005 -55.53 3.9285
55.5808 -55.5409 3.92512 7.38271e-09 56.005 -55.53 3.9285
56.1761 -55.9433 3.91844 5.37986e-07 56.005 -55.53 3.9285
56.4316 -55.4245 3.92244 8.04426e-07 56.005 -55.53 3.9285
55.8793 -55.2299 3.93329 4.13634e-05 56.005 -55.53 3.9285
55.5345 -56.0291 3.92924 3.19175e-13 56.005 -55.53 3.9285
55.9178 -55.7916 3.90504 8.30868e-16 56.005 -55.53 3.9285
55.9529 -55.4779 3.94433 0.00162657 56.005 -55.53 3.9285
56.2717 -55.346 3.93809 0.176902 56.005 -55.53 3.9285
56.134 -55.7016 3.94065 0.113577 56.005 -55.53 3.9285
56.7827 -55.3722 3.91345 5.92526e-23 56.005 -55.53 3.9285
56.1794 -55.3015 3.91273 2.53841e-13 56.005 -55.53 3.9285
56.0261 -55.5495 3.94064 0.109482 56.005 -55.53 3.9285
56.0017 -55.389 3.92051 4.17527e-06 56.005 -55.53 3.9285
55.7504 -55.3025 3.9215 3.4691e-09 56.005 -55.53 3.9285
55.8523 -55.5639 3.92279 9.16372e-05 56.005 -55.53 3.9285
55.9155 -55.6504 3.90172 1.07788e-19 56.005 -55.53 3.9285
56.2766 -55.4993 3.93207 0.41893 56.005 -55.53 3.9285
56.4349 -56.1426 3.90655 1.81771e-21 56.005 -55.53 3.9285
55.6677 -55.3473 3.93477 2.342e-07 56.005 -55.53 3.9285
56.0938 -55.7482 3.95167 2.4537e-07 56.005 -55.53 3.9285
55.4877 -55.4377 3.93126 3.32331e-11 56.005 -55.53 3.9285
55.9408 -55.5639 3.91998 3.21091e-05 56.005 -55.53 3.9285
56.0969 -54.878 3.94299 2.25072e-10 56.005 -55.53 3.9285
55.5758 -55.0464 3.91822 9.88128e-20 56.005 -55.53 3.9285
56.3348 -55.8805 3.93841 0.00219069 56.005 -55.53 3.9285
55.9363 -55.0922 3.9165 9.19897e-15 56.005 -55.53 3.9285
55.9939 -55.9017 3.94214 1.40134e-05 56.005 -55.53 3.9285
55.9886 -55.7375 3.91818 1.09612e-05 56.005 -55.53 3.9285
55.8899 -55.8697 3.91891 1.2535e-06 56.005 -55.53 3.9285
55.5892 -55.2108 3.91517 2.26506e-17 56.005 -55.53 3.9285
