106.105 -26.1854 3.46569 0.00854948 105.78 -26.072 3.4485
105.13 -26.2039 3.44334 2.27855e-10 105.78 -26.072 3.4485
105.509 -26.1654 3.44851 0.000218328 105.78 -26.072 3.4485
105.293 -25.8302 3.46145 1.12954e-07 105.78 -26.072 3.4485
106.038 -25.9911 3.44176 0.00140996 105.78 -26.072 3.4485
105.832 -26.6855 3.46511 8.96871e-08 105.78 -26.072 3.4485
105.811 -26.0142 3.43938 0.000113331 105.78 -26.072 3.4485
105.247 -25.9328 3.45668 1.31424e-07 105.78 -26.072 3.4485
105.552 -25.7142 3.45622 0.000122187 105.78 -26.072 3.4485
106.061 -26.2009 3.45466 0.201844 105.78 -26.072 3.4485
105.496 -26.2345 3.46174 2.31502e-05 105.78 -26.072 3.4485
106.427 -26.1247 3.44717 0.00148445 105.78 -26.072 3.4485
105.7 -26.2319 3.45305 0.011279 105.78 -26.072 3.4485
105.349 -26.7075 3.46205 1.19401e-11 105.78 -26.072 3.4485
105.835 -26.2524 3.44813 0.0222013 105.78 -26.072 3.4485
106.204 -25.6889 3.44492 0.000114494 105.78 -26.072 3.4485
105.709 -26.2697 3.44797 0.00451412 105.78 -26.072 3.4485
105.428 -26.1814 3.45811 2.31214e-05 105.78 -26.072 3.4485
105.632 -25.7709 3.42365 4.7154e-16 105.78 -26.072 3.4485
105.778 -25.9649 3.47069 0.000100891 105.78 -26.072 3.4485
105.315 -25.9963 3.44785 7.68912e-07 105.78 -26.072 3.4485
105.499 -26.2538 3.46653 1.03331e-06 105.78 -26.072 3.4485
105.652 -26.0114 3.44156 9.08158e-05 105.78 -26.072 3.4485
106.002 -25.9534 3.44994 0.0979509 105.78 -26.072 3.4485
105.549 -25.4667 3.44586 1.64458e-08 105.78 -26.072 3.4485
105.468 -26.1552 3.44461 2.05196e-05 105.78 -26.072 3.4485
106.13 -25.4315 3.46373 7.84793e-05 105.78 -26.072 3.4485
106.111 -25.8703 3.45108 0.0674566 105.78 -26.072 3.4485
106.032 -25.8924 3.47656 4.1529e-06 105.78 -26.072 3.4485
105.772 -25.8749 3.46016 0.0197699 105.78 -26.072 3.4485
104.85 -26.6179 3.45779 9.89537e-19 105.78 -26.072 3.4485
106.026 -26.3458 3.45322 0.0493272 105.78 -26.072 3.4485
106.072 -25.8332 3.4567 0.133228 105.78 -26.072 3.4485
105.935 -26.142 3.45056 0.132715 105.78 -26.072 3.4485
106.031 -26.1247 3.44686 0.0485486 105.78 -26.072 3.4485
106.047 -26.7432 3.47089 2.53721e-10 105.78 -26.072 3.4485
105.905 -25.4533 3.44418 3.12646e-07 105.78 -26.072 3.4485
105.6 -26.3141 3.44263 6.27429e-05 105.78 -26.072 3.4485
105.103 -25.3828 3.44864 6.13388e-15 105.78 -26.072 3.4485
106.43 -25.9727 3.46615 0.0018006 105.78 -26.072 3.4485
104.881 -26.1058 3.45395 2.41768e-14 105.78 -26.072 3.4485
105.551 -25.4064 3.44838 1.25748e-08 105.78 -26.072 3.4485
105.49 -26.1526 3.43791 4.37852e-07 105.78 -26.072 3.4485
106.141 -26.2915 3.46641 0.00138038 105.78 -26.072 3.4485
104.963 -26.3856 3.44104 1.87887e-14 105.78 -26.072 3.4485
105.826 -26.3167 3.44895 0.0151225 105.78 -26.072 3.4485
105.361 -26.2169 3.43151 3.65873e-11 105.78 -26.072 3.4485
105.944 -25.7617 3.45214 0.0242207 105.78 -26.072 3.4485
105.25 -26.4281 3.4519 1.41092e-08 105.78 -26.072 3.4485
105.667 -26.5629 3.46805 2.382e-08 105.78 -26.072 3.4485
105.903 -26.4013 3.46656 9.26357e-05 105.78 -26.072 3.4485
105.294 -25.8295 3.46311 5.90862e-08 105.78 -26.072 3.4485
105.787 -25.5788 3.46142 0.000493968 105.78 -26.072 3.4485
105.231 -26.0975 3.46264 9.90706e-09 105.78 -26.072 3.4485
105.549 -26.0039 3.43401 1.5009e-08 105.78 -26.072 3.4485
105.499 -26.3865 3.45839 1.30276e-05 105.78 -26.072 3.4485
105.489 -25.6596 3.45566 1.14369e-05 105.78 -26.072 3.4485
105.333 -26.0442 3.46754 2.18935e-08 105.78 -26.072 3.4485
105.346 -26.2125 3.43493 8.49744e-10 105.78 -26.072 3.4485
105.75 -26.2163 3.44479 0.0031117 105.78 -26.072 3.4485
104.641 -25.8252 3.45309 8.88873e-21 105.78 -26.072 3.4485
105.818 -26.1753 3.45466 0.0724756 105.78 -26.072 3.4485
105.611 -25.3496 3.46249 9.9749e-08 105.78 -26.072 3.4485
105.817 -26.2696 3.45548 0.0328271 105.78 -26.072 3.4485
105.435 -25.6287 3.44607 7.92664e-08 105.78 -26.072 3.4485
105.653 -26.1171 3.46653 0.000140196 105.78 -26.072 3.4485
105.862 -26.2345 3.47112 2.30378e-05 105.78 -26.072 3.4485
105.43 -26.2284 3.47449 1.03246e-10 105.78 -26.072 3.4485
105.509 -26.2385 3.42973 1.45816e-10 105.78 -26.072 3.4485
105.852 -26.2451 3.4422 0.0017141 105.78 -26.072 3.4485
106.043 -26.8956 3.47019 1.24345e-12 105.78 -26.072 3.4485
105.776 -25.977 3.43324 1.12744e-07 105.78 -26.072 3.4485
105.594 -25.9252 3.4671 5.09955e-05 105.78 -26.072 3.4485
105.932 -26.1962 3.48239 8.16629e-11 105.78 -26.072 3.4485
106.093 -26.0816 3.43521 4.74319e-06 105.78 -26.072 3.4485
105.572 -26.217 3.46302 8.9887e-05 105.78 -26.072 3.4485
105.307 -26.0866 3.46856 3.08614e-09 105.78 -26.072 3.4485
105.509 -26.0244 3.43788 3.73272e-07 105.78 -26.072 3.4485
105.575 -25.7656 3.44013 3.97836e-07 105.78 -26.072 3.4485
105.656 -26.1047 3.45675 0.00850474 105.78 -26.072 3.4485
105.919 -26.2822 3.46551 0.00164214 105.78 -26.072 3.4485
105.762 -25.7512 3.43873 1.29155e-06 105.78 -26.072 3.4485
105.079 -26.2116 3.44307 2.56511e-11 105.78 -26.072 3.4485
104.912 -25.9282 3.45124 7.88705e-14 105.78 -26.072 3.4485
105.186 -25.7028 3.46069 7.30349e-10 105.78 -26.072 3.4485
105.418 -26.2017 3.45917 1.09464e-05 105.78 -26.072 3.4485
106.206 -26.0427 3.436 3.84202e-06 105.78 -26.072 3.4485
105.614 -25.6423 3.45428 0.00011498 105.78 -26.072 3.4485
105.65 -25.6724 3.43798 2.7983e-08 105.78 -26.072 3.4485
105.092 -25.8084 3.47349 8.59685e-15 105.78 -26.072 3.4485
106.099 -26.712 3.45132 2.58649e-05 105.78 -26.072 3.4485
105.02 -26.0636 3.44382 2.86552e-12 105.78 -26.072 3.4485
105.502 -26.418 3.44621 1.28386e-05 105.78 -26.072 3.4485
105.237 -26.1227 3.43881 7.16618e-10 105.78 -26.072 3.4485
105.252 -25.906 3.43564 1.32153e-11 105.78 -26.072 3.4485
106.095 -25.3006 3.44546 0.000327721 105.78 -26.072 3.4485
105.499 -25.8224 3.44899 4.03417e-05 105.78 -26.072 3.4485
105.786 -26.1261 3.4486 0.026122 105.78 -26.072 3.4485
105.657 -26.1489 3.45558 0.00835215 105.78 -26.072 3.4485
105.543 -25.6269 3.4522 1.30094e-05 105.78 -26.072 3.4485
