243.513 29.1179 0.084849 4.26441e-14 243.97 28.792 0.06829
244.182 28.8313 0.0830779 5.26947e-10 243.97 28.792 0.06829
244.198 28.7041 0.087785 2.39991e-14 243.97 28.792 0.06829
243.93 28.7424 0.0689842 0.443056 243.97 28.792 0.06829
244.473 28.781 0.0496389 9.17314e-14 243.97 28.792 0.06829
244.322 28.6127 0.0658263 5.52993e-05 243.97 28.792 0.06829
244.19 28.6835 0.062633 0.00138949 243.97 28.792 0.06829
244.14 29.1481 0.0770755 2.8676e-09 243.97 28.792 0.06829
243.844 28.7069 0.0727791 0.287533 243.97 28.792 0.06829
243.96 28.6215 0.0560203 1.08783e-08 243.97 28.792 0.06829
243.77 28.5554 0.0752448 0.0207353 243.97 28.792 0.06829
243.689 28.5119 0.0605505 7.0775e-10 243.97 28.792 0.06829
243.978 28.5172 0.0586981 5.86666e-08 243.97 28.792 0.06829
244.26 28.9511 0.0619435 0.000758361 243.97 28.792 0.06829
244.059 28.9609 0.0851519 6.80373e-12 243.97 28.792 0.06829
243.927 28.5411 0.0651611 0.00107802 243.97 28.792 0.06829
244.49 29.1328 0.0751596 5.28399e-15 243.97 28.792 0.06829
244.463 28.892 0.0629036 1.13235e-06 243.97 28.792 0.06829
244.419 29.1003 0.0667391 7.37815e-08 243.97 28.792 0.06829
243.87 28.4859 0.082842 2.48266e-05 243.97 28.792 0.06829
244.125 29.2068 0.0816443 1.01203e-14 243.97 28.792 0.06829
244.068 28.9836 0.0606136 0.00211846 243.97 28.792 0.06829
244.101 29.3276 0.073345 7.73058e-11 243.97 28.792 0.06829
244.274 29.557 0.0775455 2.90675e-25 243.97 28.792 0.06829
244.086 28.3364 0.0630449 1.24054e-08 243.97 28.792 0.06829
244.103 28.9511 0.0495398 2.55466e-11 243.97 28.792 0.06829
244.086 28.9117 0.0495021 1.33097e-11 243.97 28.792 0.06829
243.785 28.6317 0.05756 3.84453e-09 243.97 28.792 0.06829
244.378 28.2182 0.0648142 6.04805e-14 243.97 28.792 0.06829
243.728 28.8812 0.0609471 1.11365e-05 243.97 28.792 0.06829
244.32 28.9057 0.0868737 9.71512e-19 243.97 28.792 0.06829
244.609 28.897 0.0780407 6.66882e-18 243.97 28.792 0.06829
244.133 28.7726 0.0727328 0.0219636 243.97 28.792 0.06829
244.121 29.2204 0.0725003 9.02539e-08 243.97 28.792 0.06829
244.59 28.8298 0.0931493 1.78938e-37 243.97 28.792 0.06829
244.005 28.3795 0.0720992 0.000183909 243.97 28.792 0.06829
244.2 29.1245 0.0655364 0.00011619 243.97 28.792 0.06829
244.574 28.728 0.0590143 2.53751e-10 243.97 28.792 0.06829
243.264 28.6493 0.067014 2.74741e-14 243.97 28.792 0.06829
244.348 28.5153 0.0706414 1.51467e-06 243.97 28.792 0.06829
243.76 29.285 0.0799321 5.29962e-13 243.97 28.792 0.06829
244.256 28.5285 0.0770682 1.3533e-06 243.97 28.792 0.06829
243.915 28.6023 0.0609191 2.50441e-05 243.97 28.792 0.06829
244.099 28.6671 0.0779019 0.000577169 243.97 28.792 0.06829
244.31 28.9075 0.0772132 1.91903e-08 243.97 28.792 0.06829
244.3 28.6486 0.0608602 1.22596e-05 243.97 28.792 0.06829
244.465 28.7468 0.0765896 6.8265e-11 243.97 28.792 0.06829
243.706 28.8806 0.0791933 0.000205276 243.97 28.792 0.06829
244.459 28.7876 0.0754495 4.43787e-10 243.97 28.792 0.06829
244.056 28.1386 0.0848554 3.661e-13 243.97 28.792 0.06829
244.048 28.8928 0.0574597 7.04539e-05 243.97 28.792 0.06829
244.244 28.5382 0.0846081 1.2108e-11 243.97 28.792 0.06829
243.943 28.9346 0.0910959 3.57018e-17 243.97 28.792 0.06829
243.857 29.1476 0.0643339 9.06916e-05 243.97 28.792 0.06829
243.86 29.2177 0.068163 8.82995e-06 243.97 28.792 0.06829
243.739 28.9767 0.0674015 0.00262959 243.97 28.792 0.06829
244.265 28.8172 0.0673295 0.00356074 243.97 28.792 0.06829
243.787 28.9902 0.077123 0.000176452 243.97 28.792 0.06829
244.432 28.6308 0.0662689 8.11752e-07 243.97 28.792 0.06829
244.173 29.0404 0.0691518 0.000814264 243.97 28.792 0.06829
243.673 28.6351 0.0846274 4.61423e-06 243.97 28.792 0.06829
243.369 29.1449 0.0676606 6.56964e-13 243.97 28.792 0.06829
244.264 29.1715 0.0516217 4.72044e-10 243.97 28.792 0.06829
244.428 28.8759 0.0474611 1.60963e-14 243.97 28.792 0.06829
243.64 29.6807 0.0674443 1.10389e-22 243.97 28.792 0.06829
244.256 28.8327 0.0711231 0.000999928 243.97 28.792 0.06829
244.04 28.7202 0.0502371 8.09354e-13 243.97 28.792 0.06829
244.267 29.5785 0.0629798 2.94045e-16 243.97 28.792 0.06829
244.646 28.7678 0.0798178 4.87159e-20 243.97 28.792 0.06829
244.565 28.8682 0.0675129 1.22203e-09 243.97 28.792 0.06829
243.701 29.1623 0.0674528 3.38028e-06 243.97 28.792 0.06829
243.834 28.8382 0.0665452 0.0669675 243.97 28.792 0.06829
243.488 28.7107 0.0565345 4.23922e-16 243.97 28.792 0.06829
243.505 29.0107 0.0758415 2.83925e-07 243.97 28.792 0.06829
244.102 28.8457 0.0755067 0.00207291 243.97 28.792 0.06829
243.776 28.7997 0.0735322 0.0962591 243.97 28.792 0.06829
244.651 29.0849 0.0572757 1.23877e-12 243.97 28.792 0.06829
244.517 28.7083 0.0621422 2.06297e-08 243.97 28.792 0.06829
244.322 29.2785 0.0690693 2.98936e-10 243.97 28.792 0.06829
244.553 28.8801 0.0686613 1.03267e-09 243.97 28.792 0.06829
244.023 28.8525 0.0810232 5.05555e-06 243.97 28.792 0.06829
244.009 29.0546 0.0545972 2.18356e-07 243.97 28.792 0.06829
244.125 29.1226 0.0712925 2.97615e-05 243.97 28.792 0.06829
244.225 28.6225 0.0685719 0.00237891 243.97 28.792 0.06829
244.194 28.7311 0.0670918 0.0199916 243.97 28.792 0.06829
244.924 28.6451 0.0728629 2.68822e-26 243.97 28.792 0.06829
244.238 28.9336 0.0774176 2.02395e-07 243.97 28.792 0.06829
243.695 28.4549 0.0726393 0.000364044 243.97 28.792 0.06829
243.357 28.6328 0.0721731 6.41636e-09 243.97 28.792 0.06829
243.958 28.7531 0.0840198 6.36675e-07 243.97 28.792 0.06829
244.195 28.6652 0.0527071 2.04523e-10 243.97 28.792 0.06829
244.304 28.9773 0.0662671 0.000239043 243.97 28.792 0.06829
243.879 29.0358 0.0735434 0.00142874 243.97 28.792 0.06829
243.571 29.3705 0.0718943 2.13614e-13 243.97 28.792 0.06829
243.861 28.902 0.0646845 0.02204 243.97 28.792 0.06829
244.312 29.0635 0.067528 1.36874e-05 243.97 28.792 0.06829
244.488 28.6274 0.0679809 3.12586e-08 243.97 28.792 0.06829
244.028 28.4846 0.0598974 1.92599e-07 243.97 28.792 0.06829
244.296 28.377 0.0789845 4.97971e-10 243.97 28.792 0.06829
243.992 28.5446 0.0502754 2.54731e-16 243.97 28.792 0.06829
