-27.4965 -11.8544 0.866622 1.85667e-13
-26.815 -11.9685 0.85151 5.19469e-07
-27.3857 -11.8659 0.85909 1.7919e-11
-26.4023 -12.0533 0.867283 0.00424026
-27.1088 -12.0688 0.85555 4.12002e-09
-26.9965 -12.0254 0.877395 0.000277308
-26.752 -12.0388 0.863608 0.0594025
-26.8216 -11.4499 0.855053 0.000621986
-26.8195 -12.2938 0.86166 2.96888e-06
-26.2638 -12.1833 0.873434 1.02532e-05
-26.087 -12.031 0.874477 2.08653e-09
-26.8874 -12.2134 0.863751 0.000212768
-26.7261 -11.9726 0.857766 0.00290114
-26.656 -11.897 0.8865 7.24417e-10
-26.5988 -11.8483 0.874956 0.00209628
-27.427 -12.4847 0.874031 1.01339e-14
-27.2109 -12.3044 0.884824 1.99819e-09
-26.5786 -12.0926 0.863755 0.0150484
-26.9504 -12.3233 0.861525 6.99862e-08
-26.7072 -11.7292 0.873711 0.000527322
-26.3284 -11.9907 0.864158 0.000440833
-27.1106 -11.9833 0.883597 3.67997e-09
-27.311 -11.9151 0.876247 6.0302e-10
-26.7573 -11.9743 0.851536 7.97362e-07
-26.6026 -12.2447 0.865845 0.00147645
-26.8209 -12.0812 0.873968 0.0601549
-27.1306 -12.2904 0.873634 5.82032e-06
-26.5499 -12.2435 0.876297 0.00647564
-26.9579 -11.7968 0.868448 0.00643884
-27.3362 -11.7858 0.858286 3.61573e-10
-26.9482 -12.2295 0.870094 0.00197868
-26.2974 -12.213 0.867197 9.17435e-06
-26.5258 -12.0033 0.887573 1.01279e-09
-26.5694 -12.6892 0.873116 1.64085e-09
-27.0173 -11.9482 0.871255 0.00258806
-26.8182 -12.1784 0.872601 0.048019
-27.1211 -12.4617 0.874949 1.41044e-07
-27.0817 -12.0484 0.866969 0.000329819
-26.6818 -11.934 0.879383 0.000224007
-26.7814 -12.5699 0.879979 1.28058e-05
-26.6227 -12.3728 0.861903 1.77479e-07
-26.4997 -11.6777 0.845601 1.0952e-07
-26.9984 -12.5312 0.8715 6.67104e-08
-26.6661 -12.0549 0.859047 0.00143956
-26.948 -12.217 0.880915 0.000197612
-26.2457 -12.1943 0.865206 7.12759e-07
-26.6961 -11.9914 0.862864 0.0962003
-26.924 -11.9209 0.872674 0.00944711
-26.782 -11.9808 0.864457 0.153405
-26.4232 -12.5938 0.874839 3.79244e-08
-26.8382 -12.0012 0.875453 0.0153183
-26.4347 -11.9755 0.871088 0.00865803
-26.533 -12.1983 0.855941 5.37216e-08
-26.7575 -12.5293 0.864843 2.31891e-09
-26.7576 -11.7718 0.859226 0.0748961
-27.0385 -12.0756 0.863715 0.000194505
-26.3086 -12.1862 0.878441 6.48489e-06
-27.122 -12.3351 0.876501 3.71301e-06
-26.7506 -12.0657 0.873438 0.116508
-26.4318 -12.3063 0.880078 6.57097e-05
-26.8152 -12.6722 0.860213 2.26194e-17
-26.9552 -11.8735 0.865841 0.0207586
-26.7266 -12.2329 0.880456 0.00279367
-26.9226 -11.9725 0.889154 1.79705e-11
-26.4325 -12.4372 0.846128 3.11137e-25
-26.4096 -12.2952 0.865587 8.61516e-06
-27.0465 -12.2451 0.871943 0.000180855
-26.9473 -12.4536 0.855303 6.67375e-16
-26.9668 -11.8802 0.872033 0.0032252
-27.4461 -11.5784 0.845755 2.25055e-18
-26.5413 -12.0093 0.892156 1.13652e-13
-26.6393 -12.3087 0.876331 0.00732739
-26.414 -12.2201 0.866508 0.000188675
-26.6171 -12.2656 0.861994 2.33098e-05
-26.859 -11.8491 0.880656 1.56362e-06
-27.0147 -12.4967 0.879372 2.60818e-06
-27.9909 -11.4532 0.878256 4.24318e-44
-26.8316 -12.253 0.869437 0.00630214
-27.2069 -11.8018 0.839782 6.68898e-20
-26.6944 -12.656 0.872004 8.79217e-09
-26.8129 -11.9457 0.861831 0.0525153
-26.4425 -11.7525 0.878621 7.93639e-08
-26.7674 -11.7303 0.854559 0.00447338
-27.3073 -12.1582 0.867323 3.48216e-09
-27.0241 -11.9629 0.865925 0.00311528
-26.5509 -11.9636 0.881353 1.11379e-05
-26.9779 -12.8929 0.875049 3.36545e-15
-26.7943 -12.1853 0.860995 0.000121382
-26.9017 -11.7364 0.861104 0.0209633
-26.6243 -12.3878 0.850318 1.54601e-17
-26.7681 -12.3027 0.875083 0.0103884
-26.4348 -11.7492 0.865065 0.00815963
-27.081 -12.1312 0.85474 2.96747e-10
-26.84 -12.2016 0.869735 0.019144
-26.4792 -12.5778 0.868911 2.95725e-09
-26.454 -12.026 0.866817 0.0179354
-26.8753 -12.0828 0.888107 1.11196e-08
-26.7089 -12.0441 0.873222 0.132522
-27.1115 -12.4899 0.857525 3.88023e-17
-27.0437 -12.0566 0.846968 9.77022e-15
