-31.6564 -80.9744 2.29909 3.64502e-15
-31.4593 -80.3766 2.29522 3.39959e-10
-31.328 -80.6799 2.29627 3.36389e-08
-31.5927 -80.2748 2.27449 4.00295e-06
-31.4134 -79.8123 2.28842 2.67415e-12
-31.419 -81.3132 2.28837 1.98925e-13
-31.4554 -80.5028 2.29432 4.98263e-09
-31.0575 -80.4881 2.29346 2.93938e-05
-31.4164 -80.757 2.292 1.21486e-07
-30.9992 -80.4069 2.27497 0.378545
-30.6598 -80.9258 2.28937 9.43245e-06
-31.5434 -80.2891 2.2918 3.93509e-10
-31.3573 -80.9656 2.29632 1.443e-09
-31.0966 -81.1015 2.27648 1.22611e-08
-30.975 -80.4668 2.28573 0.024791
-31.3985 -81.5201 2.27315 1.44391e-22
-31.2388 -80.6311 2.29213 1.36605e-05
-30.6241 -81.0625 2.30364 1.58767e-11
-30.9001 -80.8707 2.30134 1.05857e-08
-30.6215 -80.5353 2.30126 5.67973e-10
-31.2699 -80.7832 2.30464 2.13985e-12
-31.413 -81.3767 2.3215 5.25221e-29
-31.1453 -80.6841 2.30237 4.39094e-10
-31.1591 -80.5547 2.29501 2.55732e-06
-31.7903 -80.7099 2.29765 2.67842e-16
-31.3355 -80.1876 2.32306 6.95328e-40
-31.0579 -80.2271 2.2783 0.171173
-31.1273 -80.2937 2.29882 4.94183e-10
-30.8075 -80.2046 2.28685 0.000838344
-31.3881 -80.5968 2.2931 1.92294e-07
-31.3712 -80.9169 2.30292 1.52234e-12
-31.6797 -80.4135 2.31437 6.47559e-30
-31.3234 -81.3137 2.29694 2.97037e-13
-31.7542 -80.8598 2.28492 2.5085e-12
-31.5233 -80.1841 2.29356 8.9159e-12
-31.9679 -81.8142 2.28722 1.76265e-36
-31.4012 -80.9928 2.29576 4.3644e-10
-30.9024 -80.7097 2.29869 3.91119e-07
-31.1145 -80.8462 2.28872 0.000100467
-30.955 -80.7374 2.28517 0.00535884
-31.2932 -80.5973 2.29813 6.45093e-09
-30.9167 -81.0552 2.30144 1.19714e-09
-30.9506 -80.5175 2.27321 0.0967529
-30.9848 -80.3411 2.27975 0.266825
-31.3902 -80.677 2.29799 9.26285e-10
-31.4672 -80.1407 2.29744 3.83666e-14
-31.4602 -80.6858 2.27335 2.37837e-06
-31.2738 -80.4513 2.28895 7.64502e-05
-31.3123 -80.648 2.27614 0.000502753
-31.5246 -80.8494 2.2917 1.7187e-09
-30.5235 -80.6849 2.27848 0.000204408
-31.5235 -81.1481 2.28338 3.99907e-12
-31.0525 -80.694 2.30154 4.60298e-09
-31.6153 -80.5434 2.29121 5.73203e-10
-31.7796 -80.7991 2.29079 1.61174e-13
-31.2662 -80.8045 2.292 2.81291e-06
-30.9756 -80.4159 2.29418 1.08236e-05
-31.2501 -80.595 2.29534 4.51108e-07
-31.084 -80.0511 2.30003 5.40091e-14
-31.0392 -81.3911 2.27302 1.68651e-16
-31.5872 -80.287 2.28791 5.23715e-09
-31.1513 -81.3473 2.30167 1.21288e-13
-31.0846 -80.9052 2.28983 2.96046e-05
-31.2511 -80.9584 2.28113 2.15396e-06
-31.3489 -80.4639 2.27737 0.00256685
-31.4747 -80.5369 2.27585 4.30991e-05
-31.3164 -80.4903 2.28522 0.000444486
-31.4347 -80.4738 2.28454 3.25414e-05
-31.2467 -80.5112 2.29837 5.91528e-09
-31.1623 -81.2672 2.28968 2.93639e-10
-31.7425 -80.5671 2.28251 6.00625e-10
-30.9037 -80.4733 2.29081 0.000680012
-31.3183 -80.6197 2.27935 0.000926674
-30.9815 -80.258 2.29414 8.10913e-07
-30.97 -80.9277 2.28756 8.1431e-05
-31.1043 -80.9211 2.29991 9.85264e-09
-31.4414 -80.768 2.29014 1.87393e-07
-30.7921 -80.3902 2.29246 4.51337e-05
-30.8082 -80.8738 2.29826 2.46037e-07
-31.1349 -81.0052 2.27775 8.01752e-07
-30.5666 -81.1369 2.27348 9.98403e-12
-31.2166 -80.6891 2.28172 0.00195477
-30.8085 -80.6914 2.27968 0.0136773
-31.2734 -81.3007 2.2819 2.14949e-12
-31.11 -80.4653 2.28342 0.031668
-31.8533 -80.4589 2.27972 1.25791e-11
-30.7256 -80.7484 2.28061 0.00241673
-31.5118 -81.1362 2.27598 3.7395e-13
-30.8777 -81.3958 2.2967 2.42233e-12
-31.2009 -81.0342 2.30183 7.1299e-11
-31.4581 -81.2358 2.28181 4.83151e-13
-31.5754 -80.5083 2.28113 1.24849e-06
-31.6253 -80.653 2.30037 1.14648e-14
-30.9067 -80.9641 2.30102 6.67851e-09
-31.2251 -81.0045 2.28153 8.45595e-07
-31.4106 -80.2305 2.29839 5.53542e-13
-31.5902 -80.966 2.29575 1.33311e-12
-31.2 -80.9367 2.28705 8.4278e-06
-31.11 -80.8303 2.27644 0.000173971
-30.4594 -80.2096 2.28981 2.37942e-07
