141.895 20.5259 0.0815506 0.0644938 141.96 20.484 0.079604
141.815 20.737 0.103874 3.8393e-17 141.96 20.484 0.079604
141.751 20.4774 0.0812966 0.0247132 141.96 20.484 0.079604
140.992 20.2921 0.08136 3.81354e-17 141.96 20.484 0.079604
141.542 20.2805 0.0867723 2.41802e-05 141.96 20.484 0.079604
141.302 20.5169 0.0916382 5.11195e-10 141.96 20.484 0.079604
142.374 20.4441 0.0693358 0.000721952 141.96 20.484 0.079604
141.715 20.1352 0.0942119 9.87738e-08 141.96 20.484 0.079604
141.851 20.1349 0.0862362 0.000205305 141.96 20.484 0.079604
141.745 20.8249 0.0651521 5.60511e-07 141.96 20.484 0.079604
142.023 20.051 0.0734862 6.88861e-05 141.96 20.484 0.079604
141.403 20.5022 0.0621888 5.16404e-14 141.96 20.484 0.079604
141.353 20.526 0.0860334 8.72639e-08 141.96 20.484 0.079604
141.586 19.9844 0.0851061 1.3936e-07 141.96 20.484 0.079604
141.799 20.0468 0.0853948 2.49145e-05 141.96 20.484 0.079604
141.958 20.439 0.0851499 0.0101616 141.96 20.484 0.079604
142.071 20.2558 0.0912504 2.1318e-06 141.96 20.484 0.079604
142.058 20.6151 0.0744804 0.107542 141.96 20.484 0.079604
141.954 20.1767 0.0783663 0.00682053 141.96 20.484 0.079604
142.109 20.4152 0.0788472 0.0703867 141.96 20.484 0.079604
141.507 20.5508 0.0850211 2.40468e-05 141.96 20.484 0.079604
140.792 21.0328 0.0926928 2.94977e-30 141.96 20.484 0.079604
142.255 20.5779 0.0628665 0.000144116 141.96 20.484 0.079604
141.953 20.3276 0.0633404 1.44133e-05 141.96 20.484 0.079604
142.479 20.7147 0.0957928 4.58095e-18 141.96 20.484 0.079604
141.543 20.345 0.0824863 0.000148885 141.96 20.484 0.079604
141.862 20.5042 0.076421 0.126867 141.96 20.484 0.079604
141.759 20.7473 0.0876702 1.63046e-05 141.96 20.484 0.079604
142.124 20.3991 0.0997062 4.77267e-13 141.96 20.484 0.079604
141.555 20.5414 0.0910265 1.58674e-06 141.96 20.484 0.079604
142.093 20.2833 0.0913887 1.4841e-06 141.96 20.484 0.079604
141.625 20.7485 0.0862455 7.7056e-06 141.96 20.484 0.079604
142.001 20.761 0.074792 0.0131442 141.96 20.484 0.079604
142.051 20.7278 0.0846419 0.000234979 141.96 20.484 0.079604
141.604 19.9789 0.0965806 4.60557e-11 141.96 20.484 0.079604
141.58 21.0668 0.0970988 1.77825e-17 141.96 20.484 0.079604
142.174 20.4185 0.0908805 6.72129e-07 141.96 20.484 0.079604
141.901 20.8136 0.0988642 7.80274e-14 141.96 20.484 0.079604
141.883 20.9066 0.0993994 7.65847e-16 141.96 20.484 0.079604
141.763 20.4658 0.0789132 0.0407177 141.96 20.484 0.079604
141.769 20.3344 0.0970261 1.88602e-08 141.96 20.484 0.079604
141.482 20.6101 0.107363 2.1568e-19 141.96 20.484 0.079604
141.981 20.0898 0.0802957 0.000592514 141.96 20.484 0.079604
140.77 20.3951 0.0885961 1.1604e-23 141.96 20.484 0.079604
141.652 20.3602 0.110365 1.23158e-20 141.96 20.484 0.079604
141.244 20.1629 0.0733537 1.29887e-13 141.96 20.484 0.079604
141.701 20.7037 0.0865348 6.37406e-05 141.96 20.484 0.079604
141.96 20.9075 0.0924473 1.36421e-10 141.96 20.484 0.079604
141.765 19.9544 0.0694872 4.23894e-09 141.96 20.484 0.079604
141.601 20.4244 0.0930516 1.05894e-06 141.96 20.484 0.079604
141.822 20.4517 0.0872088 0.00228283 141.96 20.484 0.079604
141.768 20.5496 0.0765953 0.0313855 141.96 20.484 0.079604
141.688 20.344 0.0844784 0.0024279 141.96 20.484 0.079604
141.578 20.4109 0.0877788 6.93857e-05 141.96 20.484 0.079604
141.271 20.5169 0.0778748 1.08779e-09 141.96 20.484 0.079604
141.084 20.5408 0.078071 1.02097e-14 141.96 20.484 0.079604
141.074 20.0401 0.0770726 1.78276e-18 141.96 20.484 0.079604
141.832 20.5252 0.0836462 0.0185296 141.96 20.484 0.079604
141.677 19.9434 0.0722104 3.74409e-09 141.96 20.484 0.079604
141.65 20.2279 0.0954619 5.05089e-08 141.96 20.484 0.079604
141.259 20.9106 0.082272 5.62909e-13 141.96 20.484 0.079604
142.331 20.1735 0.0918968 1.23744e-10 141.96 20.484 0.079604
142.028 20.2679 0.0751774 0.0321312 141.96 20.484 0.079604
141.451 20.6629 0.0809648 2.05932e-06 141.96 20.484 0.079604
142.136 21.3627 0.0795408 1.02928e-15 141.96 20.484 0.079604
141.559 20.5988 0.0865348 2.72846e-05 141.96 20.484 0.079604
141.352 20.5742 0.0869699 3.67861e-08 141.96 20.484 0.079604
141.863 20.3608 0.0754871 0.0609472 141.96 20.484 0.079604
141.491 19.8133 0.0885423 4.49907e-12 141.96 20.484 0.079604
141.974 20.695 0.0767331 0.0396334 141.96 20.484 0.079604
141.667 20.4789 0.0727425 0.000895404 141.96 20.484 0.079604
141.409 20.504 0.0788078 1.26708e-06 141.96 20.484 0.079604
142.305 20.9423 0.0587416 7.49678e-09 141.96 20.484 0.079604
141.258 20.3731 0.0890997 6.30863e-10 141.96 20.484 0.079604
140.864 20.6053 0.0663512 8.4536e-29 141.96 20.484 0.079604
141.465 20.3019 0.0548587 2.54964e-20 141.96 20.484 0.079604
141.713 20.1972 0.091261 6.56324e-06 141.96 20.484 0.079604
142.252 20.2319 0.0714613 0.000828123 141.96 20.484 0.079604
141.266 20.1547 0.108678 3.14069e-21 141.96 20.484 0.079604
141.572 20.2586 0.083602 0.000108755 141.96 20.484 0.079604
141.301 20.3608 0.060524 8.2905e-19 141.96 20.484 0.079604
142.001 20.4897 0.0812294 0.07565 141.96 20.484 0.079604
141.766 20.7511 0.0808742 0.00116994 141.96 20.484 0.079604
142.102 20.4954 0.0745184 0.148631 141.96 20.484 0.079604
141.35 20.176 0.0805611 6.65418e-09 141.96 20.484 0.079604
141.586 20.4793 0.0901743 1.12078e-05 141.96 20.484 0.079604
141.909 20.4943 0.085304 0.0091822 141.96 20.484 0.079604
141.869 20.6274 0.089604 4.0431e-05 141.96 20.484 0.079604
141.827 20.3852 0.103596 4.8132e-14 141.96 20.484 0.079604
141.603 20.2043 0.0799555 0.000104845 141.96 20.484 0.079604
141.908 20.8112 0.0868341 9.06568e-06 141.96 20.484 0.079604
141.968 20.5806 0.0961656 2.62726e-09 141.96 20.484 0.079604
141.898 20.279 0.0891023 0.000222887 141.96 20.484 0.079604
142.313 20.6235 0.0953668 2.87184e-13 141.96 20.484 0.079604
142.202 20.355 0.0772775 0.017814 141.96 20.484 0.079604
141.881 20.5533 0.0798022 0.0905517 141.96 20.484 0.079604
141.7 20.1325 0.0819824 0.000189935 141.96 20.484 0.079604
141.546 20.4032 0.0684841 2.30439e-07 141.96 20.484 0.079604
141.278 20.7081 0.0914222 8.85656e-12 141.96 20.484 0.079604
141.272 20.5722 0.0695463 1.00449e-12 141.96 20.484 0.079604
