54.886 12.7025 0.148504 2.27277e-13
54.611 12.5546 0.14779 4.92203e-08
54.6547 13.3167 0.14622 6.41593e-09
54.9963 12.5846 0.144852 5.88187e-16
54.1776 13.3442 0.151942 6.62021e-05
54.2914 13.025 0.145413 0.218753
54.5735 12.3394 0.1414 4.39115e-09
54.5309 12.742 0.143154 0.00159474
54.6999 13.1327 0.163841 5.38988e-21
54.5368 12.8202 0.136607 0.000666841
54.5553 12.5666 0.136591 1.95572e-05
55.0927 12.9857 0.152433 2.48428e-22
54.4103 12.5795 0.126938 2.10478e-09
54.9609 13.0713 0.138755 1.38535e-12
54.9966 13.2913 0.124405 1.95063e-23
55.0119 12.7837 0.142568 6.09975e-14
54.9366 12.3957 0.161231 1.78466e-33
54.4684 12.7192 0.13875 0.00460432
53.9758 13.0702 0.138187 0.000172049
54.7145 13.8726 0.127564 1.86492e-34
54.4704 12.1259 0.139218 7.63444e-13
54.6243 13.1444 0.136086 5.05405e-07
54.2233 13.2758 0.132655 2.95369e-09
54.4657 12.9612 0.151975 8.37755e-05
54.9202 12.9147 0.123673 4.8933e-17
54.494 12.861 0.146571 0.00322642
54.1439 13.1888 0.13208 1.01398e-08
55.3387 12.8936 0.142662 3.75457e-26
54.9808 12.4157 0.137141 1.55315e-15
54.4301 12.7956 0.133231 0.000168046
53.968 12.7926 0.130459 5.4983e-09
54.7178 13.0588 0.149278 1.31576e-08
54.005 12.8438 0.143421 0.161105
54.2913 12.6786 0.165116 5.78482e-16
54.8611 12.5657 0.137864 1.52121e-10
54.1248 12.6634 0.137557 0.00356962
54.7588 12.1978 0.132624 4.11071e-15
54.7743 12.7821 0.160943 8.23313e-21
54.6272 12.9138 0.158764 2.65491e-13
54.2278 13.1347 0.160005 1.82534e-07
54.3948 12.3466 0.143314 2.61644e-07
54.8565 13.0645 0.140172 8.13391e-10
55.0519 13.1359 0.14218 3.08584e-16
54.2072 12.9909 0.145496 0.589225
54.7544 12.8309 0.152115 3.2696e-11
54.6161 12.6341 0.132194 6.52012e-07
54.5185 12.9292 0.154819 1.74346e-07
54.4061 12.9604 0.138185 0.0107533
55.1144 13.0998 0.136232 1.36888e-17
54.945 13.2328 0.148155 8.11773e-16
53.9363 12.2714 0.141961 1.85192e-09
54.6433 12.634 0.138056 9.44922e-06
55.1832 13.1906 0.171098 7.89559e-53
54.8031 12.732 0.159767 8.33428e-21
54.3561 12.8761 0.152883 0.000579513
54.568 12.3734 0.171622 5.1911e-39
54.4974 13.5254 0.146123 1.94269e-10
54.8301 13.2219 0.116758 5.29117e-28
55.368 13.3965 0.153898 1.08518e-39
54.5473 13.0275 0.147208 0.000237762
54.7014 12.8303 0.145374 1.57799e-06
54.4945 12.7222 0.129021 1.96366e-07
54.5276 12.5474 0.152675 1.48874e-09
54.6289 13.5134 0.139476 6.26013e-13
54.5532 12.7247 0.15405 8.99047e-09
54.7661 12.534 0.161075 2.72754e-24
54.7261 13.1566 0.13538 5.83411e-09
54.395 13.3798 0.154751 1.84705e-08
54.5957 12.9213 0.155659 1.01045e-09
54.4264 13.101 0.122382 2.43423e-16
54.5889 12.9949 0.14373 0.000304541
54.3208 12.8782 0.155621 3.22185e-05
54.3749 13.0639 0.134339 5.51455e-05
54.8758 13.1825 0.137018 7.64528e-12
54.9589 13.5208 0.134982 2.37807e-21
54.446 12.6296 0.148334 9.8238e-05
54.7016 12.9314 0.1494 5.34931e-08
54.4118 12.2725 0.155524 5.76655e-16
54.8197 12.9163 0.154002 3.3393e-14
54.3823 12.3385 0.152986 9.0488e-12
54.6374 12.96 0.136702 2.07903e-05
54.4488 13.164 0.134778 3.24267e-06
54.8983 12.7492 0.13857 3.75194e-10
54.5858 12.4102 0.135609 5.4372e-08
54.4254 13.2488 0.147432 0.000130692
54.7099 12.6028 0.143661 8.89368e-08
54.3275 12.7869 0.127115 7.86325e-09
54.6809 12.9803 0.133643 3.29318e-07
54.5425 13.5283 0.124919 3.06289e-23
55.0636 12.9016 0.134819 8.12622e-15
54.7235 12.3174 0.130476 9.84149e-13
54.0336 12.696 0.160443 2.08708e-08
54.923 12.8847 0.153477 3.95311e-17
54.9242 13.1792 0.143092 5.75428e-13
54.7888 12.8455 0.140087 1.86514e-07
55.0985 13.3189 0.141261 3.7042e-20
54.3631 12.9974 0.126216 8.2882e-11
54.4337 12.8708 0.127503 1.16651e-08
54.3514 12.6051 0.139204 0.00451559
54.5656 12.7978 0.155158 2.84058e-09
