96.6908 -29.699 3.4944 0.000943148
97.6304 -28.6527 3.49201 1.6665e-18
97.2438 -29.4032 3.5129 9.78006e-05
96.9919 -29.134 3.49171 0.0003624
96.7472 -29.0529 3.50069 0.0525666
96.6155 -29.0355 3.49385 0.00274499
96.7001 -28.9345 3.49396 0.000606785
97.1207 -29.2021 3.49016 1.13157e-05
97.3133 -28.4499 3.50408 4.39284e-12
97.0132 -29.4601 3.50632 0.0200046
96.6772 -29.5502 3.49553 0.0158392
97.3497 -29.2735 3.49428 1.14658e-06
97.0328 -29.5539 3.48535 2.1307e-07
97.1083 -29.7413 3.50241 6.64499e-05
96.5728 -29.1066 3.50028 0.0238731
97.0854 -29.337 3.49942 0.0198855
97.0146 -29.276 3.49647 0.018216
96.7459 -29.7738 3.48226 1.14742e-08
97.3003 -29.266 3.49399 4.43835e-06
97.4216 -29.0326 3.49704 1.06298e-07
97.5248 -30.0539 3.50148 1.35056e-14
96.9102 -28.8609 3.50619 0.00161715
96.597 -28.896 3.50184 0.00113907
96.7641 -29.0148 3.51047 0.00244006
96.8805 -29.194 3.47808 4.02334e-11
96.9275 -29.5853 3.49197 0.000614097
97.3985 -29.3261 3.48623 1.2993e-11
97.7578 -28.9574 3.48852 5.29581e-20
97.1334 -28.9487 3.49557 3.25723e-05
96.8782 -28.6455 3.50856 2.6055e-06
96.8041 -29.273 3.47424 2.02483e-13
97.0068 -28.9051 3.50683 0.00226616
97.646 -29.4539 3.49485 4.48273e-12
97.4721 -29.4767 3.49571 2.11019e-08
96.6309 -29.0592 3.51432 2.56876e-05
97.0688 -29.3135 3.51507 0.00027054
96.7328 -29.3192 3.49782 0.163626
96.363 -29.685 3.49442 2.91781e-05
96.925 -28.6898 3.50128 1.09642e-05
97.0065 -29.3809 3.50933 0.0132257
96.8508 -29.7299 3.50484 0.00039471
97.4008 -29.0269 3.48956 6.87217e-11
96.7517 -29.5605 3.4727 2.79774e-14
97.107 -28.8542 3.50526 0.000305036
97.0178 -28.9527 3.47846 4.08455e-14
96.5275 -29.5351 3.47967 2.30192e-08
96.7007 -29.5963 3.51448 1.73135e-06
96.9533 -29.099 3.49549 0.00686586
97.2163 -29.3172 3.48761 7.12018e-08
97.1458 -29.3152 3.47584 1.16828e-15
97.3102 -29.2452 3.48185 2.18144e-13
96.8588 -29.181 3.5108 0.0114615
97.1301 -29.4602 3.49201 6.15281e-05
97.619 -28.9983 3.48752 6.576e-17
96.9322 -29.5353 3.47637 1.54607e-12
97.3194 -29.1946 3.5001 0.00010615
96.7692 -28.9732 3.48749 4.42301e-06
97.3131 -29.2875 3.4864 4.36445e-10
97.1455 -29.5589 3.4973 0.000471327
97.4465 -29.5915 3.49148 3.17103e-10
97.2894 -28.56 3.50229 4.13708e-10
96.7287 -29.4717 3.49884 0.0826668
96.9606 -28.7079 3.48683 8.94799e-11
97.0107 -29.7895 3.49517 2.01029e-05
97.0609 -29.4341 3.45596 1.35517e-38
96.9874 -29.06 3.51601 0.000123998
97.241 -29.2104 3.49474 3.81095e-05
97.2538 -29.1895 3.49167 1.31857e-06
97.2072 -29.3387 3.49173 1.00713e-05
96.7164 -29.3738 3.49017 0.00376221
96.8281 -29.312 3.50506 0.15181
97.0619 -29.6877 3.48996 2.46407e-06
96.9931 -28.6753 3.5027 5.65406e-06
97.4727 -29.5376 3.48495 3.20703e-14
96.8781 -28.9116 3.46493 2.05006e-27
96.7755 -29.3792 3.49984 0.193216
96.8649 -29.739 3.4931 0.000138576
97.1234 -28.4838 3.48806 1.11909e-15
97.4512 -29.5051 3.4958 3.88014e-08
97.5969 -28.7321 3.50342 8.29638e-12
96.9527 -28.9749 3.49101 2.75257e-05
97.5425 -29.3894 3.51636 8.97097e-09
97.7203 -29.2466 3.48437 2.23798e-20
97.869 -29.6264 3.49229 9.21427e-20
96.5581 -29.112 3.48213 1.24203e-07
97.3975 -28.9905 3.49212 9.98561e-10
97.3518 -28.9913 3.48855 5.79466e-11
97.2036 -29.0538 3.50114 0.00085144
97.0452 -29.1593 3.49979 0.026593
98.0373 -28.6089 3.49426 9.74086e-29
96.7151 -29.3255 3.48272 1.43441e-06
97.4707 -29.2547 3.49743 1.65119e-07
96.9099 -29.2958 3.50489 0.154733
96.4318 -29.1838 3.49603 0.00368828
97.4095 -29.0063 3.48556 7.54551e-14
96.7769 -29.157 3.50891 0.021697
96.8167 -29.9583 3.48387 2.83458e-10
97.2259 -28.8185 3.49036 6.50518e-10
96.8726 -29.3585 3.48879 0.000416248
97.267 -29.3698 3.49041 4.15111e-07
