-35.4765 -28.1142 1.22857 0.00159319 -35.117 -28.325 1.2306
-35.2134 -28.1537 1.23663 0.00226492 -35.117 -28.325 1.2306
-35.0154 -28.0485 1.21941 0.0221692 -35.117 -28.325 1.2306
-34.7369 -28.2416 1.23237 0.000128108 -35.117 -28.325 1.2306
-35.2957 -28.2776 1.21518 0.000210723 -35.117 -28.325 1.2306
-35.366 -28.6866 1.25099 7.45216e-09 -35.117 -28.325 1.2306
-34.9546 -28.5815 1.23686 0.00138588 -35.117 -28.325 1.2306
-34.8848 -28.6822 1.24252 3.78928e-06 -35.117 -28.325 1.2306
-35.3546 -28.1229 1.24148 2.15346e-06 -35.117 -28.325 1.2306
-35.1383 -27.7141 1.24694 2.85749e-18 -35.117 -28.325 1.2306
-34.843 -28.0138 1.2263 0.00125952 -35.117 -28.325 1.2306
-34.7406 -28.9904 1.22759 8.35727e-13 -35.117 -28.325 1.2306
-34.7595 -27.7344 1.2093 1.83662e-08 -35.117 -28.325 1.2306
-35.1185 -28.258 1.21333 0.000157324 -35.117 -28.325 1.2306
-34.9261 -28.6259 1.22989 0.000683598 -35.117 -28.325 1.2306
-34.8273 -28.2064 1.22865 0.00495785 -35.117 -28.325 1.2306
-35.1893 -28.3392 1.21533 0.000239009 -35.117 -28.325 1.2306
-35.2927 -28.3867 1.22986 0.096988 -35.117 -28.325 1.2306
-35.0293 -28.4809 1.23874 0.00343582 -35.117 -28.325 1.2306
-34.9218 -28.3408 1.24908 1.58489e-09 -35.117 -28.325 1.2306
-34.9563 -28.7042 1.23486 0.000209616 -35.117 -28.325 1.2306
-35.3696 -28.3807 1.22093 0.00155481 -35.117 -28.325 1.2306
-35.1295 -28.6344 1.229 0.00292079 -35.117 -28.325 1.2306
-35.1997 -28.6271 1.22615 0.000931566 -35.117 -28.325 1.2306
-35.3976 -28.4791 1.22589 0.00256681 -35.117 -28.325 1.2306
-34.7844 -28.4372 1.23894 2.13154e-05 -35.117 -28.325 1.2306
-35.1523 -28.4698 1.23025 0.0963685 -35.117 -28.325 1.2306
-35.185 -28.0574 1.22882 0.0405235 -35.117 -28.325 1.2306
-34.7566 -28.8673 1.26303 3.92832e-21 -35.117 -28.325 1.2306
-35.1539 -28.3997 1.22337 0.0435548 -35.117 -28.325 1.2306
-35.5033 -28.5924 1.23399 0.000127374 -35.117 -28.325 1.2306
-35.24 -28.3953 1.23617 0.0291319 -35.117 -28.325 1.2306
-34.9027 -28.1421 1.22305 0.021435 -35.117 -28.325 1.2306
-35.0442 -28.3564 1.24547 2.93963e-06 -35.117 -28.325 1.2306
-35.0442 -28.6461 1.23696 0.00152639 -35.117 -28.325 1.2306
-34.9806 -28.3046 1.23242 0.0479962 -35.117 -28.325 1.2306
-35.3297 -28.4798 1.23432 0.0172187 -35.117 -28.325 1.2306
-35.0303 -28.2357 1.21255 7.63869e-05 -35.117 -28.325 1.2306
-35.2143 -28.4377 1.2443 5.69686e-05 -35.117 -28.325 1.2306
-34.5338 -28.396 1.24259 2.57241e-11 -35.117 -28.325 1.2306
-34.9951 -28.3524 1.24423 7.18932e-06 -35.117 -28.325 1.2306
-34.8502 -28.6818 1.24512 1.93909e-07 -35.117 -28.325 1.2306
-35.4636 -28.575 1.22736 0.000140414 -35.117 -28.325 1.2306
-35.2136 -28.1533 1.22466 0.1772 -35.117 -28.325 1.2306
-35.1943 -28.1162 1.23298 0.0161084 -35.117 -28.325 1.2306
-34.7266 -27.833 1.21051 8.95615e-08 -35.117 -28.325 1.2306
-35.0365 -28.1022 1.22792 0.0704475 -35.117 -28.325 1.2306
-35.2565 -28.2791 1.20204 7.87984e-13 -35.117 -28.325 1.2306
-35.2963 -28.2483 1.23813 0.00179826 -35.117 -28.325 1.2306
-34.9445 -27.8756 1.21356 0.000112115 -35.117 -28.325 1.2306
-34.6516 -28.1685 1.21915 7.28215e-06 -35.117 -28.325 1.2306
-34.4094 -27.9838 1.22704 1.51958e-11 -35.117 -28.325 1.2306
-35.0894 -28.6507 1.24491 1.73321e-05 -35.117 -28.325 1.2306
-35.1764 -28.5754 1.23191 0.0187322 -35.117 -28.325 1.2306
-35.6634 -28.6331 1.22473 7.94024e-09 -35.117 -28.325 1.2306
-34.6409 -28.0704 1.23104 8.17154e-07 -35.117 -28.325 1.2306
-34.6872 -27.8923 1.21594 1.19208e-06 -35.117 -28.325 1.2306
-34.2708 -28.1793 1.24616 3.69796e-22 -35.117 -28.325 1.2306
-35.2166 -28.8192 1.23897 2.38204e-05 -35.117 -28.325 1.2306
-35.4087 -28.8355 1.23179 7.72858e-07 -35.117 -28.325 1.2306
-34.697 -28.5175 1.23334 1.14467e-05 -35.117 -28.325 1.2306
-34.3994 -28.6464 1.23485 6.50607e-13 -35.117 -28.325 1.2306
-35.6255 -28.6877 1.21823 5.36642e-12 -35.117 -28.325 1.2306
-35.2551 -28.5863 1.23271 0.0106457 -35.117 -28.325 1.2306
-34.9208 -28.4998 1.2239 0.00146974 -35.117 -28.325 1.2306
-35.1801 -27.8588 1.24641 5.54445e-14 -35.117 -28.325 1.2306
-35.5608 -28.1065 1.2266 0.000157449 -35.117 -28.325 1.2306
-34.9222 -28.1317 1.22377 0.0310357 -35.117 -28.325 1.2306
-35.5516 -28.448 1.2349 0.00014678 -35.117 -28.325 1.2306
-35.3095 -28.5352 1.2371 0.00547162 -35.117 -28.325 1.2306
-35.6008 -28.0982 1.24343 2.65454e-10 -35.117 -28.325 1.2306
-35.0476 -28.4434 1.23691 0.0136103 -35.117 -28.325 1.2306
-35.6595 -27.8728 1.24141 7.97913e-14 -35.117 -28.325 1.2306
-35.0377 -28.7213 1.22907 0.000136327 -35.117 -28.325 1.2306
-34.6589 -28.023 1.24212 3.73527e-12 -35.117 -28.325 1.2306
-35.2115 -28.2349 1.21714 0.00526941 -35.117 -28.325 1.2306
-35.2662 -27.8383 1.23298 3.47329e-06 -35.117 -28.325 1.2306
-35.398 -28.1062 1.23386 0.000862826 -35.117 -28.325 1.2306
-35.5117 -28.5997 1.24308 2.42036e-06 -35.117 -28.325 1.2306
-34.8683 -27.9305 1.22266 0.000816888 -35.117 -28.325 1.2306
-35.5444 -28.2086 1.2339 0.000122846 -35.117 -28.325 1.2306
-34.5777 -28.1511 1.23809 8.13556e-10 -35.117 -28.325 1.2306
-34.8005 -27.7543 1.22889 5.03579e-08 -35.117 -28.325 1.2306
-35.1073 -28.4004 1.24266 0.000212268 -35.117 -28.325 1.2306
-35.0411 -28.7435 1.22232 6.12259e-07 -35.117 -28.325 1.2306
-35.0797 -28.2155 1.23333 0.0462224 -35.117 -28.325 1.2306
-34.8337 -28.4118 1.22445 0.00169596 -35.117 -28.325 1.2306
-35.2823 -28.0438 1.21561 0.00160877 -35.117 -28.325 1.2306
-35.0333 -28.5749 1.22094 9.54178e-05 -35.117 -28.325 1.2306
-35.5002 -28.0647 1.23497 1.58242e-05 -35.117 -28.325 1.2306
-34.4944 -28.7168 1.24844 2.50248e-15 -35.117 -28.325 1.2306
-34.8617 -27.9474 1.24273 5.2958e-11 -35.117 -28.325 1.2306
-35.095 -28.1994 1.2216 0.112563 -35.117 -28.325 1.2306
-34.6283 -28.4286 1.21937 1.35808e-07 -35.117 -28.325 1.2306
-35.0145 -28.3575 1.22275 0.0349692 -35.117 -28.325 1.2306
-35.0451 -28.4598 1.22235 0.00626603 -35.117 -28.325 1.2306
-34.8669 -27.9145 1.23107 1.67518e-05 -35.117 -28.325 1.2306
-35.2981 -28.0592 1.21293 0.000149795 -35.117 -28.325 1.2306
-34.8564 -28.6208 1.23647 0.000120558 -35.117 -28.325 1.2306
-35.2039 -27.6168 1.21026 1.05806e-07 -35.117 -28.325 1.2306
