72.4794 16.1223 0.0893769 0.000467244 72.326 15.713 0.10111
72.428 15.2215 0.0866249 8.74671e-05 72.326 15.713 0.10111
72.1454 15.9855 0.115226 0.000636847 72.326 15.713 0.10111
72.9661 16.3767 0.122998 1.35305e-16 72.326 15.713 0.10111
72.4773 15.6484 0.111635 0.000924025 72.326 15.713 0.10111
72.4444 15.4701 0.119684 3.03926e-06 72.326 15.713 0.10111
72.1143 15.9563 0.0882733 0.006911 72.326 15.713 0.10111
72.1984 15.8059 0.110635 0.0151355 72.326 15.713 0.10111
72.9251 15.8097 0.0897196 2.66422e-06 72.326 15.713 0.10111
72.3499 16.1051 0.107533 0.00102933 72.326 15.713 0.10111
72.2104 15.3734 0.0787775 6.69041e-05 72.326 15.713 0.10111
72.4063 15.9281 0.103739 0.0154897 72.326 15.713 0.10111
72.5784 15.8997 0.106757 0.000798838 72.326 15.713 0.10111
72.1683 16.2534 0.100352 0.000303391 72.326 15.713 0.10111
71.655 15.6858 0.111311 5.6527e-05 72.326 15.713 0.10111
72.8501 16.1017 0.117331 3.22476e-10 72.326 15.713 0.10111
73.0156 15.8919 0.09797 6.3645e-08 72.326 15.713 0.10111
72.6501 15.747 0.10293 0.00116457 72.326 15.713 0.10111
72.6866 15.7595 0.11707 7.57371e-07 72.326 15.713 0.10111
72.487 15.8003 0.103342 0.0146061 72.326 15.713 0.10111
72.761 15.6789 0.100766 0.000149397 72.326 15.713 0.10111
72.456 15.8695 0.111388 0.00111154 72.326 15.713 0.10111
72.5285 16.2949 0.0984137 1.28492e-05 72.326 15.713 0.10111
72.7609 15.8204 0.10078 0.000126412 72.326 15.713 0.10111
72.5787 16.0323 0.097231 0.00114328 72.326 15.713 0.10111
72.3815 15.7611 0.0968077 0.0950664 72.326 15.713 0.10111
72.1361 15.5243 0.101529 0.0559788 72.326 15.713 0.10111
72.073 16.3909 0.105915 3.35497e-06 72.326 15.713 0.10111
72.5315 15.4741 0.0808241 0.000253706 72.326 15.713 0.10111
72.1082 15.6605 0.0748731 2.51745e-05 72.326 15.713 0.10111
72.1782 15.8095 0.108545 0.0310866 72.326 15.713 0.10111
72.9148 15.9434 0.102196 4.84035e-07 72.326 15.713 0.10111
73.0126 15.2724 0.117693 9.12461e-14 72.326 15.713 0.10111
72.3669 15.5446 0.0810225 0.00147577 72.326 15.713 0.10111
72.1973 16.6428 0.0943841 7.13243e-10 72.326 15.713 0.10111
72.9189 15.5245 0.0740069 1.25136e-08 72.326 15.713 0.10111
72.8335 15.8012 0.0798014 2.48205e-06 72.326 15.713 0.10111
72.2445 15.9221 0.0932535 0.0488794 72.326 15.713 0.10111
72.7092 15.8917 0.0967507 0.0004632 72.326 15.713 0.10111
72.2302 15.1312 0.095883 8.0571e-05 72.326 15.713 0.10111
73.1604 15.56 0.0935694 4.9778e-10 72.326 15.713 0.10111
72.4571 15.8891 0.0921778 0.0201303 72.326 15.713 0.10111
72.0903 16.0206 0.109255 0.00406746 72.326 15.713 0.10111
72.5148 15.8988 0.0924452 0.0103622 72.326 15.713 0.10111
72.6694 15.7611 0.104207 0.000545139 72.326 15.713 0.10111
72.1078 15.2077 0.0827061 1.264e-05 72.326 15.713 0.10111
72.9653 16.062 0.0968069 5.96889e-08 72.326 15.713 0.10111
72.7792 15.5711 0.0972009 0.000105204 72.326 15.713 0.10111
72.197 15.968 0.101914 0.0380545 72.326 15.713 0.10111
72.8975 16.3039 0.102161 1.41164e-09 72.326 15.713 0.10111
72.289 15.3013 0.111567 0.00012175 72.326 15.713 0.10111
72.3293 15.1907 0.0822937 1.51994e-05 72.326 15.713 0.10111
71.9279 15.4087 0.114778 0.000106576 72.326 15.713 0.10111
72.5505 16.0792 0.099445 0.000754052 72.326 15.713 0.10111
72.1409 15.5539 0.109968 0.0108967 72.326 15.713 0.10111
72.7321 15.7959 0.0836381 9.29401e-05 72.326 15.713 0.10111
72.7623 15.855 0.109525 5.74603e-06 72.326 15.713 0.10111
71.6866 16.509 0.0995657 4.15556e-10 72.326 15.713 0.10111
72.347 15.8028 0.0900223 0.0486067 72.326 15.713 0.10111
73.2723 16.1313 0.0891127 1.44514e-13 72.326 15.713 0.10111
72.6148 15.7987 0.0932853 0.00484483 72.326 15.713 0.10111
72.4518 15.6188 0.0836359 0.00425095 72.326 15.713 0.10111
72.3629 15.6317 0.0961042 0.0941987 72.326 15.713 0.10111
72.4654 15.6458 0.0908509 0.0280515 72.326 15.713 0.10111
72.3875 15.5817 0.096933 0.0625478 72.326 15.713 0.10111
72.0668 15.4586 0.11353 0.000863346 72.326 15.713 0.10111
72.4143 16.1206 0.0894765 0.000847627 72.326 15.713 0.10111
73.089 15.9634 0.108855 5.07871e-11 72.326 15.713 0.10111
72.827 16.0392 0.0824219 7.58542e-07 72.326 15.713 0.10111
72.2393 15.6771 0.0996434 0.159718 72.326 15.713 0.10111
72.617 15.6157 0.0997364 0.00320625 72.326 15.713 0.10111
72.7149 15.6782 0.111458 9.84536e-06 72.326 15.713 0.10111
72.7829 15.4073 0.0980988 1.6023e-05 72.326 15.713 0.10111
72.3078 15.859 0.0777577 0.000260476 72.326 15.713 0.10111
72.0717 15.5138 0.105064 0.0238368 72.326 15.713 0.10111
72.6367 15.6009 0.121874 4.56142e-08 72.326 15.713 0.10111
72.2671 15.7383 0.10738 0.0403277 72.326 15.713 0.10111
72.7627 15.101 0.113614 1.10736e-10 72.326 15.713 0.10111
72.4817 14.7955 0.0814353 2.09569e-11 72.326 15.713 0.10111
72.7292 15.5317 0.0791938 1.18932e-05 72.326 15.713 0.10111
72.6609 16.1879 0.100399 1.29924e-05 72.326 15.713 0.10111
73.1079 15.7755 0.0790708 6.46669e-10 72.326 15.713 0.10111
72.6583 15.7019 0.100189 0.00172509 72.326 15.713 0.10111
72.777 15.7448 0.0795204 9.29635e-06 72.326 15.713 0.10111
72.3435 15.7312 0.103229 0.0709732 72.326 15.713 0.10111
72.3293 15.4662 0.0994987 0.0292247 72.326 15.713 0.10111
71.9392 15.2377 0.0944583 0.000133628 72.326 15.713 0.10111
72.6066 15.1823 0.0940164 1.22642e-05 72.326 15.713 0.10111
72.115 16.1963 0.0876053 0.000107971 72.326 15.713 0.10111
71.7651 15.8672 0.0883263 0.000101321 72.326 15.713 0.10111
72.3608 15.4882 0.105025 0.0118589 72.326 15.713 0.10111
72.2946 15.8943 0.114601 0.00109176 72.326 15.713 0.10111
72.49 16.1015 0.110847 6.54796e-05 72.326 15.713 0.10111
72.4755 16.368 0.0934342 2.85503e-06 72.326 15.713 0.10111
72.0885 15.8956 0.106936 0.0261772 72.326 15.713 0.10111
72.269 15.7561 0.115864 0.00112803 72.326 15.713 0.10111
72.3826 15.148 0.0972368 7.01507e-05 72.326 15.713 0.10111
72.5618 15.9729 0.110909 0.000108686 72.326 15.713 0.10111
72.4455 16.3138 0.0971765 2.18575e-05 72.326 15.713 0.10111
72.5642 15.8532 0.0998821 0.00676188 72.326 15.713 0.10111
