127.025 20.0028 0.0547987 1.68312e-08 127.49 20.364 0.056996
127.759 19.6438 0.0391677 1.26894e-17 127.49 20.364 0.056996
127.531 20.4896 0.0727285 0.00314866 127.49 20.364 0.056996
127.227 20.0859 0.060119 0.000734968 127.49 20.364 0.056996
127.153 20.8531 0.0813932 8.9559e-11 127.49 20.364 0.056996
127.184 20.5119 0.0429133 1.04658e-10 127.49 20.364 0.056996
127.906 20.3758 0.0690406 7.40221e-05 127.49 20.364 0.056996
127.133 19.9781 0.0525678 4.34164e-08 127.49 20.364 0.056996
127.444 20.1854 0.0611997 0.0696266 127.49 20.364 0.056996
127.767 20.5223 0.0516891 0.000934068 127.49 20.364 0.056996
127.468 20.3623 0.059924 0.209699 127.49 20.364 0.056996
127.719 20.4606 0.0593264 0.0529642 127.49 20.364 0.056996
126.934 20.4726 0.0772817 9.38253e-08 127.49 20.364 0.056996
127.221 20.7023 0.0360561 5.27682e-17 127.49 20.364 0.056996
127.565 19.7227 0.0495181 3.70459e-10 127.49 20.364 0.056996
127.166 20.0602 0.0641702 0.000279309 127.49 20.364 0.056996
127.589 20.0574 0.058791 0.00551 127.49 20.364 0.056996
127.212 20.4016 0.0500979 7.29741e-06 127.49 20.364 0.056996
127.216 19.9413 0.0557176 1.82538e-06 127.49 20.364 0.056996
127.746 20.3563 0.0560012 0.0209216 127.49 20.364 0.056996
126.886 20.6047 0.048759 1.33087e-12 127.49 20.364 0.056996
127.233 19.9057 0.0588624 5.2334e-06 127.49 20.364 0.056996
127.511 20.2437 0.0718914 0.00627546 127.49 20.364 0.056996
127.277 19.5028 0.0451853 4.63521e-19 127.49 20.364 0.056996
127.207 20.3089 0.0436468 9.92663e-10 127.49 20.364 0.056996
127.483 20.4461 0.0557273 0.041937 127.49 20.364 0.056996
127.641 19.8361 0.0482395 1.08148e-08 127.49 20.364 0.056996
127.346 19.9096 0.0500244 7.48382e-08 127.49 20.364 0.056996
127.634 20.8288 0.0715842 3.94326e-06 127.49 20.364 0.056996
127.36 19.8846 0.0575336 1.14856e-05 127.49 20.364 0.056996
127.508 20.5278 0.0489412 0.000154778 127.49 20.364 0.056996
126.811 20.4386 0.0509152 2.26317e-12 127.49 20.364 0.056996
127.832 20.0735 0.0582348 0.00043016 127.49 20.364 0.056996
127.281 20.4433 0.0681297 0.0276268 127.49 20.364 0.056996
127.252 20.2009 0.0732935 0.000733993 127.49 20.364 0.056996
127.79 20.0498 0.0463477 3.41074e-07 127.49 20.364 0.056996
127.251 20.2591 0.0444079 7.92377e-09 127.49 20.364 0.056996
127.722 20.3591 0.0816205 7.90635e-09 127.49 20.364 0.056996
127.592 20.2874 0.0519771 0.00453907 127.49 20.364 0.056996
127.324 20.1847 0.0429035 2.14679e-09 127.49 20.364 0.056996
127.336 20.1154 0.0575071 0.00279706 127.49 20.364 0.056996
127.024 19.7354 0.0620986 1.25081e-10 127.49 20.364 0.056996
127.052 20.3316 0.0573011 2.83783e-05 127.49 20.364 0.056996
127.393 20.835 0.0799106 4.19576e-09 127.49 20.364 0.056996
127.255 20.5894 0.0719071 0.000937571 127.49 20.364 0.056996
126.928 20.1391 0.0719524 4.58946e-07 127.49 20.364 0.056996
127.642 20.2684 0.0526969 0.00602292 127.49 20.364 0.056996
127.78 20.2179 0.0484893 5.11883e-05 127.49 20.364 0.056996
127.532 20.5288 0.0408791 5.02459e-09 127.49 20.364 0.056996
127.29 20.2037 0.0506433 2.85771e-05 127.49 20.364 0.056996
127.415 20.2176 0.0553423 0.00977084 127.49 20.364 0.056996
127.423 20.5166 0.0579439 0.0471855 127.49 20.364 0.056996
127.319 20.621 0.0612213 0.0104855 127.49 20.364 0.056996
127.681 20.391 0.0563588 0.0472974 127.49 20.364 0.056996
127.38 19.9199 0.0562452 2.34228e-05 127.49 20.364 0.056996
127.389 19.6331 0.0507975 4.1017e-12 127.49 20.364 0.056996
127.685 20.0278 0.0643883 0.00137632 127.49 20.364 0.056996
127.845 20.3228 0.0624497 0.00609909 127.49 20.364 0.056996
126.646 20.0285 0.0417302 5.11204e-25 127.49 20.364 0.056996
127.384 20.5238 0.0433907 3.12723e-08 127.49 20.364 0.056996
126.796 20.1936 0.0687888 1.23874e-08 127.49 20.364 0.056996
127.621 19.9404 0.0614228 0.000352326 127.49 20.364 0.056996
127.158 20.3083 0.0599642 0.00214547 127.49 20.364 0.056996
127.345 19.6929 0.056553 3.03891e-09 127.49 20.364 0.056996
127.279 20.2813 0.0618285 0.0353794 127.49 20.364 0.056996
127.782 20.5432 0.0592976 0.0106391 127.49 20.364 0.056996
127.152 20.2508 0.0607392 0.00166889 127.49 20.364 0.056996
127.72 20.638 0.0415207 6.16497e-09 127.49 20.364 0.056996
127.369 19.8462 0.0549835 8.28151e-07 127.49 20.364 0.056996
127.296 20.4488 0.0385355 1.83953e-12 127.49 20.364 0.056996
127.61 20.6917 0.0500426 5.19694e-05 127.49 20.364 0.056996
126.964 20.1906 0.0519795 3.48549e-09 127.49 20.364 0.056996
128.226 19.7121 0.0597087 8.48105e-15 127.49 20.364 0.056996
127.538 20.2371 0.0552528 0.0234337 127.49 20.364 0.056996
127.094 20.2368 0.0642253 0.000692412 127.49 20.364 0.056996
127.548 20.1577 0.0648741 0.0452575 127.49 20.364 0.056996
127.044 20.769 0.0707349 7.27465e-07 127.49 20.364 0.056996
127.199 20.0436 0.0728187 3.67487e-05 127.49 20.364 0.056996
127.337 19.988 0.0523137 5.37382e-06 127.49 20.364 0.056996
126.683 19.7652 0.0569299 4.14381e-18 127.49 20.364 0.056996
127.525 20.9845 0.0605284 1.19563e-06 127.49 20.364 0.056996
127.784 20.4443 0.0704186 0.000571113 127.49 20.364 0.056996
127.547 20.447 0.058995 0.165592 127.49 20.364 0.056996
127.564 20.6495 0.0642403 0.0184686 127.49 20.364 0.056996
127.649 19.5355 0.0498377 4.20238e-14 127.49 20.364 0.056996
127.143 20.0827 0.0644042 0.000265927 127.49 20.364 0.056996
127.436 19.9284 0.0455131 2.70222e-09 127.49 20.364 0.056996
127.383 19.9329 0.0730562 9.49381e-06 127.49 20.364 0.056996
127.234 20.772 0.0540614 3.03194e-06 127.49 20.364 0.056996
127.746 20.2489 0.0525203 0.0021843 127.49 20.364 0.056996
127.589 20.2205 0.0617091 0.107822 127.49 20.364 0.056996
127.034 20.0875 0.055288 2.26224e-07 127.49 20.364 0.056996
127.557 20.5072 0.0492417 0.000327881 127.49 20.364 0.056996
127.476 20.2361 0.0534825 0.00597011 127.49 20.364 0.056996
126.988 19.8221 0.0646055 2.1325e-09 127.49 20.364 0.056996
127.894 20.5634 0.0557782 0.000491642 127.49 20.364 0.056996
127.307 19.903 0.0573534 9.0119e-06 127.49 20.364 0.056996
127.309 20.1865 0.0467111 3.70528e-07 127.49 20.364 0.056996
127.404 20.2428 0.0457401 1.17412e-06 127.49 20.364 0.056996
127.611 20.2385 0.0731917 0.000892509 127.49 20.364 0.056996
