162.428 21.7249 0.074799 1.17104e-06 162.32 22.164 0.079816
162.713 21.8859 0.0901807 2.36954e-06 162.32 22.164 0.079816
162.565 21.8585 0.0722059 2.06514e-05 162.32 22.164 0.079816
162.466 21.8787 0.061245 1.68509e-12 162.32 22.164 0.079816
162.563 22.0647 0.098515 4.21868e-08 162.32 22.164 0.079816
162.206 21.6519 0.0825781 2.80974e-07 162.32 22.164 0.079816
162.969 22.4558 0.0869933 4.92077e-10 162.32 22.164 0.079816
162.036 22.0522 0.0806474 0.000201269 162.32 22.164 0.079816
162.077 21.7413 0.111557 1.13387e-19 162.32 22.164 0.079816
162.889 21.8796 0.0763927 5.8422e-07 162.32 22.164 0.079816
162.437 22.6968 0.0868303 5.36213e-07 162.32 22.164 0.079816
162.84 21.6479 0.0720288 2.62185e-11 162.32 22.164 0.079816
162.511 22.1353 0.0931176 0.000362573 162.32 22.164 0.079816
162.112 21.9446 0.0879937 0.000876514 162.32 22.164 0.079816
162.708 22.0781 0.0963604 1.4077e-08 162.32 22.164 0.079816
162.612 22.3782 0.0896984 0.00016132 162.32 22.164 0.079816
162.506 22.436 0.0785475 0.0262124 162.32 22.164 0.079816
162.493 21.5728 0.0728247 9.8492e-11 162.32 22.164 0.079816
162.595 22.5166 0.0779959 0.00161768 162.32 22.164 0.079816
162.472 22.861 0.108079 6.27741e-28 162.32 22.164 0.079816
162.304 22.2456 0.0946069 0.000249484 162.32 22.164 0.079816
161.962 22.1516 0.070504 7.9217e-10 162.32 22.164 0.079816
162.262 22.3497 0.0783118 0.023324 162.32 22.164 0.079816
162.323 21.7768 0.071438 8.75536e-08 162.32 22.164 0.079816
163.148 22.2604 0.0830528 1.17346e-11 162.32 22.164 0.079816
162.695 22.6843 0.0958669 5.20684e-14 162.32 22.164 0.079816
162.447 22.2585 0.0724972 0.00980265 162.32 22.164 0.079816
162.087 22.1371 0.0593855 7.13673e-17 162.32 22.164 0.079816
162.922 21.5212 0.0758208 1.19372e-14 162.32 22.164 0.079816
161.826 21.9058 0.0865272 1.56855e-08 162.32 22.164 0.079816
162.407 21.6677 0.0856139 3.89995e-06 162.32 22.164 0.079816
162.762 21.8724 0.0722028 2.44244e-06 162.32 22.164 0.079816
162.223 22.0264 0.0819218 0.0319975 162.32 22.164 0.079816
162.161 22.2603 0.0757037 0.0010189 162.32 22.164 0.079816
162.528 21.975 0.0929286 0.000100509 162.32 22.164 0.079816
162.432 21.7386 0.087593 3.77054e-05 162.32 22.164 0.079816
163 21.8074 0.076727 5.69633e-10 162.32 22.164 0.079816
162.965 22.1762 0.074061 2.19652e-06 162.32 22.164 0.079816
162.997 22.2618 0.0907319 3.24776e-11 162.32 22.164 0.079816
162.033 21.769 0.0835705 6.08892e-07 162.32 22.164 0.079816
162.23 22.1699 0.0715963 0.00011119 162.32 22.164 0.079816
162.49 22.1851 0.0721976 0.00870461 162.32 22.164 0.079816
162.338 21.5365 0.0639733 1.77923e-18 162.32 22.164 0.079816
162.642 22.7286 0.0808045 1.95694e-07 162.32 22.164 0.079816
162.443 22.129 0.0923915 0.00211432 162.32 22.164 0.079816
162.035 22.9204 0.0757879 3.5278e-15 162.32 22.164 0.079816
162.693 21.4001 0.063688 9.23379e-22 162.32 22.164 0.079816
162.751 22.0438 0.0721345 0.000177782 162.32 22.164 0.079816
162.398 22.6856 0.0977705 2.20811e-12 162.32 22.164 0.079816
162.313 21.9974 0.0730026 0.00034725 162.32 22.164 0.079816
162.531 22.161 0.0865669 0.0710446 162.32 22.164 0.079816
162.467 22.4607 0.0882719 0.000927449 162.32 22.164 0.079816
162.776 22.1592 0.0824609 0.00162128 162.32 22.164 0.079816
162.114 21.7907 0.0576554 1.46338e-22 162.32 22.164 0.079816
162.088 21.9679 0.0785773 8.5582e-05 162.32 22.164 0.079816
162.564 21.9354 0.0894097 0.000672115 162.32 22.164 0.079816
162.339 21.8738 0.0795381 0.00266024 162.32 22.164 0.079816
162.965 22.4404 0.0695347 4.38642e-08 162.32 22.164 0.079816
161.97 21.9698 0.0820759 9.12052e-06 162.32 22.164 0.079816
162.039 21.5235 0.0852628 1.17714e-11 162.32 22.164 0.079816
162.675 22.1288 0.0893737 0.000382156 162.32 22.164 0.079816
162.344 21.9905 0.0794074 0.0411913 162.32 22.164 0.079816
162.95 22.0855 0.0788441 3.26503e-06 162.32 22.164 0.079816
162.919 21.3318 0.0792978 7.06369e-20 162.32 22.164 0.079816
162.071 21.6142 0.0876636 4.65969e-09 162.32 22.164 0.079816
162.164 22.7131 0.10449 2.5741e-18 162.32 22.164 0.079816
163.144 22.1587 0.0851894 3.28094e-12 162.32 22.164 0.079816
162.867 21.8022 0.0822153 1.01969e-07 162.32 22.164 0.079816
162.028 22.2274 0.0798583 0.000231953 162.32 22.164 0.079816
163.035 22.489 0.0741262 4.1472e-09 162.32 22.164 0.079816
162.099 22.2026 0.080659 0.00367515 162.32 22.164 0.079816
162.406 22.5697 0.0726403 4.44036e-05 162.32 22.164 0.079816
162.145 22.2169 0.071827 1.40043e-05 162.32 22.164 0.079816
162.991 22.1558 0.0818345 2.85156e-07 162.32 22.164 0.079816
162.559 22.8433 0.0824294 8.91891e-10 162.32 22.164 0.079816
162.766 22.1939 0.0852098 0.000584835 162.32 22.164 0.079816
162.714 22.5185 0.0921176 1.01048e-08 162.32 22.164 0.079816
163.038 22.2559 0.0763977 1.03477e-07 162.32 22.164 0.079816
162.693 22.099 0.0829186 0.0113496 162.32 22.164 0.079816
162.266 22.1974 0.0825519 0.204337 162.32 22.164 0.079816
162.214 22.4066 0.0810985 0.00873498 162.32 22.164 0.079816
162.774 22.1294 0.0782307 0.00281385 162.32 22.164 0.079816
162.852 21.652 0.0773208 3.56753e-10 162.32 22.164 0.079816
162.903 22.0881 0.0818587 1.15836e-05 162.32 22.164 0.079816
162.413 22.3954 0.0778069 0.0486803 162.32 22.164 0.079816
162.817 22.0929 0.0791577 0.000579979 162.32 22.164 0.079816
162.25 22.0835 0.0908917 0.00959646 162.32 22.164 0.079816
162.082 21.917 0.0863867 0.00029653 162.32 22.164 0.079816
162.653 22.1873 0.0843538 0.0224371 162.32 22.164 0.079816
162.81 22.5969 0.0973927 1.21522e-15 162.32 22.164 0.079816
162.903 21.8248 0.076275 5.86401e-08 162.32 22.164 0.079816
162.875 22.106 0.0936103 7.07061e-10 162.32 22.164 0.079816
162.387 22.3037 0.0746477 0.0257523 162.32 22.164 0.079816
161.969 21.9955 0.0999363 6.88135e-09 162.32 22.164 0.079816
162.235 22.5858 0.0714181 4.50942e-07 162.32 22.164 0.079816
162.831 21.8802 0.0785718 6.30101e-06 162.32 22.164 0.079816
162.342 22.0361 0.0907481 0.00993949 162.32 22.164 0.079816
162.151 22.0993 0.0912921 0.00250026 162.32 22.164 0.079816
162.784 21.7158 0.0869806 1.14082e-08 162.32 22.164 0.079816
162.393 22.1202 0.0834511 0.422363 162.32 22.164 0.079816
