50.285 -62.8049 3.92887 1.63875e-10
50.4126 -62.716 3.9441 7.7426e-08
50.2105 -62.0348 3.94329 3.42056e-22
50.8483 -62.4398 3.94695 0.0109818
50.0093 -62.4552 3.91919 1.51675e-25
50.9228 -62.6485 3.9414 0.8513
50.3529 -62.5542 3.92928 1.29019e-09
50.5456 -62.375 3.94708 2.19941e-07
51.2263 -62.3176 3.94859 1.41741e-05
50.797 -61.7488 3.96251 1.21132e-28
50.2926 -62.4514 3.92647 2.72327e-13
50.2356 -62.1722 3.93867 3.04406e-16
50.9539 -62.4385 3.92143 6.2581e-13
50.2642 -62.345 3.93472 7.21207e-13
50.7672 -62.4749 3.93391 0.00421929
50.7921 -61.6549 3.93352 2.57786e-23
50.2279 -62.6656 3.93043 9.53232e-12
50.3252 -62.677 3.94039 5.58321e-09
50.6819 -61.8606 3.93872 4.44324e-17
51.0494 -62.5364 3.91877 5.01629e-16
50.735 -62.1948 3.93039 1.39435e-09
50.6443 -62.5657 3.93463 0.00382658
50.3819 -62.6794 3.94716 1.50981e-09
50.6661 -62.2445 3.93423 3.51081e-07
50.9961 -62.2343 3.93187 3.21936e-08
50.6491 -62.2619 3.94758 2.96949e-07
50.4874 -62.3204 3.9257 3.76402e-12
50.7276 -61.9243 3.94077 5.37638e-14
50.5029 -62.2875 3.93228 4.19906e-09
50.3633 -62.0163 3.92773 5.09485e-21
50.5193 -62.0395 3.95101 3.97015e-16
50.8277 -62.5257 3.94511 0.0851658
50.7526 -62.324 3.94998 6.74061e-06
51.1904 -62.8119 3.94898 0.000208109
50.6656 -62.3311 3.9534 4.83709e-09
50.8094 -62.858 3.93235 0.00281601
51.3583 -62.2543 3.91932 6.38168e-24
50.0419 -62.5872 3.94615 4.32802e-20
50.6401 -62.5516 3.94119 0.00709676
50.5176 -61.9684 3.93952 1.47244e-15
50.6233 -62.4688 3.94707 4.32252e-05
50.8408 -62.797 3.95117 4.88404e-05
50.7267 -62.3331 3.93845 0.000445778
50.6493 -61.9682 3.93687 5.01734e-14
50.8553 -62.4272 3.95292 2.16359e-05
51.1246 -62.2441 3.93514 6.17077e-07
50.8906 -62.8466 3.93051 0.000529328
50.1154 -62.1411 3.93217 3.93762e-22
50.5157 -62.1454 3.93821 1.22007e-10
50.2766 -62.3657 3.94033 7.48789e-12
50.4977 -62.6298 3.94347 1.48703e-05
50.3394 -62.4071 3.93769 1.00092e-09
50.5159 -62.2112 3.94029 4.38491e-09
50.5259 -62.4337 3.93584 1.30954e-05
50.9157 -62.7731 3.9293 0.00024836
50.2915 -62.5263 3.93642 5.68639e-10
50.7057 -61.7086 3.95717 2.19855e-27
49.8708 -62.187 3.93276 2.93581e-30
50.532 -62.173 3.93598 4.9973e-10
50.871 -63.0064 3.93465 0.00020139
50.3988 -62.5256 3.94627 1.44637e-08
50.467 -62.4656 3.96619 8.71442e-27
50.8512 -62.1889 3.93733 2.0545e-06
51.0206 -62.3944 3.93215 2.16158e-05
50.3839 -62.4167 3.9382 1.58693e-08
50.4455 -62.4413 3.93418 2.73833e-07
50.4557 -62.6174 3.92736 7.27539e-08
50.4802 -61.7801 3.9349 2.50917e-24
50.8507 -62.4955 3.93039 0.000240003
50.2357 -62.4912 3.93503 7.04399e-12
50.5294 -62.5386 3.9331 3.53837e-05
50.5165 -62.2836 3.92375 5.8041e-14
50.5434 -62.4366 3.92941 2.34545e-07
50.6925 -62.1917 3.91365 1.48591e-26
50.3597 -62.3415 3.93686 3.16466e-10
50.8898 -62.2989 3.94424 0.00123821
50.4124 -62.5098 3.91932 1.75308e-14
50.4598 -62.7559 3.9355 9.28639e-06
50.7217 -61.9053 3.91978 2.17913e-28
50.3831 -62.292 3.96762 7.56637e-33
51.5504 -62.1997 3.92748 1.54743e-23
50.8503 -62.4096 3.93957 0.0298791
50.4579 -62.8027 3.93756 4.62342e-06
50.6272 -62.788 3.93287 0.00133871
50.4832 -62.3651 3.93098 1.42347e-08
50.3835 -62.1624 3.94103 3.45167e-13
50.5708 -62.3173 3.94542 4.9424e-07
50.4056 -62.5167 3.91847 3.6814e-15
50.0273 -62.4705 3.93766 5.42618e-19
50.3545 -62.4726 3.93838 1.05377e-08
50.033 -62.2697 3.93552 1.6866e-21
50.7957 -62.578 3.9529 1.98619e-05
50.5355 -62.2059 3.93351 7.19206e-10
50.5048 -62.4933 3.94423 3.46809e-06
50.2226 -62.0943 3.94967 5.15815e-23
50.2026 -61.605 3.94104 5.98031e-39
50.516 -62.8051 3.94386 3.45856e-06
50.3541 -62.5241 3.93261 6.23389e-09
50.5782 -62.3727 3.91415 8.74208e-22
51.2112 -61.7399 3.92925 2.55426e-26
