186.662 24.1875 0.0903382 9.33256e-11 186.97 24.023 0.074099
186.737 24.4983 0.0771702 6.81278e-10 186.97 24.023 0.074099
186.769 24.0988 0.0870576 5.022e-07 186.97 24.023 0.074099
186.639 23.7617 0.0678978 4.77637e-06 186.97 24.023 0.074099
186.629 23.4299 0.0899745 9.98626e-13 186.97 24.023 0.074099
187.38 23.8887 0.0944345 5.3598e-16 186.97 24.023 0.074099
186.535 23.9125 0.0629123 9.73085e-10 186.97 24.023 0.074099
186.916 23.5848 0.0979964 1.28802e-15 186.97 24.023 0.074099
186.853 23.9566 0.102751 1.43041e-19 186.97 24.023 0.074099
187.329 23.9043 0.0763865 0.00602177 186.97 24.023 0.074099
186.525 24.3757 0.0967305 3.77013e-20 186.97 24.023 0.074099
186.39 24.2319 0.0864231 1.82735e-13 186.97 24.023 0.074099
186.687 24.0535 0.0666108 3.1783e-05 186.97 24.023 0.074099
187.129 23.7938 0.0801287 0.00689826 186.97 24.023 0.074099
186.627 24.01 0.0943645 2.3515e-12 186.97 24.023 0.074099
186.498 24.3827 0.0907553 3.47374e-16 186.97 24.023 0.074099
187.065 23.6091 0.0847607 4.89807e-06 186.97 24.023 0.074099
187.425 23.9331 0.107627 1.30651e-34 186.97 24.023 0.074099
186.57 24.2651 0.0744129 5.55287e-08 186.97 24.023 0.074099
186.634 23.6734 0.0671832 3.99853e-07 186.97 24.023 0.074099
186.974 23.9961 0.0891554 3.17651e-07 186.97 24.023 0.074099
187.046 24.374 0.0792023 2.41968e-06 186.97 24.023 0.074099
187.112 24.2607 0.078523 0.000188112 186.97 24.023 0.074099
186.986 24.6462 0.0756886 1.26038e-11 186.97 24.023 0.074099
186.518 24.4168 0.0846916 1.92607e-13 186.97 24.023 0.074099
186.63 23.8787 0.0904825 3.04897e-09 186.97 24.023 0.074099
187.079 23.9288 0.0817548 0.00386988 186.97 24.023 0.074099
186.725 23.7575 0.0821323 8.54966e-05 186.97 24.023 0.074099
186.372 24.0399 0.0841154 3.12884e-11 186.97 24.023 0.074099
187.079 24.2617 0.0880611 1.87676e-09 186.97 24.023 0.074099
187.091 24.5832 0.0780214 1.28169e-10 186.97 24.023 0.074099
186.763 24.1683 0.0831319 7.09359e-06 186.97 24.023 0.074099
186.664 24.2583 0.0812892 2.22387e-07 186.97 24.023 0.074099
187.023 23.9905 0.0986461 6.17979e-16 186.97 24.023 0.074099
187.125 23.7913 0.0980832 5.81941e-16 186.97 24.023 0.074099
186.548 23.7964 0.0872315 1.04429e-08 186.97 24.023 0.074099
186.917 24.1404 0.0778243 0.00590273 186.97 24.023 0.074099
187.048 23.7881 0.0814799 0.00376268 186.97 24.023 0.074099
186.796 24.1564 0.104815 9.62213e-24 186.97 24.023 0.074099
186.53 23.4987 0.0804883 6.84741e-10 186.97 24.023 0.074099
186.707 24.3889 0.0840721 4.53175e-10 186.97 24.023 0.074099
186.61 23.9773 0.0842657 1.2087e-06 186.97 24.023 0.074099
186.885 23.9462 0.100788 2.39529e-17 186.97 24.023 0.074099
186.602 24.3396 0.0742501 1.63135e-08 186.97 24.023 0.074099
186.818 24.1734 0.0934003 6.13792e-12 186.97 24.023 0.074099
186.902 24.1326 0.0778371 0.00586586 186.97 24.023 0.074099
186.628 23.5853 0.0658698 8.76268e-09 186.97 24.023 0.074099
187.131 24.0916 0.0978653 7.2836e-17 186.97 24.023 0.074099
187.11 23.5019 0.0913154 7.08259e-12 186.97 24.023 0.074099
187.271 24.2267 0.0690663 0.00583883 186.97 24.023 0.074099
186.854 24.1558 0.0964249 2.10171e-14 186.97 24.023 0.074099
187.145 24.4816 0.0716238 8.30635e-07 186.97 24.023 0.074099
186.689 23.5213 0.0886194 5.13575e-10 186.97 24.023 0.074099
186.846 23.6961 0.0719197 0.00648029 186.97 24.023 0.074099
187.198 23.7622 0.0833066 6.4592e-05 186.97 24.023 0.074099
186.839 23.7951 0.0691352 0.0128718 186.97 24.023 0.074099
187.352 23.934 0.0925 1.3068e-13 186.97 24.023 0.074099
186.889 23.8218 0.078686 0.0223287 186.97 24.023 0.074099
186.686 23.9608 0.0679584 0.000128956 186.97 24.023 0.074099
186.555 23.7077 0.0914628 3.18659e-11 186.97 24.023 0.074099
186.715 23.7833 0.0832453 4.04641e-05 186.97 24.023 0.074099
186.505 24.2019 0.0965072 2.70905e-17 186.97 24.023 0.074099
186.724 24.1751 0.0826417 4.10165e-06 186.97 24.023 0.074099
187.161 23.9079 0.0738167 0.405272 186.97 24.023 0.074099
186.722 23.9732 0.0740528 0.00270587 186.97 24.023 0.074099
186.773 23.5334 0.0858811 6.89464e-08 186.97 24.023 0.074099
186.521 23.9243 0.0786442 1.07254e-06 186.97 24.023 0.074099
187.11 23.5778 0.0896566 1.14371e-09 186.97 24.023 0.074099
186.906 23.8538 0.106422 3.79537e-24 186.97 24.023 0.074099
186.413 23.9029 0.095133 2.38896e-15 186.97 24.023 0.074099
187.373 23.8968 0.0783775 0.000326656 186.97 24.023 0.074099
187.567 23.6037 0.0784349 2.3342e-09 186.97 24.023 0.074099
187.086 24.3542 0.0868891 3.41816e-10 186.97 24.023 0.074099
187.16 23.5522 0.091819 4.33569e-12 186.97 24.023 0.074099
186.617 24.1773 0.0823314 2.50579e-07 186.97 24.023 0.074099
186.832 24.083 0.0721703 0.0166868 186.97 24.023 0.074099
186.784 23.982 0.109403 2.96689e-28 186.97 24.023 0.074099
186.616 23.5093 0.0874396 2.12307e-10 186.97 24.023 0.074099
187.229 24.0934 0.0716503 0.103076 186.97 24.023 0.074099
186.798 24.1905 0.0788891 0.000181621 186.97 24.023 0.074099
186.819 23.9513 0.0891872 3.39681e-07 186.97 24.023 0.074099
186.861 23.9588 0.0821256 0.0017417 186.97 24.023 0.074099
186.938 24.3451 0.0969251 5.59536e-18 186.97 24.023 0.074099
186.647 23.7843 0.0689697 1.84538e-05 186.97 24.023 0.074099
186.799 23.8892 0.0755742 0.0205093 186.97 24.023 0.074099
186.72 24.32 0.0755528 1.83897e-06 186.97 24.023 0.074099
186.977 23.8882 0.0905561 5.92482e-08 186.97 24.023 0.074099
186.717 23.5295 0.0850453 4.77311e-08 186.97 24.023 0.074099
186.963 24.2437 0.0780526 0.000541024 186.97 24.023 0.074099
186.999 23.9227 0.0825039 0.00272377 186.97 24.023 0.074099
186.886 23.6463 0.069841 0.00280234 186.97 24.023 0.074099
186.658 24.7355 0.0745024 4.70878e-17 186.97 24.023 0.074099
187.043 24.0583 0.071802 0.362438 186.97 24.023 0.074099
186.283 24.0625 0.0846453 1.06777e-13 186.97 24.023 0.074099
187.012 24.3634 0.087796 1.15312e-10 186.97 24.023 0.074099
187.416 23.7818 0.0750303 0.000560717 186.97 24.023 0.074099
186.906 23.9309 0.0917286 8.78653e-09 186.97 24.023 0.074099
187.343 24.5729 0.0900885 1.20473e-20 186.97 24.023 0.074099
186.598 23.4399 0.0778507 1.78385e-09 186.97 24.023 0.074099
187.079 23.826 0.0870222 5.37204e-06 186.97 24.023 0.074099
