217.953 -11.6322 2.95129 0.000240318 217.98 -11.197 2.9569
217.992 -11.3504 2.94351 2.09372e-09 217.98 -11.197 2.9569
218.016 -10.8295 2.95727 5.00853e-09 217.98 -11.197 2.9569
217.843 -11.2364 2.95727 0.0434111 217.98 -11.197 2.9569
217.793 -11.5113 2.95946 0.257885 217.98 -11.197 2.9569
218.32 -11.2298 2.94867 1.01678e-12 217.98 -11.197 2.9569
217.709 -10.7121 2.95675 3.847e-10 217.98 -11.197 2.9569
218.096 -10.6951 2.94808 1.63319e-16 217.98 -11.197 2.9569
217.854 -10.9044 2.95044 1.20606e-07 217.98 -11.197 2.9569
218.16 -11.9423 2.94985 3.86079e-12 217.98 -11.197 2.9569
217.801 -11.6685 2.96762 0.000169213 217.98 -11.197 2.9569
217.42 -10.744 2.94854 8.39297e-09 217.98 -11.197 2.9569
218.23 -11.4243 2.94938 2.14842e-09 217.98 -11.197 2.9569
218.191 -11.3617 2.97226 1.97641e-07 217.98 -11.197 2.9569
217.731 -11.5289 2.9406 1.46565e-08 217.98 -11.197 2.9569
217.917 -10.6324 2.9607 3.24738e-13 217.98 -11.197 2.9569
217.619 -11.7623 2.96271 0.000504738 217.98 -11.197 2.9569
217.903 -11.3169 2.94868 0.000145392 217.98 -11.197 2.9569
218.395 -10.8847 2.97205 2.5554e-15 217.98 -11.197 2.9569
218.152 -11.2975 2.95589 5.26186e-05 217.98 -11.197 2.9569
218.267 -10.8714 2.94343 2.21025e-20 217.98 -11.197 2.9569
217.922 -11.2497 2.93936 1.65108e-12 217.98 -11.197 2.9569
217.865 -11.5974 2.93782 1.36694e-13 217.98 -11.197 2.9569
217.972 -11.2865 2.93287 1.9098e-21 217.98 -11.197 2.9569
217.685 -11.2754 2.95201 0.0529238 217.98 -11.197 2.9569
217.827 -11.3334 2.97201 5.323e-07 217.98 -11.197 2.9569
218.236 -11.1948 2.97987 9.29252e-15 217.98 -11.197 2.9569
217.804 -11.4625 2.94939 0.00425747 217.98 -11.197 2.9569
218.134 -11.1731 2.95438 4.41324e-06 217.98 -11.197 2.9569
217.873 -11.5991 2.95791 0.0781847 217.98 -11.197 2.9569
217.961 -11.1394 2.96533 0.000101233 217.98 -11.197 2.9569
218.329 -10.8946 2.97074 1.2173e-13 217.98 -11.197 2.9569
217.785 -11.2703 2.94624 6.01932e-05 217.98 -11.197 2.9569
218.502 -11.3245 2.96461 4.35093e-10 217.98 -11.197 2.9569
219.28 -10.9052 2.96427 9.7236e-43 217.98 -11.197 2.9569
217.569 -11.4453 2.96425 0.00145835 217.98 -11.197 2.9569
217.163 -11.2996 2.95884 0.000150286 217.98 -11.197 2.9569
217.848 -11.1026 2.95094 0.000143017 217.98 -11.197 2.9569
218.205 -11.0873 2.97305 1.982e-10 217.98 -11.197 2.9569
217.883 -11.0437 2.95138 2.01914e-05 217.98 -11.197 2.9569
217.671 -11.2366 2.94965 0.00737428 217.98 -11.197 2.9569
218.026 -11.4847 2.95147 0.000147158 217.98 -11.197 2.9569
217.65 -11.6683 2.97221 9.10621e-09 217.98 -11.197 2.9569
217.906 -11.4004 2.95645 0.0851673 217.98 -11.197 2.9569
218.163 -10.7347 2.95157 7.27187e-15 217.98 -11.197 2.9569
217.893 -11.0221 2.95883 0.000119374 217.98 -11.197 2.9569
218.401 -10.9944 2.95872 4.96358e-12 217.98 -11.197 2.9569
218.369 -11.0377 2.94772 1.17157e-16 217.98 -11.197 2.9569
217.954 -11.3592 2.94793 1.62363e-05 217.98 -11.197 2.9569
217.469 -10.9094 2.97563 3.1664e-20 217.98 -11.197 2.9569
217.855 -11.003 2.94957 1.9712e-06 217.98 -11.197 2.9569
218.108 -11.4189 2.96587 0.000598254 217.98 -11.197 2.9569
217.993 -11.3466 2.94079 5.12978e-12 217.98 -11.197 2.9569
218.002 -10.901 2.94562 3.21576e-12 217.98 -11.197 2.9569
218.007 -11.3638 2.95518 0.00506847 217.98 -11.197 2.9569
218.399 -11.1664 2.94352 2.98756e-20 217.98 -11.197 2.9569
217.848 -10.7967 2.9531 6.21288e-09 217.98 -11.197 2.9569
217.696 -11.1229 2.95912 0.00456745 217.98 -11.197 2.9569
217.851 -11.4515 2.95963 0.211531 217.98 -11.197 2.9569
217.853 -11.3418 2.94813 0.000304087 217.98 -11.197 2.9569
218.438 -10.735 2.95545 4.02095e-19 217.98 -11.197 2.9569
218.269 -11.1495 2.96803 6.21242e-08 217.98 -11.197 2.9569
218.094 -11.2165 2.95799 0.000287412 217.98 -11.197 2.9569
217.274 -11.5264 2.93179 1.10999e-09 217.98 -11.197 2.9569
218.417 -11.4005 2.9644 4.72944e-08 217.98 -11.197 2.9569
217.479 -11.6372 2.96162 0.000853537 217.98 -11.197 2.9569
218.173 -11.5276 2.96785 4.22721e-05 217.98 -11.197 2.9569
218.196 -11.3618 2.95532 1.11219e-05 217.98 -11.197 2.9569
217.785 -10.8896 2.95061 2.44844e-07 217.98 -11.197 2.9569
217.702 -11.3691 2.94379 1.57099e-05 217.98 -11.197 2.9569
218.148 -11.1064 2.94609 9.01025e-12 217.98 -11.197 2.9569
217.837 -11.2971 2.97066 3.65104e-06 217.98 -11.197 2.9569
217.916 -11.8478 2.94661 6.38348e-09 217.98 -11.197 2.9569
218.062 -10.9719 2.95447 1.71876e-07 217.98 -11.197 2.9569
217.87 -11.4553 2.93427 2.35222e-17 217.98 -11.197 2.9569
218.815 -11.0279 2.95895 1.59167e-23 217.98 -11.197 2.9569
218.291 -11.4761 2.94716 1.1984e-12 217.98 -11.197 2.9569
217.75 -11.5529 2.96314 0.0331751 217.98 -11.197 2.9569
217.664 -11.0591 2.94483 1.13184e-06 217.98 -11.197 2.9569
217.288 -11.7985 2.95642 0.000316236 217.98 -11.197 2.9569
217.87 -11.3165 2.94942 0.000778527 217.98 -11.197 2.9569
217.942 -10.8251 2.95144 1.1709e-09 217.98 -11.197 2.9569
218.073 -11.3683 2.94938 2.06525e-06 217.98 -11.197 2.9569
218.027 -10.7228 2.96792 1.15385e-13 217.98 -11.197 2.9569
217.796 -10.9461 2.96663 4.97797e-08 217.98 -11.197 2.9569
217.864 -11.5122 2.95806 0.179677 217.98 -11.197 2.9569
217.661 -11.5884 2.9663 0.000412213 217.98 -11.197 2.9569
217.883 -11.5516 2.94078 1.81546e-10 217.98 -11.197 2.9569
218.089 -11.2567 2.96299 0.000647088 217.98 -11.197 2.9569
218.104 -11.7323 2.95537 1.58127e-05 217.98 -11.197 2.9569
217.966 -11.3333 2.9605 0.0284383 217.98 -11.197 2.9569
217.944 -11.1225 2.95353 0.000215456 217.98 -11.197 2.9569
218.048 -11.4025 2.95334 0.00049537 217.98 -11.197 2.9569
217.813 -11.3185 2.9442 2.20369e-06 217.98 -11.197 2.9569
218.272 -10.6409 2.9473 3.31385e-22 217.98 -11.197 2.9569
218.384 -11.373 2.95597 3.28333e-09 217.98 -11.197 2.9569
218.832 -11.0193 2.95639 9.54914e-26 217.98 -11.197 2.9569
218.33 -10.7541 2.93879 8.50711e-30 217.98 -11.197 2.9569
217.81 -10.9565 2.96994 7.6709e-10 217.98 -11.197 2.9569
217.96 -10.7725 2.93742 1.70933e-21 217.98 -11.197 2.9569
