29.1735 7.93135 0.23549 2.03745e-15
29.4435 8.48059 0.236716 5.18374e-07
29.4882 8.23284 0.219233 0.00122651
29.463 8.77938 0.216662 0.00541043
29.2599 8.42847 0.220188 0.0108313
29.0437 8.2857 0.230147 1.26156e-05
29.0823 8.48531 0.213379 5.25971e-10
29.3906 8.06607 0.216971 7.64539e-08
29.3092 8.54088 0.219248 0.0487874
29.1604 8.61385 0.227974 0.0614412
29.4146 8.2097 0.216991 9.0009e-05
29.8977 7.38156 0.21354 2.89101e-36
29.6607 8.73095 0.210459 0.000117803
29.0643 8.38596 0.206584 1.57138e-18
29.0748 8.28746 0.213259 9.29877e-12
29.0521 8.66598 0.208426 9.31472e-17
28.9196 8.5143 0.21379 1.54265e-14
29.3002 8.15323 0.218584 2.34125e-06
29.3728 7.83854 0.237623 1.2756e-21
29.5567 8.24096 0.234504 5.07464e-10
29.0825 8.06094 0.229536 7.90235e-10
29.3863 8.52712 0.225293 0.598149
29.2391 8.91663 0.206809 1.37416e-16
29.4976 8.4202 0.20947 1.5548e-05
29.5947 8.34196 0.212471 0.000990316
29.4082 8.19305 0.228785 1.19089e-05
29.5327 8.61789 0.235639 5.50835e-07
29.207 8.22977 0.229262 4.15372e-05
29.6525 8.44385 0.210831 0.00125755
29.539 8.04317 0.221037 1.32592e-07
29.4122 8.80637 0.214686 0.000125323
29.4869 8.32685 0.218493 0.0185196
29.2799 8.63511 0.21529 0.000177006
29.6866 8.17574 0.218688 3.0196e-05
29.6787 8.06182 0.226812 2.14135e-10
29.5655 7.85338 0.235727 3.39756e-22
29.0343 8.0477 0.226988 1.02453e-10
29.8396 8.15446 0.227804 4.12751e-12
29.3549 8.40646 0.217235 0.00722728
29.3503 8.6061 0.213086 9.33578e-05
28.6561 9.01676 0.217358 5.11105e-26
29.3965 7.72534 0.233848 2.92934e-23
29.8481 8.53667 0.220938 0.000414075
29.4231 8.88065 0.238424 5.16442e-09
29.4279 8.11689 0.214825 3.84529e-07
29.8809 8.176 0.233433 2.67109e-18
29.0921 8.07553 0.214312 4.3075e-14
30.1187 8.27533 0.234764 2.57559e-27
29.4781 8.33657 0.224882 0.0172068
29.4996 8.76194 0.218104 0.0325353
29.4175 8.33818 0.204081 3.9875e-12
29.6386 8.34886 0.208921 2.99751e-05
28.8323 8.04064 0.216232 2.53697e-21
28.9556 8.39274 0.22381 8.1194e-07
29.4154 8.34005 0.208469 6.13259e-08
29.5678 9.21263 0.228924 5.22472e-12
29.9831 8.29555 0.214148 1.05426e-06
29.4303 8.28547 0.205396 5.43067e-11
28.8247 8.57494 0.223639 2.1356e-09
29.1381 7.59699 0.197239 3.07221e-48
29.0346 8.31513 0.214327 1.26676e-11
28.6098 8.56904 0.216317 3.39431e-24
29.4831 7.2338 0.222974 2.0404e-44
29.4755 8.43238 0.241165 1.88201e-12
28.9395 8.23725 0.209687 1.43048e-20
29.552 8.27302 0.212487 0.000117867
29.6435 8.15174 0.21438 9.18597e-06
29.8858 7.74796 0.239624 6.7596e-41
29.787 8.34742 0.221095 0.000250454
29.4056 8.56551 0.217696 0.0961775
29.4863 8.01152 0.218561 2.15497e-08
29.1192 9.04721 0.1951 2.26202e-43
28.7343 8.32481 0.229687 4.46404e-11
29.6378 7.60411 0.213073 1.75629e-23
29.9441 9.01234 0.209625 5.22844e-11
29.5551 8.41015 0.210359 0.000172614
29.6807 8.08946 0.212794 1.99505e-07
29.3519 7.87904 0.203903 2.45895e-22
29.3258 7.86379 0.209864 5.48456e-18
29.2264 8.295 0.236289 6.15556e-07
29.4964 8.40616 0.202635 8.31791e-12
29.9375 8.57918 0.221098 6.26937e-06
29.0193 8.29247 0.213289 2.89192e-13
29.6527 7.97641 0.212289 2.77359e-10
29.5953 8.57143 0.226058 0.036934
29.4811 8.01451 0.19653 8.51536e-25
29.582 8.87359 0.210866 1.2973e-06
29.8749 8.11004 0.223767 4.04511e-11
29.346 8.25226 0.221573 0.00131302
29.0825 8.09779 0.232392 1.7353e-09
29.4004 8.21581 0.219203 0.000315366
29.6264 8.98801 0.214151 5.66378e-07
29.6265 8.52861 0.234001 1.34897e-07
29.4415 8.30854 0.225373 0.00790221
29.7238 8.58364 0.21686 0.0495621
29.4759 8.75718 0.21188 3.82457e-05
29.2904 8.07136 0.215866 2.78974e-09
29.3856 8.37743 0.21378 0.000225382
28.8813 8.05008 0.211421 3.44984e-24
29.1977 8.53565 0.219423 0.00222453
