253.199 28.2447 0.0333447 1.39678e-05
253.396 29.0322 0.0370108 9.91994e-06
253.421 28.8973 0.0458242 3.97644e-07
253.057 28.612 0.0272796 0.000183767
253.433 28.5298 0.0285712 0.000408445
252.81 28.8611 0.047035 4.06876e-06
253.69 28.3633 0.0293762 3.62221e-09
253.786 28.7737 0.0362408 1.1111e-09
253.051 28.689 0.0443489 0.0249169
253.43 28.7419 0.0444334 5.31716e-05
253.149 28.7978 0.0398169 0.0449251
253.756 28.5231 0.0579903 4.35092e-22
253.357 28.7662 0.0498785 5.05858e-07
253.19 28.7225 0.0500849 4.47938e-05
252.58 28.6918 0.0395815 1.94589e-08
253.534 29.0893 0.0327959 9.48888e-08
253.419 28.2798 0.0499699 1.53419e-08
253.317 28.7864 0.0590933 4.47752e-14
253.265 28.683 0.0363048 0.146646
253.048 28.7584 0.048551 0.000350236
252.622 28.6063 0.0419433 4.70437e-07
253.123 28.9309 0.0350792 0.00332273
253.347 28.5707 0.042824 0.00575444
253.467 28.9552 0.0290185 4.45735e-05
253.118 28.5452 0.0406113 0.139065
252.979 28.4119 0.0345469 0.000683477
253.319 29.0131 0.0235044 1.68999e-06
252.921 28.8437 0.0416743 0.00108769
253.085 28.8357 0.0402962 0.0158204
253.281 28.7589 0.0425081 0.00792511
253.237 28.7665 0.045255 0.00170701
253.043 28.705 0.0448667 0.014956
253.16 28.6643 0.0484936 0.000912584
253.267 28.3991 0.0329855 0.00209953
253.468 28.724 0.0360807 0.00273196
253.782 28.424 0.0278111 1.37046e-10
252.664 27.7689 0.0561918 5.83728e-21
253.757 28.2912 0.00974178 2.53274e-23
253.182 29.0755 0.0453073 8.98111e-08
253.356 28.8738 0.0369474 0.00310622
253.292 28.6519 0.0527719 3.3648e-07
253.356 28.4248 0.0391069 0.00365707
253.464 28.9281 0.0475851 2.82416e-09
253.159 28.761 0.0437694 0.0127775
253.138 28.7052 0.0558696 2.42575e-08
253.594 28.6522 0.0502209 6.34273e-11
252.841 28.821 0.0405037 0.000287939
253.459 28.9092 0.0320904 0.000280347
253.666 28.9395 0.0398351 1.57439e-09
253.328 28.9053 0.0345569 0.00341318
253.182 28.8213 0.0376687 0.0449428
253.473 28.8376 0.0349996 0.000697954
253.434 28.3077 0.0480462 1.44473e-07
253.455 28.6998 0.0469303 2.54679e-06
253.091 29.2606 0.0324418 1.23769e-09
252.898 29.0005 0.0270468 3.39702e-08
253.115 28.5625 0.0443395 0.0437813
253.013 28.4328 0.0265762 8.54234e-07
252.807 28.8501 0.0478912 2.84454e-06
253.102 28.6016 0.0376073 0.187534
253.072 28.6514 0.04448 0.033965
253.516 28.6312 0.0410924 9.50498e-05
253.001 28.7788 0.0451399 0.00295376
253.289 28.9884 0.0462811 3.03495e-07
252.956 28.1546 0.063916 6.23059e-15
253.325 29.3342 0.0360313 5.08165e-12
253.332 28.6917 0.0353305 0.0649158
253.009 28.1283 0.047463 3.62885e-07
253.105 29.472 0.043128 2.08832e-18
253.105 28.6766 0.0436918 0.0449204
253.346 28.1641 0.0291198 4.96568e-09
253.803 29.4894 0.0507736 1.43758e-36
253.092 28.3141 0.0428341 0.00150037
252.692 28.8537 0.0373784 2.93571e-07
252.68 28.5611 0.0363146 5.88833e-07
252.918 28.6055 0.03794 0.0117365
252.912 28.7853 0.0223969 4.16761e-09
253.214 28.5268 0.0391878 0.113747
253.46 28.4571 0.030601 0.000185295
252.805 28.4164 0.0219581 5.61859e-14
252.916 28.9258 0.0465194 6.86279e-06
252.564 28.508 0.0264537 1.22826e-15
253.217 28.0743 0.0302189 1.35181e-10
253.49 28.544 0.0500199 2.82474e-08
253.224 28.456 0.0447242 0.00688888
253.211 29.3409 0.0450838 5.26339e-15
253.446 28.4108 0.0292388 3.30215e-05
252.816 28.503 0.0395174 0.000448218
253.14 29.5213 0.0401685 4.31005e-19
252.682 28.5484 0.0306449 2.39245e-09
253.482 28.5757 0.0118697 2.83783e-14
253.45 28.931 0.0354248 0.000138167
253.411 28.9141 0.0475918 3.26508e-08
253.605 28.6316 0.0510868 1.02825e-11
253.327 29.158 0.0331233 3.57774e-07
253.475 28.6558 0.0456938 7.55109e-06
253.102 28.4132 0.0472373 0.00211561
252.884 28.4275 0.0372905 0.000438169
253.337 28.7063 0.0268554 0.0017433
253.347 29.0978 0.0362128 2.23255e-06
