83.7398 16.7862 0.091687 3.49012e-08 83.715 17.535 0.093979
84.0888 17.2755 0.0802725 8.40819e-06 83.715 17.535 0.093979
83.7312 17.1784 0.0973747 0.00206823 83.715 17.535 0.093979
83.8014 17.3258 0.103284 0.000585619 83.715 17.535 0.093979
84.0411 17.2554 0.0829036 6.53377e-05 83.715 17.535 0.093979
83.2241 17.4673 0.10044 0.000690657 83.715 17.535 0.093979
83.4342 17.7429 0.108277 5.31281e-05 83.715 17.535 0.093979
83.8163 17.5194 0.0874088 0.0570655 83.715 17.535 0.093979
83.2126 17.159 0.0927117 3.94032e-05 83.715 17.535 0.093979
83.682 17.7228 0.0872852 0.0378574 83.715 17.535 0.093979
84.0649 17.3836 0.103028 8.3184e-06 83.715 17.535 0.093979
83.1039 17.4953 0.0952998 0.000115312 83.715 17.535 0.093979
83.704 17.7043 0.0834379 0.00923782 83.715 17.535 0.093979
83.5379 17.3308 0.101939 0.00462281 83.715 17.535 0.093979
83.6582 17.3114 0.0983105 0.0190612 83.715 17.535 0.093979
83.4856 18.2723 0.0891555 1.78718e-08 83.715 17.535 0.093979
83.0674 17.0633 0.0845016 7.06455e-09 83.715 17.535 0.093979
83.0612 17.2844 0.0968074 4.85474e-06 83.715 17.535 0.093979
84.0073 17.8351 0.0708521 2.02903e-09 83.715 17.535 0.093979
83.699 17.8235 0.092684 0.020706 83.715 17.535 0.093979
83.2729 17.4853 0.0870741 0.00192231 83.715 17.535 0.093979
82.8951 16.9822 0.0826209 3.48671e-13 83.715 17.535 0.093979
84.3043 17.4002 0.0876574 5.91245e-07 83.715 17.535 0.093979
83.5922 18.1098 0.0947434 2.28741e-05 83.715 17.535 0.093979
82.7903 17.1682 0.0982593 1.67044e-11 83.715 17.535 0.093979
84.0447 17.4622 0.0950558 0.00114568 83.715 17.535 0.093979
83.298 17.7619 0.0816038 3.1679e-05 83.715 17.535 0.093979
83.2147 17.4726 0.108186 5.96278e-06 83.715 17.535 0.093979
84.1465 17.0798 0.108672 1.81857e-11 83.715 17.535 0.093979
83.1215 17.174 0.0883526 2.29522e-06 83.715 17.535 0.093979
84.0348 18.4166 0.111641 2.50796e-17 83.715 17.535 0.093979
83.5031 17.2819 0.0675295 5.35728e-10 83.715 17.535 0.093979
83.7651 17.5653 0.0920103 0.145175 83.715 17.535 0.093979
83.6114 18.4646 0.113085 3.23243e-16 83.715 17.535 0.093979
83.8995 17.4862 0.100531 0.00275663 83.715 17.535 0.093979
83.9442 17.8959 0.080699 1.20244e-05 83.715 17.535 0.093979
83.5804 17.4058 0.10317 0.00522356 83.715 17.535 0.093979
83.2539 18.1232 0.0823956 3.81906e-09 83.715 17.535 0.093979
83.998 17.6895 0.113774 1.48816e-09 83.715 17.535 0.093979
83.6867 17.1379 0.0765129 5.13872e-06 83.715 17.535 0.093979
84.5374 17.6255 0.0998819 1.09712e-12 83.715 17.535 0.093979
83.8392 17.604 0.0861804 0.0269809 83.715 17.535 0.093979
83.8909 17.3509 0.0821608 0.00165682 83.715 17.535 0.093979
83.7218 17.6437 0.0556078 2.95358e-18 83.715 17.535 0.093979
83.2272 17.5395 0.0874238 0.000817252 83.715 17.535 0.093979
83.7453 17.3501 0.0930413 0.0645542 83.715 17.535 0.093979
83.7116 17.8846 0.0690811 7.36741e-10 83.715 17.535 0.093979
83.8996 17.3027 0.0876256 0.00591137 83.715 17.535 0.093979
83.7228 17.7514 0.0980901 0.0206988 83.715 17.535 0.093979
83.7933 17.4534 0.102056 0.00445946 83.715 17.535 0.093979
83.8018 17.575 0.0964829 0.0560345 83.715 17.535 0.093979
84.1803 18.163 0.09479 6.74654e-10 83.715 17.535 0.093979
83.7797 17.5838 0.096197 0.0733914 83.715 17.535 0.093979
84.0988 18.085 0.0974206 4.51415e-08 83.715 17.535 0.093979
83.9191 17.7913 0.104747 3.04979e-05 83.715 17.535 0.093979
83.5451 17.771 0.0952553 0.0372528 83.715 17.535 0.093979
83.3648 17.6388 0.0930828 0.0259711 83.715 17.535 0.093979
83.3522 17.2362 0.0928551 0.00246624 83.715 17.535 0.093979
83.6308 17.615 0.0918914 0.200543 83.715 17.535 0.093979
83.3117 17.3774 0.113684 6.01172e-08 83.715 17.535 0.093979
83.6552 17.8258 0.0812195 0.000466252 83.715 17.535 0.093979
83.5112 16.9457 0.0990999 2.51596e-06 83.715 17.535 0.093979
84.204 17.3676 0.0859949 9.96798e-06 83.715 17.535 0.093979
83.76 17.6594 0.108128 6.56451e-05 83.715 17.535 0.093979
83.8581 18.2258 0.0861192 2.66875e-08 83.715 17.535 0.093979
83.6712 17.5999 0.100596 0.0298917 83.715 17.535 0.093979
83.9037 17.4722 0.0942819 0.0222432 83.715 17.535 0.093979
84.2297 17.5872 0.0826443 2.50062e-06 83.715 17.535 0.093979
83.7416 17.4474 0.101248 0.0112706 83.715 17.535 0.093979
83.5584 17.9928 0.0876818 0.000230891 83.715 17.535 0.093979
84.1218 17.9329 0.0930628 3.37457e-06 83.715 17.535 0.093979
84.0498 17.9519 0.103417 2.52642e-07 83.715 17.535 0.093979
84.0965 18.0314 0.0872999 3.73582e-07 83.715 17.535 0.093979
83.3324 17.3908 0.0869716 0.00377951 83.715 17.535 0.093979
83.757 17.098 0.0968894 0.000331716 83.715 17.535 0.093979
83.2398 17.1703 0.0866231 2.58937e-05 83.715 17.535 0.093979
83.4846 17.7226 0.0965782 0.0377828 83.715 17.535 0.093979
83.5584 17.305 0.115885 6.18688e-09 83.715 17.535 0.093979
83.3754 17.4343 0.0927835 0.0308594 83.715 17.535 0.093979
83.6415 17.0607 0.0859595 0.00021212 83.715 17.535 0.093979
83.6003 17.0122 0.101238 9.05612e-06 83.715 17.535 0.093979
84.1009 17.1748 0.09279 1.41454e-05 83.715 17.535 0.093979
83.5356 18.3388 0.0896225 1.66101e-09 83.715 17.535 0.093979
83.6369 18.0529 0.0976318 8.11033e-05 83.715 17.535 0.093979
83.2242 17.703 0.0868959 0.000252147 83.715 17.535 0.093979
83.9449 16.898 0.0668548 6.05049e-14 83.715 17.535 0.093979
83.5394 17.6019 0.0792621 0.000840463 83.715 17.535 0.093979
83.9982 17.9619 0.0674471 1.62555e-12 83.715 17.535 0.093979
83.8414 17.7833 0.0903289 0.0116007 83.715 17.535 0.093979
83.8172 17.9988 0.0835824 2.28176e-05 83.715 17.535 0.093979
83.9291 17.7251 0.0853836 0.00253249 83.715 17.535 0.093979
83.7449 17.2619 0.0848738 0.0066028 83.715 17.535 0.093979
83.8051 17.5714 0.080883 0.0034209 83.715 17.535 0.093979
83.6584 17.3314 0.109257 1.47512e-05 83.715 17.535 0.093979
84.0725 17.7677 0.0646333 4.99727e-13 83.715 17.535 0.093979
84.1555 17.5674 0.0953969 6.22568e-05 83.715 17.535 0.093979
83.5584 17.4776 0.0819214 0.00749031 83.715 17.535 0.093979
82.7807 18.1107 0.0764465 5.14603e-19 83.715 17.535 0.093979
83.1678 17.5281 0.0968376 0.000574726 83.715 17.535 0.093979
84.0254 17.365 0.0791105 3.95773e-05 83.715 17.535 0.093979
