120.455 -20.7081 3.39726 0.00235403
121.14 -20.6799 3.39075 2.50061e-17
120.858 -20.7661 3.40753 0.00150647
120.432 -20.7496 3.40188 0.0510583
121.328 -21.3546 3.41926 7.51799e-12
120.684 -20.7405 3.4025 0.00325413
120.623 -20.8527 3.40933 0.0954005
120.763 -20.6553 3.42305 0.000657426
120.772 -20.3522 3.42713 1.64584e-07
120.199 -20.7258 3.39788 0.0105207
120.851 -20.9299 3.40791 0.00118215
120.786 -20.62 3.42748 1.25161e-05
121.065 -20.8798 3.392 1.20211e-14
120.395 -20.9005 3.40402 0.0823904
120.712 -20.9698 3.40664 0.00694929
120.826 -21.3081 3.39712 2.44074e-10
121.121 -21.03 3.39727 8.78089e-13
120.36 -21.0667 3.41587 0.00148034
120.842 -20.7487 3.41233 0.00900685
120.764 -20.3012 3.37873 2.30059e-22
120.785 -21.3543 3.43132 9.06139e-11
120.912 -20.8501 3.41661 0.00291352
120.615 -21.0529 3.40011 0.000273081
120.774 -20.5755 3.41095 0.00665943
120.438 -20.9439 3.40122 0.0173103
120.195 -21.2567 3.41783 3.20791e-07
120.874 -21.372 3.41022 2.30788e-07
121.131 -20.9468 3.416 9.77593e-06
120.529 -20.8964 3.40552 0.07276
121.393 -21.2712 3.4201 7.77006e-12
120.908 -20.6472 3.40043 1.07184e-06
120.755 -20.5438 3.40694 0.0019843
120.417 -20.6693 3.41684 0.00872929
120.654 -20.7263 3.41399 0.0698369
120.419 -20.8147 3.40332 0.0922698
120.741 -21.105 3.41719 0.00144727
120.431 -21.0429 3.41361 0.012426
120.049 -20.7784 3.42476 2.51964e-10
120.684 -21.3582 3.41203 8.91329e-06
120.145 -21.1537 3.41085 0.000130923
120.373 -20.9322 3.40636 0.0940137
120.119 -20.9886 3.42223 4.01708e-08
120.784 -20.7847 3.41233 0.0237306
120.836 -20.8965 3.40705 0.00139771
120.697 -20.7596 3.39162 3.25006e-08
120.619 -20.415 3.4167 0.000787021
120.677 -21.1158 3.41936 0.000651136
120.471 -20.9423 3.42821 2.72372e-07
120.647 -20.7958 3.40039 0.00151329
119.963 -20.8874 3.41227 1.62237e-05
120.565 -20.6147 3.40995 0.0724541
120.47 -21.2933 3.41923 4.64712e-06
120.787 -20.7496 3.40422 0.00117794
120.321 -20.9133 3.41723 0.001823
120.648 -20.6696 3.38994 9.83189e-09
120.055 -21.1084 3.39236 9.7029e-06
120.697 -21.124 3.41666 0.00154459
120.596 -20.2077 3.40099 6.83916e-07
120.066 -20.9445 3.40741 0.00218785
120.915 -20.6482 3.41333 0.00155907
121.246 -20.7994 3.41389 1.96946e-07
120.591 -21.3688 3.40546 4.20197e-06
120.227 -20.4286 3.40376 0.00215708
120.861 -20.9364 3.40604 0.00033007
120.178 -20.9333 3.41302 0.0018537
120.935 -21.3337 3.41075 2.28737e-07
120.884 -21.2731 3.38796 5.01731e-17
120.929 -21.3674 3.41213 1.41998e-07
121.151 -21.3035 3.41338 3.09099e-09
120.747 -20.1668 3.40856 4.94947e-07
120.673 -20.8171 3.39582 1.1911e-05
121.34 -20.1221 3.42266 1.25804e-13
120.503 -20.5816 3.40916 0.0624831
120.957 -21.0462 3.39851 4.41548e-09
120.744 -20.7831 3.41536 0.0326963
120.701 -21.222 3.40849 0.000194014
120.482 -21.1533 3.41394 0.00219523
120.875 -20.8408 3.41012 0.00270973
120.855 -21.0902 3.4036 1.00663e-05
120.972 -20.9123 3.40414 4.00328e-06
120.854 -20.3949 3.41743 8.52759e-05
120.65 -20.8645 3.43221 3.40611e-08
120.525 -20.7852 3.39903 0.00408247
119.941 -21.3486 3.40927 1.26209e-08
120.479 -21.3102 3.4025 2.02029e-05
120.085 -20.9144 3.40633 0.00540334
120.062 -20.0003 3.39715 1.9949e-10
120.356 -20.3592 3.40075 0.000333866
121.202 -20.4771 3.40601 3.56476e-10
120.145 -21.5898 3.40407 3.79495e-10
120.68 -20.8473 3.41095 0.0678716
120.511 -20.4786 3.42032 0.000201002
120.285 -20.602 3.40468 0.0440051
119.887 -20.089 3.41877 1.70842e-15
120.977 -20.8437 3.42859 5.57092e-06
120.182 -20.5586 3.40039 0.00689966
119.911 -21.3215 3.40082 1.45345e-07
120.825 -20.8678 3.41585 0.0107677
120.615 -21.4692 3.4015 1.03772e-08
120.679 -20.9478 3.40002 0.000267563
