269.172 24.2854 5.69042 1.80276e-06 268.99 24.36 5.6756
268.727 24.4534 5.68612 0.0812733 268.99 24.36 5.6756
269.578 24.6734 5.66875 7.71127e-13 268.99 24.36 5.6756
268.987 24.5583 5.65437 2.64961e-07 268.99 24.36 5.6756
268.839 24.5051 5.65159 7.41012e-09 268.99 24.36 5.6756
269.075 23.5335 5.68789 5.58294e-19 268.99 24.36 5.6756
269.586 25.1991 5.66729 2.54432e-24 268.99 24.36 5.6756
268.964 25.4418 5.68008 1.29942e-22 268.99 24.36 5.6756
268.891 25.3497 5.67438 3.70133e-19 268.99 24.36 5.6756
268.788 24.002 5.65359 3.00172e-10 268.99 24.36 5.6756
269.714 24.5005 5.68438 1.42527e-18 268.99 24.36 5.6756
269.573 24.6078 5.6685 4.61695e-12 268.99 24.36 5.6756
268.328 24.8032 5.6771 1.9815e-09 268.99 24.36 5.6756
268.487 24.4708 5.67104 6.38419e-05 268.99 24.36 5.6756
268.459 24.6029 5.67695 7.20614e-05 268.99 24.36 5.6756
269.283 24.5548 5.68006 4.57812e-06 268.99 24.36 5.6756
269.411 24.3385 5.69137 8.87306e-12 268.99 24.36 5.6756
269.673 24.3179 5.68864 8.06564e-19 268.99 24.36 5.6756
269.011 24.309 5.67271 0.0343662 268.99 24.36 5.6756
269.348 24.2814 5.67687 1.07266e-06 268.99 24.36 5.6756
269.431 23.9063 5.66125 1.0635e-12 268.99 24.36 5.6756
268.955 24.1889 5.67032 0.00815279 268.99 24.36 5.6756
268.912 24.3422 5.68257 0.0892067 268.99 24.36 5.6756
269.523 25.07 5.6715 7.03546e-19 268.99 24.36 5.6756
268.717 24.9698 5.66923 2.66417e-09 268.99 24.36 5.6756
268.666 23.8561 5.66668 4.41935e-09 268.99 24.36 5.6756
269.026 24.7212 5.64967 2.28347e-11 268.99 24.36 5.6756
268.92 24.0339 5.66416 1.76628e-05 268.99 24.36 5.6756
268.955 24.6502 5.68004 0.00670073 268.99 24.36 5.6756
269.369 24.3972 5.67231 1.53373e-06 268.99 24.36 5.6756
269.434 24.7554 5.66756 1.4791e-10 268.99 24.36 5.6756
269.381 24.1692 5.66297 3.745e-08 268.99 24.36 5.6756
268.73 24.3565 5.68212 0.15766 268.99 24.36 5.6756
269.163 24.7135 5.67349 2.4115e-05 268.99 24.36 5.6756
268.821 24.5218 5.67719 0.123572 268.99 24.36 5.6756
268.735 24.3096 5.66909 0.00978696 268.99 24.36 5.6756
269.496 24.3103 5.66838 2.55562e-09 268.99 24.36 5.6756
269.164 24.7795 5.66006 1.87107e-08 268.99 24.36 5.6756
268.487 24.7719 5.68208 7.9493e-06 268.99 24.36 5.6756
269.342 24.9663 5.67918 8.84821e-13 268.99 24.36 5.6756
269.516 23.9759 5.67807 5.56892e-14 268.99 24.36 5.6756
268.749 23.9645 5.68381 2.42629e-05 268.99 24.36 5.6756
269.852 24.3311 5.66586 9.06962e-20 268.99 24.36 5.6756
268.888 24.3595 5.67203 0.0947025 268.99 24.36 5.6756
268.987 24.2206 5.68656 0.00172162 268.99 24.36 5.6756
269.119 25.0852 5.66475 1.88057e-13 268.99 24.36 5.6756
268.778 24.3637 5.68477 0.12127 268.99 24.36 5.6756
269.029 24.6717 5.6729 0.00113368 268.99 24.36 5.6756
268.996 24.7593 5.67849 0.000224114 268.99 24.36 5.6756
268.995 24.3161 5.64597 8.00379e-11 268.99 24.36 5.6756
268.608 24.5959 5.69356 0.000614907 268.99 24.36 5.6756
269.118 24.7383 5.67709 3.82675e-05 268.99 24.36 5.6756
268.966 24.1507 5.69324 1.0122e-05 268.99 24.36 5.6756
268.851 24.0261 5.67248 0.000303595 268.99 24.36 5.6756
269.548 24.3968 5.66419 1.22337e-10 268.99 24.36 5.6756
269.475 24.2637 5.70178 1.77229e-19 268.99 24.36 5.6756
268.235 24.3559 5.66828 8.89441e-11 268.99 24.36 5.6756
269.302 24.4327 5.67756 1.15837e-05 268.99 24.36 5.6756
268.985 24.202 5.68732 0.000891589 268.99 24.36 5.6756
268.529 24.5951 5.65521 2.09648e-11 268.99 24.36 5.6756
269.246 24.8584 5.66087 2.17255e-10 268.99 24.36 5.6756
269.372 23.9663 5.65966 6.08635e-11 268.99 24.36 5.6756
269.074 24.374 5.6812 0.00858209 268.99 24.36 5.6756
269.147 24.4428 5.68602 0.000153773 268.99 24.36 5.6756
268.997 24.3113 5.65587 5.6118e-06 268.99 24.36 5.6756
269.125 24.6135 5.68083 0.000375747 268.99 24.36 5.6756
269.941 24.9191 5.66748 8.42784e-29 268.99 24.36 5.6756
268.838 24.745 5.68403 0.000897411 268.99 24.36 5.6756
268.355 23.9194 5.67162 3.19672e-11 268.99 24.36 5.6756
269.268 23.9599 5.67843 7.07505e-09 268.99 24.36 5.6756
268.547 24.8356 5.68615 3.77763e-06 268.99 24.36 5.6756
269.182 24.3803 5.68951 4.81383e-06 268.99 24.36 5.6756
269.752 24.7168 5.67955 3.61178e-20 268.99 24.36 5.6756
269.113 25.2576 5.66959 1.03548e-17 268.99 24.36 5.6756
268.797 24.3394 5.67204 0.0709071 268.99 24.36 5.6756
268.675 24.1288 5.67168 0.000778341 268.99 24.36 5.6756
269.243 24.2984 5.68728 1.03884e-06 268.99 24.36 5.6756
268.377 24.799 5.66218 2.04165e-13 268.99 24.36 5.6756
269.139 24.8334 5.68272 2.86206e-07 268.99 24.36 5.6756
268.663 24.1025 5.67852 0.00161709 268.99 24.36 5.6756
269.226 24.4556 5.66279 2.67313e-05 268.99 24.36 5.6756
268.863 24.4072 5.67197 0.0969246 268.99 24.36 5.6756
269.437 24.6801 5.66382 5.05069e-10 268.99 24.36 5.6756
269.22 24.4428 5.67611 0.000327069 268.99 24.36 5.6756
269.474 24.582 5.6697 1.98953e-09 268.99 24.36 5.6756
268.26 24.1281 5.68562 2.9291e-08 268.99 24.36 5.6756
268.631 24.3629 5.69146 0.00663543 268.99 24.36 5.6756
269.379 24.4238 5.66699 6.92156e-07 268.99 24.36 5.6756
268.893 24.5745 5.65819 5.39577e-06 268.99 24.36 5.6756
269.725 25.0283 5.68048 4.22966e-25 268.99 24.36 5.6756
268.804 24.1401 5.68483 0.00498296 268.99 24.36 5.6756
269.223 24.3007 5.68999 3.65684e-07 268.99 24.36 5.6756
268.798 24.467 5.69057 0.0134115 268.99 24.36 5.6756
268.905 24.1672 5.66698 0.00192709 268.99 24.36 5.6756
268.967 24.2753 5.67548 0.055524 268.99 24.36 5.6756
269.247 24.5017 5.66185 6.28414e-06 268.99 24.36 5.6756
269.061 24.1507 5.67254 0.00163923 268.99 24.36 5.6756
268.554 24.2469 5.68693 0.00320835 268.99 24.36 5.6756
268.526 24.109 5.68216 0.000164034 268.99 24.36 5.6756
268.692 24.8365 5.6849 2.93956e-05 268.99 24.36 5.6756
