139.429 -16.5207 3.36481 0.0100708 139.2 -16.493 3.3574
139.014 -15.9467 3.35544 7.37643e-06 139.2 -16.493 3.3574
138.936 -16.6146 3.35865 0.00111885 139.2 -16.493 3.3574
139.063 -16.526 3.36315 0.000747724 139.2 -16.493 3.3574
139.817 -16.273 3.34158 8.68289e-11 139.2 -16.493 3.3574
139.168 -15.9195 3.35753 8.96665e-06 139.2 -16.493 3.3574
139.247 -16.5179 3.3454 0.0532048 139.2 -16.493 3.3574
139.69 -16.7455 3.3652 0.000258238 139.2 -16.493 3.3574
139.129 -16.3711 3.36095 0.00781984 139.2 -16.493 3.3574
138.49 -16.3365 3.35613 2.40198e-09 139.2 -16.493 3.3574
139.273 -16.407 3.35574 0.186297 139.2 -16.493 3.3574
139.151 -16.4251 3.32691 1.72723e-09 139.2 -16.493 3.3574
138.977 -16.757 3.36077 0.000122143 139.2 -16.493 3.3574
139.625 -16.6652 3.37045 7.41941e-05 139.2 -16.493 3.3574
139.661 -16.3594 3.33737 5.87071e-10 139.2 -16.493 3.3574
139.117 -16.4782 3.3684 1.54632e-05 139.2 -16.493 3.3574
139.116 -16.7987 3.34123 0.00195635 139.2 -16.493 3.3574
139.349 -16.6593 3.35036 0.0687899 139.2 -16.493 3.3574
139.418 -16.7706 3.34954 0.00688876 139.2 -16.493 3.3574
139.17 -17.0249 3.35612 7.38758e-05 139.2 -16.493 3.3574
138.698 -16.1349 3.35315 2.42913e-06 139.2 -16.493 3.3574
139.526 -16.4509 3.37116 0.000135463 139.2 -16.493 3.3574
139.104 -16.6216 3.35456 0.0972867 139.2 -16.493 3.3574
139.546 -16.6005 3.36191 0.0154861 139.2 -16.493 3.3574
139.426 -17.492 3.35498 1.98013e-13 139.2 -16.493 3.3574
138.977 -16.2528 3.36622 1.26627e-06 139.2 -16.493 3.3574
139.179 -16.0868 3.36685 3.48941e-06 139.2 -16.493 3.3574
138.743 -16.8706 3.35893 1.29826e-07 139.2 -16.493 3.3574
139.224 -16.316 3.35199 0.108505 139.2 -16.493 3.3574
139.428 -16.6748 3.35205 0.0383534 139.2 -16.493 3.3574
139.108 -16.7564 3.3613 0.000957552 139.2 -16.493 3.3574
138.609 -16.2462 3.36225 2.19423e-10 139.2 -16.493 3.3574
138.944 -16.9002 3.36824 1.25742e-09 139.2 -16.493 3.3574
139.034 -16.1483 3.36001 0.000173178 139.2 -16.493 3.3574
138.856 -16.5445 3.34458 0.0212002 139.2 -16.493 3.3574
138.799 -16.1985 3.33718 5.13776e-05 139.2 -16.493 3.3574
138.864 -16.5452 3.37604 4.34913e-14 139.2 -16.493 3.3574
139.325 -16.067 3.34916 0.000448144 139.2 -16.493 3.3574
139.447 -16.4118 3.36149 0.0378138 139.2 -16.493 3.3574
138.989 -16.816 3.34997 0.00800308 139.2 -16.493 3.3574
139.329 -16.282 3.37711 8.56808e-09 139.2 -16.493 3.3574
139.147 -16.7184 3.37224 5.32922e-08 139.2 -16.493 3.3574
138.987 -16.8667 3.36289 3.49603e-06 139.2 -16.493 3.3574
138.934 -16.0852 3.3672 6.82854e-09 139.2 -16.493 3.3574
139.081 -16.8105 3.36661 2.19219e-06 139.2 -16.493 3.3574
139.138 -16.2605 3.36893 3.77281e-06 139.2 -16.493 3.3574
139.191 -16.8616 3.36728 3.36471e-06 139.2 -16.493 3.3574
139.419 -16.7524 3.34428 0.000561633 139.2 -16.493 3.3574
138.949 -16.8216 3.35366 0.00171444 139.2 -16.493 3.3574
139.386 -16.9096 3.35174 0.00141862 139.2 -16.493 3.3574
138.48 -16.3839 3.36444 7.94083e-14 139.2 -16.493 3.3574
138.72 -16.101 3.34505 1.82832e-05 139.2 -16.493 3.3574
138.884 -16.02 3.34829 3.67896e-05 139.2 -16.493 3.3574
138.69 -17.4284 3.35258 6.94561e-15 139.2 -16.493 3.3574
139.015 -16.6384 3.35967 0.00229885 139.2 -16.493 3.3574
139.223 -16.3927 3.36872 6.88745e-05 139.2 -16.493 3.3574
139.074 -16.4836 3.37523 5.42443e-10 139.2 -16.493 3.3574
139.37 -15.9607 3.35042 2.31821e-05 139.2 -16.493 3.3574
138.916 -16.0896 3.35969 5.2706e-06 139.2 -16.493 3.3574
138.95 -16.6564 3.36551 2.36223e-06 139.2 -16.493 3.3574
139.183 -16.4139 3.37109 2.63312e-06 139.2 -16.493 3.3574
138.952 -16.4 3.35949 0.00101764 139.2 -16.493 3.3574
139.491 -16.4309 3.36277 0.0218727 139.2 -16.493 3.3574
139.176 -16.7011 3.35468 0.0753136 139.2 -16.493 3.3574
138.713 -16.6346 3.34844 0.000812933 139.2 -16.493 3.3574
139.289 -16.7589 3.36336 0.00173763 139.2 -16.493 3.3574
138.609 -16.2687 3.35677 8.60882e-08 139.2 -16.493 3.3574
138.838 -15.9558 3.35818 6.2267e-08 139.2 -16.493 3.3574
139.505 -16.5227 3.35811 0.0577583 139.2 -16.493 3.3574
138.919 -16.8158 3.36021 1.92375e-05 139.2 -16.493 3.3574
139.018 -16.246 3.34957 0.01939 139.2 -16.493 3.3574
139.834 -17.1925 3.38015 2.39231e-15 139.2 -16.493 3.3574
138.869 -16.5171 3.33688 0.00145672 139.2 -16.493 3.3574
138.702 -16.2391 3.34421 0.000188077 139.2 -16.493 3.3574
139.231 -16.9527 3.36913 1.07192e-07 139.2 -16.493 3.3574
138.712 -15.9544 3.37186 5.77838e-17 139.2 -16.493 3.3574
138.905 -15.8515 3.37362 5.90181e-16 139.2 -16.493 3.3574
139.547 -16.8816 3.35002 0.000129456 139.2 -16.493 3.3574
139.507 -16.3456 3.36268 0.0130713 139.2 -16.493 3.3574
139.446 -15.967 3.34116 1.734e-08 139.2 -16.493 3.3574
139.053 -16.6252 3.36232 0.000746733 139.2 -16.493 3.3574
138.589 -16.5304 3.33093 2.92919e-06 139.2 -16.493 3.3574
138.713 -16.8228 3.35745 4.61214e-07 139.2 -16.493 3.3574
138.968 -16.768 3.34745 0.0153085 139.2 -16.493 3.3574
138.932 -16.7568 3.35535 0.00167376 139.2 -16.493 3.3574
139.72 -16.5424 3.37303 1.55702e-05 139.2 -16.493 3.3574
139.249 -16.5869 3.37675 3.91778e-09 139.2 -16.493 3.3574
139.147 -16.2236 3.36767 1.04526e-05 139.2 -16.493 3.3574
139.053 -16.6626 3.35138 0.0858602 139.2 -16.493 3.3574
139.146 -15.8946 3.3673 6.99675e-09 139.2 -16.493 3.3574
139.319 -16.4994 3.34306 0.00580718 139.2 -16.493 3.3574
138.923 -16.8473 3.36154 3.7127e-06 139.2 -16.493 3.3574
138.5 -17.1325 3.35993 1.49483e-15 139.2 -16.493 3.3574
138.334 -16.7089 3.37074 4.6213e-23 139.2 -16.493 3.3574
138.449 -16.0292 3.37849 1.40646e-28 139.2 -16.493 3.3574
138.982 -15.7359 3.35376 3.25541e-09 139.2 -16.493 3.3574
139.123 -16.6723 3.36539 0.000129457 139.2 -16.493 3.3574
138.518 -16.4082 3.35094 7.56171e-07 139.2 -16.493 3.3574
139.383 -16.6213 3.36193 0.0256327 139.2 -16.493 3.3574
138.534 -16.1267 3.35601 7.80263e-10 139.2 -16.493 3.3574
