110.779 -23.4513 3.45015 2.54989e-07
111.424 -23.0459 3.42695 5.58508e-06
110.804 -23.6058 3.42073 0.00226216
111.529 -23.5956 3.43086 0.000271191
111.418 -23.902 3.41869 3.60817e-09
110.991 -23.2531 3.42902 0.01968
110.696 -23.296 3.43283 0.00188506
111.776 -24.0687 3.43816 1.2655e-06
111.26 -23.4856 3.43788 0.0679872
110.719 -23.7341 3.43265 0.00182072
111.195 -23.1735 3.42057 3.86616e-05
111.026 -24.2343 3.41862 7.63406e-06
111.448 -23.0113 3.43616 5.20133e-05
111.15 -24.1652 3.44461 0.0118992
111.286 -23.9506 3.42979 0.00647347
111.241 -23.9021 3.4448 0.000615112
110.876 -23.141 3.41741 6.78261e-05
110.759 -23.3115 3.42917 0.00910824
110.892 -23.8179 3.40993 1.61856e-05
111.154 -23.5972 3.43524 0.0799698
110.68 -23.7685 3.4214 0.0155619
112.104 -23.8202 3.44299 5.07488e-10
110.726 -23.5055 3.4118 1.07443e-05
111.116 -23.1311 3.42824 0.00247928
111.362 -23.8611 3.42696 3.94768e-05
110.454 -22.9144 3.42517 1.70692e-07
111.065 -23.3326 3.43736 0.0387504
110.895 -23.6154 3.43628 0.0205172
111.343 -23.6494 3.41345 2.15906e-09
110.854 -23.6969 3.4253 0.00676225
111.328 -23.6954 3.43563 0.0168069
111.498 -23.6187 3.4401 0.00679119
111.922 -23.6064 3.4454 2.22106e-06
111.292 -23.663 3.44436 0.01178
110.985 -22.993 3.43416 0.000290854
111.112 -23.6575 3.44248 0.0140672
111.32 -23.469 3.4389 0.0462669
111.168 -23.3487 3.42667 0.00933421
111.218 -23.3374 3.43053 0.0218673
111.87 -23.0166 3.42527 7.23725e-13
111.153 -23.3002 3.44915 0.000221931
110.987 -23.0384 3.40889 2.44552e-09
110.206 -23.0748 3.43082 4.90382e-10
110.376 -22.9966 3.42422 2.19617e-07
111.4 -22.9633 3.43541 2.96419e-05
110.824 -23.4748 3.42488 0.016992
111.077 -23.5731 3.41446 4.16308e-06
111.499 -23.5347 3.43988 0.00850366
110.416 -23.6093 3.41439 5.37789e-06
111.35 -24.1057 3.41808 6.87041e-07
111.749 -22.9934 3.43256 1.21469e-08
110.834 -23.5884 3.44178 0.000965534
111.436 -23.0889 3.42998 4.70969e-05
111.273 -23.8181 3.42837 0.00069178
111.217 -23.6425 3.44892 0.00117181
111.306 -23.2989 3.39551 1.19073e-21
111.091 -23.4922 3.41274 7.71459e-07
111.083 -23.858 3.42187 6.70057e-05
111.227 -24.1292 3.43985 0.0114715
111.893 -22.827 3.41709 1.07168e-19
111.526 -23.4238 3.42702 3.17087e-05
111.108 -23.6468 3.44106 0.0240183
111.444 -23.5289 3.44298 0.0132788
111.095 -23.3618 3.43599 0.0631258
111.185 -23.5346 3.42869 0.0240954
111.245 -23.3671 3.42222 0.000285976
111.195 -23.8481 3.43599 0.00617256
110.845 -23.6076 3.44081 0.00185341
111.775 -23.7462 3.44594 3.07772e-05
110.996 -23.3679 3.43225 0.0629178
111.104 -22.9386 3.44579 1.85348e-06
111.589 -22.7349 3.44611 1.55273e-09
111.564 -23.629 3.42251 1.31118e-07
111.087 -23.0822 3.43431 0.00230885
111.507 -22.8492 3.41656 7.89903e-13
111.209 -23.4866 3.43402 0.0764796
111.318 -23.6102 3.40851 6.38139e-12
111.288 -23.6325 3.4393 0.0394781
111.488 -24.353 3.42565 2.93567e-08
110.981 -23.7444 3.43122 0.0184691
110.978 -23.4277 3.43121 0.0738278
111.323 -23.4981 3.4253 0.000762772
110.553 -23.0085 3.42563 8.88053e-06
111.321 -22.9875 3.42659 9.20519e-06
110.284 -22.7493 3.40094 1.30785e-14
111.327 -24.0678 3.40142 1.07124e-12
111.257 -23.4636 3.44645 0.00667237
110.881 -23.5513 3.43753 0.0151937
111.56 -24.1417 3.43159 7.42052e-06
111.123 -23.1729 3.43683 0.00823332
110.852 -23.138 3.43969 0.000203562
111.562 -23.6584 3.4152 1.78525e-11
111.57 -23.5121 3.44459 0.00289859
110.916 -22.7143 3.44497 2.67408e-10
110.91 -23.1409 3.44289 8.27098e-05
111.102 -23.6169 3.43335 0.0717887
111.579 -23.2388 3.42648 1.617e-06
111.51 -23.7493 3.43655 0.00117281
111.15 -23.2647 3.4331 0.0281084
111.149 -23.5943 3.42492 0.00481704
