35.7069 10.9745 0.165267 0.000662936 35.36 11.095 0.16598
35.2631 11.459 0.182032 3.01402e-10 35.36 11.095 0.16598
35.4862 11.1284 0.154716 0.00327377 35.36 11.095 0.16598
35.131 10.8121 0.161961 1.94279e-05 35.36 11.095 0.16598
35.4842 11.4638 0.184366 7.38187e-16 35.36 11.095 0.16598
35.84 10.5622 0.169441 7.78947e-15 35.36 11.095 0.16598
35.0924 11.3519 0.164625 0.000666208 35.36 11.095 0.16598
35.297 10.9818 0.171897 0.0158757 35.36 11.095 0.16598
35.5191 11.0231 0.152339 0.000127015 35.36 11.095 0.16598
35.2308 10.572 0.168179 3.17589e-08 35.36 11.095 0.16598
35.2442 10.739 0.172746 1.33058e-05 35.36 11.095 0.16598
34.929 10.8387 0.164996 2.61047e-07 35.36 11.095 0.16598
35.4959 10.8207 0.16189 0.00231572 35.36 11.095 0.16598
34.7232 10.8704 0.166774 4.82902e-11 35.36 11.095 0.16598
35.172 10.4729 0.166784 3.32766e-11 35.36 11.095 0.16598
35.7859 10.928 0.180608 2.33598e-17 35.36 11.095 0.16598
35.2984 11.7695 0.156568 6.14843e-11 35.36 11.095 0.16598
35.6649 11.0494 0.176332 4.2199e-09 35.36 11.095 0.16598
35.5576 11.2604 0.164482 0.0629185 35.36 11.095 0.16598
35.0523 10.4778 0.17082 4.51209e-12 35.36 11.095 0.16598
35.8518 11.371 0.151201 5.79299e-07 35.36 11.095 0.16598
35.728 10.8188 0.171168 1.53261e-08 35.36 11.095 0.16598
35.6426 11.3052 0.145968 5.12017e-09 35.36 11.095 0.16598
34.7435 11.314 0.176267 0 35.36 11.095 0.16598
35.692 10.5956 0.154832 1.14499e-09 35.36 11.095 0.16598
35.7949 11.2078 0.160971 0.000683605 35.36 11.095 0.16598
35.2899 10.709 0.155723 4.14171e-08 35.36 11.095 0.16598
35.8818 10.6764 0.170518 4.87193e-14 35.36 11.095 0.16598
35.6185 11.5333 0.1611 2.69791e-05 35.36 11.095 0.16598
35.2943 10.9418 0.161266 0.0144126 35.36 11.095 0.16598
35.6217 10.6614 0.159603 7.83523e-07 35.36 11.095 0.16598
35.7125 10.4446 0.151567 4.49165e-15 35.36 11.095 0.16598
34.9144 10.8395 0.164406 8.07608e-08 35.36 11.095 0.16598
35.7085 11.1243 0.182697 8.61756e-17 35.36 11.095 0.16598
35.0478 10.733 0.180923 1.11993e-09 35.36 11.095 0.16598
35.8504 11.1761 0.151284 9.42412e-06 35.36 11.095 0.16598
35.9364 10.9893 0.164873 4.54611e-08 35.36 11.095 0.16598
35.5251 11.0844 0.144987 3.75685e-10 35.36 11.095 0.16598
35.397 11.638 0.166993 1.17162e-06 35.36 11.095 0.16598
35.3646 11.0603 0.182433 2.00598e-09 35.36 11.095 0.16598
35.1151 11.0855 0.160501 0.000469948 35.36 11.095 0.16598
35.985 10.9239 0.153345 6.60536e-08 35.36 11.095 0.16598
34.9846 10.5734 0.148087 1.83375e-24 35.36 11.095 0.16598
36.0582 11.0706 0.14263 1.32725e-12 35.36 11.095 0.16598
35.3651 10.5512 0.172735 6.45638e-10 35.36 11.095 0.16598
35.4451 11.0008 0.161018 0.116303 35.36 11.095 0.16598
35.7572 10.7341 0.167742 1.45393e-08 35.36 11.095 0.16598
36.2321 11.2707 0.165281 2.64947e-17 35.36 11.095 0.16598
34.9728 10.8605 0.169597 2.55048e-05 35.36 11.095 0.16598
35.5442 10.8069 0.175756 1.58462e-08 35.36 11.095 0.16598
35.2596 10.7076 0.174777 5.83769e-07 35.36 11.095 0.16598
35.4782 10.7348 0.172122 1.27453e-06 35.36 11.095 0.16598
35.928 11.5283 0.171481 6.14251e-15 35.36 11.095 0.16598
35.6373 11.0687 0.169901 0.000334792 35.36 11.095 0.16598
35.4515 10.8024 0.160701 0.00100801 35.36 11.095 0.16598
35.1714 10.6272 0.15736 2.1727e-10 35.36 11.095 0.16598
35.4668 11.15 0.161678 0.341532 35.36 11.095 0.16598
34.9076 11.208 0.155779 9.30728e-12 35.36 11.095 0.16598
35.2508 11.8224 0.162081 9.44519e-11 35.36 11.095 0.16598
35.5609 11.1714 0.171376 0.000827406 35.36 11.095 0.16598
35.5518 10.9466 0.180574 2.5866e-11 35.36 11.095 0.16598
35.1483 10.9187 0.159497 5.35159e-05 35.36 11.095 0.16598
35.1808 11.5232 0.171979 1.86263e-05 35.36 11.095 0.16598
35.4709 11.215 0.181448 3.81853e-10 35.36 11.095 0.16598
35.1911 11.0372 0.178581 4.24267e-05 35.36 11.095 0.16598
35.5434 10.4981 0.162039 3.50151e-10 35.36 11.095 0.16598
35.4749 10.9572 0.162998 0.0855803 35.36 11.095 0.16598
35.5862 11.0441 0.179308 3.39501e-10 35.36 11.095 0.16598
35.4221 11.1244 0.169787 0.0763433 35.36 11.095 0.16598
35.2374 10.6288 0.156966 1.16985e-09 35.36 11.095 0.16598
35.1863 11.3621 0.171074 0.00454795 35.36 11.095 0.16598
35.4122 10.4335 0.1501 2.15836e-17 35.36 11.095 0.16598
35.0924 10.9834 0.177903 5.55503e-05 35.36 11.095 0.16598
35.6497 11.0995 0.173098 3.42093e-06 35.36 11.095 0.16598
35.4248 10.932 0.17406 0.000152208 35.36 11.095 0.16598
35.4045 11.2936 0.155631 0.00100694 35.36 11.095 0.16598
35.0938 10.7845 0.179574 5.47547e-08 35.36 11.095 0.16598
35.5079 11.1425 0.158556 0.0893131 35.36 11.095 0.16598
34.8415 11.1026 0.180335 2.53906e-07 35.36 11.095 0.16598
35.3206 11.6068 0.166216 6.61964e-06 35.36 11.095 0.16598
35.3498 11.3753 0.159389 0.00318756 35.36 11.095 0.16598
35.3486 10.6885 0.154571 1.4743e-08 35.36 11.095 0.16598
35.0656 10.8425 0.166954 0.000133356 35.36 11.095 0.16598
35.0707 10.952 0.175618 0.000251347 35.36 11.095 0.16598
35.0864 11.0074 0.17356 0.00285892 35.36 11.095 0.16598
35.3512 11.0346 0.15572 0.00091968 35.36 11.095 0.16598
35.1751 10.6757 0.165202 1.99025e-06 35.36 11.095 0.16598
35.8671 10.5714 0.16035 9.40139e-12 35.36 11.095 0.16598
35.4488 10.6812 0.152609 4.61622e-09 35.36 11.095 0.16598
34.9065 10.9182 0.161387 1.33918e-08 35.36 11.095 0.16598
35.6534 11.5397 0.167819 4.97024e-07 35.36 11.095 0.16598
35.3071 10.7976 0.15225 9.29572e-09 35.36 11.095 0.16598
35.4052 11.2129 0.148738 4.93567e-08 35.36 11.095 0.16598
35.5498 11.0096 0.163637 0.0868956 35.36 11.095 0.16598
35.7665 11.3218 0.162944 0.000198824 35.36 11.095 0.16598
35.3103 10.6085 0.178099 4.29828e-11 35.36 11.095 0.16598
35.3436 11.1353 0.170728 0.08672 35.36 11.095 0.16598
35.5091 10.7499 0.162817 0.000195487 35.36 11.095 0.16598
35.7735 11.4352 0.152692 1.65526e-06 35.36 11.095 0.16598
35.8008 10.8206 0.178969 4.28641e-17 35.36 11.095 0.16598
