97.7361 -27.2278 3.44767 0.00379472
98.1623 -27.3606 3.44305 5.59104e-09
97.1972 -27.522 3.44388 0.000809619
97.4646 -27.147 3.46318 0.000728683
97.6519 -27.1114 3.44501 0.000245416
97.7677 -27.5154 3.43076 5.25717e-11
97.5148 -27.4927 3.4546 0.104579
97.053 -27.3772 3.4485 0.000135666
97.7384 -27.58 3.4473 0.00696604
97.0364 -27.3284 3.43889 8.55621e-07
97.7925 -26.7809 3.45464 1.0693e-06
97.6231 -27.687 3.45041 0.0153073
97.3045 -27.7488 3.47961 6.66418e-18
97.9021 -27.5442 3.46979 1.65375e-06
98.4394 -27.8501 3.45993 8.22994e-13
97.7036 -27.5443 3.45865 0.0232119
97.2156 -27.2644 3.45299 0.00280146
97.5335 -27.3229 3.42653 2.5172e-13
97.1812 -27.0468 3.4283 3.77349e-14
97.2224 -27.2475 3.43401 3.12112e-08
97.2378 -27.5803 3.44166 0.000335685
97.4014 -26.6395 3.43473 4.43192e-16
97.8143 -27.9358 3.44811 6.7079e-06
97.7073 -27.5025 3.45145 0.0601697
97.1236 -27.3939 3.46846 3.99623e-09
96.8959 -27.5383 3.44921 9.04316e-07
98.1083 -27.2774 3.4476 1.37567e-06
97.4544 -27.2223 3.45275 0.0409868
97.9882 -27.7247 3.45181 6.05293e-05
97.3167 -27.0867 3.46941 8.38663e-08
97.7768 -27.7632 3.47016 3.03938e-08
97.4828 -27.5136 3.44257 0.00315788
97.8447 -27.6048 3.4504 0.00393178
97.7636 -27.2387 3.44652 0.00146446
98.2696 -27.2563 3.46376 1.71163e-07
97.293 -27.1387 3.47078 1.43104e-08
97.5042 -27.6245 3.47797 4.15209e-13
97.942 -27.1875 3.44919 0.000147291
98.0231 -27.5059 3.4662 1.30451e-05
97.0502 -27.8562 3.45263 4.359e-07
97.3292 -27.809 3.45544 0.000173495
97.4949 -27.746 3.45158 0.00676603
97.4366 -26.8759 3.43977 7.70336e-09
97.9178 -27.2316 3.45302 0.00216433
97.5956 -28.0014 3.4461 5.47547e-06
98.0338 -27.1236 3.45857 0.000100016
97.5885 -27.7506 3.46458 1.55898e-05
97.0215 -28.0953 3.44908 3.79001e-10
97.0358 -27.6257 3.45649 3.32175e-06
97.2198 -27.13 3.45665 0.000305047
97.5557 -27.5153 3.43779 3.00058e-05
97.78 -26.9675 3.44857 2.48089e-05
97.4884 -27.6382 3.44181 0.000941742
97.727 -27.3637 3.42944 4.44092e-12
97.7506 -27.6188 3.44585 0.00201104
97.3056 -27.5152 3.46845 2.36688e-07
97.7175 -27.3457 3.46903 4.36254e-05
97.666 -26.5382 3.44157 7.14244e-15
97.1188 -27.0389 3.44523 2.5551e-06
97.8984 -27.364 3.4637 0.00105992
97.7342 -27.583 3.46079 0.00501195
97.5534 -27.1628 3.45041 0.0168871
97.6702 -27.6027 3.46627 7.03809e-05
97.1819 -27.1276 3.45071 0.000270474
97.986 -27.416 3.42855 7.08993e-16
97.5761 -27.5439 3.44984 0.0707934
97.6013 -27.3565 3.45827 0.0702249
97.2239 -27.363 3.45464 0.00400132
97.8631 -27.2237 3.43726 1.06581e-08
98.0238 -26.5963 3.44218 1.43701e-16
97.2073 -27.3891 3.45643 0.00159039
97.9871 -27.4324 3.44015 1.17139e-07
97.9184 -27.5008 3.44848 0.000864965
96.8991 -27.4199 3.4488 1.37509e-06
97.9124 -27.3327 3.45948 0.00483203
97.3965 -27.3644 3.4624 0.00158164
97.4943 -27.4419 3.44972 0.0970791
97.5751 -27.8042 3.45628 0.000982165
97.5858 -27.4437 3.45522 0.133067
97.3167 -27.6162 3.45189 0.00997011
97.7418 -27.2693 3.45366 0.0430534
97.4168 -27.0871 3.44487 0.000243095
97.3105 -28.0653 3.44953 3.6909e-07
97.7353 -27.3164 3.45203 0.047296
97.9113 -27.4282 3.43763 4.19393e-08
97.0102 -27.5275 3.43598 9.49053e-08
97.8104 -27.4657 3.45598 0.0303473
98.279 -27.5389 3.45588 1.61751e-07
97.4315 -27.7585 3.45521 0.00185629
97.6467 -27.6658 3.45928 0.00427908
97.8565 -27.5638 3.4557 0.00862013
97.5567 -26.6607 3.44689 1.09981e-09
97.5101 -27.468 3.4394 0.00020378
98.2168 -27.6022 3.44201 1.91295e-10
97.1414 -27.274 3.44124 2.25122e-05
97.6764 -27.3143 3.45777 0.0664829
97.6835 -27.5068 3.4393 3.96547e-05
97.1797 -26.9384 3.46444 3.54807e-08
98.2714 -27.5411 3.45981 2.06051e-07
97.5334 -27.4018 3.44965 0.0978185
