276.913 -1.70532 4.40855 0.0566428
276.617 -1.48139 4.38499 0.000562361
276.743 -1.86932 4.42294 3.24665e-07
277.026 -1.42782 4.41058 0.00703521
276.942 -1.49328 4.3997 0.00525566
276.608 -1.41502 4.41716 3.26848e-05
277.082 -1.9342 4.3877 2.91497e-09
276.845 -1.61968 4.4059 0.13879
276.948 -2.13996 4.38204 2.8096e-11
276.971 -1.61191 4.4197 0.00338729
276.326 -1.83681 4.38822 0.0094269
276.784 -2.02477 4.38325 9.13801e-07
276.715 -2.28289 4.3759 3.68428e-12
276.986 -1.56958 4.40621 0.0277148
276.308 -1.56425 4.40647 2.05172e-05
276.525 -1.8244 4.40611 0.00282732
277.146 -2.22076 4.39665 2.81658e-11
277.229 -1.29199 4.41151 9.86725e-06
277.178 -2.4064 4.40831 1.59145e-14
277.309 -1.23424 4.42009 1.70829e-06
276.698 -1.71218 4.37213 4.16356e-09
276.719 -1.7395 4.37811 1.88372e-06
276.555 -1.3015 4.38143 1.05174e-06
277.413 -2.59932 4.41522 6.64544e-24
276.836 -1.44913 4.41364 0.0136102
277.025 -1.91707 4.42945 1.84196e-08
277.114 -1.64341 4.40014 0.000151909
277.789 -1.97441 4.41292 3.17452e-18
276.443 -2.00755 4.39969 0.000222729
276.944 -2.08526 4.38089 5.42681e-11
276.829 -2.19447 4.40307 8.02884e-07
276.467 -2.2354 4.40658 1.22357e-09
276.428 -1.76807 4.39307 0.0504396
277.558 -1.19247 4.40748 2.51281e-14
276.967 -2.01688 4.38531 8.86088e-09
276.482 -2.14973 4.38313 6.10926e-06
276.396 -1.76475 4.38033 0.00283012
277.37 -1.43214 4.40069 5.48725e-10
276.68 -1.5847 4.39666 0.141165
276.748 -2.48884 4.39937 2.86664e-13
276.316 -1.86797 4.40474 1.14108e-05
276.252 -1.91505 4.40154 4.93176e-06
277.283 -2.11995 4.39119 1.93255e-14
276.583 -1.76655 4.41646 1.81244e-05
277.4 -2.05313 4.39208 2.67148e-16
277.044 -1.73547 4.39573 9.12427e-05
277.076 -2.25981 4.39718 8.84768e-11
276.544 -1.1533 4.39628 5.89035e-06
276.532 -1.37847 4.40958 0.000343648
276.712 -1.8579 4.39691 0.0364308
276.49 -1.74916 4.40232 0.0199958
277.219 -2.10107 4.39434 2.04172e-11
277.014 -1.38901 4.40519 0.00174151
276.52 -1.2761 4.42096 6.13562e-09
276.813 -1.84834 4.38436 1.74608e-05
276.864 -2.29002 4.39918 7.16956e-09
277.188 -2.55529 4.41165 3.55789e-19
276.844 -1.67011 4.39348 0.00763803
276.971 -1.40317 4.38775 8.57995e-08
276.43 -1.84569 4.37507 5.88016e-05
276.698 -1.61945 4.38954 0.0125634
276.75 -1.51127 4.39935 0.0822947
277.181 -1.92514 4.38496 8.38099e-13
276.653 -1.29517 4.40799 0.000923373
277.182 -2.15048 4.43319 8.75576e-14
276.884 -1.68309 4.40356 0.0820608
276.638 -1.90832 4.37702 2.53396e-06
276.535 -1.52355 4.39472 0.0639089
277.23 -1.52367 4.39425 5.06723e-09
276.651 -1.89282 4.40295 0.0138752
277.022 -1.21393 4.39581 7.80199e-08
276.596 -2.14118 4.42275 2.91733e-13
276.896 -1.7684 4.37879 4.60999e-09
276.221 -1.8415 4.39968 2.15218e-05
276.27 -1.62294 4.39801 0.000937634
276.167 -1.55733 4.42122 6.41755e-16
276.053 -1.56248 4.39818 1.76112e-07
276.444 -1.67943 4.39945 0.0328983
277.023 -1.60228 4.40509 0.0124621
276.643 -2.02938 4.4091 2.81505e-05
276.817 -1.60938 4.39585 0.030866
276.994 -1.708 4.40533 0.0181403
276.343 -1.78405 4.40165 0.000679318
276.92 -1.68073 4.38876 4.27981e-05
276.243 -2.24796 4.41128 1.53858e-15
276.392 -1.93637 4.39404 0.00293028
277.638 -1.5567 4.39769 1.90658e-18
276.978 -1.75334 4.38973 1.09848e-05
276.957 -2.04502 4.41773 1.27153e-06
276.493 -1.47574 4.40452 0.00574794
276.605 -1.1196 4.40926 1.26678e-06
276.289 -2.4847 4.39539 2.66208e-14
276.532 -1.18676 4.40487 1.34025e-05
276.928 -1.84231 4.41307 0.00324837
276.818 -1.70506 4.40707 0.105182
277.125 -1.67923 4.3943 1.70137e-06
276.748 -1.96162 4.39916 0.00445591
276.536 -1.83519 4.42094 1.03056e-08
276.442 -1.79867 4.40841 0.00013007
276.507 -2.09254 4.39783 7.63161e-05
