129.984 -19.3827 3.3569 2.95023e-11 129.91 -19.532 3.3763
129.403 -19.7485 3.364 3.0437e-06 129.91 -19.532 3.3763
130.628 -20.0775 3.38565 1.21433e-08 129.91 -19.532 3.3763
130.536 -19.6898 3.39786 6.04665e-08 129.91 -19.532 3.3763
129.794 -19.8268 3.36709 0.00175867 129.91 -19.532 3.3763
130.905 -19.4274 3.37276 3.67803e-17 129.91 -19.532 3.3763
129.967 -19.8998 3.36726 0.000287768 129.91 -19.532 3.3763
130.018 -19.6297 3.35446 7.56283e-13 129.91 -19.532 3.3763
129.965 -19.4139 3.37815 0.115662 129.91 -19.532 3.3763
130.257 -18.9046 3.35701 6.38994e-22 129.91 -19.532 3.3763
129.584 -19.7084 3.37364 0.00929019 129.91 -19.532 3.3763
130.125 -19.7075 3.35612 1.06142e-12 129.91 -19.532 3.3763
130.16 -19.5164 3.36401 5.16871e-07 129.91 -19.532 3.3763
130.274 -19.9282 3.3713 2.65517e-05 129.91 -19.532 3.3763
129.883 -19.394 3.36622 0.000190222 129.91 -19.532 3.3763
130.32 -19.605 3.37896 0.0148084 129.91 -19.532 3.3763
129.755 -19.3607 3.36228 1.98984e-06 129.91 -19.532 3.3763
130.267 -19.3881 3.36425 5.24147e-09 129.91 -19.532 3.3763
130.188 -19.7993 3.37719 0.051222 129.91 -19.532 3.3763
129.791 -19.2456 3.37334 0.000789411 129.91 -19.532 3.3763
130.628 -19.0061 3.37943 9.20813e-13 129.91 -19.532 3.3763
130.729 -19.5094 3.37386 2.20952e-11 129.91 -19.532 3.3763
130.208 -19.5505 3.36467 4.72673e-07 129.91 -19.532 3.3763
130.009 -19.2189 3.37133 0.000102934 129.91 -19.532 3.3763
129.853 -19.4244 3.3817 0.0368427 129.91 -19.532 3.3763
130.132 -19.7686 3.35895 2.07693e-10 129.91 -19.532 3.3763
129.899 -19.4877 3.3641 5.54648e-05 129.91 -19.532 3.3763
130.339 -19.4552 3.36022 5.81267e-13 129.91 -19.532 3.3763
130.121 -19.7516 3.37139 0.00815148 129.91 -19.532 3.3763
130.172 -20.0408 3.36786 7.44851e-07 129.91 -19.532 3.3763
129.751 -19.5455 3.37156 0.0502902 129.91 -19.532 3.3763
129.698 -19.2924 3.36893 0.000177922 129.91 -19.532 3.3763
129.898 -19.4456 3.37386 0.0786682 129.91 -19.532 3.3763
130.387 -19.407 3.3913 5.59336e-05 129.91 -19.532 3.3763
130.113 -19.8562 3.36909 0.000406608 129.91 -19.532 3.3763
130.152 -19.3523 3.38166 0.0160466 129.91 -19.532 3.3763
130.107 -19.5448 3.36644 6.78894e-05 129.91 -19.532 3.3763
130.354 -19.8278 3.38762 0.00171794 129.91 -19.532 3.3763
129.825 -19.2927 3.37564 0.00528722 129.91 -19.532 3.3763
129.739 -19.4353 3.36485 0.000127579 129.91 -19.532 3.3763
129.934 -19.8015 3.38691 0.00955063 129.91 -19.532 3.3763
129.866 -19.2192 3.3707 0.00014491 129.91 -19.532 3.3763
129.921 -19.5308 3.36659 0.0011524 129.91 -19.532 3.3763
130.21 -19.2094 3.36657 1.42007e-08 129.91 -19.532 3.3763
130.295 -19.3749 3.3766 0.000867434 129.91 -19.532 3.3763
129.365 -19.5791 3.35964 2.817e-08 129.91 -19.532 3.3763
129.588 -19.5593 3.36338 4.18436e-05 129.91 -19.532 3.3763
130.007 -19.8001 3.37859 0.328945 129.91 -19.532 3.3763
130.332 -19.2072 3.38722 1.36791e-05 129.91 -19.532 3.3763
129.857 -19.2902 3.40252 2.35239e-15 129.91 -19.532 3.3763
129.707 -19.8072 3.3781 0.0321318 129.91 -19.532 3.3763
129.728 -19.3661 3.35336 1.10445e-12 129.91 -19.532 3.3763
130.184 -19.5888 3.37228 0.00637071 129.91 -19.532 3.3763
130.317 -19.1361 3.3815 4.55264e-06 129.91 -19.532 3.3763
130.372 -19.7835 3.38297 0.00517978 129.91 -19.532 3.3763
130.016 -19.3644 3.37 0.00111729 129.91 -19.532 3.3763
130.124 -19.8177 3.40233 3.72214e-11 129.91 -19.532 3.3763
129.604 -19.8086 3.34206 1.54635e-23 129.91 -19.532 3.3763
130.421 -19.1808 3.35947 6.38034e-18 129.91 -19.532 3.3763
129.993 -18.913 3.36614 7.00026e-12 129.91 -19.532 3.3763
129.827 -19.5909 3.38426 0.0312021 129.91 -19.532 3.3763
130.118 -19.7856 3.37379 0.0346235 129.91 -19.532 3.3763
129.686 -19.3753 3.37076 0.0022784 129.91 -19.532 3.3763
130.024 -19.9945 3.35998 7.21739e-10 129.91 -19.532 3.3763
130.38 -19.8459 3.3622 4.87725e-12 129.91 -19.532 3.3763
130.059 -19.5908 3.39127 0.00108349 129.91 -19.532 3.3763
130.37 -19.659 3.37413 0.000266619 129.91 -19.532 3.3763
130.812 -19.2408 3.36876 5.68731e-19 129.91 -19.532 3.3763
129.797 -19.9013 3.36202 2.36442e-06 129.91 -19.532 3.3763
130.643 -19.2968 3.38225 2.83925e-08 129.91 -19.532 3.3763
129.553 -19.6401 3.3613 4.19193e-06 129.91 -19.532 3.3763
130.413 -19.9308 3.37341 2.48307e-06 129.91 -19.532 3.3763
130.088 -19.9203 3.35285 1.7552e-16 129.91 -19.532 3.3763
129.785 -19.2597 3.37777 0.00159143 129.91 -19.532 3.3763
130.288 -19.2896 3.37358 2.41966e-05 129.91 -19.532 3.3763
130.258 -19.8522 3.37436 0.0016862 129.91 -19.532 3.3763
130.428 -19.2689 3.38101 1.57512e-05 129.91 -19.532 3.3763
130.146 -19.5803 3.38548 0.093757 129.91 -19.532 3.3763
130.246 -19.8897 3.35125 8.3634e-21 129.91 -19.532 3.3763
129.688 -20.0092 3.37577 0.000973119 129.91 -19.532 3.3763
130.16 -19.4901 3.38944 0.00399499 129.91 -19.532 3.3763
130.504 -19.0788 3.35283 9.55723e-29 129.91 -19.532 3.3763
130.582 -19.9133 3.3602 7.87596e-19 129.91 -19.532 3.3763
129.999 -20.1123 3.36652 5.57288e-07 129.91 -19.532 3.3763
130.496 -19.9582 3.37391 1.0897e-07 129.91 -19.532 3.3763
130.015 -19.3687 3.36269 2.71252e-07 129.91 -19.532 3.3763
129.742 -19.7146 3.38369 0.0093332 129.91 -19.532 3.3763
129.919 -19.9132 3.362 6.14043e-07 129.91 -19.532 3.3763
130.218 -19.5967 3.37202 0.00254487 129.91 -19.532 3.3763
129.977 -19.7499 3.38904 0.00374492 129.91 -19.532 3.3763
130.024 -19.3928 3.37047 0.00249492 129.91 -19.532 3.3763
130.702 -19.6031 3.38013 4.34062e-08 129.91 -19.532 3.3763
130.094 -19.5756 3.35675 1.01741e-11 129.91 -19.532 3.3763
129.598 -19.2435 3.38778 1.75735e-08 129.91 -19.532 3.3763
130.104 -20.1088 3.39256 2.94384e-07 129.91 -19.532 3.3763
130.158 -20.1107 3.37335 2.14301e-05 129.91 -19.532 3.3763
129.644 -19.5687 3.37615 0.0265417 129.91 -19.532 3.3763
129.876 -19.1578 3.38128 9.63234e-05 129.91 -19.532 3.3763
130.225 -19.3447 3.38123 0.00615379 129.91 -19.532 3.3763
130.606 -19.8983 3.35932 3.02844e-20 129.91 -19.532 3.3763
