-6.91983 0.677958 0.437899 4.27896e-05
-7.30801 1.04761 0.445481 1.34333e-12
-7.30307 0.689349 0.415806 7.84903e-12
-7.24956 0.504431 0.420118 1.75404e-07
-7.21087 1.03791 0.423888 4.37796e-11
-7.23687 0.695551 0.439973 0.00321582
-6.99103 0.0890091 0.440563 8.02382e-05
-6.83384 0.775744 0.438165 6.0523e-08
-6.97671 0.832928 0.448942 6.03354e-12
-7.24651 0.609294 0.445258 0.0017229
-6.94728 1.0587 0.435246 1.09016e-11
-8.05216 0.167909 0.436357 4.64464e-17
-6.97632 0.227088 0.430768 0.000530264
-7.11745 0.207402 0.43575 0.0202749
-6.7974 0.737059 0.418455 8.80521e-10
-7.15792 0.173279 0.451305 2.01857e-05
-7.1712 0.499828 0.441282 0.0784391
-7.46281 0.812627 0.450401 4.32802e-09
-7.11438 0.564555 0.438548 0.0396284
-7.58625 0.671109 0.441975 4.22858e-05
-7.2806 0.77225 0.42024 6.00897e-09
-7.19375 0.669877 0.432263 0.00783227
-7.41289 0.611234 0.444507 0.00250521
-7.34439 0.204632 0.441111 0.0605615
-7.15878 0.370363 0.444066 0.0372696
-6.80587 -0.18179 0.448729 3.44374e-15
-6.89245 0.695098 0.441753 5.91982e-07
-6.71794 0.705311 0.437087 5.8807e-09
-7.13264 -0.0608133 0.445542 2.18964e-06
-7.43519 0.344128 0.425989 2.88829e-06
-7.47739 0.392423 0.450898 0.000526463
-7.57512 1.14055 0.455525 9.81324e-23
-6.84378 0.277779 0.441688 8.62391e-06
-7.45214 0.449804 0.442276 0.0534874
-7.06787 0.780477 0.440526 1.51896e-05
-7.1387 0.3609 0.436267 0.207242
-7.02608 0.302876 0.43564 0.0232705
-7.23437 0.659525 0.429252 0.00192949
-7.52383 0.931271 0.447954 4.30636e-11
-7.75857 0.707135 0.433712 8.88946e-10
-7.26465 0.278782 0.421693 8.75104e-08
-6.74974 0.726251 0.439582 2.21566e-09
-7.40066 0.197834 0.456606 9.81956e-07
-7.48206 0.508735 0.42419 1.27294e-07
-6.35617 0.351441 0.454386 2.57592e-30
-7.38669 0.608947 0.418436 1.78907e-10
-7.50908 0.681909 0.438365 0.000307424
-6.9419 0.268003 0.427041 5.4039e-05
-8.05675 0.636785 0.429651 1.64789e-20
-7.69266 0.397243 0.446845 5.81207e-05
-7.53112 0.3876 0.44157 0.0157157
-6.74182 0.220867 0.437861 2.20018e-07
-7.10725 0.377131 0.425792 0.000520067
-7.52879 0.320175 0.438065 0.00659824
-7.40799 0.965971 0.430619 5.36435e-09
-6.95338 0.710733 0.455866 1.43589e-15
-6.30574 0.16185 0.435675 5.50248e-21
-7.17628 0.476376 0.432252 0.0961087
-7.41963 0.885357 0.448309 1.37673e-09
-6.46805 0.449216 0.433507 3.611e-13
-7.5096 0.406141 0.436859 0.00990211
-7.12343 0.233307 0.433728 0.0188059
-7.49582 -0.0135224 0.446925 1.9983e-05
-7.80605 0.922486 0.434069 1.90672e-14
-7.01001 0.0936963 0.427494 1.31175e-06
-6.92342 0.451899 0.452506 5.44882e-10
-7.17848 1.04791 0.433208 1.13981e-09
-7.32141 0.181684 0.433823 0.00433764
-7.35402 0.376318 0.440152 0.280254
-6.97901 0.826212 0.445978 7.0206e-10
-7.72268 0.618018 0.439738 9.98605e-07
-7.52309 0.115573 0.437273 0.000116367
-7.60174 0.0772378 0.431231 6.82514e-09
-7.26131 0.401331 0.42353 1.27156e-05
-7.11133 1.20061 0.430992 3.00307e-14
-7.46013 -0.0480445 0.446065 1.0748e-05
-7.10979 0.297071 0.452567 2.46475e-06
-7.65417 0.40259 0.444442 0.000360993
-7.52713 0.593173 0.434935 0.000532093
-6.58808 0.0527767 0.43407 8.04792e-13
-6.96852 -0.24181 0.43684 6.39699e-12
-7.89173 0.634049 0.438616 4.62654e-11
-6.83022 0.550644 0.42901 5.78253e-05
-6.91734 0.528603 0.449762 8.34241e-09
-7.19812 -0.0285178 0.441246 5.74516e-05
-7.5088 0.336239 0.440409 0.0224174
-6.81337 -0.386492 0.463305 4.23097e-30
-6.71437 0.538906 0.431055 9.41156e-07
-7.286 0.0788488 0.437572 0.00195023
-7.60594 0.270013 0.441004 0.000998196
-7.23777 0.0167151 0.446132 0.00013738
-7.3748 -0.0032295 0.431504 3.87721e-07
-6.7205 1.33276 0.435012 1.29757e-24
-7.43912 0.661423 0.446211 0.000153293
-6.70966 0.218337 0.440653 8.72689e-09
-7.33395 0.455337 0.428457 0.00167773
-7.53337 0.417129 0.422328 4.59827e-10
-7.40286 0.891652 0.433627 6.69282e-07
-7.85224 0.460247 0.438463 6.52576e-09
-7.51218 0.698976 0.438843 0.000176084
