60.0888 14.607 0.107364 0.000801181
59.9924 14.5844 0.0978202 6.22855e-05
59.9935 14.2463 0.104506 0.0116997
59.819 14.8358 0.102708 1.13085e-09
59.6999 14.7856 0.117642 3.52336e-12
60.4789 14.9236 0.0865697 3.90738e-11
59.5952 14.8813 0.0945205 7.80846e-18
59.9658 14.6246 0.111218 1.4369e-05
60.3044 14.6591 0.0918477 6.43904e-05
60.0564 15.0915 0.109911 2.28914e-12
60.0244 14.2924 0.114596 8.70283e-05
60.1707 14.287 0.117307 8.03507e-06
60.1453 14.7169 0.110096 2.50391e-05
59.9534 14.089 0.0949274 9.27632e-05
60.1493 14.7769 0.0955251 1.91355e-06
59.9945 14.8685 0.103728 6.23548e-08
60.1117 15.2777 0.1087 2.64481e-15
59.9177 14.1465 0.112259 5.35004e-05
60.0228 14.81 0.114457 1.98796e-08
59.6556 14.579 0.108815 8.88075e-09
59.8426 14.9634 0.101764 7.37163e-12
59.9799 14.9929 0.0972308 9.13145e-12
59.8195 14.494 0.105922 1.80342e-05
60.1962 14.6472 0.117447 1.70261e-07
59.7109 14.4745 0.107392 4.89502e-07
60.0433 14.7071 0.114199 6.96645e-07
59.5639 14.614 0.101144 6.64823e-12
60.6355 14.4748 0.11013 3.67725e-05
60.5722 15.3587 0.0921648 2.18792e-16
59.7605 14.4599 0.100356 8.51064e-07
60.0476 15.0845 0.111795 1.21243e-12
59.9171 14.456 0.0893399 2.14997e-08
60.4646 14.8634 0.0911027 5.98511e-08
59.902 14.3421 0.100944 0.000574866
60.2397 15.1026 0.113287 4.32846e-13
59.9781 14.4237 0.0998228 0.00173999
59.6527 14.8873 0.103266 2.18078e-13
59.2808 14.7705 0.112194 1.92096e-19
60.2708 13.9948 0.101747 0.075411
60.2822 14.5553 0.126829 3.36778e-14
60.0715 14.6484 0.105595 0.000361872
59.8159 14.6845 0.0982091 1.58601e-08
60.4198 14.3534 0.111462 0.00149242
59.8981 14.3409 0.101624 0.00062132
60.302 14.6897 0.110018 7.49561e-05
59.8524 14.6319 0.0965567 8.16229e-08
60.6212 14.3533 0.0890182 0.00677941
59.9262 14.5471 0.103312 0.000150853
59.8862 15.2137 0.113695 1.87061e-17
59.6693 14.4073 0.103492 1.15613e-07
60.0471 14.9854 0.117754 1.08153e-12
59.6954 14.7431 0.100118 5.69922e-11
60.4653 14.5826 0.115921 2.5576e-07
60.5088 14.3892 0.0932587 0.100146
59.6046 14.8199 0.109533 1.24169e-12
59.7873 14.6473 0.0897039 1.42263e-12
59.726 14.3425 0.11228 6.12704e-07
59.8634 14.0925 0.106875 0.000103802
60.1933 14.1552 0.11528 4.76851e-05
59.5857 14.6659 0.0850398 2.53058e-21
60.7045 14.8472 0.10643 1.27746e-08
60.2185 14.5366 0.0813092 3.56161e-10
60.1314 14.5014 0.105923 0.0150472
60.2096 15.0264 0.112552 3.91659e-11
59.3633 13.6541 0.104117 7.17218e-20
59.3924 14.1142 0.0974017 5.041e-16
60.1041 15.1619 0.0963897 8.48805e-15
60.1327 14.5553 0.104942 0.00751363
59.723 14.9294 0.10311 6.97019e-13
59.932 14.715 0.10102 1.49848e-06
59.9138 14.4023 0.0916353 6.78409e-07
60.2725 14.1708 0.103137 0.44605
59.6973 14.6327 0.104888 1.19087e-08
60.1537 14.062 0.108434 0.00706609
59.5513 14.0817 0.0909577 6.16112e-15
59.8167 14.8727 0.109273 4.20462e-10
60.4184 13.7999 0.113257 5.42565e-08
59.7682 14.5582 0.108283 9.36827e-07
60.3517 14.3858 0.104062 0.305451
59.7237 14.5748 0.0891248 1.71374e-13
60.2228 14.8337 0.114293 2.72868e-08
59.7565 15.205 0.117097 1.54802e-19
60.1756 14.402 0.09412 0.010435
60.1368 14.6578 0.117554 1.21754e-07
60.4887 15.2335 0.122719 4.50562e-21
60.1848 14.3951 0.111155 0.00446224
59.7641 14.9564 0.1186 1.66135e-14
59.9649 14.7644 0.11207 2.07114e-07
60.1808 14.6894 0.114096 2.72347e-06
59.7743 14.3883 0.110514 5.21825e-06
59.8687 14.5955 0.102545 8.59607e-06
60.3746 15.1875 0.108239 8.95201e-13
60.0255 14.4267 0.0930878 9.18501e-05
60.0578 15.1156 0.116255 9.08846e-15
59.661 15.0953 0.13204 9.41675e-27
60.4243 14.1576 0.110165 0.00328138
60.8153 15.0585 0.0985267 3.00893e-11
59.3381 14.4095 0.10217 5.15866e-16
60.0006 14.6196 0.100424 0.00010853
60.6876 14.7127 0.122913 8.74415e-17
