207.203 -10.5541 3.04939 0.00161869 207.15 -10.85 3.0559
206.832 -11.0835 3.05144 1.3746e-05 207.15 -10.85 3.0559
208.279 -10.7579 3.06313 1.41938e-10 207.15 -10.85 3.0559
207.132 -10.4396 3.05176 2.61233e-05 207.15 -10.85 3.0559
207.678 -10.7742 3.05923 0.00283802 207.15 -10.85 3.0559
207.195 -10.3212 3.05944 2.77549e-08 207.15 -10.85 3.0559
206.726 -11.7676 3.04381 4.79961e-11 207.15 -10.85 3.0559
206.783 -10.4267 3.06651 8.67132e-19 207.15 -10.85 3.0559
207.246 -11.0526 3.05208 0.0395769 207.15 -10.85 3.0559
207.145 -10.7381 3.05507 0.00253515 207.15 -10.85 3.0559
207.239 -10.4553 3.04749 8.25149e-05 207.15 -10.85 3.0559
206.704 -11.1946 3.05738 1.25071e-11 207.15 -10.85 3.0559
206.869 -11.2976 3.02874 0.00350583 207.15 -10.85 3.0559
207.322 -10.8189 3.06833 2.13569e-08 207.15 -10.85 3.0559
207.098 -10.8624 3.08638 1.12427e-34 207.15 -10.85 3.0559
207.73 -10.7935 3.06023 0.00122493 207.15 -10.85 3.0559
207.672 -10.7217 3.06097 0.00121448 207.15 -10.85 3.0559
207.23 -10.7654 3.05144 0.0517424 207.15 -10.85 3.0559
207.694 -11.1412 3.06962 8.7902e-09 207.15 -10.85 3.0559
207.591 -11.3314 3.07887 2.95994e-20 207.15 -10.85 3.0559
206.871 -11.0678 3.04606 0.00242615 207.15 -10.85 3.0559
207.263 -11.0015 3.04635 0.125844 207.15 -10.85 3.0559
207.37 -11.0192 3.05151 0.0821127 207.15 -10.85 3.0559
207.216 -10.2564 3.05794 1.0908e-08 207.15 -10.85 3.0559
207.521 -10.1813 3.04089 3.13972e-14 207.15 -10.85 3.0559
207.157 -10.5029 3.06129 3.01703e-07 207.15 -10.85 3.0559
207.924 -11.4619 3.06603 1.6406e-12 207.15 -10.85 3.0559
207.326 -10.7757 3.04248 0.00463138 207.15 -10.85 3.0559
207.37 -11.3129 3.05399 0.000243001 207.15 -10.85 3.0559
207.505 -10.8865 3.05452 0.0463224 207.15 -10.85 3.0559
207.655 -10.5884 3.05532 0.000551141 207.15 -10.85 3.0559
206.813 -11.0184 3.05749 1.39257e-08 207.15 -10.85 3.0559
207.296 -10.8132 3.04436 0.0316149 207.15 -10.85 3.0559
207.215 -10.527 3.05353 0.000470115 207.15 -10.85 3.0559
207.009 -10.4461 3.06192 2.98351e-10 207.15 -10.85 3.0559
207.524 -11.2121 3.0785 1.33198e-18 207.15 -10.85 3.0559
206.893 -11.1168 3.06794 1.86209e-15 207.15 -10.85 3.0559
207.736 -10.418 3.05429 1.22074e-06 207.15 -10.85 3.0559
207.279 -10.5075 3.04291 3.12496e-05 207.15 -10.85 3.0559
207.298 -10.6614 3.04305 0.00145734 207.15 -10.85 3.0559
207.299 -10.5793 3.03644 2.17602e-07 207.15 -10.85 3.0559
206.707 -11.5058 3.05994 1.24491e-17 207.15 -10.85 3.0559
206.94 -11.1956 3.04548 0.00492207 207.15 -10.85 3.0559
206.9 -10.5392 3.0479 1.86915e-05 207.15 -10.85 3.0559
207.311 -11.1886 3.05385 0.00301583 207.15 -10.85 3.0559
207.367 -10.8339 3.05515 0.0461258 207.15 -10.85 3.0559
207.481 -10.5041 3.04672 2.97059e-05 207.15 -10.85 3.0559
206.474 -11.0302 3.0561 1.3547e-14 207.15 -10.85 3.0559
206.627 -10.6952 3.05746 3.98021e-13 207.15 -10.85 3.0559
207.047 -11.135 3.04843 0.0104211 207.15 -10.85 3.0559
207.424 -11.2346 3.05229 0.00218672 207.15 -10.85 3.0559
206.703 -9.90426 3.04435 8.00706e-21 207.15 -10.85 3.0559
207.305 -10.2886 3.04845 2.11407e-07 207.15 -10.85 3.0559
207.102 -11.2185 3.04895 0.00566575 207.15 -10.85 3.0559
206.917 -10.5701 3.03582 2.79292e-06 207.15 -10.85 3.0559
206.892 -10.5455 3.05712 1.64079e-08 207.15 -10.85 3.0559
207.37 -10.8984 3.07293 7.58843e-12 207.15 -10.85 3.0559
207.163 -11.3235 3.04797 0.00299186 207.15 -10.85 3.0559
207.073 -10.8323 3.04271 0.0355122 207.15 -10.85 3.0559
207.136 -10.9118 3.04614 0.123775 207.15 -10.85 3.0559
206.951 -11.1584 3.07232 7.19419e-19 207.15 -10.85 3.0559
207.569 -10.9412 3.03589 1.1692e-08 207.15 -10.85 3.0559
207.42 -10.8348 3.05152 0.0900946 207.15 -10.85 3.0559
207.432 -10.9237 3.05916 0.00549644 207.15 -10.85 3.0559
207.22 -10.8134 3.04837 0.107398 207.15 -10.85 3.0559
207.693 -10.4071 3.05441 2.29727e-06 207.15 -10.85 3.0559
207.062 -10.5362 3.0548 2.22452e-05 207.15 -10.85 3.0559
207.556 -11.0752 3.04901 0.00550975 207.15 -10.85 3.0559
207.903 -11.1209 3.0812 5.42189e-17 207.15 -10.85 3.0559
207.087 -10.4834 3.07957 8.12465e-25 207.15 -10.85 3.0559
207.924 -11.373 3.07069 4.73719e-13 207.15 -10.85 3.0559
206.945 -10.6766 3.04073 0.000839433 207.15 -10.85 3.0559
207.711 -10.8517 3.03047 7.45272e-17 207.15 -10.85 3.0559
207.026 -10.9496 3.04604 0.0515516 207.15 -10.85 3.0559
207.607 -11.389 3.05812 5.90114e-07 207.15 -10.85 3.0559
207.176 -9.90538 3.0441 8.64825e-18 207.15 -10.85 3.0559
207.104 -10.6076 3.04245 0.000801745 207.15 -10.85 3.0559
207.058 -10.5985 3.08163 6.18245e-28 207.15 -10.85 3.0559
207.25 -11.2027 3.05395 0.00137028 207.15 -10.85 3.0559
207.296 -10.4101 3.0731 3.7847e-14 207.15 -10.85 3.0559
206.555 -11.0967 3.04744 3.2639e-08 207.15 -10.85 3.0559
207.11 -10.476 3.05644 4.68111e-06 207.15 -10.85 3.0559
206.793 -10.2834 3.04957 7.23099e-11 207.15 -10.85 3.0559
207.388 -11.214 3.06661 3.125e-09 207.15 -10.85 3.0559
206.688 -10.7515 3.05808 6.39792e-12 207.15 -10.85 3.0559
207.059 -10.9716 3.04005 0.0269612 207.15 -10.85 3.0559
207.065 -10.724 3.06526 8.05184e-10 207.15 -10.85 3.0559
206.905 -11.1371 3.07304 2.86941e-20 207.15 -10.85 3.0559
207.234 -10.5835 3.04374 0.000644411 207.15 -10.85 3.0559
207.124 -11.1616 3.04667 0.0456486 207.15 -10.85 3.0559
206.534 -10.6632 3.04144 4.63559e-08 207.15 -10.85 3.0559
207.458 -10.8229 3.065 3.77545e-05 207.15 -10.85 3.0559
207.318 -10.3078 3.04461 4.79959e-08 207.15 -10.85 3.0559
207.235 -11.1655 3.04243 0.0122905 207.15 -10.85 3.0559
206.783 -10.67 3.0406 7.129e-05 207.15 -10.85 3.0559
206.92 -11.0288 3.0685 1.39936e-16 207.15 -10.85 3.0559
206.588 -11.055 3.0544 4.74155e-11 207.15 -10.85 3.0559
207.165 -10.6818 3.04706 0.0165009 207.15 -10.85 3.0559
206.811 -10.713 3.0659 1.02572e-15 207.15 -10.85 3.0559
207.761 -10.5848 3.07069 1.56286e-07 207.15 -10.85 3.0559
