49.7056 -63.8872 3.94536 0.000667587 49.345 -63.96 3.937
49.6004 -64.3726 3.94418 7.0842e-08 49.345 -63.96 3.937
49.515 -64.2907 3.92553 1.33621e-05 49.345 -63.96 3.937
49.6295 -63.8696 3.95074 5.17468e-05 49.345 -63.96 3.937
49.1002 -64.1906 3.94346 2.13871e-06 49.345 -63.96 3.937
49.3657 -63.6223 3.92454 6.34054e-08 49.345 -63.96 3.937
49.6085 -63.7183 3.94277 0.00314438 49.345 -63.96 3.937
48.941 -63.7335 3.94548 1.20658e-08 49.345 -63.96 3.937
49.805 -63.8142 3.94543 2.67431e-05 49.345 -63.96 3.937
49.4357 -63.9891 3.93038 0.0427523 49.345 -63.96 3.937
49.0404 -63.8571 3.93667 0.000618873 49.345 -63.96 3.937
49.1963 -63.4787 3.95863 7.40506e-14 49.345 -63.96 3.937
49.7491 -63.9192 3.94715 6.67456e-05 49.345 -63.96 3.937
49.2673 -64.0248 3.9385 0.0840303 49.345 -63.96 3.937
49.5212 -64.5298 3.9318 1.69678e-08 49.345 -63.96 3.937
49.4875 -63.7875 3.95137 6.57204e-05 49.345 -63.96 3.937
49.5843 -63.8546 3.9367 0.0270803 49.345 -63.96 3.937
49.3098 -64.2105 3.93162 0.0122887 49.345 -63.96 3.937
50.0367 -63.773 3.94008 1.98298e-10 49.345 -63.96 3.937
49.1426 -64.2823 3.93737 5.54651e-05 49.345 -63.96 3.937
49.4209 -63.9295 3.95018 0.000126618 49.345 -63.96 3.937
49.4228 -63.8088 3.92642 0.000185525 49.345 -63.96 3.937
49.2238 -64.1644 3.95579 1.08163e-12 49.345 -63.96 3.937
49.2321 -64.0191 3.93208 0.0770797 49.345 -63.96 3.937
49.3922 -64.6244 3.92364 4.47276e-11 49.345 -63.96 3.937
49.1578 -63.9608 3.94231 0.00208007 49.345 -63.96 3.937
49.495 -63.9931 3.93739 0.163426 49.345 -63.96 3.937
49.5406 -63.8029 3.94204 0.032442 49.345 -63.96 3.937
49.5676 -64.562 3.9379 2.80556e-10 49.345 -63.96 3.937
49.7489 -63.3442 3.94485 1.55311e-10 49.345 -63.96 3.937
48.9197 -64.0618 3.94783 6.87619e-11 49.345 -63.96 3.937
49.929 -63.9422 3.94394 2.30544e-07 49.345 -63.96 3.937
49.4005 -64.2628 3.94085 0.00038141 49.345 -63.96 3.937
49.2704 -64.1154 3.92986 0.0286092 49.345 -63.96 3.937
49.4366 -64.0485 3.93724 0.172378 49.345 -63.96 3.937
49.3306 -64.3145 3.93416 0.000763893 49.345 -63.96 3.937
49.4085 -63.9878 3.92928 0.0277694 49.345 -63.96 3.937
49.3393 -63.9888 3.93981 0.143226 49.345 -63.96 3.937
49.8214 -64.051 3.93026 3.76636e-07 49.345 -63.96 3.937
49.6892 -63.9287 3.93114 0.000168264 49.345 -63.96 3.937
49.8453 -64.0965 3.93766 3.10162e-06 49.345 -63.96 3.937
49.3056 -63.4064 3.94137 2.22383e-07 49.345 -63.96 3.937
49.6243 -64.1443 3.92052 1.24929e-08 49.345 -63.96 3.937
49.4124 -64.2845 3.94149 0.000113322 49.345 -63.96 3.937
49.8458 -63.9012 3.93274 6.14047e-07 49.345 -63.96 3.937
49.1676 -64.2765 3.95191 3.27055e-12 49.345 -63.96 3.937
49.2268 -64.1997 3.93379 0.00864124 49.345 -63.96 3.937
49.3442 -64.2245 3.91711 3.94614e-08 49.345 -63.96 3.937
49.8966 -63.5617 3.9241 1.62169e-17 49.345 -63.96 3.937
49.5973 -63.9359 3.94208 0.0224525 49.345 -63.96 3.937
49.7125 -64.3817 3.93152 7.55258e-08 49.345 -63.96 3.937
49.03 -63.6468 3.94803 1.44295e-08 49.345 -63.96 3.937
49.6955 -63.892 3.92713 1.80938e-06 49.345 -63.96 3.937
49.8422 -63.7568 3.95706 3.46998e-10 49.345 -63.96 3.937
49.2607 -64.1557 3.95121 1.93053e-08 49.345 -63.96 3.937
48.7078 -64.3332 3.93401 2.34862e-13 49.345 -63.96 3.937
50.0693 -63.1844 3.95899 2.6756e-22 49.345 -63.96 3.937
49.3573 -64.0239 3.92518 0.00163481 49.345 -63.96 3.937
49.8242 -64.2872 3.94145 3.05843e-08 49.345 -63.96 3.937
48.9572 -64.5634 3.9381 7.6315e-14 49.345 -63.96 3.937
49.5056 -63.7461 3.93468 0.00902205 49.345 -63.96 3.937
49.4549 -63.8599 3.93161 0.0262498 49.345 -63.96 3.937
49.5904 -63.6987 3.9513 2.35653e-05 49.345 -63.96 3.937
49.3882 -63.4961 3.93543 5.83411e-06 49.345 -63.96 3.937
49.4587 -63.6734 3.93244 0.000634961 49.345 -63.96 3.937
49.8249 -64.6263 3.95111 4.28585e-21 49.345 -63.96 3.937
49.8921 -64.1969 3.93996 4.17254e-08 49.345 -63.96 3.937
49.3013 -64.6103 3.94659 1.48369e-15 49.345 -63.96 3.937
49.5618 -64.2301 3.93501 0.00145244 49.345 -63.96 3.937
49.5938 -64.3446 3.93129 1.11849e-05 49.345 -63.96 3.937
49.217 -63.9472 3.95237 1.26735e-07 49.345 -63.96 3.937
49.8981 -63.9531 3.93321 7.75171e-08 49.345 -63.96 3.937
49.6687 -64.2725 3.95822 4.35928e-15 49.345 -63.96 3.937
48.9451 -64.1494 3.93707 2.68588e-06 49.345 -63.96 3.937
49.002 -63.8473 3.93705 0.000128226 49.345 -63.96 3.937
49.6773 -63.718 3.94382 0.000608584 49.345 -63.96 3.937
49.5922 -63.9253 3.94458 0.00866747 49.345 -63.96 3.937
49.523 -63.718 3.91937 3.82187e-11 49.345 -63.96 3.937
49.6856 -64.2795 3.9461 1.55277e-07 49.345 -63.96 3.937
48.7864 -64.548 3.92401 2.94936e-14 49.345 -63.96 3.937
49.0972 -64.0581 3.94647 1.58842e-06 49.345 -63.96 3.937
49.7077 -64.5173 3.94053 3.67931e-11 49.345 -63.96 3.937
49.2653 -64.0157 3.96005 4.55844e-14 49.345 -63.96 3.937
49.0822 -63.6279 3.92586 6.12115e-08 49.345 -63.96 3.937
49.2377 -64.2191 3.94413 1.75288e-05 49.345 -63.96 3.937
49.5293 -64.1737 3.95566 1.18601e-10 49.345 -63.96 3.937
49.3125 -63.8782 3.94455 0.0118588 49.345 -63.96 3.937
49.2068 -63.9346 3.93682 0.0690029 49.345 -63.96 3.937
49.1792 -63.7903 3.93059 0.00249334 49.345 -63.96 3.937
49.5134 -64.7076 3.92103 5.01482e-15 49.345 -63.96 3.937
49.7126 -63.7658 3.93613 0.000197682 49.345 -63.96 3.937
49.0867 -64.2411 3.9516 1.34729e-12 49.345 -63.96 3.937
49.7093 -63.8404 3.91911 1.13469e-12 49.345 -63.96 3.937
49.4719 -63.9295 3.94559 0.0120616 49.345 -63.96 3.937
49.2261 -63.7462 3.93293 0.00521006 49.345 -63.96 3.937
49.5315 -64.3105 3.95815 1.25481e-15 49.345 -63.96 3.937
48.9398 -64.2311 3.94881 2.74322e-13 49.345 -63.96 3.937
49.6156 -63.8851 3.9237 3.36489e-07 49.345 -63.96 3.937
49.2933 -64.4333 3.94787 2.26752e-11 49.345 -63.96 3.937
48.9857 -63.9716 3.95402 3.44639e-13 49.345 -63.96 3.937
