-11.7219 -1.10112 0.497609 0.00024693 -11.971 -0.93259 0.49117
-11.4863 -0.150965 0.496691 6.00507e-31 -11.971 -0.93259 0.49117
-11.6135 -1.1187 0.497054 1.86241e-05 -11.971 -0.93259 0.49117
-11.9895 -1.37835 0.48712 0.128072 -11.971 -0.93259 0.49117
-11.0353 -1.16673 0.510409 3.99255e-33 -11.971 -0.93259 0.49117
-11.8827 -0.748547 0.494595 2.23125e-06 -11.971 -0.93259 0.49117
-11.9342 -1.22754 0.506367 5.12211e-06 -11.971 -0.93259 0.49117
-12.0566 -1.30178 0.512885 5.07924e-09 -11.971 -0.93259 0.49117
-12.3949 -1.25931 0.478176 3.09934e-09 -11.971 -0.93259 0.49117
-12.1488 -0.816922 0.503177 1.68873e-08 -11.971 -0.93259 0.49117
-12.0462 -0.943246 0.504445 4.83772e-07 -11.971 -0.93259 0.49117
-11.8582 -0.543345 0.504184 7.09962e-17 -11.971 -0.93259 0.49117
-11.7574 -1.40528 0.509726 4.91759e-10 -11.971 -0.93259 0.49117
-12.3478 -0.592806 0.499981 1.27813e-13 -11.971 -0.93259 0.49117
-12.2724 -1.25786 0.498349 0.00246968 -11.971 -0.93259 0.49117
-11.4564 -0.307898 0.475988 3.12006e-16 -11.971 -0.93259 0.49117
-12.0874 -0.812208 0.474711 2.07041e-06 -11.971 -0.93259 0.49117
-12.394 -1.27569 0.49684 0.000121596 -11.971 -0.93259 0.49117
-11.7388 -0.82006 0.497942 1.19947e-07 -11.971 -0.93259 0.49117
-12.0723 -1.24229 0.4693 4.18508e-08 -11.971 -0.93259 0.49117
-11.9532 -0.892719 0.493435 0.0016427 -11.971 -0.93259 0.49117
-12.0561 -1.05094 0.508004 1.14151e-07 -11.971 -0.93259 0.49117
-11.6578 -0.936155 0.478259 0.0124632 -11.971 -0.93259 0.49117
-11.7972 -1.39627 0.509071 5.71757e-09 -11.971 -0.93259 0.49117
-11.82 -1.21471 0.478666 0.100046 -11.971 -0.93259 0.49117
-12.5079 -1.96887 0.497341 4.24527e-16 -11.971 -0.93259 0.49117
-11.8833 -0.81347 0.488823 0.00100568 -11.971 -0.93259 0.49117
-11.9283 -0.645125 0.480193 2.89062e-06 -11.971 -0.93259 0.49117
-11.6284 -1.15453 0.491282 0.00545354 -11.971 -0.93259 0.49117
-11.7227 -0.936877 0.485031 0.0270292 -11.971 -0.93259 0.49117
-11.7007 -1.07852 0.49883 2.54938e-05 -11.971 -0.93259 0.49117
-12.2383 -0.981947 0.485012 0.000372105 -11.971 -0.93259 0.49117
-11.6667 -0.664363 0.477271 5.11359e-06 -11.971 -0.93259 0.49117
-11.8013 -1.76047 0.498048 8.96281e-08 -11.971 -0.93259 0.49117
-12.3053 -0.896004 0.514025 5.14287e-14 -11.971 -0.93259 0.49117
-12.2673 -1.16762 0.49885 0.0013629 -11.971 -0.93259 0.49117
-12.3452 -1.31085 0.491488 0.00035655 -11.971 -0.93259 0.49117
-11.8544 -0.461476 0.499606 2.56339e-16 -11.971 -0.93259 0.49117
-12.4163 -0.868435 0.500022 1.35532e-08 -11.971 -0.93259 0.49117
-12.2901 -0.918465 0.481497 2.62352e-06 -11.971 -0.93259 0.49117
-12.2973 -1.3961 0.491583 0.000660718 -11.971 -0.93259 0.49117
-11.6933 -0.78862 0.502225 2.11618e-11 -11.971 -0.93259 0.49117
-11.3374 -0.352135 0.473714 2.84911e-16 -11.971 -0.93259 0.49117
-11.9996 -0.699397 0.49476 3.24832e-07 -11.971 -0.93259 0.49117
-11.8992 -1.41423 0.501042 0.000795856 -11.971 -0.93259 0.49117
-11.6495 -0.70604 0.491918 5.17362e-08 -11.971 -0.93259 0.49117
-12.3652 -1.16979 0.515744 1.41674e-11 -11.971 -0.93259 0.49117
-12.2802 -0.752677 0.499221 6.65592e-09 -11.971 -0.93259 0.49117
-12.0526 -1.18263 0.502558 0.000785991 -11.971 -0.93259 0.49117
-11.1899 -0.935996 0.482041 6.98766e-10 -11.971 -0.93259 0.49117
-12.2563 -1.04667 0.495757 0.00103198 -11.971 -0.93259 0.49117
-11.8451 -1.04259 0.498135 0.000761675 -11.971 -0.93259 0.49117
-12.3014 -0.732212 0.481094 6.26105e-09 -11.971 -0.93259 0.49117
-11.9605 -0.931165 0.485545 0.0428466 -11.971 -0.93259 0.49117
-11.1298 -0.722507 0.47925 2.93462e-13 -11.971 -0.93259 0.49117
-12.4445 -0.191568 0.496685 1.72238e-27 -11.971 -0.93259 0.49117
-12.1546 -0.772177 0.505018 2.24905e-10 -11.971 -0.93259 0.49117
-12.0717 -1.07813 0.501165 0.000595451 -11.971 -0.93259 0.49117
-11.6989 -1.6846 0.514632 1.3937e-16 -11.971 -0.93259 0.49117
-12.2811 -0.5592 0.483076 1.41553e-11 -11.971 -0.93259 0.49117
-11.5283 -0.968718 0.489732 5.16925e-05 -11.971 -0.93259 0.49117
-11.5476 -0.284427 0.494683 5.27468e-23 -11.971 -0.93259 0.49117
-11.3709 -1.09191 0.498682 1.56276e-11 -11.971 -0.93259 0.49117
-12.1779 -0.991506 0.50364 4.81374e-06 -11.971 -0.93259 0.49117
-11.9134 -0.870435 0.488179 0.00786589 -11.971 -0.93259 0.49117
-12.0496 -1.18252 0.475885 0.000565609 -11.971 -0.93259 0.49117
-12.0617 -1.35964 0.496107 0.0576529 -11.971 -0.93259 0.49117
-12.0482 -0.896822 0.503055 5.14236e-07 -11.971 -0.93259 0.49117
-11.4096 -0.875236 0.494157 3.06771e-10 -11.971 -0.93259 0.49117
-11.8866 -1.02366 0.494806 0.0130493 -11.971 -0.93259 0.49117
-12.0986 -0.70465 0.502648 1.55729e-10 -11.971 -0.93259 0.49117
-12.1994 -0.922834 0.490392 0.000724108 -11.971 -0.93259 0.49117
-11.4641 -1.0759 0.485161 0.000364578 -11.971 -0.93259 0.49117
-11.8207 -0.965855 0.474008 0.00357473 -11.971 -0.93259 0.49117
-12.2963 -0.937298 0.509652 2.28548e-10 -11.971 -0.93259 0.49117
-11.751 -1.47159 0.490343 0.00814199 -11.971 -0.93259 0.49117
-11.5481 -0.442377 0.494826 1.05014e-17 -11.971 -0.93259 0.49117
-12.206 -1.584 0.500271 6.88805e-05 -11.971 -0.93259 0.49117
-12.2945 -0.910381 0.505233 1.72982e-08 -11.971 -0.93259 0.49117
-12.6884 -0.833622 0.478439 5.97797e-19 -11.971 -0.93259 0.49117
-11.9829 -1.60776 0.497534 0.000273489 -11.971 -0.93259 0.49117
-11.3765 -1.17792 0.495755 2.87594e-09 -11.971 -0.93259 0.49117
-12.0542 -1.12214 0.493277 0.139046 -11.971 -0.93259 0.49117
-12.2298 -0.663247 0.508553 2.66856e-15 -11.971 -0.93259 0.49117
-12.1193 -1.44525 0.502937 0.000488152 -11.971 -0.93259 0.49117
-12.6255 -1.2266 0.485716 1.23894e-11 -11.971 -0.93259 0.49117
-11.4948 -0.604442 0.492996 4.28341e-13 -11.971 -0.93259 0.49117
-11.7593 -1.01162 0.48446 0.163138 -11.971 -0.93259 0.49117
-11.927 -1.20343 0.502549 0.000338114 -11.971 -0.93259 0.49117
-12.1888 -0.814713 0.520373 2.24121e-21 -11.971 -0.93259 0.49117
-12.4286 -1.07871 0.484192 2.76952e-07 -11.971 -0.93259 0.49117
-11.8858 -1.17207 0.469838 3.29965e-05 -11.971 -0.93259 0.49117
-12.4923 -0.465304 0.499949 2.21833e-19 -11.971 -0.93259 0.49117
-11.9407 -1.282 0.483816 0.275835 -11.971 -0.93259 0.49117
-12.4641 -0.851102 0.502654 2.61747e-10 -11.971 -0.93259 0.49117
-11.8728 -1.03506 0.498884 0.00048969 -11.971 -0.93259 0.49117
-11.7197 -0.919065 0.499767 2.67477e-07 -11.971 -0.93259 0.49117
-11.4254 -1.15429 0.497388 4.43916e-09 -11.971 -0.93259 0.49117
-12.192 -0.989284 0.479298 7.63221e-05 -11.971 -0.93259 0.49117
-11.6847 -0.735645 0.485403 3.18796e-05 -11.971 -0.93259 0.49117
