128.435 20.4499 0.0669393 3.31956e-05
128.631 20.5167 0.0609491 0.0114964
128.421 19.9042 0.0613533 4.54584e-09
129.219 20.7244 0.0452224 6.09168e-09
128.509 20.5841 0.0627374 0.00364135
128.599 19.7399 0.0615251 5.17895e-13
128.76 19.9801 0.0626309 5.71664e-09
128.366 20.8457 0.0670816 1.1592e-07
128.495 20.0968 0.0724184 3.9765e-11
128.85 20.5669 0.0655297 8.51082e-07
128.618 20.267 0.0788012 3.61029e-16
128.899 20.2129 0.0626676 2.74129e-07
128.38 20.504 0.0599094 0.0218697
128.274 20.9697 0.0574867 1.27498e-05
128.677 19.7007 0.0685352 5.36134e-17
128.169 21.0235 0.053837 5.24622e-07
128.724 20.071 0.0602207 1.8457e-06
128.813 20.3784 0.0706411 5.72346e-10
128.293 20.9251 0.0567363 0.000106262
127.89 19.8786 0.0701326 6.11312e-18
128.847 19.799 0.0700192 3.16573e-17
128.75 20.3232 0.0816936 1.07664e-20
128.678 20.0317 0.0747376 8.78881e-15
128.452 20.0627 0.0405571 9.25756e-11
128.244 20.7681 0.0479795 0.000563309
128.609 20.1746 0.0711965 8.18018e-10
128.179 20.2586 0.0611044 1.96746e-05
128.265 19.8614 0.0516903 2.12594e-11
127.712 19.7639 0.0664764 2.64224e-22
128.204 20.3597 0.077943 6.94891e-15
128.649 20.9813 0.0578572 4.50888e-05
128.38 20.1001 0.056154 3.6026e-05
128.371 20.4662 0.0561386 0.0727031
128.83 20.5698 0.0747664 3.96361e-14
128.736 20.122 0.0501457 1.91262e-05
128.267 20.3105 0.0748567 8.88639e-12
128.802 20.4254 0.0548527 0.0135212
127.978 20.1442 0.0665069 6.18095e-11
128.813 20.562 0.0513665 0.0358389
127.906 20.3882 0.0772124 4.63053e-16
128.662 20.6692 0.0439501 0.00784219
128.559 20.6467 0.0654352 7.8054e-05
128.28 20.0413 0.0525939 3.1938e-07
129.453 20.0375 0.0749584 1.04438e-31
128.554 20.4569 0.0758672 2.1542e-12
128.18 20.0955 0.0619836 1.72824e-07
128.599 20.5556 0.0551301 0.318945
128.44 19.7913 0.0597525 2.32656e-11
128.008 20.8866 0.0525043 9.25662e-08
129.231 21.0538 0.0671811 1.2792e-20
127.855 20.5027 0.0615876 1.91326e-09
128.213 20.1357 0.0663948 4.3256e-08
128.204 20.7336 0.0633862 1.28102e-05
128.473 20.3148 0.077033 1.8943e-13
128.648 20.3543 0.0697881 7.65927e-08
127.94 20.6748 0.0817084 3.93601e-19
128.203 20.5849 0.0846206 2.41634e-23
128.583 20.6184 0.0808594 6.89035e-19
128.594 20.7571 0.0853837 1.17335e-26
128.523 20.7608 0.0747071 5.69355e-13
128.03 20.5512 0.0636964 4.19946e-07
129.218 20.7147 0.0715651 1.31376e-19
127.773 20.5872 0.0627811 2.00715e-11
128.199 20.8519 0.0495773 8.71621e-05
128.373 20.1566 0.0460676 1.59588e-06
128.105 20.755 0.0651842 9.68863e-08
128.876 20.6026 0.0512791 0.00912847
128.566 20.349 0.0647844 0.000174602
129.112 20.2805 0.0586131 9.19007e-09
128.713 20.118 0.0774024 1.27057e-16
128.28 20.1464 0.0557608 3.41594e-05
128.785 20.607 0.0450819 0.00618643
129.097 20.7398 0.0570753 1.77008e-07
128.69 20.0257 0.0723512 5.2151e-13
129.034 20.4336 0.0502084 2.86031e-05
128.58 20.8504 0.066441 2.64378e-07
128.714 20.4683 0.052903 0.108828
128.196 20.4979 0.0509169 0.00129369
128.259 20.5377 0.0661777 1.46586e-05
128.994 20.3599 0.058427 5.22608e-06
128.442 20.291 0.0683641 1.29865e-06
128.303 20.0711 0.0698714 4.72932e-10
129.195 20.6735 0.0499013 6.5024e-08
128.318 20.5478 0.064507 0.000224144
128.606 20.1064 0.060874 1.75796e-05
128.754 20.5579 0.0611355 0.0015628
128.364 20.2451 0.0439068 2.39507e-06
128.986 20.9765 0.0732932 9.9192e-20
129.081 20.2292 0.0849605 1.79796e-31
128.69 20.5917 0.0746556 1.53564e-12
128.694 20.0519 0.0445715 2.58277e-08
128.529 20.438 0.0465762 0.0158754
128.754 19.8884 0.0774701 2.58197e-20
128.533 20.5844 0.0558605 0.294888
128.391 20.1615 0.0617046 5.0507e-05
128.768 20.1607 0.0428931 1.79661e-07
128.345 20.6063 0.0718632 3.9698e-09
127.995 20.364 0.073118 3.1714e-12
128.133 20.5323 0.0595967 0.000186984
128.377 20.699 0.0533504 0.074619
