-27.1934 -85.6418 2.49456 0.000222432
-27.0767 -86.0646 2.50749 0.000108085
-27.376 -85.7986 2.51817 0.000104191
-27.4777 -85.9137 2.49524 0.00830323
-28.1594 -86.1821 2.50261 2.32691e-07
-27.6786 -85.6862 2.49727 0.0894307
-27.3216 -85.3959 2.49361 0.000246726
-27.1253 -85.6498 2.52598 5.55673e-11
-27.2971 -85.6642 2.49843 0.00899443
-27.7202 -85.7813 2.49226 0.00871294
-27.1473 -85.3032 2.49443 1.24873e-06
-27.3535 -85.2938 2.49344 6.333e-05
-27.5123 -86.0096 2.51195 0.0191909
-28.1665 -85.86 2.50087 1.24172e-05
-27.5667 -86.0278 2.48495 1.18538e-07
-28.195 -86.3152 2.49484 1.12146e-10
-27.6314 -85.6087 2.49061 0.00663175
-27.5538 -86.0499 2.5179 0.000467674
-27.544 -85.6952 2.50153 0.154144
-27.0866 -85.9611 2.49209 1.66904e-07
-27.491 -85.6159 2.49864 0.0659494
-26.7296 -85.4037 2.51788 6.46076e-15
-27.2817 -86.1619 2.50959 0.00177438
-27.3225 -85.709 2.51023 0.00541577
-27.0833 -85.364 2.50731 3.30731e-07
-26.85 -85.8339 2.4855 6.04175e-14
-27.9701 -86.1215 2.501 0.000109409
-28.1872 -86.156 2.50427 1.51365e-07
-27.3813 -86.1562 2.50855 0.00580029
-28.2519 -85.3586 2.50766 4.32518e-11
-27.1766 -85.7725 2.49734 0.000562862
-27.5175 -85.6665 2.50432 0.089
-27.7053 -85.9304 2.49497 0.00879296
-27.7002 -86.6064 2.4984 8.76458e-11
-27.1201 -86.1256 2.52207 1.17996e-06
-27.7556 -85.5782 2.49977 0.0326143
-27.8207 -85.4919 2.50976 4.14187e-05
-27.5925 -85.7958 2.49373 0.0200499
-27.4786 -86.0658 2.52276 8.25868e-06
-27.0207 -86.2051 2.49799 2.00947e-08
-27.802 -85.8282 2.51031 0.00383209
-27.912 -86.0072 2.508 0.00108746
-27.436 -86.0353 2.50835 0.0353857
-27.676 -86.2169 2.49975 0.00040802
-27.7325 -86.0123 2.52004 1.0485e-05
-27.9321 -85.4851 2.50635 4.96594e-05
-28.0406 -86.4253 2.50636 1.68216e-08
-27.4413 -86.3269 2.48328 5.60787e-14
-27.735 -86.248 2.50751 0.000679488
-27.7138 -85.3029 2.49587 0.000655536
-27.0139 -85.825 2.49294 2.00018e-07
-27.7765 -86.5635 2.52316 3.8447e-10
-27.5928 -85.9391 2.50743 0.088257
-27.3831 -85.4967 2.49809 0.0068932
-27.4554 -86.0704 2.502 0.0154122
-27.1287 -85.5016 2.48077 1.1781e-10
-27.423 -85.7604 2.50419 0.100486
-27.85 -85.9468 2.50178 0.0125476
-27.6266 -86.426 2.5144 1.07709e-05
-27.336 -85.9029 2.49749 0.0060197
-27.8719 -85.8473 2.52986 8.92329e-14
-26.9993 -86.3368 2.51712 1.2701e-07
-26.7291 -86.2461 2.51105 7.7526e-11
-27.0367 -85.8047 2.50876 8.04389e-05
-27.698 -86.2882 2.51824 1.34358e-05
-27.4038 -85.7156 2.4864 2.3345e-05
-27.7196 -85.621 2.50755 0.00744723
-27.2316 -86.797 2.49471 7.81613e-19
-28.2252 -86.3656 2.51195 6.54567e-11
-27.6336 -85.5403 2.48733 0.000722821
-27.6684 -85.8164 2.50525 0.113381
-27.8111 -85.9787 2.52117 6.62032e-07
-27.9985 -86.1821 2.52335 3.62209e-10
-27.1901 -85.4849 2.49618 0.000125626
-27.6733 -86.2484 2.51474 0.000230185
-28.0076 -86.0573 2.50695 9.8031e-05
-27.9548 -85.4321 2.50614 1.08206e-05
-27.8645 -85.8866 2.51226 0.000465601
-27.1374 -85.8703 2.50516 0.00135636
-27.222 -86.5421 2.50937 4.83456e-08
-27.9337 -85.6733 2.50163 0.00419799
-27.8232 -86.4804 2.52286 1.3517e-09
-27.8924 -86.3103 2.51003 1.07553e-05
-27.9 -85.5208 2.5039 0.000691217
-27.7345 -86.3975 2.52244 5.61588e-08
-27.7756 -86.6245 2.50363 6.77939e-10
-27.5937 -86.1472 2.5132 0.00318994
-27.5254 -85.0814 2.49337 1.44204e-06
-27.3284 -86.0638 2.49672 0.000326882
-27.4927 -86.1867 2.5048 0.00472303
-27.4804 -85.4719 2.50753 0.00120838
-28.0183 -86.1938 2.51688 1.02407e-07
-27.9642 -85.5293 2.4981 0.00106923
-27.5796 -85.9887 2.5263 4.37579e-08
-27.9161 -85.6742 2.50588 0.00153232
-27.5049 -85.6501 2.49238 0.0101866
-27.6907 -85.6762 2.49087 0.00718453
-27.0802 -85.7254 2.5131 2.666e-05
-27.4562 -85.6737 2.48972 0.00111303
-27.7812 -85.9049 2.50138 0.0420927
