198.409 -9.99556 3.12522 7.56069e-07 198.71 -9.8337 3.1207
198.632 -9.81276 3.12698 0.00104296 198.71 -9.8337 3.1207
199.077 -9.48081 3.1222 0.00316775 198.71 -9.8337 3.1207
198.817 -9.11712 3.12442 4.2329e-08 198.71 -9.8337 3.1207
199.32 -9.72129 3.12083 0.000323352 198.71 -9.8337 3.1207
198.833 -9.56735 3.12352 0.0300815 198.71 -9.8337 3.1207
198.574 -9.53221 3.12699 4.07851e-05 198.71 -9.8337 3.1207
198.513 -10.1262 3.12147 5.73837e-05 198.71 -9.8337 3.1207
198.999 -9.59522 3.13237 0.0146854 198.71 -9.8337 3.1207
198.281 -9.42153 3.12233 2.25548e-09 198.71 -9.8337 3.1207
198.764 -9.26126 3.11034 3.47248e-09 198.71 -9.8337 3.1207
199.184 -9.83341 3.11471 0.000118507 198.71 -9.8337 3.1207
199.231 -9.66973 3.11351 1.69206e-06 198.71 -9.8337 3.1207
198.772 -10.0657 3.11986 0.0227309 198.71 -9.8337 3.1207
199.137 -9.97036 3.10908 8.00545e-07 198.71 -9.8337 3.1207
199.482 -9.60916 3.13145 0.000502866 198.71 -9.8337 3.1207
198.944 -9.57205 3.10851 1.12933e-06 198.71 -9.8337 3.1207
198.804 -9.43929 3.11416 6.20911e-05 198.71 -9.8337 3.1207
199.063 -9.42458 3.11833 8.08194e-05 198.71 -9.8337 3.1207
198.689 -9.69259 3.12694 0.00400972 198.71 -9.8337 3.1207
199.428 -9.73408 3.117 1.6697e-07 198.71 -9.8337 3.1207
198.427 -9.63561 3.13416 1.26126e-10 198.71 -9.8337 3.1207
199.24 -9.8163 3.08561 7.80483e-34 198.71 -9.8337 3.1207
198.335 -9.80055 3.10859 0.00012037 198.71 -9.8337 3.1207
199.186 -9.71587 3.12187 0.0145274 198.71 -9.8337 3.1207
199.387 -10.0463 3.13346 8.42965e-05 198.71 -9.8337 3.1207
198.473 -9.86701 3.12765 2.64054e-06 198.71 -9.8337 3.1207
198.638 -10.0329 3.1448 4.5274e-17 198.71 -9.8337 3.1207
199.228 -9.89812 3.1107 2.79289e-07 198.71 -9.8337 3.1207
199.162 -10.1836 3.12823 0.000165266 198.71 -9.8337 3.1207
198.709 -9.8078 3.12004 0.085633 198.71 -9.8337 3.1207
199.072 -9.48595 3.11597 4.41864e-05 198.71 -9.8337 3.1207
198.557 -9.35675 3.1119 4.89026e-07 198.71 -9.8337 3.1207
198.824 -9.85803 3.11073 0.00422249 198.71 -9.8337 3.1207
198.742 -9.73211 3.1205 0.0880869 198.71 -9.8337 3.1207
198.791 -10.1792 3.13266 3.05837e-07 198.71 -9.8337 3.1207
199.302 -9.32386 3.12768 3.47581e-05 198.71 -9.8337 3.1207
199.223 -9.34517 3.12018 1.70652e-06 198.71 -9.8337 3.1207
198.827 -10.4827 3.13495 7.43185e-14 198.71 -9.8337 3.1207
199.021 -9.82708 3.11762 0.033425 198.71 -9.8337 3.1207
198.981 -10.4578 3.11655 2.1013e-07 198.71 -9.8337 3.1207
199.11 -9.57506 3.11013 1.43802e-07 198.71 -9.8337 3.1207
198.77 -9.23164 3.11731 3.20227e-07 198.71 -9.8337 3.1207
199.784 -9.39708 3.12619 3.48234e-12 198.71 -9.8337 3.1207
199.109 -9.39165 3.1309 0.00193928 198.71 -9.8337 3.1207
198.942 -9.51829 3.11528 0.000402621 198.71 -9.8337 3.1207
199.177 -9.34787 3.12084 8.7383e-06 198.71 -9.8337 3.1207
199.163 -9.31989 3.12397 4.00649e-05 198.71 -9.8337 3.1207
199.008 -9.71547 3.12094 0.101752 198.71 -9.8337 3.1207
198.778 -9.14491 3.10968 5.53013e-12 198.71 -9.8337 3.1207
199.184 -10.1244 3.11659 6.47915e-05 198.71 -9.8337 3.1207
198.962 -9.70397 3.1171 0.0251791 198.71 -9.8337 3.1207
199.387 -10.1926 3.11985 2.82015e-07 198.71 -9.8337 3.1207
199.235 -9.48571 3.1263 0.00263928 198.71 -9.8337 3.1207
199.045 -9.57967 3.12505 0.0544749 198.71 -9.8337 3.1207
198.499 -10.3848 3.11733 3.76064e-07 198.71 -9.8337 3.1207
198.645 -10.2388 3.11115 0.000349345 198.71 -9.8337 3.1207
199.324 -10.0367 3.12053 6.86018e-05 198.71 -9.8337 3.1207
198.644 -9.89677 3.09716 9.52792e-09 198.71 -9.8337 3.1207
198.959 -10.0203 3.1101 0.000245618 198.71 -9.8337 3.1207
199.188 -9.98014 3.10451 1.10158e-10 198.71 -9.8337 3.1207
198.416 -10.4315 3.09696 1.07673e-09 198.71 -9.8337 3.1207
198.861 -9.64132 3.10468 1.74489e-07 198.71 -9.8337 3.1207
199.065 -9.68041 3.13528 0.00627865 198.71 -9.8337 3.1207
199.029 -9.33915 3.11967 2.57341e-05 198.71 -9.8337 3.1207
198.965 -9.80761 3.14271 1.12416e-07 198.71 -9.8337 3.1207
198.228 -9.8185 3.10245 1.56935e-06 198.71 -9.8337 3.1207
199.004 -9.23419 3.12877 2.1868e-05 198.71 -9.8337 3.1207
198.588 -9.51149 3.10765 3.69233e-06 198.71 -9.8337 3.1207
198.667 -9.70502 3.12441 0.010092 198.71 -9.8337 3.1207
199.372 -9.81177 3.14007 0.000189661 198.71 -9.8337 3.1207
199.213 -9.98925 3.12252 0.00481153 198.71 -9.8337 3.1207
199.159 -9.86389 3.1325 0.0173219 198.71 -9.8337 3.1207
198.983 -9.69871 3.12913 0.0879782 198.71 -9.8337 3.1207
199.082 -10.6392 3.11619 9.52793e-12 198.71 -9.8337 3.1207
198.525 -9.44029 3.12294 1.32773e-05 198.71 -9.8337 3.1207
199.138 -10.6708 3.10974 1.54856e-14 198.71 -9.8337 3.1207
198.423 -9.43272 3.11847 2.09005e-06 198.71 -9.8337 3.1207
198.779 -9.85688 3.12191 0.125665 198.71 -9.8337 3.1207
198.791 -9.82444 3.15527 1.17362e-22 198.71 -9.8337 3.1207
199.348 -9.97362 3.12774 0.00127705 198.71 -9.8337 3.1207
199.648 -9.31261 3.11014 1.74004e-22 198.71 -9.8337 3.1207
198.801 -10.3662 3.13914 1.07479e-14 198.71 -9.8337 3.1207
199.049 -9.61591 3.10563 2.50629e-09 198.71 -9.8337 3.1207
198.878 -9.58501 3.1309 0.00671788 198.71 -9.8337 3.1207
198.458 -9.62347 3.11726 0.000348946 198.71 -9.8337 3.1207
198.742 -9.92955 3.12879 0.00131172 198.71 -9.8337 3.1207
198.95 -9.64129 3.12238 0.100815 198.71 -9.8337 3.1207
198.955 -10.0066 3.0945 1.01809e-14 198.71 -9.8337 3.1207
198.465 -9.86514 3.12384 7.24338e-05 198.71 -9.8337 3.1207
199.02 -9.71229 3.12203 0.125134 198.71 -9.8337 3.1207
198.459 -9.90998 3.11904 0.000931737 198.71 -9.8337 3.1207
199.325 -9.64913 3.13444 0.00875245 198.71 -9.8337 3.1207
198.73 -10.0752 3.12098 0.0103891 198.71 -9.8337 3.1207
199.326 -9.59443 3.12194 0.000178422 198.71 -9.8337 3.1207
198.649 -9.30438 3.13072 2.31331e-07 198.71 -9.8337 3.1207
199.489 -9.39947 3.11349 5.30195e-14 198.71 -9.8337 3.1207
199.65 -9.781 3.12073 7.39617e-10 198.71 -9.8337 3.1207
198.558 -9.57178 3.13519 8.99572e-09 198.71 -9.8337 3.1207
198.733 -10.121 3.12386 0.00124185 198.71 -9.8337 3.1207
