278.618 7.5138 4.84553 8.27561e-06
278.805 8.03442 4.84231 0.0470899
278.74 8.49078 4.82677 1.83706e-10
278.919 7.92987 4.84339 0.12867
278.704 7.56993 4.84492 0.00029392
277.819 8.07148 4.84617 9.11446e-23
278.58 7.72351 4.83056 0.0133097
278.702 7.99827 4.83175 0.0240714
278.931 8.0598 4.83151 0.00842485
278.434 7.44483 4.84124 4.50005e-08
278.343 7.73043 4.82904 2.70385e-05
279.187 8.27094 4.85394 4.03165e-05
279.483 7.91456 4.82554 8.28014e-11
278.24 7.8399 4.81247 6.93428e-08
278.857 8.87428 4.82179 3.88222e-24
278.455 7.92938 4.8436 5.0233e-05
278.295 7.36251 4.83539 2.60758e-10
278.795 7.98952 4.83058 0.0360282
278.224 8.47836 4.82113 2.84581e-16
278.439 7.58609 4.83219 6.99598e-05
278.633 7.97903 4.81943 0.000493233
278.642 8.09336 4.854 6.18408e-05
278.838 7.54415 4.84463 0.000728522
278.568 7.83144 4.8435 0.00150733
277.969 7.76524 4.83006 1.62551e-13
278.124 8.21461 4.81058 1.40822e-14
278.958 7.49295 4.81794 6.38003e-05
278.438 7.5276 4.81961 5.5105e-05
278.752 7.87883 4.84178 0.0796286
278.907 7.67661 4.85125 0.00142999
278.036 7.59369 4.84524 2.30425e-16
279.002 7.96123 4.82589 0.00207658
278.439 7.12021 4.84084 2.32005e-14
278.617 8.05126 4.84986 0.00029837
279.4 7.73276 4.83351 4.99862e-07
278.922 8.02604 4.83632 0.0474928
278.593 8.08077 4.82286 0.000138476
279.031 7.40276 4.83154 4.17961e-05
279.12 7.90966 4.85788 0.000937709
278.692 7.83523 4.81161 8.31156e-05
278.339 7.6745 4.83358 6.08816e-06
279.126 8.42203 4.83461 1.05028e-08
278.289 7.76879 4.84402 2.44506e-08
278.666 8.07912 4.84562 0.00246973
278.017 8.46557 4.83977 5.42287e-20
278.538 7.92207 4.82435 0.00187921
278.913 8.45003 4.82041 9.43349e-12
279.285 7.69127 4.83379 3.54415e-05
278.603 7.9199 4.81854 0.000713012
278.556 7.91137 4.82652 0.00450709
278.229 7.64474 4.83944 2.95614e-09
278.272 7.91716 4.85473 2.14221e-11
278.932 8.2125 4.83388 0.00040605
278.667 7.46219 4.84179 2.807e-05
278.807 8.04373 4.83771 0.0450126
278.362 8.0707 4.84728 9.82683e-08
278.985 8.23492 4.8329 8.43242e-05
278.973 7.60952 4.84673 0.00206084
278.91 8.26162 4.83493 0.000135858
278.473 7.62977 4.8421 1.47222e-05
279.25 8.33021 4.8487 1.92064e-06
278.809 7.51273 4.82095 0.00148805
278.767 8.11779 4.82113 5.91948e-05
278.624 8.18473 4.82066 3.22968e-06
278.937 7.88699 4.83831 0.166935
278.341 7.70999 4.8514 1.02622e-09
278.349 7.42948 4.82773 3.04451e-07
278.573 7.40652 4.86309 1.22655e-14
278.868 7.46266 4.81749 0.000116719
278.328 7.63049 4.82001 9.77537e-06
278.829 8.49609 4.8335 4.34248e-09
279.005 7.94417 4.83849 0.0750886
278.414 7.84012 4.81983 0.000108448
278.724 7.72778 4.83987 0.0373952
278.617 7.90386 4.83999 0.0129588
278.623 7.43588 4.82079 0.000200799
278.779 7.86857 4.82504 0.0312072
278.796 7.4193 4.85102 2.52517e-07
278.694 7.97111 4.83059 0.0274371
278.564 8.64449 4.82891 7.11892e-15
278.797 8.58245 4.82407 1.44502e-13
278.391 7.88637 4.84322 5.66044e-06
278.385 7.48952 4.84588 1.64312e-09
278.755 8.06749 4.83595 0.0199888
279.05 7.61974 4.83912 0.00625518
279.05 8.9069 4.82304 3.72851e-26
278.786 8.20911 4.8485 0.000884527
278.544 7.95605 4.81865 0.000204191
279.166 8.06601 4.8241 1.90216e-06
278.667 7.40199 4.84334 1.61452e-06
278.432 8.12376 4.80787 8.06362e-10
278.319 8.43757 4.83846 3.41026e-12
278.73 8.05168 4.84207 0.0186424
278.869 8.16265 4.82865 0.000395764
278.476 7.47144 4.82434 5.1546e-05
278.672 7.83061 4.84533 0.00830851
278.627 8.11896 4.84702 0.000419379
278.831 7.62179 4.8613 2.45976e-07
278.885 7.79473 4.84106 0.141355
278.79 8.79147 4.84415 1.84129e-15
