267.033 26.1601 5.88791 8.18382e-07 267.15 26.378 5.901
267.674 26.8593 5.90182 5.95229e-10 267.15 26.378 5.901
267.197 26.7692 5.88017 8.63167e-09 267.15 26.378 5.901
266.976 26.5699 5.8769 2.22159e-11 267.15 26.378 5.901
267.577 26.0866 5.89323 6.94917e-08 267.15 26.378 5.901
267.65 27.0729 5.90206 1.36926e-13 267.15 26.378 5.901
267.368 27.0192 5.89005 2.25571e-09 267.15 26.378 5.901
267.657 26.579 5.87063 9.80674e-13 267.15 26.378 5.901
267.456 26.5916 5.88061 5.0455e-07 267.15 26.378 5.901
267.382 26.1361 5.89361 3.49594e-05 267.15 26.378 5.901
267.009 26.5245 5.90739 0.117583 267.15 26.378 5.901
266.724 26.706 5.90663 3.57996e-05 267.15 26.378 5.901
267.114 26.0297 5.88644 1.25022e-08 267.15 26.378 5.901
267.107 26.247 5.87888 2.28272e-09 267.15 26.378 5.901
266.779 26.0834 5.89821 1.17485e-07 267.15 26.378 5.901
267.748 26.338 5.89668 2.16126e-08 267.15 26.378 5.901
267.21 26.0624 5.89604 2.71985e-05 267.15 26.378 5.901
267.509 26.6534 5.88815 1.41344e-05 267.15 26.378 5.901
267.403 26.3446 5.87566 4.54236e-09 267.15 26.378 5.901
267.258 26.0497 5.89869 2.64341e-05 267.15 26.378 5.901
267.334 26.4893 5.89685 0.0216395 267.15 26.378 5.901
267.193 26.7097 5.9041 0.0119687 267.15 26.378 5.901
267.314 26.4161 5.88937 0.00137381 267.15 26.378 5.901
267.027 25.979 5.89554 2.24775e-07 267.15 26.378 5.901
266.655 26.2366 5.91238 8.10304e-06 267.15 26.378 5.901
266.34 26.5836 5.88798 9.57212e-21 267.15 26.378 5.901
267.586 25.7865 5.87997 6.90185e-17 267.15 26.378 5.901
267.464 26.7199 5.8852 1.74506e-06 267.15 26.378 5.901
267.211 26.3601 5.90436 0.0783728 267.15 26.378 5.901
267.383 26.3827 5.91785 4.44936e-06 267.15 26.378 5.901
267.65 26.1449 5.88898 1.43197e-08 267.15 26.378 5.901
266.965 26.4489 5.90782 0.0893166 267.15 26.378 5.901
267.378 26.3519 5.89216 0.00173699 267.15 26.378 5.901
267.171 27.0786 5.90297 1.22276e-08 267.15 26.378 5.901
267.825 26.4995 5.89422 1.0846e-09 267.15 26.378 5.901
267.329 26.5847 5.89102 0.00186379 267.15 26.378 5.901
267.948 26.4773 5.88532 5.91986e-13 267.15 26.378 5.901
266.977 26.5791 5.89298 0.00053722 267.15 26.378 5.901
266.905 26.4294 5.89549 0.000764435 267.15 26.378 5.901
267.432 26.6728 5.88426 3.66773e-06 267.15 26.378 5.901
267.171 26.7168 5.8933 0.000913101 267.15 26.378 5.901
267.182 26.4133 5.90738 0.101724 267.15 26.378 5.901
267.275 26.5457 5.89058 0.0027813 267.15 26.378 5.901
267.234 26.3058 5.87926 7.72386e-08 267.15 26.378 5.901
267.168 26.9226 5.89145 5.54998e-07 267.15 26.378 5.901
266.852 26.3534 5.89583 0.000121744 267.15 26.378 5.901
267.144 26.3489 5.89873 0.0502914 267.15 26.378 5.901
267.656 26.7781 5.87727 2.18837e-11 267.15 26.378 5.901
267.45 26.3813 5.89286 0.000863803 267.15 26.378 5.901
267.223 26.3081 5.8956 0.0115782 267.15 26.378 5.901
266.985 26.607 5.88668 2.71169e-06 267.15 26.378 5.901
267.475 26.1509 5.89326 8.48311e-06 267.15 26.378 5.901
267.593 25.9868 5.882 8.33478e-12 267.15 26.378 5.901
267.634 26.0833 5.89662 9.94323e-09 267.15 26.378 5.901
266.872 26.0471 5.88981 1.3631e-09 267.15 26.378 5.901
267.137 26.335 5.90404 0.0881844 267.15 26.378 5.901
267.018 26.02 5.8813 5.33722e-12 267.15 26.378 5.901
267.542 25.8799 5.87864 1.0381e-14 267.15 26.378 5.901
267.772 26.1137 5.8949 6.0065e-11 267.15 26.378 5.901
267.192 26.0941 5.89906 0.000192898 267.15 26.378 5.901
266.931 26.5105 5.90764 0.0561157 267.15 26.378 5.901
267.271 26.689 5.89575 0.00376008 267.15 26.378 5.901
267.28 26.4279 5.90286 0.063571 267.15 26.378 5.901
267.162 26.4566 5.90089 0.148684 267.15 26.378 5.901
267.709 26.5912 5.86317 1.50107e-17 267.15 26.378 5.901
266.922 26.4192 5.88794 3.01087e-06 267.15 26.378 5.901
267.259 26.4123 5.9013 0.0764047 267.15 26.378 5.901
266.662 26.1525 5.89776 6.83513e-09 267.15 26.378 5.901
267.912 26.4645 5.92052 5.38952e-21 267.15 26.378 5.901
267.816 26.5509 5.92739 2.58858e-22 267.15 26.378 5.901
267.249 25.789 5.8924 1.03835e-11 267.15 26.378 5.901
267.328 26.8625 5.8999 3.67845e-05 267.15 26.378 5.901
266.927 26.2329 5.89095 4.72335e-06 267.15 26.378 5.901
267.794 26.9053 5.89653 9.99743e-13 267.15 26.378 5.901
267.255 26.5394 5.88779 0.000527102 267.15 26.378 5.901
267.392 26.5009 5.87542 6.66913e-09 267.15 26.378 5.901
267.611 26.7903 5.89416 1.8351e-07 267.15 26.378 5.901
267.255 26.5884 5.89995 0.0445915 267.15 26.378 5.901
267.533 25.8751 5.88854 6.07488e-12 267.15 26.378 5.901
267.057 26.0553 5.88884 9.76524e-08 267.15 26.378 5.901
267.015 26.5651 5.88678 9.51846e-06 267.15 26.378 5.901
267.59 26.4111 5.89607 3.44964e-05 267.15 26.378 5.901
267.499 26.8867 5.90378 1.49835e-07 267.15 26.378 5.901
267.197 26.5359 5.89274 0.00921122 267.15 26.378 5.901
267.455 26.3664 5.89404 0.000928639 267.15 26.378 5.901
267.392 26.5178 5.90198 0.00875436 267.15 26.378 5.901
267.826 26.3008 5.9042 1.05931e-11 267.15 26.378 5.901
267.623 26.5696 5.87329 4.18913e-11 267.15 26.378 5.901
266.858 26.4725 5.90171 0.00493404 267.15 26.378 5.901
267.798 26.3799 5.88504 8.39007e-10 267.15 26.378 5.901
267.092 27.0428 5.90488 9.00163e-08 267.15 26.378 5.901
267.372 26.5395 5.85686 3.9465e-22 267.15 26.378 5.901
267.03 26.8254 5.87091 7.00693e-17 267.15 26.378 5.901
267.515 26.7412 5.89496 1.54236e-05 267.15 26.378 5.901
267.462 26.4013 5.90699 0.000315554 267.15 26.378 5.901
266.889 26.0479 5.90891 1.21487e-05 267.15 26.378 5.901
267.527 27.0667 5.89506 3.91787e-11 267.15 26.378 5.901
267.082 26.4265 5.88605 2.70816e-05 267.15 26.378 5.901
268.02 26.9317 5.88842 7.51769e-19 267.15 26.378 5.901
267.329 26.686 5.888 8.13596e-05 267.15 26.378 5.901
