246.758 29.2686 0.0816688 1.92447e-09
246.59 28.758 0.0745178 5.7368e-09
247.166 28.9872 0.0692959 0.287189
246.679 29.1167 0.0626245 5.49786e-09
247.171 29.235 0.0550576 1.04569e-05
247.21 29.085 0.0815932 2.02699e-07
246.521 28.625 0.0751093 1.69234e-12
247.864 29.521 0.0701911 3.34793e-18
247.219 29.0422 0.0800576 5.01557e-06
247.922 28.9454 0.0748906 3.5966e-20
246.802 29.3366 0.0754624 5.18355e-07
247.494 28.6051 0.0651772 7.99381e-09
247.081 29.4479 0.0823048 6.36262e-13
247.501 29.5509 0.0890401 2.60909e-32
246.331 28.9924 0.0709821 3.73382e-16
247.569 29.2113 0.0708094 3.88723e-07
247.6 28.4975 0.086081 7.50323e-24
246.895 28.7857 0.0725554 0.000857385
246.412 28.8964 0.083323 1.01229e-13
246.836 28.8783 0.0482744 5.32678e-21
247.647 28.7614 0.049181 1.35694e-15
246.813 28.8993 0.0722539 0.000781532
246.748 28.9402 0.0713497 0.000103331
246.447 28.9295 0.0564055 3.09727e-23
247.171 28.8407 0.068174 0.0349552
247.461 29.2888 0.0440516 1.84664e-14
247.178 29.2903 0.092462 4.20981e-23
247.137 28.9103 0.0867343 1.0949e-10
247.388 29.1483 0.0689949 0.00626231
247.64 28.6754 0.0689182 2.11766e-10
247.028 28.6628 0.0780625 1.0837e-05
247.543 28.9802 0.0527818 2.74955e-08
247.355 29.1269 0.0706093 0.006666
247.77 29.0052 0.0575005 1.32956e-09
247.243 29.1631 0.0712894 0.0251119
247.335 29.2323 0.0635044 0.0182648
247.511 28.3433 0.0668799 2.40426e-16
247.418 29.3852 0.0751187 2.72882e-09
247.494 28.9519 0.0735243 4.50832e-06
247.323 28.9424 0.0689107 0.0337989
247.524 28.5259 0.0671201 4.69052e-11
246.661 28.7435 0.0681673 3.74886e-09
247.584 29.4044 0.0620188 3.63541e-07
247.315 29.2663 0.0681923 0.00592143
247.237 28.7066 0.0695016 0.000450403
246.99 28.7429 0.064092 2.20329e-05
246.715 29.4613 0.0686386 7.88719e-10
247.323 29.2855 0.0674801 0.00437857
247.875 29.5869 0.0578094 1.78438e-14
247.309 28.7491 0.0784499 7.38983e-07
247.797 28.9492 0.0771161 3.4039e-17
247.622 28.9555 0.0710464 9.77032e-08
247.38 29.2753 0.0694055 0.000503871
247.022 28.5015 0.0729435 5.62796e-08
246.798 29.1616 0.0648739 2.47932e-05
246.818 28.8931 0.0606637 4.84e-08
246.959 28.7242 0.0634079 2.22435e-06
246.881 28.8285 0.0820171 3.38823e-06
247.92 28.9314 0.0645052 1.88379e-14
246.879 29.3336 0.075726 2.8656e-06
246.522 29.3738 0.0842352 7.81547e-17
247.655 29.6795 0.0599903 6.63414e-12
246.913 28.8304 0.0711948 0.00322644
247.226 29.3193 0.0824619 1.49305e-11
247.069 28.7653 0.0684088 0.00346091
246.611 29.3548 0.0639831 7.71085e-12
247.301 29.4956 0.075826 1.63086e-10
247.475 28.8175 0.07562 1.7218e-07
247.24 29.2131 0.0650608 0.0745681
247.436 29.0111 0.0906283 6.76589e-22
246.561 29.2328 0.0828973 1.49201e-12
247.646 29.2652 0.0787593 6.43981e-16
246.909 29.2139 0.0918198 5.75933e-18
247.196 28.9639 0.0716984 0.096127
246.667 28.7678 0.0546006 1.07405e-19
247.077 29.337 0.0723397 0.000362218
247.337 29.2249 0.0763076 2.37928e-06
247.245 29.1582 0.0818565 9.22527e-09
247.306 29.0032 0.0752452 0.000690181
247.095 29.0282 0.054558 4.30401e-07
247.382 29.6647 0.0639042 2.21065e-10
247.659 28.9739 0.0830714 1.50669e-18
246.745 29.0912 0.0621143 1.22325e-07
247.163 29.3588 0.0783061 4.99623e-08
247.131 28.8905 0.044365 6.3513e-20
247.046 28.8844 0.0699911 0.0638043
247.099 28.9665 0.0700228 0.230093
247.746 29.1749 0.0645202 7.81874e-09
247.296 29.1604 0.0642658 0.081579
247.4 29.3626 0.0664681 0.000131006
247.621 29.5098 0.0529355 8.93921e-11
247.445 28.6607 0.0514507 2.38334e-14
247.208 29.6481 0.0675355 9.42399e-10
247.305 29.5327 0.0740235 3.06375e-10
247.371 29.0497 0.0494574 1.05354e-09
247.155 28.6046 0.0768462 1.36285e-06
247.694 29.1039 0.0691757 9.29115e-09
247.278 29.1316 0.0713597 0.02062
246.652 28.9975 0.0630489 1.16316e-09
247.059 29.4775 0.054383 1.35142e-09
