-35.0984 -75.1391 2.104 9.96214e-12
-34.472 -74.7241 2.07464 0.016284
-34.7109 -75.6131 2.0807 1.76242e-06
-34.6707 -74.853 2.09801 1.32834e-05
-34.6398 -75.0308 2.09907 0.000126606
-34.8125 -75.0586 2.09277 0.00362134
-35.2044 -75.0279 2.08714 2.95151e-06
-34.5226 -75.6636 2.07337 8.3821e-11
-34.8168 -75.5859 2.09677 7.13252e-06
-35.1366 -74.2278 2.11109 4.50366e-35
-34.7808 -74.9733 2.08727 0.0682978
-34.0965 -75.0428 2.08249 0.000415343
-34.9349 -75.0608 2.07067 0.000231395
-35.8009 -75.054 2.0856 2.24055e-19
-34.8627 -75.4211 2.08193 0.000274797
-34.867 -74.8605 2.09662 2.80814e-06
-35.1749 -75.4365 2.08101 1.05913e-07
-34.8884 -74.9208 2.07672 0.0309055
-34.7201 -74.9896 2.08935 0.0619037
-35.5434 -75.1964 2.09565 3.23654e-16
-34.5276 -74.8137 2.09372 0.00113011
-35.1282 -74.9577 2.0681 4.36805e-06
-34.603 -75.5417 2.0836 0.000154012
-34.5571 -75.404 2.08244 0.00334504
-34.8341 -74.6821 2.0848 0.00298608
-34.8609 -74.9661 2.07567 0.026556
-34.8948 -75.1266 2.0947 0.000228849
-34.335 -75.2567 2.07622 0.000152016
-35.1551 -75.5042 2.07063 1.50374e-11
-35.1216 -74.9423 2.08548 7.74583e-05
-34.8624 -74.7863 2.08769 0.00231111
-34.4777 -75.4352 2.07266 2.15915e-07
-34.937 -74.1519 2.08965 2.42781e-14
-35.0084 -74.7726 2.07618 0.00290748
-34.9494 -74.3924 2.08875 3.46092e-09
-35.0083 -74.8028 2.0858 0.000418039
-34.5609 -74.2461 2.08723 3.03294e-09
-34.9231 -74.9907 2.09876 5.54158e-07
-34.8146 -74.8494 2.0956 2.05631e-05
-35.0128 -74.2962 2.06783 6.13233e-07
-34.9083 -74.8576 2.08691 0.004056
-34.4247 -75.1413 2.08214 0.0954221
-35.0052 -75.4335 2.08194 1.46145e-05
-34.7189 -74.7078 2.08402 0.023356
-34.941 -74.9391 2.10726 2.50505e-13
-34.915 -74.9316 2.07357 0.00687623
-34.8792 -74.9446 2.08474 0.0320973
-34.5641 -75.2212 2.0669 2.56764e-07
-34.8695 -74.869 2.08352 0.0335417
-35.2407 -75.2339 2.08028 7.67799e-07
-35.6795 -75.3357 2.08399 8.38368e-17
-34.0475 -75.2501 2.09395 0.000127639
-34.5099 -74.59 2.07759 0.00884269
-35.0165 -75.8251 2.07668 8.21164e-14
-35.0993 -74.8748 2.08101 0.000449252
-35.3781 -74.9208 2.10993 2.22601e-24
-35.0617 -74.9863 2.09187 1.13908e-05
-34.4027 -74.2701 2.09412 2.8099e-12
-34.5152 -74.7907 2.09397 0.000574851
-34.2646 -74.9784 2.09788 0.000186072
-34.9359 -75.4294 2.06961 5.28835e-09
-34.8392 -74.549 2.07087 0.00122731
-34.5902 -75.2643 2.0873 0.114297
-34.5102 -74.5195 2.10215 2.37117e-12
-34.6612 -75.1595 2.08228 0.174733
-35.3926 -75.2781 2.08128 1.029e-09
-34.8985 -74.5474 2.08697 1.00057e-05
-34.655 -74.7412 2.08492 0.0422783
-33.8771 -75.4296 2.07774 9.91036e-12
-35.6413 -75.2685 2.07908 4.5983e-15
-34.8389 -74.9045 2.08397 0.0596954
-34.6293 -75.0696 2.09947 0.00014886
-34.8978 -74.4821 2.08235 3.83808e-05
-34.6631 -74.9362 2.10888 1.00611e-11
-34.9854 -74.8522 2.07725 0.00692999
-35.1187 -74.3074 2.08861 1.21902e-12
-34.391 -75.111 2.09922 0.000674687
-34.359 -74.6242 2.08711 0.000608736
-34.7377 -74.9262 2.09338 0.00203789
-34.8983 -74.8828 2.08668 0.00714316
-34.8612 -75.0737 2.09852 9.35054e-06
-35.1409 -74.6132 2.10877 5.59084e-23
-34.5996 -75.5388 2.11039 2.19141e-09
-35.113 -74.9051 2.09241 5.49835e-07
-34.871 -75.2737 2.09203 0.00156925
-34.7398 -75.1527 2.08972 0.0574388
-34.8531 -74.5685 2.0805 0.00140946
-34.9459 -75.145 2.07255 0.000195215
-34.3045 -75.1009 2.09296 0.0182724
-35.4263 -74.6511 2.08006 4.63483e-10
-34.4089 -74.6235 2.07333 0.00165681
-35.0918 -74.0514 2.0851 8.40658e-16
-35.0477 -75.0449 2.08819 0.000266054
-34.6426 -75.2489 2.08342 0.0812908
-34.5264 -74.6384 2.09448 6.61274e-06
-35.2232 -75.3255 2.09712 5.73229e-10
-35.0704 -75.1333 2.07536 0.000118403
-35.2732 -74.7467 2.09898 6.69055e-15
-35.0164 -74.3485 2.08616 1.94396e-09
-34.4186 -74.3298 2.07848 5.26854e-06
