68.3449 15.1152 0.0803705 2.85345e-06
68.2202 15.4071 0.109159 0.0357689
68.5165 15.488 0.0979971 0.0821331
68.4757 15.3359 0.107927 0.097573
68.4213 16.0199 0.0753238 9.52625e-10
68.8311 15.1031 0.0992598 0.000911284
68.4258 15.393 0.104118 0.146989
68.0147 15.1976 0.112019 0.000880697
68.475 15.7531 0.0941914 0.0033514
68.2067 15.7422 0.0943312 0.000714171
68.7313 15.0857 0.0756699 7.35544e-08
68.2061 16.0257 0.0988362 3.86733e-06
68.6855 15.8016 0.0934586 0.000554445
68.177 15.9171 0.0916087 7.94416e-06
68.4204 15.4606 0.0880932 0.0044708
68.8315 15.2725 0.0895283 0.000634654
68.9152 15.2021 0.0767066 1.03662e-07
68.3997 15.547 0.0870839 0.00186465
68.7217 15.509 0.104335 0.0176541
68.2435 15.7626 0.104996 0.0024111
67.8819 15.3637 0.11417 7.29283e-05
68.6679 15.3215 0.108258 0.0250707
68.2155 15.5807 0.0964488 0.00852796
68.719 15.6284 0.0975834 0.00774866
68.7123 15.242 0.093685 0.00741793
68.4841 15.6996 0.088973 0.00144169
68.6776 15.3232 0.0890742 0.00375844
69.0439 14.7426 0.117127 1.37305e-10
68.0786 15.1904 0.107241 0.00373144
68.5052 15.2701 0.0840402 0.000408928
69.138 15.3566 0.0936071 3.40356e-06
68.7698 15.6847 0.0929022 0.00115403
68.3342 15.701 0.0940936 0.004071
68.2063 14.9167 0.119284 3.16125e-05
67.835 15.3292 0.114612 2.13936e-05
68.2887 15.9391 0.11344 1.34428e-05
68.488 15.066 0.110054 0.0087149
68.1108 15.4296 0.101766 0.0106071
68.0659 15.4205 0.111922 0.00347591
68.1064 15.2951 0.0926137 0.000781494
68.2583 15.1483 0.0875681 0.000181586
68.1805 15.5704 0.0988062 0.00959397
68.9635 14.9525 0.103624 5.88302e-06
68.3653 15.5244 0.0929279 0.0174111
69.1418 15.3396 0.0888368 1.01415e-06
68.4715 14.8502 0.107788 0.000237857
68.521 15.9139 0.10215 0.000282712
69.4278 15.4797 0.0840855 1.50557e-11
68.5491 15.3727 0.100552 0.112928
68.7491 15.6304 0.0943012 0.00352357
68.3588 15.5428 0.0898162 0.00498742
68.8619 16.0138 0.103922 4.30537e-07
68.3335 15.7016 0.101174 0.0119173
68.3287 15.5366 0.0756842 5.85554e-07
68.4313 15.5018 0.100301 0.101256
68.5363 15.444 0.113199 0.0189237
68.4534 15.6744 0.0863646 0.000587565
68.4485 15.8157 0.0980583 0.00214121
68.5304 14.8273 0.105623 0.000129437
68.4922 15.6162 0.106464 0.0326564
67.9914 15.8717 0.098215 4.56596e-06
68.8922 15.8213 0.106651 1.30752e-05
68.8202 15.4661 0.0989591 0.00639528
68.6463 15.7276 0.0973253 0.00437866
68.6162 15.5307 0.0951623 0.028658
68.9256 15.5744 0.106746 0.000214226
68.1399 15.8139 0.0934836 6.72306e-05
68.2971 15.3268 0.0832959 0.000103973
69.1612 16.0811 0.102902 3.84822e-11
68.3165 15.2239 0.0851371 0.000191286
68.5497 15.2742 0.111419 0.0290998
68.5867 16.2625 0.111044 4.90892e-10
68.949 14.749 0.0958537 3.83829e-08
68.5085 15.2692 0.0827905 0.000192961
68.438 15.0051 0.0737865 3.50275e-09
68.765 15.7688 0.0959214 0.000600217
68.4382 14.8936 0.128339 1.88346e-07
68.4261 15.365 0.0915587 0.0181392
68.7499 15.902 0.0897496 1.73112e-05
68.9843 15.5188 0.0896656 5.73893e-05
68.5018 15.7752 0.089227 0.000555779
69.1418 15.5994 0.0949236 1.65976e-06
68.7115 14.8952 0.0906601 1.43303e-05
68.4549 14.7796 0.0959724 1.24238e-05
68.5107 15.5848 0.0977638 0.044574
68.2199 15.1283 0.0935951 0.001371
68.7151 15.832 0.0877012 4.99889e-05
68.4182 15.6718 0.103237 0.0237407
68.2299 15.0026 0.0932197 0.000195372
68.3326 15.4617 0.0830182 0.000159391
68.3549 15.5671 0.113097 0.0127706
68.5131 14.8671 0.088381 6.73476e-06
68.7373 15.8831 0.10044 0.000113661
68.4553 15.0117 0.0826209 5.06043e-06
68.7286 15.2769 0.0998173 0.0194231
67.9439 15.7976 0.083249 9.97928e-09
68.6651 15.2612 0.114101 0.00411686
68.7511 15.0653 0.0922974 0.000445583
68.4383 15.7799 0.0994049 0.00450522
68.6104 14.9215 0.116393 6.07774e-05
