9.05229 5.75116 0.268813 7.30317e-07 9.0907 5.6875 0.25739
9.66043 5.79596 0.25605 4.98203e-14 9.0907 5.6875 0.25739
8.6293 5.80555 0.262706 0.0272772 9.0907 5.6875 0.25739
8.87384 6.10042 0.255559 0.00739309 9.0907 5.6875 0.25739
9.49899 5.56728 0.263855 3.22367e-16 9.0907 5.6875 0.25739
8.6982 5.53944 0.261992 0.000566914 9.0907 5.6875 0.25739
9.35752 5.72992 0.249658 5.82876e-05 9.0907 5.6875 0.25739
8.41719 5.77465 0.26519 8.87157e-05 9.0907 5.6875 0.25739
9.15573 5.00482 0.246135 9.91866e-22 9.0907 5.6875 0.25739
8.5847 5.20429 0.274086 8.96382e-15 9.0907 5.6875 0.25739
8.93508 5.47735 0.259772 0.000119029 9.0907 5.6875 0.25739
8.8483 6.14958 0.252805 0.000559533 9.0907 5.6875 0.25739
8.77265 5.79921 0.266113 0.0211469 9.0907 5.6875 0.25739
8.80799 5.92863 0.253859 0.0191349 9.0907 5.6875 0.25739
8.96107 5.29046 0.263723 8.70384e-10 9.0907 5.6875 0.25739
8.70938 5.57915 0.270648 1.49736e-05 9.0907 5.6875 0.25739
9.56138 5.30485 0.258071 4.76635e-19 9.0907 5.6875 0.25739
8.72939 6.51251 0.26761 1.06656e-13 9.0907 5.6875 0.25739
8.53399 5.84014 0.262043 0.00242361 9.0907 5.6875 0.25739
9.03491 5.68004 0.277058 7.28008e-15 9.0907 5.6875 0.25739
8.82355 5.3155 0.238013 6.43338e-22 9.0907 5.6875 0.25739
9.04294 5.51691 0.260738 6.7754e-05 9.0907 5.6875 0.25739
8.57551 5.95917 0.271409 4.94104e-05 9.0907 5.6875 0.25739
8.79441 5.79415 0.267101 0.00775583 9.0907 5.6875 0.25739
9.10899 5.60431 0.266183 3.7782e-07 9.0907 5.6875 0.25739
8.86803 5.63804 0.265452 0.00183015 9.0907 5.6875 0.25739
9.2258 5.97535 0.255526 0.00132479 9.0907 5.6875 0.25739
8.98697 6.15218 0.255163 0.0012012 9.0907 5.6875 0.25739
8.51131 5.84324 0.263576 0.00180894 9.0907 5.6875 0.25739
8.23229 5.95887 0.265721 3.20721e-08 9.0907 5.6875 0.25739
8.96377 5.51742 0.258911 0.000516638 9.0907 5.6875 0.25739
8.89081 5.92036 0.266073 0.00387429 9.0907 5.6875 0.25739
8.98772 5.84494 0.257951 0.198597 9.0907 5.6875 0.25739
8.89596 6.00053 0.280674 1.72519e-16 9.0907 5.6875 0.25739
8.77225 5.97734 0.259977 0.0710682 9.0907 5.6875 0.25739
9.3076 5.582 0.265042 4.16202e-11 9.0907 5.6875 0.25739
9.08208 5.55723 0.268443 8.88936e-09 9.0907 5.6875 0.25739
8.97132 5.72672 0.25837 0.0969482 9.0907 5.6875 0.25739
8.81163 5.27974 0.271115 3.69561e-12 9.0907 5.6875 0.25739
9.19049 5.68371 0.269994 2.59969e-11 9.0907 5.6875 0.25739
9.0826 5.28256 0.277119 1.47359e-22 9.0907 5.6875 0.25739
9.07904 5.555 0.25643 0.00062836 9.0907 5.6875 0.25739
9.93425 5.35931 0.253316 6.17698e-29 9.0907 5.6875 0.25739
9.06968 5.12554 0.247187 1.22164e-16 9.0907 5.6875 0.25739
9.04332 5.76257 0.260942 0.0147654 9.0907 5.6875 0.25739
8.85774 5.71663 0.261931 0.0700688 9.0907 5.6875 0.25739
8.73701 5.57822 0.272872 5.48788e-07 9.0907 5.6875 0.25739
9.34735 5.70055 0.267013 7.40525e-13 9.0907 5.6875 0.25739
9.17401 6.12799 0.264717 2.99907e-08 9.0907 5.6875 0.25739
8.99396 6.28336 0.262555 2.22216e-07 9.0907 5.6875 0.25739
8.64152 5.25234 0.271482 3.33593e-12 9.0907 5.6875 0.25739
8.87669 6.24223 0.271919 3.14796e-10 9.0907 5.6875 0.25739
8.77712 6.0566 0.260522 0.0128093 9.0907 5.6875 0.25739
8.90816 5.92612 0.254031 0.0849437 9.0907 5.6875 0.25739
8.93115 5.49058 0.249339 1.80975e-06 9.0907 5.6875 0.25739
8.59014 5.11802 0.256455 5.90217e-17 9.0907 5.6875 0.25739
9.07121 5.70544 0.267302 2.41117e-06 9.0907 5.6875 0.25739
8.73796 5.28747 0.244624 2.81367e-17 9.0907 5.6875 0.25739
8.90312 5.40561 0.272433 3.01431e-11 9.0907 5.6875 0.25739
8.8954 5.61278 0.267924 4.78835e-05 9.0907 5.6875 0.25739
9.65367 5.81505 0.264711 2.06818e-21 9.0907 5.6875 0.25739
9.47224 5.22432 0.256109 1.0272e-17 9.0907 5.6875 0.25739
9.1262 5.52316 0.258436 3.95682e-05 9.0907 5.6875 0.25739
8.94861 5.28429 0.244275 2.90677e-14 9.0907 5.6875 0.25739
9.12734 5.79197 0.277138 3.7118e-17 9.0907 5.6875 0.25739
8.48802 5.89771 0.270575 8.40302e-05 9.0907 5.6875 0.25739
9.48774 5.3943 0.271628 2.51033e-27 9.0907 5.6875 0.25739
8.683 5.76811 0.276013 1.58483e-07 9.0907 5.6875 0.25739
9.47806 5.47277 0.273186 1.45791e-27 9.0907 5.6875 0.25739
9.08915 5.78112 0.253887 0.0560531 9.0907 5.6875 0.25739
8.65245 5.4008 0.25089 5.90765e-11 9.0907 5.6875 0.25739
8.6716 5.73627 0.264668 0.0227229 9.0907 5.6875 0.25739
9.01118 5.75556 0.257609 0.102186 9.0907 5.6875 0.25739
8.83815 5.83644 0.265257 0.0262417 9.0907 5.6875 0.25739
9.36659 5.06659 0.252665 6.28564e-20 9.0907 5.6875 0.25739
9.25242 5.82278 0.267381 4.67969e-10 9.0907 5.6875 0.25739
8.37053 5.33379 0.260195 4.15035e-13 9.0907 5.6875 0.25739
9.09412 6.35528 0.25109 3.86916e-08 9.0907 5.6875 0.25739
9.21994 6.14005 0.267059 3.00114e-11 9.0907 5.6875 0.25739
8.93215 6.14191 0.276309 7.19376e-13 9.0907 5.6875 0.25739
8.63997 5.91156 0.278336 2.42943e-09 9.0907 5.6875 0.25739
9.02685 5.82526 0.259841 0.0569612 9.0907 5.6875 0.25739
8.71514 5.49684 0.268378 9.83194e-06 9.0907 5.6875 0.25739
8.69606 5.83497 0.262531 0.0806793 9.0907 5.6875 0.25739
8.78641 5.66458 0.255332 0.00697649 9.0907 5.6875 0.25739
9.02569 5.83703 0.26721 3.78967e-05 9.0907 5.6875 0.25739
9.14681 6.02968 0.26779 8.4858e-09 9.0907 5.6875 0.25739
9.09105 6.05319 0.264017 2.00234e-05 9.0907 5.6875 0.25739
9.18114 6.22317 0.267486 1.17529e-11 9.0907 5.6875 0.25739
9.13999 5.8121 0.238636 7.91726e-09 9.0907 5.6875 0.25739
8.62623 5.57234 0.262055 0.000485916 9.0907 5.6875 0.25739
8.49336 6.15776 0.248868 7.41583e-11 9.0907 5.6875 0.25739
8.91833 5.42766 0.260072 1.46357e-05 9.0907 5.6875 0.25739
8.42665 5.94153 0.271029 1.23561e-05 9.0907 5.6875 0.25739
9.15757 5.37515 0.256034 6.14064e-08 9.0907 5.6875 0.25739
8.74031 5.84626 0.247461 1.00718e-06 9.0907 5.6875 0.25739
9.04436 5.83288 0.272872 4.26143e-10 9.0907 5.6875 0.25739
8.38462 5.7712 0.270601 1.67808e-05 9.0907 5.6875 0.25739
8.2752 5.61776 0.26694 3.18754e-08 9.0907 5.6875 0.25739
8.60265 5.65985 0.257944 0.000361783 9.0907 5.6875 0.25739
