268.712 24.9145 5.80173 3.52412e-17 269.04 25.399 5.8059
269.294 25.4308 5.80143 0.0381282 269.04 25.399 5.8059
268.838 25.6812 5.8197 2.26509e-05 269.04 25.399 5.8059
268.664 25.646 5.81774 2.77572e-07 269.04 25.399 5.8059
269.215 25.0169 5.8177 8.5055e-13 269.04 25.399 5.8059
268.656 25.0781 5.80912 8.82289e-14 269.04 25.399 5.8059
268.873 25.3588 5.79991 1.55568e-05 269.04 25.399 5.8059
268.612 25.4317 5.81452 4.33537e-09 269.04 25.399 5.8059
269.068 25.5008 5.80551 0.0368354 269.04 25.399 5.8059
269.384 25.4012 5.81358 2.397e-05 269.04 25.399 5.8059
269.082 24.8443 5.81829 7.54888e-18 269.04 25.399 5.8059
268.707 25.0341 5.80072 3.33417e-14 269.04 25.399 5.8059
269.281 25.8667 5.81404 0.00108687 269.04 25.399 5.8059
268.981 25.0156 5.80501 1.66152e-10 269.04 25.399 5.8059
268.821 25.8586 5.80331 7.40152e-05 269.04 25.399 5.8059
269.027 25.7342 5.79742 0.0243021 269.04 25.399 5.8059
268.921 25.8088 5.8116 0.0020877 269.04 25.399 5.8059
269.048 25.7276 5.78641 8.95505e-05 269.04 25.399 5.8059
269.08 25.1709 5.81165 2.59208e-07 269.04 25.399 5.8059
269.27 25.7184 5.80419 0.303237 269.04 25.399 5.8059
269.722 25.1229 5.82779 4.61341e-24 269.04 25.399 5.8059
268.97 25.2201 5.80195 3.33766e-06 269.04 25.399 5.8059
269.002 25.5634 5.79011 0.000379103 269.04 25.399 5.8059
268.948 25.9543 5.79483 2.4839e-05 269.04 25.399 5.8059
269.168 25.1805 5.79591 9.06794e-06 269.04 25.399 5.8059
269.186 25.6464 5.81224 0.0267261 269.04 25.399 5.8059
269.179 25.3687 5.80332 0.00729449 269.04 25.399 5.8059
269.779 25.6837 5.81174 8.12051e-10 269.04 25.399 5.8059
269.319 25.3961 5.8104 0.000582186 269.04 25.399 5.8059
269.08 25.3089 5.81001 0.000122153 269.04 25.399 5.8059
269.566 25.5877 5.8105 2.76535e-05 269.04 25.399 5.8059
269.111 25.7414 5.81156 0.0346352 269.04 25.399 5.8059
268.853 24.7842 5.8204 1.15626e-21 269.04 25.399 5.8059
268.702 25.1559 5.79058 5.10823e-14 269.04 25.399 5.8059
268.563 25.3228 5.80979 2.925e-11 269.04 25.399 5.8059
268.701 25.9807 5.79915 5.98761e-09 269.04 25.399 5.8059
268.943 25.0431 5.81358 2.91578e-11 269.04 25.399 5.8059
269.454 25.1232 5.81093 8.97549e-10 269.04 25.399 5.8059
269.263 25.0114 5.80924 1.64661e-10 269.04 25.399 5.8059
268.828 25.311 5.80055 9.43793e-07 269.04 25.399 5.8059
269.199 25.5708 5.79544 0.169003 269.04 25.399 5.8059
268.916 25.1488 5.81552 1.78659e-09 269.04 25.399 5.8059
268.847 25.307 5.81154 1.26761e-06 269.04 25.399 5.8059
269.382 25.4131 5.84171 1.75326e-22 269.04 25.399 5.8059
269.517 25.7723 5.8129 2.79314e-05 269.04 25.399 5.8059
269.628 25.036 5.81432 7.68953e-16 269.04 25.399 5.8059
268.623 25.8058 5.79674 8.41399e-10 269.04 25.399 5.8059
269.302 25.103 5.81913 7.82664e-12 269.04 25.399 5.8059
268.869 25.5027 5.82193 1.62185e-06 269.04 25.399 5.8059
268.807 25.7115 5.82144 3.976e-06 269.04 25.399 5.8059
268.874 25.1851 5.78027 7.57399e-14 269.04 25.399 5.8059
269.164 24.7986 5.8046 6.40352e-16 269.04 25.399 5.8059
269.413 25.0168 5.81581 1.21292e-13 269.04 25.399 5.8059
268.874 24.6455 5.82534 9.27079e-29 269.04 25.399 5.8059
269.032 25.8265 5.81014 0.014555 269.04 25.399 5.8059
269.299 25.6342 5.83568 2.06495e-14 269.04 25.399 5.8059
268.824 25.2243 5.7973 1.39401e-08 269.04 25.399 5.8059
269.011 25.232 5.79552 4.1e-06 269.04 25.399 5.8059
269.498 25.0135 5.80369 5.97647e-11 269.04 25.399 5.8059
269.213 25.3756 5.80084 0.0123457 269.04 25.399 5.8059
268.773 25.8519 5.81848 3.0877e-06 269.04 25.399 5.8059
269.413 25.5941 5.80517 0.0362425 269.04 25.399 5.8059
268.913 25.1378 5.79844 1.19289e-08 269.04 25.399 5.8059
269.508 25.3441 5.82129 4.61191e-11 269.04 25.399 5.8059
268.287 25.1872 5.79005 4.45303e-27 269.04 25.399 5.8059
268.933 24.9611 5.8164 3.39117e-14 269.04 25.399 5.8059
269.044 25.4532 5.80971 0.00462124 269.04 25.399 5.8059
268.744 25.2897 5.82645 8.1584e-12 269.04 25.399 5.8059
269.463 25.5104 5.80689 0.00237816 269.04 25.399 5.8059
269.745 25.5558 5.81718 7.55275e-12 269.04 25.399 5.8059
268.716 25.464 5.79841 1.4855e-07 269.04 25.399 5.8059
269.065 25.5715 5.81784 0.000565403 269.04 25.399 5.8059
268.306 25.5801 5.7941 1.7219e-20 269.04 25.399 5.8059
268.601 25.1864 5.80807 1.17476e-12 269.04 25.399 5.8059
269.157 24.9485 5.81065 2.35446e-12 269.04 25.399 5.8059
269.047 25.1736 5.82194 1.79812e-10 269.04 25.399 5.8059
268.548 24.8495 5.82267 2.20275e-24 269.04 25.399 5.8059
268.936 25.3394 5.80029 6.8187e-05 269.04 25.399 5.8059
269.439 24.9031 5.8177 5.03122e-18 269.04 25.399 5.8059
268.935 24.9707 5.81147 8.02496e-13 269.04 25.399 5.8059
269.218 25.378 5.80985 0.00125283 269.04 25.399 5.8059
269.215 25.6246 5.82558 2.58744e-07 269.04 25.399 5.8059
268.769 25.387 5.80781 2.07877e-06 269.04 25.399 5.8059
269.768 25.5091 5.80194 4.68042e-07 269.04 25.399 5.8059
269.272 24.752 5.79607 6.81731e-17 269.04 25.399 5.8059
269.031 25.9148 5.80592 0.00616177 269.04 25.399 5.8059
268.873 25.2485 5.81047 4.04227e-07 269.04 25.399 5.8059
268.866 25.0418 5.80676 3.6474e-11 269.04 25.399 5.8059
268.954 25.59 5.82827 4.37605e-08 269.04 25.399 5.8059
268.805 25.948 5.81278 8.26862e-06 269.04 25.399 5.8059
269.373 25.0196 5.80467 6.64624e-10 269.04 25.399 5.8059
269.106 25.4345 5.81497 0.000388792 269.04 25.399 5.8059
268.614 24.9191 5.78976 3.96366e-22 269.04 25.399 5.8059
269.097 25.2576 5.82622 7.11543e-11 269.04 25.399 5.8059
269.072 25.3991 5.787 3.18254e-05 269.04 25.399 5.8059
269.123 24.9756 5.81353 2.48241e-12 269.04 25.399 5.8059
269.454 25.3333 5.82474 2.99011e-12 269.04 25.399 5.8059
269.245 25.9009 5.81421 0.000846397 269.04 25.399 5.8059
269.087 24.9019 5.81625 2.59415e-15 269.04 25.399 5.8059
269.347 25.6559 5.79534 0.275777 269.04 25.399 5.8059
