-40.476 -53.6247 1.61746 2.73252e-05 -40.536 -53.408 1.6121
-40.675 -53.732 1.61086 6.32014e-07 -40.536 -53.408 1.6121
-40.4883 -53.6475 1.60866 6.50753e-05 -40.536 -53.408 1.6121
-40.8265 -53.249 1.59562 2.23653e-05 -40.536 -53.408 1.6121
-39.9933 -53.5594 1.59979 8.33352e-09 -40.536 -53.408 1.6121
-40.8233 -53.5046 1.61203 1.35243e-05 -40.536 -53.408 1.6121
-40.3991 -53.8797 1.62152 1.20272e-09 -40.536 -53.408 1.6121
-40.5815 -53.1184 1.61796 0.000264399 -40.536 -53.408 1.6121
-41.0026 -53.4131 1.59444 1.33096e-09 -40.536 -53.408 1.6121
-39.9963 -54.0743 1.61307 2.19494e-15 -40.536 -53.408 1.6121
-40.1944 -53.2739 1.59901 0.000756246 -40.536 -53.408 1.6121
-40.8341 -53.3 1.613 0.00010111 -40.536 -53.408 1.6121
-40.6369 -53.8941 1.59434 1.91686e-15 -40.536 -53.408 1.6121
-40.6965 -54.2357 1.6274 1.50344e-20 -40.536 -53.408 1.6121
-40.4276 -54.0378 1.62468 1.56504e-13 -40.536 -53.408 1.6121
-40.4731 -53.1216 1.60771 0.236553 -40.536 -53.408 1.6121
-40.4754 -53.3121 1.59614 0.000536003 -40.536 -53.408 1.6121
-40.546 -53.762 1.60664 3.69018e-07 -40.536 -53.408 1.6121
-40.6792 -54.0834 1.61602 3.97076e-14 -40.536 -53.408 1.6121
-40.2967 -53.4673 1.63651 2.79228e-15 -40.536 -53.408 1.6121
-40.9602 -53.7168 1.63812 1.0807e-23 -40.536 -53.408 1.6121
-39.8543 -53.5601 1.61379 2.24079e-08 -40.536 -53.408 1.6121
-40.2562 -53.9072 1.6152 1.94716e-09 -40.536 -53.408 1.6121
-40.2202 -52.9681 1.6141 0.000978547 -40.536 -53.408 1.6121
-40.3246 -53.492 1.61829 0.000237408 -40.536 -53.408 1.6121
-40.6346 -53.0643 1.62714 1.36385e-10 -40.536 -53.408 1.6121
-40.4651 -53.2583 1.61033 0.108295 -40.536 -53.408 1.6121
-40.6367 -53.4316 1.60736 0.00427112 -40.536 -53.408 1.6121
-40.6811 -53.6129 1.59578 1.10522e-08 -40.536 -53.408 1.6121
-40.3586 -53.32 1.60959 0.0696943 -40.536 -53.408 1.6121
-40.2666 -53.292 1.60347 0.020513 -40.536 -53.408 1.6121
-40.2941 -53.2881 1.61352 0.019851 -40.536 -53.408 1.6121
-40.5185 -53.696 1.61659 4.55628e-06 -40.536 -53.408 1.6121
-40.8057 -53.1989 1.62019 4.54136e-07 -40.536 -53.408 1.6121
-40.9 -53.5554 1.6151 1.32241e-07 -40.536 -53.408 1.6121
-40.3108 -53.772 1.61908 1.83798e-07 -40.536 -53.408 1.6121
-40.7261 -54.1632 1.64308 5.23801e-30 -40.536 -53.408 1.6121
-40.2974 -53.3295 1.60436 0.0233544 -40.536 -53.408 1.6121
-40.4565 -53.8438 1.59968 6.15558e-11 -40.536 -53.408 1.6121
-40.9954 -53.26 1.60714 5.29671e-06 -40.536 -53.408 1.6121
-40.6572 -53.3717 1.6373 5.14785e-18 -40.536 -53.408 1.6121
-40.5736 -53.0148 1.59465 0.00310095 -40.536 -53.408 1.6121
-40.6259 -53.4721 1.60149 0.000297783 -40.536 -53.408 1.6121
-40.8029 -53.3092 1.62375 8.1742e-09 -40.536 -53.408 1.6121
-40.0477 -53.0757 1.61446 0.000140752 -40.536 -53.408 1.6121
-40.264 -53.4209 1.61994 0.000109793 -40.536 -53.408 1.6121
-40.3821 -53.5665 1.61791 9.56398e-05 -40.536 -53.408 1.6121
-41.2052 -53.5474 1.59296 8.14974e-16 -40.536 -53.408 1.6121
-40.8019 -53.7771 1.61914 5.86965e-10 -40.536 -53.408 1.6121
-40.0628 -53.7699 1.6209 2.8766e-09 -40.536 -53.408 1.6121
-40.2978 -53.9795 1.60796 1.37128e-11 -40.536 -53.408 1.6121
-40.2419 -53.4056 1.61502 0.00240385 -40.536 -53.408 1.6121
-40.5276 -53.2152 1.60792 0.159039 -40.536 -53.408 1.6121
-40.527 -53.7425 1.5995 7.0061e-09 -40.536 -53.408 1.6121
-40.9197 -53.7289 1.6076 1.22178e-09 -40.536 -53.408 1.6121
-40.7936 -53.6122 1.61533 7.25787e-07 -40.536 -53.408 1.6121
-40.3258 -53.2155 1.60963 0.114458 -40.536 -53.408 1.6121
-40.5283 -52.9304 1.62496 1.14006e-09 -40.536 -53.408 1.6121
-40.1299 -53.3142 1.59449 1.38102e-06 -40.536 -53.408 1.6121
-39.9635 -53.5068 1.60584 9.94876e-07 -40.536 -53.408 1.6121
-39.9787 -53.232 1.60244 4.43859e-05 -40.536 -53.408 1.6121
-41.2206 -53.2781 1.61906 6.26043e-14 -40.536 -53.408 1.6121
-40.0966 -53.7006 1.61625 3.45052e-07 -40.536 -53.408 1.6121
-40.5883 -53.7396 1.61038 1.55119e-06 -40.536 -53.408 1.6121
-40.2438 -53.2306 1.5892 9.29745e-08 -40.536 -53.408 1.6121
-39.9244 -53.8315 1.6055 1.59013e-12 -40.536 -53.408 1.6121
-40.4454 -52.9621 1.62118 1.49602e-06 -40.536 -53.408 1.6121
-40.4957 -53.8154 1.62187 5.92143e-09 -40.536 -53.408 1.6121
-40.1226 -53.2605 1.61789 0.000172372 -40.536 -53.408 1.6121
-40.4515 -53.3993 1.62713 3.54343e-08 -40.536 -53.408 1.6121
-40.7629 -53.3011 1.60233 0.00173104 -40.536 -53.408 1.6121
-40.6577 -53.4508 1.59339 3.24968e-07 -40.536 -53.408 1.6121
-39.8212 -53.3468 1.60412 6.58988e-08 -40.536 -53.408 1.6121
-40.025 -53.6075 1.59393 3.42246e-12 -40.536 -53.408 1.6121
-40.7466 -52.9981 1.59595 0.0010269 -40.536 -53.408 1.6121
-40.4928 -53.5206 1.61324 0.0014548 -40.536 -53.408 1.6121
-40.3629 -53.5434 1.60915 0.00136461 -40.536 -53.408 1.6121
-40.9282 -53.4521 1.5991 2.25324e-07 -40.536 -53.408 1.6121
-40.0205 -53.4001 1.6074 8.84776e-05 -40.536 -53.408 1.6121
-40.3605 -53.2258 1.61118 0.0899786 -40.536 -53.408 1.6121
-40.311 -53.4842 1.62808 8.59155e-09 -40.536 -53.408 1.6121
-40.4731 -53.8916 1.63552 2.85595e-17 -40.536 -53.408 1.6121
-39.9499 -53.1049 1.62553 2.19011e-10 -40.536 -53.408 1.6121
-40.0966 -53.5551 1.59662 6.63338e-09 -40.536 -53.408 1.6121
-40.9991 -53.0484 1.61017 1.50093e-06 -40.536 -53.408 1.6121
-40.7279 -53.5955 1.61543 5.00233e-06 -40.536 -53.408 1.6121
-40.5726 -52.9451 1.61558 0.000230816 -40.536 -53.408 1.6121
-40.5224 -53.1041 1.63238 6.52691e-14 -40.536 -53.408 1.6121
-40.9524 -53.5133 1.61608 2.72765e-08 -40.536 -53.408 1.6121
-40.4962 -53.1993 1.61079 0.101407 -40.536 -53.408 1.6121
-40.5782 -53.956 1.59707 3.09939e-15 -40.536 -53.408 1.6121
-40.8072 -53.6873 1.60612 9.74469e-08 -40.536 -53.408 1.6121
-39.7863 -53.79 1.60389 1.30907e-14 -40.536 -53.408 1.6121
-40.142 -53.5296 1.59493 6.45147e-09 -40.536 -53.408 1.6121
-40.2101 -53.163 1.60444 0.035793 -40.536 -53.408 1.6121
-41.1713 -53.7482 1.61529 6.17269e-15 -40.536 -53.408 1.6121
-41.0104 -53.2194 1.61707 1.22159e-08 -40.536 -53.408 1.6121
-40.8054 -53.8362 1.60036 4.00317e-12 -40.536 -53.408 1.6121
-40.5052 -53.0586 1.61621 0.00150228 -40.536 -53.408 1.6121
-39.8016 -53.5778 1.59606 3.97247e-14 -40.536 -53.408 1.6121
