268.325 24.7929 5.71566 0.00159293
268.397 24.6034 5.68337 1.31751e-05
268.321 24.6657 5.71317 0.00515317
268.275 24.7336 5.70688 0.0930077
268.525 25.0112 5.68585 1.01134e-06
268.436 24.56 5.68034 5.0991e-07
268.273 25.0126 5.70075 0.00385015
268.212 24.7804 5.70825 0.100726
268.175 24.6628 5.70426 0.11414
268.788 25.103 5.69021 2.26325e-10
268.356 25.1578 5.6928 2.63918e-06
268.968 24.6795 5.70124 2.69338e-12
268.024 24.7397 5.70164 0.023076
268.749 24.6697 5.72867 3.25064e-17
268.51 24.6694 5.70374 0.00207256
268.606 24.4161 5.69373 2.05155e-06
268.707 24.5915 5.70262 1.22072e-06
268.483 24.7697 5.68305 9.30263e-06
268.767 25.0072 5.72001 6.07263e-14
268.313 24.1064 5.67615 1.15571e-15
268.24 24.4914 5.70681 0.0070753
268.2 25.1516 5.71402 1.45683e-05
268.366 25.326 5.70793 7.0154e-09
268.403 25.1005 5.7001 8.69746e-05
268.613 24.1617 5.69159 5.12625e-11
268.115 24.681 5.70536 0.0966286
268.078 24.2075 5.70554 2.53218e-07
268.206 24.6819 5.70684 0.113
268.443 24.8715 5.71092 0.00075834
268.642 24.6375 5.71016 1.38937e-06
268.196 25.3015 5.71709 6.40031e-09
268.336 24.8029 5.68539 9.2025e-05
267.971 24.5409 5.7305 2.00087e-08
268.381 24.9974 5.69529 0.000795205
268.325 25.2299 5.69487 3.80361e-07
269.082 24.5167 5.69442 1.03883e-15
268.155 24.6633 5.7105 0.053333
268.605 24.6981 5.6824 9.45885e-07
268.289 25.1099 5.71422 2.151e-05
269.113 25.0595 5.70701 2.93274e-20
268.602 24.7312 5.71166 5.222e-06
268.068 24.7614 5.71685 0.00638714
268.444 25.2418 5.7005 1.92647e-07
268.488 24.6689 5.70537 0.00261811
267.642 24.6793 5.7104 4.80832e-07
268.347 25.057 5.70324 0.000764694
268.049 24.5897 5.70581 0.0214694
268.078 24.4582 5.71017 0.00147942
268.47 24.883 5.72196 1.14697e-07
268.705 25.2106 5.71614 1.34916e-13
268.545 24.8497 5.71954 8.87633e-08
268.441 24.7968 5.69564 0.00777382
268.121 25.1197 5.69793 4.39639e-05
268.728 24.9166 5.7057 1.11633e-07
268.396 24.6008 5.72206 8.12181e-07
268.615 24.6091 5.70666 1.67294e-05
268.132 24.4276 5.70479 0.0015853
268.37 24.6546 5.71007 0.0075821
268.725 24.7421 5.72154 2.27991e-12
268.293 25.2103 5.68994 7.54781e-08
268.191 24.1043 5.69357 2.85486e-10
268.474 24.9869 5.69291 0.000138352
268.442 25.0527 5.67965 4.86372e-09
268.737 24.8817 5.7226 1.69379e-13
268.418 24.8421 5.72856 7.65048e-10
269.132 25.2019 5.69548 8.72801e-21
268.235 24.7258 5.67984 3.48362e-07
268.727 24.8561 5.69082 7.62306e-07
268.712 25.3484 5.70319 1.57533e-13
268.731 24.8499 5.70552 2.37824e-07
268.343 24.235 5.68882 2.92656e-08
267.968 24.3515 5.70675 1.8977e-05
268.096 24.313 5.71944 2.83303e-07
269.162 25.3783 5.7247 1.48824e-36
268.788 25.2426 5.73283 1.90167e-25
268.503 25.0284 5.71554 5.39553e-07
268.676 24.5414 5.6897 1.47089e-06
268.586 25.1567 5.71171 5.77216e-09
268.386 24.9886 5.67599 5.62067e-10
268.547 25.0762 5.70533 4.33921e-06
268.133 24.7928 5.71258 0.0365916
268.618 25.2671 5.69815 6.07314e-10
268.192 24.6474 5.70954 0.0565042
267.981 25.1548 5.70528 1.0039e-05
268.115 24.992 5.70784 0.00672548
268.43 24.63 5.70296 0.010827
268.339 24.6506 5.71132 0.00780033
268.354 25.027 5.71958 2.27745e-06
268.671 24.8508 5.71915 3.75763e-10
268.383 24.4914 5.70431 0.00228313
268.888 24.5462 5.69926 1.57359e-10
268.165 24.717 5.70838 0.107813
268.794 24.8196 5.69426 1.18979e-07
268.195 25.3171 5.69756 1.48475e-08
268.642 24.6293 5.67774 7.61701e-09
268.566 24.8158 5.71637 7.11838e-07
268.36 24.9822 5.69454 0.00104368
267.912 24.4138 5.71418 1.87766e-05
268.175 24.6671 5.70686 0.10503
268.285 24.0948 5.68369 7.32759e-13
