-40.8604 -56.5992 1.64751 0.000318916
-40.4816 -56.4571 1.64594 0.0685986
-40.383 -56.6016 1.65721 0.0335483
-40.7387 -56.6462 1.66986 1.59134e-10
-40.8615 -57.2054 1.64891 2.07073e-10
-40.6108 -56.5292 1.65234 0.032498
-40.4836 -56.8863 1.6458 0.000721211
-40.7753 -56.5878 1.64014 0.000161003
-39.7365 -56.3893 1.64379 3.54906e-10
-40.8367 -56.8256 1.64604 2.63018e-05
-40.3039 -56.8475 1.64196 3.53994e-05
-41.281 -57.2793 1.65847 3.36264e-20
-40.4474 -57.2034 1.64652 1.80331e-08
-40.8209 -56.9151 1.63969 5.50778e-08
-40.4866 -56.4928 1.653 0.072539
-40.4575 -56.3586 1.65394 0.0118173
-40.7387 -56.5395 1.63361 9.9155e-07
-40.9769 -56.6171 1.64157 1.66989e-06
-40.3275 -56.6104 1.64798 0.0719083
-40.5571 -56.5237 1.64885 0.0871016
-40.6522 -56.4937 1.633 1.70787e-06
-40.2381 -56.8081 1.66109 0.00172551
-40.3333 -56.6 1.64719 0.0614858
-40.5843 -56.6792 1.64197 0.00213712
-40.233 -56.9447 1.66243 0.000157509
-40.35 -56.7564 1.6587 0.0130704
-40.0424 -56.2502 1.65715 5.2692e-06
-40.4851 -56.5896 1.66436 4.69363e-05
-40.3996 -56.8492 1.65623 0.0120797
-40.144 -56.9399 1.64262 3.26152e-07
-40.3286 -57.0017 1.65975 0.000280537
-40.7901 -56.9837 1.64805 3.18358e-06
-40.0525 -56.6528 1.64839 0.000676588
-39.9372 -56.2295 1.66119 1.13195e-08
-39.8613 -57.0373 1.63714 3.34604e-16
-40.7907 -56.627 1.66753 1.02653e-09
-39.9284 -56.4277 1.64501 3.40281e-06
-40.4576 -55.9609 1.64316 2.85315e-06
-40.582 -56.6011 1.66658 7.53492e-07
-39.7141 -56.8291 1.63568 2.90649e-17
-40.6413 -57.1405 1.67525 3.79547e-14
-40.5761 -56.6087 1.65794 0.00530638
-40.0373 -56.2886 1.63708 7.73279e-08
-40.4964 -56.1874 1.65586 5.35973e-05
-39.9836 -56.235 1.65288 4.80708e-06
-40.9497 -56.6588 1.651 1.02431e-05
-40.1004 -56.3262 1.64589 0.000346185
-40.3399 -56.7919 1.65816 0.0126136
-40.8509 -56.8218 1.64644 2.25127e-05
-40.1476 -56.8456 1.63845 3.63094e-08
-40.2485 -56.7328 1.65635 0.0225584
-40.1351 -56.48 1.66034 0.000348068
-40.3166 -57.152 1.66617 2.03474e-07
-39.5728 -57.0044 1.63209 6.98325e-27
-40.9059 -57.2126 1.65714 6.44001e-11
-40.6148 -56.4452 1.63636 0.000119493
-40.3875 -57.2732 1.64507 1.39155e-10
-40.3465 -56.4466 1.64232 0.00833693
-39.8249 -56.6233 1.6777 1.3436e-15
-40.2426 -56.6058 1.6438 0.00376564
-40.405 -56.8673 1.65436 0.012016
-40.3026 -57.0348 1.6372 1.71926e-10
-40.5125 -56.6542 1.641 0.00192097
-40.4987 -56.7399 1.64264 0.00186024
-40.4501 -57.2887 1.64857 1.52246e-09
-40.8635 -56.3755 1.66693 2.39825e-12
-40.4913 -56.8778 1.64205 5.23171e-05
-40.4747 -56.7273 1.65252 0.0676332
-40.0395 -57.2568 1.65145 3.61999e-10
-39.8935 -57.0244 1.65036 1.40442e-08
-40.5426 -56.5982 1.65313 0.067334
-40.7624 -57.442 1.6214 6.18774e-36
-40.8976 -57.1508 1.65868 4.29151e-10
-40.1428 -56.6158 1.67019 5.96128e-08
-41.0129 -56.4758 1.66738 1.71521e-14
-40.5933 -57.075 1.63739 1.66561e-10
-40.4215 -56.8379 1.66146 0.0011816
-40.5749 -56.1071 1.66135 4.2179e-09
-40.1828 -56.6248 1.6707 4.16768e-08
-40.8262 -56.4278 1.63003 7.64167e-09
-40.7808 -56.9108 1.65783 9.85399e-06
-40.5061 -56.4822 1.64336 0.0268052
-40.3592 -56.7421 1.65253 0.0641206
-40.1952 -56.6496 1.64979 0.0207348
-40.2926 -56.6021 1.646 0.0259131
-40.565 -56.4919 1.64099 0.00573792
-40.9019 -56.8949 1.65068 2.18555e-06
-40.5763 -56.7306 1.64952 0.0282954
-40.3697 -56.3806 1.64076 0.00301579
-40.4229 -56.4887 1.64204 0.0117323
-40.673 -56.0183 1.64796 2.50538e-06
-40.5405 -56.2139 1.6354 2.22082e-05
-40.8432 -56.5644 1.66025 1.10159e-06
-40.2 -57.0463 1.64683 1.54066e-06
-40.5255 -56.7046 1.67069 1.18127e-08
-41.0681 -56.8756 1.65803 3.33005e-10
-40.4425 -56.7019 1.64845 0.0619038
-40.4773 -56.7483 1.6489 0.0379465
-40.3779 -56.6368 1.65714 0.0372841
-40.137 -56.9456 1.64839 3.21843e-05
