100.381 -28.1148 3.47549 0.000626611
99.8521 -27.6569 3.4792 3.77167e-05
99.8958 -27.9809 3.49356 6.55463e-08
99.2351 -27.943 3.47612 3.60165e-08
100.069 -28.0637 3.47756 0.0628431
99.1582 -28.4543 3.48031 2.81261e-11
99.9737 -27.9654 3.48907 3.33034e-05
100.088 -28.7887 3.49148 1.38068e-12
99.4102 -28.8183 3.48649 6.67645e-15
99.9823 -28.0046 3.46802 0.00898334
99.6519 -28.2648 3.47979 0.00246046
99.6528 -28.3208 3.47628 0.0119816
99.5682 -27.9208 3.4922 3.62234e-10
99.8056 -28.3606 3.47696 0.0397384
100.081 -27.9602 3.46924 0.0034212
100.296 -28.4587 3.47746 0.000621868
100.05 -27.8616 3.47264 0.00328327
99.9185 -28.2542 3.47816 0.0909652
99.772 -28.0733 3.46628 0.0126283
99.9258 -28.0093 3.49399 5.30609e-08
99.781 -28.3736 3.49231 4.20888e-09
99.878 -28.4528 3.48396 0.000162448
99.5441 -27.8949 3.4622 5.02493e-06
99.9136 -28.1902 3.47585 0.196107
100.132 -28.4561 3.47825 0.00544019
99.7072 -28.3834 3.47431 0.0301814
99.7544 -27.992 3.47463 0.0290185
99.8807 -28.4385 3.45926 0.000179847
100.091 -28.5322 3.46916 0.00414308
100.025 -28.0116 3.50552 5.33022e-17
98.9718 -28.5683 3.47761 5.03941e-15
100.048 -28.3263 3.49479 3.50422e-09
100.074 -28.8303 3.47816 5.51393e-07
99.9157 -28.0258 3.46781 0.0155218
100.252 -27.9497 3.48171 0.00130393
99.6204 -28.5189 3.47363 0.00186468
99.9694 -28.697 3.46599 0.000220169
99.3827 -27.9469 3.49066 7.32773e-12
100.267 -28.8063 3.44828 1.08568e-16
99.6555 -27.4133 3.4781 8.11065e-10
99.6742 -28.33 3.47571 0.0195594
100.168 -27.3431 3.46598 3.50716e-14
99.9431 -29.1669 3.48403 3.47031e-16
99.865 -28.0693 3.46552 0.00818369
100.321 -28.524 3.49508 1.21912e-11
100.005 -28.7203 3.47435 0.000143976
99.8191 -27.6294 3.47697 1.75565e-05
99.8145 -28.1231 3.46556 0.0154464
100.248 -28.8018 3.45926 1.38592e-09
99.3673 -28.5213 3.47554 1.71868e-06
99.8196 -27.788 3.47344 0.00112711
99.2323 -27.8357 3.48269 6.45522e-11
100.361 -28.4486 3.46929 5.70212e-05
99.7187 -28.5662 3.46523 0.00254623
99.4541 -28.5878 3.47013 5.22768e-05
99.75 -28.4258 3.4607 0.000945522
99.8003 -28.1637 3.47677 0.0912762
99.8407 -29.0613 3.45516 6.99507e-12
99.4229 -27.5526 3.48355 4.43444e-11
100.009 -28.492 3.48776 2.48743e-06
100.153 -28.089 3.47158 0.0181096
99.9415 -28.3968 3.48849 4.87311e-06
100.044 -28.0605 3.48794 0.000190453
99.7425 -28.2671 3.47349 0.105609
99.6649 -28.4782 3.48862 1.4345e-08
99.4886 -28.7047 3.47446 1.48612e-06
100.093 -28.3452 3.47863 0.0264451
99.6671 -28.0959 3.48869 1.06149e-06
99.5974 -28.0894 3.4778 0.00286738
99.121 -27.7795 3.47083 5.31456e-11
99.6024 -27.8719 3.47765 0.000298629
100.182 -28.3404 3.49129 4.55464e-07
99.9734 -27.9059 3.49483 1.62503e-08
99.7652 -28.4179 3.48823 5.89714e-07
100.051 -28.7354 3.46281 7.58536e-06
100.718 -27.6771 3.46164 7.8948e-19
100.348 -28.2003 3.47513 0.00161404
99.551 -28.4184 3.47038 0.00418843
99.8033 -28.1509 3.46119 0.000766457
100.255 -27.9934 3.46558 1.86641e-05
99.3033 -28.5056 3.47931 1.28561e-08
100.104 -27.9937 3.47227 0.0155531
100.571 -28.2656 3.4865 1.64832e-07
100.113 -28.3647 3.48962 3.17068e-06
100.058 -28.7605 3.48479 3.03922e-08
100.079 -28.5758 3.48024 0.000299139
99.4369 -28.6411 3.48058 1.47637e-08
99.2841 -28.0988 3.47509 1.68221e-06
99.8252 -28.8964 3.44387 1.27055e-16
99.8875 -28.5609 3.48157 0.000155708
99.9174 -28.4245 3.47598 0.0453187
100.235 -28.2119 3.4688 0.00243459
99.8223 -28.7045 3.46341 0.000118389
99.799 -28.1502 3.47574 0.114766
99.816 -27.6721 3.47944 4.1418e-05
100.709 -27.7943 3.46081 1.52129e-17
99.6563 -27.7034 3.48558 3.01978e-07
99.422 -28.5689 3.46906 4.05609e-05
99.6866 -28.2194 3.48674 1.07785e-05
99.5338 -27.9062 3.49443 3.2223e-12
