138.022 20.6992 0.0594805 1.0831e-05 138.18 20.186 0.073723
138.456 20.3229 0.0803725 2.30214e-06 138.18 20.186 0.073723
137.923 20.7541 0.0674977 4.87336e-05 138.18 20.186 0.073723
138.475 20.14 0.0882528 2.80349e-11 138.18 20.186 0.073723
137.883 20.2011 0.070785 0.0296799 138.18 20.186 0.073723
138.363 20.2731 0.0679053 0.0126822 138.18 20.186 0.073723
138.117 20.4619 0.0702006 0.119179 138.18 20.186 0.073723
138.266 20.3228 0.0760344 0.015615 138.18 20.186 0.073723
138.389 20.3141 0.0710991 0.00783287 138.18 20.186 0.073723
138.327 20.1658 0.055049 1.25821e-07 138.18 20.186 0.073723
138.032 20.6296 0.0494178 2.69535e-11 138.18 20.186 0.073723
138.682 20.4095 0.0732014 5.57303e-08 138.18 20.186 0.073723
138.151 19.6627 0.0496894 2.04183e-22 138.18 20.186 0.073723
137.968 20.1629 0.0632723 0.000423317 138.18 20.186 0.073723
137.906 19.8189 0.0723555 1.02476e-05 138.18 20.186 0.073723
136.971 20.2142 0.0833241 9.78339e-20 138.18 20.186 0.073723
138.323 20.182 0.0546148 9.84798e-08 138.18 20.186 0.073723
138.438 20.2151 0.0914347 2.82233e-13 138.18 20.186 0.073723
138.48 20.5437 0.0740871 1.55284e-05 138.18 20.186 0.073723
138.543 20.2926 0.0637586 6.4988e-05 138.18 20.186 0.073723
137.563 20.6383 0.069772 7.32929e-08 138.18 20.186 0.073723
137.784 20.3893 0.0911113 9.41419e-09 138.18 20.186 0.073723
137.938 20.6416 0.0827811 1.6054e-06 138.18 20.186 0.073723
138.446 20.1572 0.0611178 2.3218e-05 138.18 20.186 0.073723
138.439 20.8429 0.0914591 4.26106e-22 138.18 20.186 0.073723
138.06 20.2416 0.0668809 0.0523197 138.18 20.186 0.073723
138.572 20.8501 0.0965059 1.73788e-31 138.18 20.186 0.073723
137.993 20.569 0.0809987 0.000100851 138.18 20.186 0.073723
137.442 20.526 0.0576446 2.43216e-15 138.18 20.186 0.073723
138.014 20.549 0.0684837 0.0226556 138.18 20.186 0.073723
138.349 20.3491 0.0734689 0.00895657 138.18 20.186 0.073723
138.638 20.7738 0.0670045 5.7331e-09 138.18 20.186 0.073723
137.832 20.1279 0.0673642 0.000611408 138.18 20.186 0.073723
138.416 20.6441 0.0755673 2.95497e-06 138.18 20.186 0.073723
138.112 19.832 0.0776725 5.86898e-05 138.18 20.186 0.073723
137.858 20.6025 0.0584452 5.23599e-07 138.18 20.186 0.073723
138.606 21.1822 0.0703432 3.33187e-18 138.18 20.186 0.073723
138.074 20.5662 0.0834572 4.50852e-06 138.18 20.186 0.073723
137.53 20.4083 0.0622116 4.84476e-10 138.18 20.186 0.073723
138.528 20.5071 0.0788376 6.01871e-08 138.18 20.186 0.073723
138.218 20.245 0.0811544 0.0010883 138.18 20.186 0.073723
138.35 21.205 0.071127 7.86441e-16 138.18 20.186 0.073723
138.642 20.5092 0.0658529 2.05406e-06 138.18 20.186 0.073723
138.51 20.4697 0.0499033 5.90426e-10 138.18 20.186 0.073723
138.775 20.8578 0.0552606 6.75333e-13 138.18 20.186 0.073723
137.612 20.7127 0.0833418 6.33378e-10 138.18 20.186 0.073723
138.001 20.8781 0.0681764 1.49187e-06 138.18 20.186 0.073723
138.168 19.6479 0.0658717 1.29771e-10 138.18 20.186 0.073723
138.638 20.2637 0.0694669 2.9375e-06 138.18 20.186 0.073723
138.109 20.7366 0.068847 0.00040545 138.18 20.186 0.073723
137.93 20.3022 0.0688007 0.0519777 138.18 20.186 0.073723
138.341 20.1223 0.0560393 1.5945e-07 138.18 20.186 0.073723
137.779 19.8701 0.0902449 3.87596e-08 138.18 20.186 0.073723
138.15 20.107 0.0637484 0.00104095 138.18 20.186 0.073723
138.04 20.4822 0.0647874 0.015845 138.18 20.186 0.073723
138.181 19.9626 0.0635631 1.68075e-05 138.18 20.186 0.073723
138.197 20.3621 0.0629705 0.0126388 138.18 20.186 0.073723
138.13 20.6478 0.0806065 6.01489e-06 138.18 20.186 0.073723
137.671 20.5301 0.0729076 7.6146e-05 138.18 20.186 0.073723
138.216 20.4794 0.0865713 5.1023e-08 138.18 20.186 0.073723
137.967 20.1359 0.0480881 9.61937e-16 138.18 20.186 0.073723
138.154 20.7047 0.0684487 0.00100067 138.18 20.186 0.073723
138.442 19.8377 0.076453 1.43e-07 138.18 20.186 0.073723
138.33 20.455 0.0714787 0.0116083 138.18 20.186 0.073723
138.38 20.3127 0.0762102 0.0011133 138.18 20.186 0.073723
138.263 20.3677 0.0703643 0.079131 138.18 20.186 0.073723
137.911 20.9031 0.0606989 9.0405e-09 138.18 20.186 0.073723
138.438 20.0635 0.0741341 0.00010814 138.18 20.186 0.073723
137.743 20.5033 0.0748657 0.000808771 138.18 20.186 0.073723
137.666 20.1164 0.0619646 6.92763e-09 138.18 20.186 0.073723
138.057 20.1513 0.0874928 1.12359e-05 138.18 20.186 0.073723
137.988 20.0509 0.0622199 1.48115e-05 138.18 20.186 0.073723
138.059 20.3379 0.073447 0.237978 138.18 20.186 0.073723
138.318 19.9304 0.0701936 8.80641e-05 138.18 20.186 0.073723
138.417 20.3918 0.0658319 0.00367249 138.18 20.186 0.073723
138.12 20.069 0.0629214 0.000183902 138.18 20.186 0.073723
137.742 20.0897 0.0611517 2.02205e-08 138.18 20.186 0.073723
138.427 20.5256 0.0642656 0.000866441 138.18 20.186 0.073723
138.79 21.0682 0.0722543 8.62547e-20 138.18 20.186 0.073723
137.995 20.8888 0.0702256 7.07799e-07 138.18 20.186 0.073723
137.739 20.3 0.0840069 0.000122088 138.18 20.186 0.073723
138.338 20.1638 0.0785332 0.00055538 138.18 20.186 0.073723
138.318 20.6171 0.0801521 8.09618e-07 138.18 20.186 0.073723
138.374 20.5418 0.0613358 0.000570111 138.18 20.186 0.073723
138.236 20.3516 0.0635883 0.0159661 138.18 20.186 0.073723
138.166 20.4997 0.0526605 1.13814e-07 138.18 20.186 0.073723
138.261 20.5537 0.0657694 0.0103125 138.18 20.186 0.073723
137.595 20.2675 0.0818083 2.45977e-05 138.18 20.186 0.073723
138.42 20.1666 0.065793 0.000740302 138.18 20.186 0.073723
138.289 20.5833 0.0776364 6.07461e-05 138.18 20.186 0.073723
138.228 20.5068 0.0938874 9.56589e-15 138.18 20.186 0.073723
138.119 20.5381 0.0698114 0.0424697 138.18 20.186 0.073723
138.187 20.3114 0.0703023 0.18351 138.18 20.186 0.073723
138.1 20.5081 0.0677231 0.0527453 138.18 20.186 0.073723
138.316 20.2387 0.0896104 8.69082e-10 138.18 20.186 0.073723
137.627 20.2293 0.0715378 7.10637e-05 138.18 20.186 0.073723
137.5 20.5806 0.0628243 5.95092e-11 138.18 20.186 0.073723
138.616 20.1575 0.0840476 2.52666e-11 138.18 20.186 0.073723
138.24 20.1317 0.0790078 0.00282366 138.18 20.186 0.073723
138.534 20.4691 0.0714297 3.86942e-05 138.18 20.186 0.073723
