194.498 24.3804 0.0618009 0.00018822
194.705 24.3783 0.0616115 0.000204568
194.897 25.2062 0.0585671 9.7291e-07
194.298 24.6725 0.0646747 0.00616617
194.458 24.9086 0.0616306 0.0484214
194.883 24.5571 0.0674365 0.000110989
194.792 25.0373 0.0818345 1.45504e-10
194.616 23.8252 0.0581187 1.70909e-18
194.417 24.5376 0.0619587 0.00535364
195.116 25.0342 0.0812603 5.09593e-17
193.835 24.5147 0.0759935 2.42967e-13
194.775 24.3236 0.0708754 4.68384e-08
195.2 24.9447 0.0641689 5.72071e-09
194.828 24.0884 0.0833845 8.82005e-24
194.626 23.9801 0.0662832 3.69148e-14
194.871 24.7607 0.0499587 5.69149e-05
193.997 24.8528 0.0692439 3.42976e-07
194.64 24.27 0.0618987 3.80444e-06
194.489 24.6285 0.0555717 0.00270137
194.095 25.098 0.0896789 9.4775e-15
194.686 24.9932 0.0675635 0.0175936
194.246 24.3289 0.0577168 1.66557e-08
194.169 24.7884 0.0527447 5.91055e-09
194.243 24.8333 0.0687527 0.002979
194.409 24.614 0.0598165 0.00812279
194.942 24.3723 0.0690286 1.5335e-08
194.187 24.5069 0.0628441 7.24069e-06
194.613 25.0154 0.0538873 0.000154632
194.646 24.9521 0.0496818 5.89462e-06
194.144 24.5903 0.0677748 2.07849e-05
194.325 24.4539 0.0519278 4.87227e-08
194.623 24.605 0.0562405 0.0132032
194.705 24.9471 0.0803541 7.38277e-08
193.954 24.5735 0.0480774 2.69337e-18
194.36 25.0133 0.057595 8.27581e-05
194.317 24.3887 0.0806699 1.07325e-10
194.206 24.85 0.0773565 1.63908e-05
194.441 24.5805 0.0503171 2.10055e-06
194.75 24.4344 0.0629947 0.000644984
194.465 24.8586 0.0716122 0.0269716
194.348 25.0874 0.0707739 0.000574312
194.295 24.7801 0.0498655 1.88211e-08
194.389 24.4149 0.0685009 6.53286e-05
195.088 24.4539 0.0656442 1.25091e-08
195.238 24.4557 0.0801826 3.20166e-22
194.685 24.6203 0.0903754 3.92873e-18
194.308 24.9005 0.0774468 7.08063e-05
194.933 24.9998 0.0584835 0.000217151
194.345 24.3067 0.0547181 1.73826e-08
194.641 24.4492 0.0448165 3.67194e-09
194.546 25.1931 0.0580807 1.27495e-05
194.523 24.2192 0.0509089 8.61381e-10
194.255 25.1461 0.0710305 1.97749e-05
195.012 24.7226 0.0594825 0.000283256
194.733 24.2118 0.0653364 3.6526e-08
194.721 24.2804 0.0645176 1.7268e-06
194.492 24.5428 0.0649927 0.0177194
194.577 24.4226 0.0754279 3.97161e-07
194.666 25.1455 0.0834424 4.63582e-11
194.349 25.185 0.0458138 4.26163e-15
194.726 25.0382 0.0642749 0.00886184
194.008 24.9498 0.0756163 7.42366e-08
194.38 25.1737 0.0571249 7.01976e-07
194.206 24.6091 0.0665767 0.00023001
194.499 24.6536 0.0709438 0.0141711
195.075 24.4974 0.0528172 5.27717e-07
194.811 24.5796 0.0663537 0.00228327
194.944 24.9693 0.061892 0.00039974
194.637 24.3968 0.0524474 1.08226e-05
194.453 24.108 0.0532683 7.30295e-12
194.351 25.0142 0.0798111 2.78582e-06
194.589 24.3623 0.0608037 0.000158367
194.552 24.105 0.0455594 7.23715e-15
195.263 24.6357 0.0831909 5.85084e-24
194.562 24.7308 0.0603865 0.185299
194.665 25.0713 0.0664949 0.00593165
194.05 24.3847 0.0607563 1.86425e-10
194.34 24.3647 0.0828681 1.26235e-12
194.298 24.1653 0.0588539 1.11005e-10
193.843 24.7196 0.0659261 2.04214e-11
194.235 24.7196 0.0775498 1.17608e-05
194.152 24.7257 0.0759005 7.93394e-06
194.113 24.6206 0.0628647 3.46347e-06
194.899 24.5137 0.0739587 2.54664e-08
194.251 24.8265 0.0460807 2.14397e-12
194.476 24.6715 0.06287 0.113025
194.209 25.2656 0.0713205 9.69995e-08
194.901 24.9842 0.070511 2.30258e-05
194.524 24.5039 0.0534053 0.000108119
194.431 24.6208 0.0396472 6.56155e-15
195.013 24.516 0.065304 2.1716e-06
194.388 24.8633 0.0723372 0.0104761
194.732 24.6684 0.0623537 0.098595
194.396 25.027 0.058756 0.000374878
194.509 24.8355 0.0728454 0.012937
194.333 24.1045 0.0597647 1.44127e-11
194.498 24.7971 0.0675567 0.18981
194.624 24.6515 0.0506084 0.00014531
194.481 24.8244 0.0665488 0.205152
195.16 24.6632 0.0848386 3.26154e-22
