-37.9225 -71.4769 1.95451 0.0472132 -38.243 -71.471 1.9539
-38.1547 -71.4623 1.94222 0.00585242 -38.243 -71.471 1.9539
-38.5084 -71.4891 1.95038 0.0281882 -38.243 -71.471 1.9539
-37.9357 -71.5497 1.94565 0.00136355 -38.243 -71.471 1.9539
-38.4562 -71.5323 1.9449 0.0249874 -38.243 -71.471 1.9539
-38.712 -71.3185 1.94991 0.000232649 -38.243 -71.471 1.9539
-38.4445 -71.8088 1.95978 0.000518224 -38.243 -71.471 1.9539
-38.2826 -71.3784 1.98146 4.15982e-16 -38.243 -71.471 1.9539
-38.4211 -71.277 1.95267 0.0165663 -38.243 -71.471 1.9539
-38.2385 -70.66 1.95291 6.95637e-10 -38.243 -71.471 1.9539
-38.6534 -71.3259 1.95569 5.16064e-05 -38.243 -71.471 1.9539
-38.3637 -71.5697 1.94977 0.111552 -38.243 -71.471 1.9539
-37.6721 -71.5276 1.94692 3.45831e-06 -38.243 -71.471 1.9539
-38.3919 -71.4583 1.96261 0.000377331 -38.243 -71.471 1.9539
-37.9077 -71.0378 1.98258 3.86394e-19 -38.243 -71.471 1.9539
-38.1965 -71.2069 1.96006 0.000859103 -38.243 -71.471 1.9539
-38.1592 -71.3448 1.95073 0.14321 -38.243 -71.471 1.9539
-38.1376 -71.5354 1.96171 0.025662 -38.243 -71.471 1.9539
-38.3539 -71.8855 1.97837 3.47126e-12 -38.243 -71.471 1.9539
-38.3693 -70.859 1.94398 1.47973e-05 -38.243 -71.471 1.9539
-38.439 -71.7323 1.95522 0.00796952 -38.243 -71.471 1.9539
-38.9363 -71.6846 1.93813 2.65982e-08 -38.243 -71.471 1.9539
-38.4298 -71.2357 1.95936 0.000138702 -38.243 -71.471 1.9539
-38.5015 -71.4362 1.95427 0.00993738 -38.243 -71.471 1.9539
-38.7727 -71.5978 1.93929 1.2439e-05 -38.243 -71.471 1.9539
-38.613 -71.5652 1.95937 4.52116e-05 -38.243 -71.471 1.9539
-38.2256 -71.176 1.95979 0.000430356 -38.243 -71.471 1.9539
-38.1969 -71.1392 1.96834 3.11545e-08 -38.243 -71.471 1.9539
-37.8315 -71.5228 1.96717 0.000480552 -38.243 -71.471 1.9539
-37.9046 -71.2438 1.96193 0.000435619 -38.243 -71.471 1.9539
-37.8219 -70.9592 1.96209 5.35036e-08 -38.243 -71.471 1.9539
-38.1238 -71.3151 1.95535 0.0613065 -38.243 -71.471 1.9539
-38.9025 -71.4716 1.9651 4.16193e-13 -38.243 -71.471 1.9539
-37.7796 -71.0167 1.94557 5.47663e-07 -38.243 -71.471 1.9539
-38.3682 -71.1678 1.95222 0.00654402 -38.243 -71.471 1.9539
-38.4897 -71.4086 1.95361 0.0138855 -38.243 -71.471 1.9539
-38.1849 -71.0092 1.97466 1.54728e-14 -38.243 -71.471 1.9539
-38.2666 -71.5448 1.94017 0.00166367 -38.243 -71.471 1.9539
-38.4248 -70.7042 1.95959 1.75765e-12 -38.243 -71.471 1.9539
-38.3579 -71.1381 1.95674 0.000402966 -38.243 -71.471 1.9539
-38.7357 -71.3243 1.95249 3.69404e-05 -38.243 -71.471 1.9539
-37.9974 -71.6161 1.96586 0.00352766 -38.243 -71.471 1.9539
-38.629 -71.3796 1.95783 3.57552e-05 -38.243 -71.471 1.9539
-38.0901 -71.9284 1.95753 0.00328324 -38.243 -71.471 1.9539
-38.4986 -71.3757 1.97572 4.06505e-14 -38.243 -71.471 1.9539
-38.2268 -71.2519 1.96712 1.95314e-06 -38.243 -71.471 1.9539
-38.6876 -71.7238 1.95163 0.000101394 -38.243 -71.471 1.9539
-38.8168 -71.201 1.94471 1.8061e-05 -38.243 -71.471 1.9539
-38.0826 -71.0731 1.94308 0.000343292 -38.243 -71.471 1.9539
-37.7954 -71.2001 1.95906 0.00016273 -38.243 -71.471 1.9539
-38.3793 -71.6007 1.94955 0.078882 -38.243 -71.471 1.9539
-38.8906 -71.2024 1.95953 2.66126e-11 -38.243 -71.471 1.9539
-38.1727 -71.4235 1.96294 0.00397898 -38.243 -71.471 1.9539
-37.8856 -70.9398 1.95199 3.52379e-06 -38.243 -71.471 1.9539
-38.4955 -71.2148 1.94618 0.0100771 -38.243 -71.471 1.9539
-38.5597 -71.8023 1.93332 1.11651e-08 -38.243 -71.471 1.9539
-38.1435 -70.9525 1.9351 4.64038e-07 -38.243 -71.471 1.9539
-38.3455 -71.5151 1.97139 6.76004e-08 -38.243 -71.471 1.9539
-38.1797 -71.8045 1.97062 1.10307e-05 -38.243 -71.471 1.9539
-38.4936 -71.6165 1.97124 2.94186e-09 -38.243 -71.471 1.9539
-38.5987 -71.93 1.94273 1.07245e-06 -38.243 -71.471 1.9539
-38.1853 -71.8386 1.95727 0.0154999 -38.243 -71.471 1.9539
-38.747 -71.2429 1.96178 1.33678e-09 -38.243 -71.471 1.9539
-38.8256 -71.0973 1.95241 5.65103e-08 -38.243 -71.471 1.9539
-38.4568 -71.6298 1.94358 0.0054187 -38.243 -71.471 1.9539
-38.5408 -71.6425 1.95424 0.00367827 -38.243 -71.471 1.9539
-38.0629 -71.9967 1.94806 1.22982e-05 -38.243 -71.471 1.9539
-38.3984 -71.4885 1.95667 0.0233267 -38.243 -71.471 1.9539
-38.5245 -71.2426 1.96775 7.59992e-10 -38.243 -71.471 1.9539
-38.7042 -71.7249 1.94722 8.55831e-05 -38.243 -71.471 1.9539
-38.3863 -71.4978 1.95408 0.0728351 -38.243 -71.471 1.9539
-38.5442 -71.1753 1.95107 0.00102498 -38.243 -71.471 1.9539
-38.6677 -71.1779 1.96024 3.65379e-08 -38.243 -71.471 1.9539
-38.7278 -71.5823 1.9697 3.14023e-12 -38.243 -71.471 1.9539
-38.186 -71.4096 1.97219 1.21738e-07 -38.243 -71.471 1.9539
-38.1655 -71.2692 1.94874 0.0626794 -38.243 -71.471 1.9539
-39.2795 -71.6698 1.95671 1.50066e-17 -38.243 -71.471 1.9539
-38.3637 -71.1583 1.95518 0.00151746 -38.243 -71.471 1.9539
-38.4438 -71.2776 1.95088 0.0213489 -38.243 -71.471 1.9539
-37.9639 -71.5608 1.94247 0.000158458 -38.243 -71.471 1.9539
-38.3529 -71.3596 1.95746 0.011573 -38.243 -71.471 1.9539
-38.953 -71.4826 1.96786 3.81874e-16 -38.243 -71.471 1.9539
-37.6783 -71.5011 1.96549 0.000150961 -38.243 -71.471 1.9539
-38.8821 -71.3726 1.94192 8.58255e-06 -38.243 -71.471 1.9539
-38.4035 -71.5204 1.95886 0.0073191 -38.243 -71.471 1.9539
-38.4138 -71.3464 1.95364 0.0273018 -38.243 -71.471 1.9539
-38.7628 -71.3446 1.93931 9.67194e-05 -38.243 -71.471 1.9539
-38.5177 -71.3589 1.97872 2.60681e-17 -38.243 -71.471 1.9539
-37.8736 -71.4409 1.94362 0.000115339 -38.243 -71.471 1.9539
-38.4146 -71.5792 1.96878 6.9694e-07 -38.243 -71.471 1.9539
-38.4107 -70.5138 1.95644 3.49556e-15 -38.243 -71.471 1.9539
-38.5995 -72.1213 1.95804 3.13453e-08 -38.243 -71.471 1.9539
-39.2529 -71.3444 1.95646 5.22968e-17 -38.243 -71.471 1.9539
-38.8244 -70.9069 1.92993 6.79134e-09 -38.243 -71.471 1.9539
-38.2146 -71.8317 1.95738 0.0150055 -38.243 -71.471 1.9539
-38.4277 -71.7722 1.95579 0.00509725 -38.243 -71.471 1.9539
-38.4783 -71.6956 1.95012 0.0110388 -38.243 -71.471 1.9539
-37.7861 -71.9054 1.94965 3.47409e-06 -38.243 -71.471 1.9539
-38.3998 -71.5152 1.95083 0.104331 -38.243 -71.471 1.9539
-37.5788 -71.8261 1.95411 1.10608e-06 -38.243 -71.471 1.9539
