277.665 3.73066 4.6045 1.53171e-05
277.944 3.97419 4.63118 8.85987e-08
278.084 3.51835 4.62444 0.0404743
278.632 3.0713 4.60052 8.49768e-12
278.131 3.91785 4.63083 2.32744e-05
277.539 3.04248 4.60367 3.60941e-07
278.663 3.10071 4.61444 1.08294e-08
278.375 3.46601 4.62455 0.028649
278.404 3.44075 4.61992 0.0177251
279.106 4.0196 4.63102 1.40208e-17
277.726 3.19787 4.59903 0.00135704
278.093 3.75078 4.625 0.00399794
278.38 3.93106 4.61466 1.56217e-06
278.272 3.29155 4.63016 0.00145328
278.438 3.90968 4.63088 3.36027e-05
278.453 3.62793 4.64076 0.000126149
278.617 3.43217 4.63851 1.85003e-05
277.295 4.14114 4.61221 4.04879e-20
278.107 3.37699 4.63426 0.00012605
278.646 3.30784 4.62641 1.45189e-05
278.657 3.79013 4.62164 7.4866e-07
278.142 3.37318 4.61593 0.171089
278.382 3.55307 4.62224 0.0265604
278.548 3.68058 4.62135 0.000190573
278.086 3.68485 4.59883 9.35031e-05
278.181 3.16403 4.62864 0.000104407
278.355 4.12427 4.60149 2.22387e-14
278.405 4.15683 4.62051 4.57784e-10
278.417 3.75872 4.64091 5.32704e-05
278.542 3.79661 4.61803 6.75936e-06
278.519 3.20272 4.62918 2.81372e-05
278.478 2.91014 4.60558 1.38186e-09
278.325 3.65808 4.63669 0.000908475
278.295 4.00965 4.61894 1.3221e-06
278.087 3.58998 4.61972 0.0872031
277.562 4.03396 4.59849 1.86859e-12
277.973 3.50352 4.64537 4.97636e-10
278.657 3.22072 4.63218 8.87514e-07
278.536 3.6179 4.62585 0.00112083
278.603 3.54998 4.62465 0.000238986
278.12 3.74612 4.63411 0.000202018
277.444 3.59628 4.60822 6.26506e-08
278.55 3.42742 4.62403 0.000837471
278.021 3.93612 4.61648 2.24108e-05
277.932 3.56937 4.62732 0.000720666
278.369 3.39776 4.63226 0.00260943
278.182 3.57456 4.61693 0.123666
277.989 3.56599 4.63148 0.000259217
278.322 3.4189 4.61891 0.0561275
278.522 3.50464 4.61483 0.000258406
278.125 3.49517 4.63124 0.00337598
278.326 3.62898 4.61256 0.00529175
278.357 3.5348 4.61438 0.0140004
277.977 3.58232 4.61108 0.0618274
278.223 3.53638 4.61988 0.134306
278.266 4.08041 4.63375 1.21166e-07
278.707 4.04805 4.64543 9.15626e-10
278.873 3.78452 4.61011 5.42872e-15
277.944 3.80738 4.62394 0.000160064
277.937 4.09093 4.61065 3.94036e-09
279.008 3.42306 4.62157 4.03513e-13
277.508 3.30529 4.63078 7.0547e-14
278.149 3.41698 4.60327 0.0175965
278.348 3.35459 4.63262 0.00132445
278.26 3.55191 4.61008 0.0188543
277.77 3.42728 4.61922 0.00048936
277.818 3.90957 4.60473 7.84741e-07
278.143 4.23741 4.61781 2.17609e-11
277.86 3.03981 4.63318 4.26376e-11
278.375 3.32503 4.60798 0.00105662
278.423 3.75984 4.60693 1.54485e-06
278.118 3.61818 4.62078 0.0689966
278.072 3.04297 4.62208 2.71063e-05
278.649 3.37366 4.6171 5.11302e-06
277.816 4.17769 4.62466 3.93679e-12
278.105 3.76205 4.62026 0.0067925
277.798 3.43955 4.60194 0.0133176
278.512 3.94232 4.64473 2.51412e-07
278.584 3.43666 4.62149 0.000241655
278.139 3.63667 4.6261 0.0222445
278.202 4.15516 4.60116 1.25551e-13
278.551 3.25162 4.62225 8.2142e-05
277.916 3.99045 4.59363 7.8639e-11
278.408 3.5554 4.62499 0.0179484
278.317 3.59684 4.62145 0.0449353
278.049 3.92865 4.61201 1.61293e-05
278.171 3.0263 4.6287 8.57042e-07
277.867 3.93373 4.61155 2.4046e-06
278.338 4.19859 4.61427 7.90221e-12
278.45 3.38319 4.63483 0.000423303
278.419 3.17416 4.62436 0.000222704
278.786 3.56286 4.63295 1.05195e-06
278.507 3.7124 4.6123 9.20201e-06
278.787 3.02743 4.62298 2.95209e-11
277.521 3.78604 4.62657 5.38504e-12
278.383 3.98684 4.61301 6.84102e-08
278.745 3.15811 4.63787 2.03268e-09
278.571 3.74958 4.60491 1.42264e-09
278.51 3.01181 4.63914 3.04322e-10
278.509 3.33764 4.61265 0.000127881
