144.733 21.5139 0.0811463 0.000246534 144.51 21.201 0.071278
143.86 21.2754 0.0710875 9.55078e-11 144.51 21.201 0.071278
144.968 21.6033 0.0874919 4.35649e-12 144.51 21.201 0.071278
144.776 21.457 0.0634849 0.0148062 144.51 21.201 0.071278
144.473 21.2594 0.0881172 2.34416e-07 144.51 21.201 0.071278
144.076 21.1938 0.0660288 4.95586e-09 144.51 21.201 0.071278
144.584 21.3894 0.0817944 0.000790959 144.51 21.201 0.071278
144.105 20.9916 0.0712741 3.89433e-10 144.51 21.201 0.071278
144.618 21.4126 0.081248 0.00107745 144.51 21.201 0.071278
144.318 21.5291 0.0768523 0.0376365 144.51 21.201 0.071278
143.985 21.3505 0.0659717 3.3276e-09 144.51 21.201 0.071278
144.229 21.8561 0.0860321 3.75142e-07 144.51 21.201 0.071278
144.015 20.7681 0.0782251 1.01491e-15 144.51 21.201 0.071278
144.963 20.9325 0.0948408 5.35335e-24 144.51 21.201 0.071278
144.598 21.129 0.0769171 6.66054e-05 144.51 21.201 0.071278
144.532 20.844 0.0568464 4.63715e-15 144.51 21.201 0.071278
144.443 21.0072 0.0729505 1.57511e-06 144.51 21.201 0.071278
144.779 21.6958 0.0641095 0.0261131 144.51 21.201 0.071278
144.909 21.331 0.0827146 3.37964e-08 144.51 21.201 0.071278
144.533 20.8023 0.0749463 5.27092e-11 144.51 21.201 0.071278
144.065 21.3689 0.0786004 2.69976e-05 144.51 21.201 0.071278
145.012 21.7456 0.0754672 2.23416e-06 144.51 21.201 0.071278
144.032 20.9498 0.0551555 1.65105e-21 144.51 21.201 0.071278
144.003 21.7283 0.0839849 2.88497e-07 144.51 21.201 0.071278
144.326 21.0342 0.0729714 1.25494e-06 144.51 21.201 0.071278
144.451 21.5024 0.0821884 0.00315109 144.51 21.201 0.071278
144.326 21.1011 0.0688641 4.24651e-06 144.51 21.201 0.071278
144.177 21.4772 0.0580248 5.16798e-09 144.51 21.201 0.071278
144.355 20.8557 0.0673454 3.04292e-11 144.51 21.201 0.071278
144.433 21.6974 0.0564942 4.00373e-06 144.51 21.201 0.071278
144.512 21.6354 0.0681822 0.243862 144.51 21.201 0.071278
143.928 21.1157 0.0705231 1.97475e-11 144.51 21.201 0.071278
144.959 21.174 0.0584105 6.70539e-08 144.51 21.201 0.071278
144.518 21.272 0.05883 5.44275e-06 144.51 21.201 0.071278
143.883 21.03 0.0640962 6.35905e-17 144.51 21.201 0.071278
144.612 21.7125 0.0877024 1.51646e-07 144.51 21.201 0.071278
144.453 21.2083 0.0840148 1.03904e-05 144.51 21.201 0.071278
144.465 21.577 0.0740147 0.275368 144.51 21.201 0.071278
144.619 21.3984 0.0754666 0.0460619 144.51 21.201 0.071278
144.141 21.6018 0.0694366 0.000256832 144.51 21.201 0.071278
144.809 21.1798 0.0669816 9.1105e-05 144.51 21.201 0.071278
144.097 21.5289 0.0920433 3.0076e-09 144.51 21.201 0.071278
144.279 21.1501 0.0643321 2.87222e-07 144.51 21.201 0.071278
144.273 21.7644 0.0693117 0.00285435 144.51 21.201 0.071278
144.29 20.9831 0.0813129 2.09355e-08 144.51 21.201 0.071278
144.203 21.4102 0.076036 0.00253461 144.51 21.201 0.071278
144.372 20.6766 0.0728634 6.41448e-15 144.51 21.201 0.071278
144.922 20.8955 0.0418605 6.47169e-25 144.51 21.201 0.071278
144.179 21.6547 0.0548398 6.16259e-11 144.51 21.201 0.071278
144.062 21.4422 0.0626658 1.29177e-08 144.51 21.201 0.071278
144.462 21.5463 0.078944 0.037631 144.51 21.201 0.071278
144.266 20.9145 0.07924 1.51923e-09 144.51 21.201 0.071278
144.648 21.0099 0.0692215 1.27216e-06 144.51 21.201 0.071278
143.911 20.7837 0.0636667 3.42773e-22 144.51 21.201 0.071278
144.178 21.4174 0.0552609 2.61357e-11 144.51 21.201 0.071278
144.382 21.295 0.0689715 0.00376573 144.51 21.201 0.071278
144.433 21.6316 0.0754361 0.136065 144.51 21.201 0.071278
144.081 20.7511 0.0668185 8.66414e-18 144.51 21.201 0.071278
144.515 21.5349 0.0626612 0.0135894 144.51 21.201 0.071278
144.454 21.1735 0.0860994 4.59149e-07 144.51 21.201 0.071278
144.697 21.481 0.0586815 0.000835395 144.51 21.201 0.071278
144.223 21.8185 0.066526 7.54732e-05 144.51 21.201 0.071278
144.155 21.3945 0.0613524 7.14882e-08 144.51 21.201 0.071278
144.032 21.6588 0.0761336 2.47135e-05 144.51 21.201 0.071278
144.193 20.9121 0.0733792 3.00568e-10 144.51 21.201 0.071278
144.335 20.8766 0.071408 5.39441e-10 144.51 21.201 0.071278
144.149 20.9381 0.0731876 3.06032e-10 144.51 21.201 0.071278
144.647 21.2409 0.0799263 0.000129648 144.51 21.201 0.071278
143.788 21.3944 0.0703081 7.87136e-12 144.51 21.201 0.071278
144.187 21.1923 0.0743351 2.13115e-05 144.51 21.201 0.071278
144.094 21.4443 0.0583549 1.37802e-10 144.51 21.201 0.071278
144.335 21.1652 0.0636611 1.08483e-06 144.51 21.201 0.071278
144.232 21.3248 0.0617078 5.41364e-07 144.51 21.201 0.071278
143.877 20.7723 0.0724596 3.51754e-19 144.51 21.201 0.071278
144.339 21.2271 0.067503 0.000155079 144.51 21.201 0.071278
144.479 21.6515 0.0827516 0.00100634 144.51 21.201 0.071278
144.052 21.5259 0.0728309 4.13537e-05 144.51 21.201 0.071278
145.181 21.1812 0.0739521 5.2242e-11 144.51 21.201 0.071278
144.104 21.2503 0.0581493 2.98574e-12 144.51 21.201 0.071278
143.99 21.414 0.0842378 4.70997e-07 144.51 21.201 0.071278
144.568 20.9764 0.0627729 8.33016e-09 144.51 21.201 0.071278
144.281 21.6178 0.0748027 0.0280197 144.51 21.201 0.071278
144.331 21.2896 0.0655035 0.000164132 144.51 21.201 0.071278
143.876 21.208 0.0728808 1.28125e-10 144.51 21.201 0.071278
144.549 21.4069 0.0595779 0.000317688 144.51 21.201 0.071278
144.488 21.5251 0.080499 0.0119998 144.51 21.201 0.071278
144.308 21.8586 0.075306 0.00137563 144.51 21.201 0.071278
144.819 21.2703 0.0596392 2.51858e-05 144.51 21.201 0.071278
144.275 21.6563 0.0757536 0.0173156 144.51 21.201 0.071278
144.738 20.8621 0.070531 4.12906e-10 144.51 21.201 0.071278
144.075 20.8485 0.0715279 1.08281e-13 144.51 21.201 0.071278
144.479 20.9248 0.0689129 1.61914e-08 144.51 21.201 0.071278
144.453 21.8152 0.0747613 0.0173921 144.51 21.201 0.071278
144.186 21.6037 0.0667552 0.00022446 144.51 21.201 0.071278
144.275 21.3021 0.0567419 1.45933e-09 144.51 21.201 0.071278
144.249 21.4081 0.0513915 2.82475e-13 144.51 21.201 0.071278
144.084 21.4179 0.0656671 6.51854e-07 144.51 21.201 0.071278
144.327 21.2431 0.0737038 0.00138894 144.51 21.201 0.071278
144.224 21.1875 0.0844826 1.41801e-06 144.51 21.201 0.071278
144.447 21.6923 0.0759722 0.0734566 144.51 21.201 0.071278
