263.853 -18.2382 3.59355 1.18946e-05 264.26 -17.809 3.598
264.104 -18.1317 3.58708 2.22698e-08 264.26 -17.809 3.598
264.54 -17.7127 3.60627 0.00554992 264.26 -17.809 3.598
264.635 -17.9838 3.58964 6.99848e-15 264.26 -17.809 3.598
263.63 -17.8106 3.60185 3.86659e-05 264.26 -17.809 3.598
264.29 -17.6537 3.59632 0.000868111 264.26 -17.809 3.598
264.879 -17.5272 3.60169 3.12428e-11 264.26 -17.809 3.598
264.542 -18.0749 3.60951 0.0120282 264.26 -17.809 3.598
264.873 -18.1174 3.61815 0.0018278 264.26 -17.809 3.598
264.13 -18.3391 3.5842 4.46965e-14 264.26 -17.809 3.598
264.83 -18.2841 3.59009 1.96237e-23 264.26 -17.809 3.598
264.538 -18.0861 3.60473 0.000544137 264.26 -17.809 3.598
263.803 -18.6411 3.60822 5.2623e-14 264.26 -17.809 3.598
263.775 -18.5957 3.60735 3.54017e-13 264.26 -17.809 3.598
264.137 -18.0954 3.61958 2.29016e-06 264.26 -17.809 3.598
264.039 -17.8796 3.60085 0.0882292 264.26 -17.809 3.598
264.881 -17.906 3.60095 1.00192e-10 264.26 -17.809 3.598
264.283 -18.0086 3.60056 0.00761329 264.26 -17.809 3.598
264.362 -18.5621 3.59519 4.63677e-14 264.26 -17.809 3.598
263.767 -18.0919 3.59756 0.000551617 264.26 -17.809 3.598
263.979 -17.7262 3.60986 0.000491892 264.26 -17.809 3.598
263.526 -18.1319 3.5842 1.2807e-06 264.26 -17.809 3.598
264.653 -18.1506 3.60384 3.09377e-06 264.26 -17.809 3.598
264.036 -18.4388 3.59616 1.6753e-08 264.26 -17.809 3.598
264.837 -18.0598 3.61807 0.00567521 264.26 -17.809 3.598
264.634 -18.3112 3.60925 1.58828e-05 264.26 -17.809 3.598
264.516 -18.0802 3.61246 0.0327521 264.26 -17.809 3.598
263.834 -17.7868 3.60087 0.0120699 264.26 -17.809 3.598
264.07 -17.9897 3.57393 5.53398e-17 264.26 -17.809 3.598
264.147 -18.1975 3.6114 0.00057436 264.26 -17.809 3.598
264.849 -17.9445 3.60956 3.63732e-05 264.26 -17.809 3.598
264.662 -17.8718 3.60061 1.48984e-06 264.26 -17.809 3.598
263.863 -17.4371 3.5954 0.00112316 264.26 -17.809 3.598
264.092 -18.5208 3.60558 2.04842e-08 264.26 -17.809 3.598
264.028 -17.8094 3.59499 0.0272687 264.26 -17.809 3.598
264.332 -18.217 3.60205 0.000165095 264.26 -17.809 3.598
265.002 -17.8016 3.61237 2.25701e-06 264.26 -17.809 3.598
264.675 -18.3677 3.61058 3.48332e-06 264.26 -17.809 3.598
264.217 -17.7192 3.60416 0.0926239 264.26 -17.809 3.598
264.563 -17.7576 3.60788 0.0113417 264.26 -17.809 3.598
263.976 -17.6879 3.62112 4.85517e-11 264.26 -17.809 3.598
264.125 -17.614 3.62248 7.41605e-10 264.26 -17.809 3.598
263.872 -17.8606 3.60921 9.05941e-05 264.26 -17.809 3.598
264.142 -18.0748 3.60125 0.0115 264.26 -17.809 3.598
264.241 -17.5854 3.59964 0.00674368 264.26 -17.809 3.598
264.285 -17.6658 3.59415 0.000162256 264.26 -17.809 3.598
264.715 -17.9262 3.61556 0.0271871 264.26 -17.809 3.598
264.303 -18.132 3.60985 0.0152443 264.26 -17.809 3.598
264.013 -17.7067 3.59591 0.0400365 264.26 -17.809 3.598
264.541 -17.3988 3.60032 3.23481e-07 264.26 -17.809 3.598
264.187 -17.9859 3.61123 0.020115 264.26 -17.809 3.598
263.856 -18.0566 3.61316 2.42367e-07 264.26 -17.809 3.598
264.599 -17.3589 3.62376 1.01676e-08 264.26 -17.809 3.598
263.924 -17.9196 3.6027 0.0188466 264.26 -17.809 3.598
264.395 -17.5705 3.62222 1.96435e-06 264.26 -17.809 3.598
264.313 -17.8745 3.59076 8.18267e-07 264.26 -17.809 3.598
264.388 -17.9656 3.58992 3.90735e-09 264.26 -17.809 3.598
264.083 -17.8231 3.58763 2.37846e-05 264.26 -17.809 3.598
264.905 -17.4829 3.59566 8.63124e-17 264.26 -17.809 3.598
264.098 -18.2112 3.60619 0.000935522 264.26 -17.809 3.598
264.116 -17.6689 3.59804 0.0332201 264.26 -17.809 3.598
264.669 -18.2616 3.62612 0.000175665 264.26 -17.809 3.598
264.333 -17.9747 3.62269 5.00678e-05 264.26 -17.809 3.598
263.925 -18.1531 3.61368 5.22159e-07 264.26 -17.809 3.598
264.169 -18.0526 3.58824 1.36303e-07 264.26 -17.809 3.598
264.612 -17.7716 3.6031 0.0001384 264.26 -17.809 3.598
264.048 -17.546 3.5857 5.31572e-06 264.26 -17.809 3.598
264.392 -18.3684 3.60188 4.59388e-07 264.26 -17.809 3.598
263.99 -18.533 3.59545 1.39046e-10 264.26 -17.809 3.598
264.415 -17.4587 3.61698 1.51359e-05 264.26 -17.809 3.598
264.675 -18.0947 3.59494 4.87238e-12 264.26 -17.809 3.598
264.22 -17.8741 3.59936 0.0291598 264.26 -17.809 3.598
264.395 -17.537 3.59503 3.99168e-06 264.26 -17.809 3.598
264.351 -18.0748 3.6139 0.0223524 264.26 -17.809 3.598
264.475 -18.0596 3.59048 3.85186e-11 264.26 -17.809 3.598
263.96 -18.2024 3.61133 6.43651e-06 264.26 -17.809 3.598
264.498 -18.3571 3.63534 8.71653e-12 264.26 -17.809 3.598
264.612 -17.6271 3.59762 1.00267e-07 264.26 -17.809 3.598
264.979 -18.3416 3.60448 5.58768e-14 264.26 -17.809 3.598
264.307 -18.5758 3.61154 1.46137e-08 264.26 -17.809 3.598
264.225 -17.8794 3.60279 0.10248 264.26 -17.809 3.598
263.916 -17.7521 3.59331 0.027748 264.26 -17.809 3.598
264.449 -18.218 3.60549 0.000315589 264.26 -17.809 3.598
264.726 -18.2458 3.61952 0.00169485 264.26 -17.809 3.598
264.386 -18.3698 3.60755 2.14364e-05 264.26 -17.809 3.598
264.6 -17.8481 3.60711 0.00526336 264.26 -17.809 3.598
265.161 -18.4265 3.60145 4.69436e-23 264.26 -17.809 3.598
263.904 -17.8625 3.59443 0.027444 264.26 -17.809 3.598
264.231 -17.8421 3.60728 0.141883 264.26 -17.809 3.598
264.21 -17.7449 3.60769 0.0771016 264.26 -17.809 3.598
264.274 -17.8037 3.61971 0.000120162 264.26 -17.809 3.598
264.066 -17.9394 3.58875 3.43321e-05 264.26 -17.809 3.598
263.642 -17.7626 3.60952 4.74083e-09 264.26 -17.809 3.598
264.426 -18.1382 3.59997 3.24619e-05 264.26 -17.809 3.598
264.237 -17.9744 3.60284 0.0512807 264.26 -17.809 3.598
265.135 -17.8327 3.60885 6.838e-11 264.26 -17.809 3.598
264.558 -18.2808 3.60525 6.42023e-06 264.26 -17.809 3.598
264.259 -18.0139 3.61208 0.029384 264.26 -17.809 3.598
264.683 -17.9555 3.61102 0.00775788 264.26 -17.809 3.598
264.55 -18.8965 3.60611 1.12222e-18 264.26 -17.809 3.598
