-30.8958 -80.7599 2.30653 1.02434e-06
-30.402 -81.3462 2.30103 0.00181975
-29.9391 -80.8836 2.3059 7.12892e-12
-30.464 -80.7644 2.29741 7.33412e-07
-30.3143 -81.2133 2.29843 5.2781e-05
-30.6979 -81.9521 2.29765 7.00706e-09
-30.5894 -80.2981 2.29289 3.6615e-14
-30.7775 -81.5594 2.29373 5.42812e-06
-30.8545 -80.6606 2.29177 4.17548e-08
-30.2721 -81.541 2.31864 0.0012551
-30.5282 -81.1393 2.31214 0.00549879
-30.3389 -81.0067 2.29273 4.23883e-07
-30.2688 -80.1713 2.30494 1.28969e-21
-30.5288 -80.9105 2.30565 0.000130814
-30.2283 -81.1999 2.28869 4.4755e-10
-30.0649 -81.2783 2.31713 3.34382e-07
-30.2668 -81.6893 2.30409 2.4755e-05
-29.9772 -81.5052 2.31532 2.37136e-07
-30.4821 -81.4785 2.30508 0.0330585
-30.1944 -81.0059 2.30938 1.01363e-06
-30.674 -81.2918 2.30828 0.229123
-30.3082 -81.2369 2.29124 7.25679e-08
-30.3843 -81.4204 2.30352 0.00417662
-30.4807 -81.1584 2.29791 0.000721253
-30.7361 -80.6079 2.3116 1.44572e-10
-30.3795 -81.1228 2.30632 0.00128457
-29.6498 -81.4009 2.30626 4.65817e-15
-30.6277 -80.1764 2.29972 1.42253e-17
-30.4603 -80.2857 2.29259 3.73653e-15
-30.1868 -81.0708 2.31477 5.09956e-07
-30.4965 -81.0042 2.31653 9.27527e-06
-30.5122 -81.2258 2.30916 0.0380193
-30.3894 -81.4302 2.28862 1.50023e-09
-30.6421 -80.9368 2.32058 4.27344e-08
-30.5416 -80.7563 2.29786 1.82444e-06
-30.8659 -81.2216 2.29361 0.000160274
-30.7668 -81.4017 2.31487 0.193192
-31.0104 -81.0843 2.31601 2.47267e-05
-31.169 -81.0468 2.29615 5.20339e-06
-30.5109 -80.6939 2.30033 2.34665e-07
-30.1927 -80.7335 2.31385 6.38487e-12
-30.7526 -81.1973 2.29663 0.00252242
-30.9209 -80.393 2.30344 2.63748e-13
-30.5221 -80.8219 2.30684 6.44913e-06
-30.2727 -80.6957 2.29277 3.41469e-10
-30.4721 -81.4371 2.32365 0.000690691
-30.6345 -80.6199 2.29137 9.20669e-09
-30.0555 -80.8604 2.32771 2.67192e-18
-30.4498 -80.6556 2.30333 1.69935e-08
-30.4516 -81.0447 2.28484 9.69014e-10
-30.1995 -80.8118 2.29897 9.17389e-09
-30.5487 -81.145 2.3073 0.0196419
-30.0475 -81.2423 2.29501 8.38171e-10
-30.3983 -81.007 2.3124 3.52231e-05
-30.7703 -80.8151 2.3052 2.30153e-05
-30.2436 -80.9071 2.28438 2.55437e-12
-30.1087 -81.1494 2.28193 5.01968e-16
-30.3784 -80.9885 2.30043 5.33949e-05
-30.426 -80.7767 2.30801 2.3674e-07
-30.5513 -81.267 2.28985 9.96098e-07
-30.5068 -80.6571 2.29944 6.30909e-08
-30.8133 -80.7201 2.31003 6.13459e-08
-30.1699 -81.1005 2.3157 4.08477e-07
-30.0617 -81.0783 2.283 7.68924e-16
-30.4661 -81.0593 2.29958 0.000537984
-30.0642 -81.2051 2.30574 5.8148e-07
-30.7507 -81.0773 2.30605 0.0144155
-30.6633 -81.2761 2.3192 0.00396285
-30.5029 -81.4083 2.3223 0.00176886
-30.1383 -81.1737 2.3163 6.7942e-07
-30.7989 -81.7644 2.3105 0.0467678
-30.4071 -80.7194 2.27968 5.42518e-14
-30.3093 -81.1381 2.31198 0.000179093
-30.0037 -80.6327 2.32065 5.39998e-20
-30.7369 -80.5089 2.31263 2.90775e-13
-30.8837 -81.5267 2.32132 0.00934111
-30.6915 -81.2947 2.30889 0.241328
-30.145 -81.0366 2.30181 3.90997e-07
-30.2575 -81.1454 2.33681 5.66944e-17
-30.2889 -80.5743 2.31973 2.88515e-17
-30.1926 -80.7531 2.29313 1.7013e-10
-30.432 -80.9072 2.29294 1.02756e-06
-31.0561 -81.6471 2.30631 0.00254798
-30.7457 -80.7332 2.31016 1.25694e-07
-30.9224 -80.8744 2.31261 1.49886e-06
-30.3835 -81.08 2.30123 0.000307134
-30.8375 -80.4281 2.2745 1.40053e-17
-30.6666 -81.1015 2.30746 0.0190125
-30.3094 -81.105 2.30206 0.000112011
-30.618 -80.8597 2.31098 7.80472e-06
-30.2287 -80.8962 2.32158 9.94496e-12
-30.2099 -81.0459 2.28281 1.28431e-13
-31.248 -80.8199 2.31863 4.08702e-13
-30.4358 -80.9866 2.30982 0.000106914
-30.5466 -80.7354 2.29037 4.2661e-08
-30.3399 -80.8542 2.29858 9.15975e-07
-30.9095 -81.3102 2.31067 0.0783789
-31.0226 -80.8387 2.28772 1.97023e-08
-30.6699 -81.0787 2.31602 0.000351652
-30.6946 -81.1964 2.31126 0.0493252
