268.023 25.2434 5.78138 0.0514343 268.11 25.494 5.7737
268.287 25.7642 5.77163 0.00015003 268.11 25.494 5.7737
268.417 25.1189 5.76416 1.19334e-05 268.11 25.494 5.7737
267.889 25.5921 5.78619 0.0115171 268.11 25.494 5.7737
268.713 25.5467 5.77706 4.62288e-09 268.11 25.494 5.7737
268.175 25.6177 5.76776 0.00343719 268.11 25.494 5.7737
268.208 25.7071 5.77732 0.00332128 268.11 25.494 5.7737
268.248 25.2391 5.7796 0.0149721 268.11 25.494 5.7737
268.246 25.7138 5.78447 0.000403421 268.11 25.494 5.7737
268.741 24.9087 5.75931 4.10986e-14 268.11 25.494 5.7737
268.132 25.0517 5.76981 0.000164706 268.11 25.494 5.7737
268.627 24.9171 5.77387 2.87473e-11 268.11 25.494 5.7737
267.857 25.6222 5.77177 0.000430274 268.11 25.494 5.7737
268.525 25.0643 5.76895 5.06393e-07 268.11 25.494 5.7737
268.715 25.6606 5.79032 6.62244e-14 268.11 25.494 5.7737
268.028 25.1077 5.7685 0.000240208 268.11 25.494 5.7737
268.434 25.3466 5.78117 0.000334273 268.11 25.494 5.7737
268.067 25.6099 5.78582 0.018153 268.11 25.494 5.7737
268.306 25.3731 5.75985 0.00015926 268.11 25.494 5.7737
267.663 25.9807 5.77478 1.66959e-11 268.11 25.494 5.7737
269.111 25.5196 5.78558 8.22884e-25 268.11 25.494 5.7737
268.323 25.0925 5.77647 0.000228487 268.11 25.494 5.7737
268.03 25.4599 5.78211 0.186539 268.11 25.494 5.7737
268.529 25.3926 5.76579 5.00472e-05 268.11 25.494 5.7737
268.371 25.2239 5.77358 0.00195158 268.11 25.494 5.7737
267.866 24.8246 5.78011 5.62576e-09 268.11 25.494 5.7737
268.37 25.6651 5.77588 0.000597932 268.11 25.494 5.7737
268.378 25.8064 5.77686 8.32088e-06 268.11 25.494 5.7737
267.856 25.9418 5.76756 8.49079e-10 268.11 25.494 5.7737
268.166 25.7764 5.77246 0.000329186 268.11 25.494 5.7737
269.045 25.9707 5.75852 2.20015e-23 268.11 25.494 5.7737
268.465 25.4782 5.75862 7.33017e-06 268.11 25.494 5.7737
268.27 25.5483 5.76898 0.0098817 268.11 25.494 5.7737
268.59 25.4783 5.77234 8.60283e-06 268.11 25.494 5.7737
268.464 25.5902 5.75699 6.28415e-07 268.11 25.494 5.7737
268.489 25.4817 5.76292 4.33543e-05 268.11 25.494 5.7737
267.945 25.509 5.78422 0.0709021 268.11 25.494 5.7737
268.1 25.3842 5.76724 0.0140697 268.11 25.494 5.7737
268.162 26.2033 5.75897 2.98904e-17 268.11 25.494 5.7737
267.277 25.3323 5.77736 2.91095e-14 268.11 25.494 5.7737
269.018 25.4733 5.77142 1.00765e-16 268.11 25.494 5.7737
268.501 25.4679 5.75935 5.68363e-06 268.11 25.494 5.7737
268.029 25.1333 5.76267 1.23855e-05 268.11 25.494 5.7737
268.054 25.6293 5.78205 0.0302939 268.11 25.494 5.7737
267.937 25.4483 5.76309 6.6325e-05 268.11 25.494 5.7737
268.207 25.4166 5.77575 0.135512 268.11 25.494 5.7737
268.504 25.2512 5.75557 1.93376e-07 268.11 25.494 5.7737
267.757 25.5339 5.77139 6.70771e-05 268.11 25.494 5.7737
268.18 25.5796 5.76454 0.00121242 268.11 25.494 5.7737
268.111 25.0862 5.77347 0.00122451 268.11 25.494 5.7737
268.233 25.8032 5.78858 5.52936e-06 268.11 25.494 5.7737
268.43 25.6702 5.77412 0.000124212 268.11 25.494 5.7737
268.251 25.56 5.77348 0.0285612 268.11 25.494 5.7737
268.293 25.2879 5.77719 0.0194089 268.11 25.494 5.7737
268.209 25.3577 5.7736 0.0953064 268.11 25.494 5.7737
268.222 25.4116 5.77238 0.081652 268.11 25.494 5.7737
268.248 25.2578 5.79011 0.000224946 268.11 25.494 5.7737
267.726 25.6851 5.77296 4.0532e-06 268.11 25.494 5.7737
268.192 25.0347 5.77827 0.000214291 268.11 25.494 5.7737
268.38 25.3871 5.77366 0.00770998 268.11 25.494 5.7737
268.037 25.1576 5.76423 7.54909e-05 268.11 25.494 5.7737
267.94 25.7831 5.78306 0.000340131 268.11 25.494 5.7737
267.853 25.362 5.77209 0.00284122 268.11 25.494 5.7737
268.449 25.8685 5.79317 1.60708e-11 268.11 25.494 5.7737
268.331 24.7912 5.75934 6.23717e-12 268.11 25.494 5.7737
268.714 25.6638 5.77751 5.04115e-10 268.11 25.494 5.7737
268.488 25.5224 5.74541 1.10269e-11 268.11 25.494 5.7737
268.385 25.1743 5.78158 0.000114844 268.11 25.494 5.7737
268.228 25.289 5.74784 4.61903e-10 268.11 25.494 5.7737
268.478 25.1346 5.77071 1.76982e-05 268.11 25.494 5.7737
268.545 26.0019 5.77186 1.28424e-11 268.11 25.494 5.7737
268.255 25.2935 5.79387 1.79115e-05 268.11 25.494 5.7737
267.773 25.6458 5.78627 0.000660059 268.11 25.494 5.7737
268.705 25.0951 5.76837 8.89533e-10 268.11 25.494 5.7737
268.059 25.2345 5.76584 0.00118969 268.11 25.494 5.7737
268.168 25.0183 5.78347 5.33425e-05 268.11 25.494 5.7737
267.347 25.3057 5.79659 5.43427e-11 268.11 25.494 5.7737
268.341 25.3344 5.784 0.00158936 268.11 25.494 5.7737
268.22 25.7299 5.77931 0.00139204 268.11 25.494 5.7737
268.803 25.8212 5.77343 1.18394e-13 268.11 25.494 5.7737
268.189 25.3588 5.76482 0.00487624 268.11 25.494 5.7737
268.619 25.1545 5.7646 1.03917e-07 268.11 25.494 5.7737
268.525 25.6896 5.77762 1.97805e-06 268.11 25.494 5.7737
267.969 25.3956 5.77294 0.0430298 268.11 25.494 5.7737
267.956 25.9348 5.77677 6.9598e-07 268.11 25.494 5.7737
268.389 25.506 5.75753 8.81838e-06 268.11 25.494 5.7737
268.024 25.3343 5.78717 0.0406221 268.11 25.494 5.7737
268.399 25.5793 5.7748 0.00150239 268.11 25.494 5.7737
268.019 25.0198 5.7556 5.62271e-10 268.11 25.494 5.7737
268.067 25.795 5.78294 0.000367315 268.11 25.494 5.7737
267.845 25.7572 5.76252 1.26581e-08 268.11 25.494 5.7737
268.597 25.7481 5.77553 3.56769e-08 268.11 25.494 5.7737
268.159 25.6903 5.78417 0.00294479 268.11 25.494 5.7737
268.232 25.5098 5.7618 0.000507685 268.11 25.494 5.7737
268.113 25.5099 5.77167 0.0617371 268.11 25.494 5.7737
268.735 25.7925 5.76552 1.97175e-11 268.11 25.494 5.7737
268.318 25.2149 5.77905 0.0030097 268.11 25.494 5.7737
268.215 25.5143 5.77114 0.0415443 268.11 25.494 5.7737
268.188 25.7686 5.77497 0.000601893 268.11 25.494 5.7737
268.207 26.1669 5.77802 2.07333e-12 268.11 25.494 5.7737
