175.9 -9.41156 3.23231 7.59752e-31
176.205 -9.69743 3.19469 8.45577e-06
176.774 -10.5216 3.21285 7.02646e-12
176.071 -10.4157 3.20042 2.00449e-10
176.42 -9.87962 3.21184 0.290403
176.334 -10.0532 3.20262 0.00302719
177.646 -10.0977 3.20959 2.66096e-31
176.465 -10.1439 3.1903 1.55206e-13
176.455 -9.92173 3.20662 0.109831
177.041 -10.1495 3.21217 2.42329e-09
176.195 -9.48714 3.1889 1.23179e-11
176.196 -10.4224 3.21496 4.25702e-10
176.413 -10.1319 3.20972 0.00731484
176.988 -9.99381 3.21418 2.59321e-06
176.453 -9.39228 3.22909 8.15038e-14
176.59 -10.5682 3.20838 2.42689e-12
176.715 -10.5144 3.20882 6.24487e-12
176.694 -10.3045 3.21801 1.55672e-06
176.755 -9.71183 3.23056 4.81505e-09
176.721 -11.0295 3.20684 1.85272e-31
176.499 -10.0038 3.21803 0.00796279
176.7 -9.49772 3.20799 3.51176e-05
176.326 -9.91103 3.21407 0.0402017
176.42 -10.2103 3.20566 0.000195958
175.963 -10.4599 3.20214 3.07559e-12
176.462 -10.4323 3.20772 2.4705e-08
176.712 -10.4755 3.21082 2.14653e-10
176.276 -9.99444 3.2256 1.78911e-09
176.661 -10.179 3.19984 6.43185e-09
177.336 -10.4346 3.20922 2.03987e-24
176.549 -10.128 3.221 7.69886e-05
177.223 -10.4408 3.23614 2.05743e-21
176.768 -10.3713 3.20301 5.11314e-12
176.517 -10.286 3.20362 7.92389e-07
176.596 -9.94339 3.195 2.31357e-09
176.767 -10.0898 3.21012 0.000156719
176.376 -10.1415 3.21273 0.00309551
176.767 -10.0496 3.22575 3.19346e-06
176.742 -9.95854 3.22195 0.000551282
176.035 -10.2643 3.20063 1.2622e-07
177.03 -10.0843 3.21581 1.73596e-07
176.266 -9.3949 3.20703 3.14008e-05
176.838 -10.2755 3.21159 1.22785e-07
176.63 -10.2118 3.22144 6.65914e-06
176.329 -9.83256 3.20769 0.246411
176.989 -9.95128 3.22423 1.50336e-06
176.502 -10.276 3.21539 2.97002e-05
176.77 -10.0537 3.20758 4.83386e-05
176.917 -10.2805 3.21201 7.4148e-09
176.375 -10.3374 3.25054 1.58713e-46
176.295 -9.6996 3.22802 1.70634e-11
176.95 -9.84361 3.21182 9.84973e-06
176.882 -10.3146 3.2163 3.049e-08
176.355 -9.48725 3.19932 1.14879e-05
176.723 -9.86945 3.22126 0.00180773
176.091 -8.91783 3.19594 2.19302e-20
176.701 -10.3655 3.20394 2.82123e-10
176.569 -10.0234 3.20387 0.000792301
176.257 -10.2867 3.21423 1.75144e-06
176.947 -10.4634 3.21097 1.59058e-13
176.467 -10.2413 3.21602 6.68792e-05
175.825 -9.82583 3.20972 3.75764e-08
176.152 -9.85872 3.20229 0.0107995
176.41 -10.1556 3.20861 0.00330799
176.121 -10.0024 3.20653 0.00366068
176.139 -9.96793 3.2148 0.000130886
176.334 -10.1478 3.21679 0.000124353
176.563 -10.2782 3.20353 3.93014e-07
176.45 -10.4709 3.22483 1.70922e-13
177.17 -9.9054 3.20211 1.76114e-17
175.926 -9.91928 3.22048 1.79619e-12
176.352 -10.1662 3.2129 0.00113307
177.166 -9.86097 3.21132 6.6011e-11
176.95 -10.1209 3.20916 2.98223e-08
176.33 -10.5996 3.21105 1.11148e-12
176.555 -9.7938 3.21104 0.212894
176.594 -9.55178 3.22324 4.74803e-06
177.101 -10.4402 3.2138 2.87444e-15
176.251 -10.119 3.19873 2.57701e-05
176.715 -9.92208 3.20395 4.9561e-05
176.303 -9.91169 3.20133 0.00937828
176.919 -10.0849 3.19671 4.12623e-16
176.221 -10.2509 3.213 6.59466e-06
176.136 -9.76157 3.17912 5.86585e-20
176.686 -10.2753 3.22527 1.35174e-08
177.035 -10.1814 3.22529 2.79793e-09
176.798 -9.895 3.21294 0.00321959
176.467 -9.68308 3.21661 0.016355
177.467 -10.2192 3.20191 1.9071e-32
176.581 -9.78241 3.18988 9.47446e-14
176.475 -10.316 3.21052 1.26768e-05
177.012 -10.2326 3.21969 1.00117e-08
176.774 -9.95245 3.2229 0.00019866
176.015 -9.73502 3.20385 0.000777021
176.569 -10.0325 3.22738 1.2844e-07
176.356 -9.85722 3.20241 0.023628
176.678 -9.69127 3.2072 0.00220529
177.184 -9.98588 3.2029 1.26113e-17
176.15 -9.56054 3.23529 6.94454e-25
177.336 -9.90825 3.21548 3.24435e-14
