-8.70871 0.860295 0.429097 1.12442e-12 -7.8757 0.94068 0.41296
-7.75218 1.05267 0.423766 0.000182479 -7.8757 0.94068 0.41296
-7.76699 0.64723 0.426911 7.90648e-07 -7.8757 0.94068 0.41296
-7.71382 1.41688 0.418424 3.80683e-07 -7.8757 0.94068 0.41296
-8.37753 0.453201 0.387536 1.34246e-38 -7.8757 0.94068 0.41296
-7.3093 1.21572 0.410434 2.85435e-09 -7.8757 0.94068 0.41296
-7.74526 1.12301 0.420373 0.00141434 -7.8757 0.94068 0.41296
-7.92916 0.596489 0.419244 0.000244773 -7.8757 0.94068 0.41296
-7.56236 0.996584 0.40454 0.000209395 -7.8757 0.94068 0.41296
-8.03249 0.667047 0.396961 2.61149e-13 -7.8757 0.94068 0.41296
-6.97327 0.947552 0.399985 7.09448e-19 -7.8757 0.94068 0.41296
-7.45772 1.23812 0.402181 1.36076e-06 -7.8757 0.94068 0.41296
-7.64151 0.307408 0.410144 4.11835e-14 -7.8757 0.94068 0.41296
-8.28096 1.17829 0.405264 1.69991e-07 -7.8757 0.94068 0.41296
-7.2357 0.867081 0.416808 1.27684e-12 -7.8757 0.94068 0.41296
-7.89249 0.379116 0.398327 2.72887e-18 -7.8757 0.94068 0.41296
-7.91775 0.454379 0.402631 8.50163e-13 -7.8757 0.94068 0.41296
-7.3155 0.666149 0.410148 2.97271e-11 -7.8757 0.94068 0.41296
-7.309 1.126 0.391595 5.70295e-13 -7.8757 0.94068 0.41296
-8.26428 0.649362 0.402348 5.74364e-13 -7.8757 0.94068 0.41296
-7.76054 1.38049 0.389628 7.36087e-13 -7.8757 0.94068 0.41296
-7.77186 1.30422 0.400258 1.64764e-05 -7.8757 0.94068 0.41296
-7.92495 0.92114 0.409549 0.0611088 -7.8757 0.94068 0.41296
-8.21568 1.13378 0.402872 1.96305e-07 -7.8757 0.94068 0.41296
-7.9084 0.613872 0.407308 2.19904e-06 -7.8757 0.94068 0.41296
-8.28131 0.678603 0.422007 5.8793e-05 -7.8757 0.94068 0.41296
-8.23551 0.929163 0.422283 0.00480858 -7.8757 0.94068 0.41296
-7.81813 0.444838 0.410814 7.557e-09 -7.8757 0.94068 0.41296
-7.53932 0.644202 0.399387 5.49818e-11 -7.8757 0.94068 0.41296
-7.62665 0.782434 0.394789 5.7475e-11 -7.8757 0.94068 0.41296
-7.47944 0.76919 0.411995 2.11601e-06 -7.8757 0.94068 0.41296
-6.65425 0.767246 0.416363 1.62281e-38 -7.8757 0.94068 0.41296
-7.62514 0.762817 0.424639 5.7757e-07 -7.8757 0.94068 0.41296
-7.89397 0.614604 0.412837 0.000135797 -7.8757 0.94068 0.41296
-7.72778 0.525339 0.410467 1.78516e-07 -7.8757 0.94068 0.41296
-7.71057 0.875469 0.406519 0.00226928 -7.8757 0.94068 0.41296
-8.01367 0.834862 0.414808 0.0827545 -7.8757 0.94068 0.41296
-7.50045 0.770998 0.406017 1.15514e-06 -7.8757 0.94068 0.41296
-7.37705 1.01333 0.41983 1.13009e-09 -7.8757 0.94068 0.41296
-8.02721 0.566404 0.424165 3.04958e-05 -7.8757 0.94068 0.41296
-7.37692 0.778659 0.400475 3.05273e-10 -7.8757 0.94068 0.41296
-7.26888 0.870467 0.417121 1.03997e-11 -7.8757 0.94068 0.41296
-7.72795 1.13055 0.421544 0.000269955 -7.8757 0.94068 0.41296
-8.42548 1.176 0.412597 1.22797e-07 -7.8757 0.94068 0.41296
-7.93418 0.989143 0.41124 0.214575 -7.8757 0.94068 0.41296
-7.65963 0.850873 0.41852 0.0009873 -7.8757 0.94068 0.41296
-6.92657 1.09587 0.410636 2.28912e-21 -7.8757 0.94068 0.41296
-8.07002 0.714485 0.42827 0.000103334 -7.8757 0.94068 0.41296
-7.61893 0.985424 0.41434 0.00379936 -7.8757 0.94068 0.41296
-7.89297 1.0445 0.413538 0.35633 -7.8757 0.94068 0.41296
-8.11537 0.433808 0.407043 3.34796e-12 -7.8757 0.94068 0.41296
-7.86641 0.38925 0.419456 8.99043e-09 -7.8757 0.94068 0.41296
-7.93374 0.491307 0.409872 5.10799e-08 -7.8757 0.94068 0.41296
-8.14427 0.906144 0.412251 0.00925049 -7.8757 0.94068 0.41296
-8.04605 1.21966 0.405285 0.000316256 -7.8757 0.94068 0.41296
-7.69164 0.681754 0.379078 8.6359e-31 -7.8757 0.94068 0.41296
-7.81154 0.726409 0.429278 8.87783e-07 -7.8757 0.94068 0.41296
-7.85042 0.810508 0.393233 2.69877e-12 -7.8757 0.94068 0.41296
-7.93089 0.826628 0.402668 1.48333e-05 -7.8757 0.94068 0.41296
-7.39531 1.36636 0.411245 3.48901e-09 -7.8757 0.94068 0.41296
-7.57809 0.919216 0.416526 0.000311106 -7.8757 0.94068 0.41296
-7.98641 1.27864 0.422719 9.76654e-05 -7.8757 0.94068 0.41296
-7.3328 0.784692 0.409216 2.99796e-09 -7.8757 0.94068 0.41296
-8.31346 1.03978 0.408631 3.15617e-06 -7.8757 0.94068 0.41296
-7.50582 0.137435 0.407652 1.02527e-22 -7.8757 0.94068 0.41296
-8.29536 1.40022 0.406885 3.20927e-09 -7.8757 0.94068 0.41296
-7.68957 0.936207 0.394058 1.92491e-09 -7.8757 0.94068 0.41296
-8.15799 1.385 0.418655 6.8673e-06 -7.8757 0.94068 0.41296
-7.88024 0.942435 0.42189 0.0281935 -7.8757 0.94068 0.41296
-8.31475 0.728394 0.406613 1.30639e-09 -7.8757 0.94068 0.41296
-8.35483 0.81767 0.403466 1.61442e-11 -7.8757 0.94068 0.41296
-7.79745 0.912952 0.415866 0.108708 -7.8757 0.94068 0.41296
-7.6472 0.453911 0.419183 2.17951e-09 -7.8757 0.94068 0.41296
-7.93048 0.970045 0.398797 1.12273e-06 -7.8757 0.94068 0.41296
-7.6266 0.844642 0.414793 0.00133855 -7.8757 0.94068 0.41296
-8.02218 0.960544 0.394257 2.1003e-11 -7.8757 0.94068 0.41296
-6.97589 1.09672 0.400193 3.53175e-18 -7.8757 0.94068 0.41296
-7.25978 0.822584 0.39761 4.91135e-13 -7.8757 0.94068 0.41296
-6.96519 0.945482 0.410375 8.92604e-20 -7.8757 0.94068 0.41296
-7.85615 0.738876 0.417777 0.0114801 -7.8757 0.94068 0.41296
-7.20371 0.962853 0.403287 2.2255e-11 -7.8757 0.94068 0.41296
-7.87809 0.775438 0.404786 7.53975e-05 -7.8757 0.94068 0.41296
-7.47048 0.964223 0.423336 4.7744e-09 -7.8757 0.94068 0.41296
-7.78982 1.2646 0.409007 0.00695368 -7.8757 0.94068 0.41296
-7.65496 0.952029 0.421306 0.000197214 -7.8757 0.94068 0.41296
-7.5512 1.12986 0.403972 0.00014346 -7.8757 0.94068 0.41296
-8.0094 1.06458 0.393102 1.28713e-11 -7.8757 0.94068 0.41296
-7.9398 0.467699 0.42984 5.82375e-09 -7.8757 0.94068 0.41296
-7.3298 0.697923 0.404128 3.44217e-11 -7.8757 0.94068 0.41296
-7.30933 0.463263 0.408238 9.63911e-16 -7.8757 0.94068 0.41296
-7.81899 0.978692 0.428558 6.1277e-06 -7.8757 0.94068 0.41296
-7.80818 0.553522 0.410022 1.31702e-06 -7.8757 0.94068 0.41296
-7.27758 0.957468 0.410338 1.94319e-09 -7.8757 0.94068 0.41296
-7.69095 0.450082 0.412478 4.27903e-09 -7.8757 0.94068 0.41296
-7.38945 1.09785 0.413885 1.99014e-07 -7.8757 0.94068 0.41296
-8.26258 1.08232 0.408629 2.59271e-05 -7.8757 0.94068 0.41296
-7.32065 0.621769 0.401953 1.83266e-13 -7.8757 0.94068 0.41296
-7.84406 0.954623 0.418717 0.103565 -7.8757 0.94068 0.41296
-8.38327 0.461403 0.412077 4.98604e-13 -7.8757 0.94068 0.41296
-7.41514 1.01253 0.418715 3.37607e-08 -7.8757 0.94068 0.41296
