-25.5157 -86.913 2.55977 4.42814e-08
-25.8302 -87.2122 2.55637 0.00817992
-25.8548 -86.9473 2.55304 0.00174763
-25.9372 -87.2306 2.53532 1.02261e-07
-26.1116 -86.7594 2.53361 1.2263e-06
-25.9831 -87.299 2.55703 0.0688958
-26.0552 -87.0518 2.5478 0.0369035
-26.1846 -87.4098 2.56812 0.000974432
-26.3729 -87.194 2.56408 0.00128566
-26.2175 -87.3978 2.5386 1.18441e-05
-25.5058 -86.7236 2.55761 4.94988e-10
-25.8539 -87.0769 2.55308 0.00634871
-26.1332 -87.0846 2.55065 0.142973
-26.1904 -87.0416 2.55957 0.0207055
-26.5282 -86.935 2.5674 3.29489e-08
-26.3275 -86.8922 2.56513 6.36679e-06
-26.3415 -87.1248 2.54122 0.00509501
-25.7898 -86.9995 2.55601 0.000815044
-26.6192 -87.2134 2.56586 1.38257e-06
-26.6652 -87.4583 2.55865 3.04956e-05
-25.9437 -87.2857 2.54642 0.00207459
-26.0433 -87.0864 2.55385 0.0930416
-25.8003 -86.8493 2.54943 8.67913e-05
-26.0487 -86.8602 2.54101 0.000414838
-26.1571 -86.8032 2.55338 0.00323229
-25.3455 -86.9713 2.56179 1.0592e-10
-26.1832 -86.5185 2.55891 1.92361e-08
-25.7678 -87.1688 2.56855 2.24224e-05
-26.1292 -86.7271 2.55942 2.5313e-05
-25.9134 -87.7306 2.56645 4.9282e-05
-25.8821 -86.6129 2.56753 6.17145e-11
-26.3958 -86.9615 2.57182 4.00428e-09
-25.8012 -86.8193 2.56101 5.74973e-06
-26.3269 -86.8371 2.5501 0.00863887
-26.1335 -86.8613 2.54197 0.00188178
-26.0677 -87.0741 2.55665 0.0701959
-26.3405 -87.0241 2.5502 0.0817535
-26.6476 -86.9558 2.53821 4.62681e-05
-25.5798 -87.4756 2.55755 3.6224e-06
-26.4522 -87.4474 2.53326 6.75296e-09
-26.3305 -86.8503 2.55222 0.00738238
-26.3993 -86.8194 2.55442 0.00100442
-25.8928 -87.3742 2.55232 0.00592719
-26.283 -86.8567 2.55761 0.00143328
-26.1818 -86.9529 2.55419 0.0409463
-25.6525 -87.4884 2.5659 1.99834e-05
-26.3587 -87.3611 2.55234 0.0531235
-25.7417 -87.0992 2.57473 1.30159e-08
-25.2807 -86.4902 2.5779 3.90857e-26
-26.0417 -86.8102 2.56206 3.52005e-05
-25.92 -86.8598 2.57544 3.949e-11
-25.9472 -87.0867 2.55657 0.027123
-26.6515 -87.2327 2.54731 0.000755255
-26.4563 -87.059 2.5698 1.48859e-07
-25.8423 -87.2405 2.5467 0.000472622
-25.9733 -86.7455 2.57423 3.96986e-12
-26.3635 -86.948 2.52447 1.86598e-10
-26.1612 -86.9354 2.56871 1.99991e-06
-25.9616 -86.9997 2.55004 0.0142666
-25.828 -86.8816 2.55282 0.000372183
-25.8732 -87.5463 2.55811 0.00166354
-26.3429 -87.2005 2.56422 0.00187005
-26.1895 -87.3753 2.54944 0.0377828
-26.1011 -86.4288 2.54911 7.20057e-08
-25.7091 -87.0202 2.56912 4.07518e-07
-26.1085 -87.2721 2.56081 0.0675552
-26.0867 -87.2645 2.56395 0.0155916
-25.7027 -87.3281 2.5602 0.000427067
-25.736 -86.9001 2.56038 1.45009e-05
-26.3535 -86.3096 2.56763 3.07805e-18
-26.1731 -86.9704 2.55249 0.0661281
-26.111 -87.4338 2.54148 4.14292e-05
-25.9402 -86.9866 2.54878 0.00694951
-26.3681 -87.8673 2.56393 9.80544e-07
-26.0292 -87 2.57384 3.07022e-08
-26.6583 -87.4342 2.54762 6.45884e-05
-25.7111 -87.0683 2.54935 7.81965e-05
-26.039 -87.2532 2.54711 0.016182
-26.1244 -86.6305 2.55375 2.53073e-05
-26.4823 -86.7745 2.55601 4.64286e-05
-26.1642 -87.1896 2.54597 0.0400482
-25.8279 -86.8259 2.55169 0.000133989
-25.7217 -87.187 2.54341 2.4357e-06
-25.6777 -86.9646 2.55026 1.8264e-05
-26.628 -87.2931 2.55189 0.00124986
-26.167 -86.4206 2.5694 8.40747e-16
-26.584 -86.9593 2.55395 0.000649815
-26.5482 -87.2049 2.5626 0.000135769
-26.2318 -87.8058 2.56566 1.47136e-05
-25.6342 -87.2399 2.55505 5.68455e-05
-25.6124 -87.2364 2.54526 1.96165e-07
-26.3805 -86.6328 2.54967 5.62013e-05
-25.936 -86.791 2.56642 2.50556e-07
-26.8697 -86.8238 2.55718 1.2207e-09
-25.9638 -86.907 2.57287 7.47432e-09
-26.0873 -86.5577 2.55534 8.4827e-07
-26.3176 -86.8875 2.55281 0.0134723
-25.7876 -87.5015 2.57561 5.05607e-07
-26.1088 -87.2687 2.54026 0.000237334
-26.2613 -86.9106 2.54556 0.0211876
