253.866 -18.5407 3.23187 0.147868 253.78 -18.569 3.2269
253.816 -18.8586 3.23969 5.94334e-06 253.78 -18.569 3.2269
254.055 -18.7404 3.22182 3.34818e-05 253.78 -18.569 3.2269
253.541 -19.0961 3.22056 3.50564e-08 253.78 -18.569 3.2269
253.586 -18.0696 3.22271 0.000115574 253.78 -18.569 3.2269
254.172 -19.0717 3.2124 8.64519e-22 253.78 -18.569 3.2269
254.247 -18.6304 3.22025 1.76226e-08 253.78 -18.569 3.2269
253.781 -18.8071 3.21842 1.98207e-05 253.78 -18.569 3.2269
253.632 -18.6247 3.22812 0.0200345 253.78 -18.569 3.2269
253.914 -18.8762 3.2255 0.000553274 253.78 -18.569 3.2269
253.92 -18.0823 3.22598 0.000200322 253.78 -18.569 3.2269
253.5 -18.6383 3.22265 0.00515897 253.78 -18.569 3.2269
253.761 -18.7257 3.23416 0.00279553 253.78 -18.569 3.2269
253.556 -18.2023 3.21362 0.000164741 253.78 -18.569 3.2269
254.233 -18.9866 3.22282 2.07381e-10 253.78 -18.569 3.2269
253.951 -18.8072 3.21937 2.84646e-06 253.78 -18.569 3.2269
254.44 -19.0018 3.21984 4.53898e-18 253.78 -18.569 3.2269
254.03 -18.5792 3.21972 5.18583e-05 253.78 -18.569 3.2269
253.835 -18.9682 3.21096 1.50773e-14 253.78 -18.569 3.2269
253.979 -19.3202 3.23334 6.25323e-11 253.78 -18.569 3.2269
253.829 -19.1878 3.22146 3.28929e-11 253.78 -18.569 3.2269
253.742 -18.8547 3.22426 0.00084294 253.78 -18.569 3.2269
253.453 -19.0286 3.22513 2.73681e-07 253.78 -18.569 3.2269
253.339 -18.4917 3.22282 0.000307645 253.78 -18.569 3.2269
254.065 -19.0064 3.22137 2.355e-09 253.78 -18.569 3.2269
254.007 -18.9758 3.20718 1.28355e-22 253.78 -18.569 3.2269
253.537 -18.6168 3.2299 0.000647528 253.78 -18.569 3.2269
253.869 -18.4926 3.22252 0.0485587 253.78 -18.569 3.2269
253.738 -18.5295 3.22736 0.175943 253.78 -18.569 3.2269
253.857 -19.5399 3.23634 1.93666e-16 253.78 -18.569 3.2269
253.5 -18.6155 3.22945 0.000296023 253.78 -18.569 3.2269
253.92 -19.0229 3.24294 4.8708e-08 253.78 -18.569 3.2269
253.565 -18.4423 3.24414 1.25776e-14 253.78 -18.569 3.2269
254.246 -18.7726 3.2309 0.00159269 253.78 -18.569 3.2269
253.779 -19.3256 3.20935 1.52287e-20 253.78 -18.569 3.2269
254.251 -18.9089 3.21709 8.86677e-15 253.78 -18.569 3.2269
253.542 -19.2624 3.20942 8.24756e-17 253.78 -18.569 3.2269
253.905 -18.3736 3.21158 1.20813e-08 253.78 -18.569 3.2269
253.423 -18.6358 3.2341 3.77723e-08 253.78 -18.569 3.2269
253.953 -18.7169 3.23217 0.0894329 253.78 -18.569 3.2269
254.062 -18.5551 3.22931 0.134151 253.78 -18.569 3.2269
254.243 -19.3655 3.23612 4.42241e-12 253.78 -18.569 3.2269
253.707 -18.3713 3.22862 0.0338779 253.78 -18.569 3.2269
253.946 -18.8593 3.24017 9.38452e-05 253.78 -18.569 3.2269
253.928 -18.7231 3.23854 0.00183123 253.78 -18.569 3.2269
253.946 -18.635 3.24119 0.000176874 253.78 -18.569 3.2269
254.132 -18.8048 3.21309 7.39297e-15 253.78 -18.569 3.2269
253.882 -18.4618 3.21633 6.20779e-05 253.78 -18.569 3.2269
254.007 -18.4374 3.20868 1.21576e-13 253.78 -18.569 3.2269
253.601 -19.2504 3.23938 2.48811e-13 253.78 -18.569 3.2269
253.862 -18.5222 3.21428 2.77184e-06 253.78 -18.569 3.2269
254.206 -18.7967 3.224 1.84085e-06 253.78 -18.569 3.2269
253.834 -19.026 3.22897 1.88396e-05 253.78 -18.569 3.2269
253.659 -18.6655 3.23337 0.000736028 253.78 -18.569 3.2269
253.777 -19.2464 3.21979 1.8221e-13 253.78 -18.569 3.2269
254.048 -18.4561 3.23314 0.117246 253.78 -18.569 3.2269
254.001 -18.4681 3.22536 0.0502965 253.78 -18.569 3.2269
253.945 -18.549 3.24564 7.7306e-08 253.78 -18.569 3.2269
253.439 -18.4939 3.22699 0.000451564 253.78 -18.569 3.2269
254.051 -18.0742 3.22339 8.21425e-06 253.78 -18.569 3.2269
253.623 -18.7738 3.21371 7.13383e-07 253.78 -18.569 3.2269
252.961 -18.4062 3.22303 7.73451e-12 253.78 -18.569 3.2269
253.757 -18.831 3.24348 2.88055e-09 253.78 -18.569 3.2269
254.007 -18.5139 3.2254 0.0475504 253.78 -18.569 3.2269
253.171 -18.6469 3.21924 1.22896e-06 253.78 -18.569 3.2269
253.511 -17.9715 3.21968 3.783e-06 253.78 -18.569 3.2269
254.516 -18.6445 3.229 8.99839e-08 253.78 -18.569 3.2269
254.274 -19.2117 3.2349 6.1275e-09 253.78 -18.569 3.2269
254.004 -18.5088 3.22164 0.00195438 253.78 -18.569 3.2269
254.29 -18.7388 3.23011 0.000506035 253.78 -18.569 3.2269
253.249 -19.1433 3.21325 2.45359e-12 253.78 -18.569 3.2269
254.39 -18.4798 3.22584 6.76433e-07 253.78 -18.569 3.2269
254.488 -19.1868 3.25134 1.91865e-10 253.78 -18.569 3.2269
254.406 -19.2655 3.23369 7.49824e-12 253.78 -18.569 3.2269
253.093 -19.1689 3.22058 5.02167e-14 253.78 -18.569 3.2269
253.974 -18.7015 3.21525 1.98366e-08 253.78 -18.569 3.2269
253.775 -18.3997 3.23155 0.0224835 253.78 -18.569 3.2269
253.56 -18.311 3.20901 1.59158e-06 253.78 -18.569 3.2269
253.897 -19.1486 3.21712 9.63546e-14 253.78 -18.569 3.2269
253.719 -18.6815 3.22755 0.0479032 253.78 -18.569 3.2269
254.402 -18.7381 3.22149 1.20862e-11 253.78 -18.569 3.2269
253.824 -18.7013 3.21736 3.91537e-05 253.78 -18.569 3.2269
253.769 -18.4916 3.23215 0.0297008 253.78 -18.569 3.2269
253.773 -19.0116 3.20442 2.94018e-22 253.78 -18.569 3.2269
253.75 -18.5632 3.23773 7.84184e-05 253.78 -18.569 3.2269
253.368 -18.702 3.24064 2.09887e-15 253.78 -18.569 3.2269
254.431 -18.9587 3.20243 1.61591e-44 253.78 -18.569 3.2269
253.117 -18.9803 3.2158 4.19072e-10 253.78 -18.569 3.2269
253.917 -18.7689 3.24345 1.98744e-06 253.78 -18.569 3.2269
253.691 -19.1222 3.2424 8.61059e-13 253.78 -18.569 3.2269
253.508 -18.9296 3.2434 1.39324e-15 253.78 -18.569 3.2269
253.884 -18.7773 3.22666 0.015535 253.78 -18.569 3.2269
254.247 -18.5988 3.22616 0.0001831 253.78 -18.569 3.2269
254.103 -18.5427 3.22277 0.000446929 253.78 -18.569 3.2269
253.699 -19.0246 3.20843 1.25816e-16 253.78 -18.569 3.2269
253.983 -19.3388 3.24105 3.68984e-12 253.78 -18.569 3.2269
254.133 -18.2499 3.24006 2.69387e-05 253.78 -18.569 3.2269
253.797 -19.5651 3.23939 2.54192e-18 253.78 -18.569 3.2269
253.944 -19.2078 3.23497 2.08773e-08 253.78 -18.569 3.2269
254.194 -19.0769 3.20982 4.42121e-26 253.78 -18.569 3.2269
