151.883 -13.4378 3.32894 0.0181023
151.622 -13.4626 3.32033 0.000839539
151.961 -13.0359 3.32372 0.0495274
151.946 -13.3966 3.33212 0.0240247
152.248 -13.4935 3.32256 1.03533e-08
152.043 -13.9124 3.31366 1.92329e-21
151.907 -13.4846 3.33114 0.00537305
151.856 -13.2219 3.36034 1.07927e-27
151.775 -13.5633 3.32487 0.000298906
151.988 -13.0876 3.3334 0.0378635
151.748 -13.8948 3.33045 2.24743e-10
151.888 -13.4625 3.33634 0.000706826
151.912 -13.1415 3.35047 8.71297e-14
151.964 -13.3104 3.32306 0.00815055
151.964 -12.4485 3.31099 1.64695e-13
152.4 -13.3711 3.32558 1.22564e-08
151.917 -13.3938 3.32853 0.0362648
152.136 -13.3368 3.3306 0.00763749
151.392 -13.5005 3.34093 2.33514e-14
152.157 -13.6459 3.34854 2.03345e-10
151.974 -13.3104 3.33796 0.00211192
151.684 -13.2333 3.31739 0.0140579
152.098 -13.6992 3.31439 4.24316e-16
152.01 -13.3197 3.3264 0.022569
151.691 -13.0648 3.31812 0.0763367
151.862 -12.8596 3.32477 0.0230731
151.954 -13.2842 3.34906 4.22832e-11
151.644 -13.7109 3.31084 1.92e-13
152.051 -12.9237 3.33091 0.0059305
152.223 -13.0377 3.32146 2.77423e-06
151.709 -13.4197 3.3275 0.0175044
151.861 -13.6549 3.34107 4.16846e-08
151.85 -13.5066 3.32576 0.00191591
151.749 -13.3321 3.32133 0.0274465
151.959 -13.2327 3.31806 0.0002047
151.583 -13.3791 3.33526 1.21517e-05
151.561 -13.4589 3.33633 4.24087e-07
151.558 -13.2537 3.30522 2.1042e-09
151.597 -13.0186 3.32959 0.00809369
152.035 -13.3699 3.31551 2.32558e-08
151.64 -13.1698 3.30272 7.89324e-12
151.914 -13.4453 3.32746 0.0105803
151.881 -14.0199 3.34783 9.72241e-19
151.937 -13.3382 3.34398 5.35962e-07
151.549 -13.7323 3.32689 5.93813e-08
151.672 -12.8624 3.32316 0.0423659
152.022 -13.3244 3.32426 0.00475088
152.233 -13.3583 3.33249 0.0010715
151.675 -13.5551 3.32811 0.000332659
152.236 -13.4386 3.34177 2.58788e-05
151.745 -12.7177 3.32939 7.71683e-05
151.623 -13.4707 3.35456 2.5016e-24
151.832 -13.4836 3.31518 2.23667e-07
152.056 -13.655 3.34031 1.04584e-06
151.31 -13.0242 3.31789 0.00392665
152.293 -13.4218 3.329 1.28448e-05
151.66 -13.6343 3.33865 8.24123e-09
152.442 -13.6177 3.32211 3.35071e-15
151.5 -13.3904 3.33654 8.31348e-08
152.155 -13.8703 3.32189 5.43898e-15
151.517 -13.3082 3.31427 0.000467437
152.563 -13.3333 3.32896 2.87595e-10
151.27 -13.6243 3.30888 3.33424e-12
151.65 -13.3525 3.31377 4.16937e-05
151.817 -13.435 3.32058 0.000813021
151.681 -13.1334 3.31608 0.0135204
151.911 -14.127 3.32335 3.93021e-19
151.702 -13.5121 3.31106 1.46334e-09
151.934 -13.1173 3.31456 1.1899e-05
152.153 -13.3436 3.33017 0.00435593
151.913 -13.6349 3.32857 4.77544e-05
151.166 -13.3757 3.32134 6.22119e-07
151.985 -12.9711 3.32334 0.0150697
151.65 -13.5648 3.31849 6.57626e-06
151.749 -13.7295 3.36006 1.36126e-30
151.591 -13.6777 3.32063 2.55459e-07
151.86 -13.8835 3.32925 6.52204e-10
151.91 -12.9966 3.33149 0.0400682
151.691 -13.3937 3.32527 0.0286769
151.649 -13.2994 3.31996 0.0325343
151.858 -13.2945 3.31616 8.77401e-05
151.995 -13.1871 3.33164 0.116212
151.705 -13.4693 3.31922 0.000268651
151.255 -13.3435 3.3266 1.26113e-06
152.148 -12.9824 3.34422 9.64024e-08
151.856 -13.1771 3.34263 5.53608e-07
151.269 -13.5523 3.31873 1.37331e-07
151.959 -13.2298 3.32188 0.0104989
151.778 -12.9122 3.31606 0.00264001
151.466 -13.1339 3.32738 0.004425
151.595 -13.0668 3.31869 0.133844
151.615 -13.7496 3.31964 3.87528e-09
152.012 -13.5434 3.33727 0.000149848
151.813 -13.1633 3.31229 8.34694e-06
151.503 -12.9391 3.33161 2.24118e-05
152.079 -13.6325 3.32877 7.87615e-06
152.078 -13.44 3.33472 0.00321618
151.607 -13.6343 3.33613 3.32209e-08
152.102 -13.6069 3.34212 1.00121e-06
151.738 -13.3076 3.32744 0.141807
