187.869 24.5853 0.0815478 7.76761e-06
187.902 24.5471 0.0850182 1.48858e-08
187.651 24.2946 0.0847122 1.18988e-08
187.346 24.4331 0.0524177 3.07834e-14
187.305 24.3741 0.0556286 2.63052e-13
187.357 24.7828 0.0590067 1.63994e-07
186.913 24.4451 0.0785627 1.85415e-13
187.494 24.8718 0.0601054 3.20087e-05
187.824 24.9102 0.0834715 3.0208e-07
187.2 25.1509 0.0722837 1.11178e-09
187.311 24.6609 0.07625 0.000278628
187.022 25.074 0.0673985 1.639e-13
187.594 24.6447 0.0688739 0.0845409
187.351 24.6805 0.0606576 9.32036e-07
187.374 25.1134 0.0586351 4.4423e-10
187.542 24.9056 0.0846047 1.90598e-06
187.359 25.0552 0.0543406 2.58674e-12
188.166 24.8894 0.07427 1.67893e-07
188.033 24.95 0.0788238 1.00214e-07
187.643 24.8879 0.078396 0.00148923
187.697 24.4456 0.0848573 3.82196e-07
187.814 24.3659 0.0669424 0.00041497
187.394 24.4021 0.0749912 5.88463e-05
187.339 24.6407 0.0736925 0.000808498
187.454 24.1585 0.064705 8.06842e-10
187.455 25.0443 0.090172 9.00858e-12
187.355 24.3427 0.0590305 1.65157e-10
187.586 24.8616 0.0874593 6.28063e-08
187.274 24.3702 0.0828723 3.74307e-08
187.696 25.0572 0.0850122 6.81874e-09
187.863 24.9788 0.0728251 0.000970385
187.256 24.5336 0.0879176 4.23033e-09
187.003 24.6815 0.0719891 2.21535e-10
187.14 24.961 0.0633926 8.6377e-11
186.933 24.6021 0.0701445 5.4332e-13
187.312 25.0746 0.0818591 2.39969e-08
187.916 24.5155 0.055315 4.17584e-06
187.498 24.9187 0.0795874 0.000209862
187.262 24.7969 0.0583034 7.84095e-10
187.828 25.1598 0.0465058 3.65895e-14
187.649 24.8874 0.0671955 0.0358336
187.491 25.0931 0.0708256 5.24487e-05
187.6 24.7473 0.0687797 0.107667
187.239 24.772 0.0798421 6.53428e-06
187.888 25.0028 0.0549651 1.82168e-06
187.253 24.5862 0.0865243 3.5936e-08
187.59 24.7637 0.0696103 0.102043
187.539 24.3788 0.0819866 4.60382e-06
187.148 25.195 0.0781544 9.857e-12
187.005 24.4478 0.0704621 5.19034e-12
186.873 24.7332 0.0851463 1.99323e-14
187.46 25.6432 0.0643577 7.92939e-20
187.924 24.8396 0.0779818 6.42323e-05
187.715 24.7018 0.0690328 0.199151
187.611 25.2446 0.0705035 5.26005e-07
187.24 24.9577 0.0705127 1.42451e-06
187.457 24.4644 0.076471 0.000595029
187.512 25.057 0.0862687 3.34065e-09
187.545 24.6499 0.0716896 0.0609635
187.034 24.2861 0.0754379 1.51728e-12
187.559 25.3975 0.0781286 2.81849e-12
187.645 24.6512 0.0761148 0.0301773
187.993 24.8725 0.0540838 3.00881e-06
186.923 24.6064 0.0703223 3.1819e-13
187.53 24.4976 0.0780295 0.00127117
187.676 24.8 0.0634183 0.0239881
187.571 24.7267 0.0706926 0.0978434
187.78 24.7538 0.0767787 0.00738536
187.116 24.3192 0.0757271 3.05727e-10
186.947 24.3689 0.0757332 1.57201e-13
187.955 24.8173 0.0687457 0.00953795
187.692 25.1445 0.0951938 4.69264e-19
187.622 24.6682 0.064515 0.0274068
187.47 24.7346 0.0599771 3.14365e-05
187.739 25.1267 0.0875253 4.15049e-12
187.701 24.7058 0.0842791 9.19636e-06
187.714 24.3322 0.0814469 9.02459e-07
187.672 25.1738 0.0658609 1.17224e-05
187.446 24.5275 0.0641212 0.000119422
187.815 25.0038 0.056296 7.56037e-06
187.289 24.9504 0.0334366 1.78835e-37
187.662 24.7801 0.0721208 0.122361
187.591 24.5922 0.0580079 2.77687e-05
187.338 24.9448 0.0746966 6.77529e-05
187.278 24.9639 0.0792997 1.48812e-06
187.818 25.1729 0.0663379 1.26724e-05
186.859 25.4475 0.0660021 7.88197e-27
187.765 24.5676 0.0739266 0.0234739
187.479 25.5483 0.0764857 1.31469e-16
187.173 24.8726 0.0747102 7.53515e-07
187.377 25.0588 0.0683271 6.47042e-06
187.252 23.9368 0.0746934 2.37005e-16
187.818 24.8363 0.066689 0.0610067
187.586 25.0661 0.0862797 2.1061e-09
187.268 24.8524 0.0710821 2.89777e-05
187.787 25.1363 0.0771214 1.21099e-06
186.937 24.2306 0.0741772 3.87183e-16
187.064 24.6191 0.0749534 1.14877e-08
187.235 24.588 0.0779087 1.00347e-05
187.358 25.0738 0.0758283 2.5826e-06
