3.71124 -95.0978 3.32005 1.28363e-07
3.75395 -95.1957 3.29624 0.004568
3.69055 -95.2743 3.28931 0.00118065
3.87243 -95.701 3.31295 4.89166e-05
4.29092 -95.5909 3.29384 0.00355932
3.98753 -95.6844 3.30088 0.0343938
4.05057 -95.4914 3.29426 0.0523796
4.19045 -95.2738 3.30024 0.030499
3.98067 -95.0883 3.29885 0.00463909
3.75233 -95.6829 3.30232 0.00433044
4.28312 -95.1681 3.3146 0.0022823
4.10073 -94.815 3.31471 1.44647e-05
3.69302 -95.2807 3.29831 0.00658589
3.94187 -95.6698 3.31512 3.62108e-05
3.79959 -95.3877 3.28783 0.00397667
4.07625 -95.6476 3.30548 0.0205265
3.91827 -95.4125 3.31571 0.000271132
4.36066 -95.8656 3.30288 0.00018941
3.80909 -95.4241 3.30046 0.0439961
3.97148 -95.9376 3.30447 0.000160536
3.91805 -95.4972 3.28797 0.00848437
3.90387 -95.0479 3.30636 0.00206134
3.50315 -95.6333 3.28592 0.000344584
4.02358 -95.5766 3.29229 0.0329795
4.2335 -95.5788 3.28691 0.000261349
3.77928 -94.9417 3.29705 5.65965e-05
3.78744 -95.4212 3.30269 0.0240497
4.15162 -95.4315 3.30108 0.0862996
4.14183 -95.4922 3.28739 0.00112883
4.3347 -95.2012 3.31384 0.00273207
3.77389 -95.4633 3.29991 0.0336751
3.73024 -95.4292 3.30388 0.00823778
4.24392 -95.8428 3.29821 0.00143246
3.8262 -95.4463 3.29995 0.0550924
3.85342 -95.7485 3.29673 0.0165694
3.83437 -95.156 3.31036 0.00113355
4.18786 -95.0983 3.30885 0.00661809
4.19446 -94.9318 3.30345 0.000321431
4.10093 -95.5708 3.28461 0.000388513
3.88493 -95.5019 3.296 0.0790683
4.41908 -96.0653 3.29748 8.7624e-07
4.14803 -95.4777 3.30563 0.0612336
4.08954 -94.8291 3.31992 1.99472e-06
3.83632 -94.9379 3.30337 0.000183398
3.80697 -95.0903 3.28667 2.18786e-05
4.30882 -95.6832 3.31514 0.000103447
4.09814 -95.134 3.28671 1.47792e-05
4.27452 -95.1279 3.31603 0.00103095
3.69388 -96.0576 3.2977 1.01934e-05
3.86112 -95.4959 3.30248 0.047999
3.85388 -95.1242 3.31704 3.07104e-05
3.98199 -94.8402 3.29453 2.97776e-06
4.18581 -95.6146 3.2984 0.033545
3.75475 -95.8187 3.29122 0.0037724
3.68106 -95.616 3.28839 0.00539941
4.18267 -96.1092 3.29624 8.01665e-06
3.8101 -95.7876 3.29633 0.00809774
4.39376 -95.4649 3.30226 0.00741194
4.30882 -94.5896 3.30048 1.24273e-09
3.90437 -95.6246 3.28962 0.0177193
3.8368 -95.5298 3.30446 0.0198395
4.01885 -96.0036 3.29403 0.000304051
3.85459 -95.5522 3.30949 0.00236731
3.91915 -95.5148 3.29029 0.0231318
4.36832 -95.5519 3.29873 0.00499743
3.57714 -95.6963 3.31981 9.22021e-11
3.41441 -95.9267 3.29372 3.67991e-06
3.43459 -95.0349 3.30769 1.31437e-07
3.61972 -95.7836 3.29246 0.00151678
3.16143 -95.1832 3.29761 4.13031e-09
4.23314 -94.6046 3.31253 7.80366e-08
4.40425 -95.0461 3.2971 2.4979e-05
4.53102 -95.0524 3.32206 6.75546e-06
3.95484 -95.3069 3.32704 2.0937e-08
3.30749 -95.5617 3.31307 1.13159e-10
4.39595 -95.3103 3.29162 5.84356e-05
4.05471 -95.6932 3.31678 1.86739e-05
3.97211 -95.7335 3.30555 0.00504165
4.40748 -95.6309 3.29247 0.00019368
3.62642 -96.2354 3.28578 1.94219e-07
3.97304 -95.6089 3.30461 0.0301056
3.88862 -95.5283 3.28859 0.0127265
3.86121 -94.6211 3.32354 7.61092e-11
4.36744 -95.6039 3.31483 0.000284338
3.67201 -95.3431 3.2867 0.000779899
3.40343 -95.6862 3.30197 3.60411e-06
3.75058 -95.7646 3.28932 0.004945
3.82911 -95.1767 3.28711 0.000170693
4.23806 -95.516 3.28856 0.000624879
3.81168 -94.8769 3.32226 1.62993e-08
3.88575 -95.9142 3.29401 0.00187418
3.87513 -95.1174 3.31228 0.000598576
4.60046 -95.6483 3.31922 8.52534e-07
4.02598 -95.4044 3.30759 0.0425272
3.37745 -94.7381 3.30189 1.25148e-10
3.8857 -95.3886 3.30331 0.053016
4.26821 -95.2088 3.30508 0.0157985
4.19919 -95.4319 3.295 0.0178655
3.82317 -95.0216 3.32716 1.00622e-09
3.58453 -95.0705 3.30762 1.24921e-05
