85.8991 17.3385 0.100397 1.52197e-09 85.517 16.995 0.094777
86.0872 17.1564 0.0893345 1.18444e-08 85.517 16.995 0.094777
85.5405 17.5354 0.0920953 3.51053e-09 85.517 16.995 0.094777
85.7231 17.0943 0.0944891 0.000571113 85.517 16.995 0.094777
85.6939 17.2764 0.0926984 1.16191e-05 85.517 16.995 0.094777
85.1958 16.4809 0.0924334 0.0315657 85.517 16.995 0.094777
84.4225 17.7538 0.0869248 1.11629e-26 85.517 16.995 0.094777
85.2469 16.8193 0.0919568 0.210198 85.517 16.995 0.094777
85.7984 17.0511 0.0946983 0.000280245 85.517 16.995 0.094777
85.6968 16.702 0.09557 0.0253059 85.517 16.995 0.094777
85.1716 17.3712 0.0968945 6.21622e-07 85.517 16.995 0.094777
86.006 17.2083 0.107271 9.88655e-12 85.517 16.995 0.094777
85.2017 17.0032 0.0714263 1.14621e-07 85.517 16.995 0.094777
85.9592 16.7564 0.0978236 1.79337e-05 85.517 16.995 0.094777
85.5406 17.2109 0.0891554 0.000396678 85.517 16.995 0.094777
86.2329 16.5718 0.0898738 6.49921e-07 85.517 16.995 0.094777
85.5813 16.9945 0.0995047 0.00366723 85.517 16.995 0.094777
85.5136 17.2672 0.0915934 0.000107638 85.517 16.995 0.094777
85.4924 16.707 0.0776633 0.00793262 85.517 16.995 0.094777
85.8416 17.2828 0.109173 3.50009e-11 85.517 16.995 0.094777
85.045 17.049 0.0973562 0.000342951 85.517 16.995 0.094777
85.4747 16.9556 0.0968189 0.0424274 85.517 16.995 0.094777
85.0972 16.9642 0.104416 8.73657e-05 85.517 16.995 0.094777
85.8603 17.364 0.0978098 6.24202e-09 85.517 16.995 0.094777
86.3292 17.2203 0.115312 2.31704e-18 85.517 16.995 0.094777
84.9761 17.1953 0.0919867 5.3609e-06 85.517 16.995 0.094777
85.3732 17.0518 0.0807199 0.000954934 85.517 16.995 0.094777
85.8042 17.2635 0.107868 5.86565e-10 85.517 16.995 0.094777
85.7313 16.9893 0.101562 0.000124111 85.517 16.995 0.094777
85.3246 16.8401 0.114599 3.29924e-08 85.517 16.995 0.094777
85.437 16.8263 0.106411 0.000316819 85.517 16.995 0.094777
86.6009 17.0313 0.0993902 3.17555e-16 85.517 16.995 0.094777
85.2073 16.9081 0.0891119 0.0581658 85.517 16.995 0.094777
85.1637 16.7373 0.10356 0.00120063 85.517 16.995 0.094777
85.4136 16.9901 0.0988006 0.0147842 85.517 16.995 0.094777
85.6141 17.369 0.0745153 2.7773e-10 85.517 16.995 0.094777
84.9026 17.1357 0.123232 2.43135e-17 85.517 16.995 0.094777
85.0214 16.9798 0.0765008 9.40052e-07 85.517 16.995 0.094777
85.548 17.425 0.0865114 1.36805e-07 85.517 16.995 0.094777
85.8732 16.7171 0.0860515 0.00191279 85.517 16.995 0.094777
86.1537 16.8458 0.0912581 1.10495e-07 85.517 16.995 0.094777
85.4852 16.9941 0.0927008 0.0601492 85.517 16.995 0.094777
85.4401 16.9578 0.0995415 0.0149447 85.517 16.995 0.094777
85.6373 17.2168 0.0853271 5.72225e-05 85.517 16.995 0.094777
85.6388 17.2074 0.0966537 8.44944e-05 85.517 16.995 0.094777
85.8737 16.6227 0.0772782 5.57468e-05 85.517 16.995 0.094777
85.3063 17.3413 0.0871013 3.78296e-06 85.517 16.995 0.094777
85.1544 17.4776 0.119634 4.64542e-17 85.517 16.995 0.094777
85.8744 17.0402 0.100866 3.30148e-06 85.517 16.995 0.094777
85.124 16.6393 0.072061 2.15145e-06 85.517 16.995 0.094777
85.4405 17.4606 0.088385 8.03592e-08 85.517 16.995 0.094777
85.6915 16.8783 0.0928917 0.0305777 85.517 16.995 0.094777
86.274 17.6396 0.0896647 1.38602e-15 85.517 16.995 0.094777
85.9925 16.6957 0.101222 6.4562e-07 85.517 16.995 0.094777
85.3174 17.2277 0.0876365 0.00018829 85.517 16.995 0.094777
85.6179 16.9837 0.10144 0.000908739 85.517 16.995 0.094777
86.1659 17.2183 0.0978717 1.25828e-09 85.517 16.995 0.094777
85.4249 16.9753 0.0815142 0.0072736 85.517 16.995 0.094777
85.0528 17.0707 0.0663231 1.3642e-12 85.517 16.995 0.094777
86.0707 17.3514 0.0987493 7.90849e-12 85.517 16.995 0.094777
85.5085 17.2027 0.0756208 4.63179e-07 85.517 16.995 0.094777
85.1951 17.0723 0.0907742 0.00470379 85.517 16.995 0.094777
85.5484 17.0998 0.0911205 0.00662345 85.517 16.995 0.094777
85.3761 17.5945 0.0985678 1.60362e-10 85.517 16.995 0.094777
85.5773 16.7086 0.0933164 0.227067 85.517 16.995 0.094777
85.1706 17.2529 0.0921487 4.23944e-05 85.517 16.995 0.094777
85.5498 16.919 0.111318 4.73068e-07 85.517 16.995 0.094777
85.3341 17.1481 0.0923866 0.00300869 85.517 16.995 0.094777
85.3619 17.0616 0.0819794 0.00154283 85.517 16.995 0.094777
86.2045 17.1237 0.0878429 9.79033e-08 85.517 16.995 0.094777
86.0053 16.6903 0.0771237 1.58674e-06 85.517 16.995 0.094777
85.7084 17.4011 0.108515 3.72822e-11 85.517 16.995 0.094777
85.5657 17.1004 0.0981708 0.00133113 85.517 16.995 0.094777
85.2725 17.1152 0.098232 0.00146156 85.517 16.995 0.094777
85.3579 16.8232 0.067403 7.17965e-08 85.517 16.995 0.094777
85.1606 17.0386 0.0909333 0.00568744 85.517 16.995 0.094777
85.9045 17.5126 0.110609 4.79383e-16 85.517 16.995 0.094777
85.6408 16.4818 0.0906736 0.0372183 85.517 16.995 0.094777
85.4442 17.2306 0.102412 1.69832e-05 85.517 16.995 0.094777
85.896 16.9585 0.0820941 4.74687e-05 85.517 16.995 0.094777
86.0547 17.0433 0.0811511 6.58427e-08 85.517 16.995 0.094777
85.5774 16.8146 0.0848688 0.117172 85.517 16.995 0.094777
85.3844 17.417 0.0965277 5.23622e-07 85.517 16.995 0.094777
86.0171 17.5141 0.108514 9.31823e-17 85.517 16.995 0.094777
85.3757 16.7661 0.117149 7.82415e-10 85.517 16.995 0.094777
85.6929 17.6461 0.0986524 1.02692e-12 85.517 16.995 0.094777
85.7269 16.8704 0.0951396 0.0104484 85.517 16.995 0.094777
85.4844 17.1101 0.0968322 0.00318033 85.517 16.995 0.094777
85.3862 17.2556 0.0957996 0.000135355 85.517 16.995 0.094777
85.7867 17.2495 0.10178 1.72594e-07 85.517 16.995 0.094777
86.5702 17.1641 0.0842352 3.5419e-14 85.517 16.995 0.094777
85.527 16.93 0.105126 0.000294515 85.517 16.995 0.094777
85.7176 17.0353 0.0954782 0.00145622 85.517 16.995 0.094777
85.5306 17.4279 0.0746557 4.50328e-11 85.517 16.995 0.094777
85.6426 16.8756 0.105788 6.23339e-05 85.517 16.995 0.094777
85.7179 17.1863 0.093188 9.51005e-05 85.517 16.995 0.094777
86.1147 17.3059 0.0840712 1.99221e-11 85.517 16.995 0.094777
85.3176 17.1027 0.094494 0.00635708 85.517 16.995 0.094777
85.3492 17.2534 0.100872 2.30646e-05 85.517 16.995 0.094777
85.5396 16.9251 0.0957659 0.0573918 85.517 16.995 0.094777
