-30.6069 -16.7896 0.977595 5.85808e-06
-30.6274 -16.5338 0.998643 2.28489e-10
-30.8513 -16.3858 1.01488 4.30125e-39
-30.9701 -16.6558 1.00475 4.57366e-19
-30.3293 -16.7573 0.985592 0.486102
-30.4922 -16.4286 1.00189 3.54338e-15
-30.4972 -17.1493 0.990704 0.00206683
-30.5219 -16.5792 0.986019 0.00490526
-30.3862 -16.6709 1.00972 9.24679e-19
-30.5903 -16.2478 0.992966 7.0617e-13
-30.5106 -17.001 0.985254 0.00540525
-30.2959 -16.6136 0.998959 4.83418e-08
-30.2036 -16.6743 0.98464 0.180775
-30.1773 -16.5524 1.00965 2.08237e-23
-30.7182 -16.8182 0.998629 3.44992e-07
-30.7423 -16.6293 0.992207 1.12996e-06
-30.8496 -16.418 1.00036 5.195e-18
-31.0264 -16.4187 0.995314 2.22645e-18
-30.8676 -16.8516 1.00692 1.18745e-15
-30.3576 -17.3132 0.995923 3.13373e-05
-30.7169 -16.6651 1.00209 9.32124e-12
-30.4472 -16.3157 1.01479 4.14924e-39
-30.454 -17.4467 1.00176 1.10976e-08
-30.0004 -16.2482 0.993042 2.14914e-14
-30.4107 -16.1291 0.969935 3.94592e-11
-30.5706 -16.2865 0.989634 1.32746e-09
-30.4721 -16.6989 0.998897 1.47655e-06
-30.3381 -16.7025 0.978754 0.0172866
-30.2468 -15.9451 1.00957 4.00744e-48
-30.3803 -17.2769 0.995965 9.93595e-05
-30.5258 -16.7671 0.992355 0.0091872
-30.581 -16.9418 0.989005 0.0114406
-30.6493 -16.8803 0.996911 5.27557e-05
-30.6362 -16.7852 0.980681 8.2472e-05
-30.9811 -16.4984 0.993174 2.41327e-14
-30.848 -16.8774 0.984171 4.61701e-08
-30.3557 -16.2437 0.972371 6.86166e-08
-30.5491 -16.756 0.979521 0.000554764
-30.3086 -16.7281 0.993335 0.00848427
-31.0332 -16.3944 0.998781 1.2472e-21
-30.2268 -16.7334 1.00217 2.07336e-09
-30.7045 -16.2722 0.977141 1.94136e-10
-30.4419 -17.2113 0.961625 8.68136e-32
-30.6551 -16.3947 0.991404 5.73428e-09
-30.7265 -16.3788 0.980901 1.55295e-08
-30.1508 -16.5478 0.987871 0.00238013
-30.2762 -17.0075 1.0039 7.03039e-08
-30.3672 -16.436 0.975998 0.000164745
-30.9028 -16.5313 0.977866 3.38013e-12
-30.8089 -16.7035 0.999415 1.76321e-10
-30.5727 -17.0453 0.999113 6.91161e-05
-29.9981 -16.426 1.0095 4.5422e-30
-30.979 -16.6542 0.987394 3.66189e-11
-30.7743 -17.215 0.98772 9.04737e-09
-30.4946 -16.529 0.975887 4.49022e-05
-30.8373 -17.0324 1.00081 3.17234e-09
-30.5183 -16.6801 1.01386 1.16548e-24
-30.7398 -16.6397 0.981876 2.91435e-06
-30.9719 -16.362 0.988673 3.04063e-15
-31.1617 -16.9541 0.989943 1.00782e-10
-29.9559 -16.7168 0.99658 2.07094e-08
-30.8709 -17.0603 1.00059 9.20118e-10
-30.2706 -17.0671 0.998689 0.00025976
-30.5539 -16.6702 0.992667 0.000637574
-30.7488 -17.2955 0.980078 7.12733e-15
-30.7574 -17.0537 0.996128 3.80186e-06
-31.009 -16.6892 0.994927 6.30734e-13
-30.7558 -16.7908 0.985351 1.70348e-05
-30.4051 -17.1701 0.979756 1.64428e-07
-30.684 -16.7708 0.982728 8.16527e-05
-31.0962 -16.2607 0.98039 7.00969e-21
-29.9525 -16.1776 0.992804 3.96821e-17
-29.4126 -16.9853 0.985039 5.07325e-19
-31.119 -16.7523 0.992593 4.5301e-09
-30.9141 -15.8013 0.985853 1.69766e-30
-30.7071 -16.5876 1.01296 6.59671e-27
-30.4689 -17.152 0.997865 0.000368055
-30.6797 -16.6421 1.00583 1.51724e-15
-30.3885 -16.9416 0.986405 0.161423
-30.8871 -17.0927 0.985954 3.14175e-10
-31.014 -16.6707 0.995891 1.10446e-13
-30.0001 -16.8428 0.987249 0.00392855
-30.7747 -16.9339 0.976595 2.61563e-11
-30.6662 -16.7568 0.981261 5.41377e-05
-30.2462 -16.8107 0.997605 0.000115035
-31.1472 -16.4307 0.994136 2.9213e-21
-30.7356 -17.3327 0.989413 1.34934e-09
-30.5301 -16.7128 0.994236 0.00061902
-30.7965 -16.7997 0.981481 1.32366e-07
-30.6264 -16.2753 1.00126 3.77057e-20
-30.5328 -16.8567 0.989328 0.0509528
-31.1175 -16.4705 0.979373 5.21894e-19
-30.5816 -16.9828 0.989762 0.00794293
-29.9527 -17.0017 0.981257 1.18664e-05
-31.3068 -16.4288 0.969883 4.96303e-29
-29.975 -17.3882 0.994259 1.18167e-09
-30.5761 -16.5477 0.983768 0.000686318
-30.5219 -16.8686 1.00044 5.58655e-06
-31.2439 -17.2188 0.997491 1.79543e-13
-30.3838 -16.6924 0.99058 0.0437474
