-20.4199 -90.3076 2.66124 2.08313e-15 -20.134 -89.983 2.6354
-19.6155 -90.3221 2.6325 4.94337e-06 -20.134 -89.983 2.6354
-20.7163 -90.4063 2.64352 8.54177e-10 -20.134 -89.983 2.6354
-20.121 -90.5463 2.63041 8.75924e-05 -20.134 -89.983 2.6354
-20.2921 -89.8471 2.64678 2.98472e-06 -20.134 -89.983 2.6354
-20.1112 -90.1275 2.62779 0.0646611 -20.134 -89.983 2.6354
-19.914 -90.7769 2.64148 2.46425e-08 -20.134 -89.983 2.6354
-20.0728 -89.7788 2.64996 3.04608e-07 -20.134 -89.983 2.6354
-19.8527 -89.6872 2.65638 1.48383e-11 -20.134 -89.983 2.6354
-20.1284 -90.2386 2.65554 1.60565e-08 -20.134 -89.983 2.6354
-20.2397 -90.0385 2.63597 0.0574738 -20.134 -89.983 2.6354
-20.0202 -90.1632 2.6454 0.0010417 -20.134 -89.983 2.6354
-19.9115 -90.575 2.63424 1.7088e-05 -20.134 -89.983 2.6354
-20.633 -90.5357 2.64699 5.3007e-11 -20.134 -89.983 2.6354
-20.5734 -90.5583 2.64113 2.8898e-08 -20.134 -89.983 2.6354
-20.1373 -90.2152 2.63783 0.0303609 -20.134 -89.983 2.6354
-20.5434 -90.6272 2.63189 2.10021e-07 -20.134 -89.983 2.6354
-19.612 -89.9586 2.63593 4.9968e-05 -20.134 -89.983 2.6354
-20.5661 -90.3076 2.64763 8.39644e-09 -20.134 -89.983 2.6354
-19.9142 -90.3808 2.64326 0.00042088 -20.134 -89.983 2.6354
-20.2039 -90.3425 2.63029 0.010258 -20.134 -89.983 2.6354
-20.8963 -89.9473 2.62635 3.67677e-07 -20.134 -89.983 2.6354
-19.7716 -89.9206 2.61379 5.65226e-09 -20.134 -89.983 2.6354
-20.4014 -90.0876 2.62953 0.0404819 -20.134 -89.983 2.6354
-20.3794 -90.3435 2.63631 0.0014872 -20.134 -89.983 2.6354
-20.0028 -90.5608 2.65011 2.88688e-07 -20.134 -89.983 2.6354
-19.9601 -90.3569 2.62707 0.000554837 -20.134 -89.983 2.6354
-20.2509 -90.0704 2.62943 0.129568 -20.134 -89.983 2.6354
-20.6341 -90.2533 2.61189 1.41583e-07 -20.134 -89.983 2.6354
-20.8028 -90.2196 2.63928 1.00787e-08 -20.134 -89.983 2.6354
-20.4225 -89.601 2.62908 0.000268778 -20.134 -89.983 2.6354
-20.3542 -90.2876 2.64146 0.000388467 -20.134 -89.983 2.6354
-20.0289 -90.2334 2.63481 0.0366952 -20.134 -89.983 2.6354
-20.4922 -90.6041 2.62637 5.84431e-07 -20.134 -89.983 2.6354
-20.7222 -90.2367 2.62704 2.34446e-05 -20.134 -89.983 2.6354
-20.0872 -89.9365 2.64006 0.0107666 -20.134 -89.983 2.6354
-20.2374 -90.0517 2.6482 1.47332e-05 -20.134 -89.983 2.6354
-20.595 -89.8171 2.63623 2.38182e-05 -20.134 -89.983 2.6354
-20.1674 -89.6627 2.62015 0.00050618 -20.134 -89.983 2.6354
-20.8033 -90.3436 2.65553 4.65742e-18 -20.134 -89.983 2.6354
-19.9021 -90.1422 2.63249 0.0187166 -20.134 -89.983 2.6354
-20.1126 -90.8844 2.64822 2.58599e-11 -20.134 -89.983 2.6354
-20.0651 -89.7561 2.63452 0.00813583 -20.134 -89.983 2.6354
-20.9432 -89.7386 2.6376 5.91677e-12 -20.134 -89.983 2.6354
-19.9153 -90.2507 2.65199 3.26511e-06 -20.134 -89.983 2.6354
-20.5114 -90.1432 2.63311 0.00309047 -20.134 -89.983 2.6354
-21.0648 -90.2782 2.61735 2.26104e-11 -20.134 -89.983 2.6354
-19.5147 -90.8771 2.63286 8.34393e-15 -20.134 -89.983 2.6354
-20.2554 -90.7579 2.62307 1.65441e-09 -20.134 -89.983 2.6354
-19.9356 -90.3485 2.65139 2.98333e-06 -20.134 -89.983 2.6354
-20.479 -90.3303 2.65149 1.01997e-09 -20.134 -89.983 2.6354
-20.8455 -90.1138 2.64545 3.91685e-12 -20.134 -89.983 2.6354
-19.7578 -89.6367 2.63526 1.4776e-05 -20.134 -89.983 2.6354
-20.0461 -90.9302 2.64331 4.77764e-11 -20.134 -89.983 2.6354
-20.4404 -90.2769 2.62565 0.00286377 -20.134 -89.983 2.6354
-20.0472 -90.6861 2.63731 1.94483e-06 -20.134 -89.983 2.6354
-20.3755 -90.2412 2.63137 0.0157871 -20.134 -89.983 2.6354
-20.8121 -90.0534 2.6422 6.22319e-10 -20.134 -89.983 2.6354
-20.104 -90.1125 2.63627 0.077997 -20.134 -89.983 2.6354
-20.1278 -90.0306 2.63077 0.149051 -20.134 -89.983 2.6354
-19.6921 -90.3199 2.64822 5.87788e-06 -20.134 -89.983 2.6354
-20.4847 -89.9894 2.64237 2.18631e-05 -20.134 -89.983 2.6354
-20.7854 -90.1685 2.64036 1.07759e-08 -20.134 -89.983 2.6354
-20.3157 -90.9079 2.63866 6.96359e-11 -20.134 -89.983 2.6354
-20.2434 -90.594 2.63547 2.84521e-05 -20.134 -89.983 2.6354
-19.9288 -90.5287 2.62726 5.95877e-06 -20.134 -89.983 2.6354
-20.5579 -90.4868 2.61577 2.86678e-08 -20.134 -89.983 2.6354
-20.1914 -89.9912 2.62087 0.00987888 -20.134 -89.983 2.6354
-20.5233 -89.8896 2.63795 0.000112292 -20.134 -89.983 2.6354
-20.36 -89.8045 2.64787 1.14767e-07 -20.134 -89.983 2.6354
-20.1304 -90.1848 2.63367 0.082763 -20.134 -89.983 2.6354
-20.9492 -89.7165 2.63986 2.60712e-13 -20.134 -89.983 2.6354
-20.1732 -90.074 2.62619 0.0717228 -20.134 -89.983 2.6354
-20.4509 -89.8719 2.62652 0.0151382 -20.134 -89.983 2.6354
-20.5 -89.8644 2.63999 3.21925e-05 -20.134 -89.983 2.6354
-20.3569 -89.8625 2.63284 0.0184629 -20.134 -89.983 2.6354
-20.2239 -90.7693 2.63348 7.16271e-08 -20.134 -89.983 2.6354
-20.3967 -89.8581 2.63325 0.00941613 -20.134 -89.983 2.6354
-19.3236 -90.5979 2.63781 1.86051e-12 -20.134 -89.983 2.6354
-20.4026 -90.6896 2.65953 2.3857e-16 -20.134 -89.983 2.6354
-20.5672 -90.4939 2.63778 1.03645e-06 -20.134 -89.983 2.6354
-20.7903 -90.3517 2.61825 6.86245e-08 -20.134 -89.983 2.6354
-20.3425 -90.3726 2.63716 0.00118793 -20.134 -89.983 2.6354
-20.5847 -90.2905 2.64189 1.35508e-06 -20.134 -89.983 2.6354
-20.1349 -89.8911 2.64057 0.00457221 -20.134 -89.983 2.6354
-20.3209 -90.4731 2.61733 6.07061e-07 -20.134 -89.983 2.6354
-20.5205 -90.3147 2.64029 1.91784e-05 -20.134 -89.983 2.6354
-19.878 -90.3424 2.64047 0.0013239 -20.134 -89.983 2.6354
-19.9396 -90.3701 2.65469 8.64603e-08 -20.134 -89.983 2.6354
-20.3612 -90.1036 2.63827 0.00598095 -20.134 -89.983 2.6354
-20.5491 -90.6133 2.63267 2.7191e-07 -20.134 -89.983 2.6354
-20.0496 -89.9762 2.63598 0.0608237 -20.134 -89.983 2.6354
-20.0925 -90.7138 2.64484 1.02363e-07 -20.134 -89.983 2.6354
-20.3135 -90.2964 2.6265 0.00726746 -20.134 -89.983 2.6354
-20.5146 -90.1793 2.64365 4.62102e-06 -20.134 -89.983 2.6354
-19.5661 -90.0257 2.63574 1.68351e-05 -20.134 -89.983 2.6354
-20.8326 -90.5103 2.62829 2.79784e-09 -20.134 -89.983 2.6354
-20.075 -90.1859 2.64538 0.000898449 -20.134 -89.983 2.6354
-20.705 -90.154 2.64968 7.4924e-12 -20.134 -89.983 2.6354
-20.2313 -89.852 2.62619 0.0494879 -20.134 -89.983 2.6354
