117.142 -21.6878 3.41331 0.100169
117.425 -21.8845 3.41164 0.00134728
116.705 -21.7817 3.417 5.38312e-05
117.116 -21.6053 3.41005 0.116395
117.669 -21.7391 3.43041 7.36e-07
117.067 -21.6675 3.42026 0.0032418
116.844 -22.0708 3.40356 0.000320049
117.241 -21.2942 3.4038 0.000152142
117.222 -22.1873 3.41828 3.14641e-05
116.428 -21.4625 3.42489 6.44072e-15
117.224 -21.3995 3.41928 0.000996835
117.24 -21.6982 3.40556 0.0108301
117.346 -21.8926 3.41418 0.00687068
117.091 -21.9861 3.41055 0.00877
116.64 -21.9054 3.39962 0.000503196
117.416 -21.7509 3.43602 2.44075e-09
117.257 -21.2971 3.41175 0.00102727
117.094 -21.3567 3.40499 0.00503428
117.199 -21.897 3.40982 0.0172638
117.334 -22.2855 3.39879 3.17877e-11
116.697 -21.4989 3.39929 0.00482086
117.252 -21.5891 3.41812 0.0152866
117.132 -22.2326 3.40263 5.55446e-07
117.042 -21.6479 3.41121 0.133745
117.701 -21.3588 3.40552 2.18115e-09
117.645 -21.934 3.40596 3.31041e-08
116.949 -22.0757 3.42154 6.21031e-06
116.925 -21.7522 3.40739 0.0926317
117.016 -21.6999 3.42209 0.000403264
117.177 -22.0521 3.39661 1.57906e-07
116.914 -21.1987 3.39122 1.62541e-07
117.303 -21.8815 3.41486 0.0122739
117.206 -21.661 3.4251 0.00018701
116.974 -21.4426 3.41502 0.00578
116.507 -21.8291 3.42539 6.75568e-13
116.935 -21.4866 3.4081 0.0543981
116.976 -21.7974 3.40293 0.0231322
117.642 -21.6724 3.40885 3.54216e-06
117.208 -21.8872 3.40882 0.0139726
116.921 -21.5893 3.42308 1.70692e-05
117.18 -21.5624 3.41934 0.00695755
116.863 -21.7642 3.39697 0.00153547
117.258 -21.3864 3.41714 0.00200635
117.298 -21.5837 3.4301 1.09774e-06
117.404 -21.9413 3.4107 0.000685728
116.871 -21.8968 3.41906 0.000179339
117.001 -21.6378 3.42127 0.000577177
117.526 -21.4832 3.41738 0.000369216
117.184 -22.2411 3.42141 1.65513e-06
117.148 -22.0554 3.41909 0.000431862
117.125 -21.509 3.41391 0.0387873
117.684 -22.0687 3.39684 1.90711e-15
116.862 -22.0326 3.41135 0.00112837
117.117 -21.5257 3.41319 0.0537793
117.002 -22.202 3.40868 4.46694e-05
116.85 -21.6509 3.4089 0.0649251
117.338 -21.6179 3.41399 0.022051
117.35 -21.507 3.41701 0.00606469
117.048 -21.7176 3.39235 2.71681e-06
117.67 -21.6634 3.41458 2.65365e-05
116.945 -21.6553 3.42539 2.72559e-06
117.058 -21.6352 3.40054 0.00747663
116.705 -21.8524 3.43417 3.56275e-16
117.205 -21.8856 3.42058 0.00284642
117.242 -20.9893 3.40836 1.25307e-07
117.152 -21.6371 3.41724 0.0289829
117.858 -22.0454 3.42943 3.74838e-09
117.549 -22.1122 3.40341 1.85721e-09
117.474 -21.898 3.42258 0.000348938
116.886 -21.5353 3.41724 0.00129404
117.658 -21.5154 3.40019 2.08234e-10
117.04 -22.5174 3.41528 2.56085e-10
117.37 -21.6932 3.40491 0.0005753
117.788 -21.4907 3.41915 5.93127e-07
117.542 -22.4055 3.41768 9.72907e-10
117.245 -22.0173 3.41344 0.00272585
117.616 -21.9337 3.41314 1.33333e-05
117.519 -21.5676 3.39869 1.24446e-08
117.338 -21.3004 3.39091 1.7335e-11
117.057 -21.4385 3.40784 0.0341778
116.905 -22.171 3.43058 5.2579e-12
117.454 -21.9472 3.3979 2.54189e-09
117.21 -21.6088 3.41326 0.0677525
117.238 -21.6109 3.3968 1.11313e-05
117.371 -21.6636 3.42337 0.00101032
116.974 -22.017 3.39198 5.90358e-08
116.917 -21.5679 3.4283 1.3877e-08
117.019 -21.8857 3.42761 5.37892e-07
117.448 -21.3252 3.40361 1.8279e-06
117.209 -21.5332 3.41776 0.0123786
117.141 -21.9599 3.41512 0.00881255
117.36 -21.4952 3.40491 0.000413472
116.98 -21.828 3.38833 1.28773e-08
117.617 -21.2593 3.41253 4.56149e-07
117.483 -21.8523 3.41208 0.000667942
116.881 -22.5574 3.42071 3.31439e-13
116.901 -22.369 3.41498 3.63116e-08
116.919 -21.3896 3.39318 2.45538e-05
117.378 -22.0068 3.41278 0.000666139
117.165 -22.0359 3.41933 0.000593315
