174.748 23.9329 0.0748893 0.00182747 174.61 23.753 0.077048
174.35 23.8068 0.0881183 1.10779e-05 174.61 23.753 0.077048
174.684 23.5476 0.0690696 0.151674 174.61 23.753 0.077048
174.879 24.0227 0.069597 0.000229422 174.61 23.753 0.077048
174.534 23.6375 0.072018 0.0853666 174.61 23.753 0.077048
174.674 23.9471 0.080492 0.000172892 174.61 23.753 0.077048
174.655 23.0643 0.101278 7.13795e-13 174.61 23.753 0.077048
174.628 23.7297 0.0660234 0.0672929 174.61 23.753 0.077048
174.191 24.1225 0.0822979 1.80837e-09 174.61 23.753 0.077048
174.66 23.7364 0.0763379 0.0413462 174.61 23.753 0.077048
174.179 24.5111 0.0802246 1.06257e-17 174.61 23.753 0.077048
174.827 23.2909 0.0979414 1.3979e-10 174.61 23.753 0.077048
174.533 23.7726 0.0805318 0.00511931 174.61 23.753 0.077048
174.857 23.5727 0.0758302 0.020906 174.61 23.753 0.077048
174.785 23.4202 0.0759274 0.018902 174.61 23.753 0.077048
174.641 23.8941 0.0626868 0.00474453 174.61 23.753 0.077048
174.379 23.4749 0.0706496 0.00422605 174.61 23.753 0.077048
174.678 23.4501 0.0830588 0.00365183 174.61 23.753 0.077048
174.397 23.978 0.0814569 1.55382e-05 174.61 23.753 0.077048
175.374 23.6448 0.0837167 2.03893e-12 174.61 23.753 0.077048
174.242 23.2599 0.0701908 3.61523e-06 174.61 23.753 0.077048
174.532 24.3126 0.0665121 6.39268e-09 174.61 23.753 0.077048
174.502 23.8635 0.0785362 0.00202476 174.61 23.753 0.077048
175.095 23.5817 0.0746448 0.000177316 174.61 23.753 0.077048
175.008 23.619 0.0797965 0.000132713 174.61 23.753 0.077048
174.032 23.7103 0.0622309 9.61976e-10 174.61 23.753 0.077048
174.756 23.4262 0.0825107 0.00197046 174.61 23.753 0.077048
174.781 23.3619 0.0615914 0.00298947 174.61 23.753 0.077048
175.019 23.4514 0.063369 0.0021095 174.61 23.753 0.077048
175.124 23.6815 0.0676027 0.000517382 174.61 23.753 0.077048
174.835 23.4572 0.0652299 0.0295759 174.61 23.753 0.077048
174.715 23.4355 0.0761751 0.0350595 174.61 23.753 0.077048
174.619 23.5619 0.0793359 0.0364211 174.61 23.753 0.077048
173.758 23.7682 0.0859082 2.19107e-13 174.61 23.753 0.077048
174.231 23.7899 0.0810746 4.28497e-05 174.61 23.753 0.077048
174.032 23.8373 0.0663948 3.65956e-09 174.61 23.753 0.077048
174.73 23.645 0.0805183 0.011102 174.61 23.753 0.077048
175.11 23.8006 0.08115 4.2651e-07 174.61 23.753 0.077048
174.516 23.9109 0.058186 0.000101067 174.61 23.753 0.077048
174.522 23.4634 0.0765579 0.0334353 174.61 23.753 0.077048
174.882 23.5347 0.0726123 0.0313079 174.61 23.753 0.077048
174.891 23.2294 0.071608 0.000345349 174.61 23.753 0.077048
174.536 23.8472 0.0813948 0.00105876 174.61 23.753 0.077048
174.443 23.8805 0.0661578 0.00109304 174.61 23.753 0.077048
174.515 24.0753 0.077467 1.31752e-05 174.61 23.753 0.077048
174.826 23.7396 0.0722777 0.0411894 174.61 23.753 0.077048
175.193 23.1542 0.0705945 3.57208e-08 174.61 23.753 0.077048
175.042 23.9167 0.0756445 1.45008e-05 174.61 23.753 0.077048
174.592 23.7292 0.0814357 0.00662455 174.61 23.753 0.077048
174.739 23.7722 0.0835223 0.000517 174.61 23.753 0.077048
173.777 24.2947 0.0913182 1.87847e-21 174.61 23.753 0.077048
174.371 23.6602 0.0548161 1.90473e-06 174.61 23.753 0.077048
174.902 23.8119 0.0826572 3.65903e-05 174.61 23.753 0.077048
174.698 23.2816 0.0796798 0.0014543 174.61 23.753 0.077048
174.366 23.5691 0.0852057 0.000684757 174.61 23.753 0.077048
174.594 23.1814 0.073263 0.000385176 174.61 23.753 0.077048
174.213 23.7189 0.0803721 7.87193e-05 174.61 23.753 0.077048
174.02 23.8436 0.101293 9.6799e-14 174.61 23.753 0.077048
175.227 24.0872 0.0803404 7.60439e-12 174.61 23.753 0.077048
174.583 24.3407 0.0757036 6.1156e-10 174.61 23.753 0.077048
174.871 23.7376 0.0589616 0.0104714 174.61 23.753 0.077048
174.686 23.219 0.0745146 0.0011299 174.61 23.753 0.077048
174.655 23.6354 0.0778061 0.0527249 174.61 23.753 0.077048
174.754 23.6952 0.0954904 1.70459e-08 174.61 23.753 0.077048
174.684 23.71 0.0791253 0.0181641 174.61 23.753 0.077048
174.627 23.8004 0.0698253 0.0490306 174.61 23.753 0.077048
174.85 24.0194 0.0599145 0.000232835 174.61 23.753 0.077048
175.059 23.202 0.0681141 8.5064e-06 174.61 23.753 0.077048
174.952 23.7794 0.0875582 2.76344e-07 174.61 23.753 0.077048
175.01 23.5468 0.0796372 0.000145226 174.61 23.753 0.077048
174.62 23.801 0.0590867 0.00329766 174.61 23.753 0.077048
174.698 23.7507 0.0753371 0.0429659 174.61 23.753 0.077048
174.543 23.7078 0.0668524 0.0413916 174.61 23.753 0.077048
174.484 23.4465 0.0742061 0.0239697 174.61 23.753 0.077048
175.02 23.7329 0.0622566 0.00446545 174.61 23.753 0.077048
174.191 23.5972 0.0858351 1.89351e-05 174.61 23.753 0.077048
174.607 23.828 0.060125 0.00343597 174.61 23.753 0.077048
175.143 23.4567 0.0990732 1.21697e-15 174.61 23.753 0.077048
173.926 23.3023 0.0782086 4.38712e-10 174.61 23.753 0.077048
174.901 24.3389 0.0750869 1.13142e-10 174.61 23.753 0.077048
174.45 24.1657 0.0876465 8.77446e-10 174.61 23.753 0.077048
175.056 23.7968 0.0693368 0.000839299 174.61 23.753 0.077048
174.251 24.0323 0.0837177 9.11791e-08 174.61 23.753 0.077048
175.104 23.5952 0.0612079 0.000864857 174.61 23.753 0.077048
175.042 23.9567 0.0616641 0.000143613 174.61 23.753 0.077048
175.003 23.9068 0.0615841 0.00071115 174.61 23.753 0.077048
175.041 23.4534 0.0707147 0.00121277 174.61 23.753 0.077048
174.733 23.9457 0.0680952 0.00483591 174.61 23.753 0.077048
175.231 23.7372 0.0828103 2.23912e-09 174.61 23.753 0.077048
174.832 23.7358 0.0606306 0.0221818 174.61 23.753 0.077048
175.423 23.8854 0.0768864 3.38763e-12 174.61 23.753 0.077048
175.032 23.4515 0.0891696 2.67627e-08 174.61 23.753 0.077048
174.739 23.4819 0.0740908 0.0706488 174.61 23.753 0.077048
175.104 23.6236 0.0690617 0.000795071 174.61 23.753 0.077048
174.746 24.3808 0.0494972 4.01752e-12 174.61 23.753 0.077048
174.962 23.0814 0.078903 2.17178e-07 174.61 23.753 0.077048
174.223 23.9661 0.0796045 1.39675e-06 174.61 23.753 0.077048
174.884 23.6498 0.101198 5.09883e-13 174.61 23.753 0.077048
174.676 24.1849 0.0489532 2.70172e-09 174.61 23.753 0.077048
174.872 23.8305 0.0796278 0.000357791 174.61 23.753 0.077048
