251.085 -19.354 3.06295 7.42833e-05 251.58 -19.472 3.0686
251.418 -19.7871 3.07367 0.000325981 251.58 -19.472 3.0686
251.435 -19.2991 3.08011 3.75436e-07 251.58 -19.472 3.0686
251.838 -19.7607 3.0818 0.00763313 251.58 -19.472 3.0686
251.274 -20.0615 3.06101 7.69389e-08 251.58 -19.472 3.0686
251.555 -20.0647 3.06419 1.27468e-06 251.58 -19.472 3.0686
251.934 -19.4995 3.07813 0.152319 251.58 -19.472 3.0686
251.388 -18.6733 3.05683 2.40285e-11 251.58 -19.472 3.0686
251.259 -20.0661 3.05812 1.30617e-08 251.58 -19.472 3.0686
251.496 -19.7466 3.05442 3.04758e-07 251.58 -19.472 3.0686
251.383 -19.4864 3.07342 0.00119598 251.58 -19.472 3.0686
251.491 -19.7135 3.07337 0.00580269 251.58 -19.472 3.0686
251.625 -19.6322 3.06752 0.0896689 251.58 -19.472 3.0686
251.713 -19.9581 3.07585 0.000593887 251.58 -19.472 3.0686
251.332 -19.7048 3.0724 0.000230421 251.58 -19.472 3.0686
251.516 -19.3904 3.08794 5.15327e-11 251.58 -19.472 3.0686
251.924 -20.1906 3.06693 3.07975e-09 251.58 -19.472 3.0686
251.87 -19.8124 3.06169 9.88601e-07 251.58 -19.472 3.0686
251.477 -19.6056 3.07742 0.000484807 251.58 -19.472 3.0686
251.723 -19.8404 3.0597 8.69058e-07 251.58 -19.472 3.0686
250.997 -19.4341 3.07876 1.11221e-14 251.58 -19.472 3.0686
251.566 -19.5112 3.0629 0.0282873 251.58 -19.472 3.0686
250.917 -20.0905 3.07161 1.5872e-13 251.58 -19.472 3.0686
252.139 -19.8952 3.07894 0.00146414 251.58 -19.472 3.0686
251.413 -19.3446 3.09191 8.40731e-18 251.58 -19.472 3.0686
251.689 -19.491 3.08023 0.00436685 251.58 -19.472 3.0686
251.405 -19.5143 3.07666 0.000118373 251.58 -19.472 3.0686
251.336 -19.0996 3.07468 1.42028e-07 251.58 -19.472 3.0686
251.536 -19.6925 3.07004 0.0376101 251.58 -19.472 3.0686
251.504 -19.3877 3.07414 0.00649225 251.58 -19.472 3.0686
251.566 -19.389 3.0582 0.000786335 251.58 -19.472 3.0686
251.516 -19.95 3.05098 1.16256e-10 251.58 -19.472 3.0686
251.021 -19.8625 3.05911 2.36723e-07 251.58 -19.472 3.0686
251.18 -19.3429 3.0796 2.43248e-11 251.58 -19.472 3.0686
251.021 -19.5019 3.05644 2.21158e-05 251.58 -19.472 3.0686
251.583 -19.0344 3.09775 2.40453e-25 251.58 -19.472 3.0686
251.521 -19.7569 3.09362 1.99911e-15 251.58 -19.472 3.0686
251.407 -19.3521 3.05639 0.000558291 251.58 -19.472 3.0686
251.547 -19.0656 3.07899 1.12441e-07 251.58 -19.472 3.0686
250.693 -19.5626 3.07252 1.00511e-14 251.58 -19.472 3.0686
251.405 -20.039 3.0778 2.51482e-07 251.58 -19.472 3.0686
251.756 -19.4354 3.06394 0.010786 251.58 -19.472 3.0686
251.4 -20.0385 3.06224 7.73466e-07 251.58 -19.472 3.0686
251.358 -19.4703 3.06758 0.0149589 251.58 -19.472 3.0686
251.148 -19.3329 3.07264 2.31096e-07 251.58 -19.472 3.0686
251.89 -19.3148 3.07525 0.0450407 251.58 -19.472 3.0686
251.363 -19.7039 3.06703 0.00359504 251.58 -19.472 3.0686
251.465 -19.6077 3.05926 0.0013891 251.58 -19.472 3.0686
251.711 -19.6645 3.08319 0.000461945 251.58 -19.472 3.0686
251.098 -19.5082 3.06284 0.000132422 251.58 -19.472 3.0686
251.97 -19.2983 3.07606 0.0208594 251.58 -19.472 3.0686
252.021 -20.3161 3.08657 1.38234e-09 251.58 -19.472 3.0686
251.09 -19.2076 3.07423 2.05197e-10 251.58 -19.472 3.0686
251.255 -19.8813 3.06588 2.79143e-05 251.58 -19.472 3.0686
251.324 -19.2951 3.06195 0.00519081 251.58 -19.472 3.0686
251.273 -20.2132 3.05891 7.21843e-11 251.58 -19.472 3.0686
250.775 -19.4296 3.07966 1.92512e-17 251.58 -19.472 3.0686
251.674 -19.7395 3.06978 0.0443156 251.58 -19.472 3.0686
251.155 -19.4561 3.06358 0.000538217 251.58 -19.472 3.0686
251.303 -19.2126 3.073 5.75709e-06 251.58 -19.472 3.0686
251.566 -19.4708 3.0854 1.38814e-07 251.58 -19.472 3.0686
251.596 -19.7329 3.08493 1.31003e-06 251.58 -19.472 3.0686
251.954 -19.1115 3.06713 4.0014e-05 251.58 -19.472 3.0686
251.768 -19.3966 3.07037 0.175228 251.58 -19.472 3.0686
251.613 -19.5045 3.05268 1.15837e-07 251.58 -19.472 3.0686
251.468 -19.1405 3.08398 3.50073e-11 251.58 -19.472 3.0686
251.514 -19.3476 3.06418 0.0406991 251.58 -19.472 3.0686
250.72 -18.872 3.05229 2.41297e-12 251.58 -19.472 3.0686
251.414 -19.3971 3.06805 0.0258156 251.58 -19.472 3.0686
251.419 -19.3673 3.05421 5.93718e-05 251.58 -19.472 3.0686
251.909 -19.8961 3.07557 0.00500844 251.58 -19.472 3.0686
251.353 -19.6327 3.08824 6.41466e-14 251.58 -19.472 3.0686
251.884 -19.2419 3.09091 2.80273e-09 251.58 -19.472 3.0686
250.838 -19.854 3.07555 2.30464e-14 251.58 -19.472 3.0686
251.322 -19.6408 3.06347 0.00392904 251.58 -19.472 3.0686
251.633 -19.2992 3.06509 0.0296654 251.58 -19.472 3.0686
251.661 -19.8879 3.06239 1.54768e-05 251.58 -19.472 3.0686
251.377 -19.7592 3.06951 0.00125346 251.58 -19.472 3.0686
251.626 -20.3579 3.06318 2.23671e-12 251.58 -19.472 3.0686
251.747 -19.8074 3.0924 7.276e-10 251.58 -19.472 3.0686
251.411 -19.6268 3.06789 0.0181422 251.58 -19.472 3.0686
251.541 -19.332 3.06733 0.062587 251.58 -19.472 3.0686
251.546 -19.7681 3.06584 0.00591882 251.58 -19.472 3.0686
251.585 -19.8063 3.06156 0.000130557 251.58 -19.472 3.0686
251.405 -19.371 3.07403 0.000556944 251.58 -19.472 3.0686
251.262 -19.2939 3.07253 1.09363e-05 251.58 -19.472 3.0686
251.363 -19.6774 3.07073 0.00185864 251.58 -19.472 3.0686
250.663 -19.5439 3.0514 8.12067e-10 251.58 -19.472 3.0686
251.481 -19.6872 3.05571 8.17834e-06 251.58 -19.472 3.0686
251.986 -19.43 3.07766 0.088162 251.58 -19.472 3.0686
251.199 -19.2623 3.0809 1.17082e-12 251.58 -19.472 3.0686
251.796 -19.5416 3.06201 0.000616948 251.58 -19.472 3.0686
251.344 -19.5005 3.08578 4.42938e-12 251.58 -19.472 3.0686
250.653 -20.1097 3.0717 7.83298e-20 251.58 -19.472 3.0686
251.596 -19.2952 3.06889 0.0518766 251.58 -19.472 3.0686
251.244 -19.6483 3.07556 9.65879e-07 251.58 -19.472 3.0686
251.441 -19.5187 3.07424 0.00307193 251.58 -19.472 3.0686
251.492 -19.6806 3.05261 9.5493e-08 251.58 -19.472 3.0686
251.665 -19.9211 3.05502 1.41201e-10 251.58 -19.472 3.0686
251.244 -19.2344 3.07655 1.12035e-08 251.58 -19.472 3.0686
