192.629 -9.34668 3.15913 1.37036e-07 192.87 -9.8537 3.1534
192.972 -9.4098 3.13783 7.79701e-14 192.87 -9.8537 3.1534
193.141 -10.3903 3.14937 2.91963e-07 192.87 -9.8537 3.1534
192.762 -9.62847 3.1538 0.0211002 192.87 -9.8537 3.1534
193.408 -9.91164 3.15307 5.09117e-06 192.87 -9.8537 3.1534
192.626 -10.0228 3.16081 3.76137e-05 192.87 -9.8537 3.1534
192.632 -9.45751 3.16975 4.18902e-11 192.87 -9.8537 3.1534
192.345 -9.78947 3.15917 1.23706e-08 192.87 -9.8537 3.1534
193.239 -9.70819 3.13167 2.83616e-21 192.87 -9.8537 3.1534
193.146 -9.75815 3.16688 0.00619665 192.87 -9.8537 3.1534
192.796 -9.52043 3.16313 0.000121748 192.87 -9.8537 3.1534
193.214 -9.94192 3.1573 0.0203021 192.87 -9.8537 3.1534
192.729 -10.2357 3.16649 1.01541e-09 192.87 -9.8537 3.1534
193.216 -8.79022 3.13895 2.9681e-36 192.87 -9.8537 3.1534
193.34 -9.08568 3.1709 3.10688e-11 192.87 -9.8537 3.1534
192.881 -9.512 3.13306 5.05411e-15 192.87 -9.8537 3.1534
192.886 -10.1477 3.15779 0.00629517 192.87 -9.8537 3.1534
192.898 -9.44938 3.14977 3.62859e-05 192.87 -9.8537 3.1534
193.137 -9.96975 3.14934 0.00169788 192.87 -9.8537 3.1534
193.395 -9.75192 3.17312 1.84337e-05 192.87 -9.8537 3.1534
193.174 -9.98976 3.15172 0.0033347 192.87 -9.8537 3.1534
192.86 -9.67918 3.12878 1.76841e-16 192.87 -9.8537 3.1534
192.646 -9.84752 3.13747 2.54476e-05 192.87 -9.8537 3.1534
192.39 -9.22679 3.14517 1.0299e-12 192.87 -9.8537 3.1534
192.399 -10.1569 3.13202 2.49553e-07 192.87 -9.8537 3.1534
193.051 -9.81492 3.15798 0.244206 192.87 -9.8537 3.1534
192.475 -9.8568 3.15252 0.00123404 192.87 -9.8537 3.1534
193.024 -10.0336 3.16282 0.00625136 192.87 -9.8537 3.1534
192.477 -9.50048 3.15549 1.18474e-06 192.87 -9.8537 3.1534
192.732 -10.3736 3.14245 1.28157e-05 192.87 -9.8537 3.1534
192.837 -10.1796 3.15227 0.014673 192.87 -9.8537 3.1534
193.187 -9.64705 3.16808 0.00181378 192.87 -9.8537 3.1534
193.101 -10.2255 3.14043 1.24801e-08 192.87 -9.8537 3.1534
193.291 -9.93523 3.14879 6.1537e-06 192.87 -9.8537 3.1534
192.419 -9.72786 3.16701 1.8442e-12 192.87 -9.8537 3.1534
192.78 -9.89036 3.16656 1.52258e-05 192.87 -9.8537 3.1534
192.677 -9.34656 3.14879 2.93781e-07 192.87 -9.8537 3.1534
192.832 -10.2059 3.13773 1.62857e-06 192.87 -9.8537 3.1534
192.571 -9.83293 3.14771 0.0218587 192.87 -9.8537 3.1534
192.785 -10.0008 3.15988 0.00714063 192.87 -9.8537 3.1534
192.659 -10.0596 3.12707 2.78539e-12 192.87 -9.8537 3.1534
192.804 -10.216 3.15217 0.00574652 192.87 -9.8537 3.1534
192.495 -9.88417 3.16644 1.92924e-10 192.87 -9.8537 3.1534
192.63 -9.57885 3.14586 0.000200227 192.87 -9.8537 3.1534
192.723 -9.61067 3.14745 0.00178695 192.87 -9.8537 3.1534
192.906 -10.1168 3.15113 0.0409959 192.87 -9.8537 3.1534
193.122 -9.86492 3.16909 0.000460655 192.87 -9.8537 3.1534
193.089 -9.95762 3.15068 0.0150227 192.87 -9.8537 3.1534
193.087 -9.37817 3.14828 2.25325e-08 192.87 -9.8537 3.1534
192.424 -9.80407 3.13994 9.24907e-05 192.87 -9.8537 3.1534
193.073 -9.78831 3.15147 0.0233235 192.87 -9.8537 3.1534
192.772 -9.73557 3.14761 0.0249119 192.87 -9.8537 3.1534
193.229 -9.69588 3.15899 0.0153545 192.87 -9.8537 3.1534
192.847 -9.76352 3.13559 8.39685e-09 192.87 -9.8537 3.1534
192.573 -10.2149 3.15075 0.000645156 192.87 -9.8537 3.1534
192.874 -9.26816 3.14737 1.74335e-09 192.87 -9.8537 3.1534
192.895 -10.2708 3.13558 4.8155e-09 192.87 -9.8537 3.1534
192.891 -9.75278 3.14799 0.020449 192.87 -9.8537 3.1534
193.124 -10.0731 3.15091 0.00295208 192.87 -9.8537 3.1534
193.348 -9.78395 3.17304 2.20149e-05 192.87 -9.8537 3.1534
192.819 -10.1235 3.14009 9.58654e-05 192.87 -9.8537 3.1534
192.724 -10.0913 3.13725 2.10484e-05 192.87 -9.8537 3.1534
193.045 -10.1641 3.16282 0.000306505 192.87 -9.8537 3.1534
192.677 -10.1488 3.17448 1.19161e-16 192.87 -9.8537 3.1534
193.086 -10.0421 3.14368 1.50927e-05 192.87 -9.8537 3.1534
192.455 -10.0319 3.15096 0.000770255 192.87 -9.8537 3.1534
193.202 -9.26989 3.15754 1.08531e-07 192.87 -9.8537 3.1534
192.972 -9.43534 3.14942 7.27096e-06 192.87 -9.8537 3.1534
192.374 -10.3441 3.16018 3.14451e-13 192.87 -9.8537 3.1534
192.842 -9.66554 3.16029 0.0190251 192.87 -9.8537 3.1534
193.11 -9.62371 3.16264 0.0209057 192.87 -9.8537 3.1534
192.645 -10.4536 3.15472 5.17987e-08 192.87 -9.8537 3.1534
192.767 -9.89645 3.152 0.282333 192.87 -9.8537 3.1534
193.142 -9.97417 3.13751 7.95286e-11 192.87 -9.8537 3.1534
193.202 -9.57063 3.16684 0.00157475 192.87 -9.8537 3.1534
191.889 -9.80618 3.15136 2.05202e-16 192.87 -9.8537 3.1534
193.253 -9.88445 3.14569 4.67103e-07 192.87 -9.8537 3.1534
192.314 -10.2612 3.15391 3.67157e-09 192.87 -9.8537 3.1534
193.186 -10.9032 3.14357 7.5778e-22 192.87 -9.8537 3.1534
193.307 -9.63407 3.16332 0.00314162 192.87 -9.8537 3.1534
193.148 -9.43609 3.15043 6.16138e-07 192.87 -9.8537 3.1534
192.762 -9.54667 3.16134 0.000349876 192.87 -9.8537 3.1534
193.222 -9.55338 3.15327 5.65471e-05 192.87 -9.8537 3.1534
192.923 -9.39461 3.14452 1.20228e-08 192.87 -9.8537 3.1534
192.624 -9.69569 3.12867 3.37426e-13 192.87 -9.8537 3.1534
192.511 -10.5036 3.15605 3.2833e-11 192.87 -9.8537 3.1534
192.537 -10.017 3.16815 7.91061e-12 192.87 -9.8537 3.1534
192.905 -9.57016 3.15881 0.0134323 192.87 -9.8537 3.1534
193.318 -10.1982 3.12411 9.25878e-32 192.87 -9.8537 3.1534
193.133 -9.87478 3.14885 0.00126496 192.87 -9.8537 3.1534
193.022 -9.7097 3.15716 0.147095 192.87 -9.8537 3.1534
193.346 -9.38461 3.15489 3.01446e-08 192.87 -9.8537 3.1534
192.753 -10.0937 3.14063 0.000579152 192.87 -9.8537 3.1534
193.06 -10.4401 3.15276 5.92489e-07 192.87 -9.8537 3.1534
192.54 -9.45014 3.15435 2.94332e-06 192.87 -9.8537 3.1534
193.069 -9.68054 3.13719 1.19735e-11 192.87 -9.8537 3.1534
193.299 -9.58188 3.14312 3.18414e-12 192.87 -9.8537 3.1534
192.926 -10.2676 3.15563 0.000670332 192.87 -9.8537 3.1534
193.344 -9.86773 3.14544 4.38444e-09 192.87 -9.8537 3.1534
193.231 -10.347 3.14227 4.11368e-11 192.87 -9.8537 3.1534
