118.37 -22.2757 3.38862 1.57472e-09 117.99 -21.743 3.3948
117.587 -21.2483 3.39389 4.52496e-07 117.99 -21.743 3.3948
117.434 -21.6885 3.38942 3.05038e-05 117.99 -21.743 3.3948
118.099 -21.6831 3.39872 0.101781 117.99 -21.743 3.3948
117.806 -21.409 3.40346 6.85193e-05 117.99 -21.743 3.3948
117.3 -21.7991 3.40423 1.73061e-10 117.99 -21.743 3.3948
118.537 -21.8307 3.38673 5.18158e-10 117.99 -21.743 3.3948
118.34 -21.5633 3.38848 1.54006e-06 117.99 -21.743 3.3948
117.778 -21.529 3.38682 0.000294742 117.99 -21.743 3.3948
118 -22.0941 3.39994 0.0135253 117.99 -21.743 3.3948
117.701 -21.8243 3.3988 0.00507521 117.99 -21.743 3.3948
118.7 -22.0616 3.39677 2.92109e-08 117.99 -21.743 3.3948
118.173 -21.386 3.37531 6.42237e-14 117.99 -21.743 3.3948
118.205 -21.7363 3.40285 0.118601 117.99 -21.743 3.3948
118.061 -21.7975 3.40164 0.163105 117.99 -21.743 3.3948
117.977 -22.0597 3.38344 1.3881e-06 117.99 -21.743 3.3948
118.154 -21.9141 3.38575 8.15054e-06 117.99 -21.743 3.3948
117.864 -21.6035 3.39777 0.023039 117.99 -21.743 3.3948
118.205 -21.483 3.39168 0.000187631 117.99 -21.743 3.3948
117.929 -21.8124 3.38346 3.39577e-05 117.99 -21.743 3.3948
118.436 -21.7826 3.41044 0.00896043 117.99 -21.743 3.3948
117.411 -22.2227 3.40177 1.80975e-09 117.99 -21.743 3.3948
118.009 -21.7915 3.41418 7.59773e-05 117.99 -21.743 3.3948
118.597 -21.153 3.38003 2.69995e-20 117.99 -21.743 3.3948
117.904 -21.1576 3.39138 5.10691e-07 117.99 -21.743 3.3948
118.765 -21.7519 3.39453 1.35119e-09 117.99 -21.743 3.3948
117.967 -21.7478 3.38717 0.000919548 117.99 -21.743 3.3948
118.406 -21.4971 3.3977 0.000233339 117.99 -21.743 3.3948
118.141 -21.9236 3.39869 0.078941 117.99 -21.743 3.3948
117.692 -22.1353 3.38826 3.60967e-05 117.99 -21.743 3.3948
118.619 -21.7204 3.38646 1.20283e-11 117.99 -21.743 3.3948
118.377 -21.7496 3.39867 0.00732702 117.99 -21.743 3.3948
118.204 -21.928 3.3951 0.0105624 117.99 -21.743 3.3948
117.654 -21.6671 3.38718 0.000592578 117.99 -21.743 3.3948
117.489 -22.0642 3.39265 1.43654e-05 117.99 -21.743 3.3948
118.45 -21.9243 3.38762 2.55379e-08 117.99 -21.743 3.3948
117.968 -21.5636 3.39193 0.00647449 117.99 -21.743 3.3948
117.7 -21.905 3.40401 0.000355484 117.99 -21.743 3.3948
118.075 -21.6923 3.39536 0.0511097 117.99 -21.743 3.3948
117.869 -21.4701 3.38125 8.2407e-07 117.99 -21.743 3.3948
117.258 -21.2634 3.39739 4.4966e-12 117.99 -21.743 3.3948
118.122 -21.441 3.39022 0.000108152 117.99 -21.743 3.3948
118.252 -21.7517 3.39689 0.0235135 117.99 -21.743 3.3948
117.696 -21.7236 3.39411 0.00736212 117.99 -21.743 3.3948
117.748 -21.9358 3.38923 0.00183757 117.99 -21.743 3.3948
117.956 -21.4327 3.38415 3.88841e-06 117.99 -21.743 3.3948
117.567 -21.4555 3.39503 3.41721e-05 117.99 -21.743 3.3948
118.245 -21.5666 3.39389 0.00141754 117.99 -21.743 3.3948
117.825 -21.1794 3.3933 1.30989e-06 117.99 -21.743 3.3948
118.582 -20.9782 3.40692 3.87417e-12 117.99 -21.743 3.3948
118.047 -21.3794 3.4006 0.0011435 117.99 -21.743 3.3948
118.017 -21.5984 3.3851 4.11448e-05 117.99 -21.743 3.3948
118.024 -21.7012 3.37643 5.7551e-10 117.99 -21.743 3.3948
117.944 -22.186 3.3977 0.00153681 117.99 -21.743 3.3948
117.579 -22.0701 3.39323 9.84974e-05 117.99 -21.743 3.3948
118.369 -21.6157 3.38877 1.59355e-06 117.99 -21.743 3.3948
117.633 -21.83 3.38562 0.000224633 117.99 -21.743 3.3948
117.453 -21.7527 3.38083 1.50622e-06 117.99 -21.743 3.3948
117.61 -21.8029 3.38007 2.84742e-06 117.99 -21.743 3.3948
118.36 -21.8264 3.39443 0.00077909 117.99 -21.743 3.3948
117.537 -22.0227 3.41176 2.55945e-10 117.99 -21.743 3.3948
118.082 -21.6253 3.3878 0.000277429 117.99 -21.743 3.3948
118.676 -21.9358 3.40031 5.70557e-06 117.99 -21.743 3.3948
117.319 -21.6822 3.38259 3.35521e-07 117.99 -21.743 3.3948
117.659 -21.9405 3.3888 0.000670511 117.99 -21.743 3.3948
118.119 -22.1102 3.38223 9.69656e-09 117.99 -21.743 3.3948
117.979 -21.3746 3.38966 7.85343e-05 117.99 -21.743 3.3948
117.827 -21.2111 3.37709 3.33904e-11 117.99 -21.743 3.3948
117.396 -21.6156 3.39759 8.53759e-07 117.99 -21.743 3.3948
118.089 -21.9188 3.40299 0.107839 117.99 -21.743 3.3948
117.933 -21.3781 3.37559 4.14967e-11 117.99 -21.743 3.3948
117.513 -22.3351 3.38737 1.17524e-08 117.99 -21.743 3.3948
117.958 -21.8153 3.38866 0.00291542 117.99 -21.743 3.3948
118.33 -21.0467 3.38105 3.38222e-16 117.99 -21.743 3.3948
117.918 -21.4834 3.37561 2.91801e-10 117.99 -21.743 3.3948
118.235 -21.3577 3.3846 9.25925e-09 117.99 -21.743 3.3948
118.34 -22.0862 3.40594 0.00724832 117.99 -21.743 3.3948
117.655 -21.6994 3.3761 3.96953e-08 117.99 -21.743 3.3948
117.842 -21.4831 3.40735 4.61405e-05 117.99 -21.743 3.3948
118.498 -21.8782 3.39116 6.27057e-07 117.99 -21.743 3.3948
118.243 -22.069 3.40312 0.0180246 117.99 -21.743 3.3948
118.259 -21.6537 3.39644 0.0107097 117.99 -21.743 3.3948
117.649 -21.9384 3.39877 0.00100676 117.99 -21.743 3.3948
117.676 -21.4925 3.40055 0.000112757 117.99 -21.743 3.3948
117.729 -21.9939 3.39674 0.00392219 117.99 -21.743 3.3948
118.436 -21.6845 3.40711 0.0102902 117.99 -21.743 3.3948
118.422 -21.8994 3.41179 0.00596852 117.99 -21.743 3.3948
117.962 -21.7002 3.39122 0.013489 117.99 -21.743 3.3948
117.973 -21.7012 3.40089 0.0877969 117.99 -21.743 3.3948
117.746 -22.0587 3.3889 0.000311699 117.99 -21.743 3.3948
118.096 -21.3903 3.37801 6.19253e-11 117.99 -21.743 3.3948
117.491 -20.9519 3.40662 3.95584e-17 117.99 -21.743 3.3948
118.157 -21.522 3.36962 6.78677e-18 117.99 -21.743 3.3948
118.107 -22.0997 3.39791 0.00911454 117.99 -21.743 3.3948
118.416 -21.6311 3.39451 0.0001249 117.99 -21.743 3.3948
118.244 -22.2883 3.3898 9.80988e-08 117.99 -21.743 3.3948
118 -21.57 3.39702 0.0306815 117.99 -21.743 3.3948
117.633 -21.9908 3.3994 0.000347462 117.99 -21.743 3.3948
118.169 -22.1655 3.39076 2.15329e-05 117.99 -21.743 3.3948
118.101 -21.949 3.39765 0.0595288 117.99 -21.743 3.3948
