243.064 28.1001 0.0638604 0.000916956
243.054 28.3922 0.0615225 0.0078324
243.182 28.126 0.0762431 5.95902e-06
242.864 28.3819 0.0696865 0.194965
242.681 28.0552 0.0556074 7.41408e-13
242.956 28.367 0.0772722 0.00037072
242.655 27.7754 0.0550141 1.9853e-21
242.421 28.6883 0.0836939 3.25359e-16
242.403 28.7133 0.075774 2.88647e-12
242.648 28.041 0.0697953 0.00113517
242.872 28.1894 0.0526113 3.14843e-11
242.812 27.9771 0.0842608 8.96981e-07
242.822 27.8167 0.0753473 1.67373e-05
242.159 27.917 0.0744218 3.51056e-14
242.819 28.0989 0.0754948 0.0324435
242.747 27.9909 0.0774608 0.0020212
242.719 28.2417 0.0612686 7.05248e-05
242.81 28.6301 0.0821631 1.73395e-11
242.748 27.9507 0.0616437 2.85027e-08
242.711 28.3634 0.0630337 0.00130369
242.814 28.187 0.0697909 0.203237
242.694 28.4793 0.0660266 0.00283397
242.061 28.5463 0.0642023 1.527e-21
242.173 28.0466 0.0681677 3.70704e-15
242.425 28.088 0.0710108 2.12113e-06
243.022 28.3579 0.0649972 0.0734987
243.028 28.5667 0.0576631 6.22097e-05
242.622 28.3251 0.0625532 3.74305e-05
242.375 28.0487 0.0719672 1.48172e-07
243.08 27.9006 0.0621604 4.16093e-08
243.169 27.7176 0.0615899 4.0772e-14
242.556 28.1555 0.0815964 3.14631e-05
242.067 28.0219 0.0559165 4.35051e-33
243.016 28.1499 0.055233 2.53363e-08
243.005 27.6223 0.0847117 6.25934e-14
242.966 28.2142 0.0537478 5.5637e-09
242.926 28.0213 0.0748694 0.00571956
242.639 28.1354 0.0663587 0.000487765
242.567 28.51 0.0758182 1.00865e-05
242.867 27.5337 0.0557027 6.83066e-27
242.666 27.9082 0.0542165 2.99859e-18
242.965 28.4281 0.0877385 7.70893e-15
242.927 28.0369 0.0697625 0.013943
242.221 27.969 0.0720127 1.73314e-12
242.334 28.1767 0.0731076 1.83475e-07
242.764 27.9147 0.073559 0.000629719
242.586 28.5115 0.0856182 4.46608e-12
242.724 28.3071 0.0807282 8.77416e-05
242.916 27.9896 0.072307 0.00551512
243.161 27.9358 0.0647577 7.49105e-07
242.253 28.4518 0.0664377 2.29018e-12
242.567 27.9563 0.074008 8.36793e-05
243.272 27.8747 0.0569579 6.30284e-14
243.042 28.3648 0.0715753 0.0188043
242.857 28.2456 0.0660417 0.110245
242.09 28.3697 0.0700254 4.72211e-16
242.6 28.8533 0.0566855 1.01846e-13
242.869 28.2219 0.0746828 0.077173
242.93 27.762 0.0688082 7.54129e-08
242.967 27.7079 0.0865366 6.26712e-13
242.819 28.1296 0.0603539 1.48728e-05
242.661 27.9539 0.0742022 0.000675596
242.637 28.2061 0.0580198 5.79095e-09
242.394 27.7538 0.0721513 6.28966e-12
242.999 27.961 0.0810317 1.45279e-06
241.932 28.1953 0.0842444 2.00369e-20
242.8 28.2844 0.062047 0.0022981
242.486 27.5614 0.0595907 5.13092e-27
242.319 28.3086 0.0533421 5.70092e-22
243.296 29.0057 0.064214 2.18424e-15
242.616 28.6435 0.0594168 1.62139e-08
242.588 27.9303 0.0772896 7.21286e-05
242.172 28.7805 0.0750975 1.42078e-19
242.16 27.9535 0.0767296 4.51149e-13
242.532 28.4829 0.0708646 5.61319e-05
242.427 27.7224 0.0681973 2.66392e-14
242.642 27.8718 0.0769488 3.4227e-05
242.26 28.2382 0.0672018 1.96967e-11
242.977 28.3318 0.0908794 1.43096e-17
242.765 28.2941 0.0713442 0.187043
243.216 28.0895 0.0793178 1.3879e-08
242.633 28.0422 0.0677509 0.00016018
242.79 28.4023 0.0519253 6.08506e-11
242.983 28.5535 0.0959362 4.02289e-31
242.281 28.8762 0.0684175 2.24564e-18
242.936 28.5711 0.0781372 1.68233e-07
242.648 28.051 0.0655237 3.00132e-05
242.629 28.302 0.0698208 0.0134608
242.869 27.8058 0.0565269 1.21478e-15
242.297 27.7018 0.0708615 2.58792e-16
242.486 28.1871 0.050009 1.34585e-22
242.83 28.3649 0.0824942 6.25994e-07
242.785 28.3519 0.0652703 0.0422229
243.149 27.9013 0.0704458 2.55202e-06
242.868 28.4094 0.0960905 1.76836e-25
242.566 28.5974 0.082311 3.54331e-11
242.433 28.055 0.0627472 2.97683e-11
242.591 28.3574 0.0773195 0.000350103
242.757 28.5707 0.0613748 9.17092e-05
242.174 28.8139 0.0617077 1.2695e-22
