41.8512 -70.1382 3.96622 4.03123e-23
41.668 -70.5188 3.91787 5.77714e-15
41.5942 -69.7675 3.95167 4.41348e-14
42.3766 -70.0662 3.94178 0.00624412
42.3179 -70.8336 3.93416 4.19645e-20
41.5729 -69.6488 3.93145 1.36297e-07
41.7868 -70.1599 3.93713 0.0012638
42.3186 -69.9923 3.93013 4.18765e-05
42.4138 -70.5139 3.94744 1.40874e-10
42.0177 -69.9582 3.94325 0.0960369
42.445 -69.6073 3.93352 2.50502e-08
42.1433 -70.1791 3.93931 0.0279104
41.9475 -69.8831 3.92933 0.0116663
42.5908 -69.7409 3.95261 3.33592e-07
42.1653 -69.8814 3.96505 2.033e-14
42.089 -70.1585 3.93138 0.00445349
41.8755 -70.1635 3.93673 0.00924786
42.3605 -69.5744 3.93028 5.9361e-09
41.7792 -70.4867 3.94662 2.40187e-12
42.1081 -70.0226 3.94842 0.00471522
42.4768 -69.9013 3.93481 8.36211e-06
42.1191 -70.201 3.94196 0.0115906
41.7589 -70.7135 3.93414 2.7595e-15
41.5851 -69.8218 3.92946 8.44701e-06
41.9286 -69.9419 3.95566 3.78982e-09
42.0407 -70.5624 3.9372 3.35136e-09
42.1034 -69.948 3.92534 5.05227e-05
42.7436 -70.0163 3.94556 5.68292e-09
42.7791 -70.1279 3.93202 4.32938e-16
41.293 -69.9587 3.93831 2.68053e-14
41.7241 -69.5325 3.93311 3.6625e-07
41.1681 -69.6365 3.93917 1.84655e-21
41.4407 -70.8611 3.9329 4.47368e-26
42.351 -70.333 3.93295 2.3447e-07
42.3376 -69.7232 3.93897 0.00147071
42.0527 -69.9332 3.93192 0.0615835
42.6578 -70.2719 3.91521 4.91744e-30
41.6298 -70.2065 3.94749 4.54212e-11
42.3044 -69.6423 3.93861 0.000330743
41.7343 -70.4195 3.91657 1.79139e-13
41.4784 -70.0967 3.94977 4.07464e-16
42.372 -69.7742 3.92573 1.4129e-09
41.6416 -69.6843 3.94608 1.0325e-09
42.0901 -70.1725 3.93379 0.0132467
42.0879 -69.7253 3.948 0.000914307
41.6231 -70.285 3.91781 5.64928e-11
42.3382 -69.9809 3.93357 0.000704262
41.224 -70.2446 3.91615 2.2322e-17
41.8721 -70.3498 3.92707 1.49423e-06
41.4483 -69.6097 3.93928 2.03955e-12
42.0661 -70.5836 3.94956 7.50469e-13
41.8954 -69.7734 3.93621 0.0245448
42.2026 -70.2742 3.94383 0.000588499
41.3584 -69.8296 3.95803 7.84305e-29
42.6199 -70.2561 3.93208 2.05398e-12
42.3946 -70.2982 3.94067 1.32757e-05
41.8548 -70.0613 3.9407 0.00857836
42.1449 -69.357 3.93278 5.82481e-10
41.8124 -69.7335 3.94253 0.000175548
42.0154 -69.5785 3.93391 0.000154636
41.8673 -70.3428 3.9392 1.78255e-05
42.0111 -70.6993 3.93904 2.08406e-13
41.6037 -69.9758 3.94199 3.60663e-07
41.9733 -69.7945 3.94106 0.0465467
42.1153 -70.1509 3.92167 3.12971e-08
42.3727 -70.2947 3.9394 2.06449e-05
41.5457 -70.0194 3.93092 4.72e-06
41.949 -70.139 3.94435 0.00213511
43.0302 -69.8753 3.94299 1.1133e-18
41.6747 -69.8233 3.91456 1.88629e-11
42.2666 -69.8545 3.93534 0.0119538
42.3357 -70.5229 3.9436 1.46977e-09
42.3338 -69.8408 3.9343 0.000780438
42.5709 -70.0096 3.94044 6.3419e-06
41.6919 -69.9995 3.92582 8.89879e-05
41.7343 -69.8372 3.92638 0.000133293
41.6399 -70.0665 3.92724 3.72044e-05
41.4903 -69.3681 3.94081 1.09614e-16
42.1164 -70.2845 3.93771 0.00152363
41.3833 -70.1883 3.95022 1.10607e-20
42.017 -69.3749 3.94197 1.62607e-08
42.2938 -70.3989 3.9593 2.27333e-13
42.1251 -70.5813 3.94326 2.79118e-10
42.5181 -70.1785 3.9235 4.32349e-15
41.8869 -70.2039 3.92795 0.000290114
42.0673 -70.0822 3.93561 0.136978
41.9544 -70.2975 3.93567 0.000643776
41.8844 -70.1784 3.93137 0.00360376
41.541 -70.6088 3.9385 1.01388e-16
42.1623 -70.2854 3.94313 0.000604715
42.1522 -69.9402 3.93781 0.318745
41.3619 -70.2146 3.93342 6.0255e-12
41.7006 -70.2701 3.93986 1.00643e-06
41.8003 -69.6202 3.94871 1.13927e-08
42.4381 -69.9341 3.9334 1.32295e-05
41.7468 -69.8551 3.94893 7.52195e-08
42.0809 -69.7967 3.94021 0.13854
42.6659 -70.4305 3.94679 2.62224e-12
42.0247 -69.8455 3.94373 0.0517857
42.0107 -70.2869 3.95134 7.92035e-08
