-27.6197 -85.0096 2.44176 4.75953e-16 -26.574 -85.253 2.4415
-26.7355 -85.497 2.45818 0.00124496 -26.574 -85.253 2.4415
-27.0983 -85.4665 2.44931 1.2127e-06 -26.574 -85.253 2.4415
-26.1889 -85.4648 2.46197 0.00200385 -26.574 -85.253 2.4415
-27.0097 -85.4052 2.43218 2.76933e-08 -26.574 -85.253 2.4415
-26.6531 -85.818 2.46017 4.76526e-06 -26.574 -85.253 2.4415
-26.929 -84.6309 2.44084 9.18434e-06 -26.574 -85.253 2.4415
-26.8208 -85.1868 2.45145 0.0134734 -26.574 -85.253 2.4415
-26.683 -85.2214 2.46352 0.00010668 -26.574 -85.253 2.4415
-26.4914 -85.4002 2.46058 0.0132379 -26.574 -85.253 2.4415
-27.2271 -85.4313 2.43804 1.43864e-09 -26.574 -85.253 2.4415
-26.7526 -85.0634 2.43412 0.00177548 -26.574 -85.253 2.4415
-27.4206 -85.5921 2.43399 2.38779e-16 -26.574 -85.253 2.4415
-26.7188 -85.1593 2.44366 0.112273 -26.574 -85.253 2.4415
-26.1143 -85.2991 2.43428 1.39274e-06 -26.574 -85.253 2.4415
-26.7336 -85.1653 2.44484 0.109621 -26.574 -85.253 2.4415
-27.0744 -85.841 2.45395 2.14656e-10 -26.574 -85.253 2.4415
-27.1303 -84.7421 2.44361 2.04643e-07 -26.574 -85.253 2.4415
-26.4082 -85.2417 2.46075 0.0140725 -26.574 -85.253 2.4415
-26.9824 -85.1602 2.44641 0.000721881 -26.574 -85.253 2.4415
-26.5003 -85.3145 2.43196 2.49023e-05 -26.574 -85.253 2.4415
-26.3296 -85.7786 2.43651 5.37459e-10 -26.574 -85.253 2.4415
-26.8505 -85.2743 2.42602 1.12606e-08 -26.574 -85.253 2.4415
-27.0991 -84.8091 2.45326 1.6333e-08 -26.574 -85.253 2.4415
-26.2548 -85.2885 2.45156 0.162736 -26.574 -85.253 2.4415
-26.5761 -85.9443 2.45937 2.80632e-07 -26.574 -85.253 2.4415
-27.0306 -84.6213 2.45503 1.41444e-10 -26.574 -85.253 2.4415
-27.3577 -85.336 2.44701 1.59659e-10 -26.574 -85.253 2.4415
-27.3789 -85.103 2.45644 5.40414e-13 -26.574 -85.253 2.4415
-26.7538 -85.2977 2.45007 0.0475113 -26.574 -85.253 2.4415
-26.856 -85.6901 2.44394 1.30112e-06 -26.574 -85.253 2.4415
-26.9467 -85.3327 2.44588 0.000668333 -26.574 -85.253 2.4415
-26.6988 -85.0344 2.43674 0.0153647 -26.574 -85.253 2.4415
-26.4654 -85.248 2.43913 0.0273126 -26.574 -85.253 2.4415
-27.0904 -85.3363 2.44921 7.88514e-06 -26.574 -85.253 2.4415
-27.6166 -85.4561 2.46002 1.86858e-20 -26.574 -85.253 2.4415
-26.9681 -85.5886 2.46046 3.44552e-07 -26.574 -85.253 2.4415
-26.2231 -85.5441 2.42796 5.36661e-12 -26.574 -85.253 2.4415
-26.6661 -85.1083 2.42969 5.56411e-05 -26.574 -85.253 2.4415
-26.9809 -85.3432 2.44781 0.000257474 -26.574 -85.253 2.4415
-26.9485 -85.3418 2.43389 2.14001e-06 -26.574 -85.253 2.4415
-26.9236 -85.6379 2.44085 2.81756e-07 -26.574 -85.253 2.4415
-26.4439 -84.9038 2.46728 6.1556e-08 -26.574 -85.253 2.4415
-27.2895 -85.5627 2.45279 5.01908e-11 -26.574 -85.253 2.4415
-26.7728 -85.627 2.44728 0.000138955 -26.574 -85.253 2.4415
-26.9681 -84.8301 2.45513 4.53637e-07 -26.574 -85.253 2.4415
-26.5964 -85.106 2.43349 0.00217547 -26.574 -85.253 2.4415
-27.5625 -85.7476 2.46208 1.59086e-21 -26.574 -85.253 2.4415
-27.1212 -85.4034 2.46 1.07768e-08 -26.574 -85.253 2.4415
-27.1931 -85.5145 2.44892 1.53336e-08 -26.574 -85.253 2.4415
-26.9542 -85.1722 2.43386 2.57664e-05 -26.574 -85.253 2.4415
-26.9499 -85.2059 2.43486 3.83259e-05 -26.574 -85.253 2.4415
-26.7727 -84.885 2.4346 0.0017322 -26.574 -85.253 2.4415
-26.8598 -85.1428 2.42314 2.92739e-09 -26.574 -85.253 2.4415
-26.2227 -85.0961 2.45052 0.10233 -26.574 -85.253 2.4415
-27.0581 -84.7595 2.44037 4.67132e-06 -26.574 -85.253 2.4415
-27.0213 -85.6547 2.45921 3.94285e-08 -26.574 -85.253 2.4415
-26.932 -85.5728 2.45706 7.25806e-06 -26.574 -85.253 2.4415
-27.4015 -84.9477 2.44918 5.03877e-12 -26.574 -85.253 2.4415
-27.4863 -85.0345 2.42294 8.04409e-17 -26.574 -85.253 2.4415
-26.6577 -85.1445 2.42226 3.12148e-09 -26.574 -85.253 2.4415
-26.9071 -84.9374 2.43903 0.00139277 -26.574 -85.253 2.4415
-26.9366 -85.7872 2.43724 4.70138e-11 -26.574 -85.253 2.4415
-26.922 -85.2332 2.43518 6.03113e-05 -26.574 -85.253 2.4415
-26.999 -85.8436 2.43839 2.70134e-12 -26.574 -85.253 2.4415
-27.1002 -86.4276 2.45811 5.41965e-23 -26.574 -85.253 2.4415
-26.4389 -85.7958 2.43356 1.60408e-11 -26.574 -85.253 2.4415
-26.6687 -85.6139 2.45675 0.0010679 -26.574 -85.253 2.4415
-26.8503 -85.4048 2.42917 2.23813e-08 -26.574 -85.253 2.4415
-26.7222 -84.5276 2.4563 2.36464e-09 -26.574 -85.253 2.4415
-27.2204 -85.9213 2.44075 4.28586e-16 -26.574 -85.253 2.4415
-26.9096 -85.5977 2.45166 2.78479e-05 -26.574 -85.253 2.4415
-26.7373 -85.219 2.42976 8.87219e-06 -26.574 -85.253 2.4415
-27.4144 -84.985 2.44674 1.22001e-11 -26.574 -85.253 2.4415
-26.6747 -85.0351 2.42068 1.5932e-09 -26.574 -85.253 2.4415
-26.9712 -85.3767 2.43689 6.01549e-06 -26.574 -85.253 2.4415
-27.2481 -85.375 2.46079 2.33938e-11 -26.574 -85.253 2.4415
-27.2368 -85.3989 2.44277 1.16024e-08 -26.574 -85.253 2.4415
-27.1035 -85.672 2.4362 2.23384e-11 -26.574 -85.253 2.4415
-26.4861 -85.6607 2.43552 6.40531e-08 -26.574 -85.253 2.4415
-27.3218 -85.2076 2.43117 2.34939e-11 -26.574 -85.253 2.4415
-27.0159 -84.8595 2.43247 6.13137e-06 -26.574 -85.253 2.4415
-26.6523 -85.1721 2.45006 0.248147 -26.574 -85.253 2.4415
-26.7719 -85.0853 2.43459 0.00176817 -26.574 -85.253 2.4415
-27.3941 -85.2473 2.45008 2.14184e-11 -26.574 -85.253 2.4415
-26.8984 -84.917 2.43708 0.000840711 -26.574 -85.253 2.4415
-26.8949 -85.6686 2.44957 6.56072e-06 -26.574 -85.253 2.4415
-26.5404 -85.0081 2.42907 6.85681e-05 -26.574 -85.253 2.4415
-26.7239 -85.3883 2.4329 8.51097e-06 -26.574 -85.253 2.4415
-26.7228 -85.3376 2.43345 4.45583e-05 -26.574 -85.253 2.4415
-27.0443 -84.9556 2.4426 7.37118e-05 -26.574 -85.253 2.4415
-26.8322 -84.9714 2.4364 0.00255673 -26.574 -85.253 2.4415
-27.1427 -85.6474 2.43514 6.15972e-12 -26.574 -85.253 2.4415
-26.5895 -85.365 2.44592 0.114454 -26.574 -85.253 2.4415
-26.9517 -85.0428 2.44986 0.000515836 -26.574 -85.253 2.4415
-27.1715 -85.5167 2.43347 4.02901e-11 -26.574 -85.253 2.4415
-27.0772 -86.1195 2.43952 5.21644e-19 -26.574 -85.253 2.4415
-27.0067 -85.492 2.44026 1.49397e-06 -26.574 -85.253 2.4415
-27.3101 -85.7496 2.42754 3.36127e-20 -26.574 -85.253 2.4415
-27.06 -84.9401 2.45376 6.31481e-07 -26.574 -85.253 2.4415
