-24.4043 -86.8548 2.49557 0.0041842 -24.714 -86.821 2.4978
-24.6484 -86.6841 2.47987 5.62182e-07 -24.714 -86.821 2.4978
-24.7127 -87.3967 2.49364 1.60988e-06 -24.714 -86.821 2.4978
-25.1805 -87.0948 2.49292 1.17726e-05 -24.714 -86.821 2.4978
-24.8422 -86.6362 2.48344 5.94741e-05 -24.714 -86.821 2.4978
-25.1283 -87.0092 2.4912 6.3211e-05 -24.714 -86.821 2.4978
-24.529 -86.3188 2.49082 1.04391e-05 -24.714 -86.821 2.4978
-24.3549 -86.5455 2.49509 0.000191572 -24.714 -86.821 2.4978
-24.8795 -86.7186 2.49272 0.0155811 -24.714 -86.821 2.4978
-23.8815 -86.6546 2.50842 1.11613e-09 -24.714 -86.821 2.4978
-24.737 -87.2729 2.48856 9.12591e-07 -24.714 -86.821 2.4978
-25.2401 -86.916 2.50586 5.67098e-06 -24.714 -86.821 2.4978
-24.4909 -86.7997 2.48552 1.62279e-05 -24.714 -86.821 2.4978
-24.6313 -86.4707 2.48402 1.10485e-05 -24.714 -86.821 2.4978
-24.7037 -87.0761 2.48723 2.90142e-05 -24.714 -86.821 2.4978
-24.7799 -86.3764 2.51004 5.49096e-07 -24.714 -86.821 2.4978
-24.8876 -87.2054 2.49473 0.000368217 -24.714 -86.821 2.4978
-24.7517 -86.9323 2.4988 0.121303 -24.714 -86.821 2.4978
-24.7162 -87.0176 2.50508 0.0961872 -24.714 -86.821 2.4978
-24.7282 -86.6679 2.5118 0.000398883 -24.714 -86.821 2.4978
-24.6621 -87.0035 2.48081 5.66079e-08 -24.714 -86.821 2.4978
-24.072 -86.852 2.49446 2.48843e-07 -24.714 -86.821 2.4978
-25.1125 -87.2408 2.50179 2.87121e-05 -24.714 -86.821 2.4978
-24.3974 -86.9516 2.50997 0.00965738 -24.714 -86.821 2.4978
-24.7194 -86.8189 2.49392 0.0438782 -24.714 -86.821 2.4978
-24.4872 -86.8672 2.49873 0.043238 -24.714 -86.821 2.4978
-24.6191 -86.6041 2.50664 0.00414415 -24.714 -86.821 2.4978
-24.0406 -87.0474 2.50061 7.73616e-07 -24.714 -86.821 2.4978
-24.6728 -87.1424 2.47264 3.06028e-15 -24.714 -86.821 2.4978
-24.7106 -86.3061 2.48833 1.451e-05 -24.714 -86.821 2.4978
-24.0964 -87.1193 2.4891 1.87705e-10 -24.714 -86.821 2.4978
-24.3553 -86.6417 2.50068 0.00201631 -24.714 -86.821 2.4978
-25.0476 -87.3577 2.49178 1.27635e-07 -24.714 -86.821 2.4978
-23.8444 -86.5961 2.50522 1.11639e-10 -24.714 -86.821 2.4978
-25.4344 -87.0956 2.51404 4.20431e-12 -24.714 -86.821 2.4978
-24.1678 -86.1254 2.49067 7.01968e-12 -24.714 -86.821 2.4978
-24.9718 -87.3313 2.50394 7.92112e-05 -24.714 -86.821 2.4978
-24.4787 -86.6771 2.48159 2.93579e-07 -24.714 -86.821 2.4978
-24.6481 -87.1522 2.48754 5.20468e-06 -24.714 -86.821 2.4978
-24.4794 -86.963 2.47893 4.96297e-10 -24.714 -86.821 2.4978
-24.6925 -86.6038 2.49289 0.0110351 -24.714 -86.821 2.4978
-24.1169 -86.1075 2.51378 1.07358e-15 -24.714 -86.821 2.4978
-24.1663 -87.0379 2.47187 1.40884e-20 -24.714 -86.821 2.4978
-24.9413 -86.625 2.50065 0.00527043 -24.714 -86.821 2.4978
-24.7438 -86.2949 2.50266 6.57627e-06 -24.714 -86.821 2.4978
-24.3464 -86.2448 2.50265 7.59846e-08 -24.714 -86.821 2.4978
-24.9268 -86.5894 2.49771 0.00608402 -24.714 -86.821 2.4978
-24.688 -86.6192 2.50303 0.0192711 -24.714 -86.821 2.4978
-25.3096 -87.0207 2.47254 5.73149e-15 -24.714 -86.821 2.4978
-24.54 -86.8685 2.48798 0.000217914 -24.714 -86.821 2.4978
-24.4579 -86.6243 2.51602 5.84601e-06 -24.714 -86.821 2.4978
-24.6324 -86.5105 2.50413 0.00171201 -24.714 -86.821 2.4978
-24.324 -86.6002 2.49008 1.52554e-05 -24.714 -86.821 2.4978
-25.0442 -87.1829 2.49244 2.50183e-05 -24.714 -86.821 2.4978
-24.8339 -86.6103 2.48673 0.00062906 -24.714 -86.821 2.4978
-24.1883 -86.6162 2.48902 1.5776e-07 -24.714 -86.821 2.4978
-24.6568 -87.0444 2.4977 0.0379758 -24.714 -86.821 2.4978
-25.1288 -86.7244 2.48094 5.33391e-07 -24.714 -86.821 2.4978
-24.6003 -86.9001 2.507 0.0837205 -24.714 -86.821 2.4978
-24.5667 -86.703 2.50198 0.0518729 -24.714 -86.821 2.4978
-24.5597 -86.6728 2.50229 0.0342323 -24.714 -86.821 2.4978
-24.2137 -86.9182 2.48395 7.26183e-10 -24.714 -86.821 2.4978
-24.6035 -86.6821 2.50442 0.0309658 -24.714 -86.821 2.4978
-24.2747 -86.5395 2.49356 1.50578e-05 -24.714 -86.821 2.4978
-24.324 -86.4679 2.49334 1.47637e-05 -24.714 -86.821 2.4978
-24.6245 -86.9116 2.52006 1.33371e-05 -24.714 -86.821 2.4978
-24.0656 -86.6921 2.48147 5.35645e-13 -24.714 -86.821 2.4978
-24.95 -86.9392 2.51429 5.38207e-05 -24.714 -86.821 2.4978
-24.6069 -86.4875 2.50008 0.00267073 -24.714 -86.821 2.4978
-24.6689 -86.8277 2.50554 0.0939435 -24.714 -86.821 2.4978
-24.4694 -86.8665 2.5131 0.0027936 -24.714 -86.821 2.4978
-24.479 -86.646 2.48088 1.3186e-07 -24.714 -86.821 2.4978
-24.7822 -86.9691 2.49183 0.00622935 -24.714 -86.821 2.4978
-24.7603 -86.9434 2.5106 0.0121637 -24.714 -86.821 2.4978
-24.3384 -86.3877 2.50286 6.3102e-06 -24.714 -86.821 2.4978
-25.1218 -87.2553 2.4794 3.05885e-12 -24.714 -86.821 2.4978
-24.7036 -86.8477 2.51117 0.00800753 -24.714 -86.821 2.4978
-24.3193 -86.4489 2.49302 8.24336e-06 -24.714 -86.821 2.4978
-24.4814 -86.8597 2.50082 0.0591819 -24.714 -86.821 2.4978
-24.8008 -86.837 2.51383 0.000442438 -24.714 -86.821 2.4978
-24.3311 -86.9789 2.49261 6.73338e-05 -24.714 -86.821 2.4978
-24.2326 -86.6337 2.51341 3.53577e-06 -24.714 -86.821 2.4978
-24.8565 -86.479 2.49412 0.00191677 -24.714 -86.821 2.4978
-24.6323 -86.5484 2.48916 0.000858612 -24.714 -86.821 2.4978
-25.0133 -87.1046 2.50461 0.00153793 -24.714 -86.821 2.4978
-24.3156 -86.7988 2.4969 0.00125978 -24.714 -86.821 2.4978
-24.676 -86.7526 2.49597 0.072342 -24.714 -86.821 2.4978
-24.146 -86.2448 2.52079 6.66947e-16 -24.714 -86.821 2.4978
-24.6223 -86.7439 2.49367 0.0256488 -24.714 -86.821 2.4978
-24.5167 -86.4344 2.49022 7.98943e-05 -24.714 -86.821 2.4978
-24.8083 -86.7049 2.50816 0.00410018 -24.714 -86.821 2.4978
-24.5132 -87.087 2.49891 0.0133945 -24.714 -86.821 2.4978
-24.8046 -86.7632 2.49571 0.0630399 -24.714 -86.821 2.4978
-24.5738 -86.9928 2.4885 0.000133477 -24.714 -86.821 2.4978
-24.6764 -86.3594 2.47253 1.77985e-11 -24.714 -86.821 2.4978
-24.5954 -86.6356 2.50736 0.00509774 -24.714 -86.821 2.4978
-23.9756 -86.8786 2.48311 2.44334e-14 -24.714 -86.821 2.4978
-24.2158 -86.8609 2.4862 2.13844e-08 -24.714 -86.821 2.4978
-24.5595 -86.2753 2.4978 9.82313e-06 -24.714 -86.821 2.4978
-24.2566 -86.8584 2.49769 0.000437026 -24.714 -86.821 2.4978
