38.1326 -72.8373 3.91382 2.09202e-17
38.118 -73.716 3.90995 7.13586e-06
38.2217 -73.6412 3.91441 0.000529106
38.1843 -73.9477 3.94438 1.02859e-11
38.7437 -73.6673 3.9331 7.20029e-06
38.44 -73.4672 3.92455 0.00228734
37.9575 -73.3998 3.92621 0.000321616
37.9957 -73.6315 3.91861 0.0511504
38.4635 -73.7426 3.94492 3.37595e-08
37.227 -74.0232 3.92192 1.68031e-22
37.8245 -73.3185 3.91868 1.23841e-05
38.1319 -73.6367 3.9237 0.291075
38.2307 -73.9511 3.93164 0.000902465
37.6725 -73.7423 3.92252 1.83051e-06
38.3198 -74.1472 3.91293 8.21726e-12
37.6908 -74.4741 3.92993 3.00749e-23
38.2937 -73.4183 3.93666 2.1878e-05
38.5441 -73.3097 3.91891 9.60141e-09
38.0928 -73.6808 3.91777 0.0447546
38.6411 -73.6741 3.93081 0.000257026
37.9423 -73.1426 3.93735 3.4469e-15
38.5684 -73.5617 3.93614 0.000245122
38.395 -73.5207 3.90952 3.24275e-10
38.0384 -73.387 3.92849 0.000332767
38.0935 -73.2062 3.93035 2.66522e-07
37.7431 -73.7207 3.92993 4.7518e-08
37.846 -73.1736 3.91457 3.3171e-08
37.9344 -73.4091 3.90909 2.30777e-06
37.9597 -73.7101 3.92558 0.0138518
37.4619 -72.613 3.92717 2.26661e-38
38.0793 -73.6712 3.93805 8.42699e-07
38.1242 -73.4304 3.91804 0.00508883
38.1799 -73.4 3.91704 0.000804521
37.9675 -73.7862 3.94005 1.19708e-10
38.0131 -73.1867 3.92068 2.06113e-06
38.1589 -73.3739 3.91824 0.00115229
38.5962 -73.7797 3.93826 5.48105e-05
37.8151 -72.93 3.92652 1.35825e-16
38.081 -73.3712 3.92225 0.00379296
38.2842 -73.2291 3.9261 2.03602e-05
38.0824 -73.7131 3.93192 0.00270547
37.7156 -73.2721 3.92826 4.02574e-11
38.5839 -73.9032 3.92573 1.70335e-05
38.0808 -73.5263 3.91986 0.0599467
37.7189 -73.6508 3.94348 3.04587e-21
38.2731 -73.4591 3.92582 0.0341397
38.6415 -73.726 3.93696 7.14887e-05
37.9263 -73.5071 3.91893 0.0088222
38.0282 -73.484 3.93078 0.000354509
38.3699 -73.7671 3.92048 0.0033952
37.8893 -73.1131 3.93269 1.82523e-13
38.1033 -74.0097 3.92753 0.000276229
37.5588 -73.1144 3.91516 2.22004e-13
37.5207 -73.3998 3.91196 1.95936e-09
37.7997 -73.4265 3.92743 8.97158e-07
38.1182 -73.6427 3.91833 0.0614001
38.174 -73.5357 3.93763 8.5711e-06
37.8551 -73.6633 3.9297 1.59353e-05
38.5046 -73.9344 3.93701 3.29607e-05
37.9181 -73.5858 3.90981 4.97521e-05
37.8673 -73.7932 3.93335 1.16271e-07
38.1541 -73.2826 3.94237 7.83116e-13
38.3221 -73.6284 3.91363 1.27321e-05
38.1104 -74.0893 3.9447 3.18789e-15
37.8379 -73.6493 3.92946 9.77709e-06
37.9543 -73.5542 3.91723 0.0141843
37.3923 -73.5615 3.92921 1.42151e-18
37.9752 -73.6312 3.9421 2.56726e-12
37.754 -73.6293 3.92128 0.000166281
38.7187 -73.9776 3.93855 7.29791e-08
38.131 -72.9019 3.92683 3.98917e-14
37.8487 -73.4689 3.94038 8.97184e-15
37.6603 -73.9533 3.93521 8.77962e-16
37.5719 -73.4332 3.93326 1.18125e-16
37.5232 -73.4132 3.91115 2.5054e-09
38.4984 -73.8614 3.91355 5.48712e-10
38.5058 -73.373 3.93111 0.000104541
37.8614 -73.9369 3.93234 2.554e-08
38.0997 -73.6405 3.92053 0.163372
38.2563 -73.477 3.92682 0.048075
38.0862 -73.6635 3.93177 0.00360092
38.2807 -73.5798 3.91853 0.00824997
38.0762 -73.7259 3.91327 0.000839837
38.2066 -73.4935 3.93285 0.00217894
38.1693 -73.698 3.92865 0.121509
37.7613 -73.4304 3.92691 2.93467e-07
38.0551 -73.4615 3.92733 0.00610089
38.5229 -73.4531 3.91577 1.59839e-08
38.2328 -73.7118 3.93453 0.0034871
37.8609 -73.3192 3.93069 1.17071e-08
37.7859 -73.4839 3.9344 7.56145e-11
37.8394 -73.1622 3.92116 1.89363e-08
37.856 -73.5428 3.9273 8.50022e-05
37.6042 -73.7069 3.93045 4.44999e-12
37.7201 -73.6044 3.94898 5.36759e-29
38.2967 -73.8416 3.92422 0.0337071
37.5048 -73.4084 3.94007 6.71102e-27
37.7237 -73.3174 3.93002 2.95445e-11
38.1808 -73.7535 3.93284 0.00640198
37.4721 -73.2987 3.91722 3.20333e-12
