40.9286 -71.8538 3.93928 8.40694e-09
40.7667 -72.8774 3.93491 1.95954e-10
40.5106 -72.3748 3.92342 1.15955e-07
40.028 -72.168 3.9371 3.76039e-31
40.8734 -72.5135 3.94233 2.4782e-06
40.9946 -72.4188 3.92802 0.04732
40.8821 -72.2039 3.9433 1.49057e-06
40.8732 -71.882 3.93146 2.97821e-07
41.0918 -72.3264 3.94347 0.00180657
40.9948 -72.2479 3.93966 0.00431364
41.2554 -72.2659 3.9337 0.093334
41.4587 -72.1952 3.96129 4.77939e-14
40.9182 -72.8209 3.94519 1.36445e-11
40.7982 -72.168 3.93803 1.10778e-05
41.5584 -72.425 3.94012 0.00034402
41.1579 -72.4025 3.94738 5.7334e-05
40.7634 -72.134 3.91704 1.38699e-07
40.408 -72.4529 3.95111 3.23269e-28
40.7554 -72.4794 3.94464 4.89127e-10
41.0517 -71.8789 3.93406 3.00391e-06
41.1202 -72.2317 3.93856 0.0536047
40.5834 -72.3167 3.94088 1.58131e-11
40.8458 -72.3268 3.92769 0.00934025
41.0909 -72.8396 3.92212 2.57297e-09
40.7364 -72.8214 3.94341 3.87233e-14
41.1774 -72.8339 3.93025 8.93805e-07
40.7404 -72.0525 3.95771 2.39143e-25
40.5014 -72.4256 3.94512 9.59883e-18
40.4795 -72.1441 3.93666 7.83973e-13
40.797 -72.1829 3.94236 9.22422e-08
40.72 -72.2945 3.94463 1.44893e-10
41.0224 -71.5579 3.94004 2.78587e-16
41.3382 -72.5623 3.92446 1.20764e-06
41.2747 -72.3157 3.93878 0.114944
41.5057 -72.4388 3.93537 0.000453162
41.0244 -71.8868 3.93388 3.41098e-06
40.8139 -72.6535 3.93219 4.0485e-05
41.223 -72.5373 3.93673 0.0391238
40.6977 -72.0462 3.92375 8.40214e-07
40.4874 -72.7411 3.93051 2.69113e-12
41.1747 -72.0356 3.94001 0.000593943
41.029 -71.9364 3.94009 2.28727e-06
41.298 -72.4356 3.93895 0.0674725
41.1361 -72.6576 3.92801 0.000389759
40.572 -71.6244 3.94583 4.49894e-27
41.535 -71.9149 3.93789 5.28693e-08
40.6462 -72.6474 3.93376 3.12881e-08
40.4408 -72.4335 3.93475 3.36818e-12
41.0689 -72.4232 3.93924 0.0300393
40.6246 -72.3772 3.93136 3.97235e-06
40.7663 -72.5257 3.93583 2.24173e-05
41.0317 -72.1914 3.91961 6.56531e-06
40.3657 -72.1865 3.92607 7.14768e-12
40.8138 -72.6577 3.92905 5.85868e-05
41.3228 -72.0941 3.93617 0.00315467
41.4561 -72.0008 3.94283 1.09098e-05
40.6036 -72.1749 3.91612 8.35008e-09
41.2946 -71.9815 3.95061 1.10388e-08
40.3302 -72.0944 3.93672 2.19894e-18
40.8904 -72.3327 3.92598 0.0102087
40.6383 -71.9121 3.95708 2.63062e-30
41.6106 -72.1583 3.92906 2.60109e-09
41.5388 -72.2083 3.9458 9.07067e-05
40.6987 -72.9548 3.92216 9.38718e-13
41.3804 -72.8013 3.92832 1.06976e-08
41.4524 -71.7221 3.93649 1.50082e-11
41.1101 -72.3536 3.93496 0.279294
40.5295 -71.8438 3.93579 1.40156e-15
40.8926 -72.2412 3.93158 0.015652
40.7126 -72.0161 3.94371 2.26708e-12
40.8435 -72.0831 3.96242 4.05539e-28
40.5724 -72.319 3.95001 4.30062e-20
41.0226 -72.799 3.92309 1.00791e-07
40.7146 -72.2198 3.94714 4.81482e-13
40.9456 -72.951 3.93488 5.97e-10
40.5849 -72.3566 3.94787 2.19574e-17
41.0555 -71.6442 3.91877 4.49938e-17
40.3453 -72.3893 3.9225 1.87955e-11
41.0886 -72.5148 3.93495 0.0658144
41.2494 -72.5384 3.92827 0.00147897
41.1467 -72.4847 3.93056 0.0575011
40.9234 -72.4889 3.93341 0.0153045
41.2591 -72.0546 3.91218 1.22278e-16
40.8069 -72.2029 3.94636 3.70423e-10
40.9917 -72.1044 3.93256 0.00608515
41.2109 -71.7481 3.94276 2.92655e-10
40.7007 -72.3902 3.93712 1.68172e-06
40.7639 -72.5461 3.9469 4.1777e-12
41.1348 -72.2807 3.94064 0.0307006
41.3119 -72.5857 3.9389 0.00528635
41.2255 -72.399 3.94653 0.000477593
41.1345 -72.0124 3.91917 4.95283e-09
41.0444 -72.8933 3.92175 2.02479e-10
40.4552 -72.3123 3.93203 1.8858e-10
41.0249 -72.1892 3.92525 0.00278654
40.8142 -72.3566 3.93478 0.00120001
40.6409 -72.0105 3.93964 1.2574e-11
40.5087 -72.521 3.92485 2.93046e-08
40.9859 -72.4803 3.92953 0.0416558
40.3864 -71.6381 3.93081 4.48714e-23
