-37.8685 -65.2765 1.81726 2.91338e-05 -38.293 -64.834 1.8052
-38.3858 -64.5724 1.78708 5.97759e-05 -38.293 -64.834 1.8052
-37.9187 -65.5108 1.81409 3.98422e-08 -38.293 -64.834 1.8052
-38.3082 -65.0402 1.80635 0.00396741 -38.293 -64.834 1.8052
-38.3019 -64.5227 1.83545 2.00035e-17 -38.293 -64.834 1.8052
-38.3149 -64.7725 1.80525 0.0599852 -38.293 -64.834 1.8052
-38.6293 -64.6155 1.80388 0.000100561 -38.293 -64.834 1.8052
-38.2986 -64.7104 1.78194 9.37588e-08 -38.293 -64.834 1.8052
-38.5161 -64.3947 1.82828 6.02658e-16 -38.293 -64.834 1.8052
-38.6365 -64.8718 1.81407 7.28122e-07 -38.293 -64.834 1.8052
-38.8421 -65.2756 1.81285 1.12611e-12 -38.293 -64.834 1.8052
-38.1783 -64.9371 1.80953 0.0441002 -38.293 -64.834 1.8052
-38.2655 -65.0939 1.79879 0.000223402 -38.293 -64.834 1.8052
-38.1931 -64.5165 1.81931 1.09693e-05 -38.293 -64.834 1.8052
-38.2704 -64.5585 1.80493 0.0587584 -38.293 -64.834 1.8052
-38.2412 -64.9529 1.82358 3.75592e-06 -38.293 -64.834 1.8052
-39.0795 -64.9026 1.81949 2.06602e-18 -38.293 -64.834 1.8052
-38.3205 -64.9629 1.80259 0.00807384 -38.293 -64.834 1.8052
-38.1053 -64.7389 1.79709 0.0365482 -38.293 -64.834 1.8052
-38.6483 -64.894 1.8305 1.22892e-15 -38.293 -64.834 1.8052
-38.7412 -64.8242 1.79852 2.19665e-06 -38.293 -64.834 1.8052
-38.3936 -64.57 1.79856 0.0169085 -38.293 -64.834 1.8052
-38.5875 -64.6097 1.81653 1.2202e-07 -38.293 -64.834 1.8052
-39.061 -65.0517 1.80413 6.95918e-14 -38.293 -64.834 1.8052
-38.2363 -65.6398 1.80013 2.11827e-13 -38.293 -64.834 1.8052
-38.6705 -64.5665 1.81539 1.15486e-08 -38.293 -64.834 1.8052
-38.1879 -64.9211 1.82439 3.68311e-06 -38.293 -64.834 1.8052
-38.4464 -64.7666 1.83632 1.32942e-17 -38.293 -64.834 1.8052
-37.5515 -64.8651 1.81932 1.16875e-05 -38.293 -64.834 1.8052
-38.0845 -64.7187 1.81555 0.00932347 -38.293 -64.834 1.8052
-38.274 -64.6097 1.80605 0.0658136 -38.293 -64.834 1.8052
-38.3059 -64.5992 1.80921 0.0147115 -38.293 -64.834 1.8052
-38.1814 -65.084 1.81786 0.000367647 -38.293 -64.834 1.8052
-38.1207 -64.4942 1.81031 0.0126046 -38.293 -64.834 1.8052
-38.0114 -65.3675 1.79838 1.68879e-08 -38.293 -64.834 1.8052
-37.9694 -65.0699 1.8138 0.00562974 -38.293 -64.834 1.8052
-38.5866 -65.2761 1.80009 1.12891e-08 -38.293 -64.834 1.8052
-37.9889 -64.9901 1.8145 0.0121786 -38.293 -64.834 1.8052
-38.1937 -65.3304 1.79007 2.84815e-11 -38.293 -64.834 1.8052
-38.6257 -64.6967 1.81438 5.86784e-07 -38.293 -64.834 1.8052
-38.2641 -64.8752 1.81482 0.00366448 -38.293 -64.834 1.8052
-38.8409 -65.1308 1.79823 1.66896e-10 -38.293 -64.834 1.8052
-37.9287 -64.8225 1.81727 0.00535414 -38.293 -64.834 1.8052
-38.3893 -65.0588 1.81715 2.48293e-05 -38.293 -64.834 1.8052
-37.4504 -65.1195 1.79517 5.22685e-12 -38.293 -64.834 1.8052
-38.3698 -65.2333 1.80688 2.15963e-05 -38.293 -64.834 1.8052
-38.2334 -64.783 1.80716 0.108795 -38.293 -64.834 1.8052
-38.5946 -64.5738 1.78788 6.22669e-06 -38.293 -64.834 1.8052
-38.0847 -64.6702 1.80127 0.181267 -38.293 -64.834 1.8052
-38.0797 -64.0569 1.80512 1.69647e-06 -38.293 -64.834 1.8052
-38.4458 -64.5416 1.82642 8.31967e-12 -38.293 -64.834 1.8052
-38.1996 -64.9563 1.81475 0.00560989 -38.293 -64.834 1.8052
-38.451 -64.9545 1.82404 1.82719e-08 -38.293 -64.834 1.8052
-38.2837 -64.4069 1.80562 0.00610262 -38.293 -64.834 1.8052
-37.9667 -64.6529 1.81681 0.00269956 -38.293 -64.834 1.8052
-38.5228 -63.8893 1.8243 8.67925e-23 -38.293 -64.834 1.8052
-38.3995 -64.6309 1.8231 2.07704e-08 -38.293 -64.834 1.8052
-37.3332 -64.3364 1.80571 5.56868e-10 -38.293 -64.834 1.8052
-39.0349 -64.5676 1.80734 7.72604e-13 -38.293 -64.834 1.8052
-38.3856 -64.9304 1.81088 0.00228992 -38.293 -64.834 1.8052
-38.223 -65.4011 1.79527 3.99284e-10 -38.293 -64.834 1.8052
-37.8771 -64.7436 1.80918 0.0649989 -38.293 -64.834 1.8052
-37.9084 -64.6287 1.8215 3.5594e-05 -38.293 -64.834 1.8052
-38.3526 -65.1417 1.8121 0.000152802 -38.293 -64.834 1.8052
-38.666 -64.5144 1.83596 8.94483e-24 -38.293 -64.834 1.8052
-38.5278 -65.0754 1.81152 1.17244e-05 -38.293 -64.834 1.8052
-38.3385 -65.3942 1.82639 1.10205e-10 -38.293 -64.834 1.8052
-39.0508 -65.2185 1.80125 2.03822e-15 -38.293 -64.834 1.8052
-38.5694 -64.7434 1.80626 0.000356984 -38.293 -64.834 1.8052
-38.3946 -65.2864 1.83228 1.61628e-13 -38.293 -64.834 1.8052
-37.8784 -64.1987 1.80397 5.96249e-05 -38.293 -64.834 1.8052
-38.218 -65.2055 1.80963 0.000330433 -38.293 -64.834 1.8052
-38.3448 -65.4043 1.81263 1.52648e-07 -38.293 -64.834 1.8052
-38.3009 -64.9912 1.80923 0.00733722 -38.293 -64.834 1.8052
-37.6479 -65.0929 1.824 1.84268e-06 -38.293 -64.834 1.8052
-38.435 -65.2081 1.80657 1.30373e-05 -38.293 -64.834 1.8052
-38.1147 -64.602 1.80406 0.195512 -38.293 -64.834 1.8052
-38.4297 -64.4955 1.80894 0.000599197 -38.293 -64.834 1.8052
-37.9895 -65.0925 1.80784 0.00600794 -38.293 -64.834 1.8052
-38.3715 -65.0353 1.8059 0.00174935 -38.293 -64.834 1.8052
-38.3503 -64.6318 1.82622 9.73711e-10 -38.293 -64.834 1.8052
-38.3564 -65.0684 1.81571 0.000104627 -38.293 -64.834 1.8052
-38.4144 -65.4769 1.80727 2.38424e-09 -38.293 -64.834 1.8052
-38.4865 -64.481 1.81932 1.28001e-08 -38.293 -64.834 1.8052
-38.2633 -64.4032 1.83232 5.54196e-16 -38.293 -64.834 1.8052
-38.2991 -64.7197 1.81764 0.000188593 -38.293 -64.834 1.8052
-38.1853 -65.4424 1.81552 2.28992e-07 -38.293 -64.834 1.8052
-38.5033 -65.2993 1.8117 1.49387e-07 -38.293 -64.834 1.8052
-37.9885 -64.9595 1.8121 0.0320454 -38.293 -64.834 1.8052
-39.1446 -64.4447 1.81983 1.01502e-22 -38.293 -64.834 1.8052
-38.692 -65.1192 1.80872 7.71903e-08 -38.293 -64.834 1.8052
-38.0945 -65.1424 1.82537 1.4125e-06 -38.293 -64.834 1.8052
-38.5487 -64.7686 1.79441 0.000182767 -38.293 -64.834 1.8052
-37.6863 -65.1545 1.8103 5.67322e-05 -38.293 -64.834 1.8052
-38.7926 -64.6277 1.8129 1.99554e-09 -38.293 -64.834 1.8052
-38.2949 -64.9818 1.80961 0.0083365 -38.293 -64.834 1.8052
-37.7929 -64.6418 1.8097 0.0141717 -38.293 -64.834 1.8052
-38.3739 -65.1011 1.81966 3.54149e-06 -38.293 -64.834 1.8052
-38.1429 -65.1054 1.81446 0.00186737 -38.293 -64.834 1.8052
-38.4081 -64.9623 1.81233 0.000620148 -38.293 -64.834 1.8052
