228.53 -13.5813 2.91651 4.22852e-06
228.007 -12.8481 2.89771 2.03851e-14
228.105 -13.3708 2.92424 4.3454e-06
227.989 -13.5644 2.91426 0.0943164
228.011 -14.1596 2.91877 2.00982e-06
228.447 -13.4489 2.91466 1.20027e-05
227.551 -13.1721 2.8806 1.24298e-16
228.171 -13.6587 2.90607 0.00173646
228.08 -13.7586 2.8999 3.3033e-05
228.192 -13.7836 2.8943 4.1528e-11
228.516 -13.3701 2.9192 7.17351e-07
227.885 -13.2272 2.89875 5.65721e-06
227.883 -13.3841 2.94735 2.31332e-34
228.805 -13.6841 2.90519 1.94038e-17
227.771 -12.9592 2.91246 1.31945e-08
228.201 -13.9854 2.91879 0.000144529
228.413 -13.7407 2.89701 1.47711e-13
228.533 -13.2835 2.91373 1.61542e-08
228.624 -13.9184 2.93772 1.04556e-14
228.185 -14.0208 2.92048 2.71882e-05
227.414 -13.4272 2.90968 0.000138561
227.689 -13.3349 2.90042 0.00271292
228.389 -13.664 2.91265 0.00014488
228.493 -13.526 2.91723 1.12908e-05
228.324 -13.1969 2.91372 1.22779e-06
228.036 -13.6997 2.92152 0.000847735
227.736 -13.7709 2.92535 7.78563e-09
228.697 -13.4234 2.92211 3.62649e-09
227.757 -13.8039 2.91091 0.0976114
228.209 -13.4354 2.91359 0.0030918
228.074 -13.4848 2.91175 0.0407896
227.582 -13.4839 2.91642 4.15032e-05
228.152 -13.3004 2.91371 0.00058807
228.53 -13.6781 2.91271 9.33906e-07
227.352 -13.9362 2.90903 1.20754e-05
227.82 -13.1796 2.90919 0.000265863
227.74 -13.7945 2.89707 0.00143282
228.44 -13.5676 2.93304 4.53505e-10
228.035 -12.7616 2.9123 4.8688e-13
228.228 -13.7858 2.92229 0.000271102
228.234 -13.2664 2.89437 1.27372e-13
228.095 -13.1389 2.89973 5.30832e-09
228.143 -13.2122 2.89943 7.11268e-09
227.595 -13.9004 2.9187 1.08138e-06
228.24 -13.7519 2.90585 0.000132833
228.378 -13.1594 2.90886 6.68532e-09
227.953 -14.2588 2.90154 2.44524e-08
228.338 -13.3141 2.91057 5.71705e-06
228.248 -13.468 2.89776 1.40148e-09
228.143 -14.016 2.92455 7.71968e-07
227.977 -13.7467 2.91016 0.186321
227.884 -13.6278 2.89666 0.000164272
227.968 -13.9866 2.92151 1.38058e-05
228.15 -13.3878 2.89705 8.62426e-09
227.886 -12.8053 2.9233 4.92775e-16
228.055 -13.8336 2.89256 2.94909e-10
227.897 -13.2106 2.90577 0.00034984
227.974 -13.7916 2.91692 0.0171161
228.438 -13.827 2.91514 2.6746e-05
228.521 -13.9615 2.91011 7.57345e-09
227.848 -13.5097 2.91462 0.0345147
227.869 -13.8795 2.90019 0.00147915
227.978 -13.6309 2.90693 0.128983
227.916 -13.3462 2.91483 0.00386441
227.403 -13.4619 2.89582 0.000799022
227.793 -13.4437 2.91499 0.00714591
228.255 -13.6162 2.93101 1.07848e-08
228.348 -13.7797 2.92772 7.3466e-07
228.432 -14.0491 2.92688 8.71124e-09
227.728 -13.5575 2.91319 0.0352665
227.97 -13.4729 2.89517 8.31259e-07
228.235 -13.3316 2.90713 2.12339e-05
227.566 -14.0487 2.91795 5.28242e-08
228.148 -13.5613 2.90887 0.0121455
228.366 -13.435 2.91651 0.000125888
227.82 -13.3518 2.90833 0.0235848
228.187 -13.9862 2.90525 1.23037e-05
228.144 -13.4072 2.92095 0.000237314
227.887 -13.6413 2.90661 0.290988
227.789 -13.09 2.91534 5.63531e-07
228.228 -13.0991 2.9235 5.07527e-09
228.25 -13.156 2.90749 1.5501e-07
227.698 -13.6251 2.9169 0.00108467
228.272 -13.7105 2.91647 0.00392496
228.568 -13.3888 2.92483 4.86641e-08
228.436 -13.1996 2.92087 5.8223e-08
227.471 -13.1481 2.90372 9.39448e-06
228.149 -13.8197 2.92561 6.66873e-06
228.249 -14.0237 2.90578 1.2036e-06
228.24 -13.8484 2.9046 1.50559e-05
228.135 -14.2559 2.91663 1.42335e-07
227.517 -13.5312 2.91319 0.000370337
228.277 -13.2807 2.90839 4.62754e-06
228.351 -13.8019 2.91444 0.000361568
228.298 -13.4698 2.92311 4.57168e-05
227.896 -13.3246 2.91373 0.00394994
227.994 -13.4084 2.89085 7.58993e-11
228.233 -13.6757 2.90819 0.00133911
227.78 -13.1726 2.91917 1.94085e-07
228.201 -13.5134 2.9201 0.00133571
