115.153 -22.3303 3.41349 0.00814233 114.94 -22.461 3.4197
115.395 -22.7551 3.3978 1.14557e-19 114.94 -22.461 3.4197
115.43 -21.738 3.42697 3.70436e-07 114.94 -22.461 3.4197
115.144 -22.709 3.42223 0.00381429 114.94 -22.461 3.4197
115.262 -22.6405 3.40842 8.30108e-08 114.94 -22.461 3.4197
114.927 -22.238 3.43417 5.19386e-05 114.94 -22.461 3.4197
114.978 -23.119 3.41768 1.5298e-09 114.94 -22.461 3.4197
115.644 -22.384 3.42331 2.80536e-05 114.94 -22.461 3.4197
114.462 -22.3189 3.43891 3.78518e-15 114.94 -22.461 3.4197
115.226 -22.6047 3.4127 5.17456e-05 114.94 -22.461 3.4197
115.734 -22.4611 3.41423 8.7927e-11 114.94 -22.461 3.4197
114.904 -22.3627 3.42829 0.0114055 114.94 -22.461 3.4197
114.921 -22.522 3.40272 6.4471e-07 114.94 -22.461 3.4197
114.992 -22.3835 3.42657 0.0784383 114.94 -22.461 3.4197
114.987 -22.8835 3.42383 4.51305e-05 114.94 -22.461 3.4197
114.444 -22.7403 3.41408 1.02672e-06 114.94 -22.461 3.4197
115.234 -22.7216 3.42417 0.0021618 114.94 -22.461 3.4197
114.642 -22.8398 3.43833 4.60982e-13 114.94 -22.461 3.4197
115.023 -22.5573 3.43064 0.00422534 114.94 -22.461 3.4197
114.689 -22.8105 3.43319 4.85515e-09 114.94 -22.461 3.4197
114.843 -22.602 3.40811 0.000104158 114.94 -22.461 3.4197
115.037 -22.456 3.44247 2.32437e-08 114.94 -22.461 3.4197
115.798 -22.6415 3.40855 1.52266e-17 114.94 -22.461 3.4197
115.213 -22.3366 3.41913 0.0689071 114.94 -22.461 3.4197
114.376 -22.6636 3.42029 1.44939e-07 114.94 -22.461 3.4197
114.671 -22.6459 3.43813 6.33369e-11 114.94 -22.461 3.4197
115.225 -22.5629 3.42335 0.0318884 114.94 -22.461 3.4197
115.511 -22.7914 3.41384 7.44544e-10 114.94 -22.461 3.4197
114.994 -22.1199 3.41157 0.0107562 114.94 -22.461 3.4197
114.942 -22.5724 3.42399 0.0298528 114.94 -22.461 3.4197
114.788 -22.4852 3.41032 0.004028 114.94 -22.461 3.4197
115.446 -22.3109 3.43072 0.00642409 114.94 -22.461 3.4197
115.698 -22.9706 3.42708 6.85754e-10 114.94 -22.461 3.4197
115.036 -22.8744 3.44079 1.32309e-09 114.94 -22.461 3.4197
115.703 -22.9587 3.42207 2.47861e-11 114.94 -22.461 3.4197
115.217 -22.1928 3.41464 0.00565434 114.94 -22.461 3.4197
115.101 -22.1387 3.43597 3.78401e-05 114.94 -22.461 3.4197
114.98 -22.0441 3.41547 0.0284907 114.94 -22.461 3.4197
114.99 -22.7701 3.42476 0.000911817 114.94 -22.461 3.4197
114.772 -22.2457 3.42737 0.00145647 114.94 -22.461 3.4197
114.996 -22.4687 3.45157 2.06519e-16 114.94 -22.461 3.4197
115.231 -22.1728 3.41888 0.0317154 114.94 -22.461 3.4197
114.73 -22.6776 3.40591 3.39149e-06 114.94 -22.461 3.4197
114.68 -22.0893 3.43034 1.40593e-06 114.94 -22.461 3.4197
114.914 -22.428 3.43896 1.96902e-07 114.94 -22.461 3.4197
114.326 -21.5355 3.43642 2.39498e-25 114.94 -22.461 3.4197
115.391 -22.1297 3.4231 0.00505994 114.94 -22.461 3.4197
114.923 -23.2238 3.41643 4.86923e-12 114.94 -22.461 3.4197
115.346 -22.4934 3.43038 0.0144016 114.94 -22.461 3.4197
115.869 -23.1858 3.42695 2.57274e-16 114.94 -22.461 3.4197
115.117 -22.3276 3.44187 2.05543e-07 114.94 -22.461 3.4197
115.318 -23.0464 3.42803 9.76706e-08 114.94 -22.461 3.4197
115.034 -22.8922 3.43834 1.47586e-08 114.94 -22.461 3.4197
114.955 -21.5248 3.43115 4.79133e-12 114.94 -22.461 3.4197
115.054 -22.6234 3.43686 1.66723e-05 114.94 -22.461 3.4197
115.3 -22.2971 3.42329 0.0625765 114.94 -22.461 3.4197
115.052 -23.2794 3.4141 2.5602e-14 114.94 -22.461 3.4197
114.972 -22.1272 3.42767 0.00906024 114.94 -22.461 3.4197
114.831 -22.0615 3.44385 6.17018e-14 114.94 -22.461 3.4197
115.059 -22.8207 3.42759 0.000205914 114.94 -22.461 3.4197
115.128 -22.8097 3.42942 0.000209436 114.94 -22.461 3.4197
115.058 -22.4339 3.41306 0.0109559 114.94 -22.461 3.4197
114.427 -22.5313 3.40471 3.65962e-06 114.94 -22.461 3.4197
114.975 -22.9649 3.42096 2.43038e-06 114.94 -22.461 3.4197
114.615 -22.8997 3.42079 2.49465e-07 114.94 -22.461 3.4197
115.319 -22.5443 3.42811 0.0182956 114.94 -22.461 3.4197
114.414 -22.383 3.43136 1.73606e-10 114.94 -22.461 3.4197
114.9 -22.3509 3.42439 0.0840038 114.94 -22.461 3.4197
115.117 -22.5435 3.42528 0.0648187 114.94 -22.461 3.4197
114.823 -22.2528 3.41848 0.138879 114.94 -22.461 3.4197
115.325 -22.8687 3.42946 3.12776e-05 114.94 -22.461 3.4197
114.837 -22.7905 3.42645 5.85872e-05 114.94 -22.461 3.4197
114.799 -23.0324 3.41739 3.09454e-08 114.94 -22.461 3.4197
115.426 -21.869 3.42723 2.06631e-05 114.94 -22.461 3.4197
116.025 -22.3786 3.42804 1.14124e-10 114.94 -22.461 3.4197
114.542 -22.6656 3.41556 5.44798e-05 114.94 -22.461 3.4197
115.011 -22.7308 3.4347 1.33685e-05 114.94 -22.461 3.4197
115.009 -22.1152 3.41452 0.0395048 114.94 -22.461 3.4197
114.989 -22.8084 3.43473 1.84357e-06 114.94 -22.461 3.4197
115.277 -22.7197 3.44722 2.55375e-10 114.94 -22.461 3.4197
115.746 -22.6973 3.41932 5.2924e-10 114.94 -22.461 3.4197
114.785 -22.3219 3.42421 0.0188251 114.94 -22.461 3.4197
115.117 -22.4231 3.41997 0.151987 114.94 -22.461 3.4197
115.407 -23.0031 3.42183 1.81964e-08 114.94 -22.461 3.4197
115.269 -22.5103 3.41328 0.000164085 114.94 -22.461 3.4197
114.999 -23.1914 3.41463 6.51351e-12 114.94 -22.461 3.4197
115.44 -22.6836 3.44231 7.99177e-07 114.94 -22.461 3.4197
114.688 -22.1995 3.42434 0.00154569 114.94 -22.461 3.4197
115.542 -22.8484 3.42163 1.12182e-07 114.94 -22.461 3.4197
114.722 -22.1741 3.42963 3.11899e-05 114.94 -22.461 3.4197
114.86 -22.2172 3.43323 2.94922e-05 114.94 -22.461 3.4197
114.866 -22.6406 3.42416 0.00470391 114.94 -22.461 3.4197
114.843 -22.9165 3.42257 5.16575e-06 114.94 -22.461 3.4197
114.895 -22.3767 3.41274 0.0406921 114.94 -22.461 3.4197
114.861 -22.429 3.40972 0.00485885 114.94 -22.461 3.4197
114.788 -22.7525 3.41783 0.000333128 114.94 -22.461 3.4197
114.414 -23.079 3.4302 8.30934e-16 114.94 -22.461 3.4197
115.071 -23.2281 3.40831 5.76898e-16 114.94 -22.461 3.4197
115.446 -22.0884 3.41656 4.64329e-05 114.94 -22.461 3.4197
114.61 -22.7002 3.40708 3.26284e-06 114.94 -22.461 3.4197
