15.6756 -91.3673 3.63774 3.04727e-06 16.476 -91.446 3.6297
16.8282 -91.3211 3.63866 0.000503922 16.476 -91.446 3.6297
16.5628 -91.3027 3.65089 6.35255e-08 16.476 -91.446 3.6297
16.4113 -91.8413 3.6116 0.0030852 16.476 -91.446 3.6297
16.2775 -91.6165 3.63022 0.014292 16.476 -91.446 3.6297
16.4478 -92.0407 3.63097 1.55657e-06 16.476 -91.446 3.6297
16.5375 -91.7344 3.62791 0.000562362 16.476 -91.446 3.6297
16.0908 -91.6647 3.6455 2.70005e-07 16.476 -91.446 3.6297
16.3285 -91.6522 3.62346 0.0444337 16.476 -91.446 3.6297
16.2047 -90.9965 3.60803 0.000607587 16.476 -91.446 3.6297
16.1588 -91.3242 3.65441 4.81016e-14 16.476 -91.446 3.6297
16.3356 -91.6468 3.62493 0.0351935 16.476 -91.446 3.6297
16.7124 -92.2472 3.64562 3.90409e-14 16.476 -91.446 3.6297
16.4169 -91.174 3.64227 0.000138227 16.476 -91.446 3.6297
15.7531 -91.3416 3.62589 0.00892283 16.476 -91.446 3.6297
16.4677 -91.7963 3.61932 0.00345679 16.476 -91.446 3.6297
16.4174 -91.6452 3.62946 0.0051387 16.476 -91.446 3.6297
16.5011 -91.3815 3.61634 0.00590624 16.476 -91.446 3.6297
16.4598 -91.6318 3.62649 0.00849026 16.476 -91.446 3.6297
17.0142 -91.7663 3.64222 1.47114e-08 16.476 -91.446 3.6297
16.3587 -91.8829 3.62948 0.00018805 16.476 -91.446 3.6297
16.0658 -91.6674 3.6255 0.023809 16.476 -91.446 3.6297
15.9977 -91.502 3.64075 3.99539e-05 16.476 -91.446 3.6297
17.2167 -91.4032 3.6307 1.11758e-08 16.476 -91.446 3.6297
16.609 -91.7644 3.63643 1.62312e-05 16.476 -91.446 3.6297
16.5884 -91.4775 3.6556 3.21432e-11 16.476 -91.446 3.6297
16.549 -91.6928 3.60996 8.18132e-07 16.476 -91.446 3.6297
16.513 -91.8615 3.61452 0.00069373 16.476 -91.446 3.6297
17.1557 -91.7489 3.63663 2.19277e-09 16.476 -91.446 3.6297
16.2082 -90.863 3.63994 4.85946e-06 16.476 -91.446 3.6297
16.5509 -92.1586 3.62605 1.59242e-07 16.476 -91.446 3.6297
16.1837 -91.6285 3.63214 0.00492902 16.476 -91.446 3.6297
16.1277 -92.0911 3.63062 5.12718e-07 16.476 -91.446 3.6297
16.3685 -91.752 3.63676 9.91297e-05 16.476 -91.446 3.6297
16.5166 -92.0535 3.62655 3.42578e-06 16.476 -91.446 3.6297
16.5506 -91.4156 3.64396 3.31033e-05 16.476 -91.446 3.6297
16.4003 -91.5539 3.63205 0.00908182 16.476 -91.446 3.6297
16.1565 -91.461 3.65022 1.34049e-11 16.476 -91.446 3.6297
16.8014 -91.6016 3.62887 0.000118582 16.476 -91.446 3.6297
16.683 -91.4985 3.63435 0.00213528 16.476 -91.446 3.6297
16.351 -91.8202 3.63386 0.000106952 16.476 -91.446 3.6297
16.6054 -91.806 3.6524 7.3918e-10 16.476 -91.446 3.6297
16.7429 -90.7673 3.63572 2.93927e-05 16.476 -91.446 3.6297
16.1971 -91.2271 3.6148 0.178705 16.476 -91.446 3.6297
16.699 -91.7885 3.6334 1.23801e-05 16.476 -91.446 3.6297
16.2111 -91.8348 3.64026 1.19011e-06 16.476 -91.446 3.6297
16.1749 -91.4972 3.63716 0.000122038 16.476 -91.446 3.6297
17.217 -91.8799 3.63871 1.22141e-11 16.476 -91.446 3.6297
16.3834 -92.1197 3.61452 3.00018e-05 16.476 -91.446 3.6297
16.5706 -91.4045 3.63172 0.0252713 16.476 -91.446 3.6297
16.4886 -91.5114 3.63007 0.0227606 16.476 -91.446 3.6297
16.4671 -91.1911 3.64574 8.89138e-06 16.476 -91.446 3.6297
15.8298 -91.6257 3.63684 7.60158e-06 16.476 -91.446 3.6297
15.6217 -92.0967 3.62206 2.72463e-07 16.476 -91.446 3.6297
16.5679 -91.4131 3.64496 1.51491e-05 16.476 -91.446 3.6297
16.2425 -92.0346 3.61869 0.000314735 16.476 -91.446 3.6297
16.612 -91.6921 3.62518 0.000472648 16.476 -91.446 3.6297
16.6971 -91.2801 3.6381 0.00254783 16.476 -91.446 3.6297
16.7663 -91.6127 3.63443 0.000155488 16.476 -91.446 3.6297
16.8841 -91.5777 3.61831 1.42395e-07 16.476 -91.446 3.6297
16.544 -91.1767 3.63595 0.012781 16.476 -91.446 3.6297
16.7024 -91.9559 3.63065 1.217e-06 16.476 -91.446 3.6297
16.5683 -91.6886 3.62491 0.000934267 16.476 -91.446 3.6297
16.0204 -91.7532 3.62903 0.00121874 16.476 -91.446 3.6297
17.0482 -91.9009 3.63602 7.16852e-10 16.476 -91.446 3.6297
16.5535 -91.1716 3.62323 0.0341799 16.476 -91.446 3.6297
16.4551 -91.597 3.62518 0.0158841 16.476 -91.446 3.6297
16.26 -91.307 3.62634 0.331928 16.476 -91.446 3.6297
16.7082 -91.1687 3.64346 0.000147275 16.476 -91.446 3.6297
16.9278 -91.1373 3.62368 6.15602e-06 16.476 -91.446 3.6297
16.2789 -91.8126 3.62145 0.00953791 16.476 -91.446 3.6297
16.9493 -91.0744 3.62447 3.15561e-06 16.476 -91.446 3.6297
16.0042 -92.0654 3.61452 0.000623092 16.476 -91.446 3.6297
16.798 -91.3361 3.63569 0.0014766 16.476 -91.446 3.6297
16.3099 -91.6508 3.61047 0.0535631 16.476 -91.446 3.6297
16.5965 -91.9458 3.62883 1.00976e-05 16.476 -91.446 3.6297
16.3392 -92.2081 3.62035 1.51024e-06 16.476 -91.446 3.6297
16.5805 -91.5797 3.63354 0.00211973 16.476 -91.446 3.6297
16.5299 -91.8603 3.62606 0.00025042 16.476 -91.446 3.6297
15.9397 -91.6786 3.62251 0.0265092 16.476 -91.446 3.6297
16.6626 -91.7611 3.6286 6.6054e-05 16.476 -91.446 3.6297
16.4095 -90.9978 3.62854 0.0432028 16.476 -91.446 3.6297
16.4147 -91.351 3.64109 0.000255296 16.476 -91.446 3.6297
16.4073 -91.6396 3.65946 8.0032e-17 16.476 -91.446 3.6297
16.2831 -91.1123 3.65559 4.17073e-13 16.476 -91.446 3.6297
15.5565 -91.724 3.63741 1.92624e-09 16.476 -91.446 3.6297
16.6476 -90.7849 3.65037 9.47771e-09 16.476 -91.446 3.6297
16.3706 -91.1302 3.64581 2.21311e-06 16.476 -91.446 3.6297
16.6997 -91.3624 3.62412 0.00337946 16.476 -91.446 3.6297
16.6459 -91.322 3.63474 0.0104541 16.476 -91.446 3.6297
16.3046 -92.1591 3.6216 4.92304e-06 16.476 -91.446 3.6297
16.142 -91.3864 3.65182 1.45858e-12 16.476 -91.446 3.6297
16.5005 -91.3665 3.61801 0.0143892 16.476 -91.446 3.6297
15.9264 -90.8668 3.63238 1.43534e-05 16.476 -91.446 3.6297
16.5604 -91.9292 3.63391 3.54005e-06 16.476 -91.446 3.6297
15.9701 -91.8372 3.6266 0.000602823 16.476 -91.446 3.6297
15.9487 -91.8508 3.64489 7.26006e-10 16.476 -91.446 3.6297
16.604 -91.3565 3.62834 0.0333873 16.476 -91.446 3.6297
16.578 -91.6569 3.63343 0.000610586 16.476 -91.446 3.6297
16.2744 -91.7015 3.64825 9.05438e-08 16.476 -91.446 3.6297
