279.934 7.79767 4.83743 0.0941565
280.074 7.70528 4.85054 0.000978293
279.741 7.65625 4.82292 0.00312696
280.185 8.66412 4.83635 1.03698e-12
279.907 7.7538 4.82986 0.0421973
280.135 7.76472 4.83792 0.0148089
279.575 7.96779 4.8503 1.37186e-05
279.857 7.94078 4.83331 0.0790235
280.027 7.96422 4.8343 0.0526972
280.135 7.67326 4.83306 0.00282815
279.333 8.16682 4.82113 1.30887e-09
279.777 7.77347 4.8445 0.00543349
279.954 8.56074 4.82004 3.73101e-14
279.812 8.4375 4.8277 1.78541e-08
280.245 8.06575 4.85301 0.00332946
280.142 7.93227 4.8389 0.0322769
280.323 8.19992 4.83832 1.89607e-05
280.227 8.13207 4.84723 0.00402466
279.617 8.37972 4.83961 5.26749e-07
279.966 8.37488 4.84152 7.3191e-05
279.616 8.40757 4.828 8.07916e-09
279.674 7.62963 4.85109 8.2692e-07
279.737 7.8437 4.82332 0.00638425
279.127 8.20307 4.84741 1.01745e-15
279.548 8.00574 4.84131 0.000145605
279.778 8.22803 4.83729 0.000894603
279.65 8.06858 4.82688 0.000505441
279.751 8.85198 4.82663 1.86666e-20
279.349 8.41062 4.83452 8.77115e-12
280.225 7.67982 4.83379 0.000511896
280.145 8.26224 4.85618 0.000774283
280.002 8.22044 4.84231 0.00600418
279.216 8.27123 4.8353 1.74814e-12
279.55 8.25078 4.82881 1.04873e-06
279.919 7.78357 4.82924 0.0433391
279.861 7.95885 4.84261 0.0801688
279.666 8.75979 4.84416 2.62435e-14
280.109 8.47385 4.83197 6.78502e-09
279.652 8.27745 4.83054 6.67704e-06
280.177 8.09316 4.86125 0.000526322
279.742 8.01546 4.82938 0.00811572
280.031 7.63231 4.84095 0.00372085
279.994 7.77385 4.85385 0.000923522
279.972 8.79669 4.82749 2.8767e-18
279.855 8.10873 4.84949 0.00964372
279.902 8.05788 4.8489 0.0261817
279.938 8.14822 4.84576 0.0224398
279.302 8.15218 4.81923 3.12906e-10
280.029 7.97681 4.85425 0.0101532
280.044 8.06551 4.85589 0.00640028
280.25 8.26511 4.84167 8.47973e-05
280.264 7.53555 4.83484 1.02032e-05
279.672 7.72427 4.79741 5.0554e-10
279.992 7.51322 4.83715 0.000363881
280.289 7.94677 4.83797 0.00114137
280.385 7.66434 4.84155 7.94102e-06
280.276 7.79296 4.83302 0.000365914
280.079 7.44439 4.82955 2.51585e-05
279.844 8.08729 4.82097 9.89047e-05
279.95 8.31947 4.83508 7.77869e-05
279.846 7.77895 4.83841 0.0532085
280.235 8.38293 4.83601 2.67528e-07
279.52 7.79975 4.85153 1.65083e-07
279.553 7.70066 4.82886 0.000424012
279.939 7.9904 4.8398 0.121792
280.086 7.52682 4.84107 0.000133743
280.46 8.0326 4.84951 2.17832e-05
280.051 7.8478 4.84916 0.0200833
280.222 8.43557 4.85976 4.49003e-06
280.821 8.20514 4.85512 4.39345e-13
279.069 7.50742 4.82912 6.9483e-15
280.155 7.84941 4.83665 0.017588
280.013 8.05437 4.83633 0.038077
279.314 8.03748 4.84003 1.13921e-08
280.051 7.31927 4.85798 1.33076e-12
279.888 8.59906 4.84958 1.68343e-08
280.766 8.77316 4.83821 1.06728e-25
280.386 7.81545 4.82635 4.72912e-07
280.344 7.85281 4.84506 0.000450147
279.419 8.01512 4.83731 2.90827e-06
279.694 7.85944 4.83976 0.00982817
279.689 8.07705 4.83763 0.00429794
279.825 7.44856 4.85621 5.20629e-10
279.692 8.25128 4.84941 5.72845e-05
279.585 8.07683 4.85331 3.77055e-06
279.793 7.96567 4.8352 0.0533643
280.065 7.88655 4.83645 0.0661982
279.411 8.20197 4.85038 3.34533e-09
279.446 8.42562 4.84354 3.04279e-10
279.918 8.20721 4.85779 0.000521495
279.654 7.95551 4.84454 0.00152954
279.883 8.30263 4.85509 0.000183933
280.327 6.87567 4.83043 3.32235e-21
279.998 8.31345 4.82957 5.85706e-06
279.711 7.84033 4.84552 0.00241529
279.593 7.78353 4.84599 4.35078e-05
279.711 8.25873 4.85268 3.10942e-05
279.731 7.84045 4.84392 0.00630274
280.295 7.72716 4.83471 0.000179186
279.953 7.98891 4.84933 0.039245
