59.7725 -52.818 3.89361 3.98164e-12
60.2602 -52.4399 3.90506 1.30229e-13
59.6635 -52.7944 3.91179 7.04673e-19
59.8001 -52.6324 3.90402 7.96199e-16
60.3078 -52.5822 3.88723 4.30289e-13
60.3786 -52.3191 3.91315 3.17413e-17
59.8608 -53.1119 3.8909 1.79683e-06
60.3085 -53.0755 3.89759 0.245349
60.0488 -52.7154 3.90324 6.04258e-09
60.1081 -52.8136 3.92625 3.4491e-15
60.259 -52.3585 3.91832 4.03397e-18
60.0115 -53.0518 3.92225 5.5975e-13
60.0359 -52.7838 3.90446 5.43508e-08
60.2736 -52.5911 3.9014 2.06683e-09
60.3231 -52.5496 3.8828 2.50785e-16
60.4185 -52.9915 3.91163 0.0033901
60.1471 -52.8441 3.90568 1.21234e-05
60.7399 -52.8234 3.89228 3.32452e-08
60.4731 -52.6962 3.9122 4.77749e-07
60.6928 -52.3358 3.92039 4.92104e-18
60.6638 -53.1574 3.91102 0.00973192
60.5986 -53.3538 3.92236 5.44219e-08
59.7969 -52.6213 3.91151 5.64401e-18
60.3328 -52.9761 3.89597 0.0215572
60.2947 -51.9006 3.90127 3.43258e-36
60.3153 -52.5929 3.91317 4.60968e-10
60.2188 -53.1634 3.90695 0.0185433
59.8428 -52.7218 3.9088 6.35628e-14
60.3022 -52.2316 3.90554 1.78073e-20
59.9715 -52.6511 3.90255 1.46061e-11
60.561 -52.7019 3.92277 3.61276e-10
60.5816 -52.806 3.90506 0.00012023
60.4878 -52.707 3.92553 1.30201e-11
59.9103 -52.9997 3.88879 4.56893e-07
60.0573 -53.0891 3.89172 0.0013693
60.279 -53.2404 3.92011 1.78555e-07
60.0714 -52.7111 3.91373 7.02263e-11
60.0084 -52.816 3.90804 1.31953e-08
60.1182 -52.1579 3.8899 9.82424e-29
60.1574 -52.6353 3.91135 2.35099e-10
60.1787 -52.71 3.91405 2.22428e-09
60.1798 -52.3117 3.91511 1.12404e-19
60.5492 -52.5766 3.90042 9.10925e-10
60.3248 -52.5354 3.88993 2.20907e-13
60.3483 -52.2946 3.91618 9.42367e-19
60.0968 -53.0317 3.89395 0.00176631
60.3341 -52.4664 3.90238 1.63315e-12
60.8496 -52.7809 3.91294 5.79804e-08
60.6905 -52.3591 3.91609 1.68185e-16
60.4301 -52.8455 3.88528 1.14875e-07
61.1841 -52.8628 3.89368 3.86421e-17
60.4561 -53.2519 3.92105 1.00011e-06
61.3176 -53.1565 3.92127 4.53273e-17
60.6172 -52.7238 3.91098 1.34112e-06
59.7924 -53.2932 3.90045 4.64773e-08
60.3347 -53.0348 3.88956 0.00637544
60.1051 -52.8695 3.91882 2.95174e-10
60.5213 -52.5618 3.92146 2.86511e-12
60.479 -52.5888 3.91881 7.25656e-11
60.4927 -52.4132 3.9075 1.24581e-13
59.8057 -51.9489 3.91437 1.32936e-41
60.5842 -52.6768 3.89626 2.28076e-08
60.5059 -52.6852 3.92418 3.43857e-11
60.4672 -52.4923 3.90021 6.89058e-12
59.5407 -52.9754 3.90693 6.76427e-19
60.4487 -53.0971 3.9104 0.0321385
60.3084 -52.8412 3.90685 0.000217329
60.5055 -53.1217 3.90543 0.335471
60.13 -52.5666 3.91192 2.05391e-12
60.7146 -53.0078 3.90754 0.00286688
60.4168 -52.772 3.90733 4.31312e-05
60.3987 -52.5055 3.91971 2.10983e-13
60.0834 -52.8399 3.91932 3.26608e-11
60.3762 -53.0647 3.90511 0.158255
60.0169 -52.57 3.91172 3.73983e-14
60.2612 -52.8238 3.89982 0.000131549
60.7551 -53.4394 3.93682 1.40856e-20
59.9083 -52.6774 3.90999 1.42255e-13
60.4431 -52.3407 3.89345 8.67328e-19
60.0048 -52.7278 3.90592 9.50636e-10
60.2608 -53.0789 3.90022 0.153633
60.5829 -52.6533 3.90144 6.71787e-08
60.4259 -52.3106 3.90287 2.0747e-17
60.2158 -53.2706 3.91203 0.000306872
60.1036 -52.8694 3.8981 2.67239e-05
60.1851 -53.0063 3.89571 0.00849209
60.1684 -52.4019 3.88753 2.13475e-19
60.208 -52.8488 3.90872 1.925e-05
59.7843 -53.0287 3.90758 4.136e-11
60.5954 -52.0485 3.91227 2.40611e-27
60.002 -52.3789 3.89355 7.19738e-20
60.3419 -52.8483 3.91002 0.000122846
60.6961 -52.8442 3.90267 5.48174e-05
60.3103 -52.0336 3.90349 4.53758e-29
59.9768 -52.423 3.89958 8.30663e-18
60.2944 -52.0101 3.89645 4.30699e-32
60.0537 -52.5411 3.90931 1.15491e-13
60.1968 -52.7869 3.88942 2.0011e-07
59.7108 -53.233 3.89929 6.73414e-10
60.0843 -52.4493 3.90341 3.36605e-15
