94.7972 17.1816 0.0817178 0.000808993 94.452 17.051 0.076137
93.9018 16.6508 0.0729733 2.41503e-05 94.452 17.051 0.076137
94.2844 17.0486 0.0592548 0.00232655 94.452 17.051 0.076137
94.6673 16.834 0.0863301 0.000756153 94.452 17.051 0.076137
94.3136 16.6889 0.0826867 0.00343749 94.452 17.051 0.076137
94.7402 17.4387 0.07339 0.000328302 94.452 17.051 0.076137
94.4747 16.4149 0.0872846 1.01048e-06 94.452 17.051 0.076137
93.9633 16.7143 0.0808756 0.000278301 94.452 17.051 0.076137
94.0287 17.2866 0.0874248 0.00145127 94.452 17.051 0.076137
94.3008 16.9981 0.094768 0.00100941 94.452 17.051 0.076137
94.2348 17.3266 0.0699066 0.0114761 94.452 17.051 0.076137
94.4874 16.8505 0.0639815 0.00919179 94.452 17.051 0.076137
94.4959 16.6467 0.0845058 0.000590224 94.452 17.051 0.076137
94.4846 16.8626 0.0976651 3.00666e-05 94.452 17.051 0.076137
94.6598 16.6454 0.0782712 0.0004108 94.452 17.051 0.076137
94.4956 16.4373 0.0655827 8.31728e-06 94.452 17.051 0.076137
94.1576 16.5235 0.0760604 0.000102255 94.452 17.051 0.076137
93.953 17.2525 0.0700238 0.000623162 94.452 17.051 0.076137
94.3696 17.0212 0.0822126 0.0890028 94.452 17.051 0.076137
94.3436 16.5602 0.0822847 0.000298163 94.452 17.051 0.076137
94.6391 17.0098 0.0705585 0.02697 94.452 17.051 0.076137
94.3074 16.8659 0.0614529 0.00357632 94.452 17.051 0.076137
94.5985 16.9626 0.0556451 0.000328007 94.452 17.051 0.076137
94.2132 16.7645 0.0739957 0.0130394 94.452 17.051 0.076137
94.5305 16.7451 0.0655324 0.00362357 94.452 17.051 0.076137
94.8347 17.3071 0.047947 3.77395e-08 94.452 17.051 0.076137
94.3956 16.3749 0.0715506 4.34332e-06 94.452 17.051 0.076137
94.5254 16.5034 0.0667327 5.06759e-05 94.452 17.051 0.076137
94.8418 17.3393 0.0685558 0.000156464 94.452 17.051 0.076137
94.3094 16.7731 0.0790201 0.0208542 94.452 17.051 0.076137
94.3096 16.7877 0.0800432 0.0224409 94.452 17.051 0.076137
95.0041 17.5523 0.0892013 2.39852e-09 94.452 17.051 0.076137
94.4782 16.8259 0.0822514 0.0168056 94.452 17.051 0.076137
94.7501 16.4319 0.0880029 3.43763e-08 94.452 17.051 0.076137
94.1447 17.3548 0.083607 0.0053363 94.452 17.051 0.076137
94.7718 17.1291 0.0741409 0.004282 94.452 17.051 0.076137
94.4047 17.4271 0.0781024 0.00792094 94.452 17.051 0.076137
94.5934 17.2038 0.0844033 0.00913063 94.452 17.051 0.076137
94.6224 16.4726 0.0799724 1.0163e-05 94.452 17.051 0.076137
94.74 17.0752 0.0567874 0.0001546 94.452 17.051 0.076137
94.3507 16.28 0.076111 2.11765e-07 94.452 17.051 0.076137
94.3782 17.0211 0.0757944 0.160919 94.452 17.051 0.076137
94.5491 16.6942 0.0904075 9.26096e-05 94.452 17.051 0.076137
94.9934 17.0372 0.0672946 2.5263e-05 94.452 17.051 0.076137
94.5398 16.9595 0.0778276 0.060288 94.452 17.051 0.076137
94.6893 16.3879 0.0794565 4.15729e-07 94.452 17.051 0.076137
94.4145 16.8214 0.0909061 0.0012823 94.452 17.051 0.076137
94.0378 16.7287 0.0840202 0.000690365 94.452 17.051 0.076137
94.3996 16.8343 0.0933288 0.000496234 94.452 17.051 0.076137
94.1909 17.3809 0.0861362 0.00316002 94.452 17.051 0.076137
94.9156 16.951 0.0725602 0.000192938 94.452 17.051 0.076137
93.834 16.5519 0.0709947 4.93692e-07 94.452 17.051 0.076137
94.5862 16.5256 0.0750891 0.00010265 94.452 17.051 0.076137
94.342 17.0806 0.0780182 0.154514 94.452 17.051 0.076137
94.7831 16.5898 0.0879387 9.68503e-07 94.452 17.051 0.076137
94.6158 16.4064 0.0636288 1.00719e-06 94.452 17.051 0.076137
94.6929 16.7676 0.0920667 1.68635e-05 94.452 17.051 0.076137
94.3373 17.1797 0.0821378 0.0734495 94.452 17.051 0.076137
94.6479 16.8706 0.0733291 0.0138012 94.452 17.051 0.076137
94.8135 17.0907 0.0801916 0.00106963 94.452 17.051 0.076137
94.3875 17.2355 0.0589424 0.00133823 94.452 17.051 0.076137
94.9946 17.2096 0.0800195 8.25684e-06 94.452 17.051 0.076137
94.2929 16.6007 0.0725253 0.00118785 94.452 17.051 0.076137
93.847 16.5379 0.0778677 9.95868e-07 94.452 17.051 0.076137
94.4773 16.5718 0.0736219 0.000645337 94.452 17.051 0.076137
93.9865 17.2723 0.0902757 0.000401768 94.452 17.051 0.076137
94.1251 17.0042 0.069188 0.0174064 94.452 17.051 0.076137
95.1829 16.6871 0.0687915 4.49765e-09 94.452 17.051 0.076137
94.7586 17.1699 0.0847872 0.000777297 94.452 17.051 0.076137
94.4952 17.298 0.0835231 0.0133851 94.452 17.051 0.076137
94.0043 16.8682 0.0766117 0.00403697 94.452 17.051 0.076137
94.31 16.4894 0.0755699 0.000109166 94.452 17.051 0.076137
94.9836 16.9204 0.0849608 2.45022e-06 94.452 17.051 0.076137
94.9867 16.1937 0.0645619 1.78726e-12 94.452 17.051 0.076137
94.8723 16.8271 0.0853017 1.81967e-05 94.452 17.051 0.076137
94.7546 16.2807 0.0705454 9.61788e-09 94.452 17.051 0.076137
94.263 16.2046 0.0965119 1.44683e-11 94.452 17.051 0.076137
94.4969 16.3385 0.0597985 7.6819e-08 94.452 17.051 0.076137
94.3387 16.9556 0.0736959 0.120401 94.452 17.051 0.076137
94.3502 16.4952 0.0738296 0.000134692 94.452 17.051 0.076137
94.5491 16.8724 0.0822449 0.0154193 94.452 17.051 0.076137
94.8271 16.8314 0.0711902 0.00053792 94.452 17.051 0.076137
94.5784 16.775 0.0962861 9.09478e-06 94.452 17.051 0.076137
94.7028 16.8714 0.0599532 0.00052783 94.452 17.051 0.076137
94.759 17.3524 0.0779473 0.000703259 94.452 17.051 0.076137
94.6436 17.1471 0.0779235 0.0222755 94.452 17.051 0.076137
94.5736 17.0229 0.0966313 6.11156e-05 94.452 17.051 0.076137
95.4151 17.3318 0.0762246 7.76994e-13 94.452 17.051 0.076137
94.1322 16.6993 0.0886411 0.000345159 94.452 17.051 0.076137
94.0286 16.3959 0.063644 6.51569e-08 94.452 17.051 0.076137
94.6526 16.6648 0.0606421 9.64274e-05 94.452 17.051 0.076137
94.4288 16.8422 0.0891901 0.00311356 94.452 17.051 0.076137
94.8848 16.7259 0.0679781 3.55791e-05 94.452 17.051 0.076137
94.2365 16.9158 0.0839978 0.0314183 94.452 17.051 0.076137
94.5612 16.8188 0.0609591 0.00175455 94.452 17.051 0.076137
94.4363 16.7071 0.0617108 0.000870337 94.452 17.051 0.076137
94.769 16.5928 0.0676354 3.03638e-05 94.452 17.051 0.076137
94.4663 16.8703 0.0809282 0.0358593 94.452 17.051 0.076137
94.5267 16.4668 0.0855734 5.33803e-06 94.452 17.051 0.076137
94.1448 17.2061 0.0973029 0.000139794 94.452 17.051 0.076137
