260.31 27.6902 6.13017 6.70337e-18 260.53 28.467 6.1331
260.271 28.3125 6.11761 9.1159e-11 260.53 28.467 6.1331
260.939 28.6583 6.13209 0.00403928 260.53 28.467 6.1331
259.997 28.616 6.13635 4.71799e-09 260.53 28.467 6.1331
259.837 28.6988 6.13345 1.46608e-14 260.53 28.467 6.1331
260.105 28.2517 6.1511 3.14023e-07 260.53 28.467 6.1331
260.573 28.3949 6.14074 0.039504 260.53 28.467 6.1331
260.465 28.2149 6.14725 0.000273942 260.53 28.467 6.1331
260.427 28.9213 6.14443 2.77609e-07 260.53 28.467 6.1331
260.586 28.6428 6.14567 0.000575938 260.53 28.467 6.1331
260.697 28.4427 6.16012 5.10582e-11 260.53 28.467 6.1331
260.545 28.3466 6.13054 0.0246298 260.53 28.467 6.1331
260.056 28.9531 6.12729 7.53529e-13 260.53 28.467 6.1331
260.259 28.269 6.12656 2.439e-07 260.53 28.467 6.1331
261.123 28.5791 6.13933 9.4929e-08 260.53 28.467 6.1331
260.205 28.684 6.12165 1.08851e-08 260.53 28.467 6.1331
260.544 28.7219 6.12706 0.0146871 260.53 28.467 6.1331
260.111 28.1741 6.15737 4.9764e-09 260.53 28.467 6.1331
260.89 28.3812 6.13334 0.007935 260.53 28.467 6.1331
260.416 28.3967 6.13739 0.0208967 260.53 28.467 6.1331
260.975 27.995 6.12143 7.28785e-10 260.53 28.467 6.1331
260.803 28.339 6.14855 5.20382e-06 260.53 28.467 6.1331
259.954 28.5082 6.13444 2.7714e-10 260.53 28.467 6.1331
260.864 28.3966 6.14293 0.000152568 260.53 28.467 6.1331
260.403 28.3451 6.13404 0.00589366 260.53 28.467 6.1331
260.879 28.2149 6.14046 3.774e-05 260.53 28.467 6.1331
260.843 28.5801 6.12919 0.0864775 260.53 28.467 6.1331
260.387 28.6991 6.10953 5.35605e-11 260.53 28.467 6.1331
260.611 28.3386 6.113 1.50017e-07 260.53 28.467 6.1331
260.395 28.322 6.12163 1.88403e-06 260.53 28.467 6.1331
260.727 28.8064 6.12966 0.0108385 260.53 28.467 6.1331
260.41 28.3355 6.12686 0.000257558 260.53 28.467 6.1331
260.828 28.4538 6.13576 0.0246805 260.53 28.467 6.1331
260.418 28.1513 6.11297 3.10762e-13 260.53 28.467 6.1331
259.804 28.9192 6.12084 5.38971e-23 260.53 28.467 6.1331
260.07 28.1101 6.1392 2.0108e-09 260.53 28.467 6.1331
260.754 28.6785 6.14778 2.78221e-06 260.53 28.467 6.1331
259.781 28.1147 6.13574 7.15478e-18 260.53 28.467 6.1331
260.186 28.2143 6.13092 7.35216e-08 260.53 28.467 6.1331
260.648 28.2737 6.11752 5.94619e-06 260.53 28.467 6.1331
260.504 28.5502 6.15356 3.50861e-06 260.53 28.467 6.1331
260.535 28.7574 6.14477 9.9038e-05 260.53 28.467 6.1331
260.815 28.8097 6.13357 0.00151532 260.53 28.467 6.1331
260.381 28.3938 6.14114 0.00870198 260.53 28.467 6.1331
260.462 27.9004 6.14442 1.67495e-08 260.53 28.467 6.1331
260.532 28.1993 6.12992 0.000514584 260.53 28.467 6.1331
260.877 28.1069 6.11998 2.3126e-07 260.53 28.467 6.1331
260.245 28.9859 6.13879 7.55487e-09 260.53 28.467 6.1331
260.805 28.6343 6.13769 0.00737897 260.53 28.467 6.1331
260.378 28.6679 6.14274 0.00096935 260.53 28.467 6.1331
260.875 28.9634 6.12107 5.85969e-05 260.53 28.467 6.1331
260.257 28.677 6.1407 0.000121585 260.53 28.467 6.1331
260.714 28.8778 6.126 0.00197636 260.53 28.467 6.1331
260.655 28.8468 6.13578 0.000920621 260.53 28.467 6.1331
260.134 29.0751 6.12496 1.15517e-13 260.53 28.467 6.1331
260.267 28.3838 6.14979 6.87214e-05 260.53 28.467 6.1331
260.769 28.5001 6.1287 0.168992 260.53 28.467 6.1331
260.535 28.6323 6.12889 0.0540422 260.53 28.467 6.1331
260.668 28.4739 6.14027 0.0382452 260.53 28.467 6.1331
261.014 28.2095 6.12109 3.75711e-06 260.53 28.467 6.1331
260.698 28.6142 6.14555 0.000265979 260.53 28.467 6.1331
260.274 28.4699 6.13005 0.000119238 260.53 28.467 6.1331
260.69 28.7519 6.11666 0.000622967 260.53 28.467 6.1331
260.31 28.8783 6.15482 4.68461e-11 260.53 28.467 6.1331
260.251 28.6833 6.11971 1.6814e-08 260.53 28.467 6.1331
260.865 28.6769 6.14382 8.08638e-06 260.53 28.467 6.1331
261.193 28.5088 6.12974 2.83525e-06 260.53 28.467 6.1331
261.395 28.4331 6.12942 3.85036e-11 260.53 28.467 6.1331
260.903 28.7544 6.13443 0.000671552 260.53 28.467 6.1331
261 28.6715 6.13601 7.12799e-05 260.53 28.467 6.1331
260.488 28.4769 6.12593 0.00733503 260.53 28.467 6.1331
260.723 28.4292 6.15624 7.5318e-09 260.53 28.467 6.1331
261.021 28.3615 6.14002 4.35944e-06 260.53 28.467 6.1331
260.875 28.3391 6.13224 0.00721029 260.53 28.467 6.1331
260.652 29.0826 6.12322 6.53062e-07 260.53 28.467 6.1331
260.069 28.6385 6.12191 8.13767e-12 260.53 28.467 6.1331
260.849 28.8241 6.12037 0.00226893 260.53 28.467 6.1331
260.724 28.0382 6.12282 8.39711e-08 260.53 28.467 6.1331
260.264 28.0669 6.1293 2.78792e-09 260.53 28.467 6.1331
260.39 28.7304 6.12845 0.000709676 260.53 28.467 6.1331
260.767 28.3136 6.12336 0.00280194 260.53 28.467 6.1331
260.709 28.8242 6.13927 0.000195385 260.53 28.467 6.1331
259.851 28.3473 6.13206 1.44076e-14 260.53 28.467 6.1331
261.003 28.9652 6.13061 6.71746e-07 260.53 28.467 6.1331
260.492 28.3247 6.12627 0.00103449 260.53 28.467 6.1331
260.433 28.4977 6.13727 0.0407865 260.53 28.467 6.1331
260.719 28.5407 6.13149 0.242693 260.53 28.467 6.1331
260.405 28.4598 6.12921 0.00441716 260.53 28.467 6.1331
260.226 28.3739 6.12982 6.06388e-06 260.53 28.467 6.1331
261.311 28.7237 6.11725 1.05464e-07 260.53 28.467 6.1331
260.402 28.0017 6.12472 2.61713e-10 260.53 28.467 6.1331
260.674 28.5851 6.13525 0.141443 260.53 28.467 6.1331
260.894 28.2914 6.12606 0.00157794 260.53 28.467 6.1331
260.39 28.635 6.13371 0.00795108 260.53 28.467 6.1331
260.457 29.0279 6.13295 5.41457e-07 260.53 28.467 6.1331
260.917 28.6542 6.12028 0.0101451 260.53 28.467 6.1331
260.283 28.8661 6.10901 2.22563e-14 260.53 28.467 6.1331
260.38 27.9881 6.12592 2.04463e-10 260.53 28.467 6.1331
260.565 28.1979 6.13714 0.00286813 260.53 28.467 6.1331
260.745 28.1475 6.13089 0.000279554 260.53 28.467 6.1331
