39.7032 -72.4595 3.94222 0.113031
39.7858 -72.7921 3.93693 0.000709082
39.9039 -72.1249 3.92413 6.56937e-14
39.6319 -71.749 3.93656 4.57085e-14
39.3347 -72.9193 3.92321 3.28505e-08
39.2796 -73.2463 3.91815 1.64321e-19
39.6749 -72.7755 3.92619 1.19599e-06
38.9795 -72.8199 3.94206 5.70715e-13
39.2286 -72.386 3.93603 0.00119898
39.7501 -72.353 3.92064 7.0083e-11
39.5371 -72.6735 3.93858 0.105678
39.8158 -72.1572 3.93078 2.35542e-07
39.6387 -72.6899 3.91932 2.33468e-10
39.0367 -73.0012 3.91459 6.67367e-16
39.6071 -72.5628 3.92276 1.72123e-06
39.4117 -73.0398 3.93288 1.38634e-07
39.7077 -72.2809 3.92332 1.59527e-08
39.3146 -72.1702 3.93236 0.000113152
39.8974 -72.7122 3.91813 1.62747e-17
39.9178 -72.8725 3.9246 1.11036e-13
40.0099 -72.4444 3.94851 7.68585e-05
39.3272 -72.4528 3.93474 0.0404474
39.956 -72.8796 3.93072 3.09975e-10
39.083 -72.2984 3.94562 1.0365e-11
39.0375 -72.8391 3.92333 1.00038e-08
39.5189 -72.7697 3.94789 2.46355e-05
39.4707 -72.7253 3.92278 3.33607e-06
39.5164 -72.8644 3.93251 0.000340156
39.8254 -72.5852 3.93793 0.0140666
39.686 -72.6541 3.94027 0.0930664
39.9155 -72.2879 3.94895 3.44613e-05
38.9527 -72.43 3.96119 4.91308e-33
39.3395 -72.6303 3.94488 5.5297e-05
40.2112 -72.9338 3.92467 9.93391e-24
39.652 -72.719 3.91403 3.20411e-16
39.0975 -73.072 3.94025 1.26288e-13
39.4826 -72.2585 3.95394 3.63028e-10
39.744 -72.5428 3.95016 0.000637607
39.2016 -72.4053 3.92419 0.000116827
39.3337 -73.1523 3.93994 1.57387e-11
39.3184 -72.6767 3.93734 0.00572511
39.4807 -72.2893 3.92872 0.00182246
39.2354 -72.1954 3.93651 1.59565e-05
39.3755 -72.3572 3.93863 0.0114632
39.5236 -71.948 3.94305 3.01979e-09
40.0818 -72.2837 3.92402 5.96307e-17
39.4673 -73.0228 3.92526 1.34994e-09
39.5739 -72.8043 3.92466 8.62259e-07
39.3475 -72.199 3.91632 9.0351e-11
39.8528 -72.9132 3.91293 2.01778e-25
40.0167 -72.4121 3.94347 0.00011043
39.6731 -72.2609 3.95437 2.88179e-08
39.0091 -72.6699 3.93344 4.11763e-07
39.8445 -72.4562 3.932 0.000135185
39.4278 -73.1839 3.92787 1.57807e-12
39.8867 -72.5839 3.92305 1.88355e-11
39.3399 -72.6765 3.93299 0.0168844
39.9214 -72.0463 3.93652 6.58038e-09
39.3573 -73.1528 3.9225 5.07109e-14
39.7645 -72.8064 3.92137 4.26971e-12
39.5005 -72.0083 3.91878 2.36372e-13
39.5733 -72.7989 3.94622 0.000174246
40.1855 -72.5567 3.93996 1.70304e-08
39.8636 -72.7445 3.94947 7.97598e-05
39.6989 -72.1511 3.93484 9.24994e-05
39.623 -72.6025 3.94151 0.149932
39.4242 -72.5382 3.93894 0.0913667
39.445 -72.3386 3.93475 0.0508698
39.6042 -72.7798 3.94738 0.000145846
39.8961 -72.3176 3.92367 9.68777e-12
39.1845 -72.7951 3.94749 5.8722e-11
39.1905 -72.6647 3.93679 0.000179155
39.8782 -72.5346 3.92482 1.20701e-09
39.8778 -72.4895 3.94397 0.00887511
39.2491 -72.9235 3.93809 5.15459e-07
39.1872 -72.3058 3.93675 5.1308e-05
39.7848 -72.3829 3.94001 0.0259048
39.5976 -72.0986 3.92219 3.18142e-10
39.9652 -72.7296 3.91902 1.13957e-18
39.6896 -72.2103 3.94487 0.000321683
39.707 -72.6549 3.93685 0.0518492
39.3166 -72.1453 3.92396 6.77089e-07
39.4493 -72.5591 3.91946 3.02157e-07
39.1379 -72.4058 3.93793 1.59395e-05
40.6335 -72.9046 3.93531 7.44263e-31
39.5633 -72.2858 3.95339 2.46947e-08
39.9039 -72.4669 3.93654 0.000716432
39.2667 -72.4042 3.93828 0.00152565
39.2678 -72.4367 3.93909 0.00129524
39.8673 -72.0012 3.93886 1.19745e-08
40.0565 -72.8685 3.93656 2.48027e-09
39.7029 -72.7016 3.93246 0.0025726
39.5276 -72.7259 3.93541 0.0401107
39.3414 -72.3747 3.92225 2.83446e-05
39.3371 -72.8532 3.91808 2.92672e-10
38.9309 -72.2707 3.9429 1.83412e-14
39.092 -72.312 3.93195 1.20741e-05
39.6115 -72.6473 3.93861 0.165708
39.5468 -72.1821 3.95684 9.40079e-13
39.446 -72.6393 3.92696 0.00241092
