43.7995 -67.1593 3.93756 7.61985e-18 43.976 -67.927 3.9404
43.7421 -67.7398 3.92492 1.60188e-05 43.976 -67.927 3.9404
43.6118 -68.0441 3.94777 1.37546e-06 43.976 -67.927 3.9404
43.5982 -68.037 3.95801 3.78619e-15 43.976 -67.927 3.9404
43.9312 -68.1862 3.94418 0.0139182 43.976 -67.927 3.9404
43.7596 -67.7517 3.94341 0.000393626 43.976 -67.927 3.9404
43.891 -67.9111 3.94318 0.051052 43.976 -67.927 3.9404
44.1681 -67.6129 3.95467 1.40248e-09 43.976 -67.927 3.9404
44.514 -67.7134 3.94083 7.68567e-11 43.976 -67.927 3.9404
43.9371 -67.308 3.94926 3.11597e-14 43.976 -67.927 3.9404
43.6499 -67.8451 3.9338 0.0109362 43.976 -67.927 3.9404
44.2314 -67.8263 3.92041 3.06182e-13 43.976 -67.927 3.9404
43.62 -68.0435 3.9298 0.0318285 43.976 -67.927 3.9404
43.8174 -67.8139 3.93291 0.0261794 43.976 -67.927 3.9404
43.8495 -67.6229 3.94909 2.20026e-07 43.976 -67.927 3.9404
43.9317 -68.0301 3.9524 1.12998e-05 43.976 -67.927 3.9404
43.7332 -67.3712 3.94633 7.30429e-13 43.976 -67.927 3.9404
43.4097 -68.0352 3.94327 3.36706e-08 43.976 -67.927 3.9404
43.3931 -67.8841 3.91663 1.28422e-09 43.976 -67.927 3.9404
43.317 -67.9542 3.93215 6.5725e-07 43.976 -67.927 3.9404
43.1613 -68.2395 3.94218 9.14105e-16 43.976 -67.927 3.9404
43.8151 -68.0777 3.92775 0.0403103 43.976 -67.927 3.9404
43.5062 -67.8613 3.9317 0.000385056 43.976 -67.927 3.9404
44.0984 -68.1476 3.94713 0.00174169 43.976 -67.927 3.9404
44.1391 -67.9096 3.92367 5.22905e-08 43.976 -67.927 3.9404
43.38 -67.8236 3.92913 1.47968e-06 43.976 -67.927 3.9404
43.4753 -67.8977 3.95257 3.72706e-13 43.976 -67.927 3.9404
44.1032 -67.6171 3.94878 8.05819e-07 43.976 -67.927 3.9404
43.8281 -68.1436 3.92702 0.0168345 43.976 -67.927 3.9404
43.9501 -67.848 3.94867 0.000452972 43.976 -67.927 3.9404
43.3303 -68.1036 3.9412 2.9119e-09 43.976 -67.927 3.9404
43.7207 -67.7186 3.94494 1.9027e-05 43.976 -67.927 3.9404
44.3221 -67.83 3.93302 2.4613e-07 43.976 -67.927 3.9404
43.6494 -67.4878 3.93066 4.78783e-09 43.976 -67.927 3.9404
43.8812 -67.4216 3.94462 7.43553e-10 43.976 -67.927 3.9404
43.9784 -68.8588 3.94597 4.0962e-18 43.976 -67.927 3.9404
44.1969 -67.5301 3.93783 1.5548e-08 43.976 -67.927 3.9404
43.8395 -67.9269 3.94045 0.153692 43.976 -67.927 3.9404
43.5238 -68.0802 3.93424 0.00316106 43.976 -67.927 3.9404
43.9611 -67.8984 3.94671 0.00545905 43.976 -67.927 3.9404
43.8846 -67.8317 3.92716 0.000771829 43.976 -67.927 3.9404
43.7435 -67.6351 3.93481 7.33621e-05 43.976 -67.927 3.9404
44.0791 -67.8956 3.95472 9.69319e-07 43.976 -67.927 3.9404
44.424 -68.0937 3.95224 3.42185e-08 43.976 -67.927 3.9404
43.9749 -68.2109 3.93436 0.0763194 43.976 -67.927 3.9404
43.8392 -67.6999 3.93351 0.00110717 43.976 -67.927 3.9404
43.7927 -68.2026 3.94745 7.99125e-05 43.976 -67.927 3.9404
43.5837 -67.5437 3.94553 1.54486e-10 43.976 -67.927 3.9404
44.0697 -67.8691 3.93961 0.0361017 43.976 -67.927 3.9404
44.6595 -68.3716 3.93902 7.74337e-16 43.976 -67.927 3.9404
43.5648 -67.8702 3.95203 1.01306e-10 43.976 -67.927 3.9404
43.6645 -67.8255 3.94958 1.9717e-07 43.976 -67.927 3.9404
43.7674 -68.2739 3.93624 0.0289753 43.976 -67.927 3.9404
44.107 -67.8904 3.94199 0.0210517 43.976 -67.927 3.9404
44.1601 -67.8373 3.92799 1.8258e-06 43.976 -67.927 3.9404
43.4269 -67.2252 3.93919 3.45141e-20 43.976 -67.927 3.9404
43.8303 -68.2925 3.94254 0.00197859 43.976 -67.927 3.9404
43.802 -67.7151 3.92752 6.30665e-05 43.976 -67.927 3.9404
44.2038 -67.5295 3.93427 1.48073e-09 43.976 -67.927 3.9404
43.9226 -67.8828 3.94215 0.068853 43.976 -67.927 3.9404
44.1685 -68.1621 3.9466 0.000798969 43.976 -67.927 3.9404
43.8906 -67.8832 3.94491 0.0118176 43.976 -67.927 3.9404
44.3416 -67.958 3.93681 1.1039e-05 43.976 -67.927 3.9404
43.8663 -67.8322 3.95653 1.5159e-09 43.976 -67.927 3.9404
43.7836 -68.0678 3.92753 0.0382332 43.976 -67.927 3.9404
43.9505 -67.9619 3.93198 0.0970599 43.976 -67.927 3.9404
43.8959 -67.8775 3.91735 2.40894e-09 43.976 -67.927 3.9404
44.2502 -67.4809 3.93696 1.20253e-10 43.976 -67.927 3.9404
44.4466 -67.9362 3.93185 4.3682e-10 43.976 -67.927 3.9404
44.397 -67.9521 3.92929 4.9505e-10 43.976 -67.927 3.9404
43.8818 -67.4437 3.92355 4.69183e-13 43.976 -67.927 3.9404
43.9409 -67.6333 3.93174 1.87807e-05 43.976 -67.927 3.9404
43.9506 -67.3069 3.93196 9.13145e-14 43.976 -67.927 3.9404
43.6853 -68.1532 3.93535 0.0842529 43.976 -67.927 3.9404
43.3782 -67.7892 3.94331 3.96361e-10 43.976 -67.927 3.9404
43.6126 -68.0307 3.93318 0.0420033 43.976 -67.927 3.9404
44.154 -67.9115 3.94065 0.0125294 43.976 -67.927 3.9404
43.7583 -68.122 3.94661 0.000343415 43.976 -67.927 3.9404
44.0131 -67.8611 3.93439 0.0281499 43.976 -67.927 3.9404
43.4687 -67.8625 3.94649 4.09004e-09 43.976 -67.927 3.9404
43.5363 -67.4536 3.93911 2.86325e-11 43.976 -67.927 3.9404
43.761 -67.4986 3.93471 1.21241e-07 43.976 -67.927 3.9404
43.881 -67.5258 3.95253 1.10417e-10 43.976 -67.927 3.9404
43.6863 -67.7141 3.93136 0.000341939 43.976 -67.927 3.9404
43.8005 -67.8379 3.92504 0.000251668 43.976 -67.927 3.9404
43.7266 -67.6846 3.92505 2.403e-06 43.976 -67.927 3.9404
44.1926 -67.7422 3.93049 5.85839e-07 43.976 -67.927 3.9404
43.9409 -67.4766 3.94659 7.55638e-09 43.976 -67.927 3.9404
43.7571 -68.0636 3.94135 0.0516776 43.976 -67.927 3.9404
43.6934 -68.817 3.91508 2.53638e-19 43.976 -67.927 3.9404
44.1612 -67.518 3.93945 3.83646e-08 43.976 -67.927 3.9404
44.0223 -67.3168 3.94066 2.21343e-12 43.976 -67.927 3.9404
43.6884 -67.7752 3.96054 2.12014e-16 43.976 -67.927 3.9404
44.0038 -67.7914 3.9445 0.00406978 43.976 -67.927 3.9404
43.2518 -67.1614 3.94685 2.03429e-30 43.976 -67.927 3.9404
44.0187 -67.9016 3.95981 1.19551e-10 43.976 -67.927 3.9404
43.9199 -68.4982 3.94391 6.24421e-07 43.976 -67.927 3.9404
44.1246 -67.5956 3.942 3.98273e-06 43.976 -67.927 3.9404
43.6947 -68.1441 3.93872 0.0366589 43.976 -67.927 3.9404
43.5708 -68.4732 3.94109 2.10938e-08 43.976 -67.927 3.9404
