101.426 18.309 0.0784032 1.43676e-09
101.379 18.4302 0.097303 9.42063e-20
100.644 18.3704 0.0776829 0.0524297
100.661 18.11 0.0786513 0.0675095
101.375 18.5119 0.085557 1.29189e-12
100.779 18.234 0.0880885 8.49827e-05
100.506 18.7701 0.0645422 1.07846e-06
100.775 18.5228 0.0681092 0.00829977
100.677 18.2749 0.0749344 0.16487
100.967 18.1771 0.0853909 3.19325e-05
100.659 17.7688 0.0541456 2.04998e-08
100.752 18.6598 0.0901681 3.29775e-08
101.464 18.6164 0.0674223 6.41856e-10
100.608 17.8642 0.093439 1.39819e-07
101.33 18.0044 0.0703743 1.39818e-06
100.905 18.4161 0.0968845 3.11664e-11
100.536 18.6613 0.0654518 5.31598e-05
100.952 18.087 0.0650519 0.0113885
101.486 18.4443 0.0938787 9.15642e-20
101.078 17.9079 0.0874472 2.46419e-08
101.198 18.3932 0.0651693 0.000121263
101.428 18.4191 0.0743489 6.78331e-09
101.463 18.2805 0.0907329 2.53888e-16
100.574 18.9377 0.0639203 5.08338e-09
100.456 18.1404 0.0841531 0.00510895
101.205 18.0549 0.0616694 4.94228e-05
100.902 18.2595 0.0703948 0.064034
100.939 18.7869 0.0823051 4.13603e-08
100.956 18.1475 0.0782857 0.00460902
100.893 18.3139 0.0802767 0.00369367
100.76 18.0556 0.0874869 0.000120826
100.898 17.9029 0.0729389 0.00456914
101.041 18.2291 0.0757232 0.00275909
100.89 18.8807 0.0865093 1.09259e-10
100.387 17.722 0.0759347 3.54867e-05
101.04 18.1214 0.0830452 3.30556e-05
101.2 18.9937 0.0902735 1.56393e-18
100.818 18.2175 0.0757487 0.0813917
101.117 18.4159 0.054617 3.70499e-06
101.077 18.2412 0.068352 0.00487137
100.807 18.1861 0.0853033 0.000660186
100.905 18.5138 0.0681184 0.00458866
100.784 18.4598 0.0902922 1.14972e-06
101.013 18.3455 0.0668942 0.00801504
100.192 18.3752 0.0711832 6.43512e-05
100.709 18.6108 0.0773401 0.00107449
101.07 18.343 0.104161 7.51479e-19
100.405 17.5092 0.0850343 5.46732e-09
100.32 18.2837 0.0662493 0.000322022
100.8 18.7771 0.0879604 4.94883e-09
100.702 18.0366 0.0765285 0.0629066
100.645 18.3501 0.0800702 0.0280973
101.309 18.8595 0.0609311 7.81908e-11
101.095 18.3051 0.0619039 0.000790768
101.112 18.3133 0.0798772 3.96089e-05
100.462 17.6748 0.0734727 2.10453e-05
100.629 18.2524 0.0751641 0.168055
101.425 18.3271 0.0703191 9.7243e-08
100.568 18.4977 0.0737504 0.0143573
100.394 18.2818 0.0858055 0.00113159
100.902 18.5215 0.0837365 2.45158e-05
100.36 17.8316 0.0800321 0.000225384
100.823 18.0966 0.0661845 0.0418433
100.86 18.8033 0.0800178 3.96355e-07
100.185 18.0485 0.0767432 0.00020025
100.825 18.7875 0.0827947 1.89434e-07
101.008 18.45 0.0890209 4.44902e-08
100.59 18.3693 0.0865513 0.000645883
100.752 18.5577 0.0769407 0.00300495
100.902 18.3793 0.0747663 0.0177772
101.305 18.4889 0.0651277 2.06286e-06
100.547 17.9948 0.0806643 0.0124841
100.742 18.131 0.0849885 0.00165795
100.466 17.2963 0.0694183 1.91956e-12
101.019 18.7209 0.0629213 3.9711e-06
100.705 18.1324 0.0686591 0.113165
100.736 17.7737 0.0714183 0.00099246
100.609 18.7378 0.0653599 1.41606e-05
101.198 18.8238 0.0659811 1.09417e-08
101.013 18.3882 0.0860258 1.96491e-06
101.223 18.2062 0.0900873 5.8828e-11
100.858 17.9117 0.0872979 6.13089e-06
101.41 18.2288 0.0917408 1.05967e-15
101.171 18.1583 0.0756865 0.000104407
100.848 18.6675 0.0689536 0.000317257
100.714 18.2799 0.0580138 0.000474258
101.049 18.2241 0.0817157 8.27248e-05
100.73 17.887 0.0633825 0.000955398
101.579 18.6718 0.0771737 6.82626e-15
100.853 18.4548 0.0750996 0.0121277
100.701 17.9788 0.0826676 0.00317853
101.135 18.1782 0.075673 0.000291947
100.881 18.2918 0.0924547 8.80609e-08
100.985 18.1121 0.0875531 2.23074e-06
100.579 18.7143 0.0669594 3.99519e-05
100.965 18.112 0.0700751 0.0239251
100.305 18.5388 0.076118 0.000254154
100.838 18.7335 0.0847471 1.9382e-07
100.864 17.5384 0.0951291 6.00014e-14
101.067 18.5239 0.0910623 1.86558e-10
