140.719 -16.0438 3.36185 1.35919e-08
140.956 -15.6137 3.35844 0.00379297
140.114 -16.3603 3.34514 1.76834e-23
140.168 -15.2555 3.35656 3.57891e-12
140.713 -15.1327 3.36701 0.000120834
140.897 -15.9159 3.36036 1.24682e-05
140.873 -16.2283 3.35343 8.0367e-12
140.883 -14.8937 3.36249 1.89411e-05
141.071 -15.864 3.34582 5.52072e-10
140.588 -15.9911 3.37055 6.59153e-11
140.75 -15.5634 3.36806 0.000559953
140.621 -15.7838 3.35386 6.06068e-07
140.694 -16.1074 3.39049 5.74062e-22
140.812 -15.2548 3.36575 0.00541771
140.425 -15.7252 3.35894 1.75704e-08
140.204 -15.5339 3.36598 6.11354e-13
140.712 -15.7809 3.35465 4.38337e-06
141.259 -15.6363 3.36964 0.114244
141.067 -15.8771 3.35542 6.15423e-06
141.071 -15.9175 3.3542 8.59966e-07
141.091 -15.0467 3.36767 0.0175718
140.375 -15.7207 3.36212 1.43565e-09
140.772 -16.0334 3.33749 8.16542e-16
140.842 -15.4927 3.37003 0.00509587
140.313 -15.318 3.35636 3.0579e-09
140.779 -15.6527 3.34162 5.39914e-10
141.171 -15.575 3.35935 0.00887684
141.291 -15.4706 3.37324 0.625388
140.361 -15.1659 3.34658 7.17519e-11
141.043 -15.1579 3.36424 0.0350223
140.96 -15.4202 3.36421 0.0801507
140.246 -15.3481 3.37182 1.01106e-13
140.321 -15.792 3.35434 1.26086e-10
140.405 -15.8567 3.3572 6.33771e-10
140.559 -15.6353 3.36329 3.26132e-06
140.485 -15.4653 3.35847 1.79494e-06
141.428 -15.2834 3.36304 0.00874651
140.578 -15.6788 3.35918 4.30662e-06
141.483 -15.5709 3.36692 0.0196437
140.769 -15.7195 3.35577 4.76461e-05
141.017 -15.8869 3.35469 3.30982e-06
140.866 -15.7497 3.35738 0.000165822
140.967 -15.6495 3.35631 0.000839257
140.561 -15.2672 3.34796 6.59057e-08
141.009 -15.6575 3.37877 0.000282788
139.865 -15.7957 3.35525 1.32948e-20
140.785 -16.2531 3.34793 3.79247e-14
141.029 -15.6735 3.3416 5.84616e-11
141.355 -15.7338 3.37638 0.00964702
140.749 -15.9157 3.35393 2.3084e-07
140.742 -15.3635 3.35922 0.00117162
141.341 -15.6321 3.35579 3.5155e-05
140.986 -15.7414 3.37252 0.00118594
140.955 -15.4398 3.34971 1.37486e-05
141.225 -15.8799 3.36697 0.00051982
140.938 -15.3902 3.35995 0.0196593
140.705 -15.2826 3.3591 0.000376294
140.586 -15.5018 3.37336 2.53129e-07
140.451 -15.8477 3.36708 2.06334e-10
141.333 -15.7891 3.35346 3.058e-07
141.07 -15.7106 3.3571 0.000581911
140.362 -16.2731 3.34103 1.97233e-19
140.656 -15.7249 3.34585 1.45521e-08
140.102 -15.7462 3.34122 7.10371e-16
140.674 -16.3292 3.36454 9.89183e-15
140.728 -15.8933 3.35605 7.39408e-07
140.56 -15.4074 3.36738 5.02127e-06
139.692 -15.7005 3.35607 3.83324e-25
140.967 -15.659 3.37008 0.00864794
140.504 -16.0932 3.35398 7.13936e-12
140.372 -15.4032 3.36596 4.69838e-09
140.542 -15.4835 3.3742 2.25504e-08
140.637 -15.9701 3.35779 2.18651e-08
140.823 -15.5241 3.37318 0.000648849
140.42 -16.0161 3.38464 2.5799e-22
141.082 -16.1842 3.33886 8.22713e-19
141.043 -15.7745 3.35715 0.00019908
140.771 -15.8209 3.36622 1.82513e-05
140.162 -15.3015 3.33202 8.20537e-19
140.414 -15.4957 3.36423 4.54823e-08
140.365 -16.5123 3.35892 7.85563e-23
141.681 -15.0918 3.36301 2.40395e-06
140.852 -15.7119 3.35035 3.42857e-06
140.77 -15.9257 3.37837 5.47027e-10
140.573 -16.0056 3.36387 7.01726e-10
141.015 -15.6984 3.36918 0.010367
140.825 -15.7809 3.35973 0.000120447
141.068 -15.5387 3.35667 0.00305681
141.027 -15.2017 3.35163 1.47395e-05
141.07 -15.7232 3.34428 9.13878e-10
140.907 -16.0906 3.34274 8.56678e-14
140.334 -15.4452 3.34986 2.07578e-09
140.475 -15.6627 3.3645 8.27483e-08
140.92 -15.8879 3.37132 1.45901e-05
140.263 -15.6791 3.36415 7.34291e-12
140.863 -15.3927 3.36239 0.0176694
141.268 -15.7567 3.34729 9.75568e-10
141 -16.0527 3.36489 7.0956e-07
141.211 -15.9155 3.35866 8.06251e-06
140.98 -15.9377 3.35879 7.49538e-06
