-3.11977 -94.8755 3.12821 0.0100003
-3.3531 -94.9548 3.13715 3.25889e-06
-3.15798 -94.3895 3.12083 0.00818426
-3.13047 -94.5777 3.10517 0.000933768
-3.83745 -94.4481 3.12457 4.43973e-07
-3.62263 -95.0994 3.12168 6.47606e-05
-3.68058 -94.819 3.11817 0.0012368
-2.99376 -94.6219 3.12545 0.0219113
-3.79677 -95.0643 3.11755 1.14084e-05
-2.79593 -94.7886 3.11909 0.00178377
-2.98714 -94.4575 3.124 0.00705449
-3.48587 -94.3398 3.12801 5.81709e-05
-3.12507 -94.9134 3.10259 0.000266791
-3.66907 -95.283 3.13002 3.24183e-09
-3.22301 -94.1401 3.11638 4.26754e-05
-3.59814 -94.6387 3.12463 0.000676831
-3.20001 -94.62 3.12211 0.0697267
-3.37435 -94.8295 3.10107 0.00111617
-3.50791 -94.3821 3.12371 0.000452061
-3.22416 -94.7044 3.11756 0.116526
-3.43945 -95.226 3.1235 4.34725e-05
-2.89964 -94.6326 3.12706 0.00772076
-3.20296 -94.6453 3.09699 1.13461e-05
-3.2136 -94.9483 3.12037 0.0349126
-3.05751 -95.1102 3.0981 4.59193e-07
-3.70729 -94.5044 3.12019 0.000157848
-3.28462 -94.1102 3.11594 1.81587e-05
-2.62391 -94.9151 3.12961 2.58914e-05
-3.04207 -94.4443 3.11568 0.00545109
-3.10112 -94.5279 3.1025 7.27551e-05
-2.89381 -94.8358 3.11557 0.00409469
-3.31844 -95.2597 3.11553 0.000247496
-2.98644 -95.1867 3.11999 0.000305873
-3.4416 -94.7045 3.11742 0.0495883
-2.97306 -94.2499 3.12333 0.000230898
-3.15378 -94.8572 3.13805 3.80406e-05
-3.7207 -94.7721 3.10259 0.000382042
-3.92951 -94.3717 3.12424 9.99115e-09
-2.77184 -94.5914 3.12058 0.00104198
-3.09218 -94.6662 3.13404 0.00144424
-3.22242 -94.7274 3.12054 0.104321
-3.72531 -94.8102 3.13536 1.20062e-08
-3.3763 -94.0726 3.14147 1.16178e-10
-3.13663 -94.5361 3.11716 0.0380046
-3.21676 -94.6494 3.12102 0.0882637
-3.00683 -94.7316 3.13141 0.00473025
-3.88252 -94.4252 3.12 7.28181e-07
-3.74723 -94.0502 3.12566 9.34206e-10
-3.42814 -94.4785 3.10965 0.00632059
-2.94363 -94.6961 3.12835 0.00966608
-3.1916 -94.6196 3.10892 0.0131896
-3.8212 -94.6697 3.12275 8.5271e-06
-3.10555 -94.2681 3.13524 1.59747e-05
-3.30077 -94.51 3.14303 1.21214e-07
-3.47693 -95.0777 3.10632 0.00127682
-3.69824 -94.9963 3.11505 0.000440529
-2.39406 -94.3828 3.13353 1.56607e-08
-3.21169 -94.4924 3.13494 0.000215493
-2.79332 -95.1814 3.13964 5.64135e-08
-3.28121 -95.4141 3.1255 4.86833e-07
-3.27408 -94.9482 3.11427 0.0381847
-3.4211 -95.2195 3.11723 0.000318398
-3.46863 -94.7158 3.1191 0.030836
-3.27723 -94.4744 3.11749 0.0264982
-3.18856 -94.3831 3.11009 0.00139741
-2.8181 -94.652 3.12555 0.00356034
-3.22549 -94.5495 3.10643 0.00330576
-3.47378 -94.7408 3.12806 0.00122934
-3.62186 -94.3332 3.12164 5.7519e-05
-3.45266 -94.8482 3.12946 0.000496822
-3.03547 -94.5267 3.09859 1.09961e-06
-3.46953 -94.962 3.11887 0.00950328
-3.23802 -94.835 3.11287 0.0630467
-3.04966 -95.2111 3.12656 9.72231e-05
-3.08209 -94.7546 3.13045 0.0077142
-3.0113 -94.6073 3.10614 0.00039192
-3.15961 -94.9833 3.11778 0.0253416
-3.42771 -94.4776 3.11326 0.0119359
-3.61184 -94.9609 3.11336 0.00321895
-3.34391 -94.3365 3.13431 1.26603e-05
-2.94651 -94.6869 3.12243 0.0227435
-3.09125 -94.4168 3.10179 8.54058e-06
-3.43685 -94.9953 3.13275 1.65214e-05
-3.45495 -94.3571 3.1316 1.79592e-05
-3.2669 -94.4854 3.13835 1.04991e-05
-3.40313 -94.4214 3.12196 0.0045327
-3.25566 -94.151 3.10219 2.16502e-07
-3.65457 -94.8716 3.12598 6.53794e-05
-3.33838 -94.4054 3.12351 0.00443817
-3.41157 -94.4486 3.1355 8.36653e-06
-3.26369 -94.8242 3.11481 0.0888949
-3.33146 -95.0161 3.11484 0.0179348
-2.65972 -94.5998 3.1119 3.51009e-06
-3.76627 -95.0877 3.10851 5.66931e-05
-3.15896 -94.638 3.12869 0.0145005
-3.31671 -94.7948 3.13612 5.15754e-05
-3.2302 -95.1379 3.1203 0.00238302
-3.48153 -95.0415 3.1161 0.00489266
-3.51916 -95.6314 3.13221 1.19117e-13
-3.64485 -93.9138 3.12988 1.68166e-11
