116.737 -23.3248 3.39601 5.57445e-24 115.98 -22.269 3.3976
115.975 -22.3196 3.41687 1.55047e-05 115.98 -22.269 3.3976
116.309 -22.4422 3.40092 0.0101053 115.98 -22.269 3.3976
116.216 -22.0236 3.39068 5.45498e-05 115.98 -22.269 3.3976
116.111 -22.487 3.41362 0.00142672 115.98 -22.269 3.3976
116.203 -22.9363 3.39291 3.62593e-10 115.98 -22.269 3.3976
116.029 -22.4153 3.39896 0.0485569 115.98 -22.269 3.3976
115.914 -22.5552 3.41916 4.91003e-08 115.98 -22.269 3.3976
115.679 -22.3544 3.39293 0.00196904 115.98 -22.269 3.3976
116.23 -22.7726 3.39783 5.77221e-06 115.98 -22.269 3.3976
115.655 -22.5305 3.41711 1.39316e-10 115.98 -22.269 3.3976
116.195 -22.2412 3.40294 0.141403 115.98 -22.269 3.3976
116.234 -22.5945 3.40279 0.00443534 115.98 -22.269 3.3976
115.716 -22.6336 3.39428 5.33634e-05 115.98 -22.269 3.3976
116.361 -22.4144 3.40125 0.00713406 115.98 -22.269 3.3976
115.85 -22.9724 3.4226 2.80846e-15 115.98 -22.269 3.3976
116.433 -22.544 3.42014 4.23619e-05 115.98 -22.269 3.3976
116.188 -22.2402 3.38949 5.44474e-05 115.98 -22.269 3.3976
116.047 -22.4004 3.40515 0.0740565 115.98 -22.269 3.3976
116.741 -22.8206 3.40024 2.22354e-11 115.98 -22.269 3.3976
115.943 -22.5812 3.42059 1.16485e-08 115.98 -22.269 3.3976
116.399 -22.6888 3.41989 5.3536e-06 115.98 -22.269 3.3976
115.872 -22.3072 3.40804 0.00431511 115.98 -22.269 3.3976
115.851 -22.4955 3.41252 2.86691e-05 115.98 -22.269 3.3976
115.229 -22.4467 3.41651 1.75431e-19 115.98 -22.269 3.3976
116.406 -22.1118 3.41186 0.00632326 115.98 -22.269 3.3976
116.186 -22.3599 3.39671 0.0120302 115.98 -22.269 3.3976
116.082 -22.8938 3.4007 1.24082e-06 115.98 -22.269 3.3976
115.703 -23.0006 3.40614 1.40723e-10 115.98 -22.269 3.3976
116.313 -22.4909 3.40499 0.0181811 115.98 -22.269 3.3976
116.294 -22.5781 3.4062 0.00674837 115.98 -22.269 3.3976
116.11 -22.2468 3.4152 0.000807869 115.98 -22.269 3.3976
116.047 -23.0725 3.40529 1.80971e-09 115.98 -22.269 3.3976
115.705 -22.2741 3.40145 0.00387696 115.98 -22.269 3.3976
115.446 -22.1343 3.41138 8.59093e-11 115.98 -22.269 3.3976
115.68 -21.8672 3.39494 0.000194731 115.98 -22.269 3.3976
116.209 -22.5372 3.41001 0.00978384 115.98 -22.269 3.3976
115.52 -22.6219 3.41506 2.10872e-12 115.98 -22.269 3.3976
115.637 -22.3952 3.42511 9.1298e-17 115.98 -22.269 3.3976
115.986 -22.1149 3.4028 0.0724875 115.98 -22.269 3.3976
115.821 -23.1773 3.39741 4.56931e-13 115.98 -22.269 3.3976
116.357 -22.0591 3.39623 0.000427587 115.98 -22.269 3.3976
116.044 -22.7857 3.39705 1.0721e-05 115.98 -22.269 3.3976
116.063 -22.753 3.40444 0.000191701 115.98 -22.269 3.3976
115.983 -22.5229 3.40433 0.0144085 115.98 -22.269 3.3976
116.713 -22.6312 3.41607 7.01033e-06 115.98 -22.269 3.3976
116.261 -22.032 3.40729 0.0185372 115.98 -22.269 3.3976
115.759 -22.6678 3.40896 3.25409e-06 115.98 -22.269 3.3976
116.323 -21.9259 3.41026 0.00100068 115.98 -22.269 3.3976
115.751 -22.5824 3.3963 0.000414671 115.98 -22.269 3.3976
116.18 -21.5459 3.42017 3.64584e-13 115.98 -22.269 3.3976
116.372 -22.4373 3.3989 0.0012622 115.98 -22.269 3.3976
115.468 -23.0738 3.40939 2.17374e-16 115.98 -22.269 3.3976
116.11 -22.3396 3.40268 0.145984 115.98 -22.269 3.3976
116.667 -22.4027 3.4112 0.000319416 115.98 -22.269 3.3976
115.842 -22.5483 3.40648 0.000765021 115.98 -22.269 3.3976
116.249 -22.4204 3.4063 0.0634623 115.98 -22.269 3.3976
116.032 -22.9635 3.40765 1.13771e-07 115.98 -22.269 3.3976
116.192 -22.4171 3.40976 0.0353509 115.98 -22.269 3.3976
115.669 -22.6191 3.39039 8.28892e-06 115.98 -22.269 3.3976
116.304 -22.2845 3.39729 0.00468068 115.98 -22.269 3.3976
116.265 -22.4105 3.39621 0.00180967 115.98 -22.269 3.3976
115.768 -22.5498 3.40057 0.00116024 115.98 -22.269 3.3976
116.123 -22.0792 3.4188 5.07388e-06 115.98 -22.269 3.3976
116.023 -22.6021 3.40981 0.00104296 115.98 -22.269 3.3976
116.156 -22.4279 3.39584 0.0051635 115.98 -22.269 3.3976
115.704 -22.6019 3.41309 5.35509e-08 115.98 -22.269 3.3976
115.911 -22.2062 3.4122 0.000321379 115.98 -22.269 3.3976
116.227 -22.3507 3.41234 0.0176496 115.98 -22.269 3.3976
116.23 -22.221 3.41312 0.00999948 115.98 -22.269 3.3976
116.856 -21.9898 3.42923 2.633e-11 115.98 -22.269 3.3976
115.786 -22.1706 3.39339 0.011604 115.98 -22.269 3.3976
116.383 -22.3993 3.38461 7.22774e-11 115.98 -22.269 3.3976
115.609 -23.4056 3.41002 7.5573e-22 115.98 -22.269 3.3976
116.37 -22.7337 3.4155 3.30583e-05 115.98 -22.269 3.3976
116.19 -22.8703 3.38009 2.78809e-17 115.98 -22.269 3.3976
115.762 -22.1694 3.39352 0.0100603 115.98 -22.269 3.3976
116.184 -22.5909 3.4043 0.00800413 115.98 -22.269 3.3976
115.596 -22.3438 3.39422 0.000764717 115.98 -22.269 3.3976
116.299 -21.9069 3.41959 6.63489e-07 115.98 -22.269 3.3976
116.226 -22.7289 3.41832 2.79357e-06 115.98 -22.269 3.3976
116.12 -22.6526 3.40031 0.0012075 115.98 -22.269 3.3976
115.5 -22.3244 3.40235 9.31265e-06 115.98 -22.269 3.3976
115.925 -22.7208 3.42034 9.00429e-10 115.98 -22.269 3.3976
115.75 -22.0774 3.39361 0.00611028 115.98 -22.269 3.3976
115.863 -22.2868 3.39858 0.0537418 115.98 -22.269 3.3976
116.644 -22.8858 3.39541 2.67509e-13 115.98 -22.269 3.3976
116.071 -22.6924 3.41278 6.26121e-05 115.98 -22.269 3.3976
116.918 -21.8462 3.41837 6.32359e-10 115.98 -22.269 3.3976
116.318 -21.7124 3.39845 4.50938e-06 115.98 -22.269 3.3976
115.733 -22.2463 3.40133 0.00709384 115.98 -22.269 3.3976
116.332 -22.1811 3.40766 0.0489101 115.98 -22.269 3.3976
116.221 -22.4728 3.41074 0.0166195 115.98 -22.269 3.3976
115.932 -21.915 3.39209 0.00098496 115.98 -22.269 3.3976
115.547 -22.438 3.40979 5.04097e-08 115.98 -22.269 3.3976
116.662 -22.3053 3.41674 0.000191597 115.98 -22.269 3.3976
115.849 -22.1874 3.41902 1.61691e-08 115.98 -22.269 3.3976
115.97 -22.8935 3.39971 8.09568e-07 115.98 -22.269 3.3976
116.153 -22.5503 3.42589 1.61041e-09 115.98 -22.269 3.3976
115.966 -22.3561 3.40042 0.0865104 115.98 -22.269 3.3976
