26.8749 -82.781 3.83761 1.2623e-10 26.544 -83.267 3.8393
26.6891 -83.1839 3.83999 0.0138572 26.544 -83.267 3.8393
26.6315 -82.9765 3.84042 0.000194195 26.544 -83.267 3.8393
27.2733 -83.1458 3.82439 6.73607e-26 26.544 -83.267 3.8393
26.5794 -82.8282 3.83888 8.06212e-07 26.544 -83.267 3.8393
26.5891 -82.9181 3.84106 3.66949e-05 26.544 -83.267 3.8393
26.2026 -83.3068 3.83699 0.0139455 26.544 -83.267 3.8393
26.6622 -83.7004 3.84533 0.00542516 26.544 -83.267 3.8393
25.9179 -83.4067 3.85323 2.80905e-15 26.544 -83.267 3.8393
26.7233 -83.0376 3.83883 0.000197616 26.544 -83.267 3.8393
27.2308 -82.9405 3.85135 2.02149e-11 26.544 -83.267 3.8393
27.1266 -83.318 3.85953 2.84178e-08 26.544 -83.267 3.8393
27.1734 -83.1342 3.83888 1.42271e-10 26.544 -83.267 3.8393
26.4711 -83.2404 3.85094 0.000279593 26.544 -83.267 3.8393
26.8662 -83.2639 3.83333 1.48647e-06 26.544 -83.267 3.8393
26.4197 -82.9728 3.82649 7.56064e-08 26.544 -83.267 3.8393
26.3654 -83.7009 3.84818 8.7148e-05 26.544 -83.267 3.8393
26.6428 -83.4428 3.84119 0.174359 26.544 -83.267 3.8393
27.0754 -82.6835 3.83828 5.07106e-16 26.544 -83.267 3.8393
26.6554 -83.643 3.85704 1.37378e-06 26.544 -83.267 3.8393
27.1118 -83.2882 3.81999 2.62252e-25 26.544 -83.267 3.8393
26.8165 -84.0524 3.83354 3.6485e-13 26.544 -83.267 3.8393
26.2609 -82.775 3.85383 2.52604e-15 26.544 -83.267 3.8393
26.9855 -83.2907 3.84865 0.000355591 26.544 -83.267 3.8393
27.2387 -83.2952 3.83766 6.31612e-12 26.544 -83.267 3.8393
26.8937 -83.5243 3.83413 1.04166e-06 26.544 -83.267 3.8393
27.1138 -82.8442 3.83391 7.10854e-16 26.544 -83.267 3.8393
27.0492 -83.3921 3.84992 9.9757e-05 26.544 -83.267 3.8393
26.83 -83.7962 3.84867 4.8546e-05 26.544 -83.267 3.8393
27.0335 -83.0832 3.84899 2.27264e-06 26.544 -83.267 3.8393
26.9785 -83.3665 3.8367 1.68544e-06 26.544 -83.267 3.8393
26.5796 -82.5247 3.85215 2.61445e-17 26.544 -83.267 3.8393
26.932 -82.9823 3.83915 1.64231e-07 26.544 -83.267 3.8393
27.5368 -83.2922 3.84038 2.49604e-19 26.544 -83.267 3.8393
26.4539 -83.1301 3.83261 0.0013406 26.544 -83.267 3.8393
26.5401 -83.3104 3.84042 0.236239 26.544 -83.267 3.8393
27.0692 -83.346 3.83249 4.88259e-11 26.544 -83.267 3.8393
26.6137 -83.1786 3.84619 0.0157235 26.544 -83.267 3.8393
26.5471 -83.8397 3.82644 2.18278e-10 26.544 -83.267 3.8393
26.7829 -83.041 3.83695 1.75705e-05 26.544 -83.267 3.8393
27.4155 -83.6927 3.83987 5.38796e-17 26.544 -83.267 3.8393
27.1805 -83.3396 3.84062 7.74884e-09 26.544 -83.267 3.8393
26.4274 -83.3645 3.84442 0.0829199 26.544 -83.267 3.8393
27.2438 -83.9035 3.83178 3.91515e-21 26.544 -83.267 3.8393
26.6375 -83.3922 3.84444 0.197331 26.544 -83.267 3.8393
27.0341 -83.2282 3.84154 5.14032e-06 26.544 -83.267 3.8393
26.7895 -83.3652 3.83273 1.70772e-05 26.544 -83.267 3.8393
26.5685 -83.4462 3.84987 0.0105147 26.544 -83.267 3.8393
26.3973 -83.5476 3.8347 0.0213955 26.544 -83.267 3.8393
26.6439 -83.7867 3.83713 7.41216e-05 26.544 -83.267 3.8393
26.8544 -82.9697 3.86158 4.06959e-12 26.544 -83.267 3.8393
26.6068 -82.5653 3.86894 4.50741e-31 26.544 -83.267 3.8393
26.9343 -82.9738 3.85318 1.05635e-07 26.544 -83.267 3.8393
26.6325 -83.0106 3.84417 0.000493676 26.544 -83.267 3.8393
27.3513 -83.9824 3.83605 3.35216e-22 26.544 -83.267 3.8393
26.8172 -83.242 3.85564 2.40542e-05 26.544 -83.267 3.8393
26.3602 -83.0613 3.85425 3.56077e-09 26.544 -83.267 3.8393
26.6954 -83.3748 3.83823 0.0301936 26.544 -83.267 3.8393
26.9746 -82.9803 3.84297 3.09097e-07 26.544 -83.267 3.8393
26.9701 -83.3045 3.84003 4.25342e-05 26.544 -83.267 3.8393
26.8392 -83.7046 3.84331 0.000408674 26.544 -83.267 3.8393
26.8109 -83.212 3.83511 4.61166e-05 26.544 -83.267 3.8393
26.3205 -83.3827 3.83043 0.00362838 26.544 -83.267 3.8393
26.3551 -83.5762 3.83392 0.00880075 26.544 -83.267 3.8393
27.1182 -83.5464 3.83855 8.7025e-09 26.544 -83.267 3.8393
26.7309 -83.0337 3.84739 0.000196636 26.544 -83.267 3.8393
27.0259 -83.6844 3.86046 9.47265e-09 26.544 -83.267 3.8393
26.9144 -83.2503 3.83307 1.32713e-07 26.544 -83.267 3.8393
27.177 -83.2734 3.86262 1.5339e-10 26.544 -83.267 3.8393
26.9219 -83.2986 3.83094 5.34652e-09 26.544 -83.267 3.8393
27.2144 -83.178 3.84984 3.37767e-08 26.544 -83.267 3.8393
26.5402 -83.3157 3.85446 2.73882e-05 26.544 -83.267 3.8393
26.8058 -83.414 3.82106 1.52291e-15 26.544 -83.267 3.8393
26.4077 -83.5635 3.84358 0.0375589 26.544 -83.267 3.8393
26.3662 -83.1943 3.83567 0.0231409 26.544 -83.267 3.8393
27.1404 -83.2212 3.84794 1.08432e-06 26.544 -83.267 3.8393
26.4683 -83.458 3.84847 0.00998284 26.544 -83.267 3.8393
26.5417 -83.4992 3.8356 0.0313412 26.544 -83.267 3.8393
26.8692 -82.8709 3.84433 1.31717e-07 26.544 -83.267 3.8393
26.6831 -83.1768 3.84544 0.0158843 26.544 -83.267 3.8393
27.2718 -83.1916 3.85478 2.01377e-09 26.544 -83.267 3.8393
26.9073 -83.0846 3.82626 1.07146e-13 26.544 -83.267 3.8393
26.5873 -82.7657 3.83927 4.50956e-08 26.544 -83.267 3.8393
26.3731 -83.0466 3.84563 0.000116803 26.544 -83.267 3.8393
26.746 -83.482 3.84002 0.022091 26.544 -83.267 3.8393
26.5999 -83.1538 3.84256 0.0259266 26.544 -83.267 3.8393
26.9235 -83.3309 3.84102 0.00047545 26.544 -83.267 3.8393
26.7508 -83.8068 3.84219 9.29542e-05 26.544 -83.267 3.8393
26.4917 -83.0875 3.84128 0.00763188 26.544 -83.267 3.8393
26.5975 -83.3655 3.82577 1.76018e-07 26.544 -83.267 3.8393
26.506 -83.2259 3.83244 0.00307646 26.544 -83.267 3.8393
27.2361 -83.312 3.85284 7.4193e-08 26.544 -83.267 3.8393
26.5108 -82.9398 3.84292 6.80756e-05 26.544 -83.267 3.8393
27.5365 -82.7142 3.83096 8.07018e-35 26.544 -83.267 3.8393
26.7927 -83.204 3.81971 5.85024e-17 26.544 -83.267 3.8393
26.7364 -83.1509 3.83153 2.99309e-06 26.544 -83.267 3.8393
27.1265 -83.176 3.84884 9.20727e-07 26.544 -83.267 3.8393
26.4177 -83.3941 3.83068 0.00310814 26.544 -83.267 3.8393
26.7512 -83.1455 3.83851 0.00116461 26.544 -83.267 3.8393
26.9663 -83.3446 3.82808 3.56906e-12 26.544 -83.267 3.8393
