275.467 16.9856 5.28525 1.85411e-06
275.93 17.7278 5.28035 9.88161e-05
275.605 17.1656 5.27038 0.001131
275.377 17.9244 5.26003 2.05973e-16
275.232 17.532 5.27953 5.21753e-05
275.516 17.4349 5.29535 0.00652419
275.683 17.291 5.27996 0.0738502
275.758 16.9658 5.28031 7.31792e-06
275.314 17.7138 5.28514 0.000162774
275.776 17.533 5.26544 9.87824e-06
275.858 17.1179 5.30289 4.15043e-10
275.761 17.2468 5.29392 0.000433012
275.496 17.3483 5.28802 0.0310628
275.433 17.5738 5.28954 0.0192156
275.484 17.1906 5.29105 0.000300754
275.687 16.7077 5.27861 2.60954e-11
275.248 17.2201 5.29232 1.17473e-06
275.461 17.2345 5.28946 0.00141578
275.515 16.8719 5.28372 2.87529e-08
275.715 17.7096 5.28274 0.0102586
275.946 17.8583 5.27617 9.11867e-08
275.649 17.2233 5.2649 0.000102535
275.797 17.7857 5.26838 5.77093e-08
275.697 17.7152 5.2815 0.00690518
275.758 17.3857 5.2761 0.0383365
275.924 17.6899 5.28908 0.00102529
275.74 16.5824 5.27528 1.01018e-14
275.807 17.1455 5.26424 9.66991e-06
275.181 17.5081 5.28127 1.34444e-05
275.636 16.9411 5.26741 1.31409e-06
275.606 16.9428 5.25486 2.31615e-10
275.499 17.4748 5.27711 0.0285358
275.425 17.5497 5.27756 0.00493274
275.355 17.4926 5.27322 0.000259564
275.473 17.2342 5.28755 0.0033177
275.98 17.7663 5.28611 3.90955e-05
275.782 17.4811 5.28406 0.109904
275.812 16.8913 5.26163 3.94397e-09
275.073 17.1545 5.29419 2.88837e-11
275.361 17.4783 5.26287 1.19681e-07
275.827 16.9129 5.27041 2.91956e-07
276.053 17.3645 5.26091 2.05179e-09
275.809 17.1473 5.25701 1.90776e-08
275.607 17.0449 5.28081 0.000229219
275.628 17.4204 5.28325 0.24465
275.861 17.3391 5.29553 0.000290722
275.326 16.9249 5.28096 2.20189e-08
275.26 17.107 5.27697 2.55932e-06
275.818 16.905 5.27265 3.61262e-07
275.76 16.7225 5.26757 5.75482e-11
275.647 17.3514 5.29108 0.0305499
275.536 17.1823 5.27473 0.00399655
275.416 16.85 5.27745 1.04979e-08
275.552 17.2426 5.28058 0.0277136
275.162 16.9737 5.27538 7.50716e-10
275.847 17.1632 5.27126 0.000282206
275.353 17.0911 5.27155 9.21961e-06
276.001 17.2924 5.27905 0.000258491
276.089 17.0123 5.28097 1.06973e-08
275.894 17.0992 5.27261 4.63143e-05
276.027 17.101 5.29009 9.69215e-08
275.052 17.5164 5.28743 4.3585e-08
275.142 16.4785 5.29452 4.4475e-29
275.833 17.328 5.26516 3.52864e-05
275.713 17.1764 5.27316 0.00331061
275.631 17.569 5.28658 0.173934
275.868 16.8711 5.2708 2.77869e-08
275.773 16.9357 5.27915 2.15743e-06
275.609 17.9806 5.27907 1.22735e-07
275.173 17.56 5.29272 4.1796e-06
275.219 17.1741 5.26503 1.95856e-08
276.126 17.3195 5.27085 2.43507e-07
275.922 17.3813 5.28292 0.00634249
275.593 16.6539 5.26818 2.00319e-12
275.271 17.0921 5.29635 1.95685e-09
275.71 16.9994 5.27826 5.16038e-05
275.831 17.4541 5.29288 0.00908157
275.494 16.7231 5.28521 1.54993e-12
275.253 17.5998 5.27493 6.10393e-06
275.263 17.3208 5.2948 5.59223e-06
275.916 17.4182 5.28467 0.00855061
275.239 17.2979 5.25506 3.71407e-12
275.286 17.3594 5.27164 3.18223e-05
275.536 16.8864 5.27419 4.03973e-07
275.7 17.3683 5.27762 0.0872713
275.617 17.2051 5.27332 0.0064645
275.811 16.8299 5.29028 3.3985e-11
275.786 17.8782 5.27237 4.84896e-08
276.254 16.7923 5.28526 1.85244e-17
275.946 16.9865 5.28897 1.98446e-08
276.041 17.0937 5.27669 1.18233e-06
275.957 17.892 5.26875 2.71473e-11
275.687 17.1423 5.25802 1.4577e-07
276.227 16.8797 5.28198 4.39238e-14
275.625 16.844 5.26195 2.73044e-09
275.734 17.273 5.28649 0.0239248
275.611 17.2365 5.2804 0.0344366
275.455 17.1448 5.2843 0.000605633
276.279 17.6626 5.27497 2.66991e-11
276.018 16.3791 5.25815 2.3931e-24
