15.693 4.75832 0.272247 1.07423e-06 15.152 4.7368 0.29085
15.447 4.8665 0.283666 0.0550826 15.152 4.7368 0.29085
15.7859 5.02505 0.273336 2.68769e-08 15.152 4.7368 0.29085
15.3647 4.58115 0.27502 1.66687e-06 15.152 4.7368 0.29085
15.1056 4.69345 0.283913 0.00153676 15.152 4.7368 0.29085
15.3973 4.10435 0.27514 5.94706e-16 15.152 4.7368 0.29085
15.0667 3.8348 0.285977 3.70076e-22 15.152 4.7368 0.29085
15.3482 4.9206 0.279206 0.000580769 15.152 4.7368 0.29085
15.1135 4.53772 0.297678 0.0152206 15.152 4.7368 0.29085
15.0927 5.30037 0.28035 4.32454e-13 15.152 4.7368 0.29085
15.7225 5.14895 0.279734 4.64479e-08 15.152 4.7368 0.29085
14.5992 4.98619 0.284717 8.9372e-18 15.152 4.7368 0.29085
14.9554 4.5712 0.292064 0.00156334 15.152 4.7368 0.29085
15.1149 4.78204 0.282007 0.000227859 15.152 4.7368 0.29085
15.72 4.04825 0.2813 1.3642e-15 15.152 4.7368 0.29085
15.3611 4.74278 0.28113 0.0236461 15.152 4.7368 0.29085
15.6766 4.65036 0.283326 0.00176312 15.152 4.7368 0.29085
15.6321 4.83151 0.287887 0.00190754 15.152 4.7368 0.29085
15.2802 4.80893 0.28526 0.139908 15.152 4.7368 0.29085
14.7674 4.71347 0.290385 2.28196e-07 15.152 4.7368 0.29085
15.2295 4.20627 0.292818 1.0563e-06 15.152 4.7368 0.29085
15.5779 4.6678 0.293761 0.000399843 15.152 4.7368 0.29085
15.3893 4.59852 0.289409 0.265972 15.152 4.7368 0.29085
16.0755 4.58699 0.279829 3.78998e-12 15.152 4.7368 0.29085
15.512 5.16229 0.289259 6.99147e-07 15.152 4.7368 0.29085
15.5923 4.42876 0.286428 0.000198451 15.152 4.7368 0.29085
15.0004 5.08023 0.300835 6.58593e-08 15.152 4.7368 0.29085
15.8622 4.29439 0.265685 1.86055e-18 15.152 4.7368 0.29085
15.7646 4.4806 0.271293 7.02472e-10 15.152 4.7368 0.29085
15.1862 4.85289 0.30298 1.31764e-05 15.152 4.7368 0.29085
15.4388 5.07074 0.307226 3.15431e-16 15.152 4.7368 0.29085
15.7142 4.12803 0.280705 3.91193e-13 15.152 4.7368 0.29085
15.3038 4.95317 0.289004 0.0263191 15.152 4.7368 0.29085
15.4954 5.03229 0.284434 0.000763706 15.152 4.7368 0.29085
15.6449 4.6723 0.296399 7.40989e-07 15.152 4.7368 0.29085
15.2177 4.43326 0.286121 0.00150532 15.152 4.7368 0.29085
15.3812 5.04367 0.297478 1.54224e-06 15.152 4.7368 0.29085
15.0141 4.90552 0.287326 0.000230637 15.152 4.7368 0.29085
15.564 4.80511 0.280844 0.0113681 15.152 4.7368 0.29085
15.3331 4.10502 0.291135 1.84483e-09 15.152 4.7368 0.29085
14.9606 4.41674 0.269914 1.42287e-22 15.152 4.7368 0.29085
15.474 4.58881 0.296579 0.000511566 15.152 4.7368 0.29085
15.1383 4.47394 0.278958 1.07673e-07 15.152 4.7368 0.29085
15.1026 4.94461 0.300862 2.71401e-05 15.152 4.7368 0.29085
15.745 4.57627 0.305889 1.4877e-18 15.152 4.7368 0.29085
15.4656 5.08723 0.27917 1.34273e-05 15.152 4.7368 0.29085
15.6594 4.46722 0.296316 3.64963e-08 15.152 4.7368 0.29085
15.5741 4.99816 0.275418 6.66255e-06 15.152 4.7368 0.29085
15.3111 4.97998 0.287845 0.0124719 15.152 4.7368 0.29085
14.9615 4.58927 0.276804 3.774e-12 15.152 4.7368 0.29085
14.8419 5.04094 0.293331 7.20815e-08 15.152 4.7368 0.29085
14.9792 4.86549 0.289182 0.000470944 15.152 4.7368 0.29085
15.68 4.63187 0.270073 1.27658e-08 15.152 4.7368 0.29085
15.0893 4.33468 0.285535 1.0733e-06 15.152 4.7368 0.29085
15.6485 4.4098 0.300467 2.03091e-11 15.152 4.7368 0.29085
15.4948 4.5131 0.31241 4.57114e-19 15.152 4.7368 0.29085
15.1859 4.64228 0.296732 0.0784108 15.152 4.7368 0.29085
15.3746 3.97219 0.281776 2.72356e-16 15.152 4.7368 0.29085
14.8112 4.59418 0.301291 1.64606e-05 15.152 4.7368 0.29085
15.1335 4.87517 0.275741 1.12208e-08 15.152 4.7368 0.29085
15.2988 4.90015 0.283365 0.0158906 15.152 4.7368 0.29085
14.2974 4.75241 0.282554 2.99728e-32 15.152 4.7368 0.29085
15.5952 5.32508 0.287431 1.609e-11 15.152 4.7368 0.29085
15.5175 4.58115 0.30059 3.16078e-07 15.152 4.7368 0.29085
15.5828 4.79555 0.27423 2.82352e-05 15.152 4.7368 0.29085
15.687 4.3945 0.295106 5.65808e-09 15.152 4.7368 0.29085
15.3711 4.47154 0.296115 0.00186709 15.152 4.7368 0.29085
15.6871 4.39743 0.289285 1.16084e-06 15.152 4.7368 0.29085
14.8077 4.87374 0.277009 3.03768e-16 15.152 4.7368 0.29085
15.0906 4.66197 0.299769 0.00790796 15.152 4.7368 0.29085
14.9831 4.96671 0.296107 0.000102151 15.152 4.7368 0.29085
16.009 4.79678 0.272957 2.50074e-10 15.152 4.7368 0.29085
15.1903 4.29066 0.271937 1.21782e-16 15.152 4.7368 0.29085
15.6727 4.89421 0.280585 0.000492312 15.152 4.7368 0.29085
15.3723 4.87493 0.299697 2.35378e-05 15.152 4.7368 0.29085
14.9199 4.92716 0.296572 5.77691e-05 15.152 4.7368 0.29085
14.8741 4.58214 0.292313 9.33462e-05 15.152 4.7368 0.29085
14.6254 4.98176 0.295587 1.17943e-11 15.152 4.7368 0.29085
15.2962 4.61759 0.267651 3.52894e-14 15.152 4.7368 0.29085
15.7808 4.24842 0.298545 3.22307e-16 15.152 4.7368 0.29085
15.5047 4.7585 0.283638 0.0900109 15.152 4.7368 0.29085
15.4638 4.71078 0.283101 0.104632 15.152 4.7368 0.29085
15.4855 4.24445 0.291539 5.39035e-07 15.152 4.7368 0.29085
15.4996 4.73954 0.289337 0.0864963 15.152 4.7368 0.29085
15.6241 4.29026 0.294006 7.98492e-09 15.152 4.7368 0.29085
15.3024 4.57813 0.27397 4.78343e-08 15.152 4.7368 0.29085
15.0268 4.4148 0.283317 1.56639e-07 15.152 4.7368 0.29085
15.4147 4.61089 0.27372 8.26007e-07 15.152 4.7368 0.29085
15.2313 4.40865 0.282814 4.17735e-05 15.152 4.7368 0.29085
15.6513 4.51678 0.291249 3.68329e-05 15.152 4.7368 0.29085
15.5116 4.94064 0.292974 0.000246736 15.152 4.7368 0.29085
16.0486 5.0247 0.279301 1.66211e-12 15.152 4.7368 0.29085
15.4209 4.31141 0.276899 5.77162e-09 15.152 4.7368 0.29085
15.3127 4.84528 0.29438 0.039471 15.152 4.7368 0.29085
15.0002 4.50575 0.285531 1.35729e-05 15.152 4.7368 0.29085
15.5691 4.86922 0.285766 0.0124378 15.152 4.7368 0.29085
14.9812 4.51879 0.284608 2.61485e-06 15.152 4.7368 0.29085
15.362 4.38135 0.262095 8.362e-24 15.152 4.7368 0.29085
15.1212 4.03133 0.289671 1.51105e-12 15.152 4.7368 0.29085
15.4435 4.16819 0.28501 7.85805e-09 15.152 4.7368 0.29085
