4.69075 -95.8182 3.30399 0.00832528 4.8336 -95.443 3.3106
5.45942 -94.7063 3.30929 8.82804e-12 4.8336 -95.443 3.3106
4.72646 -95.2556 3.28118 8.41117e-12 4.8336 -95.443 3.3106
4.94052 -95.3667 3.30879 0.0453999 4.8336 -95.443 3.3106
4.95137 -95.1784 3.31128 0.0134074 4.8336 -95.443 3.3106
4.51483 -95.2577 3.32118 0.000345282 4.8336 -95.443 3.3106
5.09252 -94.7059 3.30275 1.37367e-10 4.8336 -95.443 3.3106
5.06437 -94.9242 3.33092 2.70941e-05 4.8336 -95.443 3.3106
4.13807 -95.0653 3.30335 9.59822e-08 4.8336 -95.443 3.3106
4.68296 -94.8242 3.31888 1.48035e-05 4.8336 -95.443 3.3106
4.51612 -95.0287 3.29959 5.23932e-06 4.8336 -95.443 3.3106
4.32681 -95.7016 3.30511 0.000625498 4.8336 -95.443 3.3106
4.84326 -95.318 3.31232 0.0792813 4.8336 -95.443 3.3106
4.84143 -95.0616 3.30662 0.00070195 4.8336 -95.443 3.3106
5.2422 -95.6446 3.2985 3.87604e-06 4.8336 -95.443 3.3106
5.59301 -95.149 3.30766 2.18938e-09 4.8336 -95.443 3.3106
4.32814 -95.0637 3.30764 1.33206e-05 4.8336 -95.443 3.3106
5.47546 -95.2476 3.30308 1.40332e-08 4.8336 -95.443 3.3106
5.12079 -95.2032 3.31268 0.00540721 4.8336 -95.443 3.3106
4.63228 -95.8562 3.31224 0.00133796 4.8336 -95.443 3.3106
4.80829 -95.0772 3.30168 8.28111e-05 4.8336 -95.443 3.3106
4.62168 -95.5161 3.29681 0.00245339 4.8336 -95.443 3.3106
5.11626 -95.1875 3.30515 0.000205541 4.8336 -95.443 3.3106
4.90064 -95.7209 3.30558 0.0174671 4.8336 -95.443 3.3106
3.95487 -95.2827 3.30845 7.18805e-09 4.8336 -95.443 3.3106
4.34109 -95.5027 3.29678 0.000306081 4.8336 -95.443 3.3106
5.0189 -95.9348 3.32511 1.17631e-06 4.8336 -95.443 3.3106
4.69889 -94.6565 3.32101 1.30672e-07 4.8336 -95.443 3.3106
4.43757 -95.2047 3.30348 0.00044035 4.8336 -95.443 3.3106
4.4603 -95.4465 3.29798 0.00129449 4.8336 -95.443 3.3106
4.685 -95.1719 3.30536 0.0032807 4.8336 -95.443 3.3106
5.24162 -95.5412 3.32351 0.000963874 4.8336 -95.443 3.3106
5.1508 -95.3491 3.30856 0.003537 4.8336 -95.443 3.3106
4.64586 -95.7781 3.2917 0.000122313 4.8336 -95.443 3.3106
5.24855 -95.446 3.33035 8.19309e-05 4.8336 -95.443 3.3106
4.89833 -95.5559 3.30635 0.0485546 4.8336 -95.443 3.3106
4.60496 -95.1471 3.31329 0.00434758 4.8336 -95.443 3.3106
4.92671 -95.3063 3.32078 0.0290561 4.8336 -95.443 3.3106
4.94189 -95.0265 3.30121 6.58934e-06 4.8336 -95.443 3.3106
4.31197 -95.8477 3.30186 0.000138246 4.8336 -95.443 3.3106
4.77193 -95.5149 3.31063 0.109051 4.8336 -95.443 3.3106
4.97833 -95.6571 3.29622 0.000167029 4.8336 -95.443 3.3106
4.73922 -95.33 3.31356 0.0652193 4.8336 -95.443 3.3106
4.89407 -95.8855 3.30647 0.00262701 4.8336 -95.443 3.3106
5.15084 -95.8974 3.29556 8.01052e-07 4.8336 -95.443 3.3106
4.32566 -95.3852 3.30506 0.000708411 4.8336 -95.443 3.3106
4.85714 -95.3039 3.3026 0.00460227 4.8336 -95.443 3.3106
5.0184 -95.3664 3.31048 0.0359458 4.8336 -95.443 3.3106
4.82718 -94.8964 3.31285 0.000133968 4.8336 -95.443 3.3106
4.53528 -95.6153 3.31458 0.00435432 4.8336 -95.443 3.3106
5.31282 -95.2271 3.30952 7.76017e-05 4.8336 -95.443 3.3106
4.82998 -95.2097 3.31571 0.033737 4.8336 -95.443 3.3106
3.85966 -95.5899 3.2927 2.04984e-09 4.8336 -95.443 3.3106
4.81525 -95.0617 3.31807 0.00456874 4.8336 -95.443 3.3106
4.55911 -95.5324 3.30337 0.0208582 4.8336 -95.443 3.3106
4.50508 -95.3213 3.3134 0.00584821 4.8336 -95.443 3.3106
5.10256 -95.0729 3.30002 7.02044e-07 4.8336 -95.443 3.3106
4.93217 -95.3418 3.31814 0.0573936 4.8336 -95.443 3.3106
4.71331 -95.5517 3.30858 0.0839952 4.8336 -95.443 3.3106
4.90529 -94.9679 3.30626 5.32103e-05 4.8336 -95.443 3.3106
5.12292 -94.934 3.31419 9.16934e-05 4.8336 -95.443 3.3106
4.44154 -95.4269 3.30612 0.00628087 4.8336 -95.443 3.3106
4.88151 -94.8865 3.31127 6.45837e-05 4.8336 -95.443 3.3106
4.5594 -95.2574 3.32012 0.00125915 4.8336 -95.443 3.3106
3.72734 -95.2795 3.31291 5.63835e-14 4.8336 -95.443 3.3106
4.32721 -95.0307 3.32164 3.97456e-07 4.8336 -95.443 3.3106
4.32733 -95.2434 3.31253 0.000132528 4.8336 -95.443 3.3106
5.21106 -95.5415 3.3265 0.000373786 4.8336 -95.443 3.3106
4.69912 -95.3776 3.30109 0.007929 4.8336 -95.443 3.3106
4.12531 -95.8486 3.32118 3.82372e-11 4.8336 -95.443 3.3106
5.12522 -95.0606 3.32023 0.00203218 4.8336 -95.443 3.3106
4.54726 -95.6541 3.30862 0.0157203 4.8336 -95.443 3.3106
4.66628 -95.7153 3.30848 0.0250573 4.8336 -95.443 3.3106
4.94196 -95.1104 3.32266 0.00511211 4.8336 -95.443 3.3106
5.20889 -95.0659 3.31462 0.000409231 4.8336 -95.443 3.3106
5.27995 -95.9937 3.32622 1.77337e-08 4.8336 -95.443 3.3106
4.90874 -95.4231 3.32775 0.000836887 4.8336 -95.443 3.3106
5.5539 -95.5264 3.31329 1.60664e-06 4.8336 -95.443 3.3106
4.9878 -95.525 3.31467 0.0612866 4.8336 -95.443 3.3106
4.47524 -95.3921 3.29959 0.00180747 4.8336 -95.443 3.3106
5.17438 -95.5234 3.31415 0.010201 4.8336 -95.443 3.3106
4.22761 -95.5302 3.33208 1.72799e-12 4.8336 -95.443 3.3106
4.52204 -95.6796 3.30828 0.0101487 4.8336 -95.443 3.3106
5.18386 -95.3836 3.31291 0.00832549 4.8336 -95.443 3.3106
5.17573 -95.4193 3.2907 4.30221e-09 4.8336 -95.443 3.3106
4.44431 -95.2518 3.30086 0.000413123 4.8336 -95.443 3.3106
4.58114 -95.1959 3.31374 0.00574036 4.8336 -95.443 3.3106
4.90105 -95.2462 3.31389 0.0475131 4.8336 -95.443 3.3106
5.71535 -95.8392 3.31245 1.66654e-10 4.8336 -95.443 3.3106
4.64524 -94.0649 3.31222 1.16988e-20 4.8336 -95.443 3.3106
4.87864 -95.3029 3.31061 0.0569908 4.8336 -95.443 3.3106
5.23273 -95.2827 3.30982 0.000823128 4.8336 -95.443 3.3106
4.20972 -95.7052 3.31854 9.31881e-08 4.8336 -95.443 3.3106
4.6389 -95.0109 3.32609 2.92514e-05 4.8336 -95.443 3.3106
5.03656 -95.3479 3.30432 0.00291857 4.8336 -95.443 3.3106
4.60788 -95.669 3.31029 0.0203608 4.8336 -95.443 3.3106
4.55519 -95.3975 3.29667 0.000809281 4.8336 -95.443 3.3106
4.79396 -95.5939 3.31946 0.0106108 4.8336 -95.443 3.3106
4.59263 -95.8207 3.31767 0.000141267 4.8336 -95.443 3.3106
4.3837 -94.9532 3.29362 3.3169e-09 4.8336 -95.443 3.3106
