73.1007 15.7481 0.0854527 2.38786e-05
73.2297 15.3422 0.0900846 1.06584e-05
73.4343 15.8541 0.0847823 0.000720234
73.2543 15.895 0.0974548 0.0530257
73.3397 15.9529 0.105994 0.228895
73.2192 15.8521 0.10943 0.108751
72.9799 15.6279 0.0776451 2.0101e-09
72.8606 16.0571 0.0815779 1.35619e-09
73.169 16.0965 0.112309 0.0204626
73.7054 15.546 0.0848913 7.08543e-05
72.8937 15.8666 0.109735 0.000861909
72.9492 15.685 0.0859536 8.95561e-07
72.5508 15.469 0.106543 5.49978e-10
73.4975 16.2521 0.090248 0.000313769
73.0408 15.8743 0.0767489 7.3259e-09
72.86 15.6158 0.093746 3.43644e-06
72.8778 15.6585 0.0749804 1.13357e-11
73.2516 15.7838 0.0881586 0.00121359
72.2578 15.037 0.118295 3.76785e-21
73.0326 15.8913 0.0769314 6.793e-09
73.5491 15.8556 0.119695 0.00428118
73.6919 15.6665 0.0927155 0.00599304
73.4903 15.5009 0.0942188 0.00364881
72.7049 15.7669 0.100914 1.30299e-06
73.2756 16.1944 0.0971642 0.00494049
73.2112 15.5932 0.0928164 0.00174805
73.2926 15.9875 0.0840804 9.86092e-05
73.1936 15.0804 0.0788453 6.52646e-12
73.117 15.5123 0.117687 0.000257818
72.9901 16.1657 0.0917547 1.13029e-05
73.2539 15.4702 0.0892102 0.000111495
73.1762 16.291 0.0984993 0.000524434
73.2108 15.4239 0.0988803 0.000701095
73.4672 15.4151 0.0821003 3.77343e-06
73.5431 15.943 0.0798161 2.34243e-05
73.517 16.0346 0.112834 0.0487066
72.6334 15.938 0.0862888 5.77232e-11
73.6646 15.6898 0.0671659 2.70614e-10
72.9297 15.9323 0.0781261 1.24332e-09
73.2421 15.0892 0.104031 1.56154e-07
73.2945 15.6385 0.0935421 0.00828742
72.603 15.467 0.0931283 6.96877e-11
73.3618 15.5723 0.0827736 3.34869e-05
73.1144 15.7297 0.102785 0.0201774
72.5248 15.7686 0.0989034 9.2319e-10
73.127 15.6062 0.0982788 0.00364304
72.6491 15.5975 0.113431 1.28748e-07
72.9244 15.9164 0.0989497 0.000392626
73.9171 15.3906 0.103812 6.57533e-06
73.581 15.7526 0.095196 0.0444862
73.3813 15.6081 0.0958395 0.019933
73.1418 15.6127 0.0781195 9.2679e-08
73.4849 15.666 0.107487 0.0794109
73.0187 15.8403 0.0802491 1.04093e-07
72.3705 16.3624 0.0800838 3.00048e-21
73.4336 16.0277 0.092555 0.0151066
72.7298 15.7003 0.0818261 5.74009e-11
72.7927 15.8676 0.131937 3.84597e-08
73.4007 16.0177 0.094946 0.0349753
73.3659 16.1695 0.0972579 0.012415
72.7461 16.1395 0.0775222 2.52004e-13
73.2158 15.4648 0.091854 0.000207178
73.5145 15.896 0.0955055 0.0745474
73.3403 15.7312 0.102731 0.149128
73.2239 15.8546 0.0947941 0.0180433
72.7422 15.5502 0.0878142 1.85304e-09
72.6929 15.3615 0.0826287 3.57368e-13
73.231 15.4687 0.101128 0.00273285
73.4855 15.4362 0.0941927 0.00121022
73.0555 15.8947 0.0692663 3.72229e-12
72.7413 15.448 0.087268 2.76245e-10
73.0905 15.6624 0.0963266 0.00213669
73.5386 15.4553 0.0838111 2.26381e-05
73.6845 15.6548 0.0708077 8.2349e-09
73.6899 15.4283 0.0949349 0.000417041
73.0939 15.5245 0.0956919 0.000371133
73.0996 15.763 0.08655 4.90897e-05
72.748 15.6915 0.124872 2.36612e-07
72.8433 15.7124 0.0989216 3.3084e-05
72.7665 15.8507 0.101825 1.38981e-05
72.8032 16.1231 0.111179 2.90129e-05
73.3956 16.0775 0.0872845 0.000685769
73.5631 16.1215 0.077732 8.11402e-07
72.8312 15.4652 0.0866646 4.4536e-09
72.6833 15.3413 0.116692 1.51724e-09
72.8334 15.563 0.0793155 7.10683e-11
72.906 16.0444 0.0973385 7.55604e-05
73.3285 15.9648 0.0915394 0.00949834
73.0395 15.7108 0.0934643 0.000437006
73.534 15.4892 0.104902 0.00750479
73.2728 15.9667 0.0889279 0.00167762
73.3237 15.5591 0.117292 0.00212801
73.9197 15.3113 0.0843674 5.26356e-08
73.7566 15.5187 0.0887151 0.000158057
72.2161 16.2107 0.0973265 1.32848e-17
73.4144 15.7043 0.0824429 0.000110711
73.199 15.3491 0.0879032 3.03428e-06
73.2457 15.2403 0.103103 1.87646e-05
72.9591 15.9603 0.109403 0.00301856
73.7726 15.9631 0.08997 0.00146748
