44.4219 -66.9457 3.94007 0.00319056 44.624 -67.261 3.9417
44.5234 -67.1521 3.94053 0.362156 44.624 -67.261 3.9417
44.6013 -66.4208 3.94275 1.20153e-15 44.624 -67.261 3.9417
44.8775 -66.6093 3.96098 9.46825e-15 44.624 -67.261 3.9417
44.6494 -66.8095 3.95145 3.07116e-06 44.624 -67.261 3.9417
44.9319 -66.8431 3.93128 2.56725e-12 44.624 -67.261 3.9417
44.5911 -66.5985 3.94698 4.57363e-10 44.624 -67.261 3.9417
44.0889 -66.8774 3.95512 1.82037e-14 44.624 -67.261 3.9417
44.7806 -66.6771 3.93391 7.78973e-12 44.624 -67.261 3.9417
44.7249 -67.5478 3.94865 0.000132201 44.624 -67.261 3.9417
44.3694 -67.1443 3.95699 5.73443e-08 44.624 -67.261 3.9417
44.6891 -66.3427 3.94177 4.46257e-19 44.624 -67.261 3.9417
44.594 -66.3793 3.94924 2.71938e-17 44.624 -67.261 3.9417
44.6071 -66.6737 3.92233 1.68748e-17 44.624 -67.261 3.9417
45.0596 -66.7444 3.95814 2.07694e-12 44.624 -67.261 3.9417
44.9251 -67.1779 3.93861 5.94578e-05 44.624 -67.261 3.9417
44.9534 -67.364 3.92704 1.93335e-11 44.624 -67.261 3.9417
44.6153 -67.4043 3.952 0.000560514 44.624 -67.261 3.9417
44.338 -66.2642 3.93014 7.75223e-26 44.624 -67.261 3.9417
45.1231 -67.1502 3.94703 1.39556e-07 44.624 -67.261 3.9417
44.4045 -67.5799 3.94978 2.14071e-06 44.624 -67.261 3.9417
44.5077 -66.4659 3.9737 1.94478e-31 44.624 -67.261 3.9417
44.7385 -66.729 3.94774 2.41148e-07 44.624 -67.261 3.9417
44.1827 -67.1998 3.94495 0.000107594 44.624 -67.261 3.9417
44.7552 -67.1944 3.9267 1.00448e-07 44.624 -67.261 3.9417
44.5339 -66.896 3.9442 0.00114609 44.624 -67.261 3.9417
44.2822 -67.3019 3.9406 0.0230202 44.624 -67.261 3.9417
45.0162 -67.3778 3.95579 1.23507e-07 44.624 -67.261 3.9417
44.5402 -66.7208 3.9332 7.24202e-09 44.624 -67.261 3.9417
44.5638 -66.2974 3.93837 3.70195e-21 44.624 -67.261 3.9417
44.1745 -67.1737 3.93062 0.000287754 44.624 -67.261 3.9417
44.7149 -67.014 3.94113 0.00793191 44.624 -67.261 3.9417
45.3814 -67.3704 3.95168 5.83292e-15 44.624 -67.261 3.9417
44.454 -66.8135 3.94785 6.52183e-06 44.624 -67.261 3.9417
44.4765 -66.7826 3.95784 1.53584e-10 44.624 -67.261 3.9417
44.8023 -66.8772 3.95529 8.29328e-07 44.624 -67.261 3.9417
44.183 -67.0486 3.9203 5.50282e-10 44.624 -67.261 3.9417
44.8622 -67.2419 3.9461 0.00525404 44.624 -67.261 3.9417
44.2729 -67.4069 3.93469 0.00897368 44.624 -67.261 3.9417
44.9737 -67.4621 3.92636 6.18064e-13 44.624 -67.261 3.9417
45.281 -66.6825 3.92671 1.4744e-30 44.624 -67.261 3.9417
45.2429 -67.0619 3.94289 6.07067e-12 44.624 -67.261 3.9417
45.2293 -67.2021 3.94633 3.3488e-10 44.624 -67.261 3.9417
44.5813 -67.4808 3.93373 0.0045188 44.624 -67.261 3.9417
44.4061 -67.3574 3.92837 0.00122661 44.624 -67.261 3.9417
44.5783 -66.6858 3.93546 4.45548e-09 44.624 -67.261 3.9417
44.1269 -67.2423 3.93184 0.00023294 44.624 -67.261 3.9417
43.91 -67.2422 3.93967 4.53762e-09 44.624 -67.261 3.9417
44.7234 -67.0685 3.92777 1.88427e-07 44.624 -67.261 3.9417
44.586 -66.8208 3.94728 3.6977e-05 44.624 -67.261 3.9417
45.0727 -67.5684 3.92519 1.13525e-17 44.624 -67.261 3.9417
45.2949 -66.7969 3.94156 1.18529e-17 44.624 -67.261 3.9417
45.0443 -66.6479 3.94141 3.01367e-14 44.624 -67.261 3.9417
44.7335 -67.4584 3.95497 6.64951e-06 44.624 -67.261 3.9417
44.4445 -67.421 3.94777 0.00297598 44.624 -67.261 3.9417
44.399 -66.6329 3.95023 6.34524e-11 44.624 -67.261 3.9417
45.4512 -67.5564 3.92523 2.14599e-32 44.624 -67.261 3.9417
44.8886 -66.8849 3.9616 3.67193e-10 44.624 -67.261 3.9417
44.809 -67.008 3.95495 2.6099e-05 44.624 -67.261 3.9417
44.3964 -66.8938 3.93947 0.000405322 44.624 -67.261 3.9417
44.4775 -67.0901 3.91891 4.47958e-11 44.624 -67.261 3.9417
44.4651 -67.3483 3.93512 0.123028 44.624 -67.261 3.9417
45.0755 -66.7283 3.94148 5.55657e-13 44.624 -67.261 3.9417
44.5925 -66.92 3.95377 1.43344e-05 44.624 -67.261 3.9417
44.7677 -67.5648 3.9447 0.000211637 44.624 -67.261 3.9417
43.9363 -67.3799 3.95867 4.84589e-21 44.624 -67.261 3.9417
45.0074 -66.7797 3.95258 1.23181e-09 44.624 -67.261 3.9417
44.1957 -67.0388 3.92962 2.06406e-05 44.624 -67.261 3.9417
44.3311 -66.8695 3.93699 4.05719e-05 44.624 -67.261 3.9417
44.8874 -67.2229 3.94507 0.00268557 44.624 -67.261 3.9417
45.0604 -66.9225 3.93645 4.68022e-11 44.624 -67.261 3.9417
45.0925 -67.1565 3.92879 2.58923e-14 44.624 -67.261 3.9417
44.4399 -67.1645 3.94664 0.0373966 44.624 -67.261 3.9417
44.8132 -67.1496 3.94177 0.0096093 44.624 -67.261 3.9417
44.7923 -66.9419 3.94533 0.000487055 44.624 -67.261 3.9417
44.7307 -66.7468 3.9353 6.99759e-09 44.624 -67.261 3.9417
44.4727 -66.7976 3.93491 2.02232e-06 44.624 -67.261 3.9417
44.9058 -66.8307 3.92557 2.9156e-16 44.624 -67.261 3.9417
45.4815 -67.0395 3.93313 1.78688e-26 44.624 -67.261 3.9417
44.8977 -67.1477 3.9509 0.000426254 44.624 -67.261 3.9417
44.3888 -66.8087 3.94998 3.29433e-07 44.624 -67.261 3.9417
43.9091 -67.0384 3.96097 7.78783e-24 44.624 -67.261 3.9417
44.2834 -67.7172 3.94527 2.10235e-08 44.624 -67.261 3.9417
44.6269 -67.0167 3.93882 0.0144933 44.624 -67.261 3.9417
44.8336 -66.9938 3.94601 0.000737986 44.624 -67.261 3.9417
44.807 -67.7141 3.96698 1.39203e-19 44.624 -67.261 3.9417
43.9154 -67.0226 3.94757 4.883e-13 44.624 -67.261 3.9417
44.3434 -67.5791 3.94469 5.24663e-05 44.624 -67.261 3.9417
44.5429 -66.9277 3.94187 0.00379157 44.624 -67.261 3.9417
44.9223 -67.9316 3.94467 2.04264e-14 44.624 -67.261 3.9417
44.6824 -66.8396 3.94027 3.77669e-05 44.624 -67.261 3.9417
44.6064 -66.6542 3.93492 3.06103e-10 44.624 -67.261 3.9417
45.0023 -66.8413 3.92429 9.96349e-20 44.624 -67.261 3.9417
44.4538 -66.9524 3.94756 0.000825869 44.624 -67.261 3.9417
44.5476 -67.3495 3.92052 3.63353e-09 44.624 -67.261 3.9417
44.1609 -66.6527 3.94442 3.31787e-12 44.624 -67.261 3.9417
45.0443 -67.4341 3.93214 8.62155e-11 44.624 -67.261 3.9417
44.4925 -67.3326 3.94043 0.383875 44.624 -67.261 3.9417
44.6488 -66.52 3.94971 1.11662e-12 44.624 -67.261 3.9417
44.6868 -67.1539 3.91694 3.57159e-15 44.624 -67.261 3.9417
