70.276 15.6469 0.115923 8.36774e-11 70.79 14.919 0.11157
70.4311 15.1195 0.111968 0.00086681 70.79 14.919 0.11157
70.7392 14.5533 0.123502 0.00261887 70.79 14.919 0.11157
70.7195 15.3095 0.132417 1.05014e-06 70.79 14.919 0.11157
70.8339 14.2753 0.124019 1.18618e-05 70.79 14.919 0.11157
70.5327 14.5311 0.153903 1.74526e-14 70.79 14.919 0.11157
70.7061 14.3238 0.0957905 1.01975e-05 70.79 14.919 0.11157
70.7697 15.0742 0.12009 0.0142465 70.79 14.919 0.11157
70.2525 15.0164 0.106486 2.2402e-05 70.79 14.919 0.11157
70.1089 15.3624 0.131748 4.58193e-11 70.79 14.919 0.11157
70.8174 14.7112 0.113311 0.125965 70.79 14.919 0.11157
70.5736 14.6726 0.109341 0.0204887 70.79 14.919 0.11157
70.4115 14.663 0.114192 0.0017635 70.79 14.919 0.11157
70.979 14.6165 0.116467 0.0227995 70.79 14.919 0.11157
70.6364 14.9692 0.120043 0.0187865 70.79 14.919 0.11157
71.251 15.3155 0.126227 2.1588e-07 70.79 14.919 0.11157
70.5971 15.3782 0.130853 3.36925e-07 70.79 14.919 0.11157
70.9586 15.018 0.134374 7.50578e-06 70.79 14.919 0.11157
71.2342 14.9214 0.123458 0.000177269 70.79 14.919 0.11157
70.7068 14.8936 0.125015 0.00717884 70.79 14.919 0.11157
70.5671 15.1837 0.116791 0.00192597 70.79 14.919 0.11157
70.3932 14.4979 0.115991 0.000170139 70.79 14.919 0.11157
71.0032 15.0747 0.117437 0.0128297 70.79 14.919 0.11157
70.8219 14.742 0.130623 0.000382362 70.79 14.919 0.11157
70.3651 14.0915 0.111258 5.52896e-09 70.79 14.919 0.11157
70.5864 14.5227 0.122512 0.00101989 70.79 14.919 0.11157
70.1564 14.4971 0.112492 5.13125e-07 70.79 14.919 0.11157
69.8514 14.7759 0.130073 6.09845e-12 70.79 14.919 0.11157
70.6303 15.0464 0.10688 0.0208316 70.79 14.919 0.11157
69.9097 14.5233 0.121613 8.84692e-11 70.79 14.919 0.11157
70.7782 15.1062 0.1228 0.0041816 70.79 14.919 0.11157
70.6138 14.5392 0.123299 0.00124265 70.79 14.919 0.11157
70.4808 15.0428 0.130247 4.0831e-05 70.79 14.919 0.11157
70.4661 15.1415 0.106866 0.00073562 70.79 14.919 0.11157
70.8401 14.3733 0.137677 2.6354e-08 70.79 14.919 0.11157
70.4579 14.4226 0.101747 2.78153e-05 70.79 14.919 0.11157
70.502 14.3363 0.115062 5.49456e-05 70.79 14.919 0.11157
70.3458 14.6024 0.134775 3.01337e-07 70.79 14.919 0.11157
70.4882 15.3213 0.111151 7.18987e-05 70.79 14.919 0.11157
70.9359 15.2658 0.113447 0.00240371 70.79 14.919 0.11157
70.636 14.9687 0.107456 0.0426363 70.79 14.919 0.11157
70.4533 15.3161 0.120292 1.91994e-05 70.79 14.919 0.11157
70.79 15.1953 0.102679 0.00444849 70.79 14.919 0.11157
70.4244 15.2778 0.126641 3.41333e-06 70.79 14.919 0.11157
70.7824 14.9467 0.115125 0.108711 70.79 14.919 0.11157
70.392 15.1152 0.10952 0.000368345 70.79 14.919 0.11157
70.3729 15.0594 0.115281 0.000524775 70.79 14.919 0.11157
70.4076 14.4067 0.114294 5.17972e-05 70.79 14.919 0.11157
70.7332 15.1039 0.124944 0.00173389 70.79 14.919 0.11157
70.9403 15.1294 0.112605 0.0226784 70.79 14.919 0.11157
70.2975 14.5132 0.138773 2.60076e-09 70.79 14.919 0.11157
69.7059 14.9175 0.136234 5.11248e-16 70.79 14.919 0.11157
70.5687 14.7243 0.129864 0.000255695 70.79 14.919 0.11157
70.5784 15.0353 0.119004 0.00881883 70.79 14.919 0.11157
70.8191 14.4473 0.12458 0.000363155 70.79 14.919 0.11157
70.6379 14.9946 0.118373 0.0236622 70.79 14.919 0.11157
70.9483 14.7966 0.139536 2.51926e-07 70.79 14.919 0.11157
70.7994 14.842 0.110124 0.196184 70.79 14.919 0.11157
70.8696 14.6643 0.128551 0.000676603 70.79 14.919 0.11157
71.4717 14.7753 0.122221 9.29055e-07 70.79 14.919 0.11157
70.7526 14.5601 0.130468 0.000103481 70.79 14.919 0.11157
71.3158 15.0807 0.092112 1.34751e-05 70.79 14.919 0.11157
70.2068 15.0885 0.121117 3.68572e-06 70.79 14.919 0.11157
70.8463 14.7595 0.115673 0.117209 70.79 14.919 0.11157
70.238 14.7732 0.1054 2.1129e-05 70.79 14.919 0.11157
70.2402 14.8752 0.10614 2.88338e-05 70.79 14.919 0.11157
70.5113 14.9183 0.107268 0.0109302 70.79 14.919 0.11157
70.194 15.0882 0.103995 1.10219e-06 70.79 14.919 0.11157
70.7559 15.1303 0.11678 0.0153046 70.79 14.919 0.11157
71.0976 14.1958 0.12563 8.25757e-08 70.79 14.919 0.11157
70.2195 15.1456 0.121523 2.3033e-06 70.79 14.919 0.11157
70.5718 15.2995 0.106577 0.000238342 70.79 14.919 0.11157
70.9881 14.4726 0.0956748 0.000371734 70.79 14.919 0.11157
71.1693 14.0002 0.116999 1.18157e-09 70.79 14.919 0.11157
70.845 14.1085 0.118413 5.86271e-07 70.79 14.919 0.11157
70.4166 14.5848 0.121155 0.000349072 70.79 14.919 0.11157
70.4033 15.2524 0.12106 2.47254e-05 70.79 14.919 0.11157
71.0373 14.4554 0.130944 3.08259e-06 70.79 14.919 0.11157
70.4474 14.4351 0.104814 6.92321e-05 70.79 14.919 0.11157
70.8408 15.2025 0.11895 0.0034941 70.79 14.919 0.11157
70.5017 14.377 0.104088 4.88414e-05 70.79 14.919 0.11157
70.4554 15.1632 0.116346 0.000602428 70.79 14.919 0.11157
70.3225 14.6689 0.124776 4.55162e-05 70.79 14.919 0.11157
71.1976 14.649 0.104836 0.00519988 70.79 14.919 0.11157
70.3872 15.0517 0.123806 0.000142912 70.79 14.919 0.11157
71.2907 15.0582 0.142039 1.65905e-11 70.79 14.919 0.11157
70.9165 14.9096 0.122657 0.0142033 70.79 14.919 0.11157
71.2225 15.3054 0.130703 2.99e-08 70.79 14.919 0.11157
70.8125 15.2395 0.130691 1.176e-05 70.79 14.919 0.11157
71.1689 15.2339 0.124115 1.49897e-05 70.79 14.919 0.11157
70.4408 14.7575 0.1248 0.000609531 70.79 14.919 0.11157
70.7681 14.8622 0.123475 0.0160932 70.79 14.919 0.11157
70.8737 14.6141 0.119294 0.0192184 70.79 14.919 0.11157
70.4915 14.8287 0.123077 0.00258335 70.79 14.919 0.11157
70.7019 14.9042 0.112312 0.118201 70.79 14.919 0.11157
70.6113 15.1538 0.103641 0.00262275 70.79 14.919 0.11157
70.6791 15.3912 0.10118 2.81034e-05 70.79 14.919 0.11157
70.3894 14.8006 0.125793 0.00020314 70.79 14.919 0.11157
71.3984 15.0789 0.135553 3.26995e-10 70.79 14.919 0.11157
71.4789 14.725 0.127299 3.82206e-08 70.79 14.919 0.11157
