-2.93401 -95.1137 3.12886 0.00015902 -2.6601 -94.635 3.1339
-2.42731 -95.0729 3.12801 0.000450218 -2.6601 -94.635 3.1339
-2.69282 -94.7517 3.1325 0.101453 -2.6601 -94.635 3.1339
-2.42725 -94.6978 3.13079 0.0409241 -2.6601 -94.635 3.1339
-2.48192 -94.3302 3.1416 0.0173424 -2.6601 -94.635 3.1339
-2.3814 -94.7027 3.15638 0.000180247 -2.6601 -94.635 3.1339
-2.66657 -95.0578 3.13908 0.00211185 -2.6601 -94.635 3.1339
-2.43149 -93.9881 3.14823 4.60484e-06 -2.6601 -94.635 3.1339
-2.96884 -94.9239 3.11661 5.25524e-05 -2.6601 -94.635 3.1339
-1.89998 -95.2841 3.15818 1.78692e-11 -2.6601 -94.635 3.1339
-2.40965 -94.4288 3.14578 0.0206663 -2.6601 -94.635 3.1339
-2.43524 -94.9711 3.12814 0.00248659 -2.6601 -94.635 3.1339
-2.49393 -94.3044 3.16002 2.03212e-06 -2.6601 -94.635 3.1339
-3.0107 -95.0291 3.14284 6.04468e-06 -2.6601 -94.635 3.1339
-2.7516 -94.9099 3.13461 0.021559 -2.6601 -94.635 3.1339
-2.88885 -95.1082 3.14589 2.75917e-06 -2.6601 -94.635 3.1339
-3.31218 -94.9218 3.12229 1.19533e-06 -2.6601 -94.635 3.1339
-2.57073 -94.7724 3.13487 0.125793 -2.6601 -94.635 3.1339
-2.49083 -94.9654 3.13353 0.0140456 -2.6601 -94.635 3.1339
-3.1949 -95.027 3.13454 2.15732e-06 -2.6601 -94.635 3.1339
-2.71325 -94.6397 3.13686 0.111865 -2.6601 -94.635 3.1339
-2.47883 -95.3918 3.12577 1.30201e-07 -2.6601 -94.635 3.1339
-2.65542 -94.8604 3.11524 3.77758e-05 -2.6601 -94.635 3.1339
-3.17042 -94.8241 3.12152 5.37176e-05 -2.6601 -94.635 3.1339
-2.65426 -95.2751 3.13987 1.07235e-05 -2.6601 -94.635 3.1339
-2.8822 -94.7522 3.14457 0.00100194 -2.6601 -94.635 3.1339
-2.51491 -95.0866 3.13534 0.00225675 -2.6601 -94.635 3.1339
-2.85632 -95.4109 3.13096 1.42435e-07 -2.6601 -94.635 3.1339
-2.21043 -94.3397 3.13475 0.000896288 -2.6601 -94.635 3.1339
-2.16228 -95.0682 3.12645 2.76418e-06 -2.6601 -94.635 3.1339
-2.46735 -94.7152 3.14659 0.0266564 -2.6601 -94.635 3.1339
-3.07609 -94.8198 3.13599 0.000335924 -2.6601 -94.635 3.1339
-2.80862 -94.0963 3.12392 4.86688e-06 -2.6601 -94.635 3.1339
-3.03813 -94.443 3.14011 0.000195916 -2.6601 -94.635 3.1339
-2.25803 -94.3062 3.12173 1.03132e-06 -2.6601 -94.635 3.1339
-2.76123 -94.2407 3.13629 0.00220927 -2.6601 -94.635 3.1339
-2.76878 -95.092 3.10782 1.00196e-08 -2.6601 -94.635 3.1339
-2.80612 -94.6428 3.15014 0.000242297 -2.6601 -94.635 3.1339
-2.91479 -94.699 3.14713 0.000167662 -2.6601 -94.635 3.1339
-2.89912 -94.4332 3.13036 0.00671371 -2.6601 -94.635 3.1339
-2.88968 -94.975 3.14004 0.000567665 -2.6601 -94.635 3.1339
-2.82653 -94.9071 3.11859 0.000353563 -2.6601 -94.635 3.1339
-3.30379 -94.7276 3.1365 9.05561e-07 -2.6601 -94.635 3.1339
-2.6011 -94.903 3.12891 0.0199352 -2.6601 -94.635 3.1339
-3.24862 -94.6769 3.1122 3.14941e-07 -2.6601 -94.635 3.1339
-2.84992 -95.0337 3.10234 1.07846e-10 -2.6601 -94.635 3.1339
-2.64445 -94.5513 3.14252 0.0563883 -2.6601 -94.635 3.1339
-2.74805 -94.6958 3.14604 0.0052502 -2.6601 -94.635 3.1339
-2.69135 -94.7237 3.14019 0.0653797 -2.6601 -94.635 3.1339
-2.37326 -94.7883 3.14852 0.00737101 -2.6601 -94.635 3.1339
-3.13002 -95.1475 3.1447 7.06366e-09 -2.6601 -94.635 3.1339
-3.65115 -95.0325 3.12675 1.91581e-12 -2.6601 -94.635 3.1339
-2.96067 -94.4113 3.13696 0.00164995 -2.6601 -94.635 3.1339
-2.1875 -94.9946 3.15235 3.13905e-05 -2.6601 -94.635 3.1339
-3.0454 -95.18 3.13804 1.07825e-06 -2.6601 -94.635 3.1339
-2.77827 -94.7239 3.137 0.0555686 -2.6601 -94.635 3.1339
-2.53486 -95.097 3.12412 0.00017173 -2.6601 -94.635 3.1339
-2.69644 -94.5203 3.12992 0.05319 -2.6601 -94.635 3.1339
-3.33734 -94.827 3.1563 1.41674e-14 -2.6601 -94.635 3.1339
-3.1285 -95.2838 3.14574 8.90096e-11 -2.6601 -94.635 3.1339
-2.76607 -95.0679 3.13646 0.00140209 -2.6601 -94.635 3.1339
-2.24882 -94.8893 3.12831 0.000473669 -2.6601 -94.635 3.1339
-2.21409 -95.2835 3.14146 1.19182e-06 -2.6601 -94.635 3.1339
-2.93285 -94.5196 3.14763 8.72844e-05 -2.6601 -94.635 3.1339
-2.58295 -95.0079 3.12145 0.000282254 -2.6601 -94.635 3.1339
-2.13133 -95.2756 3.14776 1.26637e-07 -2.6601 -94.635 3.1339
-3.0111 -94.6442 3.13597 0.00259167 -2.6601 -94.635 3.1339
-2.70938 -95.0381 3.13427 0.00451044 -2.6601 -94.635 3.1339
-3.15143 -95.0891 3.14398 2.2609e-08 -2.6601 -94.635 3.1339
-2.74122 -94.7865 3.15478 1.0147e-05 -2.6601 -94.635 3.1339
-2.49839 -94.4221 3.11743 1.1173e-05 -2.6601 -94.635 3.1339
-2.03128 -94.5642 3.12558 1.07877e-06 -2.6601 -94.635 3.1339
-2.6545 -94.5517 3.1453 0.0214249 -2.6601 -94.635 3.1339
-2.65783 -94.9346 3.13073 0.0205639 -2.6601 -94.635 3.1339
-2.54435 -94.7303 3.1452 0.0340826 -2.6601 -94.635 3.1339
-2.91709 -94.1837 3.13827 8.64066e-05 -2.6601 -94.635 3.1339
-2.87842 -94.6626 3.15195 1.48719e-05 -2.6601 -94.635 3.1339
-2.5962 -94.808 3.12563 0.0148197 -2.6601 -94.635 3.1339
-2.76764 -94.5472 3.11109 1.7035e-06 -2.6601 -94.635 3.1339
-2.62506 -93.9201 3.12364 2.08235e-08 -2.6601 -94.635 3.1339
-2.72559 -95.0717 3.14039 0.000739205 -2.6601 -94.635 3.1339
-2.70831 -94.735 3.11103 2.39641e-06 -2.6601 -94.635 3.1339
-3.39702 -94.3782 3.1444 1.17376e-10 -2.6601 -94.635 3.1339
-2.88807 -95.2293 3.13084 2.05561e-05 -2.6601 -94.635 3.1339
-2.88462 -94.7184 3.14553 0.000698667 -2.6601 -94.635 3.1339
-3.30944 -94.6761 3.1446 9.88961e-09 -2.6601 -94.635 3.1339
-2.33871 -94.8298 3.12135 7.23339e-05 -2.6601 -94.635 3.1339
-2.61937 -94.9699 3.13859 0.0126504 -2.6601 -94.635 3.1339
-2.80255 -94.738 3.12732 0.0292998 -2.6601 -94.635 3.1339
-2.44736 -95.3422 3.13304 2.3984e-06 -2.6601 -94.635 3.1339
-2.7853 -94.6456 3.12009 0.00201161 -2.6601 -94.635 3.1339
-2.54033 -94.7884 3.14152 0.0664587 -2.6601 -94.635 3.1339
-3.00673 -95.0889 3.12449 6.19234e-05 -2.6601 -94.635 3.1339
-2.89683 -95.3187 3.12845 1.65182e-06 -2.6601 -94.635 3.1339
-2.44929 -94.8418 3.14437 0.0211112 -2.6601 -94.635 3.1339
-2.43765 -95.1839 3.13822 0.000176368 -2.6601 -94.635 3.1339
-2.96121 -94.8905 3.12053 0.000465527 -2.6601 -94.635 3.1339
-2.12045 -95.3538 3.14884 6.28938e-09 -2.6601 -94.635 3.1339
-3.05236 -94.3707 3.14607 4.19298e-06 -2.6601 -94.635 3.1339
-2.30647 -94.8665 3.12317 0.000103267 -2.6601 -94.635 3.1339
