125.233 -20.6691 3.39395 1.28992e-07 125.56 -20.596 3.3833
125.435 -20.5896 3.3941 4.66751e-05 125.56 -20.596 3.3833
125.143 -20.6652 3.39076 1.07568e-07 125.56 -20.596 3.3833
125.503 -21.1572 3.38969 0.000136099 125.56 -20.596 3.3833
125.74 -20.7333 3.38666 0.327586 125.56 -20.596 3.3833
125.89 -20.8492 3.38614 0.0874179 125.56 -20.596 3.3833
125.327 -20.8161 3.38132 0.00341847 125.56 -20.596 3.3833
126.099 -21.2563 3.39143 3.58665e-06 125.56 -20.596 3.3833
125.627 -20.1255 3.37948 2.62837e-07 125.56 -20.596 3.3833
125.438 -20.3576 3.38596 0.000149013 125.56 -20.596 3.3833
125.252 -21.0311 3.39409 4.76002e-08 125.56 -20.596 3.3833
125.214 -20.9969 3.3821 2.69182e-05 125.56 -20.596 3.3833
125.842 -21.1261 3.40328 2.7324e-07 125.56 -20.596 3.3833
125.443 -20.4281 3.38841 0.000304541 125.56 -20.596 3.3833
125.757 -20.7711 3.37659 0.00151264 125.56 -20.596 3.3833
125.698 -20.8165 3.37114 3.07985e-06 125.56 -20.596 3.3833
125.929 -20.7858 3.38143 0.00591327 125.56 -20.596 3.3833
125.647 -20.2868 3.36273 4.21695e-14 125.56 -20.596 3.3833
125.734 -20.7826 3.38363 0.189851 125.56 -20.596 3.3833
125.24 -20.1953 3.38856 9.50462e-10 125.56 -20.596 3.3833
125.345 -20.5231 3.39163 1.45219e-05 125.56 -20.596 3.3833
125.769 -21.1322 3.38204 0.000455744 125.56 -20.596 3.3833
124.801 -20.8156 3.40116 4.43336e-24 125.56 -20.596 3.3833
125.311 -21.2927 3.36705 2.51278e-13 125.56 -20.596 3.3833
126.127 -20.7608 3.39262 0.00438556 125.56 -20.596 3.3833
125.396 -20.4676 3.36814 1.41862e-07 125.56 -20.596 3.3833
125.71 -20.5921 3.38253 0.0738961 125.56 -20.596 3.3833
126.146 -20.6043 3.39586 0.000441554 125.56 -20.596 3.3833
125.738 -20.9329 3.37772 0.00128612 125.56 -20.596 3.3833
126.103 -21.1126 3.37416 3.17019e-11 125.56 -20.596 3.3833
124.995 -20.696 3.38007 1.52996e-07 125.56 -20.596 3.3833
125.913 -20.5512 3.37412 1.91134e-06 125.56 -20.596 3.3833
125.625 -20.5844 3.37087 6.50239e-06 125.56 -20.596 3.3833
125.075 -20.5838 3.39102 1.62958e-09 125.56 -20.596 3.3833
125.003 -20.6461 3.38872 1.0225e-09 125.56 -20.596 3.3833
125.915 -20.7157 3.38061 0.00461946 125.56 -20.596 3.3833
126.256 -20.5844 3.39629 2.74294e-05 125.56 -20.596 3.3833
125.76 -20.953 3.38977 0.0774879 125.56 -20.596 3.3833
125.159 -20.6266 3.37816 3.46376e-05 125.56 -20.596 3.3833
125.183 -20.9297 3.36787 8.03427e-09 125.56 -20.596 3.3833
125.056 -20.6308 3.37588 9.39812e-07 125.56 -20.596 3.3833
125.661 -21.014 3.37869 0.00134432 125.56 -20.596 3.3833
125.457 -20.5985 3.38226 0.0224732 125.56 -20.596 3.3833
125.331 -20.5603 3.38902 0.000139088 125.56 -20.596 3.3833
125.391 -20.8561 3.38585 0.00738457 125.56 -20.596 3.3833
125.742 -20.3938 3.38214 0.00217461 125.56 -20.596 3.3833
124.942 -20.4514 3.37981 1.32761e-09 125.56 -20.596 3.3833
125.952 -20.8742 3.3997 0.000601428 125.56 -20.596 3.3833
125.374 -20.4347 3.39179 5.23499e-06 125.56 -20.596 3.3833
125.585 -20.3069 3.37796 5.88965e-05 125.56 -20.596 3.3833
125.302 -19.8619 3.36714 3.23956e-17 125.56 -20.596 3.3833
125.53 -20.5967 3.39623 5.62786e-05 125.56 -20.596 3.3833
125.262 -20.7819 3.37699 0.000339288 125.56 -20.596 3.3833
125.695 -20.7611 3.37742 0.00659443 125.56 -20.596 3.3833
125.04 -20.1457 3.38045 1.04457e-11 125.56 -20.596 3.3833
125.454 -20.5265 3.39864 1.00255e-07 125.56 -20.596 3.3833
125.486 -20.9646 3.38909 0.00565447 125.56 -20.596 3.3833
125.424 -20.5394 3.39366 2.60735e-05 125.56 -20.596 3.3833
125.342 -20.8866 3.39311 1.90479e-05 125.56 -20.596 3.3833
125.569 -20.5577 3.37338 0.000158785 125.56 -20.596 3.3833
125.172 -20.5601 3.3876 1.90779e-06 125.56 -20.596 3.3833
125.414 -20.5832 3.38752 0.00359396 125.56 -20.596 3.3833
125.5 -20.2573 3.38161 3.1164e-05 125.56 -20.596 3.3833
125.296 -20.9787 3.37992 0.000231641 125.56 -20.596 3.3833
125.275 -20.5654 3.35753 2.50317e-15 125.56 -20.596 3.3833
125.528 -20.7482 3.37569 0.00286004 125.56 -20.596 3.3833
124.823 -20.5969 3.39856 1.83464e-21 125.56 -20.596 3.3833
125.374 -20.6031 3.39221 6.33572e-05 125.56 -20.596 3.3833
125.655 -20.3721 3.38559 0.00244022 125.56 -20.596 3.3833
125.975 -21.1155 3.39618 0.000304306 125.56 -20.596 3.3833
125.655 -20.6585 3.36968 1.12129e-06 125.56 -20.596 3.3833
124.487 -21.3206 3.3836 1.2855e-26 125.56 -20.596 3.3833
125.403 -20.7132 3.36901 1.92002e-06 125.56 -20.596 3.3833
125.554 -20.3911 3.37626 0.000157386 125.56 -20.596 3.3833
125.491 -20.7529 3.3768 0.00591996 125.56 -20.596 3.3833
125.476 -20.7897 3.3812 0.0387756 125.56 -20.596 3.3833
125.243 -20.8498 3.38835 4.33113e-05 125.56 -20.596 3.3833
125.37 -20.4136 3.39918 2.00561e-10 125.56 -20.596 3.3833
125.262 -20.8152 3.38283 0.000732657 125.56 -20.596 3.3833
126.029 -20.8319 3.39665 0.00464977 125.56 -20.596 3.3833
125.737 -20.4077 3.36898 7.7531e-09 125.56 -20.596 3.3833
125.869 -20.6944 3.40382 2.1584e-06 125.56 -20.596 3.3833
125.163 -20.6152 3.39048 2.15568e-07 125.56 -20.596 3.3833
125.813 -20.5833 3.38826 0.0954673 125.56 -20.596 3.3833
125.786 -20.633 3.36924 4.55502e-08 125.56 -20.596 3.3833
126.069 -20.9446 3.399 0.000359623 125.56 -20.596 3.3833
125.317 -20.6198 3.39136 2.90639e-05 125.56 -20.596 3.3833
125.611 -20.4575 3.37735 0.00112617 125.56 -20.596 3.3833
125.106 -20.9097 3.37884 3.10224e-06 125.56 -20.596 3.3833
125.151 -20.7759 3.38337 2.55657e-05 125.56 -20.596 3.3833
125.387 -20.5466 3.38195 0.00431583 125.56 -20.596 3.3833
125.451 -20.5444 3.3961 3.83594e-06 125.56 -20.596 3.3833
125.668 -21.1523 3.39346 0.000268771 125.56 -20.596 3.3833
125.579 -20.7974 3.37003 2.95732e-06 125.56 -20.596 3.3833
125.43 -20.0253 3.40577 9.00259e-22 125.56 -20.596 3.3833
125.436 -20.5691 3.38448 0.0115002 125.56 -20.596 3.3833
125.142 -20.7 3.37024 3.85836e-07 125.56 -20.596 3.3833
126.078 -20.6271 3.35485 4.80408e-29 125.56 -20.596 3.3833
126.162 -20.5315 3.36802 2.60289e-15 125.56 -20.596 3.3833
125.343 -20.6059 3.38708 0.00102788 125.56 -20.596 3.3833
