-39.1148 -69.318 1.86439 1.12606e-10
-39.6356 -68.8589 1.88117 7.24594e-07
-38.8163 -68.5024 1.88462 0.0018093
-39.2268 -69.0498 1.86581 1.29084e-05
-39.2939 -69.0008 1.89126 1.07619e-06
-38.765 -69.013 1.87971 0.00114489
-39.1568 -68.5116 1.89024 5.16766e-06
-39.7812 -69.048 1.86794 2.11558e-09
-39.4077 -68.4586 1.86363 0.00454533
-38.4916 -69.0924 1.87837 3.21537e-07
-39.3167 -68.5511 1.88603 5.03009e-05
-39.4366 -68.5869 1.86394 0.00299972
-39.13 -68.0646 1.86778 0.000121813
-38.6301 -69.2836 1.88597 4.63099e-07
-39.4161 -68.6592 1.87954 0.00177983
-39.0471 -69.4666 1.8602 1.00451e-16
-39.6078 -68.6159 1.84095 1.12639e-15
-38.9133 -69.3058 1.86729 6.49928e-10
-38.9843 -68.7222 1.87971 0.114074
-39.3723 -68.9979 1.88928 1.06874e-06
-39.1841 -68.7952 1.85509 9.57735e-08
-38.4726 -68.6118 1.85636 5.90328e-14
-39.3356 -68.4346 1.882 0.000234703
-39.5302 -68.7713 1.87394 0.000639727
-39.3001 -68.7515 1.87429 0.0439383
-38.9497 -67.994 1.87992 1.04977e-07
-39.31 -68.9995 1.87461 0.00130966
-39.1959 -68.8032 1.87448 0.0714951
-39.3059 -68.8793 1.88468 0.000474499
-38.8776 -69.2327 1.89688 6.22529e-08
-38.8253 -68.8913 1.88435 0.00774653
-38.7375 -68.7026 1.88309 0.00732601
-39.0769 -68.581 1.89109 1.63559e-05
-39.5619 -69.3408 1.89157 4.4186e-13
-39.4469 -68.9837 1.87714 0.000158982
-39.6896 -68.8332 1.87858 6.12733e-07
-39.0228 -69.1269 1.85421 6.1753e-14
-39.279 -68.6736 1.8795 0.0214845
-38.8627 -68.4621 1.87013 0.0113244
-39.3764 -68.6704 1.87725 0.0108385
-39.0135 -69.2745 1.85583 1.06851e-15
-39.5505 -68.7836 1.85382 1.31128e-08
-39.4044 -68.3298 1.90311 9.83652e-21
-39.1866 -68.5686 1.86756 0.0663508
-39.3645 -68.3747 1.87527 0.00339902
-38.8703 -69.1597 1.88586 0.000139433
-39.1985 -69.0094 1.87254 0.00175054
-38.555 -68.5552 1.86638 6.03374e-07
-39.0705 -68.7736 1.89118 9.03315e-05
-38.7978 -68.812 1.87387 0.00689276
-38.9396 -68.5706 1.87958 0.0671948
-39.0902 -68.0568 1.88281 9.37222e-08
-39.4732 -68.874 1.86983 0.000510848
-39.3459 -68.6786 1.87694 0.0199456
-38.8683 -68.5358 1.87169 0.0278665
-39.4974 -68.8213 1.86412 9.24815e-05
-38.7513 -68.4975 1.8707 0.00215245
-40.191 -68.8546 1.86381 1.49478e-15
-39.5994 -68.9735 1.88129 6.37918e-07
-38.7712 -68.6726 1.86783 0.000551106
-38.8272 -68.5436 1.87428 0.0272923
-39.7386 -68.9094 1.86148 1.67497e-08
-38.7335 -69.0081 1.87262 4.26293e-05
-39.0911 -68.5715 1.87097 0.157444
-38.8602 -69.2355 1.85078 1.08829e-20
-39.0972 -68.2326 1.87992 0.000240058
-39.5444 -68.516 1.85653 1.14819e-05
-38.9914 -68.4521 1.87953 0.0245256
-38.476 -68.693 1.8604 1.08742e-11
-39.1933 -68.7833 1.86308 0.000692837
-39.2778 -68.8738 1.89748 1.0833e-09
-39.5151 -68.5125 1.87151 0.00226482
-39.0608 -68.7534 1.88652 0.00461307
-39.4988 -68.0736 1.8678 8.2529e-06
-38.995 -68.8363 1.85222 2.93043e-11
-39.8497 -68.0189 1.86507 3.13445e-10
-39.2361 -68.7171 1.88061 0.0235915
-39.0085 -68.8436 1.86802 0.00331993
-39.5605 -68.9537 1.8591 3.55629e-08
-38.7681 -68.9171 1.86154 1.86848e-08
-39.3153 -68.4171 1.87273 0.0242502
-39.4785 -69.0188 1.88054 1.55948e-05
-39.145 -68.9123 1.88588 0.00200765
-38.7963 -68.9485 1.85817 1.49603e-10
-38.7198 -69.0277 1.86835 6.42627e-07
-38.8772 -69.0558 1.86285 2.3007e-08
-38.7094 -68.5919 1.87768 0.00626242
-38.6724 -68.7031 1.87962 0.00393849
-39.2973 -69.0396 1.87577 0.000724487
-39.0476 -68.3376 1.88001 0.00292235
-39.3539 -68.6184 1.85961 0.000315228
-38.7524 -68.7419 1.87431 0.00655515
-38.2382 -68.8015 1.88825 6.85867e-09
-38.8064 -69.1467 1.87749 5.91551e-05
-39.4043 -68.6759 1.88601 2.06509e-05
-39.6314 -68.5018 1.86606 0.00018232
-38.976 -68.4618 1.86535 0.00639145
-39.0536 -68.8226 1.87051 0.0236512
-39.0401 -68.7127 1.8745 0.176566
-39.267 -69.0203 1.87652 0.00161735
