179.514 -11.4944 3.2077 4.2497e-19
179.328 -11.2576 3.20365 1.41246e-14
180.054 -10.5218 3.21345 0.00194672
180.601 -10.5685 3.22066 8.51317e-09
179.646 -11.2839 3.19833 7.60527e-09
180.418 -10.5734 3.20709 7.90817e-05
179.955 -10.6869 3.22181 2.30976e-09
180.185 -10.849 3.22431 3.14408e-10
179.72 -10.9839 3.19707 0.00171626
180.224 -10.9357 3.21043 0.000948214
179.838 -10.6104 3.20064 0.223023
180.153 -10.6864 3.21591 0.000614372
179.755 -11.1005 3.20688 7.4043e-06
179.595 -10.7261 3.21195 2.301e-07
179.717 -10.9753 3.20225 0.00214369
180.048 -11.2198 3.20105 5.60189e-07
180.051 -10.7249 3.20178 0.152912
179.652 -11.0901 3.20058 2.9773e-05
179.796 -11.466 3.20867 1.14589e-14
180.192 -10.9026 3.22223 6.06814e-09
179.897 -10.6999 3.1948 0.0112327
179.318 -11.3728 3.21964 2.11848e-32
180.195 -10.7499 3.22084 7.04954e-07
179.994 -11.4596 3.20246 1.35177e-12
179.533 -11.1909 3.20857 1.7608e-11
180.482 -11.0107 3.2027 4.41127e-09
180.153 -11.0151 3.21451 1.13808e-05
179.945 -10.6426 3.2171 1.01486e-05
180.17 -11.0652 3.213 7.8908e-06
179.468 -11.1308 3.21932 1.65217e-21
179.706 -11.0841 3.20557 1.16223e-05
180.034 -10.8122 3.2059 0.148157
179.483 -10.8245 3.22785 7.87263e-29
179.809 -10.8571 3.20711 0.0112623
179.921 -10.9737 3.19015 1.40675e-06
180.099 -10.9285 3.21941 1.48644e-07
180.148 -10.6505 3.20322 0.053657
180.214 -10.8596 3.22423 4.30724e-10
179.863 -10.9072 3.19563 0.0048633
180.287 -11.1546 3.18805 5.91023e-17
179.841 -10.5612 3.22448 5.294e-14
180.19 -11.0587 3.22618 1.76663e-14
179.817 -10.2847 3.19564 1.53271e-05
179.666 -11.1568 3.19162 2.08095e-07
180.089 -10.9034 3.19884 0.00237886
180.256 -10.9882 3.22073 1.06942e-08
180.011 -11.1551 3.20143 1.67728e-05
179.889 -10.6932 3.19503 0.0149316
180.808 -11.0614 3.21491 9.88395e-15
179.486 -10.8663 3.18452 5.58607e-08
179.891 -10.6941 3.19613 0.0359844
179.702 -10.2746 3.19039 8.56171e-08
179.518 -10.538 3.21106 1.21322e-08
180.169 -11.2784 3.20119 3.28538e-09
179.637 -11.1303 3.22178 8.79163e-20
179.669 -10.7403 3.2158 7.24874e-09
179.832 -11.007 3.19612 0.000822728
179.733 -10.7017 3.2117 7.13713e-05
179.542 -10.3009 3.206 7.66368e-08
180.086 -10.0614 3.20782 6.5265e-09
180.099 -11.5354 3.20026 8.09229e-16
179.461 -10.8281 3.22986 5.67405e-33
179.79 -10.803 3.21167 0.000197483
180.052 -11.0318 3.20647 0.00116682
179.754 -11.1231 3.22062 9.72996e-16
179.79 -10.4848 3.19117 7.23999e-05
180.085 -10.9816 3.21076 0.000685178
179.66 -11.4691 3.22315 2.06374e-29
179.872 -10.2117 3.2121 1.48077e-07
179.26 -11.4292 3.19842 2.5306e-18
179.776 -11.0172 3.19842 0.00152659
179.69 -11.3385 3.18656 1.27555e-13
179.996 -10.3681 3.19534 2.80691e-05
179.484 -10.2135 3.18511 3.14685e-12
179.565 -10.7926 3.19613 0.0033623
179.449 -10.3154 3.19995 1.69765e-07
180.237 -10.8693 3.20658 0.00479348
179.496 -10.3334 3.19904 2.03987e-06
179.932 -10.8574 3.20533 0.0952983
179.922 -10.5787 3.19632 0.0157572
179.889 -11.2236 3.2039 1.13579e-06
180.115 -11.4407 3.20256 1.15268e-12
180.268 -11.0996 3.19287 1.8444e-11
179.995 -10.8896 3.2131 0.000494328
179.496 -10.8608 3.21468 2.14524e-12
179.713 -11.1587 3.17205 1.00968e-24
179.925 -11.2795 3.21047 1.87116e-09
180.134 -10.6978 3.21617 0.000420556
180.211 -10.8183 3.22405 1.20329e-09
179.53 -11.1198 3.19681 1.00372e-06
179.96 -10.8179 3.20308 0.208549
180.208 -10.4337 3.20309 0.000785376
179.749 -11.1114 3.20904 5.79595e-07
179.391 -11.0054 3.22327 3.7191e-27
179.753 -11.4121 3.19675 1.20016e-11
180.466 -11.2964 3.19706 8.67059e-17
179.812 -10.9754 3.21662 6.981e-09
180.774 -11.1502 3.20129 4.84617e-20
179.089 -10.8872 3.18919 1.23078e-11
179.294 -11.0586 3.20341 1.13449e-11
