136.455 -16.6041 3.3754 2.97657e-05
136.479 -17.3518 3.35194 2.04631e-07
135.679 -17.3632 3.35878 8.54921e-06
136.035 -17.0479 3.3742 0.00139779
136.661 -17.0667 3.35446 3.50462e-08
136.876 -16.7452 3.35677 3.91809e-13
136.026 -17.3119 3.36761 0.00889124
136.004 -17.3595 3.35965 0.00691869
136.379 -17.8993 3.37814 2.37097e-15
136.049 -17.6825 3.36763 2.92482e-07
136.036 -17.2098 3.36239 0.0835261
136.663 -16.6072 3.36774 1.0828e-06
136.017 -17.296 3.36265 0.0287633
136.647 -16.9057 3.37744 0.000153797
136.721 -17.3202 3.36575 1.57544e-05
135.936 -16.8544 3.35163 5.63161e-06
136.155 -17.0294 3.34057 5.5754e-13
135.783 -17.4917 3.36745 6.68518e-07
136.196 -17.2052 3.37356 0.0082798
135.908 -17.8064 3.35879 1.93513e-09
136.073 -17.2955 3.36922 0.0103619
136.211 -17.0458 3.34642 2.4228e-08
136.617 -16.9325 3.37117 0.00276026
135.734 -17.1868 3.36636 6.25209e-05
136.191 -17.3868 3.35518 0.000612041
136.75 -17.2493 3.36555 1.45104e-05
136.291 -17.3552 3.37858 8.49321e-06
135.96 -17.2963 3.37784 2.56831e-07
135.974 -16.6162 3.34944 4.04162e-10
136.522 -16.6313 3.37253 7.25135e-05
136.244 -16.6785 3.35765 2.24702e-05
136.476 -16.7082 3.35909 5.86979e-06
135.858 -17.5628 3.3806 4.70034e-14
136.09 -16.822 3.37323 0.00197319
136.36 -16.6631 3.37316 0.000538467
136.845 -17.2369 3.37678 3.59827e-07
135.767 -17.4819 3.35658 6.48609e-06
136.241 -17.5168 3.3764 6.86171e-07
136.588 -17.0485 3.38565 7.71184e-08
136.163 -17.1553 3.36093 0.152445
136.319 -17.0947 3.37735 0.00183385
136.105 -17.1899 3.37104 0.0211973
136.123 -16.9937 3.37835 0.000106602
136.336 -17.0948 3.36043 0.046312
136.155 -16.9262 3.38117 4.79965e-06
136.422 -16.3334 3.3675 2.02117e-09
136.549 -17.7462 3.37382 2.25548e-10
136.21 -17.2481 3.36756 0.111733
136.697 -17.612 3.37091 1.41532e-08
136.654 -17.4606 3.37553 7.13133e-07
136.131 -17.4302 3.36901 0.00141742
135.819 -17.1598 3.36947 0.000170399
136.524 -17.7249 3.36519 1.82476e-08
136.442 -17.0952 3.36233 0.0264161
136.602 -16.9517 3.37217 0.0037554
136.61 -17.2947 3.36378 0.000323678
136.61 -16.6873 3.37036 6.67852e-05
136.357 -17.4853 3.3524 7.49652e-07
136.616 -17.3271 3.36051 2.86045e-05
136.031 -17.1946 3.3656 0.0728306
137.02 -16.565 3.34509 2.54114e-30
136.162 -17.5919 3.37073 4.612e-06
135.986 -17.2507 3.3691 0.00522721
136.334 -17.471 3.35095 2.85715e-07
136.272 -17.3003 3.37884 1.83483e-05
136.396 -16.9486 3.36917 0.102249
135.98 -17.155 3.37099 0.00365598
136.145 -17.4638 3.34836 1.93269e-07
135.549 -17.423 3.36043 2.40347e-08
136.478 -17.6878 3.39654 2.69648e-26
136.234 -17.0274 3.35126 2.17527e-05
136.601 -17.4274 3.35593 1.62334e-07
136.231 -16.9458 3.36977 0.138033
135.883 -17.1872 3.35954 0.00773115
136.047 -17.6273 3.37414 1.0558e-08
136.039 -17.0831 3.36905 0.0448154
136.179 -16.9943 3.37271 0.0339239
136.353 -16.6212 3.36814 0.000345632
136.242 -17.2529 3.37699 0.000276147
135.85 -17.1999 3.37473 2.23788e-06
135.75 -17.1044 3.37668 1.15214e-08
136.36 -17.3125 3.36681 0.0339843
135.913 -16.8919 3.38137 5.70114e-09
135.545 -17.6458 3.38034 8.9253e-22
136.988 -16.6062 3.38208 8.09233e-12
136.603 -16.8391 3.38219 3.72771e-06
135.995 -17.2889 3.36337 0.0235831
136.07 -16.562 3.37332 3.82625e-06
135.956 -16.2022 3.35387 9.3775e-17
136.728 -17.5112 3.36757 2.36358e-07
136.485 -16.7513 3.36065 5.85196e-05
136.427 -17.0221 3.36037 0.00878941
136.321 -17.6295 3.37376 2.05132e-07
136.276 -17.3486 3.3733 0.0015146
135.607 -16.8203 3.37947 1.08146e-13
136.275 -17.4709 3.35227 3.66914e-06
135.541 -17.7124 3.36674 4.06263e-14
136.137 -16.7186 3.37365 0.000488716
136.342 -16.9998 3.37896 0.000550221
136.406 -17.0485 3.37779 0.00163892
