223.133 -12.9829 2.93201 9.36114e-05 222.96 -12.473 2.9346
223.048 -13.2375 2.93523 1.66431e-07 222.96 -12.473 2.9346
222.782 -12.112 2.9423 6.34363e-08 222.96 -12.473 2.9346
222.263 -12.7698 2.92974 1.70649e-06 222.96 -12.473 2.9346
223.351 -12.5533 2.94205 0.00144579 222.96 -12.473 2.9346
222.371 -12.7832 2.93584 8.87371e-07 222.96 -12.473 2.9346
222.882 -12.6798 2.92798 0.0416005 222.96 -12.473 2.9346
222.652 -13.0438 2.92433 3.35249e-06 222.96 -12.473 2.9346
222.871 -12.7703 2.9197 4.93014e-06 222.96 -12.473 2.9346
223.07 -12.6451 2.93695 0.106316 222.96 -12.473 2.9346
222.856 -12.1696 2.93868 4.9601e-05 222.96 -12.473 2.9346
223.004 -12.318 2.93443 0.0143015 222.96 -12.473 2.9346
222.372 -12.7882 2.94641 1.14785e-13 222.96 -12.473 2.9346
223.256 -12.683 2.93858 0.0107616 222.96 -12.473 2.9346
222.717 -12.941 2.9244 8.41455e-05 222.96 -12.473 2.9346
222.805 -12.1479 2.93253 0.000369629 222.96 -12.473 2.9346
222.927 -12.1455 2.91605 1.03751e-09 222.96 -12.473 2.9346
222.805 -12.7032 2.92049 0.000106561 222.96 -12.473 2.9346
223.095 -12.2815 2.92691 0.00011646 222.96 -12.473 2.9346
223.295 -12.9341 2.942 0.000222251 222.96 -12.473 2.9346
222.964 -13.0274 2.92301 1.06366e-07 222.96 -12.473 2.9346
222.378 -12.2694 2.91068 5.19572e-09 222.96 -12.473 2.9346
223.348 -12.2896 2.95051 6.50612e-08 222.96 -12.473 2.9346
222.999 -12.5156 2.9393 0.0475514 222.96 -12.473 2.9346
222.783 -12.9998 2.91647 4.65627e-10 222.96 -12.473 2.9346
223.032 -12.1876 2.94226 1.71353e-05 222.96 -12.473 2.9346
223.312 -12.2348 2.91807 6.7753e-14 222.96 -12.473 2.9346
223.272 -13.0581 2.9351 3.87846e-06 222.96 -12.473 2.9346
222.598 -13.1196 2.92582 3.99229e-07 222.96 -12.473 2.9346
222.512 -11.953 2.91883 1.06436e-08 222.96 -12.473 2.9346
222.678 -12.7334 2.93019 0.0368861 222.96 -12.473 2.9346
222.479 -12.3939 2.92617 0.00257147 222.96 -12.473 2.9346
222.971 -12.6581 2.94397 0.00221188 222.96 -12.473 2.9346
222.425 -12.9629 2.93054 4.83939e-06 222.96 -12.473 2.9346
222.294 -12.8066 2.92892 4.23171e-06 222.96 -12.473 2.9346
223.035 -12.7084 2.92064 1.05064e-06 222.96 -12.473 2.9346
222.467 -12.3168 2.92968 0.000383268 222.96 -12.473 2.9346
222.406 -12.5079 2.92206 0.000662707 222.96 -12.473 2.9346
223.383 -12.7725 2.92368 1.27599e-10 222.96 -12.473 2.9346
222.521 -12.8532 2.93731 1.57808e-05 222.96 -12.473 2.9346
223.273 -12.6944 2.93351 0.00151919 222.96 -12.473 2.9346
223.115 -12.6411 2.93125 0.0171951 222.96 -12.473 2.9346
222.689 -12.5995 2.93143 0.0903271 222.96 -12.473 2.9346
222.641 -12.663 2.94943 1.51519e-10 222.96 -12.473 2.9346
222.568 -12.793 2.93103 0.00348832 222.96 -12.473 2.9346
223.178 -13.1288 2.93954 5.90128e-06 222.96 -12.473 2.9346
222.912 -12.5387 2.91305 2.52523e-10 222.96 -12.473 2.9346
222.885 -12.9541 2.93243 0.0023747 222.96 -12.473 2.9346
222.488 -12.6026 2.92735 0.00622951 222.96 -12.473 2.9346
222.69 -12.2806 2.94317 3.05659e-07 222.96 -12.473 2.9346
223.069 -12.6181 2.94146 0.0249844 222.96 -12.473 2.9346
222.78 -12.7504 2.94834 1.23243e-07 222.96 -12.473 2.9346
223.519 -13.2325 2.92702 4.46534e-17 222.96 -12.473 2.9346
222.966 -12.1065 2.94778 8.02136e-10 222.96 -12.473 2.9346
222.87 -12.1598 2.92903 0.000519203 222.96 -12.473 2.9346
223.217 -12.8411 2.89601 2.28981e-43 222.96 -12.473 2.9346
222.481 -12.2357 2.94966 9.14141e-17 222.96 -12.473 2.9346
222.838 -12.8027 2.95257 2.70945e-10 222.96 -12.473 2.9346
222.937 -12.7201 2.95122 7.64767e-08 222.96 -12.473 2.9346
222.909 -12.3212 2.93589 0.0130233 222.96 -12.473 2.9346
222.282 -12.4822 2.92882 1.73803e-05 222.96 -12.473 2.9346
222.794 -13.3418 2.92534 1.48201e-11 222.96 -12.473 2.9346
223.011 -12.3616 2.94927 2.83211e-07 222.96 -12.473 2.9346
222.806 -12.2951 2.93772 0.00137262 222.96 -12.473 2.9346
222.983 -12.3426 2.92744 0.00371048 222.96 -12.473 2.9346
222.563 -12.6113 2.91706 3.10141e-05 222.96 -12.473 2.9346
223.231 -12.5467 2.93825 0.0156554 222.96 -12.473 2.9346
222.934 -12.4747 2.92809 0.0368552 222.96 -12.473 2.9346
222.811 -12.6391 2.93472 0.136024 222.96 -12.473 2.9346
223.227 -11.9398 2.92625 7.55042e-11 222.96 -12.473 2.9346
222.577 -12.7517 2.94812 1.07824e-10 222.96 -12.473 2.9346
222.589 -12.5084 2.92451 0.0138909 222.96 -12.473 2.9346
223.123 -12.4654 2.92344 1.1422e-05 222.96 -12.473 2.9346
222.619 -12.8331 2.9524 5.28189e-14 222.96 -12.473 2.9346
223.214 -12.2227 2.9504 1.19473e-08 222.96 -12.473 2.9346
223.186 -12.3189 2.92143 2.29452e-08 222.96 -12.473 2.9346
222.754 -12.6836 2.91173 3.06326e-10 222.96 -12.473 2.9346
223.677 -12.6234 2.92452 2.15496e-16 222.96 -12.473 2.9346
223.287 -12.4935 2.94704 0.000130721 222.96 -12.473 2.9346
222.357 -12.557 2.95437 1.10159e-22 222.96 -12.473 2.9346
222.848 -12.2202 2.94011 5.84182e-05 222.96 -12.473 2.9346
222.58 -12.5041 2.92836 0.0261671 222.96 -12.473 2.9346
222.77 -13.1533 2.93084 2.35775e-06 222.96 -12.473 2.9346
223.325 -12.6051 2.93102 8.72868e-05 222.96 -12.473 2.9346
223.078 -12.5405 2.92584 0.000692044 222.96 -12.473 2.9346
223.357 -12.9188 2.92741 7.22813e-09 222.96 -12.473 2.9346
223.181 -12.776 2.93901 0.0145137 222.96 -12.473 2.9346
222.999 -12.8247 2.92328 1.5254e-05 222.96 -12.473 2.9346
223.103 -12.5528 2.93818 0.0662809 222.96 -12.473 2.9346
222.28 -12.3306 2.9451 5.45168e-16 222.96 -12.473 2.9346
222.723 -12.808 2.94889 5.13114e-09 222.96 -12.473 2.9346
223.036 -12.8622 2.92968 0.00169695 222.96 -12.473 2.9346
223.379 -12.487 2.94808 2.4527e-05 222.96 -12.473 2.9346
223.088 -13.2849 2.94143 1.71208e-08 222.96 -12.473 2.9346
222.793 -12.3559 2.94174 0.000104482 222.96 -12.473 2.9346
222.809 -12.7907 2.94653 3.24357e-06 222.96 -12.473 2.9346
222.782 -12.6211 2.93142 0.175402 222.96 -12.473 2.9346
223.556 -12.6978 2.93421 1.67585e-07 222.96 -12.473 2.9346
223.073 -12.555 2.9334 0.0817708 222.96 -12.473 2.9346
223.041 -12.6327 2.9223 2.04029e-05 222.96 -12.473 2.9346
