278.633 15.2296 5.19242 6.03907e-13 277.95 15.646 5.2036
277.68 15.4416 5.20888 7.59662e-05 277.95 15.646 5.2036
277.725 15.7525 5.18205 8.2418e-06 277.95 15.646 5.2036
277.28 15.7199 5.19471 2.12413e-09 277.95 15.646 5.2036
277.638 15.5181 5.19521 0.0183404 277.95 15.646 5.2036
277.956 15.5389 5.19036 0.164973 277.95 15.646 5.2036
278.573 15.6385 5.20509 2.29135e-10 277.95 15.646 5.2036
277.521 15.6409 5.18611 2.37414e-05 277.95 15.646 5.2036
277.532 16.0058 5.19538 2.33765e-08 277.95 15.646 5.2036
278.329 16.4167 5.20614 2.29683e-17 277.95 15.646 5.2036
277.79 15.8829 5.19307 0.000253052 277.95 15.646 5.2036
277.524 15.8087 5.18683 4.29058e-07 277.95 15.646 5.2036
277.771 15.3865 5.20935 7.31143e-05 277.95 15.646 5.2036
277.658 16.1101 5.21243 2.11488e-08 277.95 15.646 5.2036
278.008 15.2496 5.19418 0.0126547 277.95 15.646 5.2036
278.18 15.2359 5.19453 0.000432357 277.95 15.646 5.2036
278.167 15.6945 5.20375 0.00349629 277.95 15.646 5.2036
278.115 15.3155 5.18115 0.00058807 277.95 15.646 5.2036
278.068 15.8825 5.20546 0.000836779 277.95 15.646 5.2036
277.509 15.5533 5.19931 0.000242425 277.95 15.646 5.2036
277.768 15.3971 5.18686 0.0518135 277.95 15.646 5.2036
277.472 15.4474 5.19579 8.4817e-05 277.95 15.646 5.2036
277.979 15.5255 5.20469 0.0350768 277.95 15.646 5.2036
277.828 15.7877 5.19559 0.0126136 277.95 15.646 5.2036
277.788 15.512 5.20794 0.00272089 277.95 15.646 5.2036
277.747 15.5091 5.21199 6.64758e-05 277.95 15.646 5.2036
278.101 15.7959 5.19007 0.000233814 277.95 15.646 5.2036
278.041 15.9328 5.18895 2.07266e-06 277.95 15.646 5.2036
277.782 15.6699 5.19074 0.0254275 277.95 15.646 5.2036
278.039 15.2354 5.1893 0.00938633 277.95 15.646 5.2036
278.195 16.037 5.20587 7.30274e-07 277.95 15.646 5.2036
277.889 15.9274 5.20774 0.000477773 277.95 15.646 5.2036
278.025 15.9236 5.21411 2.65023e-05 277.95 15.646 5.2036
277.332 15.7103 5.20453 1.22876e-08 277.95 15.646 5.2036
278.2 15.8819 5.19369 9.84333e-06 277.95 15.646 5.2036
277.774 15.4405 5.18474 0.0256549 277.95 15.646 5.2036
278.558 15.8452 5.20725 4.25255e-11 277.95 15.646 5.2036
277.895 14.8673 5.2011 3.23191e-11 277.95 15.646 5.2036
278.312 15.6415 5.20232 9.76203e-05 277.95 15.646 5.2036
278.048 15.2417 5.20318 0.000151383 277.95 15.646 5.2036
277.652 15.3434 5.20075 0.00100125 277.95 15.646 5.2036
277.576 15.8287 5.19539 4.87715e-05 277.95 15.646 5.2036
277.572 15.3405 5.17935 4.72349e-05 277.95 15.646 5.2036
277.789 15.248 5.1865 0.0151399 277.95 15.646 5.2036
277.509 15.9258 5.20107 7.09826e-07 277.95 15.646 5.2036
277.753 15.4664 5.20124 0.0343007 277.95 15.646 5.2036
278.478 16.0695 5.21571 8.00742e-13 277.95 15.646 5.2036
278.017 15.6099 5.21246 0.000433294 277.95 15.646 5.2036
277.813 15.2598 5.19919 0.00362947 277.95 15.646 5.2036
278.264 15.4789 5.19416 0.000991278 277.95 15.646 5.2036
278.52 15.8541 5.21563 7.86197e-12 277.95 15.646 5.2036
277.966 15.9041 5.18794 7.09203e-06 277.95 15.646 5.2036
277.426 15.2906 5.20807 7.57472e-10 277.95 15.646 5.2036
277.844 16.044 5.20948 8.55622e-06 277.95 15.646 5.2036
278.513 15.6027 5.19411 1.30679e-08 277.95 15.646 5.2036
278.034 15.8546 5.20347 0.00299802 277.95 15.646 5.2036
278.332 15.0511 5.20162 1.99868e-10 277.95 15.646 5.2036
278.118 15.3805 5.19311 0.0239564 277.95 15.646 5.2036
277.454 15.5155 5.21388 2.54709e-09 277.95 15.646 5.2036
278.016 15.3315 5.18885 0.0492561 277.95 15.646 5.2036
278.007 15.4467 5.19621 0.176513 277.95 15.646 5.2036
278.269 15.6333 5.21239 4.17566e-06 277.95 15.646 5.2036
278.058 15.6764 5.21115 0.000964822 277.95 15.646 5.2036
277.958 15.9336 5.20152 0.00064543 277.95 15.646 5.2036
278.258 15.6884 5.20627 0.00015603 277.95 15.646 5.2036
277.648 15.9885 5.19858 3.31647e-06 277.95 15.646 5.2036
278.209 15.1795 5.17992 7.50376e-06 277.95 15.646 5.2036
278.799 15.5403 5.21015 2.68544e-18 277.95 15.646 5.2036
277.418 15.5977 5.21252 5.64094e-09 277.95 15.646 5.2036
277.818 15.0162 5.19283 1.22988e-05 277.95 15.646 5.2036
278.013 15.744 5.21022 0.00217777 277.95 15.646 5.2036
278.139 14.9316 5.19976 4.36586e-10 277.95 15.646 5.2036
277.966 15.5872 5.20267 0.107291 277.95 15.646 5.2036
277.476 15.9642 5.19916 4.80072e-08 277.95 15.646 5.2036
277.887 15.3002 5.20812 4.75819e-05 277.95 15.646 5.2036
277.675 15.7974 5.20445 0.00116205 277.95 15.646 5.2036
277.546 15.1204 5.20855 5.33106e-11 277.95 15.646 5.2036
277.538 15.7263 5.1955 0.000166567 277.95 15.646 5.2036
277.742 15.7239 5.18717 0.000945707 277.95 15.646 5.2036
278.31 15.6514 5.20936 7.67489e-06 277.95 15.646 5.2036
278.463 16.4259 5.21119 1.39112e-19 277.95 15.646 5.2036
278.09 15.0882 5.17411 1.00827e-06 277.95 15.646 5.2036
277.639 15.7495 5.20745 0.000346696 277.95 15.646 5.2036
277.6 15.6661 5.19303 0.00188143 277.95 15.646 5.2036
277.545 15.9599 5.20547 6.76691e-07 277.95 15.646 5.2036
278.347 15.5513 5.20333 2.05315e-05 277.95 15.646 5.2036
277.95 15.7079 5.19361 0.047871 277.95 15.646 5.2036
277.63 15.8124 5.19208 0.000111625 277.95 15.646 5.2036
277.982 15.5314 5.22505 8.85456e-11 277.95 15.646 5.2036
278.103 15.5812 5.18823 0.00849385 277.95 15.646 5.2036
277.867 16.0293 5.1959 4.14128e-06 277.95 15.646 5.2036
278.071 15.9301 5.20296 0.000272087 277.95 15.646 5.2036
278.219 16.4624 5.18523 1.58994e-25 277.95 15.646 5.2036
278.038 15.4527 5.19579 0.137442 277.95 15.646 5.2036
277.912 15.618 5.21796 4.26718e-06 277.95 15.646 5.2036
278.358 15.285 5.19383 3.97025e-06 277.95 15.646 5.2036
277.403 15.7726 5.18846 3.5759e-08 277.95 15.646 5.2036
277.822 15.2267 5.19576 0.0061936 277.95 15.646 5.2036
277.993 15.42 5.18265 0.00958546 277.95 15.646 5.2036
277.504 14.8274 5.19557 2.04197e-13 277.95 15.646 5.2036
