225.643 26.7541 0.0796359 5.86839e-05 225.53 26.864 0.074165
225.679 26.8016 0.0708673 0.0146182 225.53 26.864 0.074165
225.053 27.0985 0.0766462 1.42932e-05 225.53 26.864 0.074165
225.529 26.439 0.0935512 3.45862e-19 225.53 26.864 0.074165
225.629 26.9576 0.0721973 0.0645838 225.53 26.864 0.074165
225.927 26.7062 0.0803146 8.30853e-10 225.53 26.864 0.074165
225.557 27.2546 0.069838 0.00315333 225.53 26.864 0.074165
225.548 26.3961 0.0676709 1.11408e-07 225.53 26.864 0.074165
225.997 26.8604 0.0759789 3.81686e-08 225.53 26.864 0.074165
225.82 26.6975 0.0757398 6.92595e-06 225.53 26.864 0.074165
224.989 26.8366 0.0754929 3.7031e-06 225.53 26.864 0.074165
225.944 27.1368 0.0684961 5.78175e-06 225.53 26.864 0.074165
226.016 26.9804 0.0955533 1.4694e-26 225.53 26.864 0.074165
225.404 26.9703 0.0838494 1.17298e-05 225.53 26.864 0.074165
226.157 26.4955 0.0671756 6.12467e-14 225.53 26.864 0.074165
225.66 26.9283 0.111144 1.14962e-45 225.53 26.864 0.074165
225.043 26.7529 0.0670637 1.23663e-06 225.53 26.864 0.074165
225.925 26.6893 0.105175 1.9964e-40 225.53 26.864 0.074165
225.536 26.8445 0.0705663 0.122756 225.53 26.864 0.074165
225.145 27.0402 0.0759004 0.000627716 225.53 26.864 0.074165
225.375 27.0684 0.0723698 0.0695204 225.53 26.864 0.074165
225.665 27.3497 0.0853642 7.58511e-12 225.53 26.864 0.074165
225.329 27.2819 0.0888695 4.57394e-12 225.53 26.864 0.074165
225.612 27.3426 0.060622 1.66485e-06 225.53 26.864 0.074165
225.853 26.9735 0.0674924 0.000606296 225.53 26.864 0.074165
225.376 26.3871 0.091939 1.2e-17 225.53 26.864 0.074165
225.052 27.0057 0.0997741 4.18608e-23 225.53 26.864 0.074165
225.558 26.7759 0.0650453 0.00840392 225.53 26.864 0.074165
225.473 27.0668 0.081068 0.000182513 225.53 26.864 0.074165
225.731 26.0205 0.0781727 9.98277e-21 225.53 26.864 0.074165
225.424 26.2654 0.0805222 2.7003e-12 225.53 26.864 0.074165
225.659 27.1665 0.0761355 0.00051403 225.53 26.864 0.074165
225.222 26.5863 0.0705249 3.07889e-05 225.53 26.864 0.074165
225.452 26.8453 0.07288 0.11001 225.53 26.864 0.074165
225.689 27.2704 0.0807854 1.1959e-07 225.53 26.864 0.074165
225.568 26.9181 0.0786117 0.0025035 225.53 26.864 0.074165
225.551 26.706 0.0902958 1.87394e-12 225.53 26.864 0.074165
225.082 26.84 0.0760133 9.37645e-05 225.53 26.864 0.074165
225.89 26.157 0.0740074 3.00409e-17 225.53 26.864 0.074165
225.661 27.0419 0.0856344 9.45492e-09 225.53 26.864 0.074165
225.489 26.8225 0.0711973 0.110285 225.53 26.864 0.074165
225.053 26.1468 0.0898919 3.26612e-23 225.53 26.864 0.074165
224.98 26.8294 0.0848479 1.85007e-09 225.53 26.864 0.074165
225.8 26.879 0.0856677 1.78699e-10 225.53 26.864 0.074165
225.825 26.6026 0.0790122 2.224e-08 225.53 26.864 0.074165
225.392 26.3569 0.0829544 2.66707e-11 225.53 26.864 0.074165
224.941 26.5988 0.0773289 2.62907e-09 225.53 26.864 0.074165
225.419 27.0459 0.0712799 0.130503 225.53 26.864 0.074165
225.17 27.1316 0.0486246 8.70386e-18 225.53 26.864 0.074165
225.32 26.128 0.0481745 4.11948e-30 225.53 26.864 0.074165
225.341 26.2329 0.0772132 3.63039e-12 225.53 26.864 0.074165
225.935 26.7842 0.0709194 6.54109e-06 225.53 26.864 0.074165
226.31 27.3353 0.086561 3.26028e-28 225.53 26.864 0.074165
225.933 26.9565 0.0773473 2.47717e-07 225.53 26.864 0.074165
225.335 26.6247 0.0532952 1.38198e-12 225.53 26.864 0.074165
225.006 26.794 0.100729 9.95965e-25 225.53 26.864 0.074165
224.805 26.8814 0.0816358 3.70878e-11 225.53 26.864 0.074165
225.111 26.332 0.0781517 1.12963e-11 225.53 26.864 0.074165
225.639 26.309 0.0734843 5.37799e-10 225.53 26.864 0.074165
225.419 26.3987 0.069746 2.14327e-07 225.53 26.864 0.074165
225.756 27.1542 0.0718757 0.000886963 225.53 26.864 0.074165
225.499 26.9924 0.0849184 1.0251e-06 225.53 26.864 0.074165
225.47 26.839 0.0689267 0.107389 225.53 26.864 0.074165
225.442 27.0201 0.0909226 7.79145e-12 225.53 26.864 0.074165
225.205 26.6128 0.0783673 9.47579e-06 225.53 26.864 0.074165
225.406 26.9184 0.0796142 0.00249364 225.53 26.864 0.074165
225.36 27.0735 0.0692148 0.0515035 225.53 26.864 0.074165
225.718 26.431 0.0833486 3.94722e-12 225.53 26.864 0.074165
224.971 26.6047 0.0961114 9.1779e-21 225.53 26.864 0.074165
224.769 26.8973 0.0995725 1.84697e-26 225.53 26.864 0.074165
225.437 26.8823 0.0724231 0.153852 225.53 26.864 0.074165
225.765 27.7252 0.0765398 3.20709e-16 225.53 26.864 0.074165
225.62 26.9213 0.0826531 6.98237e-06 225.53 26.864 0.074165
225.853 26.2823 0.106034 2.66976e-46 225.53 26.864 0.074165
225.198 26.6784 0.0626353 8.91473e-07 225.53 26.864 0.074165
225.982 26.7884 0.0742705 1.52875e-07 225.53 26.864 0.074165
225.693 26.7994 0.0800886 2.07953e-05 225.53 26.864 0.074165
225.483 27.1712 0.0955437 1.59541e-18 225.53 26.864 0.074165
225.626 26.1843 0.100496 3.82124e-35 225.53 26.864 0.074165
225.213 26.5498 0.0812361 1.43321e-07 225.53 26.864 0.074165
225.73 27.023 0.0745604 0.00236904 225.53 26.864 0.074165
225.577 26.7893 0.0801601 0.000169683 225.53 26.864 0.074165
225.424 26.7313 0.0876807 3.59339e-09 225.53 26.864 0.074165
225.637 26.7803 0.0831184 9.49949e-07 225.53 26.864 0.074165
225.568 26.489 0.0891476 3.9974e-14 225.53 26.864 0.074165
225.142 26.8205 0.0731487 0.000852586 225.53 26.864 0.074165
225.44 26.6706 0.0767875 0.00113606 225.53 26.864 0.074165
225.477 27.0559 0.0658304 0.0406113 225.53 26.864 0.074165
225.245 26.7931 0.0818978 3.04195e-05 225.53 26.864 0.074165
225.156 26.5655 0.0861058 1.91557e-10 225.53 26.864 0.074165
225.997 27.099 0.0762312 1.26017e-08 225.53 26.864 0.074165
225.471 26.4649 0.0690579 4.76191e-06 225.53 26.864 0.074165
225.984 27.1077 0.0953194 4.35466e-26 225.53 26.864 0.074165
225.841 26.9092 0.0757643 4.36222e-05 225.53 26.864 0.074165
225.933 26.6602 0.0851291 7.81627e-14 225.53 26.864 0.074165
224.927 26.896 0.101216 4.02325e-26 225.53 26.864 0.074165
225.791 26.9058 0.0766029 0.000111817 225.53 26.864 0.074165
225.253 26.5565 0.0807033 5.53301e-07 225.53 26.864 0.074165
225.349 27.1655 0.0869802 4.81678e-09 225.53 26.864 0.074165
225.756 26.6554 0.0802601 2.06995e-07 225.53 26.864 0.074165
