9.1921 3.11134 0.302273 1.25578e-09
9.66111 3.04665 0.296949 0.00042475
9.28809 2.98159 0.314726 0.00137661
9.52982 2.97393 0.33398 1.54539e-16
9.78218 2.34599 0.290278 2.76348e-18
9.66185 2.88054 0.313379 0.0193613
9.3967 3.36686 0.303328 2.11038e-07
9.20705 3.15699 0.315684 2.64747e-05
9.54502 2.93584 0.298913 0.000188784
9.80231 2.61375 0.323331 1.9898e-13
9.72726 2.53819 0.298561 2.6614e-08
9.58099 2.85951 0.331284 1.61407e-14
9.26254 3.6471 0.30689 3.43696e-15
9.06378 2.83879 0.317953 8.13937e-08
9.47632 3.10566 0.325084 1.84316e-07
9.54172 2.65198 0.315215 3.56003e-05
10.0633 2.66552 0.324323 1.06123e-20
9.85148 2.46025 0.325971 1.62678e-20
9.36764 3.0905 0.306628 0.00101788
10.032 3.15577 0.322493 9.90382e-16
8.82403 3.24455 0.304702 9.41376e-22
9.67427 2.97465 0.308283 0.292465
9.62815 3.09141 0.317504 0.00100584
9.81708 3.3613 0.308622 4.92189e-05
9.54861 3.0077 0.311665 0.147837
9.63929 2.91824 0.310452 0.146115
9.42136 2.79704 0.309792 0.00267226
9.51614 3.0637 0.29027 1.43777e-11
9.38293 2.54238 0.316357 6.00191e-08
10.01 2.89586 0.319532 1.07809e-11
9.34481 2.72548 0.310691 6.96157e-05
9.6665 2.50376 0.315781 6.89925e-09
9.74433 2.41464 0.305249 7.77542e-10
9.96518 3.05004 0.317779 6.68724e-09
9.72861 2.52069 0.308992 4.14305e-07
9.48488 3.58518 0.314222 2.28021e-10
9.24063 3.06649 0.292239 4.07251e-17
9.5403 3.51096 0.314897 1.62321e-08
9.39065 2.66313 0.296196 6.38912e-12
9.42511 2.81444 0.313245 0.00457308
9.01186 2.62687 0.317158 1.18901e-11
9.60179 3.10655 0.308687 0.160042
9.72799 2.71187 0.311584 0.000523915
9.4556 2.94671 0.296029 8.71904e-08
9.42102 3.43631 0.32377 8.15807e-11
9.88543 2.14216 0.30909 1.00154e-20
9.5765 3.40751 0.304437 1.07399e-05
9.37196 4.0586 0.315112 6.39093e-30
9.4831 2.84835 0.30281 0.000654949
10.0185 3.39783 0.303833 4.00185e-07
9.87738 2.8967 0.303828 0.0273015
9.73019 3.45253 0.32508 1.72571e-15
9.50869 3.05158 0.299455 0.000150499
8.8274 3.14138 0.339941 3.35232e-22
9.48393 3.11442 0.309181 0.0439992
9.60054 3.26772 0.314449 0.000662672
9.75478 2.3598 0.323361 1.07815e-18
9.21573 2.80837 0.341402 6.78108e-23
9.42211 2.84868 0.318052 0.000896403
9.25052 3.0324 0.301592 2.53834e-08
10.1966 2.71388 0.296416 2.76504e-08
9.34071 3.14088 0.319222 0.000179655
9.59926 3.26482 0.313432 0.00143046
9.24118 3.11494 0.297789 1.04942e-11
9.58698 3.15793 0.311116 0.0499234
9.09159 3.02502 0.30877 1.70765e-08
9.91596 2.62508 0.304722 6.81949e-06
9.79491 2.73773 0.291915 5.91261e-08
9.25237 3.21693 0.300227 3.17641e-10
9.40143 3.29688 0.315726 7.03246e-05
9.46692 2.58798 0.30244 5.96511e-08
8.99006 2.63843 0.311529 2.25127e-13
8.83459 3.00174 0.311279 2.14772e-15
9.12852 2.94195 0.31835 3.83908e-06
9.69805 3.3403 0.317435 6.19397e-07
9.61204 2.79778 0.296544 5.825e-06
9.30283 2.93766 0.291134 1.84699e-16
9.31926 2.88483 0.297604 6.52163e-10
9.79721 3.05963 0.314627 0.000714188
9.37287 3.11781 0.312137 0.00605661
9.75401 3.48586 0.332189 3.39122e-25
9.71672 3.05509 0.313781 0.0116103
9.53936 3.41046 0.335784 1.20535e-23
9.92598 3.06388 0.307746 0.00501847
9.8534 3.12221 0.3133 0.000284958
9.51633 2.8037 0.314674 0.00469945
9.56675 3.3022 0.314541 0.000248132
9.59839 2.74869 0.314463 0.00111484
10.2547 2.96868 0.313032 2.49969e-13
9.47684 3.02541 0.306035 0.0243263
9.19551 3.29553 0.299366 2.15742e-13
9.5416 3.246 0.300405 6.43113e-05
9.34504 3.15848 0.306587 0.000180882
9.70874 3.24039 0.303603 0.00879587
9.21868 2.99776 0.311203 6.91731e-05
9.48335 2.89166 0.308191 0.0335429
9.5718 3.10853 0.31999 9.66252e-05
9.18627 2.42685 0.314866 6.41564e-13
9.78974 3.44308 0.331623 2.32232e-24
9.52713 3.36398 0.311508 9.46101e-05
