152.846 -13.8319 3.32505 5.55142e-19
152.823 -13.2021 3.30801 4.70505e-09
153.093 -13.4844 3.32571 1.86617e-11
153.636 -14.0849 3.29707 6.21857e-19
153.437 -14.099 3.3187 2.29097e-07
152.725 -13.6388 3.30737 1.12914e-10
152.696 -13.3349 3.31661 6.06465e-16
153.183 -13.9158 3.31256 2.36783e-06
153.248 -13.0721 3.2938 7.26535e-10
153.224 -13.1655 3.29037 9.15839e-12
153.326 -13.1834 3.326 3.11341e-09
152.767 -13.3529 3.30243 1.69863e-08
152.784 -13.7656 3.30674 2.0444e-10
153.016 -13.5296 3.31932 1.46461e-08
153.186 -13.406 3.3206 3.86187e-06
153.104 -12.9165 3.29914 4.81511e-09
152.7 -13.1829 3.30526 4.4762e-11
153.39 -13.0052 3.30555 1.12501e-05
153.405 -13.6249 3.31058 0.0590404
153.452 -13.9132 3.31495 0.00040902
153.653 -13.8173 3.30071 2.49028e-10
153.572 -13.6333 3.32331 0.0291395
153.087 -13.8657 3.28999 1.89645e-16
153.303 -13.1947 3.30604 0.00151788
153.484 -13.2629 3.31624 0.0343902
153.098 -12.7322 3.31336 4.28055e-14
153.042 -12.9923 3.31089 1.35478e-08
153.318 -13.2921 3.30305 0.000904864
152.876 -13.8098 3.32097 1.72289e-14
153.247 -13.1417 3.32251 1.05721e-08
153.061 -13.4562 3.3129 6.14629e-05
153.142 -13.3016 3.29835 8.52905e-06
153.708 -13.7997 3.3274 0.00130518
153.503 -13.361 3.3067 0.0127648
153.203 -13.6331 3.31141 0.00304686
153.338 -13.9269 3.32306 6.93856e-07
153.537 -13.7635 3.30723 0.00030824
153.053 -13.3097 3.31672 4.0689e-07
153.466 -13.4521 3.31202 0.296023
153.171 -13.6564 3.2867 4.77155e-17
153.716 -13.8163 3.31283 0.00159832
152.689 -13.4281 3.2924 9.70153e-12
153.3 -13.3398 3.31337 0.0188007
153.734 -13.2765 3.31219 0.0123214
153.149 -13.9465 3.32258 2.94283e-10
153.119 -13.7874 3.31479 5.87402e-06
153.597 -13.9639 3.32635 1.22367e-05
153.557 -13.0921 3.30184 6.54422e-07
153.131 -13.3258 3.3107 0.000730159
152.888 -13.0725 3.32487 1.33548e-20
152.87 -13.793 3.29944 3.94928e-10
153.209 -13.0836 3.30039 3.10286e-06
152.914 -13.5524 3.31146 2.88848e-07
153.174 -13.8591 3.31551 4.47514e-06
153.021 -14.0163 3.29124 2.00042e-18
153.491 -12.9465 3.32962 9.13743e-14
153.144 -13.4351 3.30784 0.00270018
153.204 -13.7608 3.31792 2.82446e-05
153.201 -14.265 3.33112 1.47812e-20
153.326 -13.7903 3.31469 0.00180183
153.086 -13.5082 3.31984 2.33054e-07
153.42 -13.3695 3.30445 0.00351146
153.11 -13.3052 3.30603 0.000554172
152.68 -14.2994 3.29592 8.18874e-26
153.463 -12.8068 3.31608 1.49382e-09
153.601 -13.4366 3.30382 0.000150537
154.093 -13.6758 3.29575 2.49375e-24
153.88 -13.4532 3.34036 5.63215e-11
153.064 -14.0371 3.31564 1.44849e-10
153.069 -13.4907 3.29166 2.78888e-10
152.838 -13.3553 3.30619 1.52559e-07
153.446 -13.7184 3.31931 0.0162671
153.479 -13.6912 3.30273 1.32982e-05
153.594 -13.4154 3.31911 0.271296
152.906 -13.3707 3.31444 1.00026e-08
152.996 -13.5124 3.30983 2.42378e-05
153.038 -13.2462 3.30026 9.27383e-06
152.8 -13.0667 3.32409 1.06109e-22
153.21 -13.3726 3.3138 0.00271957
153.341 -13.317 3.29428 5.76665e-09
153.427 -13.5422 3.3084 0.0503178
152.572 -13.4674 3.31886 1.334e-21
152.948 -13.0826 3.3039 1.64513e-07
153.413 -13.5236 3.31113 0.169693
153.764 -13.9211 3.32305 0.00135669
153.021 -13.2389 3.29906 3.0041e-06
153.56 -13.3735 3.3288 8.69997e-06
152.893 -13.8471 3.30168 5.25759e-10
153.293 -13.1402 3.29185 3.55642e-11
153.404 -13.6672 3.30253 3.98137e-05
153.795 -13.1058 3.29071 2.89759e-21
153.246 -13.5565 3.29764 9.67415e-07
153.444 -13.0758 3.28617 2.06505e-19
153.186 -13.3213 3.31784 3.12999e-05
152.806 -13.7281 3.30259 1.41011e-09
153.348 -13.4184 3.3049 0.00705248
153.727 -13.8013 3.29132 3.98398e-22
152.928 -13.6325 3.29242 3.7524e-11
153.601 -13.9152 3.30607 2.61401e-07
152.929 -13.5516 3.30614 3.7497e-06
