50.6133 12.8496 0.15713 2.25273e-09 50.685 12.337 0.15251
50.9465 12.4425 0.13338 1.25996e-07 50.685 12.337 0.15251
50.4326 12.1808 0.146016 0.187702 50.685 12.337 0.15251
50.8142 12.5559 0.154798 8.53262e-06 50.685 12.337 0.15251
50.7248 12.2415 0.152331 0.0429361 50.685 12.337 0.15251
50.3545 12.3146 0.151619 0.073038 50.685 12.337 0.15251
50.3932 12.13 0.154059 0.0417398 50.685 12.337 0.15251
50.9738 12.1838 0.128029 4.89062e-08 50.685 12.337 0.15251
50.4452 11.9583 0.156149 0.000313069 50.685 12.337 0.15251
50.7793 12.3745 0.147664 0.0455262 50.685 12.337 0.15251
50.3942 11.9615 0.15053 0.0127743 50.685 12.337 0.15251
50.8626 12.5303 0.148541 0.000169993 50.685 12.337 0.15251
50.8109 12.7564 0.168936 1.71299e-18 50.685 12.337 0.15251
50.9293 12.6997 0.15268 7.41961e-09 50.685 12.337 0.15251
51.2888 13.072 0.153939 1.11218e-21 50.685 12.337 0.15251
51.2255 11.9986 0.132855 1.08864e-06 50.685 12.337 0.15251
50.783 11.5703 0.145399 1.14227e-07 50.685 12.337 0.15251
50.4879 12.104 0.133214 9.49007e-07 50.685 12.337 0.15251
51.1331 12.3161 0.14644 3.44437e-06 50.685 12.337 0.15251
51.0669 12.2765 0.149728 7.29793e-06 50.685 12.337 0.15251
50.504 11.9834 0.159939 2.73132e-06 50.685 12.337 0.15251
50.3963 12.9043 0.159615 2.35263e-10 50.685 12.337 0.15251
50.6204 11.6056 0.146511 9.50183e-07 50.685 12.337 0.15251
51.1033 11.9546 0.156599 5.4189e-13 50.685 12.337 0.15251
51.3848 12.1077 0.156382 5.06847e-20 50.685 12.337 0.15251
50.7309 11.9672 0.153536 0.000420317 50.685 12.337 0.15251
50.9208 12.5056 0.140624 2.55744e-05 50.685 12.337 0.15251
50.6251 12.342 0.132818 1.95688e-07 50.685 12.337 0.15251
50.5256 12.359 0.141826 0.00645258 50.685 12.337 0.15251
50.2879 12.3678 0.149652 0.00758218 50.685 12.337 0.15251
50.0529 12.0444 0.159357 3.91035e-07 50.685 12.337 0.15251
50.8566 12.3731 0.159327 8.64493e-08 50.685 12.337 0.15251
50.4927 12.7112 0.167395 2.38741e-11 50.685 12.337 0.15251
50.6215 12.2205 0.171241 2.90947e-16 50.685 12.337 0.15251
50.4683 12.2023 0.144565 0.162986 50.685 12.337 0.15251
50.5156 12.8482 0.160774 7.17755e-10 50.685 12.337 0.15251
50.8378 12.1746 0.155876 3.07816e-05 50.685 12.337 0.15251
50.532 12.5596 0.146859 0.000936649 50.685 12.337 0.15251
50.4518 12.4016 0.164418 9.20361e-07 50.685 12.337 0.15251
50.376 12.2754 0.154157 0.06535 50.685 12.337 0.15251
50.9462 12.2368 0.147591 0.00450232 50.685 12.337 0.15251
50.3679 12.2871 0.147403 0.0514001 50.685 12.337 0.15251
50.5229 11.8716 0.150162 0.00419945 50.685 12.337 0.15251
50.3708 12.1642 0.168198 1.64784e-10 50.685 12.337 0.15251
51.3281 11.937 0.145083 1.3265e-10 50.685 12.337 0.15251
50.9619 12.0773 0.140696 0.0189212 50.685 12.337 0.15251
50.3176 12.771 0.143259 2.15026e-11 50.685 12.337 0.15251
50.7755 12.5444 0.151977 0.000241607 50.685 12.337 0.15251
50.8533 12.2439 0.152788 0.00119248 50.685 12.337 0.15251
50.4564 12.3788 0.156717 0.0116079 50.685 12.337 0.15251
50.8259 12.5355 0.142244 9.01663e-05 50.685 12.337 0.15251
50.9032 12.2041 0.142909 0.0528945 50.685 12.337 0.15251
50.197 12.2842 0.150452 0.00191228 50.685 12.337 0.15251
51.0096 12.2667 0.153426 1.39764e-06 50.685 12.337 0.15251
50.6727 12.0696 0.151461 0.0629812 50.685 12.337 0.15251
50.358 12.5634 0.138361 7.97451e-10 50.685 12.337 0.15251
50.94 11.8083 0.127982 2.26727e-07 50.685 12.337 0.15251
50.7432 12.3201 0.16828 2.88472e-14 50.685 12.337 0.15251
51.0463 12.7287 0.164962 4.21862e-20 50.685 12.337 0.15251
49.9876 12.3448 0.147163 1.05238e-08 50.685 12.337 0.15251
50.2697 12.0052 0.154282 0.000881948 50.685 12.337 0.15251
51.2533 11.984 0.145992 8.20765e-09 50.685 12.337 0.15251
50.3722 12.3611 0.145505 0.00655133 50.685 12.337 0.15251
51.0643 12.3737 0.145735 3.418e-05 50.685 12.337 0.15251
50.1766 12.3774 0.152888 0.000776425 50.685 12.337 0.15251
50.8636 12.0267 0.155496 2.38083e-06 50.685 12.337 0.15251
51.0649 12.4828 0.167457 1.6973e-21 50.685 12.337 0.15251
50.1505 12.3016 0.150739 0.000400132 50.685 12.337 0.15251
50.9502 12.5247 0.146463 2.79923e-05 50.685 12.337 0.15251
50.7941 11.7522 0.15695 1.4727e-10 50.685 12.337 0.15251
50.5473 11.8775 0.153867 0.00023729 50.685 12.337 0.15251
50.5984 12.5172 0.159776 2.09506e-05 50.685 12.337 0.15251
50.9284 12.2899 0.13769 0.00135828 50.685 12.337 0.15251
50.9009 12.2959 0.124089 3.95305e-13 50.685 12.337 0.15251
50.8882 12.7995 0.128399 1.38103e-20 50.685 12.337 0.15251
50.64 12.5932 0.156697 4.04101e-05 50.685 12.337 0.15251
50.7466 12.0914 0.159763 2.86395e-07 50.685 12.337 0.15251
50.2718 12.6181 0.149162 5.57263e-06 50.685 12.337 0.15251
50.8958 11.5584 0.152963 2.65728e-13 50.685 12.337 0.15251
50.842 12.5486 0.147728 0.000176481 50.685 12.337 0.15251
50.7406 12.2842 0.160225 1.44946e-06 50.685 12.337 0.15251
50.7285 11.7859 0.151444 1.63511e-05 50.685 12.337 0.15251
50.4305 12.2792 0.160802 0.000227305 50.685 12.337 0.15251
50.6933 12.1192 0.154863 0.00319815 50.685 12.337 0.15251
50.371 12.2407 0.147552 0.0832987 50.685 12.337 0.15251
50.07 12.3859 0.141539 1.55138e-10 50.685 12.337 0.15251
50.9814 11.7612 0.148711 1.99877e-07 50.685 12.337 0.15251
50.1455 12.7634 0.133947 1.05529e-23 50.685 12.337 0.15251
50.5874 11.9087 0.139183 0.00855777 50.685 12.337 0.15251
50.8264 12.4923 0.142072 0.000375112 50.685 12.337 0.15251
50.3623 11.8044 0.159066 2.31774e-08 50.685 12.337 0.15251
51.0733 12.1441 0.141893 0.000868063 50.685 12.337 0.15251
50.8193 12.4807 0.152241 0.000347019 50.685 12.337 0.15251
49.2919 12.0614 0.15103 1.55059e-31 50.685 12.337 0.15251
50.6434 11.8446 0.144697 0.0166496 50.685 12.337 0.15251
50.3379 12.1338 0.145357 0.0167887 50.685 12.337 0.15251
50.6781 11.9068 0.15197 0.00120094 50.685 12.337 0.15251
50.7555 12.8239 0.16254 5.73344e-13 50.685 12.337 0.15251
50.4128 12.7431 0.152332 1.73154e-06 50.685 12.337 0.15251
50.9503 12.7349 0.137095 9.18381e-12 50.685 12.337 0.15251
