279.562 10.2746 4.93049 0.000734051 279.74 10.056 4.9386
280.132 9.75644 4.93245 3.01025e-07 279.74 10.056 4.9386
280.153 9.75561 4.93043 1.64062e-07 279.74 10.056 4.9386
279.834 10.3147 4.94114 0.342062 279.74 10.056 4.9386
279.553 10.1801 4.92452 0.000100823 279.74 10.056 4.9386
279.608 10.475 4.92733 0.0001212 279.74 10.056 4.9386
279.789 10.8519 4.94971 8.83425e-05 279.74 10.056 4.9386
279.488 10.517 4.93674 3.65425e-05 279.74 10.056 4.9386
280.213 9.66526 4.9328 9.68229e-10 279.74 10.056 4.9386
279.511 10.0052 4.93969 5.02918e-06 279.74 10.056 4.9386
279.697 10.156 4.92308 0.000820664 279.74 10.056 4.9386
280.034 9.8412 4.94141 1.73415e-05 279.74 10.056 4.9386
279.371 10.1281 4.9405 2.55938e-07 279.74 10.056 4.9386
280.145 10.4287 4.9501 0.229825 279.74 10.056 4.9386
279.426 10.0193 4.92584 6.32395e-07 279.74 10.056 4.9386
279.029 9.31398 4.92439 7.20138e-29 279.74 10.056 4.9386
280.135 10.0707 4.94529 0.00554189 279.74 10.056 4.9386
279.314 9.70445 4.92479 9.53357e-13 279.74 10.056 4.9386
279.728 10.1782 4.93525 0.0286425 279.74 10.056 4.9386
279.338 10.2084 4.9265 1.44217e-07 279.74 10.056 4.9386
279.627 10.4771 4.93589 0.0029186 279.74 10.056 4.9386
279.269 10.4074 4.9329 8.58626e-09 279.74 10.056 4.9386
279.876 10.2986 4.91278 1.56679e-06 279.74 10.056 4.9386
280.352 9.97507 4.91202 1.33462e-11 279.74 10.056 4.9386
279.609 10.2984 4.92368 0.00021558 279.74 10.056 4.9386
280.097 9.33532 4.94528 1.15411e-19 279.74 10.056 4.9386
279.882 9.69244 4.93071 1.41277e-07 279.74 10.056 4.9386
279.552 10.0261 4.9423 1.72571e-05 279.74 10.056 4.9386
280.051 10.2361 4.91853 3.62112e-05 279.74 10.056 4.9386
280.081 10.0519 4.91603 2.61828e-06 279.74 10.056 4.9386
279.977 9.85453 4.90788 3.1011e-09 279.74 10.056 4.9386
280.016 9.9424 4.93559 0.000936519 279.74 10.056 4.9386
279.628 10.1003 4.93703 0.00154402 279.74 10.056 4.9386
279.972 9.72804 4.94694 2.2177e-08 279.74 10.056 4.9386
280.34 9.70656 4.94556 5.60012e-11 279.74 10.056 4.9386
279.761 9.67303 4.93374 1.96306e-08 279.74 10.056 4.9386
280.123 10.1803 4.92724 0.00156189 279.74 10.056 4.9386
279.353 9.9801 4.95146 2.32493e-11 279.74 10.056 4.9386
279.608 9.60168 4.93537 2.13089e-11 279.74 10.056 4.9386
279.722 10.3874 4.91199 1.58523e-07 279.74 10.056 4.9386
280.085 10.5713 4.96852 0.00263301 279.74 10.056 4.9386
279.649 10.8308 4.92412 3.47154e-10 279.74 10.056 4.9386
279.719 9.79257 4.93196 2.3705e-06 279.74 10.056 4.9386
279.872 9.48108 4.92194 2.32174e-12 279.74 10.056 4.9386
279.836 10.4417 4.92116 9.7558e-05 279.74 10.056 4.9386
280.059 9.84167 4.93287 2.24642e-05 279.74 10.056 4.9386
280.424 9.67027 4.95689 4.23205e-15 279.74 10.056 4.9386
279.805 10.5939 4.91623 3.53352e-08 279.74 10.056 4.9386
280.305 9.71587 4.92872 4.55789e-10 279.74 10.056 4.9386
279.237 10.5946 4.91494 1.58911e-14 279.74 10.056 4.9386
279.9 9.75643 4.92219 6.38843e-07 279.74 10.056 4.9386
279.669 9.83774 4.93491 4.10489e-06 279.74 10.056 4.9386
279.546 10.7168 4.93846 3.49614e-06 279.74 10.056 4.9386
279.842 9.99312 4.94703 0.000681043 279.74 10.056 4.9386
279.611 9.89663 4.9201 2.24856e-06 279.74 10.056 4.9386
280.105 10.166 4.94105 0.0583407 279.74 10.056 4.9386
279.238 10.0054 4.93838 4.58972e-11 279.74 10.056 4.9386
280.093 10.2164 4.92463 0.000816803 279.74 10.056 4.9386
279.608 10.0869 4.93614 0.00078967 279.74 10.056 4.9386
279.68 9.72318 4.92627 9.12801e-08 279.74 10.056 4.9386
279.79 10.0486 4.92638 0.00227327 279.74 10.056 4.9386
279.827 10.3216 4.92033 0.000321859 279.74 10.056 4.9386
279.713 9.7206 4.93501 7.47643e-08 279.74 10.056 4.9386
280.405 10.8425 4.97184 6.78524e-07 279.74 10.056 4.9386
279.751 10.5153 4.9273 0.000525363 279.74 10.056 4.9386
279.979 10.7908 4.94931 0.00255551 279.74 10.056 4.9386
279.791 10.1572 4.9231 0.00198831 279.74 10.056 4.9386
279.448 10.0887 4.93843 4.37538e-06 279.74 10.056 4.9386
279.854 9.92819 4.93296 0.000724215 279.74 10.056 4.9386
279.726 9.96085 4.94016 0.000295553 279.74 10.056 4.9386
279.835 9.53233 4.93403 1.84799e-11 279.74 10.056 4.9386
279.697 10.0923 4.92248 0.000427975 279.74 10.056 4.9386
279.852 9.72401 4.9234 2.71524e-07 279.74 10.056 4.9386
280.581 9.8176 4.94157 1.47955e-12 279.74 10.056 4.9386
280.078 10.1529 4.94805 0.0411104 279.74 10.056 4.9386
279.73 10.2945 4.94703 0.049234 279.74 10.056 4.9386
280.411 9.74135 4.94521 3.82067e-11 279.74 10.056 4.9386
280.385 10.1488 4.94528 9.28225e-05 279.74 10.056 4.9386
279.445 9.60577 4.92376 1.85718e-12 279.74 10.056 4.9386
279.508 9.77875 4.91454 1.94417e-09 279.74 10.056 4.9386
279.873 9.86699 4.93932 7.54158e-05 279.74 10.056 4.9386
279.591 10.5547 4.94057 0.000796109 279.74 10.056 4.9386
279.85 9.97487 4.93425 0.00257855 279.74 10.056 4.9386
279.54 9.87805 4.97363 1.57561e-18 279.74 10.056 4.9386
279.515 9.91738 4.9409 3.08926e-07 279.74 10.056 4.9386
280.195 9.43765 4.92055 1.69152e-15 279.74 10.056 4.9386
279.988 9.99908 4.95408 0.000125346 279.74 10.056 4.9386
280.02 9.91496 4.91574 9.83029e-07 279.74 10.056 4.9386
280.077 10.353 4.92104 5.13823e-05 279.74 10.056 4.9386
279.61 9.65117 4.93959 7.48154e-11 279.74 10.056 4.9386
279.603 10.248 4.92589 0.000541914 279.74 10.056 4.9386
279.507 10.2332 4.93285 0.000204283 279.74 10.056 4.9386
279.855 10.2559 4.93534 0.17388 279.74 10.056 4.9386
280.649 10.3084 4.93804 8.12545e-10 279.74 10.056 4.9386
279.855 9.63366 4.91979 3.17138e-09 279.74 10.056 4.9386
279.907 9.54912 4.9595 4.9278e-17 279.74 10.056 4.9386
279.947 10.2657 4.92995 0.0435353 279.74 10.056 4.9386
280.614 10.1314 4.90545 2.18481e-20 279.74 10.056 4.9386
279.158 9.79117 4.91669 7.08508e-15 279.74 10.056 4.9386
280.104 9.87593 4.94222 3.01947e-05 279.74 10.056 4.9386
