149.761 22.1195 0.0701303 6.71236e-06 149.64 21.571 0.072209
149.349 21.4242 0.0587941 1.40357e-10 149.64 21.571 0.072209
149.735 22.1857 0.0711998 2.52312e-07 149.64 21.571 0.072209
149.22 21.4549 0.0592021 1.17269e-12 149.64 21.571 0.072209
150.098 21.4477 0.0796915 3.81073e-05 149.64 21.571 0.072209
149.4 21.6402 0.0642972 2.21068e-05 149.64 21.571 0.072209
149.825 22.3254 0.0665394 9.45892e-10 149.64 21.571 0.072209
149.648 21.7616 0.0710236 0.0645407 149.64 21.571 0.072209
149.726 21.4719 0.060025 6.86014e-05 149.64 21.571 0.072209
149.77 21.8793 0.0705751 0.0121125 149.64 21.571 0.072209
149.227 21.367 0.0662226 8.43121e-09 149.64 21.571 0.072209
149.234 21.5703 0.0777642 8.16515e-05 149.64 21.571 0.072209
149.699 22.1593 0.0591106 9.81946e-08 149.64 21.571 0.072209
149.691 21.4797 0.0881781 8.03938e-05 149.64 21.571 0.072209
150.174 22.3757 0.0562792 1.22067e-12 149.64 21.571 0.072209
149.712 21.9476 0.0660131 0.00141423 149.64 21.571 0.072209
150.28 22.0782 0.0683717 3.24268e-09 149.64 21.571 0.072209
149.797 21.6071 0.0729711 0.294813 149.64 21.571 0.072209
149.615 21.4577 0.0518248 1.07283e-11 149.64 21.571 0.072209
149.573 21.487 0.0681794 0.0152793 149.64 21.571 0.072209
149.791 21.7294 0.0773295 0.0208422 149.64 21.571 0.072209
149.437 21.66 0.0704411 0.00431375 149.64 21.571 0.072209
149.448 21.9957 0.0660761 3.59029e-06 149.64 21.571 0.072209
149.709 22.0156 0.0598607 1.20753e-05 149.64 21.571 0.072209
149.446 21.7407 0.0592367 3.58716e-07 149.64 21.571 0.072209
149.347 21.4755 0.0747484 0.00168212 149.64 21.571 0.072209
149.476 21.6014 0.0424701 3.39018e-22 149.64 21.571 0.072209
149.698 21.8988 0.0840623 1.21957e-06 149.64 21.571 0.072209
149.717 21.9306 0.0676348 0.0030771 149.64 21.571 0.072209
149.948 21.5169 0.064103 0.00750689 149.64 21.571 0.072209
149.422 21.6839 0.0673451 0.000509623 149.64 21.571 0.072209
150.071 21.5512 0.0674447 0.00577771 149.64 21.571 0.072209
149.654 21.5811 0.0589609 3.0611e-05 149.64 21.571 0.072209
149.093 21.8329 0.086531 1.12002e-10 149.64 21.571 0.072209
149.972 20.9485 0.0794549 2.37302e-08 149.64 21.571 0.072209
150.112 21.7161 0.0664441 0.00196916 149.64 21.571 0.072209
149.67 21.2323 0.074039 0.00638561 149.64 21.571 0.072209
149.475 21.8676 0.0858455 4.15257e-07 149.64 21.571 0.072209
149.917 21.5491 0.0753167 0.053182 149.64 21.571 0.072209
149.39 21.4193 0.0683866 9.83597e-05 149.64 21.571 0.072209
148.509 21.4376 0.0380336 5.0077e-68 149.64 21.571 0.072209
150.104 22.1828 0.0778708 2.57259e-12 149.64 21.571 0.072209
149.76 20.9961 0.0777336 5.11924e-06 149.64 21.571 0.072209
150.012 22.1534 0.0767815 6.37185e-10 149.64 21.571 0.072209
149.717 21.3591 0.0699878 0.0279834 149.64 21.571 0.072209
149.27 21.56 0.0557051 1.89568e-13 149.64 21.571 0.072209
150.362 21.8767 0.0817857 3.13175e-14 149.64 21.571 0.072209
149.145 22.129 0.0632089 2.96674e-14 149.64 21.571 0.072209
150.13 21.7486 0.0766356 1.6829e-05 149.64 21.571 0.072209
149.457 21.5063 0.0802304 0.017093 149.64 21.571 0.072209
149.576 21.4934 0.0765739 0.147712 149.64 21.571 0.072209
149.788 22.0177 0.0571426 3.16515e-06 149.64 21.571 0.072209
150.051 22.2596 0.0542758 3.4761e-10 149.64 21.571 0.072209
149.709 22.1611 0.061394 4.00403e-07 149.64 21.571 0.072209
149.407 21.3824 0.0636177 5.94499e-07 149.64 21.571 0.072209
149.359 22.0768 0.0642344 6.45357e-09 149.64 21.571 0.072209
149.755 21.7914 0.0603096 0.000865619 149.64 21.571 0.072209
149.964 21.6872 0.0570622 8.36335e-05 149.64 21.571 0.072209
150.079 21.5197 0.0474413 3.31768e-12 149.64 21.571 0.072209
149.503 21.4943 0.0577916 3.65657e-08 149.64 21.571 0.072209
149.725 22.2033 0.0745622 1.66259e-08 149.64 21.571 0.072209
149.661 21.5268 0.070134 0.157704 149.64 21.571 0.072209
149.572 21.9242 0.0777133 0.000148626 149.64 21.571 0.072209
149.977 21.1921 0.0690179 5.53499e-05 149.64 21.571 0.072209
150.274 22.4238 0.0614111 8.21803e-15 149.64 21.571 0.072209
149.61 21.7459 0.0767272 0.0264212 149.64 21.571 0.072209
149.298 21.5906 0.0774905 0.000552372 149.64 21.571 0.072209
149.625 21.6475 0.0807287 0.0170446 149.64 21.571 0.072209
149.569 21.1074 0.0602757 3.80084e-11 149.64 21.571 0.072209
149.437 21.821 0.0597733 3.36759e-07 149.64 21.571 0.072209
149.666 21.3057 0.0639767 5.62605e-05 149.64 21.571 0.072209
149.711 21.658 0.066463 0.0649192 149.64 21.571 0.072209
149.616 22.1456 0.0811255 8.4433e-10 149.64 21.571 0.072209
149.489 21.4959 0.0679251 0.00263323 149.64 21.571 0.072209
149.96 21.39 0.0615442 0.000105283 149.64 21.571 0.072209
150.006 21.8415 0.0575183 7.74625e-05 149.64 21.571 0.072209
149.373 21.5442 0.0694172 0.000441606 149.64 21.571 0.072209
149.435 22.1172 0.0604733 1.64575e-09 149.64 21.571 0.072209
149.713 21.9437 0.0778138 0.000104071 149.64 21.571 0.072209
149.481 22.1342 0.0711387 1.50835e-07 149.64 21.571 0.072209
149.625 21.6171 0.0616736 0.000523851 149.64 21.571 0.072209
149.938 22.0169 0.0561295 2.66474e-06 149.64 21.571 0.072209
149.495 21.8276 0.0742678 0.00259785 149.64 21.571 0.072209
149.107 21.5348 0.0710651 2.6836e-08 149.64 21.571 0.072209
150.213 22.1528 0.0461384 4.30616e-13 149.64 21.571 0.072209
150.025 21.6867 0.0628281 0.00399232 149.64 21.571 0.072209
149.743 21.8505 0.0731337 0.0144499 149.64 21.571 0.072209
150.034 21.7076 0.0781174 0.000191482 149.64 21.571 0.072209
149.85 22.1745 0.0559323 2.75479e-08 149.64 21.571 0.072209
149.574 21.8282 0.0601827 2.74694e-05 149.64 21.571 0.072209
149.261 22.4755 0.0668269 1.31927e-18 149.64 21.571 0.072209
149.882 21.7216 0.0514903 6.24815e-08 149.64 21.571 0.072209
149.658 22.1268 0.0647621 2.5903e-06 149.64 21.571 0.072209
149.862 21.8045 0.0539412 2.13069e-06 149.64 21.571 0.072209
149.548 21.7164 0.078841 0.011403 149.64 21.571 0.072209
149.766 22.0277 0.0718906 0.000125595 149.64 21.571 0.072209
149.629 21.38 0.0684402 0.00880176 149.64 21.571 0.072209
149.432 21.4683 0.0612055 3.29837e-07 149.64 21.571 0.072209
150.082 21.6658 0.0917003 3.42577e-13 149.64 21.571 0.072209
150.283 22.0164 0.0470024 4.6047e-12 149.64 21.571 0.072209
