113.887 19.2756 0.050816 0.00918522
113.43 19.1461 0.0634358 0.000403233
113.815 19.511 0.0587843 0.000258407
113.608 19.0229 0.0695165 0.0126448
114.541 19.5163 0.0648614 4.23413e-10
114.174 19.5963 0.0790023 1.42527e-12
113.575 19.4163 0.0654065 8.71249e-05
114.152 19.3669 0.0957909 6.64898e-21
113.427 18.604 0.076926 2.98711e-06
114.197 19.208 0.0784054 7.73047e-08
114.575 19.5235 0.0814211 3.44097e-19
113.851 19.7429 0.0775712 1.80466e-12
113.816 19.2457 0.0732267 0.000654053
113.708 19.1548 0.0493759 0.0012281
114.478 19.0091 0.0735875 1.40911e-08
113.747 19.6529 0.0491521 2.00314e-07
113.633 19.1956 0.0835638 1.49678e-07
113.936 19.6985 0.0746648 1.36354e-10
114.086 18.9066 0.0574532 0.129987
113.804 18.5559 0.0569047 0.000320643
114.005 19.6653 0.0703392 1.15684e-08
114.167 18.9231 0.0710028 0.00100795
113.825 19.2468 0.0706633 0.00304302
114.057 19.0128 0.0633107 0.143036
114.073 19.179 0.0683491 0.0057064
114.515 18.9087 0.0668935 8.07768e-07
114.248 19.5151 0.0792146 2.96398e-12
113.854 19.2032 0.0652727 0.0533717
113.698 19.0391 0.100267 2.16949e-17
113.746 19.4669 0.0637711 0.000278053
113.907 18.5456 0.0533511 0.000101051
113.54 19.6601 0.075289 1.65555e-10
113.807 18.7608 0.0807681 2.08885e-05
114.149 19.323 0.094038 8.84163e-19
114.494 19.2477 0.0817099 1.88175e-14
113.998 19.003 0.0689791 0.033253
113.841 19.6367 0.0826409 5.27355e-13
114.172 19.1852 0.0760983 2.37377e-06
113.85 19.4634 0.0661596 0.000228837
113.512 19.7402 0.0654435 5.72056e-10
113.776 19.1729 0.0770765 0.000122288
113.798 19.7746 0.0629881 1.01421e-08
114.044 19.1757 0.0696886 0.00392832
113.545 18.97 0.0746299 0.00085001
113.541 18.9543 0.0717651 0.00284267
114.009 19.5363 0.0663397 1.41017e-05
113.787 18.969 0.0832847 2.40225e-06
113.637 18.7618 0.0716726 0.0038274
114.339 18.7663 0.0791678 4.16981e-09
114.256 18.9749 0.080254 2.21322e-08
113.759 19.1054 0.0638468 0.120271
114.148 19.302 0.0991608 4.27296e-23
113.51 19.5757 0.0722595 1.95092e-08
113.995 19.6703 0.0931496 5.70897e-22
113.869 18.9548 0.0762676 0.00103307
113.88 19.3613 0.0656336 0.00333835
114.063 19.4155 0.0623186 0.00127461
113.856 19.212 0.0648438 0.0536437
113.548 19.1494 0.0841245 1.10801e-07
113.639 19.0686 0.0600624 0.0338006
114.153 19.8237 0.067798 1.09655e-11
114.408 18.745 0.0795088 2.07613e-10
114.563 18.8747 0.0903279 3.04491e-20
113.8 19.187 0.0760702 0.000216081
113.463 19.0846 0.0533013 4.97467e-05
113.868 18.8807 0.0591337 0.193935
114.514 19.3132 0.0634938 3.5489e-07
113.784 19.4118 0.0648685 0.00108849
113.538 19.2181 0.0741981 9.84316e-05
114.08 19.6401 0.0679333 7.28512e-08
113.839 19.4604 0.080762 3.44515e-09
114.004 19.6178 0.0732626 6.576e-09
113.839 19.6978 0.0843639 3.603e-15
114.521 19.6566 0.0563643 8.67789e-10
113.958 19.7355 0.0669536 9.18978e-09
113.334 18.9715 0.0720161 3.6195e-05
113.496 19.024 0.0748503 0.000300424
114.168 18.7325 0.078057 1.24964e-06
113.277 19.6859 0.0547576 1.89472e-12
113.979 19.459 0.0750649 3.65543e-07
113.719 19.062 0.0659398 0.0814274
114.35 19.0424 0.0750144 2.57148e-07
114.235 19.7751 0.0682553 1.48466e-11
114.445 19.543 0.0886566 2.27808e-22
113.877 19.3224 0.0681218 0.00265772
113.819 19.9843 0.0879892 2.74525e-24
114.154 18.983 0.051482 0.0343134
114.139 18.2721 0.0796647 2.05881e-11
114.416 18.6504 0.0911126 3.71464e-18
114.389 19.0052 0.0719687 1.42941e-06
113.884 19.7603 0.0782378 3.0766e-13
114.723 19.5655 0.074486 1.25461e-18
113.259 19.6804 0.0780809 3.04858e-14
114.72 19.2669 0.0490239 1.89373e-08
114.068 18.7559 0.0646636 0.0219117
114.33 18.9835 0.079447 5.36894e-09
114.191 19.2958 0.0539082 0.00834782
113.937 19.0682 0.0693407 0.0328516
114.069 19.203 0.069028 0.00299156
113.617 19.6787 0.0879459 1.10403e-16
