228.576 27.2875 0.0769098 0.00492164
228.86 27.307 0.0847555 6.89472e-05
228.669 27.5584 0.0738027 3.59057e-06
228.811 26.8577 0.0966372 3.00959e-09
228.783 27.4669 0.0783917 6.85738e-05
229.432 27.4003 0.0750108 5.49864e-11
228.719 27.202 0.0741888 0.0705285
228.747 27.0497 0.0800002 0.147576
229.456 27.2188 0.0921669 9.76572e-19
229.464 26.7465 0.0892254 4.53028e-16
228.919 27.3851 0.0721689 0.000961905
229.094 26.4561 0.0924203 2.95538e-13
228.61 27.2327 0.0636383 1.80579e-05
228.804 27.1686 0.0926432 2.02925e-07
228.811 26.9362 0.0810595 0.0723448
229.215 27.0534 0.0758003 0.000101552
229.524 27.2401 0.0806734 1.84306e-13
228.91 27.1345 0.0813821 0.0108303
228.494 27.3685 0.0793849 0.000122719
228.997 26.9799 0.0775014 0.0236391
228.919 26.9557 0.0861095 0.00062746
228.818 26.8576 0.0896641 5.69495e-05
228.561 27.1871 0.0668971 0.000257357
228.966 27.2359 0.0898983 1.13945e-07
229.068 27.0552 0.0567051 3.09189e-08
229.058 27.1354 0.0868877 2.83567e-06
228.745 27.0822 0.0901786 4.29355e-05
228.892 27.2108 0.0722901 0.0368639
229.199 27.2075 0.0677109 4.64259e-05
229.642 26.8909 0.105203 3.39435e-37
229.118 26.8705 0.0858791 2.73595e-06
229.219 27.6809 0.0575135 7.93918e-14
228.82 27.6419 0.069343 9.70534e-08
229.171 27.4568 0.0925096 1.17158e-15
228.59 27.7645 0.086915 3.18349e-14
228.909 26.6038 0.0916782 1.74199e-08
229.103 27.1903 0.0787841 0.000347038
229.147 27.327 0.0640922 4.75627e-06
229.34 27.266 0.0881236 3.41476e-13
228.845 27.1726 0.0754389 0.0966506
228.581 26.966 0.0872836 0.00184624
228.676 27.2141 0.085329 0.00111483
228.547 27.1715 0.0755743 0.0189144
228.701 27.2249 0.0769317 0.0480634
229.331 26.9384 0.0964034 1.38139e-17
228.79 27.2358 0.0789028 0.0257186
228.832 26.638 0.0540026 1.79618e-14
229.505 26.7787 0.0847721 1.81596e-14
229.242 26.863 0.0833268 2.46295e-07
229.354 27.1531 0.0847141 1.48738e-10
229.08 27.0206 0.0926402 1.34885e-09
228.883 27.1488 0.0751871 0.0947604
229.234 26.8963 0.0529152 5.75959e-13
228.971 26.4422 0.09132 3.50116e-11
229.287 26.9606 0.0966404 9.15219e-17
228.414 28.0634 0.0691927 8.64682e-22
228.559 27.1966 0.0677565 0.000464934
227.81 27.3199 0.086511 9.47696e-18
228.881 26.7108 0.0888873 7.70327e-06
228.874 27.6547 0.0757559 3.80179e-08
228.922 27.1542 0.0980734 1.32413e-12
229.249 27.3453 0.0893193 5.43691e-13
228.397 26.9496 0.0792234 0.00211849
228.787 26.5025 0.0859257 1.05764e-06
229.029 27.0486 0.0755356 0.0188533
229.028 27.3442 0.0706359 0.000506723
229.633 27.3491 0.0749546 1.52671e-15
229.115 27.4424 0.057698 2.01652e-09
229.217 26.9106 0.0802463 9.52177e-06
229.434 27.639 0.0784484 3.99276e-16
228.89 27.4873 0.0722914 5.6047e-05
228.93 26.9672 0.0832472 0.00527937
228.69 26.7142 0.0753895 0.00460912
228.621 27.5342 0.0793201 2.27135e-06
228.885 27.4575 0.0755549 0.000120992
228.361 27.2409 0.088831 8.06513e-07
228.635 27.0106 0.0717611 0.0413149
228.225 27.358 0.0815092 4.74356e-08
228.688 27.2628 0.0886254 1.51672e-05
229.12 26.9693 0.0947244 1.08319e-11
229.405 27.153 0.0871376 3.74107e-13
228.845 27.1056 0.0746949 0.170728
228.945 27.1277 0.0752211 0.0557426
228.844 26.4436 0.0716958 6.96936e-08
228.791 27.2805 0.0907308 3.08876e-07
229.186 27.2878 0.0832672 1.10781e-07
229.598 26.626 0.0879626 2.49378e-20
228.428 26.7799 0.0770313 0.000476619
229.006 27.2276 0.0757209 0.00605796
228.45 27.0652 0.0737605 0.00288912
228.71 27.546 0.0892172 2.92517e-10
229.448 27.2949 0.0787461 3.0158e-11
228.841 26.4739 0.0987255 4.57664e-14
228.844 26.897 0.0908195 1.18521e-05
229.084 26.142 0.0679808 4.04368e-18
229.474 27.1822 0.0952442 1.08953e-21
228.931 26.8663 0.0749689 0.0340674
229.113 26.7675 0.0773805 0.000143784
229.133 26.5978 0.0845324 3.62589e-08
228.703 26.8216 0.0639982 1.42476e-05
