254.497 29.6793 6.26734 2.61819e-05
253.79 29.4228 6.27128 2.49453e-15
253.603 29.6052 6.25384 2.06059e-41
253.762 29.5755 6.25876 8.16888e-28
254.345 29.4559 6.25991 1.80852e-09
253.215 29.2702 6.28504 1.2022e-33
254.359 28.9704 6.27399 0.000154722
254.187 28.8826 6.2829 7.07943e-06
253.914 29.454 6.27446 4.97005e-10
253.803 29.1988 6.27197 1.01282e-14
254.769 29.6935 6.27574 4.24171e-05
254.032 29.3818 6.27419 6.79608e-07
254.036 28.8977 6.25589 1.27903e-26
254.339 28.834 6.26908 1.41097e-09
254.187 29.8014 6.25877 9.2342e-17
253.781 29.2358 6.26599 9.81015e-20
253.742 29.914 6.28365 5.16955e-21
254.147 29.0267 6.27695 1.92683e-05
253.845 29.4934 6.26989 1.12828e-14
254.22 29.0867 6.26011 9.59089e-14
253.998 29.5163 6.26075 5.97825e-17
253.983 29.6236 6.25453 1.49417e-24
254.298 29.174 6.25364 9.5884e-18
253.996 29.1295 6.27013 1.19703e-10
253.803 29.3682 6.26498 2.21639e-19
254.326 29.6073 6.26584 9.23946e-07
253.734 29.699 6.27089 3.69087e-20
254.318 29.7344 6.26826 1.93557e-07
254.614 29.8309 6.26175 1.08077e-09
254.123 29.3332 6.25968 2.66669e-14
253.821 29.624 6.28328 1.96223e-12
253.577 30.1036 6.27498 1.93465e-34
253.825 29.5035 6.26109 1.77914e-22
253.398 28.6846 6.26617 7.88799e-47
254.12 29.7435 6.2774 2.98734e-08
254.39 29.4161 6.28794 0.00716727
254.35 29.9595 6.27498 1.43871e-10
254.158 29.2876 6.25377 7.00067e-20
254.687 29.1652 6.27872 0.0883131
254.385 29.9538 6.27318 2.84519e-10
253.903 29.2551 6.2681 8.14226e-14
253.869 29.3793 6.2581 9.01687e-24
254.56 29.2086 6.25619 5.58081e-11
253.725 29.3207 6.281 4.53961e-13
253.979 28.9993 6.27725 5.12417e-09
253.967 29.5753 6.26294 2.27212e-16
254.31 29.3931 6.27004 0.0010786
254.408 29.5019 6.27563 0.0670833
254.05 29.8785 6.27584 9.35832e-13
254.309 29.4828 6.30969 6.17545e-21
254.121 29.5195 6.26558 6.47962e-10
253.962 29.0455 6.28566 3.32679e-07
254.331 29.8282 6.26344 2.96221e-11
254.043 29.7545 6.2705 6.67671e-12
254.2 28.992 6.28599 0.000331141
254.541 29.1738 6.27695 0.43104
254.061 29.4275 6.28506 5.03431e-05
254.214 29.28 6.27949 0.0227537
254.625 29.7907 6.26427 8.64957e-08
254.443 29.0772 6.27279 0.00612857
254.007 29.5601 6.27064 4.43568e-10
253.717 30.0278 6.26823 9.86498e-30
254.339 29.5926 6.30272 3.22855e-15
254.45 29.0718 6.28235 0.0794243
254.1 29.3911 6.27313 7.26572e-06
253.784 29.7346 6.2824 1.72297e-15
254.057 30.0247 6.28389 6.33412e-17
253.93 29.4393 6.26929 3.85948e-12
254.167 29.7606 6.27777 8.47716e-08
254.001 29.6282 6.25062 8.54728e-29
254.404 29.0798 6.28326 0.067786
254.371 29.1813 6.2704 0.00202613
253.839 29.7677 6.27268 7.22569e-17
254.717 29.5905 6.26607 0.000178653
254.494 29.2646 6.26396 3.47132e-05
253.851 29.0806 6.28722 2.26158e-09
254.526 29.5278 6.27163 0.0269236
253.718 30.0729 6.27924 5.40777e-27
254.16 29.4504 6.27215 2.52625e-05
254.088 29.308 6.28224 0.00054791
254.628 28.9394 6.26467 3.96861e-08
253.956 29.7716 6.2791 5.65415e-12
254.253 29.4798 6.26633 1.23468e-06
254.083 29.242 6.27618 3.5418e-05
253.6 29.198 6.28847 3.52047e-16
254.533 29.5337 6.26017 2.08079e-07
254.274 29.1874 6.26705 2.62778e-06
254.408 29.614 6.26905 0.00016418
254.309 29.3335 6.27973 0.194667
254.138 29.8591 6.25784 8.65708e-20
254.232 29.5103 6.26887 7.50898e-06
253.572 29.4262 6.27385 3.25985e-22
253.964 29.3733 6.26384 6.04062e-15
254.388 29.1241 6.26462 6.66277e-07
253.713 29.2436 6.28211 3.44841e-13
254.077 29.1227 6.25929 1.48051e-17
254.046 29.2206 6.27054 1.68131e-08
254.332 29.565 6.28248 0.00396992
253.85 29.0979 6.27598 7.75291e-12
253.923 29.3786 6.29412 2.99806e-09
