230.859 26.6489 0.0665939 8.33414e-19
230.653 27.0084 0.0885395 0.00263868
231.139 26.6591 0.0862076 9.42864e-16
230.327 26.8247 0.067944 8.85432e-14
231.076 26.9259 0.0681946 4.08613e-13
230.947 27.0648 0.0802824 5.47442e-05
230.233 27.0053 0.0762825 2.79321e-05
230.894 27.195 0.0875071 4.98273e-06
230.91 27.217 0.0890192 2.31412e-07
231.127 27.1756 0.0820851 6.35872e-09
230.747 26.7178 0.0726261 1.16742e-10
231.025 27.1558 0.0689289 1.91547e-08
230.501 27.6609 0.076365 8.21812e-05
230.679 27.424 0.084004 0.00261039
230.722 27.0833 0.090201 0.000106456
230.358 26.1713 0.0978279 9.51965e-22
230.259 26.8084 0.0850044 6.17451e-05
230.91 27.5332 0.0930057 3.66896e-15
230.735 27.0856 0.0837695 0.0231599
231.001 27.183 0.0791252 1.86458e-05
230.912 26.94 0.0769933 5.84184e-06
230.426 26.1482 0.0798933 6.85158e-26
230.772 26.6909 0.0903313 1.3958e-08
231.203 26.8243 0.0835408 3.91322e-14
231.097 26.9209 0.0997635 1.67583e-21
230.673 27.0982 0.0643596 8.87375e-10
231.089 27.046 0.0696334 1.81442e-10
230.861 26.967 0.0868362 1.76255e-05
230.765 27.1522 0.0787028 0.0437432
230.461 27.0317 0.0946624 1.11692e-05
230.149 27.0544 0.0845376 0.00051407
231.339 27.006 0.0792299 1.17185e-15
230.768 26.5851 0.0805338 1.90156e-10
230.762 27.09 0.0992534 3.94246e-13
231.278 26.3854 0.0824691 2.88662e-27
230.208 26.9707 0.0805584 0.000251679
230.344 26.5796 0.0807257 4.49918e-10
231.028 26.8663 0.0956343 2.66761e-15
230.507 27.1908 0.0823567 0.662307
230.923 26.9943 0.100665 9.33789e-18
230.719 26.9877 0.0812409 0.0131799
231.228 26.9137 0.0878807 1.65887e-15
230.72 27.1588 0.0749578 0.0216105
230.834 26.6207 0.0762093 6.80179e-12
230.485 27.143 0.0728849 0.00291935
230.161 26.6689 0.0844402 1.00475e-08
230.169 27.365 0.0712205 1.98336e-07
231.009 27.1852 0.0882543 7.44612e-09
230.718 26.6754 0.0798963 6.66228e-08
231.019 27.3925 0.0828868 1.41774e-07
230.75 27.2359 0.089673 2.78158e-05
231.144 26.7935 0.082651 9.20436e-13
231.09 26.6258 0.0832357 9.15467e-15
230.723 27.0573 0.0874566 0.00209275
230.925 27.2082 0.0868017 2.70957e-06
230.696 26.6131 0.0788439 1.11693e-09
230.87 27.0514 0.0816891 0.000654162
230.75 26.6863 0.0887306 7.4821e-08
231.228 27.0114 0.0811333 2.94196e-12
230.449 26.5534 0.0846849 5.47422e-09
230.214 27.7163 0.063566 1.40433e-14
230.557 26.8981 0.0993812 3.12441e-10
230.772 27.5445 0.0842397 4.86778e-06
230.38 26.7854 0.091257 3.04934e-05
230.878 26.7288 0.0859143 2.06002e-08
230.146 27.0776 0.0772935 1.53321e-05
230.721 26.9411 0.0867326 0.00101018
231.108 27.3294 0.0949933 6.5115e-19
230.854 26.9076 0.0905121 1.99208e-07
230.407 27.0465 0.0876417 0.035413
231.124 27.2106 0.0811162 1.39379e-08
230.387 26.6743 0.0674857 1.11027e-17
230.615 27.6625 0.075674 9.21591e-05
230.844 26.766 0.0676005 3.44033e-14
230.641 26.5446 0.0791293 3.37053e-11
230.883 27.3707 0.0754734 0.0010367
230.824 26.463 0.094532 7.61136e-16
230.63 26.7646 0.0773138 2.25625e-06
231.183 27.3884 0.0723713 7.61461e-10
230.839 27.3796 0.0918778 7.11172e-10
230.866 27.6522 0.072524 2.25897e-06
230.742 26.7255 0.0744139 2.77548e-09
230.706 27.6723 0.0706336 8.11084e-06
230.835 26.9048 0.0873168 1.02211e-05
230.892 26.5141 0.062574 6.5216e-29
230.429 27.0461 0.0825934 0.183814
230.885 26.9139 0.0857597 5.51466e-06
231.21 26.9594 0.0721404 2.4339e-13
230.306 27.2547 0.0696149 2.09082e-06
230.732 26.6967 0.0843365 6.74493e-07
230.896 26.4343 0.083409 5.59986e-16
230.694 26.6814 0.0945007 1.14157e-09
230.937 26.8492 0.0807097 3.64666e-07
230.976 26.8437 0.0932039 3.68628e-12
231.003 26.4384 0.0939041 4.68656e-20
230.85 26.8674 0.0758727 1.33012e-06
230.398 26.5683 0.0872768 1.81441e-08
230.706 26.627 0.0925752 1.04072e-09
230.848 26.748 0.0812353 1.78733e-07
230.825 27.4357 0.0765436 0.00244637
