272.29 23.3161 5.64338 7.61908e-05 271.91 23.422 5.6499
271.645 23.5124 5.64188 0.00188817 271.91 23.422 5.6499
271.838 23.43 5.65432 0.14145 271.91 23.422 5.6499
271.509 23.1381 5.63672 1.67232e-07 271.91 23.422 5.6499
271.949 23.5766 5.6503 0.0670358 271.91 23.422 5.6499
271.881 23.3503 5.66839 2.1712e-05 271.91 23.422 5.6499
271.943 23.4432 5.64768 0.166936 271.91 23.422 5.6499
271.85 23.6864 5.66208 0.00160625 271.91 23.422 5.6499
271.282 23.2958 5.66495 1.11489e-08 271.91 23.422 5.6499
272.412 23.0996 5.64966 1.6728e-09 271.91 23.422 5.6499
271.255 23.769 5.66352 1.62514e-09 271.91 23.422 5.6499
271.811 23.1313 5.65394 0.00136738 271.91 23.422 5.6499
271.868 23.3715 5.6626 0.00270867 271.91 23.422 5.6499
271.509 23.4541 5.66038 0.000662499 271.91 23.422 5.6499
271.594 23.4381 5.64323 0.0015949 271.91 23.422 5.6499
272.05 23.4781 5.67212 5.28752e-08 271.91 23.422 5.6499
271.883 23.0338 5.6603 1.76935e-06 271.91 23.422 5.6499
272.239 23.095 5.64671 4.50701e-06 271.91 23.422 5.6499
271.7 23.2856 5.64811 0.0244922 271.91 23.422 5.6499
272.005 23.0929 5.67503 6.86435e-13 271.91 23.422 5.6499
271.542 23.1022 5.63118 3.91889e-09 271.91 23.422 5.6499
272.28 23.4307 5.6537 2.11757e-05 271.91 23.422 5.6499
271.532 23.274 5.66458 2.29634e-05 271.91 23.422 5.6499
271.614 23.2884 5.63468 1.22242e-05 271.91 23.422 5.6499
272.198 23.6714 5.6326 8.31628e-07 271.91 23.422 5.6499
271.562 23.6993 5.6689 9.64623e-06 271.91 23.422 5.6499
271.95 23.2376 5.67475 5.61858e-10 271.91 23.422 5.6499
271.532 23.8177 5.6521 6.81413e-06 271.91 23.422 5.6499
272.44 22.9843 5.65639 7.65238e-14 271.91 23.422 5.6499
272.25 23.3008 5.6621 9.52619e-08 271.91 23.422 5.6499
272.12 23.238 5.66526 1.9629e-07 271.91 23.422 5.6499
271.976 23.7126 5.67083 4.02116e-07 271.91 23.422 5.6499
271.869 23.1146 5.65824 0.000124398 271.91 23.422 5.6499
271.851 23.4381 5.64537 0.149018 271.91 23.422 5.6499
271.934 23.5793 5.67508 4.18452e-08 271.91 23.422 5.6499
272.198 22.9702 5.67133 4.60435e-16 271.91 23.422 5.6499
271.458 23.0671 5.66429 9.99585e-09 271.91 23.422 5.6499
271.286 23.8589 5.66516 3.98789e-10 271.91 23.422 5.6499
271.908 23.1352 5.6598 7.21731e-05 271.91 23.422 5.6499
271.968 23.1915 5.66737 4.03241e-07 271.91 23.422 5.6499
271.977 23.5481 5.64346 0.0342978 271.91 23.422 5.6499
272.626 23.6905 5.66062 8.95211e-17 271.91 23.422 5.6499
271.414 23.4369 5.65612 7.18122e-05 271.91 23.422 5.6499
272.092 23.1311 5.65658 1.68993e-05 271.91 23.422 5.6499
271.469 23.5357 5.63835 5.36906e-07 271.91 23.422 5.6499
272.215 23.1738 5.66507 1.33635e-09 271.91 23.422 5.6499
272.529 24.0645 5.66243 5.64708e-20 271.91 23.422 5.6499
271.441 23.1864 5.66894 1.79991e-08 271.91 23.422 5.6499
272.144 22.8423 5.64671 2.33475e-09 271.91 23.422 5.6499
272.525 23.6603 5.65068 4.84545e-11 271.91 23.422 5.6499
272.084 23.4254 5.67196 1.41141e-08 271.91 23.422 5.6499
272.064 22.9622 5.64559 3.60821e-06 271.91 23.422 5.6499
271.891 23.5907 5.62592 7.8386e-08 271.91 23.422 5.6499
271.698 23.3544 5.63238 2.45232e-05 271.91 23.422 5.6499
272.003 23.4093 5.65265 0.0528754 271.91 23.422 5.6499
271.981 23.742 5.67507 3.05123e-09 271.91 23.422 5.6499
272.342 23.4458 5.65519 7.62568e-07 271.91 23.422 5.6499
271.576 23.6104 5.67197 3.70432e-06 271.91 23.422 5.6499
271.859 23.4679 5.66568 0.000766055 271.91 23.422 5.6499
271.575 24.3981 5.6553 1.13418e-19 271.91 23.422 5.6499
271.898 23.3973 5.65814 0.0272881 271.91 23.422 5.6499
271.966 23.4615 5.65664 0.0302709 271.91 23.422 5.6499
271.747 23.5719 5.65884 0.0256831 271.91 23.422 5.6499
272.051 23.2551 5.67489 4.99621e-11 271.91 23.422 5.6499
271 23.4107 5.65266 4.70196e-15 271.91 23.422 5.6499
272.466 23.8306 5.65945 3.07942e-13 271.91 23.422 5.6499
272.015 23.4765 5.63913 0.0126238 271.91 23.422 5.6499
271.778 23.2797 5.65033 0.0554827 271.91 23.422 5.6499
272.083 23.5379 5.63725 0.00139599 271.91 23.422 5.6499
271.821 23.2904 5.65738 0.0155226 271.91 23.422 5.6499
271.662 23.7538 5.65776 0.000768001 271.91 23.422 5.6499
271.844 23.7134 5.67324 4.15466e-07 271.91 23.422 5.6499
271.32 22.7472 5.65996 4.1996e-17 271.91 23.422 5.6499
272.089 23.4634 5.63411 0.000564522 271.91 23.422 5.6499
271.547 23.6067 5.65185 0.00136542 271.91 23.422 5.6499
271.52 23.6844 5.65193 0.000165457 271.91 23.422 5.6499
271.788 24.4166 5.66895 5.58427e-20 271.91 23.422 5.6499
272.027 23.3849 5.67288 1.74443e-08 271.91 23.422 5.6499
272.206 23.3228 5.64786 0.000832999 271.91 23.422 5.6499
272.64 23.5943 5.64791 2.22404e-13 271.91 23.422 5.6499
272.59 23.1353 5.6522 3.73782e-14 271.91 23.422 5.6499
271.994 23.6547 5.66263 0.000307584 271.91 23.422 5.6499
272.796 23.7086 5.65804 5.42457e-22 271.91 23.422 5.6499
271.86 23.2056 5.65241 0.0133882 271.91 23.422 5.6499
271.805 23.8062 5.66056 0.000230058 271.91 23.422 5.6499
272.044 23.4316 5.65194 0.0337189 271.91 23.422 5.6499
271.788 23.4715 5.63735 0.00301424 271.91 23.422 5.6499
272.046 23.0088 5.65006 1.17125e-05 271.91 23.422 5.6499
271.871 23.051 5.6546 7.36223e-05 271.91 23.422 5.6499
271.804 23.4399 5.67142 8.44618e-06 271.91 23.422 5.6499
272.408 23.0344 5.6547 1.18907e-11 271.91 23.422 5.6499
271.829 23.2029 5.65476 0.00696391 271.91 23.422 5.6499
272.049 23.4525 5.64027 0.01605 271.91 23.422 5.6499
271.744 23.0179 5.63335 7.43798e-07 271.91 23.422 5.6499
271.665 23.2053 5.62992 4.62242e-07 271.91 23.422 5.6499
272.107 23.34 5.66296 1.4954e-05 271.91 23.422 5.6499
272.281 22.9761 5.64087 4.67963e-08 271.91 23.422 5.6499
271.713 23.3647 5.66629 0.000316237 271.91 23.422 5.6499
271.915 23.9992 5.65497 2.44958e-07 271.91 23.422 5.6499
271.813 23.3534 5.6534 0.106739 271.91 23.422 5.6499
