114.606 18.2064 0.0813938 0.000148996 114.72 18.536 0.072105
114.687 18.5321 0.0683001 0.118358 114.72 18.536 0.072105
114.994 18.8937 0.07729 1.51952e-05 114.72 18.536 0.072105
115.109 18.3728 0.0712715 1.94905e-05 114.72 18.536 0.072105
114.755 18.1961 0.102198 8.80447e-15 114.72 18.536 0.072105
114.1 18.382 0.0729117 5.13235e-05 114.72 18.536 0.072105
114.413 18.6181 0.0867029 0.000305631 114.72 18.536 0.072105
114.206 18.7022 0.0728372 0.00264135 114.72 18.536 0.072105
114.741 18.1827 0.0664124 0.000253197 114.72 18.536 0.072105
115.158 18.7311 0.0823003 1.29884e-08 114.72 18.536 0.072105
114.583 18.5572 0.0906789 5.85795e-06 114.72 18.536 0.072105
114.281 18.6392 0.0708503 0.0110709 114.72 18.536 0.072105
114.857 18.6441 0.0890484 2.42717e-07 114.72 18.536 0.072105
114.862 18.1308 0.0953759 2.48895e-12 114.72 18.536 0.072105
114.325 18.2856 0.0719338 0.000990899 114.72 18.536 0.072105
114.688 18.382 0.084021 0.000241377 114.72 18.536 0.072105
115.45 18.6867 0.0801212 3.08518e-13 114.72 18.536 0.072105
114.312 19.011 0.0790735 6.2111e-05 114.72 18.536 0.072105
114.775 18.6937 0.0555612 0.00269361 114.72 18.536 0.072105
114.89 18.6937 0.0744202 0.00529459 114.72 18.536 0.072105
115.178 18.5151 0.0754025 1.60317e-06 114.72 18.536 0.072105
114.593 18.9107 0.0657307 0.0214785 114.72 18.536 0.072105
114.3 18.5961 0.0818186 0.00270284 114.72 18.536 0.072105
114.462 18.7344 0.0774093 0.0268535 114.72 18.536 0.072105
114.881 18.6386 0.0870843 1.10339e-06 114.72 18.536 0.072105
114.703 18.4473 0.0580689 0.00201395 114.72 18.536 0.072105
114.777 18.575 0.0728359 0.0500231 114.72 18.536 0.072105
113.878 18.2471 0.0756281 7.35195e-09 114.72 18.536 0.072105
115.217 18.5756 0.0562588 4.81809e-06 114.72 18.536 0.072105
114.616 17.9282 0.0783244 1.3418e-07 114.72 18.536 0.072105
114.666 18.1591 0.0765119 0.000192613 114.72 18.536 0.072105
114.227 18.6352 0.0600305 4.52109e-05 114.72 18.536 0.072105
114.721 18.1506 0.0694052 0.000187514 114.72 18.536 0.072105
114.317 18.378 0.092819 8.58152e-07 114.72 18.536 0.072105
114.457 18.8302 0.0731422 0.0290737 114.72 18.536 0.072105
115.326 18.062 0.0904223 3.06511e-18 114.72 18.536 0.072105
114.492 18.5441 0.0627529 0.0172592 114.72 18.536 0.072105
114.671 18.1515 0.0566888 1.09731e-06 114.72 18.536 0.072105
115.056 18.4432 0.0457628 1.82108e-08 114.72 18.536 0.072105
114.482 18.3614 0.0763223 0.0126337 114.72 18.536 0.072105
115.015 19.1987 0.0731522 6.62832e-08 114.72 18.536 0.072105
114.113 18.3499 0.065231 2.7127e-06 114.72 18.536 0.072105
114.843 18.3319 0.0657868 0.00266399 114.72 18.536 0.072105
114.291 17.9792 0.0834222 7.58676e-08 114.72 18.536 0.072105
114.667 18.5567 0.0873787 5.26493e-05 114.72 18.536 0.072105
114.334 18.4962 0.0957957 7.2232e-08 114.72 18.536 0.072105
114.491 18.0941 0.0683517 2.59341e-05 114.72 18.536 0.072105
114.741 18.9021 0.0434149 2.80897e-08 114.72 18.536 0.072105
114.36 18.3871 0.0837495 0.000727395 114.72 18.536 0.072105
114.615 18.9794 0.0692929 0.00779121 114.72 18.536 0.072105
113.661 19.3037 0.0800291 2.14355e-17 114.72 18.536 0.072105
114.647 18.9133 0.0756156 0.00526981 114.72 18.536 0.072105
114.673 18.3508 0.0778414 0.00484023 114.72 18.536 0.072105
115.193 19.0975 0.073529 5.72319e-09 114.72 18.536 0.072105
114.949 18.9752 0.0747913 4.34955e-05 114.72 18.536 0.072105
114.641 18.3397 0.0804975 0.00175552 114.72 18.536 0.072105
114.809 18.9489 0.0661472 0.00642591 114.72 18.536 0.072105
114.975 18.5817 0.0767519 0.000362233 114.72 18.536 0.072105
114.814 18.3771 0.0646514 0.00617988 114.72 18.536 0.072105
114.634 18.5202 0.0730782 0.103992 114.72 18.536 0.072105
114.495 18.798 0.0750499 0.0344849 114.72 18.536 0.072105
114.625 18.3823 0.0670557 0.0229053 114.72 18.536 0.072105
114.7 18.457 0.0692064 0.0629264 114.72 18.536 0.072105
114.9 18.7134 0.069123 0.0177971 114.72 18.536 0.072105
114.195 18.3281 0.0863353 1.8087e-05 114.72 18.536 0.072105
114.533 18.3801 0.0877113 5.973e-05 114.72 18.536 0.072105
114.899 18.5418 0.0690112 0.0161693 114.72 18.536 0.072105
114.558 18.4935 0.060158 0.00578284 114.72 18.536 0.072105
114.464 19.4442 0.0632468 1.3512e-09 114.72 18.536 0.072105
114.948 18.6196 0.0614621 0.00663136 114.72 18.536 0.072105
115.036 18.6977 0.0728088 0.000423994 114.72 18.536 0.072105
114.084 18.7548 0.0680941 3.79779e-05 114.72 18.536 0.072105
114.565 18.3893 0.0552161 5.18736e-05 114.72 18.536 0.072105
114.654 18.878 0.078619 0.0022231 114.72 18.536 0.072105
114.886 18.5923 0.0771507 0.00203947 114.72 18.536 0.072105
114.779 18.7848 0.0534918 0.000627719 114.72 18.536 0.072105
114.845 18.4678 0.0677719 0.0203591 114.72 18.536 0.072105
114.862 18.3911 0.0897599 7.29464e-08 114.72 18.536 0.072105
114.675 18.6727 0.0682115 0.169678 114.72 18.536 0.072105
114.402 18.2295 0.0569234 6.16534e-07 114.72 18.536 0.072105
114.509 18.893 0.0721556 0.0194048 114.72 18.536 0.072105
114.348 18.4517 0.0735601 0.0155818 114.72 18.536 0.072105
114.286 18.3456 0.0873996 3.43462e-05 114.72 18.536 0.072105
114.418 18.1899 0.0706049 0.00031753 114.72 18.536 0.072105
114.896 18.8268 0.0790147 0.000124887 114.72 18.536 0.072105
114.64 18.2937 0.0839766 0.000134295 114.72 18.536 0.072105
114.872 18.2593 0.0747742 0.000239342 114.72 18.536 0.072105
114.701 18.6813 0.0651746 0.117882 114.72 18.536 0.072105
114.776 18.6264 0.0932039 1.28812e-08 114.72 18.536 0.072105
114.406 18.1887 0.086402 1.03492e-05 114.72 18.536 0.072105
114.879 18.4242 0.0721492 0.00518519 114.72 18.536 0.072105
114.71 18.6856 0.0862179 5.06389e-05 114.72 18.536 0.072105
114.496 18.8043 0.0593233 0.00377502 114.72 18.536 0.072105
115.093 19.0512 0.0735708 4.19972e-07 114.72 18.536 0.072105
115.427 18.2324 0.0734462 3.79969e-12 114.72 18.536 0.072105
114.813 18.239 0.0761781 0.000265494 114.72 18.536 0.072105
114.559 18.9872 0.0716307 0.00475762 114.72 18.536 0.072105
115.045 18.3973 0.0635148 0.000231314 114.72 18.536 0.072105
114.556 18.4349 0.0775743 0.0232693 114.72 18.536 0.072105
114.317 18.3193 0.0727584 0.00175819 114.72 18.536 0.072105
