77.2402 15.5048 0.0946337 0.0275994
77.9466 15.7182 0.107453 1.4475e-12
77.3663 15.1186 0.109596 2.85452e-08
76.7467 15.5951 0.110516 0.000120357
77.3758 15.9532 0.0916461 0.00452414
77.7031 15.8698 0.0898114 1.40065e-06
77.2764 15.8047 0.0970443 0.0785638
77.6112 15.6458 0.0981399 5.87363e-05
77.4001 15.9517 0.114671 4.95457e-08
77.1736 15.1455 0.0914667 3.86287e-06
76.9953 15.4786 0.121823 3.25625e-09
77.8998 15.5688 0.102943 1.31296e-10
77.5704 16.619 0.11614 4.34111e-21
77.6039 15.4528 0.0965096 1.1967e-05
77.0669 15.8315 0.0931272 0.187541
77.6667 15.7792 0.099662 7.73105e-06
77.2081 15.6595 0.106709 0.00832215
77.4471 15.6835 0.100095 0.00328915
77.2645 15.83 0.0935421 0.073036
77.3389 15.4664 0.137234 4.80926e-23
77.2668 15.5108 0.105551 0.00355703
77.8396 16.121 0.106573 2.1933e-12
77.7317 15.5152 0.0846122 8.90324e-09
77.3984 16.0579 0.111575 1.76154e-07
77.4903 15.3312 0.104134 7.12002e-06
77.4251 15.9816 0.101105 0.000528018
77.4663 15.272 0.105552 1.93895e-06
77.3436 15.7309 0.117437 6.52784e-08
77.6271 15.7461 0.0831885 7.84334e-07
77.4639 16.1036 0.0980647 6.34486e-05
77.3264 16.3557 0.0937563 1.33341e-06
77.2535 15.3666 0.10187 0.0019488
77.3351 15.5195 0.105579 0.00144667
77.6232 15.3318 0.103024 2.5508e-07
77.4721 15.016 0.101443 2.13414e-09
77.1007 15.3161 0.0950305 0.00204204
77.208 16.2165 0.114498 1.91413e-09
77.6823 15.1767 0.116845 4.59356e-14
77.3663 15.9113 0.0982428 0.00855744
77.6143 16.08 0.0973632 2.24377e-06
77.5861 15.8984 0.0903169 5.14101e-05
76.7662 15.837 0.0944674 0.0166331
77.0795 15.8169 0.0880265 0.0382698
77.125 16.2987 0.106784 3.9261e-07
77.9918 16.0029 0.099827 7.5761e-13
77.6759 16.2223 0.128752 1.96211e-24
77.6576 15.6815 0.0894854 6.50018e-06
77.8831 14.8508 0.0984895 1.41723e-18
78.2633 15.4015 0.101694 2.64722e-20
77.4395 15.4341 0.087079 3.16676e-05
77.9594 16.3822 0.112302 5.59607e-21
77.653 15.0155 0.104926 5.01353e-12
77.7429 15.8008 0.11671 8.81168e-13
77.3272 16.1172 0.103413 8.10833e-05
77.7617 15.3182 0.117093 3.31495e-14
77.5012 15.0517 0.110862 7.09899e-11
77.6957 15.7488 0.0876697 1.12023e-06
77.4407 15.6603 0.10699 0.000184177
77.1749 16.1641 0.113834 2.69087e-08
77.7452 15.1975 0.115475 2.97386e-14
77.4594 15.9828 0.102701 0.000126416
77.4811 15.7937 0.0996242 0.00149278
77.2679 15.5419 0.112196 4.90503e-05
77.7688 15.4216 0.0850008 5.68763e-10
77.4996 15.8466 0.110527 1.35107e-06
77.2463 15.8842 0.111081 6.40613e-05
76.9352 15.999 0.100171 0.0156131
77.6986 16.4163 0.120647 1.1729e-21
76.8235 15.8162 0.0958619 0.0502134
77.4995 16.1066 0.0673661 5.93392e-14
77.2704 15.0861 0.103273 6.77829e-07
77.5585 16.2238 0.0993601 2.13744e-07
77.5389 15.7161 0.0996691 0.000408192
77.1349 15.6087 0.0925498 0.104985
77.1284 15.9343 0.103569 0.0147311
76.934 15.7135 0.107546 0.00776016
76.847 15.4147 0.100008 0.00543453
77.3494 15.8141 0.100769 0.0135395
77.2356 15.7621 0.0898689 0.0463603
77.5797 15.8623 0.100892 4.97939e-05
77.4029 15.8327 0.108054 0.000105357
77.8273 15.2334 0.11087 1.4965e-13
77.4287 15.6186 0.111574 6.99474e-06
76.8711 15.1486 0.0961245 8.15459e-06
76.8425 15.2969 0.0793731 7.02561e-09
77.9186 15.4339 0.093998 4.15915e-11
77.3754 15.4904 0.098064 0.00434467
77.4864 15.5764 0.0943305 0.00107596
77.5763 15.6002 0.105045 1.40625e-05
77.5166 15.6216 0.121677 5.26126e-12
77.9589 15.4863 0.10464 1.50338e-12
77.4735 15.3687 0.0940867 6.16167e-05
77.5986 15.7019 0.109835 3.40727e-07
77.3084 15.452 0.101701 0.00417605
77.3119 15.6056 0.108146 0.000833125
77.8554 15.6479 0.107756 9.18426e-11
77.3855 15.6263 0.103903 0.00268569
77.2656 16.0439 0.103064 0.00105399
77.2078 14.9565 0.110476 5.14862e-10
77.0737 15.7932 0.0947162 0.268308
