223.876 -13.075 2.92282 0.000254106 223.77 -13.291 2.9314
223.855 -13.486 2.93706 0.137687 223.77 -13.291 2.9314
223.657 -12.6738 2.9363 7.44399e-09 223.77 -13.291 2.9314
223.995 -13.0853 2.91466 3.86035e-11 223.77 -13.291 2.9314
223.659 -13.5407 2.92558 0.0113997 223.77 -13.291 2.9314
224.021 -13.1498 2.93484 0.0581838 223.77 -13.291 2.9314
223.578 -13.7147 2.92628 0.000286006 223.77 -13.291 2.9314
224.114 -13.2265 2.9276 0.000604016 223.77 -13.291 2.9314
224.148 -12.6363 2.91784 2.0009e-16 223.77 -13.291 2.9314
224.116 -13.0921 2.93145 0.00222765 223.77 -13.291 2.9314
223.809 -12.8607 2.91504 4.88201e-10 223.77 -13.291 2.9314
223.538 -13.1541 2.9307 0.0187526 223.77 -13.291 2.9314
223.693 -12.9297 2.92289 0.000151413 223.77 -13.291 2.9314
223.481 -13.1303 2.93723 5.1954e-05 223.77 -13.291 2.9314
223.892 -13.0954 2.93626 0.0359266 223.77 -13.291 2.9314
223.722 -13.0458 2.9461 1.0146e-07 223.77 -13.291 2.9314
224 -13.3609 2.93077 0.0802698 223.77 -13.291 2.9314
223.811 -14.0076 2.92575 2.96826e-09 223.77 -13.291 2.9314
224.221 -13.4883 2.93706 0.00959476 223.77 -13.291 2.9314
224.318 -13.6306 2.9503 5.95788e-06 223.77 -13.291 2.9314
224.039 -12.6278 2.91577 3.1963e-16 223.77 -13.291 2.9314
224.306 -13.028 2.94063 7.80684e-05 223.77 -13.291 2.9314
223.864 -13.204 2.93192 0.229906 223.77 -13.291 2.9314
223.838 -13.4728 2.92437 0.00366387 223.77 -13.291 2.9314
224.05 -12.4815 2.92283 5.95447e-15 223.77 -13.291 2.9314
224.161 -13.2334 2.92277 3.65085e-07 223.77 -13.291 2.9314
224.157 -13.0586 2.92057 2.60165e-09 223.77 -13.291 2.9314
223.944 -12.9228 2.92654 8.78009e-05 223.77 -13.291 2.9314
223.226 -12.9183 2.91827 5.14752e-07 223.77 -13.291 2.9314
223.871 -13.4877 2.91842 8.87497e-07 223.77 -13.291 2.9314
223.901 -12.8076 2.91613 4.9652e-11 223.77 -13.291 2.9314
223.799 -13.012 2.91856 2.81859e-06 223.77 -13.291 2.9314
224.178 -11.7813 2.92401 7.45242e-40 223.77 -13.291 2.9314
223.976 -12.7079 2.92923 1.78989e-07 223.77 -13.291 2.9314
223.707 -13.4405 2.92388 0.0116902 223.77 -13.291 2.9314
224.317 -13.7291 2.91137 4.10407e-25 223.77 -13.291 2.9314
224.348 -12.9186 2.93364 3.0115e-07 223.77 -13.291 2.9314
224.344 -13.1259 2.92041 6.76582e-13 223.77 -13.291 2.9314
224.405 -13.1589 2.93025 2.30487e-07 223.77 -13.291 2.9314
223.929 -13.715 2.93489 0.00444594 223.77 -13.291 2.9314
224.033 -13.1418 2.94038 0.0140794 223.77 -13.291 2.9314
223.938 -13.29 2.91223 4.31294e-12 223.77 -13.291 2.9314
223.904 -13.19 2.92786 0.0353712 223.77 -13.291 2.9314
224.144 -12.8794 2.93416 2.34366e-05 223.77 -13.291 2.9314
223.501 -12.3421 2.90254 1.71446e-26 223.77 -13.291 2.9314
224.26 -13.7493 2.92469 1.82658e-10 223.77 -13.291 2.9314
224.033 -13.364 2.93031 0.0367523 223.77 -13.291 2.9314
224.125 -12.6513 2.93542 5.28167e-09 223.77 -13.291 2.9314
223.552 -13.3203 2.92247 0.0106299 223.77 -13.291 2.9314
224.446 -12.7268 2.92596 2.80128e-15 223.77 -13.291 2.9314
224.054 -13.0325 2.91424 7.53907e-13 223.77 -13.291 2.9314
223.769 -13.0991 2.94158 0.00033629 223.77 -13.291 2.9314
223.997 -13.4403 2.91865 6.45348e-08 223.77 -13.291 2.9314
223.691 -12.9159 2.92078 2.07606e-05 223.77 -13.291 2.9314
223.538 -13.08 2.90728 5.84951e-12 223.77 -13.291 2.9314
224.435 -13.4145 2.91853 6.43786e-17 223.77 -13.291 2.9314
223.791 -13.0914 2.93693 0.0149744 223.77 -13.291 2.9314
223.596 -13.6529 2.91669 2.35036e-07 223.77 -13.291 2.9314
224.348 -12.8469 2.92459 2.91633e-12 223.77 -13.291 2.9314
223.305 -12.7376 2.92124 2.36753e-08 223.77 -13.291 2.9314
224.232 -13.5895 2.92637 3.35838e-07 223.77 -13.291 2.9314
223.817 -12.651 2.90375 1.2488e-23 223.77 -13.291 2.9314
223.657 -13.0878 2.93934 0.000288576 223.77 -13.291 2.9314
223.696 -13.1494 2.93564 0.0252605 223.77 -13.291 2.9314
223.479 -13.2563 2.9373 0.000184561 223.77 -13.291 2.9314
224.331 -12.9817 2.91794 9.78107e-16 223.77 -13.291 2.9314
224.531 -12.5516 2.9427 1.40873e-15 223.77 -13.291 2.9314
224.44 -12.8931 2.93539 1.59995e-08 223.77 -13.291 2.9314
223.741 -12.9022 2.93193 0.000741322 223.77 -13.291 2.9314
223.993 -13.7884 2.91241 3.28826e-17 223.77 -13.291 2.9314
223.689 -13.6114 2.92198 0.000168904 223.77 -13.291 2.9314
223.781 -13.3223 2.94286 0.00136838 223.77 -13.291 2.9314
224.37 -13.4927 2.93867 0.000457122 223.77 -13.291 2.9314
223.996 -13.4559 2.93339 0.141332 223.77 -13.291 2.9314
224.104 -13.9929 2.93303 2.89751e-08 223.77 -13.291 2.9314
223.881 -13.3024 2.95196 1.78345e-08 223.77 -13.291 2.9314
223.723 -13.3158 2.93626 0.0997993 223.77 -13.291 2.9314
224.722 -13.3017 2.9313 1.64099e-13 223.77 -13.291 2.9314
223.806 -12.8911 2.92017 1.2982e-06 223.77 -13.291 2.9314
223.83 -13.2256 2.91178 7.89563e-11 223.77 -13.291 2.9314
224.169 -13.4881 2.95078 1.395e-05 223.77 -13.291 2.9314
224.001 -12.9019 2.92655 1.71691e-05 223.77 -13.291 2.9314
224.189 -12.6623 2.94591 3.22427e-11 223.77 -13.291 2.9314
223.988 -13.1152 2.91065 9.05005e-15 223.77 -13.291 2.9314
223.698 -13.6926 2.9227 4.50959e-05 223.77 -13.291 2.9314
223.691 -13.4411 2.91319 1.28574e-08 223.77 -13.291 2.9314
223.816 -13.4649 2.90765 1.09179e-15 223.77 -13.291 2.9314
223.594 -13.8063 2.92045 2.25602e-07 223.77 -13.291 2.9314
223.981 -13.0279 2.90796 5.36462e-18 223.77 -13.291 2.9314
223.776 -12.9647 2.93712 0.000719909 223.77 -13.291 2.9314
224.193 -13.2153 2.91527 5.02914e-14 223.77 -13.291 2.9314
223.589 -12.6907 2.91076 2.48226e-13 223.77 -13.291 2.9314
224.133 -13.4248 2.90891 2.17118e-20 223.77 -13.291 2.9314
223.316 -13.5003 2.93261 3.19508e-05 223.77 -13.291 2.9314
224.411 -12.8549 2.92219 2.84314e-15 223.77 -13.291 2.9314
223.754 -13.2347 2.91268 4.3034e-09 223.77 -13.291 2.9314
223.9 -13.5348 2.9476 2.6266e-05 223.77 -13.291 2.9314
224.135 -13.1321 2.93806 0.0119703 223.77 -13.291 2.9314
224.297 -13.1869 2.93229 0.00011151 223.77 -13.291 2.9314
223.317 -12.8577 2.91679 1.71234e-07 223.77 -13.291 2.9314
