246.828 -17.6819 2.99041 2.71477e-06 246.64 -17.975 2.9837
246.461 -18.1573 2.9896 0.144107 246.64 -17.975 2.9837
246.715 -17.7557 2.9954 1.03851e-05 246.64 -17.975 2.9837
247.091 -17.9808 2.97441 1.53383e-12 246.64 -17.975 2.9837
246.785 -18.5093 2.99426 0.00255782 246.64 -17.975 2.9837
246.899 -18.2216 2.98158 2.42945e-05 246.64 -17.975 2.9837
246.623 -17.6349 2.99635 1.13704e-07 246.64 -17.975 2.9837
246.802 -17.646 2.97527 1.03146e-08 246.64 -17.975 2.9837
246.573 -17.8739 2.98837 0.00799677 246.64 -17.975 2.9837
246.803 -17.9437 2.98996 0.00166768 246.64 -17.975 2.9837
246.972 -17.7286 2.99445 3.21473e-07 246.64 -17.975 2.9837
246.415 -18.1626 2.97537 0.0206011 246.64 -17.975 2.9837
246.889 -18.5038 2.96895 1.07494e-14 246.64 -17.975 2.9837
246.75 -17.6285 2.97383 1.15341e-08 246.64 -17.975 2.9837
246.433 -18.1117 2.98553 0.297141 246.64 -17.975 2.9837
246.741 -18.0605 2.96603 5.17875e-11 246.64 -17.975 2.9837
246.872 -18.4292 2.97445 1.37136e-09 246.64 -17.975 2.9837
246.436 -18.2932 2.98989 0.11424 246.64 -17.975 2.9837
246.689 -17.8919 2.97948 0.00051409 246.64 -17.975 2.9837
246.06 -17.7999 2.98424 0.000565288 246.64 -17.975 2.9837
246.559 -17.7718 3.00028 1.14372e-07 246.64 -17.975 2.9837
247.29 -17.363 2.99004 9.72636e-18 246.64 -17.975 2.9837
246.872 -17.5745 2.98251 1.44952e-08 246.64 -17.975 2.9837
246.793 -17.9397 2.98929 0.0018789 246.64 -17.975 2.9837
246.545 -18.1699 2.97161 5.78073e-05 246.64 -17.975 2.9837
246.551 -18.4409 2.99186 0.0269193 246.64 -17.975 2.9837
246.439 -17.9326 2.97427 0.00513056 246.64 -17.975 2.9837
247.173 -18.1163 2.98118 3.11624e-10 246.64 -17.975 2.9837
246.937 -17.5275 2.95848 5.81406e-24 246.64 -17.975 2.9837
246.681 -18.4761 2.97989 0.000106527 246.64 -17.975 2.9837
247.068 -17.7832 2.97758 3.3035e-11 246.64 -17.975 2.9837
246.896 -18.1199 2.98443 0.000225278 246.64 -17.975 2.9837
247.237 -18.086 2.98151 1.79887e-11 246.64 -17.975 2.9837
246.613 -17.9865 2.97987 0.00815862 246.64 -17.975 2.9837
246.667 -17.4286 2.99459 1.04118e-10 246.64 -17.975 2.9837
246.471 -17.3778 2.98738 2.28003e-09 246.64 -17.975 2.9837
246.506 -17.9629 2.98059 0.0454667 246.64 -17.975 2.9837
246.509 -18.0592 2.99599 0.00229539 246.64 -17.975 2.9837
246.513 -17.8884 2.97841 0.00886103 246.64 -17.975 2.9837
246.814 -18.0133 2.97237 3.32874e-08 246.64 -17.975 2.9837
246.953 -18.2639 2.98578 8.208e-05 246.64 -17.975 2.9837
246.178 -17.8019 2.98696 0.000622436 246.64 -17.975 2.9837
246.688 -17.7737 2.9948 2.80642e-05 246.64 -17.975 2.9837
246.28 -17.8928 2.96932 0.00129364 246.64 -17.975 2.9837
247.184 -17.5228 2.98346 3.29131e-14 246.64 -17.975 2.9837
246.136 -17.593 2.97783 0.000135453 246.64 -17.975 2.9837
246.843 -17.79 2.97089 2.59983e-10 246.64 -17.975 2.9837
246.674 -17.7595 2.9909 0.00014435 246.64 -17.975 2.9837
247.269 -17.7466 2.98633 3.94023e-12 246.64 -17.975 2.9837
247.017 -18.5834 2.97774 1.06759e-11 246.64 -17.975 2.9837
246.303 -17.5018 2.98681 3.45775e-07 246.64 -17.975 2.9837
247.104 -18.1255 2.98181 1.47264e-08 246.64 -17.975 2.9837
246.126 -18.0788 2.98924 0.00260719 246.64 -17.975 2.9837
247.137 -18.0392 2.97903 1.05722e-10 246.64 -17.975 2.9837
246.502 -18.4797 2.99531 0.00375285 246.64 -17.975 2.9837
246.528 -18.0172 2.98437 0.109303 246.64 -17.975 2.9837
246.63 -17.6534 2.97739 7.79191e-06 246.64 -17.975 2.9837
246.528 -17.9576 2.97756 0.00939069 246.64 -17.975 2.9837
247.452 -18.0852 2.96481 4.43246e-32 246.64 -17.975 2.9837
246.922 -17.8418 2.97325 3.43698e-10 246.64 -17.975 2.9837
246.479 -17.5397 2.96335 1.42085e-10 246.64 -17.975 2.9837
246.625 -17.6659 2.98583 6.103e-05 246.64 -17.975 2.9837
246.718 -18.0847 2.97731 0.00019473 246.64 -17.975 2.9837
246.534 -17.9745 2.97948 0.0238303 246.64 -17.975 2.9837
246.534 -18.4435 2.97978 0.00276252 246.64 -17.975 2.9837
246.566 -17.6695 2.99915 1.61753e-08 246.64 -17.975 2.9837
246.326 -17.3789 2.98127 4.35702e-08 246.64 -17.975 2.9837
246.646 -17.9107 2.97646 0.000261968 246.64 -17.975 2.9837
246.338 -17.8387 2.96319 5.7338e-07 246.64 -17.975 2.9837
246.822 -18.1213 2.99614 0.00318634 246.64 -17.975 2.9837
246.595 -18.1217 2.97644 0.0020327 246.64 -17.975 2.9837
246.531 -18.1558 2.97677 0.00861273 246.64 -17.975 2.9837
246.47 -17.8613 2.96379 3.52301e-08 246.64 -17.975 2.9837
246.758 -18.1932 2.9781 0.000100342 246.64 -17.975 2.9837
246.263 -17.7227 2.99433 3.46076e-07 246.64 -17.975 2.9837
246.744 -18.4343 2.97226 6.76237e-09 246.64 -17.975 2.9837
247.173 -17.8453 2.97304 6.11941e-16 246.64 -17.975 2.9837
246.303 -18.6792 2.97046 3.08883e-08 246.64 -17.975 2.9837
246.062 -18.1402 2.97573 0.0891438 246.64 -17.975 2.9837
246.946 -17.5617 2.97283 2.78128e-13 246.64 -17.975 2.9837
246.445 -17.5429 2.97415 3.46315e-06 246.64 -17.975 2.9837
246.707 -17.2377 2.98881 2.07539e-13 246.64 -17.975 2.9837
246.793 -18.4774 2.98244 5.61347e-05 246.64 -17.975 2.9837
246.042 -18.495 2.98201 0.00134181 246.64 -17.975 2.9837
246.247 -17.4392 2.97813 1.07949e-06 246.64 -17.975 2.9837
246.426 -17.6875 2.97087 2.34614e-05 246.64 -17.975 2.9837
246.579 -17.6194 2.99213 1.69509e-06 246.64 -17.975 2.9837
246.61 -18.4457 2.97546 1.60414e-05 246.64 -17.975 2.9837
247.206 -17.9085 2.98927 1.03195e-08 246.64 -17.975 2.9837
247.16 -18.1634 2.98241 2.24744e-09 246.64 -17.975 2.9837
246.429 -18.3235 2.97765 0.0179174 246.64 -17.975 2.9837
247.173 -17.7878 2.9948 1.02666e-08 246.64 -17.975 2.9837
246.8 -18.2083 2.99795 0.00311653 246.64 -17.975 2.9837
246.653 -17.9245 2.98361 0.00793566 246.64 -17.975 2.9837
246.533 -18.1889 2.97399 0.000732103 246.64 -17.975 2.9837
247.163 -18.1098 2.95344 3.63212e-36 246.64 -17.975 2.9837
246.369 -18.3181 2.99232 0.0212047 246.64 -17.975 2.9837
246.426 -17.3739 2.97491 1.92259e-08 246.64 -17.975 2.9837
246.283 -17.6849 2.97682 0.00156543 246.64 -17.975 2.9837
247.065 -17.6981 2.97713 4.14894e-12 246.64 -17.975 2.9837
