229.687 -13.9244 2.90376 0.050295
230.081 -13.5692 2.90523 0.00110566
229.696 -13.4993 2.89851 0.000214864
229.964 -13.3532 2.89478 3.9635e-07
230.284 -14.0728 2.90716 0.0110859
230.267 -14.0566 2.8945 7.56162e-06
230.136 -13.7135 2.89867 0.00131269
229.69 -13.6558 2.90921 0.000183744
230.14 -13.8545 2.89632 0.00101561
229.562 -14.2476 2.90155 0.00175337
229.848 -13.6616 2.90432 0.0114753
229.429 -13.3798 2.92085 4.83694e-18
229.467 -14.0069 2.90873 2.85273e-05
229.409 -13.7221 2.89346 0.000309431
229.846 -14.1815 2.90556 0.052967
230.045 -13.7769 2.90513 0.0502631
229.826 -13.5985 2.90918 0.000431221
230.305 -13.6177 2.91528 3.90802e-05
229.567 -14.1042 2.90462 0.00359969
229.428 -13.8504 2.90036 0.000883951
230.179 -13.664 2.90675 0.00301668
229.539 -13.7046 2.89569 0.00222123
229.573 -13.5262 2.91033 2.8523e-07
229.785 -13.7836 2.90398 0.0481254
230.609 -13.7008 2.90152 7.84204e-09
230.125 -13.6427 2.88886 7.9941e-08
230.022 -14.0394 2.88403 8.27403e-09
229.429 -14.7839 2.89746 1.39312e-11
229.471 -13.9223 2.89167 0.00174213
229.379 -14.0569 2.89743 0.00059045
230.373 -13.7482 2.89707 1.57741e-06
229.424 -14.0199 2.88959 0.000324264
229.834 -13.4056 2.88701 2.00025e-08
230.192 -13.9414 2.91214 0.0216151
229.703 -13.7047 2.89502 0.00623044
230.352 -14.2344 2.90547 0.000419197
230.367 -13.8187 2.90256 0.000221045
229.549 -13.9725 2.94145 1.10039e-32
230.046 -13.8477 2.9098 0.0449916
229.936 -13.8776 2.90617 0.137927
230.044 -14.2889 2.88798 5.29438e-08
229.842 -13.8175 2.90271 0.106092
229.778 -13.1722 2.88646 6.33248e-12
229.896 -14.0632 2.91116 0.0215801
229.416 -13.7774 2.8911 0.000343968
229.965 -13.6 2.9076 0.00213438
229.718 -14.1041 2.93352 5.16445e-19
230.194 -13.6761 2.89718 8.94464e-05
229.711 -13.4752 2.9318 1.74627e-21
229.594 -13.7477 2.90452 0.00212534
230.22 -13.3663 2.90678 7.22841e-07
229.846 -13.7828 2.90262 0.0767567
230.157 -14.0872 2.89895 0.00389831
230.437 -13.8715 2.89678 3.45532e-07
229.875 -13.4741 2.91238 3.44877e-06
229.552 -14.3587 2.9021 0.000172509
229.828 -14.0122 2.91491 0.000580193
229.695 -13.8882 2.90767 0.00944716
229.441 -13.8177 2.9015 0.000626696
230.373 -14.1193 2.90087 6.9396e-05
229.807 -13.7714 2.90629 0.026222
230.272 -13.7257 2.90991 0.00223855
229.929 -14.2075 2.91617 0.000302207
230.068 -13.8189 2.89077 2.26114e-05
230.157 -14.2114 2.90444 0.0124834
229.952 -13.9953 2.88896 4.10889e-05
229.732 -13.7207 2.90629 0.00583405
229.518 -14.2606 2.90826 2.50086e-05
229.992 -14.141 2.88862 4.16677e-06
230.626 -14.0267 2.9087 3.4073e-06
229.7 -13.9214 2.91148 0.000878254
229.659 -13.8433 2.91744 2.8896e-07
230.436 -14.6554 2.9087 4.39879e-09
230.206 -14.3671 2.88274 8.93552e-15
229.915 -14.1125 2.90329 0.14117
230.057 -14.143 2.89079 1.32236e-05
229.745 -14.209 2.91456 5.69143e-05
229.689 -13.7727 2.91683 6.44428e-07
229.938 -13.7657 2.90946 0.017005
229.517 -13.7711 2.89938 0.00345682
230.352 -13.8422 2.91402 0.00132315
230.546 -13.9069 2.91116 5.8822e-05
229.172 -14.3301 2.89443 7.54273e-08
230.343 -14.1852 2.90958 0.00226824
229.583 -13.8231 2.91366 2.69086e-06
229.459 -13.6975 2.90883 1.76665e-06
229.745 -14.1485 2.89805 0.0362691
229.791 -13.9009 2.91415 0.000429546
229.627 -13.8734 2.90006 0.0364848
230.358 -13.2057 2.92752 1.77341e-16
229.84 -13.7506 2.89807 0.0303613
229.861 -14.0495 2.89114 0.00105523
229.889 -14.2221 2.91205 0.00350195
230.01 -13.9119 2.92244 1.67758e-06
230.079 -13.254 2.90292 4.79476e-08
230.42 -13.4637 2.90835 4.52824e-07
230.354 -13.946 2.92491 1.17139e-06
229.778 -13.6364 2.8899 9.45682e-05
229.975 -13.4283 2.90167 4.36093e-05
229.751 -13.4932 2.90801 2.45246e-05
