-0.493951 -95.7546 3.16532 0.00113347
-0.545388 -96.0441 3.17204 1.24149e-08
0.124841 -95.3921 3.17978 0.000241089
-0.750069 -95.0446 3.15558 5.00793e-05
-0.138002 -95.9393 3.16989 3.09005e-05
0.21323 -96.0895 3.17104 1.42561e-08
-0.453463 -95.6007 3.17756 1.04417e-05
-0.474618 -95.7289 3.15766 0.0109128
-0.29526 -95.802 3.16387 0.00368182
-0.328043 -95.357 3.16831 0.0381956
-0.291375 -96.2659 3.15822 3.21511e-08
-0.280547 -95.7456 3.16067 0.0151922
-0.332785 -95.3714 3.17597 0.000940042
-0.345846 -96.2197 3.16172 7.82804e-08
-0.201223 -95.8905 3.15114 0.000318659
-0.064851 -95.3905 3.15329 0.00695141
-0.0713765 -95.3434 3.17624 0.00348044
-0.716372 -95.9488 3.15913 6.82676e-06
-0.37724 -95.5388 3.18441 1.30487e-07
-0.0489017 -95.6032 3.18256 8.74429e-06
-0.568158 -95.343 3.15463 0.0195439
-0.194856 -95.3973 3.15134 0.0124132
0.0164007 -95.138 3.17161 0.00499587
-0.350114 -95.5193 3.1698 0.0116209
-0.182154 -95.6209 3.16161 0.0533761
-0.133362 -95.6654 3.16448 0.0222987
-0.256364 -95.2296 3.18928 2.49427e-08
-0.0153179 -95.6208 3.16808 0.010341
-0.610205 -94.9007 3.17462 2.93039e-07
-0.105612 -95.5492 3.14465 9.30288e-05
-0.896158 -95.5616 3.17214 1.62027e-08
-1.17196 -96.3236 3.15905 1.03811e-16
-0.22448 -96.0683 3.1596 1.57914e-05
-0.0719442 -95.9157 3.14848 1.40753e-05
0.171465 -95.67 3.1697 0.0005413
-0.505388 -95.0879 3.15836 0.00356291
-0.699971 -96.0455 3.17072 1.19393e-09
-0.532535 -95.123 3.16169 0.00416804
-0.00655818 -95.6038 3.16769 0.0124232
-0.105314 -95.4726 3.17269 0.0119879
-0.449019 -95.3786 3.16805 0.01358
-0.526652 -95.504 3.1585 0.0390043
0.475357 -96.0401 3.19134 1.48335e-15
0.0137608 -96.2207 3.16147 1.76963e-08
0.124249 -95.5499 3.17252 0.00191802
-0.693229 -95.4266 3.15155 0.00403711
-0.166688 -95.8752 3.17142 7.08319e-05
-0.650082 -95.8977 3.16583 4.68926e-06
-0.469428 -95.9525 3.18292 2.43271e-11
-0.319159 -95.1607 3.15864 0.0258188
-0.920361 -95.3742 3.15384 4.70812e-05
-0.416919 -95.4498 3.15454 0.0688163
-0.0891105 -95.6041 3.14616 0.000174483
-0.541281 -95.368 3.15514 0.0297838
-0.955453 -95.6717 3.1761 1.129e-11
-0.298461 -95.7309 3.15552 0.0162547
-0.597511 -95.9379 3.16941 5.86865e-07
-0.50162 -95.5489 3.14897 0.0111853
-0.599786 -95.9702 3.16248 9.58872e-06
-0.500818 -95.9417 3.1734 1.77192e-07
-0.214713 -95.5432 3.15201 0.0197512
-0.2645 -96.0915 3.18879 6.72875e-15
-0.437192 -94.8383 3.17615 9.3186e-07
-0.0870536 -95.514 3.17708 0.001026
-0.178738 -96.4637 3.16463 1.44777e-12
-0.710027 -95.1269 3.16518 9.85111e-05
-0.283248 -95.4092 3.16537 0.100454
0.091561 -95.6651 3.1459 2.64638e-06
-0.938887 -95.5538 3.16234 2.56179e-06
-0.941075 -96.6408 3.17255 6.197e-25
-0.421931 -95.6004 3.15888 0.053069
-0.376875 -95.6185 3.158 0.0572234
-0.658426 -95.6615 3.16264 0.000849438
-0.183163 -95.9173 3.15088 0.000149873
-0.630152 -96.1166 3.16463 3.40501e-08
0.0370099 -95.4349 3.14739 4.4424e-05
-0.911806 -95.5095 3.18451 1.99859e-14
-0.258658 -95.5295 3.16596 0.0637324
-0.225714 -95.485 3.1469 0.00200464
-0.526576 -95.3316 3.16367 0.0180014
-0.625534 -95.3168 3.16879 0.000527445
-0.503994 -95.9768 3.16742 3.40041e-06
-0.457126 -96.2645 3.17058 6.42007e-11
-0.00113204 -95.3445 3.16956 0.0261345
-0.574793 -95.7603 3.16775 0.000100181
-0.210872 -95.2074 3.15434 0.0115263
-0.576349 -96.1181 3.15614 1.27531e-06
-0.183514 -96.2323 3.15802 8.00831e-08
-0.184321 -95.2964 3.1695 0.0413324
-0.654142 -96.1387 3.16753 1.81626e-09
-0.542187 -96.1483 3.16018 2.9602e-07
-0.715948 -96.3183 3.15798 1.05999e-10
-0.490716 -95.8351 3.16664 0.000159378
-0.341036 -95.5379 3.1596 0.106253
-0.10319 -95.8587 3.157 0.000941799
-0.45087 -95.4362 3.16779 0.013729
-0.42692 -95.8215 3.16479 0.000893866
-0.154651 -95.1205 3.16554 0.0192453
-0.0933964 -95.7776 3.15736 0.00348401
-0.889683 -95.7475 3.16482 3.76598e-07
