34.2618 -76.9576 3.91546 0.00956362
34.1806 -76.9249 3.93881 2.17436e-16
33.6941 -76.2754 3.91775 2.37766e-11
34.1593 -76.1379 3.91168 2.29263e-08
34.6796 -76.3212 3.91786 1.01701e-10
33.9047 -76.8267 3.90793 0.0318893
33.9785 -76.5341 3.93141 1.07175e-13
33.8286 -76.7815 3.93045 2.04646e-14
34.1623 -76.3854 3.89719 3.37586e-10
34.2953 -76.5646 3.90522 1.67857e-05
34.4154 -77.1421 3.92209 6.21753e-06
33.6002 -77.1219 3.92036 1.28275e-13
34.1329 -76.3408 3.94478 5.97093e-33
33.6028 -76.1568 3.91691 1.72807e-15
34.2374 -76.5681 3.91461 0.0509864
33.7968 -76.5478 3.92733 2.85983e-13
33.8027 -76.7289 3.9162 0.000687936
34.3654 -76.372 3.90598 6.33422e-08
33.6737 -76.6561 3.89881 5.49151e-05
34.5659 -76.6085 3.92978 4.53923e-07
33.972 -76.9558 3.9317 1.21568e-12
33.7529 -76.9747 3.90449 3.66823e-05
33.9311 -76.4872 3.91807 0.000216125
34.2919 -76.2308 3.9112 2.48647e-07
33.5423 -76.2684 3.90999 3.61527e-10
33.8024 -76.1902 3.90758 1.9754e-07
34.4887 -76.6363 3.92273 0.000570632
34.2364 -76.2253 3.92383 8.09433e-10
33.5953 -76.6484 3.91389 8.48858e-07
33.7316 -76.331 3.90568 2.22769e-05
33.9747 -76.377 3.91108 0.00139109
33.7607 -76.4525 3.90367 0.000656966
34.2736 -76.8375 3.91821 0.0670594
33.912 -76.7659 3.91407 0.0517211
33.5436 -76.3711 3.92393 1.92662e-19
34.4848 -76.1271 3.92065 4.65051e-12
33.5775 -76.4368 3.91595 4.32453e-10
33.5919 -76.7145 3.93857 3.34283e-35
34.3231 -76.5942 3.91038 0.00206336
34.0165 -76.6596 3.90883 0.165029
34.3699 -76.853 3.91928 0.0160636
34.0428 -76.6747 3.91131 0.312274
33.8583 -76.6811 3.90554 0.0286705
33.7621 -77.0731 3.90083 4.30865e-08
33.8048 -76.2729 3.89552 6.99798e-09
34.5579 -76.6239 3.93718 5.12636e-12
33.2777 -76.6473 3.91139 3.61591e-14
34.2668 -76.9787 3.92028 0.00462385
34.5317 -76.6867 3.9207 0.000508573
33.6241 -76.7835 3.92497 2.60135e-14
33.842 -76.8799 3.91276 0.00557188
34.3972 -76.3511 3.92426 2.27511e-07
33.5526 -76.4645 3.9137 6.05171e-09
34.1762 -76.6337 3.92527 0.000116355
34.4655 -76.671 3.93361 8.91329e-09
33.8471 -76.6238 3.91273 0.0186377
33.9459 -76.5496 3.92506 5.69405e-08
34.9807 -76.5058 3.91753 1.03444e-16
34.2105 -76.4177 3.91319 0.00222215
33.5126 -77.1484 3.91508 3.03863e-13
33.9017 -76.4934 3.90634 0.0115998
33.6482 -77.0976 3.92296 6.4997e-14
33.7488 -76.6951 3.91257 0.00191508
34.5523 -76.6083 3.92057 0.000113334
33.8502 -76.5777 3.90303 0.00490768
34.1914 -76.4705 3.9057 0.000204765
34.0312 -76.6667 3.92272 0.000274438
34.5354 -76.6896 3.91459 4.79651e-05
33.5659 -76.8217 3.92228 1.72207e-13
34.3457 -76.4695 3.91353 0.000754138
33.427 -76.6464 3.92016 3.03974e-16
34.6648 -76.3034 3.92731 1.27482e-11
33.9775 -76.1059 3.92043 1.01201e-12
34.0847 -76.393 3.91466 0.00147675
34.3137 -76.7539 3.92012 0.0430038
33.2393 -76.6248 3.91813 2.04668e-21
33.1593 -76.5086 3.90533 2.28059e-15
33.8458 -76.539 3.92913 4.03369e-14
33.823 -76.63 3.91536 0.00173627
34.4328 -76.0873 3.92893 1.12796e-16
33.9526 -76.3781 3.92157 1.24864e-07
33.4766 -76.8667 3.9153 6.56718e-11
34.1158 -76.6191 3.92045 0.00923749
34.3713 -76.8676 3.92512 0.0011077
34.2472 -76.721 3.91176 0.054317
34.3177 -76.6775 3.92162 0.0144942
34.1602 -76.2517 3.91233 7.41852e-06
34.0087 -76.8735 3.92898 5.68333e-09
33.5375 -76.7962 3.89308 2.02731e-09
34.0181 -76.7428 3.92668 6.96395e-07
33.3963 -76.9136 3.91405 7.41724e-13
33.9846 -76.464 3.91132 0.0162248
34.0523 -76.564 3.91521 0.0662379
34.0942 -77.2673 3.91003 1.24657e-08
34.0124 -76.9091 3.93953 3.22366e-21
33.9335 -76.1623 3.90788 1.85137e-07
34.4747 -76.4739 3.92056 5.05432e-05
33.8375 -76.6842 3.91725 0.00069415
33.7966 -76.4609 3.91105 0.000917466
34.007 -76.9699 3.90301 1.3824e-05
