248.027 -17.8084 3.00012 8.36788e-09
247.279 -17.8831 3.00283 0.0015594
247.619 -17.7129 2.98612 7.38089e-10
247.546 -17.4627 3.01333 3.566e-12
248.391 -18.4966 3.00558 4.82477e-11
247.173 -17.859 2.99103 0.000670296
247.241 -18.0564 2.99366 0.0205902
247.712 -18.457 3.00017 0.0038326
248.09 -17.8902 2.99869 1.33761e-09
247.47 -17.8783 3.01801 1.30206e-07
247.863 -18.1885 3.02238 7.31767e-05
247.589 -17.84 3.00083 0.0006068
247.856 -18.4078 3.00734 0.0148952
248.081 -17.4651 2.98009 7.30156e-27
247.894 -18.0139 3.00949 0.000862906
247.608 -18.416 3.0023 0.0706227
247.787 -18.1812 3.00637 0.0266026
247.226 -18.0262 3.01521 5.02692e-07
247.844 -18.1174 3.00782 0.00772443
247.833 -17.9024 3.00981 0.00018987
246.87 -18.1847 2.99442 0.000840426
247.088 -18.2682 2.9889 0.00253439
248.191 -17.6657 2.99267 2.87245e-17
247.649 -18.364 2.98699 3.57656e-08
247.995 -18.3821 2.99193 1.12922e-10
247.66 -17.8301 3.00011 0.000162936
247.645 -18.0661 2.97905 3.17756e-13
247.399 -17.6033 3.0176 1.97424e-12
247.839 -18.0668 3.01194 0.00347757
247.929 -17.9716 3.01024 0.000212748
247.502 -17.9401 3.01707 3.57036e-06
247.286 -17.8355 2.99352 0.000792721
247.734 -18.3257 2.99426 4.52258e-05
247.922 -18.2328 3.00272 0.000479218
247.862 -18.1831 3.01737 0.00219015
247.659 -17.7241 3.03423 3.66926e-20
247.205 -17.7624 2.98188 2.11309e-07
247.443 -18.162 3.01023 0.0228654
247.918 -17.7182 3.0101 2.33379e-07
247.978 -18.725 3.01708 0.000211056
247.225 -18.0057 3.00057 0.016507
247.256 -17.8371 3.00263 0.000455401
247.581 -17.6386 2.98007 1.17043e-13
247.676 -18.6803 3.0165 0.00126129
247.425 -17.9577 3.00796 0.00289148
247.399 -18.5894 2.99781 0.00395996
248.173 -18.1253 2.97327 2.97668e-33
247.53 -18.089 2.97581 5.85691e-14
247.641 -18.012 3.00455 0.0160604
247.893 -17.5925 3.00079 1.03837e-09
247.926 -18.277 2.99884 1.98964e-05
248.191 -17.9235 3.00347 2.95616e-09
247.646 -18.3837 3.00787 0.166318
247.32 -18.4474 2.99969 0.0660269
247.667 -17.5479 3.00679 1.27681e-08
246.987 -17.8886 2.99695 0.000232272
248.012 -17.9294 3.01125 1.75404e-05
248.017 -17.9978 2.98655 7.07103e-15
247.707 -18.4716 2.9837 3.27459e-12
247.313 -18.4712 2.99895 0.041883
247.711 -18.5085 3.00583 0.0314093
247.824 -17.5542 3.00093 1.45114e-09
247.345 -18.7264 3.00764 0.000666833
247.445 -18.2617 2.99212 0.00305669
248.133 -18.1364 3.00257 2.82246e-07
247.159 -18.3785 3.01415 8.10808e-06
248.304 -18.1573 2.99776 4.07463e-13
247.827 -18.4762 3.00992 0.0257246
247.348 -18.4483 3.00265 0.09825
247.744 -17.7155 3.00438 3.99912e-06
247.548 -18.39 2.9984 0.0276056
247.965 -17.827 3.00478 1.26759e-06
247.707 -18.1403 3.00099 0.0124853
247.74 -17.7457 3.00929 6.14102e-06
247.574 -18.2442 3.00736 0.198572
247.458 -18.0191 3.02126 5.88537e-08
247.487 -18.032 3.02679 2.82656e-11
247.303 -17.9736 3.0057 0.00368426
247.475 -17.5836 3.00944 1.48495e-08
247.31 -18.0929 3.00361 0.050941
248.027 -17.9163 3.0106 9.17203e-06
248.175 -18.083 3.00619 5.3625e-07
247.768 -18.2118 3.00345 0.0186832
247.847 -17.8435 3.00359 2.13952e-05
247.278 -17.7547 2.99604 0.000194046
247.999 -17.9469 3.02048 1.55724e-06
248.317 -18.2451 3.00973 1.10418e-07
247.174 -18.6928 2.99438 6.0809e-05
247.778 -17.7354 3.01157 1.47256e-06
248.277 -17.938 2.99189 2.19553e-17
247.356 -18.333 2.99368 0.0154084
247.717 -17.9995 3.00668 0.00668595
247.458 -18.372 3.01941 5.67888e-05
247.51 -17.9398 3.00613 0.00595587
247.693 -17.5079 3.01227 1.29966e-10
247.554 -17.72 3.00551 2.02026e-05
247.165 -17.9468 2.99127 0.00280195
247.82 -17.7675 3.01142 3.23798e-06
247.714 -17.2575 3.01118 3.38552e-16
247.66 -17.5616 2.98612 3.07835e-12
