131.722 19.8878 0.0753779 0.0208437
131.378 19.3286 0.0679591 1.04213e-07
131.886 19.8661 0.0781632 0.00786061
131.945 19.5343 0.0757947 0.0225136
132.064 18.8549 0.0609515 1.05991e-18
132.176 19.8261 0.0757446 7.3796e-05
131.713 19.4802 0.0715976 0.0187465
131.73 19.926 0.0763809 0.00873932
131.849 19.8198 0.0780647 0.0225272
131.87 20.1069 0.08288 5.77455e-07
131.488 20.1002 0.0719719 3.34612e-06
131.549 19.4888 0.0892275 1.40271e-06
130.866 19.992 0.066721 2.00446e-19
132.384 19.8258 0.049729 1.15283e-18
131.255 19.4311 0.0603626 5.49778e-13
131.706 19.5807 0.0621041 2.20564e-05
131.732 19.2239 0.0606983 7.64883e-10
131.622 19.2023 0.0640522 8.96386e-09
131.166 19.9292 0.069236 7.04247e-10
131.426 19.7009 0.0517695 3.93947e-16
131.724 19.7029 0.0796545 0.0436138
131.701 19.3561 0.0855045 3.15514e-05
131.366 19.9141 0.0698436 5.17856e-06
132.139 19.8864 0.0813278 3.48248e-06
131.809 19.5805 0.078615 0.0550765
131.976 19.551 0.0704656 0.00950175
131.794 19.7502 0.0803583 0.0204808
131.698 19.5971 0.0731986 0.092449
131.937 19.3647 0.0749764 0.00158719
132.309 20.2051 0.0951177 1.76681e-23
131.75 19.821 0.052037 1.09985e-12
131.75 19.6513 0.0738696 0.151745
131.331 19.4056 0.0750749 7.09715e-06
131.881 19.5332 0.0849831 0.000240716
132.111 19.8996 0.0786942 4.2728e-05
132.067 19.9638 0.0532459 1.28086e-12
132.335 20.1626 0.0735362 6.22893e-11
131.925 19.5913 0.0538287 5.15589e-11
131.662 19.9108 0.0798642 0.00239143
131.563 19.0734 0.0670701 3.3836e-10
131.83 19.4306 0.0696227 0.00378258
131.731 19.4743 0.0723442 0.0239558
131.253 19.3518 0.0551282 2.23693e-18
131.37 19.5964 0.0399138 4.84262e-33
132.13 18.7477 0.0678883 3.13935e-19
131.862 19.7508 0.0877294 8.86128e-06
132.301 19.542 0.0747452 1.52077e-06
131.731 20.1908 0.0774447 1.66951e-06
131.685 19.4496 0.0754313 0.0206983
131.927 19.3962 0.062619 2.42933e-06
131.332 19.5838 0.0835681 8.1655e-06
131.487 19.7459 0.0764349 0.00578243
131.739 19.5663 0.0718139 0.0632371
132.411 19.7664 0.0652522 2.1195e-09
131.752 19.573 0.0610491 7.27883e-06
131.711 19.5368 0.0897844 2.17016e-06
131.732 19.5347 0.0514259 5.46142e-14
131.875 19.5997 0.0711646 0.0522216
131.954 19.3161 0.0688073 5.97773e-05
132.084 19.7501 0.0829467 2.70158e-05
132.458 19.4694 0.0816952 6.7271e-12
131.855 20.1274 0.0727713 3.42926e-05
132.323 19.1311 0.0740796 1.67173e-11
131.467 19.8882 0.0739736 0.000628815
131.19 19.636 0.0674736 4.47813e-09
131.743 19.5634 0.0827386 0.00570427
132.064 19.4541 0.0596274 3.2093e-08
132.073 19.6488 0.064034 5.46734e-05
131.986 19.6065 0.069302 0.00783514
131.576 19.4261 0.0683696 0.000231815
131.632 19.5866 0.0749035 0.0617029
131.802 19.5678 0.0556838 1.3787e-09
132.025 19.8878 0.0608047 1.1822e-06
131.747 19.461 0.0622242 6.41124e-06
131.82 19.4142 0.0790505 0.00593516
131.244 20.0869 0.0786326 2.45722e-09
132.156 19.1821 0.0724203 4.45396e-08
132.093 19.5349 0.0694791 0.000601991
131.486 19.1195 0.0649992 5.2789e-11
132.06 20.4234 0.0756251 8.90349e-13
131.523 19.8989 0.0788522 0.000913584
132.183 19.5929 0.0849684 2.02487e-07
131.839 19.1429 0.0758254 3.43194e-06
131.319 19.6472 0.0669059 7.16141e-07
131.956 19.826 0.0830284 0.000189299
131.635 19.585 0.0718151 0.0333047
131.287 19.566 0.076062 1.59705e-05
131.712 19.4168 0.0659186 0.000130821
132.073 20.3356 0.0701642 1.62745e-10
131.731 19.6917 0.0728821 0.124704
132.023 19.3192 0.0825662 5.27594e-06
131.735 19.6201 0.0584309 1.86874e-07
131.852 20.0965 0.0854506 6.20463e-08
132.064 19.4919 0.0576751 3.37466e-09
131.471 20.0175 0.0722512 2.85761e-05
131.347 20.0119 0.0819111 1.96109e-07
131.8 19.5954 0.0765775 0.109296
132.185 19.005 0.0631583 1.05295e-14
132.435 19.7362 0.0530361 1.54686e-16
131.804 19.9348 0.0819735 0.000364089
