66.8537 14.5278 0.115508 0.00786627 66.556 14.442 0.11911
66.6782 14.4147 0.12197 0.069716 66.556 14.442 0.11911
66.9308 13.8739 0.109484 1.44243e-08 66.556 14.442 0.11911
66.4386 14.2956 0.131442 0.027286 66.556 14.442 0.11911
66.3923 14.3951 0.129247 0.0566667 66.556 14.442 0.11911
67.1845 14.4582 0.118521 9.90215e-06 66.556 14.442 0.11911
66.8112 14.4899 0.101706 4.82275e-05 66.556 14.442 0.11911
66.7618 14.3515 0.10124 1.77908e-05 66.556 14.442 0.11911
65.9863 13.8373 0.12694 2.3281e-08 66.556 14.442 0.11911
66.0262 14.0413 0.120905 3.041e-06 66.556 14.442 0.11911
66.8202 14.8029 0.126263 0.00169619 66.556 14.442 0.11911
66.2988 14.5125 0.107112 0.000439149 66.556 14.442 0.11911
66.3178 13.9561 0.112649 2.78665e-06 66.556 14.442 0.11911
65.9874 14.0586 0.108152 5.68006e-09 66.556 14.442 0.11911
66.2693 14.2738 0.121907 0.00891197 66.556 14.442 0.11911
66.1755 14.0189 0.11713 1.1284e-05 66.556 14.442 0.11911
66.7487 14.4235 0.12062 0.0384265 66.556 14.442 0.11911
66.5252 14.7936 0.129532 0.0081029 66.556 14.442 0.11911
66.9588 13.3206 0.130089 1.22435e-16 66.556 14.442 0.11911
66.9064 14.4227 0.121659 0.00505378 66.556 14.442 0.11911
66.2828 14.3255 0.119021 0.0103933 66.556 14.442 0.11911
66.2609 14.7313 0.101464 6.03989e-06 66.556 14.442 0.11911
65.9649 14.5821 0.117487 4.18768e-05 66.556 14.442 0.11911
66.374 14.1196 0.106273 6.89294e-06 66.556 14.442 0.11911
65.708 14.0907 0.108353 1.42415e-12 66.556 14.442 0.11911
66.4055 14.1402 0.113876 0.000604293 66.556 14.442 0.11911
66.8433 13.955 0.106536 1.06413e-07 66.556 14.442 0.11911
66.2879 14.2611 0.110456 0.000283629 66.556 14.442 0.11911
66.5837 14.6488 0.11579 0.0445392 66.556 14.442 0.11911
66.6159 14.1876 0.131376 0.00737471 66.556 14.442 0.11911
66.3598 14.383 0.134423 0.0154678 66.556 14.442 0.11911
66.7424 14.3167 0.111107 0.00234676 66.556 14.442 0.11911
67.0645 14.3345 0.100635 1.70314e-07 66.556 14.442 0.11911
66.2729 14.7812 0.0961702 1.02508e-07 66.556 14.442 0.11911
66.5354 13.7328 0.113006 1.17855e-08 66.556 14.442 0.11911
66.5554 14.7206 0.117424 0.036348 66.556 14.442 0.11911
66.7329 14.4455 0.111739 0.00844261 66.556 14.442 0.11911
67.3889 13.8025 0.114785 6.13825e-14 66.556 14.442 0.11911
66.7181 14.7625 0.103922 0.000214343 66.556 14.442 0.11911
65.8966 14.4633 0.112671 1.07614e-06 66.556 14.442 0.11911
66.2713 13.9643 0.114778 5.07157e-06 66.556 14.442 0.11911
67.2135 14.1856 0.128982 1.93302e-07 66.556 14.442 0.11911
66.4728 14.3941 0.124713 0.104285 66.556 14.442 0.11911
66.6962 14.4844 0.127196 0.0529979 66.556 14.442 0.11911
66.598 14.2541 0.125531 0.032852 66.556 14.442 0.11911
66.407 14.8024 0.109845 0.00141541 66.556 14.442 0.11911
66.5591 14.5362 0.111158 0.0159152 66.556 14.442 0.11911
66.6928 14.6439 0.143005 4.39484e-05 66.556 14.442 0.11911
66.6525 13.6854 0.0897884 1.21894e-17 66.556 14.442 0.11911
66.7205 14.2927 0.146761 6.94194e-06 66.556 14.442 0.11911
66.4166 15.3734 0.100139 4.46117e-11 66.556 14.442 0.11911
67.2277 14.6393 0.104956 1.33056e-07 66.556 14.442 0.11911
66.4575 14.5092 0.128665 0.0870014 66.556 14.442 0.11911
66.5234 15.0812 0.101723 7.22588e-07 66.556 14.442 0.11911
66.3167 14.9802 0.12524 0.000269499 66.556 14.442 0.11911
66.804 14.2463 0.120352 0.00512884 66.556 14.442 0.11911
66.3032 14.4455 0.0980756 7.32323e-07 66.556 14.442 0.11911
67.0228 13.8376 0.130173 2.31132e-08 66.556 14.442 0.11911
66.7815 14.2318 0.111999 0.000814311 66.556 14.442 0.11911
66.3855 13.8895 0.115596 2.94329e-06 66.556 14.442 0.11911
66.9168 14.518 0.118168 0.00438116 66.556 14.442 0.11911
66.7898 14.2822 0.102463 1.35159e-05 66.556 14.442 0.11911
66.7538 14.2866 0.124551 0.0157316 66.556 14.442 0.11911
66.4658 14.5498 0.122982 0.122549 66.556 14.442 0.11911
66.6154 14.2085 0.104062 2.62137e-05 66.556 14.442 0.11911
66.8083 14.2798 0.112055 0.00119041 66.556 14.442 0.11911
66.8721 14.0255 0.116968 2.74878e-05 66.556 14.442 0.11911
66.7411 14.097 0.117365 0.000594803 66.556 14.442 0.11911
67.0539 14.2032 0.0998513 1.78326e-08 66.556 14.442 0.11911
66.5132 14.2007 0.122107 0.0172213 66.556 14.442 0.11911
66.7626 14.5343 0.132491 0.00722854 66.556 14.442 0.11911
66.4278 14.9005 0.125874 0.00250171 66.556 14.442 0.11911
66.7436 14.1426 0.127941 0.00243227 66.556 14.442 0.11911
66.2319 14.7919 0.11475 0.00107933 66.556 14.442 0.11911
66.4109 14.4183 0.103074 8.11887e-05 66.556 14.442 0.11911
66.3028 14.0768 0.120243 0.000512056 66.556 14.442 0.11911
67.3192 14.3042 0.105367 1.96653e-09 66.556 14.442 0.11911
66.5726 14.7816 0.104758 0.000379054 66.556 14.442 0.11911
66.4441 14.414 0.083593 9.80425e-13 66.556 14.442 0.11911
66.467 13.8215 0.115937 6.84355e-07 66.556 14.442 0.11911
66.398 14.8565 0.109018 0.000506655 66.556 14.442 0.11911
66.7454 14.2054 0.108209 0.000150129 66.556 14.442 0.11911
67.0555 13.9294 0.104472 5.39175e-10 66.556 14.442 0.11911
66.2161 14.0534 0.110599 2.7101e-06 66.556 14.442 0.11911
66.1272 14.5054 0.0965459 1.16615e-08 66.556 14.442 0.11911
66.4377 14.7541 0.11686 0.0186163 66.556 14.442 0.11911
66.3263 13.6234 0.117395 3.71318e-10 66.556 14.442 0.11911
66.7476 13.8259 0.0919377 2.74509e-14 66.556 14.442 0.11911
66.5955 13.9967 0.120544 0.000309965 66.556 14.442 0.11911
66.4172 14.4831 0.113072 0.0169949 66.556 14.442 0.11911
66.302 15.1574 0.104592 8.1406e-08 66.556 14.442 0.11911
67.1465 14.7371 0.118471 1.10748e-05 66.556 14.442 0.11911
66.7491 13.729 0.100379 1.89145e-12 66.556 14.442 0.11911
66.3441 14.1333 0.119866 0.00195931 66.556 14.442 0.11911
66.772 14.6465 0.128866 0.00966333 66.556 14.442 0.11911
66.5186 14.3013 0.113726 0.00948018 66.556 14.442 0.11911
66.3468 14.2802 0.115901 0.00578291 66.556 14.442 0.11911
66.2848 14.7401 0.117456 0.00659168 66.556 14.442 0.11911
66.7143 13.8546 0.107598 2.96753e-08 66.556 14.442 0.11911
66.5833 14.4425 0.126705 0.102911 66.556 14.442 0.11911
