52.7477 -58.2708 3.91244 4.06362e-05 52.651 -57.837 3.9167
52.2674 -57.7114 3.91157 6.22076e-06 52.651 -57.837 3.9167
52.4433 -57.6862 3.91129 5.78292e-05 52.651 -57.837 3.9167
52.861 -57.7545 3.9072 3.67774e-10 52.651 -57.837 3.9167
52.4117 -58.2716 3.89841 1.65937e-13 52.651 -57.837 3.9167
52.0816 -57.0101 3.91173 8.17827e-29 52.651 -57.837 3.9167
52.1825 -57.4144 3.91522 1.60014e-11 52.651 -57.837 3.9167
52.8849 -57.59 3.92239 0.000442018 52.651 -57.837 3.9167
52.0315 -57.9251 3.91687 1.10575e-08 52.651 -57.837 3.9167
52.5846 -58.2146 3.91532 0.0026515 52.651 -57.837 3.9167
52.1661 -57.5924 3.9027 6.23179e-14 52.651 -57.837 3.9167
52.9332 -58.075 3.90493 4.77599e-08 52.651 -57.837 3.9167
52.3458 -57.7958 3.92207 0.00468743 52.651 -57.837 3.9167
52.1464 -58.1047 3.91868 4.61808e-07 52.651 -57.837 3.9167
52.081 -57.9011 3.92175 2.64858e-08 52.651 -57.837 3.9167
52.0701 -57.8081 3.89688 1.18289e-16 52.651 -57.837 3.9167
52.3919 -57.8229 3.91687 0.0203667 52.651 -57.837 3.9167
52.6081 -57.6625 3.90797 1.59996e-07 52.651 -57.837 3.9167
52.5743 -57.1701 3.91138 8.04866e-18 52.651 -57.837 3.9167
52.5429 -57.8621 3.89116 1.1197e-22 52.651 -57.837 3.9167
51.9612 -57.7724 3.89663 4.86537e-19 52.651 -57.837 3.9167
52.2844 -57.9243 3.90609 9.49328e-07 52.651 -57.837 3.9167
52.5271 -57.4224 3.89446 9.44353e-27 52.651 -57.837 3.9167
52.1782 -58.0078 3.91053 3.32929e-06 52.651 -57.837 3.9167
52.8109 -57.3961 3.92431 1.37427e-06 52.651 -57.837 3.9167
52.9535 -58.0563 3.91932 0.00315135 52.651 -57.837 3.9167
52.1515 -57.2259 3.92555 2.02271e-17 52.651 -57.837 3.9167
52.1607 -57.5548 3.89475 2.42389e-22 52.651 -57.837 3.9167
52.9904 -57.7288 3.90361 4.2365e-17 52.651 -57.837 3.9167
53.4475 -57.5876 3.9034 1.05252e-25 52.651 -57.837 3.9167
52.9824 -57.8554 3.92588 0.0151411 52.651 -57.837 3.9167
51.9082 -57.967 3.89769 1.13424e-17 52.651 -57.837 3.9167
52.312 -58.0193 3.89745 5.18728e-13 52.651 -57.837 3.9167
53.0084 -57.9921 3.91524 0.000255805 52.651 -57.837 3.9167
52.2379 -57.9173 3.9161 0.000304439 52.651 -57.837 3.9167
52.5858 -58.3426 3.92209 4.03878e-06 52.651 -57.837 3.9167
53.1752 -57.5939 3.88524 6.6223e-57 52.651 -57.837 3.9167
52.4138 -57.8593 3.91409 0.0114056 52.651 -57.837 3.9167
52.4097 -57.4938 3.92012 9.35441e-06 52.651 -57.837 3.9167
52.637 -59.2741 3.90529 3.75562e-45 52.651 -57.837 3.9167
52.4566 -57.1447 3.89668 2.13713e-33 52.651 -57.837 3.9167
52.7517 -57.5705 3.89767 9.99657e-22 52.651 -57.837 3.9167
52.994 -57.9807 3.91453 0.000328017 52.651 -57.837 3.9167
52.72 -57.8316 3.91129 0.000172815 52.651 -57.837 3.9167
52.8798 -57.5484 3.91928 1.31835e-05 52.651 -57.837 3.9167
53.1051 -57.9315 3.91406 2.61733e-06 52.651 -57.837 3.9167
52.8421 -57.8538 3.91502 0.000786929 52.651 -57.837 3.9167
52.1808 -57.7748 3.91771 1.07016e-05 52.651 -57.837 3.9167
52.2598 -57.5251 3.88497 1.27251e-36 52.651 -57.837 3.9167
52.6964 -57.9198 3.9249 0.614919 52.651 -57.837 3.9167
52.0788 -57.3009 3.90998 1.75062e-18 52.651 -57.837 3.9167
52.5045 -58.2041 3.91873 0.00188903 52.651 -57.837 3.9167
52.1478 -57.5584 3.92276 2.62405e-09 52.651 -57.837 3.9167
53.3568 -57.7917 3.92338 2.68358e-10 52.651 -57.837 3.9167
53.2354 -57.7378 3.92258 2.52831e-07 52.651 -57.837 3.9167
52.7961 -57.6745 3.88871 2.12634e-34 52.651 -57.837 3.9167
52.3936 -57.2125 3.89677 3.28799e-30 52.651 -57.837 3.9167
53.0502 -58.0324 3.91322 5.55273e-06 52.651 -57.837 3.9167
52.1452 -58.3695 3.90363 6.53079e-13 52.651 -57.837 3.9167
52.8003 -58.4672 3.90247 8.88917e-14 52.651 -57.837 3.9167
52.4891 -58.0102 3.91569 0.0574288 52.651 -57.837 3.9167
52.1262 -57.9648 3.90151 3.45168e-11 52.651 -57.837 3.9167
52.8689 -57.9601 3.93334 0.000451666 52.651 -57.837 3.9167
52.676 -58.1508 3.91485 0.0158042 52.651 -57.837 3.9167
52.5674 -57.7615 3.90035 1.1741e-12 52.651 -57.837 3.9167
52.4511 -57.4842 3.92488 1.58949e-05 52.651 -57.837 3.9167
52.506 -57.1391 3.90218 3.88583e-27 52.651 -57.837 3.9167
53.4052 -57.5951 3.90474 9.86855e-23 52.651 -57.837 3.9167
52.4469 -57.611 3.9159 0.000305727 52.651 -57.837 3.9167
52.2523 -57.9878 3.90163 9.07453e-10 52.651 -57.837 3.9167
52.0271 -57.7404 3.90621 9.51106e-12 52.651 -57.837 3.9167
52.0118 -58.0945 3.91565 7.71537e-10 52.651 -57.837 3.9167
52.3076 -57.1597 3.9065 1.78733e-22 52.651 -57.837 3.9167
52.1058 -57.7041 3.91527 5.68267e-08 52.651 -57.837 3.9167
52.7423 -58.1254 3.94035 4.22749e-10 52.651 -57.837 3.9167
52.5121 -57.7028 3.92508 0.0380838 52.651 -57.837 3.9167
52.0173 -57.4964 3.92298 5.38144e-14 52.651 -57.837 3.9167
52.5915 -57.3646 3.90361 5.39291e-18 52.651 -57.837 3.9167
52.7299 -58.0978 3.89488 1.58348e-12 52.651 -57.837 3.9167
52.8628 -57.4524 3.9033 8.46528e-20 52.651 -57.837 3.9167
52.857 -58.0486 3.92002 0.0468636 52.651 -57.837 3.9167
52.2321 -58.2722 3.92338 4.92912e-09 52.651 -57.837 3.9167
53.1203 -58.231 3.91738 1.26638e-08 52.651 -57.837 3.9167
52.2667 -57.7684 3.90944 3.41164e-06 52.651 -57.837 3.9167
52.5235 -58.2761 3.90089 8.83057e-09 52.651 -57.837 3.9167
52.7322 -58.0118 3.91643 0.0313689 52.651 -57.837 3.9167
52.3441 -57.9603 3.91006 0.000246019 52.651 -57.837 3.9167
52.4532 -57.9228 3.91078 0.00170287 52.651 -57.837 3.9167
52.8149 -57.9537 3.92624 0.129986 52.651 -57.837 3.9167
52.3731 -58.085 3.92299 0.000990875 52.651 -57.837 3.9167
52.5654 -57.8935 3.90204 8.54362e-10 52.651 -57.837 3.9167
52.1818 -57.8683 3.9177 2.75477e-05 52.651 -57.837 3.9167
52.9419 -57.8769 3.9152 2.91185e-05 52.651 -57.837 3.9167
51.8637 -57.8014 3.90978 3.26478e-14 52.651 -57.837 3.9167
52.5989 -58.6076 3.90585 1.75691e-14 52.651 -57.837 3.9167
52.3051 -57.6593 3.90316 3.86502e-11 52.651 -57.837 3.9167
53.103 -58.2577 3.89378 3.21244e-23 52.651 -57.837 3.9167
52.7722 -58.0709 3.89998 8.30968e-09 52.651 -57.837 3.9167
52.8613 -58.5674 3.90764 8.93438e-15 52.651 -57.837 3.9167
52.3041 -57.8602 3.92757 3.29821e-05 52.651 -57.837 3.9167
