19.1287 5.25686 0.299415 7.98271e-33
20.1377 5.92701 0.269434 1.48419e-14
19.5579 6.00033 0.273391 0.0220349
19.7452 6.05569 0.271869 0.000169842
18.9418 5.75205 0.275158 4.50616e-07
18.6728 5.67196 0.284162 5.39727e-13
19.1743 5.69388 0.276687 2.18868e-05
19.2202 5.61357 0.28205 2.97616e-08
19.2188 6.08493 0.265008 0.000925558
19.1391 5.47378 0.280845 1.48564e-11
19.5958 5.54716 0.270979 2.74024e-09
19.1666 5.61634 0.30089 2.73732e-24
19.294 6.10201 0.269716 0.216002
19.0508 5.1292 0.261296 4.60899e-32
19.1318 5.62942 0.273699 3.99664e-07
18.8752 5.48145 0.267374 2.12023e-18
19.6622 6.06501 0.283469 1.00803e-09
19.8726 5.82484 0.281937 4.69968e-16
19.476 5.99517 0.268296 0.151626
19.1143 6.09079 0.240844 5.13895e-36
19.5524 6.15752 0.264627 0.0322028
18.9218 5.12112 0.268169 1.97224e-30
19.1348 5.91921 0.274957 0.0149369
19.3375 6.09504 0.261587 0.000299311
19.6415 5.67726 0.268285 1.63524e-06
18.9917 5.46558 0.290986 9.37355e-17
19.6036 5.75458 0.260725 2.67831e-06
19.4532 6.19196 0.267428 0.122825
19.2413 5.47472 0.272374 1.74518e-10
19.1884 5.47983 0.281657 1.48685e-11
19.3905 5.77325 0.260631 7.95558e-07
19.3322 5.48738 0.268411 2.41678e-10
19.1661 5.88545 0.261224 4.11414e-08
19.0476 6.12935 0.271071 0.00106859
19.1581 5.80628 0.275737 0.00133728
19.2283 5.74009 0.277698 0.000165377
19.2071 5.39906 0.284387 2.89746e-15
19.1974 5.82917 0.279637 0.00118626
19.3103 5.2259 0.282851 1.674e-21
18.9008 5.92211 0.29415 1.02182e-10
19.2226 5.19363 0.272066 6.43956e-21
19.1374 5.56546 0.261639 4.47178e-14
19.7588 5.98075 0.277599 7.58822e-08
20.256 5.81111 0.275585 2.6334e-25
19.5159 5.84313 0.279285 2.20399e-05
19.684 5.58818 0.280852 4.30656e-14
19.1541 5.75848 0.271756 9.18572e-05
19.3326 5.59977 0.277877 1.63558e-07
19.6219 6.20442 0.27217 0.0060683
19.2589 5.83573 0.284977 5.23761e-06
19.2929 5.8419 0.289312 2.04809e-09
19.4021 6.34162 0.280563 8.28622e-05
19.5618 5.44384 0.278938 1.86788e-14
19.3132 5.95485 0.277913 0.0407262
18.948 5.92798 0.276861 0.00014726
18.6687 5.66721 0.281246 2.33306e-13
19.3508 5.87066 0.296055 2.73517e-17
18.8768 5.88624 0.276563 3.22114e-06
18.7987 5.54666 0.272612 1.61173e-15
19.4641 5.79526 0.273754 0.00143252
18.9049 5.83094 0.292877 1.20484e-10
19.07 5.62678 0.270847 1.25847e-08
19.5699 6.07994 0.258875 0.000231249
18.9915 5.41048 0.2711 7.49471e-16
18.8341 5.61902 0.270794 9.49755e-14
19.4024 5.98234 0.261191 0.000337936
19.3222 5.78064 0.252026 3.6945e-15
19.4547 6.04311 0.288539 6.77213e-10
18.9639 5.64629 0.288558 8.26938e-11
19.5791 5.49525 0.288295 1.13327e-20
19.2694 5.69847 0.277718 3.07061e-05
18.5842 5.55659 0.272719 5.12071e-22
19.387 5.15522 0.281781 1.14883e-24
19.1846 5.61432 0.273378 4.66914e-07
19.5257 6.31137 0.275709 0.00109208
19.2326 6.01122 0.273443 0.203128
19.1824 6.39303 0.274417 0.00102858
19.1417 5.60276 0.27193 5.99982e-08
19.5239 5.84645 0.280857 2.36905e-06
19.0797 5.79414 0.277757 0.000208163
19.561 5.76981 0.276242 1.30237e-05
18.7808 5.51969 0.280825 2.26865e-14
19.2275 5.64212 0.273105 3.48791e-06
19.3153 6.05437 0.276904 0.179798
18.9247 5.68909 0.266713 1.93624e-12
19.012 5.81451 0.280131 6.26763e-05
19.3398 5.69165 0.297399 2.38855e-21
19.2701 5.80606 0.288743 3.9787e-09
19.584 5.75098 0.277931 5.25004e-07
20.1133 6.0502 0.288398 8.22301e-33
19.1077 6.38204 0.273793 0.000299205
19.1512 5.98361 0.266604 0.000332209
19.371 5.25036 0.278299 5.09257e-19
19.3133 5.58154 0.280795 7.40241e-09
19.0987 5.79891 0.265072 9.1572e-08
19.5119 5.48165 0.266905 1.24527e-10
19.8224 5.73175 0.277286 4.63339e-12
19.4244 5.94011 0.259856 4.37908e-05
19.0219 5.68781 0.293012 6.84394e-13
19.4645 5.21872 0.28707 1.095e-26
