166.944 23.0584 0.0667531 0.00849739
166.604 22.8605 0.0611098 0.000185126
166.545 23.7787 0.0703072 1.04435e-17
166.513 23.1291 0.0633606 1.39047e-05
166.134 23.3835 0.0749691 2.43472e-12
166.247 23.0585 0.0747053 8.46693e-06
166.416 22.9403 0.0668541 0.000298402
166.156 22.3445 0.0669041 1.55379e-14
166.323 22.3831 0.056832 3.00388e-16
166.629 22.7091 0.0630605 0.000718672
166.527 22.7734 0.077759 0.0290527
166.179 22.9597 0.0724171 6.29215e-07
166.317 23.0349 0.062641 2.91213e-08
166.444 22.8513 0.0748195 0.017909
166.422 23.1512 0.0792138 0.000152161
166.52 22.408 0.0589875 8.3507e-11
166.21 22.8432 0.0681874 2.26556e-07
166.001 22.9896 0.0917607 7.14614e-14
166.427 22.5864 0.067314 1.84815e-05
166.885 22.7431 0.0706301 0.0731959
166.994 22.3687 0.0822637 1.09123e-10
166.303 22.657 0.0604111 2.54838e-10
166.527 22.7766 0.0726193 0.0540452
166.782 22.2654 0.0642171 1.98871e-09
166.491 22.9055 0.0746965 0.0458891
166.075 22.4975 0.0661708 2.77214e-14
166.643 22.9015 0.0798796 0.0297489
166.262 22.7113 0.0896669 5.9641e-09
166.496 22.9797 0.0725728 0.0280729
166.002 22.6999 0.0698968 1.61834e-12
166.771 22.5915 0.0689775 0.00810514
166.306 23.0389 0.0657034 5.86678e-07
166.466 22.7783 0.0737479 0.0191571
166.658 22.6339 0.0717778 0.026674
166.224 22.9704 0.0653943 1.95168e-08
166.06 22.7675 0.0620736 1.13527e-14
166.318 22.8971 0.0584486 1.75623e-10
167.006 23.097 0.0519781 7.69359e-10
166.557 22.8783 0.0628755 0.000467426
167.396 22.1994 0.0777457 9.4101e-21
165.91 23.1224 0.0702277 8.45944e-16
166.816 22.8327 0.075928 0.0992972
165.988 22.0908 0.0791168 2.36768e-22
166.477 22.6989 0.0780393 0.00510916
166.441 22.8784 0.0716636 0.0104784
166.826 22.3485 0.0634244 7.63599e-08
166.706 22.7039 0.0769137 0.041674
166.224 22.7417 0.0908443 7.10109e-10
166.918 22.8083 0.0808234 0.000355301
165.867 22.6709 0.0753847 3.34552e-15
166.527 22.9699 0.0541431 2.82678e-10
166.451 23.2461 0.0832168 1.34866e-06
167.167 22.4079 0.074893 1.00643e-09
166.139 22.415 0.0559848 4.53121e-21
166.653 23.0663 0.0686361 0.0294441
166.435 23.0607 0.0700786 0.00102601
166.518 22.2621 0.0733917 4.49987e-09
166.988 22.2719 0.068533 2.59466e-09
166.464 22.4784 0.0845629 2.25076e-07
166.317 22.5779 0.0652592 4.03514e-08
166.539 23.0585 0.0728227 0.0228504
166.162 23.1736 0.0717216 4.96575e-09
166.645 22.9035 0.0537207 5.88295e-09
166.34 22.941 0.0782058 0.000713371
166.116 22.8292 0.071571 2.04243e-08
166.275 23.0672 0.0702855 4.11035e-06
166.563 22.8697 0.0659455 0.00846644
166.648 22.1218 0.0523594 6.52985e-21
166.486 22.8171 0.0797223 0.00966397
166.901 22.772 0.0580297 4.67604e-05
166.483 23.1236 0.0684069 0.000448721
166.95 22.317 0.0630718 6.02867e-09
166.884 22.8122 0.052857 3.20913e-08
166.451 22.9035 0.0654817 0.000328716
166.636 22.5856 0.0643798 0.000220856
166.54 23.157 0.0826248 7.50398e-05
166.831 22.4457 0.0710043 7.92705e-05
166.085 23.2121 0.0579869 4.36997e-19
166.589 22.4177 0.0648337 5.61271e-07
166.096 22.591 0.0758015 1.2442e-09
166.562 22.9275 0.0662959 0.00944256
166.521 22.4332 0.0616712 8.48226e-09
167.047 23.4913 0.0679083 2.92623e-10
166.541 22.5274 0.0749515 0.000506214
166.547 23.065 0.0733802 0.0239623
166.66 22.8463 0.0736434 0.339931
166.418 23.1265 0.0769454 0.000491212
166.744 22.6434 0.0740695 0.0320337
166.268 22.8817 0.0709946 2.34982e-05
166.963 22.576 0.0627487 7.84011e-05
166.537 22.6286 0.0641842 7.41892e-05
166.505 22.4276 0.0774352 5.34822e-06
166.412 22.9829 0.0832734 0.000196635
165.592 23.0234 0.080514 6.03422e-24
166.57 22.9845 0.0679568 0.0206222
166.373 22.5606 0.065533 3.15615e-07
166.564 22.5587 0.0466516 8.3346e-19
166.169 22.3348 0.0609088 7.84408e-18
166.376 22.6312 0.0720506 0.000136161
166.257 22.6086 0.0693904 2.35778e-07
