-14.9963 -92.3826 2.75672 9.54377e-12
-15.0149 -92.6487 2.79803 6.46135e-06
-15.789 -92.7953 2.77804 0.000552856
-15.3895 -92.164 2.7811 0.000883831
-14.4993 -92.7124 2.79259 1.93653e-09
-14.901 -93.0652 2.78411 2.15245e-06
-15.7329 -92.4876 2.76302 0.000704166
-15.401 -92.2028 2.77595 0.00379158
-15.4618 -92.1705 2.76416 3.66602e-05
-14.9958 -93.1578 2.79769 2.89109e-09
-15.3898 -92.5765 2.76669 0.00690252
-15.1183 -92.1851 2.78009 0.000425401
-15.694 -92.2061 2.7943 5.98459e-10
-15.2635 -92.3329 2.79806 3.48715e-07
-14.6591 -92.5337 2.77688 5.4843e-08
-15.5089 -92.3405 2.75997 2.87361e-05
-15.604 -92.3594 2.78358 0.00140619
-15.9151 -92.2069 2.77075 1.00497e-05
-15.4879 -92.9198 2.78661 0.000386793
-15.3014 -91.9294 2.7722 5.69732e-07
-15.2696 -92.6941 2.79995 3.34363e-07
-15.3572 -92.7033 2.76926 0.0134018
-15.4996 -91.8113 2.76756 3.29212e-09
-15.8557 -92.1222 2.78537 7.47507e-09
-15.1131 -92.8107 2.76556 5.17734e-06
-15.374 -92.7611 2.78737 0.00628794
-15.3747 -92.2736 2.77898 0.0129075
-14.8785 -92.3901 2.76517 6.75921e-09
-15.608 -92.5702 2.77057 0.0427787
-15.7671 -91.9706 2.76938 3.31009e-07
-15.3532 -92.0855 2.77196 0.000103318
-15.4963 -91.8732 2.77987 7.05279e-08
-15.5065 -92.3208 2.78519 0.00135843
-15.2042 -92.5709 2.77871 0.0914513
-15.3246 -92.5248 2.77239 0.0635958
-15.5176 -91.6688 2.77243 1.50789e-11
-15.2773 -92.2335 2.76779 0.000210041
-15.3016 -92.6762 2.77048 0.0180136
-15.5586 -92.4136 2.77243 0.0422486
-15.076 -92.6364 2.77001 0.000393584
-15.0475 -92.4667 2.77592 0.003626
-15.1646 -92.7176 2.77762 0.0319841
-15.0487 -92.6998 2.78336 0.0105525
-15.2194 -92.3743 2.78005 0.0302637
-15.5374 -92.6845 2.79099 8.94685e-05
-15.6059 -91.7052 2.77781 2.55791e-11
-15.7169 -92.5878 2.78179 0.00190299
-15.4211 -92.2703 2.77094 0.0057637
-15.5967 -92.5235 2.76851 0.0237318
-15.3432 -93.0079 2.80553 9.67317e-13
-15.1691 -92.273 2.77871 0.00429332
-15.4328 -92.3033 2.77553 0.0227673
-15.2164 -92.2784 2.76579 4.18959e-05
-14.8714 -92.3874 2.7649 3.75063e-09
-16.0283 -92.7827 2.78054 1.3045e-07
-15.4476 -92.0717 2.78613 5.65766e-06
-15.1248 -92.4165 2.78309 0.0155012
-14.6772 -92.2128 2.7868 3.30831e-08
-16.0074 -92.6483 2.77889 1.99562e-06
-15.5438 -92.2717 2.77555 0.00864409
-15.5634 -93.1087 2.79029 1.15476e-07
-14.9473 -92.5286 2.78808 0.00109628
-15.1557 -92.0294 2.75976 1.33835e-10
-15.3268 -92.4842 2.76867 0.0106723
-14.4622 -92.5502 2.78435 3.16366e-10
-15.076 -92.4931 2.80322 1.3661e-08
-14.7273 -92.111 2.78866 9.78405e-09
-15.5237 -92.6178 2.77755 0.116858
-15.5486 -91.5793 2.77412 1.1872e-13
-15.0887 -92.1495 2.78906 1.45548e-05
-15.014 -92.0513 2.77441 6.44135e-07
-15.6895 -91.5944 2.77715 3.02526e-14
-14.9345 -92.5183 2.76341 1.46767e-08
-15.3611 -92.3386 2.75156 1.32014e-10
-15.3571 -92.0254 2.77994 2.70528e-05
-14.9975 -91.9229 2.77633 1.27079e-08
-15.0039 -92.6873 2.78155 0.00549598
-15.8293 -92.6906 2.78475 1.22107e-05
-15.5538 -91.9225 2.7708 5.82626e-07
-15.4148 -92.138 2.75827 7.1377e-08
-15.6144 -92.5034 2.78456 0.00248418
-15.4269 -92.6019 2.77567 0.185812
-15.1186 -92.1773 2.77435 0.000132491
-15.1661 -93.0181 2.80075 5.07484e-09
-15.3459 -91.5256 2.78663 2.36078e-16
-15.3559 -92.1378 2.76404 6.21409e-06
-15.2907 -92.2866 2.77459 0.00975874
-15.0449 -92.5541 2.77113 0.000451572
-15.1788 -92.4585 2.77826 0.0440419
-15.3953 -92.5058 2.76784 0.0131785
-15.2997 -92.1026 2.76524 3.07885e-06
-15.4351 -92.2808 2.77341 0.0127836
-15.1604 -92.24 2.77193 0.000365635
-15.2856 -92.1674 2.79434 4.86739e-07
-15.5651 -91.9595 2.77189 2.35323e-06
-14.9594 -92.0456 2.77144 2.94155e-08
-15.2909 -92.1618 2.76708 3.85025e-05
-15.4386 -92.6825 2.77503 0.129674
-15.5537 -92.1575 2.76328 2.23184e-05
-15.301 -91.9325 2.77835 1.28894e-06
