112.321 17.6623 0.0845522 7.07376e-07
112.329 18.7863 0.0681586 0.000979692
111.985 17.8497 0.0811474 2.76065e-05
112.226 18.2884 0.0771831 0.0921908
112.789 18.0768 0.0934929 7.15513e-11
112.846 17.8033 0.0784573 9.55272e-08
112.598 17.781 0.0636256 6.20479e-06
111.979 18.3317 0.0801967 0.00192507
112.122 18.1755 0.0486967 3.9052e-09
111.988 17.7277 0.0793891 1.54752e-06
111.929 18.2512 0.0659566 0.000178243
111.926 18.5705 0.0834356 1.06993e-05
112.117 17.9252 0.079263 0.00105656
111.877 17.9134 0.0800852 1.27296e-05
111.823 17.9563 0.0801756 6.95608e-06
112.664 18.3397 0.0669946 0.0595587
112.611 17.8934 0.0721039 0.000627398
112.391 18.0552 0.0807528 0.00896297
111.802 18.9057 0.0718613 1.78815e-09
112.738 18.3671 0.06068 0.00878942
112.595 18.7979 0.081246 3.33775e-07
111.671 18.3696 0.0755004 5.73856e-07
111.5 18.1989 0.0910915 3.35039e-11
111.823 18.9019 0.0637619 9.3802e-10
112.633 18.0877 0.0753339 0.00689526
112.41 18.5807 0.0627574 0.0332545
112.216 17.6622 0.0753808 2.86963e-06
112.817 18.2997 0.0786487 6.24539e-05
112.698 18.7005 0.0707613 0.000405004
112.157 18.5604 0.0678315 0.0133579
112.586 18.5409 0.0802542 0.000364335
112.253 18.6754 0.0892896 1.42497e-07
112.716 18.0759 0.0721853 0.00298039
112.013 18.1095 0.0846857 0.000505825
111.723 18.2128 0.073855 3.10107e-06
112.184 17.9891 0.094662 4.15807e-07
112.438 18.0945 0.0698896 0.0833664
112.858 18.8115 0.068524 2.0713e-06
112.184 17.7278 0.0761125 1.98323e-05
112.059 18.6408 0.0791694 0.000176323
111.562 18.4413 0.0825139 2.46949e-09
112.953 18.4867 0.0941333 2.44289e-15
112.411 18.0299 0.0744416 0.0341182
112.307 18.0706 0.076834 0.0435854
112.333 18.0189 0.0661203 0.00999913
112.103 18.616 0.0716535 0.00311575
111.905 18.6951 0.0778716 4.71781e-06
112.525 18.4496 0.0498568 5.34216e-05
111.895 18.2685 0.0570845 1.34489e-07
112.2 18.5809 0.0470019 3.0669e-08
112.654 17.7996 0.0648459 1.03255e-05
112.763 18.3248 0.0603534 0.00504945
112.029 18.4078 0.0741257 0.00925543
112.1 18.6309 0.0746218 0.00157769
111.882 18.3121 0.0744856 0.000513098
112.309 18.4456 0.0766834 0.0619341
111.965 18.0215 0.0932447 5.96166e-07
112.305 18.3601 0.0712406 0.285749
111.782 18.4675 0.091192 1.64737e-08
111.999 18.047 0.0705859 0.000716328
111.984 18.0347 0.0946144 2.41808e-07
112.408 17.9922 0.0908376 4.28499e-06
111.915 18.2162 0.0802602 0.000635915
112.084 17.6078 0.0791643 1.31376e-07
112.099 18.2964 0.081362 0.00791294
112.185 18.0793 0.0842817 0.00233238
112.004 17.9552 0.0833809 0.000150242
112.419 18.4034 0.0763939 0.0808327
112.195 18.6656 0.0781279 0.00065868
111.679 18.1546 0.0604698 1.82459e-10
112.069 18.5565 0.0728308 0.00429533
112.026 18.6795 0.0629501 4.88526e-05
111.495 17.663 0.0882488 4.993e-14
111.711 18.0928 0.0793446 1.43005e-06
112.271 18.625 0.0910036 7.93897e-08
112.73 18.3963 0.0753523 0.0022511
112.631 18.632 0.0673187 0.00850532
111.917 18.1773 0.0643604 3.03689e-05
111.918 17.6405 0.0490751 5.69828e-19
112.538 17.8267 0.0789309 9.36182e-05
112.166 17.9553 0.105332 4.84791e-13
112.446 17.8405 0.0744022 0.000707424
111.783 18.5893 0.067393 7.93566e-07
112.404 17.8243 0.0898431 8.84723e-07
113.185 18.3596 0.075295 5.11506e-10
112.389 18.1981 0.0957998 4.69628e-08
111.847 18.4848 0.0530598 7.28964e-10
111.889 17.8633 0.0762141 5.43538e-06
112.446 18.7391 0.086509 1.13353e-07
111.998 18.8278 0.0457926 1.11928e-12
112.134 18.3244 0.0717081 0.0665909
112.024 18.4667 0.0822875 0.000523162
112.318 17.6615 0.0778852 4.01381e-06
112.268 18.5098 0.0804185 0.00518254
112.257 17.7026 0.082507 5.46832e-06
111.785 18.7141 0.05516 5.88657e-11
111.938 17.6453 0.090531 2.72878e-09
112.333 18.1331 0.078669 0.0474737
112.011 17.9408 0.0746004 0.000333404
112.075 18.3234 0.0924162 2.60048e-06
