27.6224 9.72093 0.198161 8.81934e-08
27.4934 9.85039 0.191395 1.68592e-07
27.7264 9.72755 0.191032 4.30026e-05
27.9202 9.67008 0.198448 6.19547e-08
28.1378 9.84986 0.183931 0.295241
28.0105 9.59388 0.18264 0.000146809
27.5358 9.30267 0.197184 1.71695e-18
27.9038 9.48955 0.175377 1.27487e-09
27.9193 10.3723 0.186322 0.00165554
27.2443 9.50539 0.200923 5.23347e-19
27.7004 9.81142 0.181014 1.73719e-06
28.0244 9.53827 0.182668 1.7052e-05
28.4793 10.1305 0.189405 2.32626e-06
28.1291 9.94372 0.187627 0.250157
28.0881 9.65534 0.184114 0.0025523
27.6713 9.74751 0.217911 3.49272e-24
27.7608 9.96052 0.175285 5.24371e-08
27.6502 9.51644 0.189395 9.32024e-10
27.7902 10.3972 0.190935 0.000211654
28.1551 9.85111 0.175077 0.0165677
28.0425 9.68796 0.19263 5.42302e-05
27.567 9.14245 0.201552 5.01993e-26
27.5924 9.77327 0.18407 6.87982e-08
27.5827 9.85856 0.188336 3.85176e-06
28.3458 10.2896 0.193492 3.73184e-05
27.7526 9.86677 0.197016 9.39892e-05
27.8303 9.79622 0.196821 3.8821e-05
27.3382 9.81663 0.196894 6.99306e-11
28.4003 10.1047 0.173866 0.0063135
27.8604 9.83575 0.179133 0.000313684
27.8362 9.71267 0.196649 3.71201e-06
28.0206 9.68528 0.177667 0.000474162
27.926 9.30468 0.177856 8.48786e-13
28.0007 9.67016 0.175936 4.51256e-05
27.8297 9.77791 0.199578 8.82614e-07
27.9198 9.86614 0.174752 2.61631e-05
28.2354 9.90403 0.186523 0.0888122
27.6236 9.94012 0.196225 4.89638e-05
27.2901 10.1428 0.194509 2.89295e-11
27.6658 9.60727 0.196009 1.232e-08
28.5726 9.32391 0.177784 2.09702e-12
27.3934 10.1228 0.19237 5.15534e-09
27.7436 10.0163 0.171243 6.26396e-12
28.0926 9.6895 0.1793 0.00456521
28.3373 9.6649 0.193344 5.64419e-09
28.0785 9.84268 0.199287 2.16958e-07
27.9219 9.56879 0.200062 4.9208e-11
27.7204 9.70829 0.200859 1.26722e-08
27.6095 9.77049 0.192356 3.68447e-06
28.1854 9.71843 0.173763 0.00105886
28.0693 10.1607 0.183441 0.16269
28.1938 9.89203 0.189294 0.0209456
27.5039 10.049 0.212733 2.27994e-14
28.0204 10.0349 0.192234 0.0412399
28.15 9.77957 0.188006 0.0135807
28.1678 9.57762 0.175119 3.66341e-05
27.8243 9.06696 0.198267 5.9108e-26
28.1857 10.2651 0.199284 9.94924e-06
27.9598 9.88925 0.205904 2.28176e-11
28.2463 9.59247 0.193265 8.34044e-09
27.4929 9.65532 0.210871 1.49264e-17
28.376 10.7475 0.198122 3.61774e-15
28.3843 10.0109 0.206526 1.92089e-20
27.9055 10.2937 0.191617 0.0146528
28.1459 9.52341 0.182251 1.97725e-05
27.6581 9.6986 0.202896 3.46497e-10
28.0451 9.71869 0.195 9.59507e-06
27.9402 9.31498 0.191897 3.49372e-13
28.4187 10.064 0.19044 1.43765e-05
27.5427 9.85534 0.206402 9.32645e-11
27.4624 10.116 0.190091 6.35387e-08
28.8103 9.64406 0.180684 9.66138e-12
27.5498 9.73254 0.187419 3.18906e-08
27.9103 10.2052 0.192189 0.0112517
27.6577 9.24267 0.188519 3.01678e-17
27.8769 10.0707 0.211403 4.20324e-15
27.907 9.44469 0.199003 2.91541e-13
28.6632 10.2007 0.16808 2.1471e-07
27.9636 9.36172 0.187083 2.50975e-10
28.2962 9.84764 0.188019 0.00363802
28.3286 9.83235 0.210847 1.57921e-26
28.0361 9.63779 0.194385 1.17586e-06
27.776 9.6892 0.18396 2.10841e-05
27.7792 9.72893 0.16445 1.68002e-18
27.7469 10.0771 0.223711 3.27509e-30
27.6572 9.27207 0.190669 2.09498e-16
28.1169 9.83507 0.19287 0.000910584
28.0544 9.95598 0.202598 5.84956e-09
27.7565 9.49824 0.174765 8.65168e-13
28.3422 9.78929 0.193761 1.15013e-07
27.2196 10.3101 0.179187 3.80188e-22
27.5398 9.65773 0.172346 1.13675e-18
27.7101 10.3776 0.189825 3.80445e-05
28.2983 9.61406 0.193365 3.14477e-09
28.0095 9.94673 0.192578 0.0223132
28.0335 9.77772 0.181646 0.0391939
28.3382 9.57063 0.184909 5.14507e-06
27.5909 9.8968 0.192077 2.47338e-05
27.8334 10.0156 0.180417 0.000908944
28.7449 9.901 0.17649 1.78247e-06
