150.838 -15.1708 3.35472 7.66834e-09
150.872 -14.6507 3.3269 0.000483974
150.7 -14.7132 3.31891 0.000184217
150.346 -14.6765 3.31883 0.00016251
150.716 -15.2842 3.35765 6.48998e-13
150.851 -14.9179 3.32838 0.0459514
151.051 -15.0091 3.3462 0.00118008
151.338 -14.7017 3.34169 1.42099e-05
151.009 -15.0871 3.33514 0.0437574
150.914 -14.6059 3.31699 6.74767e-08
150.294 -14.976 3.33186 0.000222529
150.979 -14.5299 3.34146 8.14104e-06
150.634 -15.3016 3.3314 0.0155379
150.873 -14.8251 3.31602 3.54015e-06
150.423 -14.7173 3.32067 0.000957427
150.926 -15.0669 3.3589 1.60703e-10
150.697 -15.2293 3.34922 2.53715e-07
151.284 -14.9846 3.33874 0.000891224
150.794 -14.5672 3.33916 3.32032e-05
150.704 -14.8529 3.32281 0.0117785
150.627 -15.315 3.32411 0.00913206
150.336 -14.8659 3.33692 6.99093e-06
150.74 -15.2468 3.33782 0.00860679
150.879 -15.1052 3.32324 0.00473591
150.751 -15.4139 3.32345 0.000656859
150.771 -15.0702 3.32822 0.115066
150.423 -15.2385 3.32371 0.00979031
150.78 -15.0007 3.34956 2.58997e-06
150.816 -14.8813 3.32588 0.0212001
150.906 -14.6287 3.324 4.44471e-05
150.743 -14.8724 3.33185 0.0608773
150.296 -14.9207 3.33492 1.8389e-05
151.04 -14.5568 3.33265 2.99499e-05
151.228 -14.9385 3.34988 6.58517e-05
150.962 -14.7976 3.33108 0.00814083
150.887 -14.295 3.33974 3.64967e-09
150.25 -14.6558 3.33921 1.19495e-09
150.596 -15.6453 3.34923 1.92338e-12
150.493 -15.1018 3.33317 0.00874477
151.041 -15.7246 3.34874 5.84373e-10
150.548 -15.0949 3.34276 2.20815e-05
150.602 -15.2328 3.33125 0.0289396
150.551 -14.2207 3.33359 1.10881e-10
150.578 -14.7579 3.31666 0.000273231
150.759 -14.6741 3.33892 0.000359076
151.526 -15.0728 3.32322 1.14924e-12
151.334 -14.5194 3.32378 9.19697e-12
150.522 -14.8379 3.34281 3.21339e-06
150.888 -15.3888 3.33391 0.00407719
150.613 -15.0334 3.32756 0.114745
150.741 -14.7644 3.32336 0.0035304
150.564 -14.8525 3.34075 7.94656e-05
150.786 -14.8025 3.33856 0.0049093
151.213 -14.9872 3.3503 6.54877e-05
151.304 -14.9824 3.34427 0.00047722
150.598 -15.6916 3.32024 1.45783e-07
150.7 -15.1334 3.334 0.0653402
150.482 -14.6925 3.30485 2.22735e-09
151.104 -14.8989 3.34786 0.000233558
151.513 -14.9995 3.33127 1.96838e-08
151.057 -15.1776 3.33755 0.0171171
150.967 -15.3455 3.32866 0.00172009
151.05 -15.5071 3.31939 8.88622e-09
150.154 -15.1149 3.3185 0.000425724
150.56 -14.9942 3.3308 0.0516907
150.389 -15.222 3.32282 0.00778445
150.095 -14.9643 3.33181 3.69456e-07
150.709 -14.7743 3.33961 0.00084383
150.175 -14.6404 3.33422 9.72384e-09
150.602 -14.6296 3.33012 0.000740358
150.701 -15.4401 3.35415 9.23419e-12
150.423 -15.154 3.33664 0.000180859
150.362 -15.135 3.29708 2.63228e-12
150.498 -14.0505 3.32638 6.63755e-14
150.211 -15.3577 3.31438 2.59936e-05
150.361 -15.0249 3.33451 0.000248957
150.672 -14.7639 3.33105 0.0134879
149.873 -14.9229 3.31867 2.04591e-07
151.049 -14.7508 3.33637 0.00265781
150.66 -14.6465 3.3379 0.000113867
150.877 -15.6097 3.33584 1.3296e-05
150.713 -14.4152 3.33351 1.47152e-06
150.321 -14.8875 3.32347 0.00408814
149.768 -15.3427 3.32279 5.41313e-11
151.262 -14.1993 3.34683 7.582e-13
151.044 -15.432 3.33706 0.000532636
151.346 -14.7629 3.3409 3.47578e-05
150.482 -14.6707 3.32082 0.00052547
150.923 -14.7778 3.33566 0.0102432
151.074 -14.9662 3.3394 0.0153734
150.481 -15.1826 3.3145 0.000559352
150.878 -15.0726 3.34785 8.91749e-05
150.54 -15.3506 3.35261 2.60444e-12
150.775 -15.1239 3.32817 0.0960397
150.886 -15.2294 3.3425 0.00255274
150.772 -15.1725 3.34006 0.00692863
150.677 -14.8444 3.3313 0.0395333
150.78 -15.0957 3.33032 0.135097
151.318 -14.6274 3.35536 6.92565e-09
150.909 -14.4875 3.32909 8.5781e-06
