119.392 -21.1192 3.41682 8.38739e-05 118.98 -21.316 3.4123
118.976 -20.9743 3.40457 7.79533e-06 118.98 -21.316 3.4123
119.645 -21.1742 3.42622 1.09047e-06 118.98 -21.316 3.4123
119.13 -20.4129 3.41232 2.75661e-16 118.98 -21.316 3.4123
119.036 -21.4861 3.42092 0.0507292 118.98 -21.316 3.4123
118.995 -21.4656 3.42128 0.0301939 118.98 -21.316 3.4123
118.895 -21.2608 3.42141 0.00137531 118.98 -21.316 3.4123
118.814 -21.9415 3.41604 0.000405085 118.98 -21.316 3.4123
119.177 -20.6587 3.41147 8.59895e-11 118.98 -21.316 3.4123
118.735 -21.7213 3.42751 4.70601e-07 118.98 -21.316 3.4123
119.478 -21.4254 3.41087 4.66782e-05 118.98 -21.316 3.4123
119.184 -21.3361 3.40272 6.18442e-05 118.98 -21.316 3.4123
119.48 -21.4694 3.41097 5.43085e-05 118.98 -21.316 3.4123
118.521 -20.9005 3.43474 1.17807e-20 118.98 -21.316 3.4123
118.979 -20.834 3.42958 1.83152e-11 118.98 -21.316 3.4123
118.98 -21.7513 3.41385 0.0521955 118.98 -21.316 3.4123
118.915 -21.6313 3.40756 0.0547912 118.98 -21.316 3.4123
118.448 -21.084 3.41564 9.71573e-08 118.98 -21.316 3.4123
119.279 -21.3631 3.42856 0.0004185 118.98 -21.316 3.4123
119.077 -22.048 3.38929 7.32872e-16 118.98 -21.316 3.4123
119.254 -21.5739 3.41851 0.0594685 118.98 -21.316 3.4123
119.543 -21.4732 3.40811 5.91093e-07 118.98 -21.316 3.4123
118.66 -21.0813 3.42384 2.57105e-08 118.98 -21.316 3.4123
119.435 -21.7143 3.42317 0.00175802 118.98 -21.316 3.4123
119.197 -21.2791 3.39991 1.2611e-06 118.98 -21.316 3.4123
119.285 -20.8745 3.40435 1.20534e-09 118.98 -21.316 3.4123
118.761 -21.2087 3.40955 0.00716593 118.98 -21.316 3.4123
119.446 -21.9532 3.40578 5.10085e-09 118.98 -21.316 3.4123
119.426 -21.173 3.41621 0.000112552 118.98 -21.316 3.4123
118.908 -22.2978 3.42095 1.46736e-09 118.98 -21.316 3.4123
119.775 -21.2628 3.41651 1.19987e-08 118.98 -21.316 3.4123
119.124 -21.452 3.42269 0.0266852 118.98 -21.316 3.4123
118.882 -20.6725 3.406 3.18566e-10 118.98 -21.316 3.4123
119.044 -21.4606 3.41738 0.156821 118.98 -21.316 3.4123
118.58 -21.3791 3.41885 4.96632e-05 118.98 -21.316 3.4123
119.031 -20.9586 3.39711 3.94924e-09 118.98 -21.316 3.4123
118.847 -21.8872 3.41174 0.00317704 118.98 -21.316 3.4123
119.311 -21.3508 3.40295 3.2622e-06 118.98 -21.316 3.4123
119.275 -21.7272 3.42523 0.00329749 118.98 -21.316 3.4123
119.246 -21.9794 3.41749 0.000221762 118.98 -21.316 3.4123
119.144 -21.136 3.41348 0.00223964 118.98 -21.316 3.4123
118.418 -21.0062 3.42294 1.83509e-12 118.98 -21.316 3.4123
118.912 -21.4382 3.41678 0.0939389 118.98 -21.316 3.4123
119.399 -21.1976 3.38851 1.02553e-18 118.98 -21.316 3.4123
118.654 -21.2369 3.41821 9.96786e-05 118.98 -21.316 3.4123
119.133 -21.068 3.4055 2.18685e-05 118.98 -21.316 3.4123
119.249 -21.1314 3.41067 0.00022323 118.98 -21.316 3.4123
119.263 -20.9479 3.40198 2.29095e-09 118.98 -21.316 3.4123
119.175 -21.6362 3.41923 0.0721584 118.98 -21.316 3.4123
119.181 -21.0623 3.41548 0.000342133 118.98 -21.316 3.4123
119.05 -20.9727 3.41975 1.65867e-05 118.98 -21.316 3.4123
119.485 -21.1839 3.4255 3.24614e-05 118.98 -21.316 3.4123
118.831 -21.279 3.43169 7.65185e-09 118.98 -21.316 3.4123
119.032 -21.5088 3.40577 0.01705 118.98 -21.316 3.4123
118.547 -21.6724 3.43162 1.65012e-12 118.98 -21.316 3.4123
119.689 -21.509 3.41054 2.03984e-08 118.98 -21.316 3.4123
118.7 -21.1629 3.3915 5.35781e-08 118.98 -21.316 3.4123
119.505 -21.3829 3.40534 8.81899e-08 118.98 -21.316 3.4123
118.654 -21.6123 3.42094 0.000101882 118.98 -21.316 3.4123
118.664 -21.471 3.40045 0.00252032 118.98 -21.316 3.4123
118.596 -21.2632 3.42319 3.01121e-07 118.98 -21.316 3.4123
119.015 -21.584 3.40868 0.0706465 118.98 -21.316 3.4123
119.255 -20.9352 3.42239 1.35329e-06 118.98 -21.316 3.4123
118.839 -21.7359 3.4082 0.0233014 118.98 -21.316 3.4123
118.764 -21.2198 3.3907 2.36019e-08 118.98 -21.316 3.4123
119.161 -21.7978 3.41076 0.00454473 118.98 -21.316 3.4123
118.736 -21.6409 3.40197 0.00381041 118.98 -21.316 3.4123
119.398 -21.1313 3.41552 7.3153e-05 118.98 -21.316 3.4123
119.028 -21.2059 3.42907 4.16441e-06 118.98 -21.316 3.4123
118.49 -21.1559 3.41668 8.03986e-07 118.98 -21.316 3.4123
119.191 -21.1855 3.40459 4.12247e-05 118.98 -21.316 3.4123
119.307 -20.5938 3.42373 2.38462e-13 118.98 -21.316 3.4123
118.594 -21.834 3.41754 2.53452e-05 118.98 -21.316 3.4123
119.48 -21.7185 3.41067 1.32859e-05 118.98 -21.316 3.4123
118.974 -21.8449 3.42878 5.64818e-06 118.98 -21.316 3.4123
118.91 -21.1992 3.41474 0.0105928 118.98 -21.316 3.4123
119.453 -21.0685 3.41473 3.76409e-06 118.98 -21.316 3.4123
118.612 -21.147 3.40617 0.000419323 118.98 -21.316 3.4123
118.696 -21.0096 3.41632 5.12414e-06 118.98 -21.316 3.4123
118.924 -21.5454 3.39146 2.057e-08 118.98 -21.316 3.4123
118.725 -21.2185 3.41531 0.00159189 118.98 -21.316 3.4123
119.757 -20.9955 3.4091 1.56491e-13 118.98 -21.316 3.4123
119.968 -21.1054 3.424 5.11467e-12 118.98 -21.316 3.4123
119.338 -21.029 3.40932 1.52464e-06 118.98 -21.316 3.4123
119.462 -21.0631 3.41053 2.88682e-07 118.98 -21.316 3.4123
119.355 -21.1009 3.41847 0.000118419 118.98 -21.316 3.4123
119.257 -21.5454 3.41952 0.055722 118.98 -21.316 3.4123
118.995 -21.7137 3.43871 4.27831e-11 118.98 -21.316 3.4123
119.222 -21.3268 3.40167 7.82393e-06 118.98 -21.316 3.4123
118.854 -21.4582 3.43447 1.35872e-09 118.98 -21.316 3.4123
118.896 -21.2689 3.40463 0.00616467 118.98 -21.316 3.4123
119.053 -21.678 3.41499 0.111991 118.98 -21.316 3.4123
118.383 -21.2832 3.41507 6.94557e-07 118.98 -21.316 3.4123
119.206 -20.8466 3.41587 3.11527e-07 118.98 -21.316 3.4123
118.921 -21.6598 3.41683 0.0716685 118.98 -21.316 3.4123
119.171 -21.8914 3.40909 0.000292535 118.98 -21.316 3.4123
119.076 -21.2847 3.4043 0.00106541 118.98 -21.316 3.4123
119.076 -20.7803 3.41502 5.55725e-08 118.98 -21.316 3.4123
118.265 -20.787 3.39584 3.31189e-12 118.98 -21.316 3.4123
119.502 -21.2373 3.42917 1.32087e-05 118.98 -21.316 3.4123
