224.769 -11.9223 2.89144 6.79172e-31 224.49 -12.531 2.9146
224.264 -12.1896 2.91527 1.39743e-05 224.49 -12.531 2.9146
224.867 -12.3678 2.9068 5.29013e-12 224.49 -12.531 2.9146
224.361 -12.7735 2.9031 4.04614e-05 224.49 -12.531 2.9146
224.481 -12.2379 2.91669 3.29835e-05 224.49 -12.531 2.9146
224.377 -12.4285 2.92182 0.00160154 224.49 -12.531 2.9146
224.66 -12.0349 2.91623 5.67085e-10 224.49 -12.531 2.9146
224.531 -12.5267 2.91992 0.0171587 224.49 -12.531 2.9146
224.85 -12.8347 2.91026 4.57381e-08 224.49 -12.531 2.9146
224.41 -13.0208 2.91724 0.015905 224.49 -12.531 2.9146
224.029 -12.1022 2.9032 2.87569e-08 224.49 -12.531 2.9146
224.466 -12.0814 2.90309 2.56995e-11 224.49 -12.531 2.9146
225.01 -12.3586 2.91228 7.68704e-12 224.49 -12.531 2.9146
224.741 -12.5023 2.9307 7.16089e-06 224.49 -12.531 2.9146
224.446 -12.6754 2.89746 4.92437e-10 224.49 -12.531 2.9146
224.54 -12.7214 2.91833 0.0857303 224.49 -12.531 2.9146
224.667 -12.906 2.90422 4.16479e-09 224.49 -12.531 2.9146
224.362 -12.3683 2.88955 2.16133e-17 224.49 -12.531 2.9146
224.826 -12.2628 2.90504 1.68408e-13 224.49 -12.531 2.9146
224.572 -12.6374 2.91275 0.00561435 224.49 -12.531 2.9146
224.365 -12.1896 2.92039 2.8503e-06 224.49 -12.531 2.9146
224.864 -12.3234 2.90977 1.52561e-10 224.49 -12.531 2.9146
224.722 -12.3001 2.92866 2.55409e-07 224.49 -12.531 2.9146
224.388 -12.6498 2.93512 4.85408e-09 224.49 -12.531 2.9146
224.507 -12.8262 2.92957 0.000256512 224.49 -12.531 2.9146
224.536 -12.8712 2.9134 0.0102717 224.49 -12.531 2.9146
224.857 -12.7678 2.92105 0.000294415 224.49 -12.531 2.9146
225.166 -12.133 2.91289 2.22352e-18 224.49 -12.531 2.9146
223.599 -12.7543 2.91801 5.2056e-10 224.49 -12.531 2.9146
224.084 -12.6562 2.91077 0.0690033 224.49 -12.531 2.9146
224.35 -12.342 2.90603 3.17836e-05 224.49 -12.531 2.9146
224.594 -12.0809 2.92303 5.23594e-09 224.49 -12.531 2.9146
224.666 -12.2933 2.93494 1.4249e-10 224.49 -12.531 2.9146
224.25 -12.1943 2.90267 1.02453e-07 224.49 -12.531 2.9146
224.453 -12.7626 2.91448 0.105142 224.49 -12.531 2.9146
224.34 -12.2253 2.90025 2.42054e-09 224.49 -12.531 2.9146
224.363 -12.9181 2.9091 0.00459046 224.49 -12.531 2.9146
224.102 -12.1072 2.92046 3.37839e-09 224.49 -12.531 2.9146
224.249 -12.7778 2.90838 0.0316844 224.49 -12.531 2.9146
224.237 -12.5018 2.93445 2.28109e-11 224.49 -12.531 2.9146
224.1 -12.4071 2.90045 1.06951e-05 224.49 -12.531 2.9146
225.184 -12.1886 2.90827 3.11873e-21 224.49 -12.531 2.9146
224.708 -12.6596 2.92082 0.0066274 224.49 -12.531 2.9146
224.236 -12.5101 2.91618 0.0364194 224.49 -12.531 2.9146
224.555 -12.546 2.90328 1.71422e-07 224.49 -12.531 2.9146
224.354 -12.7601 2.89908 1.22998e-07 224.49 -12.531 2.9146
224.413 -12.2645 2.91829 9.41997e-05 224.49 -12.531 2.9146
224.237 -12.6208 2.90188 0.000104941 224.49 -12.531 2.9146
224.243 -12.6876 2.91146 0.151876 224.49 -12.531 2.9146
224.712 -12.605 2.90215 6.84164e-11 224.49 -12.531 2.9146
224.486 -13.1982 2.909 7.19703e-07 224.49 -12.531 2.9146
224.65 -13.1242 2.8999 1.43737e-14 224.49 -12.531 2.9146
225.138 -12.7171 2.92073 6.62529e-09 224.49 -12.531 2.9146
224.716 -12.0936 2.91549 1.56517e-09 224.49 -12.531 2.9146
224.895 -12.3161 2.91394 3.0864e-09 224.49 -12.531 2.9146
225.103 -12.2105 2.91802 3.04524e-13 224.49 -12.531 2.9146
224.405 -12.5827 2.91952 0.0637743 224.49 -12.531 2.9146
224.874 -12.6891 2.92317 0.000229957 224.49 -12.531 2.9146
224.382 -12.5791 2.91648 0.107135 224.49 -12.531 2.9146
224.385 -12.3943 2.91355 0.00407578 224.49 -12.531 2.9146
224.793 -12.4995 2.90587 4.09829e-10 224.49 -12.531 2.9146
224.486 -11.9541 2.92463 4.13191e-12 224.49 -12.531 2.9146
224.501 -12.4839 2.91604 0.0119438 224.49 -12.531 2.9146
224.563 -12.4544 2.90247 1.25257e-08 224.49 -12.531 2.9146
224.6 -12.6559 2.92695 0.00230014 224.49 -12.531 2.9146
224.872 -12.3207 2.92121 3.71121e-07 224.49 -12.531 2.9146
224.879 -12.2948 2.91098 1.57681e-10 224.49 -12.531 2.9146
224.726 -12.1993 2.91758 1.58171e-07 224.49 -12.531 2.9146
224.544 -12.294 2.92149 4.94577e-05 224.49 -12.531 2.9146
224.371 -12.5272 2.91223 0.0318041 224.49 -12.531 2.9146
224.962 -12.4613 2.90388 7.87252e-16 224.49 -12.531 2.9146
224.973 -12.2925 2.90286 1.58748e-18 224.49 -12.531 2.9146
224.486 -12.5038 2.9023 2.40889e-07 224.49 -12.531 2.9146
224.999 -12.3622 2.91212 1.18125e-11 224.49 -12.531 2.9146
223.63 -12.4817 2.89072 1.65808e-10 224.49 -12.531 2.9146
224.542 -12.3474 2.90321 1.1089e-08 224.49 -12.531 2.9146
224.851 -12.9475 2.91524 3.1695e-06 224.49 -12.531 2.9146
224.305 -12.5538 2.9233 0.00277332 224.49 -12.531 2.9146
224.106 -12.35 2.91712 0.000211456 224.49 -12.531 2.9146
224.376 -12.3636 2.93126 1.01074e-08 224.49 -12.531 2.9146
224.701 -12.562 2.91634 0.00106316 224.49 -12.531 2.9146
224.236 -12.6669 2.91403 0.207491 224.49 -12.531 2.9146
223.862 -12.9179 2.90383 0.00014686 224.49 -12.531 2.9146
224.68 -12.4753 2.9198 0.00108727 224.49 -12.531 2.9146
224.378 -12.0992 2.91795 2.24334e-07 224.49 -12.531 2.9146
224.455 -12.4443 2.91458 0.00742974 224.49 -12.531 2.9146
224.562 -12.2439 2.92029 1.21991e-05 224.49 -12.531 2.9146
224.366 -12.5052 2.90775 0.00201775 224.49 -12.531 2.9146
224.948 -12.7547 2.90625 8.76056e-13 224.49 -12.531 2.9146
224.6 -12.5165 2.89878 7.72357e-12 224.49 -12.531 2.9146
224.832 -12.477 2.92169 4.86263e-05 224.49 -12.531 2.9146
224.909 -12.1159 2.90342 8.5943e-19 224.49 -12.531 2.9146
224.644 -12.3061 2.91126 1.41362e-06 224.49 -12.531 2.9146
224.302 -12.7821 2.93716 1.59831e-11 224.49 -12.531 2.9146
225.33 -12.8135 2.90998 1.16438e-20 224.49 -12.531 2.9146
224.935 -12.429 2.90664 3.97075e-13 224.49 -12.531 2.9146
224.626 -12.2176 2.92588 2.17714e-07 224.49 -12.531 2.9146
224.728 -12.9988 2.91514 6.69386e-05 224.49 -12.531 2.9146
224.577 -12.6485 2.91445 0.0138169 224.49 -12.531 2.9146
225.035 -13.0848 2.89884 4.02332e-25 224.49 -12.531 2.9146
