138.039 20.6307 0.0776451 2.52341e-15
136.932 21.3095 0.0681141 3.13515e-08
137.759 20.8917 0.0514469 1.41726e-05
137.336 20.8935 0.0732809 0.011
137.965 20.7469 0.0687032 1.653e-08
137.426 21.3233 0.0686706 1.77996e-05
137.476 20.8842 0.0547399 0.0200537
137.034 20.5535 0.0701558 0.000190687
137.561 21.1347 0.0682959 0.00167018
137.449 20.5503 0.0597838 0.000145275
137.682 20.9251 0.0758284 6.28892e-07
137.742 21.035 0.0651565 0.000449349
137.377 20.5178 0.0772327 2.04904e-05
137.782 21.0832 0.0479552 7.19092e-07
137.55 21.1123 0.0939899 4.03952e-18
137.77 21.0294 0.0827396 1.6028e-14
137.612 20.5943 0.0741055 1.62481e-05
137.859 21.0334 0.0860696 6.1367e-20
137.83 20.91 0.0698479 2.77059e-06
137.345 20.9679 0.0655644 0.104138
137.283 20.6144 0.0770089 0.000647848
137.757 20.8679 0.0630327 0.00112655
137.82 20.7433 0.0738785 7.99265e-08
137.411 20.8354 0.0630186 0.242871
137.553 20.5239 0.0748705 9.85492e-06
137.896 20.573 0.0778778 3.0006e-12
137.673 21.0115 0.0813268 1.5669e-08
137.393 21.0226 0.071334 0.00777892
137.502 21.0683 0.0718838 0.00144381
137.847 20.9596 0.0663666 1.49468e-05
137.477 20.8636 0.0790625 5.91086e-05
137.756 20.3762 0.056174 3.62691e-10
138.034 21.0476 0.0441972 2.23713e-11
137.837 21.6873 0.0797227 1.0498e-21
137.741 21.3066 0.077664 8.4963e-11
137.293 20.5841 0.0754232 0.000431381
137.704 21.07 0.0503233 0.00016929
137.785 21.1396 0.0707588 4.28469e-06
137.582 20.6009 0.0662658 0.0012919
138.256 20.5333 0.0787266 2.22532e-23
137.917 20.8265 0.0595273 6.04638e-06
137.962 20.7194 0.0691625 1.01351e-08
137.874 21.1477 0.0656258 7.01128e-07
137.891 20.7543 0.0744242 1.78738e-09
138.005 20.7025 0.0537682 3.76257e-09
138.117 20.8183 0.0644396 1.59291e-10
136.958 20.7406 0.0718847 0.00012529
137.651 20.5902 0.0874828 9.38903e-15
137.464 20.9797 0.0664454 0.0815789
137.841 20.8657 0.0862741 4.19183e-18
137.673 20.2364 0.0784998 2.20725e-12
137.749 20.6522 0.0829505 1.58812e-12
137.322 20.877 0.0619835 0.140472
137.476 20.6844 0.0713588 0.00488567
137.602 21.2374 0.0860875 1.06574e-13
137.86 20.4299 0.106025 1.3943e-44
137.72 20.1987 0.0802149 1.26788e-14
137.589 20.9345 0.0677351 0.0293689
137.838 21.1521 0.0730535 9.25339e-08
137.657 21.19 0.073714 2.0979e-06
137.108 20.2608 0.0743408 2.53426e-08
137.929 20.9478 0.0590367 7.0834e-06
137.858 20.2895 0.0899293 1.30358e-23
136.909 21.4419 0.0640514 1.94284e-10
137.353 21.3338 0.0889197 5.64972e-16
137.53 20.695 0.0771018 1.7022e-05
137.829 21.158 0.0790499 1.09273e-10
138.025 20.9376 0.0566961 1.26641e-07
137.358 20.5777 0.0763009 0.000147671
137.289 20.9187 0.0521142 0.000739756
137.529 21.199 0.0723137 3.93899e-05
137.386 20.7733 0.062169 0.173802
137.543 21.1354 0.0901134 7.00766e-15
137.251 21.1807 0.0716288 0.000157467
138.04 21.0529 0.0812038 8.26756e-20
137.758 20.3342 0.0733832 3.46892e-10
137.291 21.3817 0.084088 3.03261e-13
137.342 20.4251 0.0498469 1.53028e-12
137.235 21.6689 0.0668469 2.83266e-12
137.085 20.6111 0.092755 1.429e-12
137.549 21.172 0.0580906 0.00399677
137.28 21.1854 0.0844513 3.31115e-10
137.524 20.9925 0.0746156 0.000522668
137.454 20.9462 0.0609221 0.149923
137.406 21.232 0.0663281 0.000813845
137.34 21.3222 0.082091 6.25707e-11
137.145 20.7798 0.065237 0.0189592
137.565 20.4682 0.0752545 1.58321e-06
137.919 20.8358 0.0539949 1.01305e-06
137.372 21.1366 0.0714491 0.000827937
138.07 21.1516 0.0728663 8.99915e-15
136.988 20.5424 0.0750894 1.49752e-05
137.623 21.1537 0.0785412 6.55788e-08
137.677 21.2355 0.0845926 2.31478e-13
137.816 20.9926 0.085162 1.70961e-17
137.695 20.6563 0.0970161 1.29777e-26
138.077 20.7897 0.0655289 6.43136e-10
137.767 21.164 0.0731861 5.02105e-07
137.986 21.081 0.068827 1.01895e-09
137.884 21.0267 0.0616117 1.94642e-05
