-40.3049 -54.4056 1.61599 0.00365547 -40.511 -54.223 1.6235
-40.6496 -53.8828 1.64236 5.02916e-14 -40.511 -54.223 1.6235
-40.6445 -54.4545 1.62776 0.018379 -40.511 -54.223 1.6235
-40.8394 -54.3375 1.62198 0.000959255 -40.511 -54.223 1.6235
-40.5951 -54.5247 1.62007 0.00878421 -40.511 -54.223 1.6235
-40.8531 -54.3769 1.63295 8.54876e-06 -40.511 -54.223 1.6235
-39.8823 -54.3021 1.63923 2.03124e-08 -40.511 -54.223 1.6235
-40.7548 -54.2818 1.62442 0.00621459 -40.511 -54.223 1.6235
-40.4105 -53.8116 1.64002 2.90946e-12 -40.511 -54.223 1.6235
-40.6739 -54.1844 1.62499 0.0139638 -40.511 -54.223 1.6235
-40.6696 -54.1466 1.60389 1.05665e-07 -40.511 -54.223 1.6235
-40.3318 -54.3747 1.62121 0.0966726 -40.511 -54.223 1.6235
-40.3944 -54.0479 1.62348 0.0215591 -40.511 -54.223 1.6235
-40.3514 -54.1515 1.60792 1.37996e-05 -40.511 -54.223 1.6235
-40.7217 -54.5901 1.61705 8.38258e-05 -40.511 -54.223 1.6235
-40.5081 -53.8659 1.61472 0.000227872 -40.511 -54.223 1.6235
-40.4943 -54.7146 1.61587 8.26755e-06 -40.511 -54.223 1.6235
-40.1273 -53.9394 1.61652 4.2197e-05 -40.511 -54.223 1.6235
-40.2067 -53.877 1.63549 1.64396e-08 -40.511 -54.223 1.6235
-40.5456 -54.2305 1.62988 0.0155879 -40.511 -54.223 1.6235
-40.6629 -53.5752 1.62551 1.12462e-10 -40.511 -54.223 1.6235
-40.4899 -53.963 1.62259 0.00423643 -40.511 -54.223 1.6235
-40.4106 -54.4224 1.62809 0.129533 -40.511 -54.223 1.6235
-40.8261 -54.2079 1.61522 0.000277318 -40.511 -54.223 1.6235
-40.5139 -54.5255 1.62691 0.0509029 -40.511 -54.223 1.6235
-40.4599 -54.0421 1.63081 0.000593244 -40.511 -54.223 1.6235
-41.0956 -53.1867 1.61943 1.51858e-24 -40.511 -54.223 1.6235
-40.5991 -53.7361 1.61826 5.42254e-06 -40.511 -54.223 1.6235
-40.4223 -54.7666 1.61559 9.75798e-07 -40.511 -54.223 1.6235
-39.7929 -54.2848 1.61458 1.52335e-09 -40.511 -54.223 1.6235
-40.7882 -54.3802 1.63474 1.23811e-05 -40.511 -54.223 1.6235
-40.7903 -54.5775 1.62653 0.000327446 -40.511 -54.223 1.6235
-40.1135 -53.5275 1.63009 7.04006e-14 -40.511 -54.223 1.6235
-40.2492 -54.1799 1.62898 0.0131496 -40.511 -54.223 1.6235
-40.5814 -54.0906 1.61303 0.00204282 -40.511 -54.223 1.6235
-40.5502 -54.0457 1.62873 0.00144118 -40.511 -54.223 1.6235
-40.4821 -53.9385 1.63211 9.3242e-06 -40.511 -54.223 1.6235
-40.3545 -54.1243 1.61695 0.0189298 -40.511 -54.223 1.6235
-39.4995 -53.3079 1.62165 2.63294e-28 -40.511 -54.223 1.6235
-41.0592 -54.0093 1.6102 5.15802e-09 -40.511 -54.223 1.6235
-40.6655 -54.0065 1.60601 1.30065e-06 -40.511 -54.223 1.6235
-40.7937 -53.6673 1.63247 4.4345e-13 -40.511 -54.223 1.6235
-40.729 -54.3838 1.61909 0.00527912 -40.511 -54.223 1.6235
-40.6482 -53.9464 1.62086 0.000973409 -40.511 -54.223 1.6235
-40.7203 -54.8549 1.62037 2.00392e-07 -40.511 -54.223 1.6235
-39.6001 -54.3103 1.63564 4.20918e-12 -40.511 -54.223 1.6235
-40.1895 -54.5593 1.63028 0.00672034 -40.511 -54.223 1.6235
-40.5986 -54.0482 1.62758 0.00175587 -40.511 -54.223 1.6235
-40.695 -53.6419 1.625 2.42333e-09 -40.511 -54.223 1.6235
-41.1774 -54.7593 1.62367 2.96698e-12 -40.511 -54.223 1.6235
-40.0038 -54.0612 1.62723 3.62604e-05 -40.511 -54.223 1.6235
-40.6811 -54.007 1.61806 0.00193199 -40.511 -54.223 1.6235
-40.5497 -54.0529 1.62508 0.00990428 -40.511 -54.223 1.6235
-40.6473 -54.2666 1.62786 0.0157499 -40.511 -54.223 1.6235
-40.1149 -54.3984 1.62288 0.00605277 -40.511 -54.223 1.6235
-40.3227 -54.1996 1.61315 0.00174006 -40.511 -54.223 1.6235
-40.5965 -53.5271 1.63237 1.40213e-14 -40.511 -54.223 1.6235
-39.9497 -53.5666 1.60141 1.62651e-17 -40.511 -54.223 1.6235
-41.1868 -54.1343 1.63974 2.47734e-17 -40.511 -54.223 1.6235
-40.4944 -54.241 1.62198 0.17273 -40.511 -54.223 1.6235
-40.2947 -53.9552 1.60873 5.59437e-06 -40.511 -54.223 1.6235
-39.9711 -54.1006 1.61013 2.48698e-08 -40.511 -54.223 1.6235
-40.3441 -54.3001 1.63145 0.0241115 -40.511 -54.223 1.6235
-40.4094 -54.421 1.6228 0.148865 -40.511 -54.223 1.6235
-40.2617 -54.4341 1.60135 2.80452e-12 -40.511 -54.223 1.6235
-40.6023 -54.1479 1.619 0.032182 -40.511 -54.223 1.6235
-40.3108 -54.1386 1.60847 1.61764e-05 -40.511 -54.223 1.6235
-40.6843 -53.5069 1.62405 6.58659e-12 -40.511 -54.223 1.6235
-40.1503 -54.4332 1.61928 0.002088 -40.511 -54.223 1.6235
-40.6008 -54.2152 1.61243 0.0015496 -40.511 -54.223 1.6235
-40.4266 -54.3283 1.6389 4.14708e-05 -40.511 -54.223 1.6235
-40.1359 -54.211 1.62089 0.00611391 -40.511 -54.223 1.6235
-40.2401 -53.5579 1.61688 1.63488e-09 -40.511 -54.223 1.6235
-40.4942 -54.1148 1.63283 0.0004602 -40.511 -54.223 1.6235
-40.5087 -54.0488 1.63136 0.000328945 -40.511 -54.223 1.6235
-40.9296 -54.1977 1.61769 3.84703e-05 -40.511 -54.223 1.6235
-40.8064 -53.7885 1.6017 8.85134e-11 -40.511 -54.223 1.6235
-40.9101 -54.1364 1.62065 6.21855e-05 -40.511 -54.223 1.6235
-40.0666 -54.573 1.64249 2.29023e-07 -40.511 -54.223 1.6235
-40.6295 -53.9964 1.62101 0.00348169 -40.511 -54.223 1.6235
-40.4077 -54.7676 1.62649 0.00061949 -40.511 -54.223 1.6235
-40.1374 -54.4429 1.62183 0.00482639 -40.511 -54.223 1.6235
-40.5792 -54.1344 1.62152 0.0458466 -40.511 -54.223 1.6235
-40.707 -54.0546 1.63148 1.85281e-05 -40.511 -54.223 1.6235
-40.542 -54.0917 1.61829 0.0261464 -40.511 -54.223 1.6235
-40.7824 -54.3642 1.61284 6.57372e-05 -40.511 -54.223 1.6235
-40.4348 -54.0803 1.61403 0.00446063 -40.511 -54.223 1.6235
-40.6855 -54.8257 1.60586 3.84627e-14 -40.511 -54.223 1.6235
-40.1381 -53.8541 1.62175 1.52557e-05 -40.511 -54.223 1.6235
-40.7922 -54.582 1.62225 0.000237347 -40.511 -54.223 1.6235
-40.5778 -53.6719 1.62307 1.48189e-07 -40.511 -54.223 1.6235
-40.3487 -54.6787 1.6096 7.86246e-09 -40.511 -54.223 1.6235
-40.235 -54.1967 1.62271 0.0411224 -40.511 -54.223 1.6235
-40.0683 -54.0413 1.62392 0.000243811 -40.511 -54.223 1.6235
-40.237 -54.5996 1.64034 1.61285e-05 -40.511 -54.223 1.6235
-40.1153 -54.5363 1.63591 0.000220255 -40.511 -54.223 1.6235
-40.5562 -54.2848 1.65024 2.5654e-14 -40.511 -54.223 1.6235
-40.722 -54.3906 1.61758 0.00306681 -40.511 -54.223 1.6235
-39.9794 -54.2732 1.6186 4.45849e-05 -40.511 -54.223 1.6235
-40.6886 -54.3678 1.62228 0.0232062 -40.511 -54.223 1.6235
