-37.4505 -66.6049 1.85826 4.09801e-05
-37.9286 -66.6168 1.84097 0.0268804
-37.8901 -65.8964 1.84339 0.00100047
-37.4426 -66.7838 1.85052 3.05727e-05
-37.847 -66.7421 1.83534 8.32874e-05
-37.9821 -66.5199 1.83225 0.00216475
-38.2002 -66.5712 1.83774 0.00379316
-37.9072 -67.058 1.83877 2.2424e-08
-37.823 -66.6307 1.85938 0.000148542
-37.5232 -66.6862 1.83329 2.41078e-07
-37.879 -66.6685 1.85824 0.000203696
-38.3853 -66.7999 1.84114 1.50823e-06
-37.9953 -66.8026 1.84002 0.000303898
-38.6088 -66.628 1.85716 1.84766e-12
-37.7925 -66.8439 1.82955 7.2765e-09
-37.7528 -66.8157 1.84463 0.000572745
-38.2775 -66.5448 1.83326 0.000350745
-37.9452 -67.4314 1.84574 8.02527e-15
-38.0977 -66.6409 1.85876 8.44528e-06
-38.002 -66.8511 1.85255 0.000106001
-37.8741 -66.1653 1.86812 1.29999e-11
-38.2059 -66.6791 1.84154 0.00104632
-38.8376 -66.8235 1.83661 2.40773e-14
-38.4256 -66.5342 1.81752 1.81991e-11
-38.0614 -66.8218 1.86644 6.98717e-10
-37.9209 -66.5922 1.85432 0.00377176
-38.3728 -66.8623 1.84608 3.4687e-07
-37.9785 -66.4374 1.84017 0.172944
-37.9507 -66.1823 1.85617 7.08054e-05
-37.9852 -66.765 1.85698 6.02379e-05
-37.9493 -66.7489 1.87116 1.47823e-11
-38.0346 -66.8297 1.82972 7.8614e-08
-38.1755 -66.4669 1.85628 2.51458e-05
-38.3167 -66.487 1.86102 2.52942e-09
-38.0164 -66.4648 1.83855 0.0877244
-37.947 -66.9921 1.84341 3.06255e-06
-37.3865 -66.9175 1.84768 1.88492e-07
-38.0719 -66.6991 1.8545 0.000215997
-37.7214 -65.8608 1.8451 9.33849e-05
-38.1496 -66.7774 1.84024 0.000194747
-38.3743 -66.3458 1.85333 1.08242e-06
-37.8034 -66.7881 1.84116 0.000517655
-37.6094 -66.3431 1.86276 1.92559e-06
-38.2973 -66.5372 1.81276 3.35507e-14
-38.1049 -66.3593 1.86729 3.4631e-11
-38.1866 -66.1044 1.85063 7.67854e-05
-37.973 -67.3182 1.84906 9.30101e-12
-38.0191 -66.8172 1.85274 0.000165556
-38.0727 -66.1157 1.85898 1.36138e-07
-38.2322 -66.5099 1.84369 0.00676548
-37.4272 -66.4677 1.85934 1.49693e-05
-37.9304 -66.6725 1.84279 0.0150377
-38.2742 -66.5539 1.83632 0.0010813
-38.0232 -67.4188 1.846 1.16428e-14
-37.9396 -66.5318 1.82235 5.13174e-08
-37.7244 -67.248 1.85716 3.29226e-10
-38.0347 -66.5765 1.84313 0.0441922
-37.7905 -66.8249 1.84228 0.000280332
-38.2005 -66.5533 1.83584 0.00271231
-38.2954 -66.1502 1.85589 6.39729e-08
-37.5723 -66.7441 1.82725 1.27164e-10
-37.5734 -65.9835 1.84117 0.000403862
-38.495 -66.4748 1.83657 2.09268e-05
-37.914 -66.6202 1.85202 0.0101939
-37.6824 -66.7132 1.83601 4.10699e-05
-37.4333 -65.9965 1.85504 2.65746e-07
-38.5275 -66.3631 1.8539 2.60583e-09
-38.018 -66.7816 1.84114 0.00070545
-37.9164 -67.0294 1.8582 2.122e-07
-38.2661 -66.6694 1.84083 0.000412478
-37.9202 -66.721 1.83074 5.03999e-06
-38.0248 -66.4374 1.84627 0.101727
-37.9409 -66.4516 1.84089 0.185638
-38.4131 -66.7983 1.84035 6.91208e-07
-37.7537 -67.2453 1.83309 2.58368e-15
-38.1222 -66.0413 1.85858 1.3468e-08
-37.9063 -67.0741 1.83351 1.21323e-10
-38.0671 -66.6562 1.86266 2.40621e-07
-37.1797 -66.7156 1.83888 1.49147e-10
-37.7303 -66.7594 1.85136 0.00200649
-37.5904 -66.5067 1.84066 0.00459545
-38.0188 -66.88 1.84624 0.000122288
-38.3422 -66.7608 1.83562 2.57212e-06
-37.9198 -67.2095 1.84106 1.00066e-10
-37.2657 -66.4598 1.84606 6.43538e-06
-38.2181 -66.4198 1.82149 3.21528e-07
-37.9844 -66.839 1.84849 0.000426713
-38.0094 -66.4986 1.84238 0.117465
-37.8506 -66.3439 1.83337 0.017032
-38.0993 -67.0847 1.85291 3.32917e-08
-37.7985 -66.9066 1.84569 8.07418e-05
-38.0582 -66.5712 1.84966 0.0113699
-37.9798 -66.5589 1.83156 0.000643826
-37.9095 -66.7196 1.84349 0.00694779
-37.8636 -66.4397 1.86435 4.43987e-07
-38.4275 -66.351 1.84061 0.000285784
-38.5385 -66.3524 1.8482 2.51764e-07
-38.1038 -66.2504 1.84072 0.109839
-38.0351 -66.5883 1.84416 0.0379942
-37.8107 -66.0501 1.84354 0.0193449
