-5.94787 1.40402 0.391538 9.71662e-08 -6.1721 1.6132 0.38347
-6.36127 1.86017 0.373172 1.38345e-06 -6.1721 1.6132 0.38347
-6.58309 1.6836 0.397808 2.68113e-07 -6.1721 1.6132 0.38347
-6.2182 2.03751 0.385176 8.69637e-11 -6.1721 1.6132 0.38347
-6.19159 1.38489 0.394689 5.27925e-05 -6.1721 1.6132 0.38347
-6.37481 1.27744 0.379727 0.0984847 -6.1721 1.6132 0.38347
-6.13248 0.971415 0.383707 4.41709e-06 -6.1721 1.6132 0.38347
-6.15416 1.44633 0.398255 4.51275e-08 -6.1721 1.6132 0.38347
-6.57163 1.68162 0.385795 0.00134287 -6.1721 1.6132 0.38347
-6.63089 1.84425 0.386138 7.70036e-07 -6.1721 1.6132 0.38347
-6.8895 1.73488 0.367649 1.66103e-17 -6.1721 1.6132 0.38347
-6.29676 1.54804 0.380886 0.163367 -6.1721 1.6132 0.38347
-5.93348 1.78453 0.392128 1.43935e-12 -6.1721 1.6132 0.38347
-5.98913 1.83104 0.387681 9.13659e-10 -6.1721 1.6132 0.38347
-6.31882 1.73334 0.396151 4.58086e-08 -6.1721 1.6132 0.38347
-6.35221 1.94082 0.391674 6.38132e-10 -6.1721 1.6132 0.38347
-6.45826 1.8836 0.385458 1.8177e-06 -6.1721 1.6132 0.38347
-6.90062 1.91044 0.377101 1.41006e-14 -6.1721 1.6132 0.38347
-6.10315 0.959997 0.377184 1.95229e-07 -6.1721 1.6132 0.38347
-6.26512 1.58896 0.390949 0.000864427 -6.1721 1.6132 0.38347
-6.7032 1.55159 0.386099 0.00121023 -6.1721 1.6132 0.38347
-6.36032 1.76911 0.386835 0.00017815 -6.1721 1.6132 0.38347
-7.05885 1.4693 0.389375 4.77648e-10 -6.1721 1.6132 0.38347
-6.49996 1.90792 0.393172 1.73928e-09 -6.1721 1.6132 0.38347
-6.10255 1.4445 0.385583 0.00686492 -6.1721 1.6132 0.38347
-7.37685 1.15232 0.384105 6.03529e-24 -6.1721 1.6132 0.38347
-6.43231 1.5084 0.378248 0.0601823 -6.1721 1.6132 0.38347
-6.59799 1.76042 0.381025 3.83163e-05 -6.1721 1.6132 0.38347
-6.42052 1.88616 0.38 4.18044e-06 -6.1721 1.6132 0.38347
-6.00492 1.44835 0.386948 9.47966e-05 -6.1721 1.6132 0.38347
-7.11897 1.41252 0.386677 4.14796e-12 -6.1721 1.6132 0.38347
-5.9028 1.46739 0.385537 2.45873e-06 -6.1721 1.6132 0.38347
-6.23944 1.31623 0.396843 1.74973e-05 -6.1721 1.6132 0.38347
-6.47351 1.3552 0.358504 4.15578e-16 -6.1721 1.6132 0.38347
-6.1543 1.86338 0.377044 4.61769e-06 -6.1721 1.6132 0.38347
-6.06444 1.98636 0.38998 2.51471e-13 -6.1721 1.6132 0.38347
-6.35525 2.11504 0.396129 7.39201e-18 -6.1721 1.6132 0.38347
-6.65602 1.97638 0.377298 8.11802e-11 -6.1721 1.6132 0.38347
-6.20925 1.799 0.368931 8.80524e-07 -6.1721 1.6132 0.38347
-6.6351 1.87883 0.387804 8.14313e-08 -6.1721 1.6132 0.38347
-6.07383 2.24697 0.399099 2.2673e-29 -6.1721 1.6132 0.38347
-6.30401 1.29373 0.399856 1.385e-06 -6.1721 1.6132 0.38347
-6.66966 1.36419 0.389524 0.0135891 -6.1721 1.6132 0.38347
-6.58705 1.52586 0.38658 0.0306281 -6.1721 1.6132 0.38347
-5.85195 2.02453 0.380694 3.01101e-14 -6.1721 1.6132 0.38347
-6.44947 1.72991 0.364362 2.24515e-10 -6.1721 1.6132 0.38347
-6.79125 2.11086 0.362574 1.05796e-25 -6.1721 1.6132 0.38347
-6.42399 1.19771 0.374139 0.000135773 -6.1721 1.6132 0.38347
-6.34138 1.39899 0.391078 0.0397492 -6.1721 1.6132 0.38347
-6.79068 1.60507 0.397316 2.7577e-07 -6.1721 1.6132 0.38347
-5.93799 1.5496 0.395094 4.09744e-11 -6.1721 1.6132 0.38347
-6.75587 1.77012 0.379978 7.50774e-08 -6.1721 1.6132 0.38347
-6.6015 1.66285 0.377523 9.60373e-05 -6.1721 1.6132 0.38347
-6.28621 1.45821 0.401629 9.76562e-09 -6.1721 1.6132 0.38347
-6.01456 1.70935 0.380282 3.60321e-05 -6.1721 1.6132 0.38347
-6.70817 1.30603 0.388486 0.00468227 -6.1721 1.6132 0.38347
-6.17646 1.96172 0.385574 3.04956e-09 -6.1721 1.6132 0.38347
-6.62641 1.58201 0.376201 6.41788e-05 -6.1721 1.6132 0.38347
-5.75909 1.67794 0.363346 1.66497e-11 -6.1721 1.6132 0.38347
-6.65186 1.61954 0.39063 0.000429011 -6.1721 1.6132 0.38347
-6.00465 1.03879 0.395465 2.14549e-10 -6.1721 1.6132 0.38347
-6.20905 1.57621 0.395106 2.58165e-06 -6.1721 1.6132 0.38347
-6.27649 1.46218 0.382118 0.352806 -6.1721 1.6132 0.38347
-6.00577 1.34028 0.398351 1.05464e-10 -6.1721 1.6132 0.38347
-6.00725 0.875655 0.389509 1.43836e-10 -6.1721 1.6132 0.38347
-6.77226 1.06473 0.380036 3.30627e-08 -6.1721 1.6132 0.38347
-6.15021 1.97589 0.38606 4.89986e-10 -6.1721 1.6132 0.38347
-6.88061 1.39824 0.372834 6.14916e-12 -6.1721 1.6132 0.38347
-6.81339 1.38396 0.371031 1.5858e-11 -6.1721 1.6132 0.38347
-6.88289 1.7164 0.394504 2.65788e-09 -6.1721 1.6132 0.38347
-6.03497 1.68207 0.363226 7.99441e-09 -6.1721 1.6132 0.38347
-6.48053 1.56423 0.383231 0.0810824 -6.1721 1.6132 0.38347
-6.60042 1.48083 0.38217 0.0196307 -6.1721 1.6132 0.38347
-6.43742 1.87058 0.380995 7.94663e-06 -6.1721 1.6132 0.38347
-5.99334 1.73259 0.380212 9.09961e-06 -6.1721 1.6132 0.38347
-6.37038 1.09755 0.385377 0.00906749 -6.1721 1.6132 0.38347
-6.86384 1.36281 0.38236 1.26198e-06 -6.1721 1.6132 0.38347
-6.28539 1.19291 0.368011 2.25494e-07 -6.1721 1.6132 0.38347
-6.21258 1.8115 0.383023 4.16297e-05 -6.1721 1.6132 0.38347
-5.9328 1.92278 0.380448 3.63067e-10 -6.1721 1.6132 0.38347
-6.10206 1.74248 0.380431 0.000136489 -6.1721 1.6132 0.38347
-6.48631 1.72088 0.374492 4.67087e-05 -6.1721 1.6132 0.38347
-6.14524 1.61848 0.38846 0.00021843 -6.1721 1.6132 0.38347
-6.98369 0.849532 0.365944 1.76182e-30 -6.1721 1.6132 0.38347
-6.36505 1.7519 0.385039 0.000762483 -6.1721 1.6132 0.38347
-6.15293 1.01427 0.394558 1.6327e-07 -6.1721 1.6132 0.38347
-6.65332 1.76291 0.383124 1.28037e-05 -6.1721 1.6132 0.38347
-6.4796 1.44066 0.37226 0.00015989 -6.1721 1.6132 0.38347
-6.05298 1.67182 0.378694 0.000387402 -6.1721 1.6132 0.38347
-6.08989 2.03995 0.389269 4.74e-14 -6.1721 1.6132 0.38347
-6.94032 1.03545 0.398132 2.74316e-09 -6.1721 1.6132 0.38347
-6.09991 1.91378 0.37719 1.94354e-07 -6.1721 1.6132 0.38347
-6.41397 2.36642 0.394773 1.24675e-26 -6.1721 1.6132 0.38347
-6.2246 1.86553 0.405575 2.0592e-20 -6.1721 1.6132 0.38347
-6.54561 1.91765 0.38381 1.6622e-07 -6.1721 1.6132 0.38347
-6.18856 1.35269 0.385879 0.0595131 -6.1721 1.6132 0.38347
-6.1869 1.2721 0.381171 0.0530829 -6.1721 1.6132 0.38347
-6.55386 1.59516 0.362991 2.31482e-12 -6.1721 1.6132 0.38347
-6.72608 1.55819 0.384778 0.000419212 -6.1721 1.6132 0.38347
-6.26936 1.69542 0.388047 0.000480028 -6.1721 1.6132 0.38347
