172.229 24.4043 0.0899083 3.7166e-14 172.48 23.589 0.078193
172.103 23.2937 0.0777663 7.8859e-07 172.48 23.589 0.078193
172.265 23.201 0.0580095 6.1312e-12 172.48 23.589 0.078193
172.426 23.4452 0.108318 1.61566e-17 172.48 23.589 0.078193
172.378 23.4845 0.087355 0.0011324 172.48 23.589 0.078193
172.292 23.9151 0.0848979 0.000384846 172.48 23.589 0.078193
172.732 23.6183 0.0860464 0.0024627 172.48 23.589 0.078193
172.681 23.7045 0.0709487 0.198152 172.48 23.589 0.078193
172.602 23.7338 0.0828142 0.0758931 172.48 23.589 0.078193
172.236 23.6371 0.0813881 0.00513029 172.48 23.589 0.078193
172.608 23.2604 0.0786871 0.00124306 172.48 23.589 0.078193
172.423 23.6319 0.0606328 1.29532e-05 172.48 23.589 0.078193
172.112 23.668 0.0851048 5.56952e-05 172.48 23.589 0.078193
172.34 23.4917 0.0897991 0.000118897 172.48 23.589 0.078193
173.323 23.2338 0.0740247 1.33899e-12 172.48 23.589 0.078193
171.9 23.4589 0.0822037 4.41144e-09 172.48 23.589 0.078193
172.455 23.8451 0.0896282 0.000267407 172.48 23.589 0.078193
172.204 22.986 0.0546986 6.2858e-19 172.48 23.589 0.078193
172.727 23.5075 0.0948541 4.72643e-08 172.48 23.589 0.078193
172.832 24.0109 0.0837304 1.47982e-05 172.48 23.589 0.078193
172.245 23.3752 0.0795864 0.000442579 172.48 23.589 0.078193
172.236 24.4829 0.0824504 9.72128e-15 172.48 23.589 0.078193
172.855 23.5859 0.0744851 0.0377059 172.48 23.589 0.078193
172.279 23.1742 0.0805516 2.29444e-06 172.48 23.589 0.078193
172.373 23.9262 0.0780409 0.00536209 172.48 23.589 0.078193
172.297 23.2665 0.103282 4.89281e-15 172.48 23.589 0.078193
172.185 23.6538 0.0820134 0.00121728 172.48 23.589 0.078193
172.485 23.6008 0.0887221 0.0019022 172.48 23.589 0.078193
172.388 23.7589 0.0844872 0.0158392 172.48 23.589 0.078193
171.948 23.2654 0.087418 1.02688e-10 172.48 23.589 0.078193
172.328 23.5188 0.0843515 0.00563635 172.48 23.589 0.078193
172.199 23.9768 0.0900293 7.09587e-07 172.48 23.589 0.078193
172.163 23.0016 0.075527 5.85709e-11 172.48 23.589 0.078193
172.21 23.4741 0.0946081 1.04768e-07 172.48 23.589 0.078193
172.146 23.705 0.0934878 3.86469e-07 172.48 23.589 0.078193
172.689 23.5245 0.0761963 0.22521 172.48 23.589 0.078193
172.785 23.3356 0.0902294 2.09587e-07 172.48 23.589 0.078193
172.331 23.5801 0.0824895 0.0210223 172.48 23.589 0.078193
172.173 23.2034 0.101748 1.87493e-15 172.48 23.589 0.078193
172.432 23.3437 0.104133 1.08293e-14 172.48 23.589 0.078193
172.825 23.4199 0.0868507 1.94094e-05 172.48 23.589 0.078193
172.063 23.2757 0.0919571 4.28446e-10 172.48 23.589 0.078193
172.46 23.5212 0.0906033 0.000168136 172.48 23.589 0.078193
172.279 23.796 0.116883 9.89938e-26 172.48 23.589 0.078193
172.771 23.6291 0.0822434 0.0179263 172.48 23.589 0.078193
172.002 23.4588 0.10994 1.0387e-20 172.48 23.589 0.078193
172.285 23.4077 0.096193 1.37067e-08 172.48 23.589 0.078193
172.306 23.5398 0.0738463 0.0118306 172.48 23.589 0.078193
171.7 23.0192 0.0788011 2.21312e-20 172.48 23.589 0.078193
172.049 23.8636 0.0740311 5.64858e-07 172.48 23.589 0.078193
172.059 23.1824 0.0833908 2.66566e-09 172.48 23.589 0.078193
172.427 24.0855 0.0739766 7.48272e-05 172.48 23.589 0.078193
172.806 23.2893 0.0828049 3.7696e-05 172.48 23.589 0.078193
172.084 23.1237 0.0948231 1.67354e-13 172.48 23.589 0.078193
172.392 23.4014 0.0850829 0.00140605 172.48 23.589 0.078193
171.792 23.2225 0.0860256 2.03537e-14 172.48 23.589 0.078193
172.719 23.6734 0.0802066 0.106972 172.48 23.589 0.078193
172.048 23.2236 0.0922671 3.70671e-11 172.48 23.589 0.078193
172.54 24.2937 0.0876018 9.3407e-10 172.48 23.589 0.078193
172.329 23.3525 0.0858778 0.00014105 172.48 23.589 0.078193
172.94 23.7856 0.0900189 1.0643e-07 172.48 23.589 0.078193
173.233 23.4082 0.075678 6.76951e-09 172.48 23.589 0.078193
171.494 23.8935 0.0697866 1.71474e-24 172.48 23.589 0.078193
172.527 23.7045 0.0961027 4.03382e-07 172.48 23.589 0.078193
172.153 23.3552 0.0994324 5.61286e-12 172.48 23.589 0.078193
172.898 23.7581 0.10114 1.19612e-14 172.48 23.589 0.078193
173.201 23.4507 0.092195 7.5674e-15 172.48 23.589 0.078193
172.033 22.9157 0.0681777 9.6166e-17 172.48 23.589 0.078193
171.947 24.0374 0.0961173 3.26307e-13 172.48 23.589 0.078193
172.428 23.4164 0.0755619 0.0301716 172.48 23.589 0.078193
172.493 23.045 0.0605095 1.21606e-10 172.48 23.589 0.078193
172.246 23.812 0.0805849 0.002715 172.48 23.589 0.078193
172.111 23.2373 0.0900067 2.73838e-09 172.48 23.589 0.078193
171.554 23.4643 0.0652807 6.8077e-24 172.48 23.589 0.078193
172.54 23.6868 0.0832106 0.0915965 172.48 23.589 0.078193
172.178 23.5864 0.100233 1.13967e-10 172.48 23.589 0.078193
172.537 23.4586 0.0811554 0.05397 172.48 23.589 0.078193
172.111 23.3319 0.0598354 5.01162e-12 172.48 23.589 0.078193
171.863 23.8563 0.108641 5.36174e-21 172.48 23.589 0.078193
172.458 23.2875 0.0686284 0.000291283 172.48 23.589 0.078193
172.604 23.0693 0.0729428 1.5394e-06 172.48 23.589 0.078193
172.763 23.7162 0.0862755 0.0010813 172.48 23.589 0.078193
172.066 23.4118 0.0863272 6.79589e-07 172.48 23.589 0.078193
172.562 23.2798 0.0832952 0.000371257 172.48 23.589 0.078193
172.024 23.8049 0.0740841 4.78709e-07 172.48 23.589 0.078193
172.692 23.284 0.0811878 0.000524288 172.48 23.589 0.078193
172.214 23.4038 0.090584 1.84754e-06 172.48 23.589 0.078193
172.409 24.321 0.114973 4.3836e-30 172.48 23.589 0.078193
172.309 23.7374 0.0810318 0.0197463 172.48 23.589 0.078193
172.221 23.2715 0.093376 4.59715e-09 172.48 23.589 0.078193
172.603 23.8935 0.0952189 1.03087e-07 172.48 23.589 0.078193
172.481 23.6522 0.104915 1.49609e-13 172.48 23.589 0.078193
172.212 23.6866 0.0910526 1.7111e-05 172.48 23.589 0.078193
172.491 23.7854 0.0831281 0.0478777 172.48 23.589 0.078193
172.365 23.5252 0.0590033 2.95454e-07 172.48 23.589 0.078193
172.138 24.0536 0.0956052 1.24308e-10 172.48 23.589 0.078193
172.527 23.2985 0.0740984 0.00470076 172.48 23.589 0.078193
173.006 23.3773 0.094357 1.10694e-12 172.48 23.589 0.078193
172.632 23.7419 0.0858632 0.00874459 172.48 23.589 0.078193
172.416 23.9348 0.0868338 0.000399833 172.48 23.589 0.078193
