128.818 -18.7433 3.39414 0.0171088 128.94 -18.592 3.4026
128.419 -18.6031 3.40655 2.98701e-05 128.94 -18.592 3.4026
128.761 -18.5085 3.41632 1.67332e-07 128.94 -18.592 3.4026
128.924 -18.9309 3.39144 0.000338862 128.94 -18.592 3.4026
128.713 -18.6635 3.40349 0.0623124 128.94 -18.592 3.4026
129.115 -18.2746 3.41769 9.29823e-11 128.94 -18.592 3.4026
128.63 -18.3036 3.4025 7.67514e-06 128.94 -18.592 3.4026
129.111 -18.3662 3.41842 1.03111e-09 128.94 -18.592 3.4026
128.89 -18.6511 3.40545 0.0375027 128.94 -18.592 3.4026
129.099 -18.5199 3.40994 0.000111831 128.94 -18.592 3.4026
128.583 -18.6221 3.40702 0.00129288 128.94 -18.592 3.4026
128.989 -18.3694 3.40097 3.53248e-05 128.94 -18.592 3.4026
129.028 -18.6761 3.40044 0.0105804 128.94 -18.592 3.4026
129.009 -18.5357 3.39054 1.46112e-06 128.94 -18.592 3.4026
128.779 -18.5653 3.3926 0.00101837 128.94 -18.592 3.4026
128.669 -18.6984 3.40923 0.00243901 128.94 -18.592 3.4026
129.09 -18.7251 3.3916 6.09459e-06 128.94 -18.592 3.4026
129.031 -18.0817 3.39048 1.1057e-13 128.94 -18.592 3.4026
128.911 -18.7634 3.42181 1.03686e-08 128.94 -18.592 3.4026
128.505 -17.9763 3.39607 7.3325e-13 128.94 -18.592 3.4026
129.249 -18.6963 3.40364 0.000163254 128.94 -18.592 3.4026
128.407 -18.9338 3.38177 1.22315e-07 128.94 -18.592 3.4026
129.11 -18.8367 3.40715 0.00877433 128.94 -18.592 3.4026
128.704 -18.7637 3.40424 0.109721 128.94 -18.592 3.4026
128.777 -18.3159 3.38414 1.43756e-10 128.94 -18.592 3.4026
128.712 -18.2878 3.40717 1.15478e-06 128.94 -18.592 3.4026
129.046 -18.6434 3.39826 0.00208211 128.94 -18.592 3.4026
129.069 -18.564 3.38405 2.68296e-11 128.94 -18.592 3.4026
129.483 -18.454 3.38217 3.56035e-23 128.94 -18.592 3.4026
129.429 -18.0436 3.40892 6.32658e-16 128.94 -18.592 3.4026
129.047 -18.3298 3.39618 4.00091e-07 128.94 -18.592 3.4026
128.822 -18.5004 3.40504 0.00323697 128.94 -18.592 3.4026
129.133 -18.4932 3.38733 1.47053e-10 128.94 -18.592 3.4026
128.751 -18.2365 3.40971 3.5744e-08 128.94 -18.592 3.4026
129.302 -18.1891 3.38002 2.22194e-24 128.94 -18.592 3.4026
128.743 -18.3336 3.39055 7.51109e-07 128.94 -18.592 3.4026
128.692 -18.3763 3.39 2.5589e-06 128.94 -18.592 3.4026
129.13 -19.0815 3.36779 8.10452e-31 128.94 -18.592 3.4026
128.536 -18.8396 3.39298 0.0157686 128.94 -18.592 3.4026
128.884 -18.2685 3.39604 7.85688e-07 128.94 -18.592 3.4026
129.03 -18.5596 3.41792 4.08467e-07 128.94 -18.592 3.4026
129.241 -19.0175 3.39721 4.94652e-06 128.94 -18.592 3.4026
128.534 -18.8551 3.40803 0.00114894 128.94 -18.592 3.4026
128.705 -18.0851 3.3818 9.17211e-16 128.94 -18.592 3.4026
128.962 -18.8924 3.40526 0.07946 128.94 -18.592 3.4026
129.274 -18.5709 3.38868 1.55608e-11 128.94 -18.592 3.4026
129.131 -18.2435 3.40499 4.50883e-08 128.94 -18.592 3.4026
128.665 -18.2824 3.39218 6.56223e-07 128.94 -18.592 3.4026
129.214 -18.5786 3.41342 7.96814e-06 128.94 -18.592 3.4026
129.169 -18.389 3.39054 2.57983e-10 128.94 -18.592 3.4026
129.114 -18.2737 3.38871 3.53394e-12 128.94 -18.592 3.4026
128.905 -18.43 3.40764 0.000174769 128.94 -18.592 3.4026
128.869 -18.3124 3.40079 1.91922e-05 128.94 -18.592 3.4026
128.545 -18.0981 3.37855 4.35342e-17 128.94 -18.592 3.4026
128.878 -18.8572 3.38529 5.05506e-07 128.94 -18.592 3.4026
128.595 -18.7918 3.39502 0.0540603 128.94 -18.592 3.4026
128.847 -18.7167 3.39693 0.049684 128.94 -18.592 3.4026
128.802 -18.7413 3.38609 6.0754e-06 128.94 -18.592 3.4026
128.639 -18.5207 3.39096 0.000257665 128.94 -18.592 3.4026
128.437 -18.5456 3.391 0.000140169 128.94 -18.592 3.4026
128.886 -18.5124 3.39981 0.00429 128.94 -18.592 3.4026
128.543 -18.3373 3.39657 1.49977e-05 128.94 -18.592 3.4026
128.663 -18.4469 3.3982 0.00117159 128.94 -18.592 3.4026
128.638 -18.8849 3.39545 0.0747398 128.94 -18.592 3.4026
129.175 -18.7152 3.41339 0.000100511 128.94 -18.592 3.4026
129.489 -18.7591 3.40435 4.23219e-08 128.94 -18.592 3.4026
128.954 -18.346 3.39502 2.162e-06 128.94 -18.592 3.4026
128.549 -18.4762 3.40751 2.54703e-05 128.94 -18.592 3.4026
128.514 -18.6572 3.39805 0.0161048 128.94 -18.592 3.4026
129.423 -18.7669 3.41948 5.11837e-09 128.94 -18.592 3.4026
128.902 -18.4145 3.40084 0.000376815 128.94 -18.592 3.4026
128.828 -19.296 3.38782 2.81992e-08 128.94 -18.592 3.4026
128.76 -19.3195 3.40224 0.000132975 128.94 -18.592 3.4026
128.796 -18.8326 3.40687 0.0762925 128.94 -18.592 3.4026
128.685 -19.0659 3.39813 0.0345423 128.94 -18.592 3.4026
129.119 -19.0166 3.39776 0.000317483 128.94 -18.592 3.4026
128.456 -18.4508 3.40898 3.52783e-07 128.94 -18.592 3.4026
128.91 -18.4102 3.39305 7.50838e-06 128.94 -18.592 3.4026
128.56 -18.1903 3.4004 6.23253e-08 128.94 -18.592 3.4026
128.862 -18.7092 3.40585 0.0674423 128.94 -18.592 3.4026
129.267 -18.2175 3.39021 7.95617e-15 128.94 -18.592 3.4026
128.338 -18.4486 3.39032 2.56186e-06 128.94 -18.592 3.4026
128.154 -18.6126 3.40705 9.83758e-10 128.94 -18.592 3.4026
129.154 -18.6067 3.40844 0.000431997 128.94 -18.592 3.4026
129.002 -18.308 3.38071 7.9719e-16 128.94 -18.592 3.4026
129.446 -18.3442 3.39759 1.18905e-12 128.94 -18.592 3.4026
128.651 -18.4049 3.40944 4.72836e-06 128.94 -18.592 3.4026
128.643 -18.8171 3.38189 1.29369e-07 128.94 -18.592 3.4026
128.596 -18.8908 3.40169 0.0895848 128.94 -18.592 3.4026
128.863 -18.8842 3.40459 0.165681 128.94 -18.592 3.4026
129.493 -18.9601 3.4243 2.63354e-12 128.94 -18.592 3.4026
129.152 -18.9705 3.38773 2.62367e-09 128.94 -18.592 3.4026
128.597 -17.7551 3.40377 3.89909e-19 128.94 -18.592 3.4026
129.1 -18.776 3.406 0.0107877 128.94 -18.592 3.4026
128.829 -18.6519 3.38899 6.66143e-05 128.94 -18.592 3.4026
128.32 -18.4617 3.40222 1.72862e-06 128.94 -18.592 3.4026
128.612 -18.7382 3.38407 3.32599e-06 128.94 -18.592 3.4026
128.973 -18.6632 3.38602 6.15829e-08 128.94 -18.592 3.4026
129.107 -18.5341 3.40944 0.000170534 128.94 -18.592 3.4026
128.757 -18.5693 3.39032 0.000199652 128.94 -18.592 3.4026
