72.3222 -40.4328 3.79432 0.000969296 72.565 -40.396 3.7853
72.9285 -40.4943 3.78912 9.72711e-06 72.565 -40.396 3.7853
72.4355 -40.3121 3.78351 0.0362313 72.565 -40.396 3.7853
72.6147 -40.1273 3.77458 2.18211e-09 72.565 -40.396 3.7853
72.4908 -40.3786 3.78339 0.116643 72.565 -40.396 3.7853
72.1916 -40.2432 3.78188 2.72097e-05 72.565 -40.396 3.7853
72.9235 -40.1802 3.78171 6.43059e-08 72.565 -40.396 3.7853
72.4445 -39.9096 3.79481 4.82942e-06 72.565 -40.396 3.7853
72.3875 -40.7048 3.76731 7.62209e-07 72.565 -40.396 3.7853
72.2153 -40.6909 3.79205 1.61274e-06 72.565 -40.396 3.7853
72.7085 -40.4925 3.7926 0.001034 72.565 -40.396 3.7853
72.2491 -40.6631 3.77335 5.86814e-05 72.565 -40.396 3.7853
72.7572 -40.8988 3.76788 8.083e-08 72.565 -40.396 3.7853
72.7905 -40.8001 3.7743 2.11007e-05 72.565 -40.396 3.7853
72.4514 -40.7062 3.77877 0.0226622 72.565 -40.396 3.7853
72.9977 -40.329 3.76468 8.24142e-19 72.565 -40.396 3.7853
72.254 -40.525 3.77419 5.37466e-05 72.565 -40.396 3.7853
72.9943 -39.4873 3.77312 9.73962e-40 72.565 -40.396 3.7853
72.7649 -40.6129 3.77775 0.0011543 72.565 -40.396 3.7853
72.9188 -40.5307 3.80236 5.17079e-13 72.565 -40.396 3.7853
72.5238 -40.4628 3.79902 9.39611e-06 72.565 -40.396 3.7853
72.296 -40.0203 3.78105 2.48412e-08 72.565 -40.396 3.7853
72.6327 -40.8922 3.76749 6.176e-07 72.565 -40.396 3.7853
72.4868 -41.0652 3.7777 6.10362e-07 72.565 -40.396 3.7853
71.8936 -40.239 3.78343 7.4253e-11 72.565 -40.396 3.7853
72.2868 -40.0534 3.76601 1.4485e-20 72.565 -40.396 3.7853
72.7875 -40.6107 3.78173 0.00211895 72.565 -40.396 3.7853
72.5101 -40.2587 3.77647 2.38859e-05 72.565 -40.396 3.7853
73.0318 -40.5878 3.76731 2.70731e-13 72.565 -40.396 3.7853
72.6038 -40.2968 3.78255 0.0125307 72.565 -40.396 3.7853
72.4497 -40.2519 3.76162 5.28166e-19 72.565 -40.396 3.7853
72.6303 -39.8575 3.79432 2.76447e-07 72.565 -40.396 3.7853
72.6463 -40.5203 3.7528 1.53117e-24 72.565 -40.396 3.7853
72.7078 -40.1362 3.78908 0.000639209 72.565 -40.396 3.7853
72.495 -40.3495 3.76734 1.69077e-10 72.565 -40.396 3.7853
72.5555 -41.1833 3.76886 1.41644e-09 72.565 -40.396 3.7853
73.3208 -40.4513 3.77991 1.75654e-16 72.565 -40.396 3.7853
72.22 -40.4765 3.77381 6.42128e-06 72.565 -40.396 3.7853
72.4876 -40.3307 3.78254 0.0396666 72.565 -40.396 3.7853
72.6095 -40.6178 3.79661 1.71128e-06 72.565 -40.396 3.7853
73.118 -40.0853 3.79456 5.43561e-12 72.565 -40.396 3.7853
72.0653 -39.9441 3.79602 1.3135e-09 72.565 -40.396 3.7853
73.3177 -40.8588 3.78543 3.43475e-19 72.565 -40.396 3.7853
72.4993 -40.0158 3.77969 2.87714e-08 72.565 -40.396 3.7853
72.2789 -39.937 3.78151 3.05252e-10 72.565 -40.396 3.7853
72.5654 -40.3706 3.7718 1.17268e-06 72.565 -40.396 3.7853
72.472 -40.5383 3.78352 0.204934 72.565 -40.396 3.7853
72.5542 -40.3012 3.77925 0.00172537 72.565 -40.396 3.7853
72.4988 -40.5364 3.78637 0.158669 72.565 -40.396 3.7853
72.7984 -40.7663 3.79067 3.29415e-07 72.565 -40.396 3.7853
72.8785 -40.7175 3.78613 5.5449e-06 72.565 -40.396 3.7853
72.8492 -40.5305 3.79109 3.72139e-05 72.565 -40.396 3.7853
72.507 -39.8518 3.7626 6.16004e-32 72.565 -40.396 3.7853
72.9397 -40.1544 3.7844 1.0016e-07 72.565 -40.396 3.7853
72.8925 -40.9976 3.78699 1.25626e-11 72.565 -40.396 3.7853
72.4758 -40.1004 3.78362 0.00010977 72.565 -40.396 3.7853
72.3264 -40.6491 3.78888 0.0013972 72.565 -40.396 3.7853
72.5443 -39.9555 3.78261 4.05772e-08 72.565 -40.396 3.7853
72.6054 -40.1743 3.78242 0.000380426 72.565 -40.396 3.7853
72.6851 -40.48 3.79421 0.000453945 72.565 -40.396 3.7853
72.3369 -40.8686 3.8027 4.70962e-18 72.565 -40.396 3.7853
72.4986 -40.5638 3.78112 0.139023 72.565 -40.396 3.7853
72.6367 -39.9398 3.76694 9.62077e-23 72.565 -40.396 3.7853
72.4493 -40.5602 3.77289 0.000408843 72.565 -40.396 3.7853
72.2886 -40.5206 3.7873 0.0142263 72.565 -40.396 3.7853
72.2809 -40.5562 3.7668 5.1295e-09 72.565 -40.396 3.7853
72.4766 -40.2741 3.79912 0.000151456 72.565 -40.396 3.7853
71.973 -40.3239 3.78822 1.05858e-07 72.565 -40.396 3.7853
72.348 -40.6429 3.77879 0.0141923 72.565 -40.396 3.7853
72.3439 -39.9343 3.77819 5.94039e-12 72.565 -40.396 3.7853
72.4415 -40.1198 3.7793 2.51432e-06 72.565 -40.396 3.7853
72.4996 -40.3839 3.79691 0.000648272 72.565 -40.396 3.7853
72.9503 -40.1745 3.78495 1.60634e-07 72.565 -40.396 3.7853
72.6439 -40.4304 3.77435 0.000100356 72.565 -40.396 3.7853
73.0395 -40.8525 3.79478 5.82616e-16 72.565 -40.396 3.7853
72.8183 -40.2962 3.78623 0.000570365 72.565 -40.396 3.7853
72.2571 -40.1637 3.78624 0.000235838 72.565 -40.396 3.7853
72.5667 -40.461 3.76784 2.46023e-08 72.565 -40.396 3.7853
72.5876 -40.6701 3.76724 6.7926e-07 72.565 -40.396 3.7853
72.2598 -40.2262 3.7709 3.67281e-11 72.565 -40.396 3.7853
72.6638 -40.0998 3.7682 3.55121e-16 72.565 -40.396 3.7853
72.3377 -40.335 3.76687 8.18705e-12 72.565 -40.396 3.7853
72.4558 -40.3575 3.79601 0.00200413 72.565 -40.396 3.7853
72.8687 -39.7507 3.76713 9.50967e-33 72.565 -40.396 3.7853
72.6648 -40.3583 3.7802 0.0043699 72.565 -40.396 3.7853
72.6021 -40.0887 3.78849 0.000715741 72.565 -40.396 3.7853
72.1835 -40.323 3.76483 1.00722e-15 72.565 -40.396 3.7853
72.5505 -40.4438 3.77209 1.68259e-05 72.565 -40.396 3.7853
72.4288 -40.0534 3.77532 1.79353e-10 72.565 -40.396 3.7853
72.2787 -40.8174 3.77358 5.09507e-05 72.565 -40.396 3.7853
72.9323 -40.7509 3.77043 9.04641e-09 72.565 -40.396 3.7853
72.4623 -40.0657 3.77635 2.62236e-09 72.565 -40.396 3.7853
72.4866 -40.5424 3.78447 0.204455 72.565 -40.396 3.7853
71.9167 -40.9267 3.77345 2.18857e-12 72.565 -40.396 3.7853
72.4839 -40.4023 3.77832 0.00840931 72.565 -40.396 3.7853
72.2438 -40.5267 3.78439 0.00787955 72.565 -40.396 3.7853
72.354 -40.7287 3.77444 0.000948817 72.565 -40.396 3.7853
72.9357 -40.364 3.77842 3.88716e-07 72.565 -40.396 3.7853
72.8146 -39.9792 3.77928 1.59946e-11 72.565 -40.396 3.7853
72.3766 -40.2382 3.77646 4.85454e-06 72.565 -40.396 3.7853
