254.704 -19.7771 3.17305 1.15317e-07 255.06 -19.668 3.1976
254.726 -19.4533 3.17986 0.00014735 255.06 -19.668 3.1976
254.524 -19.4641 3.19303 2.08104e-08 255.06 -19.668 3.1976
254.967 -19.6922 3.20047 0.000725341 255.06 -19.668 3.1976
255.105 -20.1936 3.17914 1.80647e-11 255.06 -19.668 3.1976
255.101 -19.7651 3.20038 0.0288442 255.06 -19.668 3.1976
254.978 -19.2468 3.1947 7.60909e-07 255.06 -19.668 3.1976
255.536 -19.6306 3.1853 7.68028e-10 255.06 -19.668 3.1976
255.058 -19.4231 3.19729 0.000233233 255.06 -19.668 3.1976
255.114 -19.8507 3.18603 0.0044833 255.06 -19.668 3.1976
254.803 -19.648 3.19393 0.00359554 255.06 -19.668 3.1976
255.109 -19.4373 3.19997 7.24093e-05 255.06 -19.668 3.1976
254.679 -19.1311 3.18575 8.39267e-09 255.06 -19.668 3.1976
254.845 -19.4404 3.18746 0.00205218 255.06 -19.668 3.1976
254.586 -19.6851 3.19176 4.42178e-05 255.06 -19.668 3.1976
255.025 -19.7185 3.19085 0.256856 255.06 -19.668 3.1976
254.385 -19.8512 3.19463 3.51948e-10 255.06 -19.668 3.1976
254.481 -19.958 3.1713 2.07633e-08 255.06 -19.668 3.1976
255.023 -19.8961 3.16366 5.45305e-25 255.06 -19.668 3.1976
254.835 -19.4433 3.19233 0.000419642 255.06 -19.668 3.1976
254.767 -19.646 3.18017 0.00119201 255.06 -19.668 3.1976
255.236 -19.9461 3.19347 0.0943791 255.06 -19.668 3.1976
255.173 -19.6155 3.18868 0.0141951 255.06 -19.668 3.1976
255.026 -19.4582 3.19557 0.00144499 255.06 -19.668 3.1976
255.048 -19.5628 3.18393 0.00113045 255.06 -19.668 3.1976
255.173 -19.7197 3.17681 4.35241e-10 255.06 -19.668 3.1976
254.595 -19.1817 3.20108 2.10916e-18 255.06 -19.668 3.1976
255.116 -19.4156 3.17779 3.82956e-09 255.06 -19.668 3.1976
255.173 -19.6565 3.181 1.88349e-06 255.06 -19.668 3.1976
254.818 -19.4597 3.19685 6.65917e-06 255.06 -19.668 3.1976
254.061 -19.4405 3.17537 1.0569e-10 255.06 -19.668 3.1976
255.15 -19.8281 3.18791 0.0182609 255.06 -19.668 3.1976
254.437 -19.5124 3.19154 9.43299e-09 255.06 -19.668 3.1976
254.728 -19.3787 3.20622 1.03064e-16 255.06 -19.668 3.1976
255.037 -19.8972 3.18624 0.00989486 255.06 -19.668 3.1976
254.563 -19.7008 3.19006 9.73951e-05 255.06 -19.668 3.1976
255.16 -19.5751 3.20241 0.00062259 255.06 -19.668 3.1976
255.049 -19.5052 3.17547 2.00023e-09 255.06 -19.668 3.1976
254.981 -19.5259 3.18906 0.0216315 255.06 -19.668 3.1976
255.001 -19.9785 3.15582 7.82309e-40 255.06 -19.668 3.1976
254.945 -19.7818 3.18084 0.000307414 255.06 -19.668 3.1976
254.919 -19.2322 3.20005 2.57651e-10 255.06 -19.668 3.1976
254.639 -19.6587 3.19025 0.000698388 255.06 -19.668 3.1976
254.812 -19.7467 3.15715 1.23711e-28 255.06 -19.668 3.1976
255.057 -19.4134 3.17595 1.06284e-09 255.06 -19.668 3.1976
255.257 -19.4029 3.1955 0.00044172 255.06 -19.668 3.1976
254.608 -19.8419 3.18871 0.000796288 255.06 -19.668 3.1976
254.517 -20.1448 3.1881 2.313e-07 255.06 -19.668 3.1976
254.775 -19.876 3.18291 0.00302712 255.06 -19.668 3.1976
254.833 -19.7586 3.18726 0.0671402 255.06 -19.668 3.1976
255.242 -19.6457 3.16713 7.85644e-24 255.06 -19.668 3.1976
254.887 -19.6713 3.16886 3.1577e-13 255.06 -19.668 3.1976
255.082 -19.4318 3.1938 0.00213282 255.06 -19.668 3.1976
255.278 -20.0458 3.2012 0.0392531 255.06 -19.668 3.1976
255.019 -19.6394 3.19384 0.110503 255.06 -19.668 3.1976
254.836 -19.9525 3.18772 0.0146666 255.06 -19.668 3.1976
254.774 -19.0885 3.20411 8.66613e-20 255.06 -19.668 3.1976
254.804 -19.6881 3.16259 1.36314e-19 255.06 -19.668 3.1976
255.103 -20.0215 3.19994 0.0185747 255.06 -19.668 3.1976
254.624 -19.8626 3.19439 1.64828e-05 255.06 -19.668 3.1976
255.179 -19.8526 3.18721 0.0045865 255.06 -19.668 3.1976
255.111 -19.9002 3.18109 2.71453e-06 255.06 -19.668 3.1976
254.585 -20.0526 3.19534 1.44705e-07 255.06 -19.668 3.1976
254.802 -20.1748 3.19527 1.97966e-05 255.06 -19.668 3.1976
255.223 -19.5294 3.17665 2.22863e-11 255.06 -19.668 3.1976
254.786 -19.495 3.17103 1.01724e-09 255.06 -19.668 3.1976
254.793 -19.904 3.19187 0.0128578 255.06 -19.668 3.1976
255.33 -20.1394 3.18322 2.12391e-10 255.06 -19.668 3.1976
254.996 -18.9936 3.17758 4.37578e-14 255.06 -19.668 3.1976
255.072 -19.6308 3.20454 2.02757e-05 255.06 -19.668 3.1976
254.87 -19.4241 3.2087 2.50328e-15 255.06 -19.668 3.1976
254.866 -19.9107 3.19186 0.0439761 255.06 -19.668 3.1976
254.686 -20.0125 3.17159 5.44332e-11 255.06 -19.668 3.1976
254.608 -19.7974 3.20555 9.2497e-15 255.06 -19.668 3.1976
254.539 -19.7668 3.17079 1.88183e-08 255.06 -19.668 3.1976
254.789 -20.1929 3.1749 1.06567e-09 255.06 -19.668 3.1976
255.41 -19.1101 3.2084 1.33625e-14 255.06 -19.668 3.1976
254.622 -19.8235 3.18614 0.00245421 255.06 -19.668 3.1976
254.907 -19.7719 3.18996 0.162394 255.06 -19.668 3.1976
255.105 -19.4866 3.18963 0.00658365 255.06 -19.668 3.1976
254.042 -19.9143 3.15429 5.82667e-20 255.06 -19.668 3.1976
255.175 -19.6078 3.17596 6.83015e-11 255.06 -19.668 3.1976
255.014 -19.5409 3.18568 0.00569087 255.06 -19.668 3.1976
254.687 -19.7822 3.18047 0.00109778 255.06 -19.668 3.1976
254.764 -20.3632 3.2074 5.86883e-15 255.06 -19.668 3.1976
255.177 -19.5389 3.20473 2.07628e-05 255.06 -19.668 3.1976
254.874 -19.7871 3.19489 0.0241354 255.06 -19.668 3.1976
254.614 -20.1526 3.19573 3.54272e-08 255.06 -19.668 3.1976
254.982 -19.5708 3.18413 0.00378976 255.06 -19.668 3.1976
254.94 -19.5969 3.17403 7.98012e-09 255.06 -19.668 3.1976
254.426 -18.9952 3.16939 1.90866e-14 255.06 -19.668 3.1976
255.196 -19.4627 3.18705 0.000211125 255.06 -19.668 3.1976
254.796 -19.898 3.18507 0.00890629 255.06 -19.668 3.1976
254.438 -19.7916 3.18881 2.56507e-06 255.06 -19.668 3.1976
255.115 -19.7588 3.1735 1.42731e-12 255.06 -19.668 3.1976
254.608 -19.0395 3.1899 6.53353e-13 255.06 -19.668 3.1976
254.809 -19.6987 3.17544 2.12344e-06 255.06 -19.668 3.1976
254.484 -19.3335 3.18516 3.26088e-07 255.06 -19.668 3.1976
255.316 -19.6846 3.16877 1.0881e-23 255.06 -19.668 3.1976
255.231 -19.8905 3.20501 0.00535718 255.06 -19.668 3.1976
