269.108 24.1855 5.65805 0.0134481 269.32 24.118 5.6607
269.106 23.6246 5.66447 1.15583e-06 269.32 24.118 5.6607
269.226 24.6038 5.67019 5.77682e-08 269.32 24.118 5.6607
269.303 24.0771 5.65352 0.254244 269.32 24.118 5.6607
269.514 24.5456 5.65193 3.86164e-06 269.32 24.118 5.6607
268.637 23.4373 5.67626 4.00606e-20 269.32 24.118 5.6607
269.48 23.561 5.64943 3.01644e-06 269.32 24.118 5.6607
268.898 24.3913 5.67782 8.35028e-09 269.32 24.118 5.6607
268.731 24.0494 5.6867 5.69241e-13 269.32 24.118 5.6607
268.915 24.2385 5.66212 3.33253e-05 269.32 24.118 5.6607
268.902 24.3377 5.67045 1.08847e-06 269.32 24.118 5.6607
269.466 24.1611 5.65297 0.157596 269.32 24.118 5.6607
268.564 24.0184 5.64922 1.73814e-15 269.32 24.118 5.6607
269.043 24.1352 5.67909 2.21628e-06 269.32 24.118 5.6607
268.989 24.5022 5.68028 4.52767e-10 269.32 24.118 5.6607
268.713 24.1778 5.68787 1.09864e-13 269.32 24.118 5.6607
269.322 23.9235 5.68652 9.89025e-11 269.32 24.118 5.6607
268.965 23.8689 5.67055 8.8776e-06 269.32 24.118 5.6607
269.508 24.4564 5.66103 9.15244e-05 269.32 24.118 5.6607
269.464 24.386 5.67143 1.07678e-05 269.32 24.118 5.6607
269.638 23.9779 5.65678 0.00847281 269.32 24.118 5.6607
269.095 23.8551 5.67255 3.20902e-05 269.32 24.118 5.6607
268.6 23.829 5.64725 6.59032e-16 269.32 24.118 5.6607
269.192 23.8186 5.63367 3.02884e-08 269.32 24.118 5.6607
269.572 23.6425 5.66236 1.98717e-06 269.32 24.118 5.6607
269.258 24.3215 5.66653 0.00317466 269.32 24.118 5.6607
268.999 24.1938 5.65508 0.000363626 269.32 24.118 5.6607
269.756 24.524 5.67337 2.55155e-12 269.32 24.118 5.6607
268.321 23.9867 5.67382 1.43717e-20 269.32 24.118 5.6607
269.325 24.3356 5.67217 0.000116893 269.32 24.118 5.6607
269.137 23.9493 5.66047 0.0208142 269.32 24.118 5.6607
269.747 23.6961 5.64764 3.96678e-06 269.32 24.118 5.6607
269.059 23.9345 5.66458 0.00194853 269.32 24.118 5.6607
269.147 24.1492 5.66645 0.012701 269.32 24.118 5.6607
269.159 24.0516 5.66328 0.0400173 269.32 24.118 5.6607
268.652 24.674 5.66816 1.1577e-16 269.32 24.118 5.6607
269.076 24.1786 5.67 0.000938788 269.32 24.118 5.6607
269.059 24.0099 5.6596 0.00689681 269.32 24.118 5.6607
268.812 24.1847 5.6566 2.94061e-07 269.32 24.118 5.6607
269.01 24.2042 5.64231 3.37324e-07 269.32 24.118 5.6607
269.522 24.5648 5.67693 8.19982e-11 269.32 24.118 5.6607
269.295 24.701 5.67146 2.55089e-10 269.32 24.118 5.6607
269.002 24.224 5.67643 4.73574e-06 269.32 24.118 5.6607
268.916 24.3689 5.6531 2.60962e-07 269.32 24.118 5.6607
269.558 23.209 5.64931 1.21469e-15 269.32 24.118 5.6607
268.794 24.3853 5.65059 1.16638e-10 269.32 24.118 5.6607
268.98 23.7254 5.68975 7.95457e-15 269.32 24.118 5.6607
268.947 24.046 5.64611 1.49073e-06 269.32 24.118 5.6607
269.168 23.9845 5.67802 8.52015e-06 269.32 24.118 5.6607
269.123 24.475 5.66554 1.71596e-05 269.32 24.118 5.6607
269.17 24.0662 5.64112 9.14601e-05 269.32 24.118 5.6607
269.466 24.8086 5.66199 3.85877e-12 269.32 24.118 5.6607
268.9 24.5395 5.65865 2.61422e-09 269.32 24.118 5.6607
269.051 24.213 5.68641 1.2341e-09 269.32 24.118 5.6607
268.661 24.2587 5.68346 3.16373e-13 269.32 24.118 5.6607
269.084 24.3234 5.65261 0.000217409 269.32 24.118 5.6607
269.178 24.0559 5.67812 1.4383e-05 269.32 24.118 5.6607
269.713 24.0535 5.65361 0.00270751 269.32 24.118 5.6607
269.119 24.5651 5.66367 6.63979e-07 269.32 24.118 5.6607
269.267 24.6977 5.66701 2.1509e-09 269.32 24.118 5.6607
269.319 23.9744 5.67613 2.89001e-05 269.32 24.118 5.6607
269.161 24.4105 5.65712 0.000366587 269.32 24.118 5.6607
268.635 23.836 5.66257 9.08e-12 269.32 24.118 5.6607
269.137 23.6675 5.68463 2.01236e-12 269.32 24.118 5.6607
269.304 23.8199 5.66285 0.00665779 269.32 24.118 5.6607
268.801 23.8656 5.6779 7.96594e-10 269.32 24.118 5.6607
269.779 24.1092 5.66124 2.54128e-05 269.32 24.118 5.6607
268.594 23.8925 5.65788 6.22926e-13 269.32 24.118 5.6607
269.249 24.1734 5.66891 0.00872977 269.32 24.118 5.6607
269.07 23.6749 5.67483 2.12488e-08 269.32 24.118 5.6607
269.347 24.0559 5.66662 0.029944 269.32 24.118 5.6607
268.724 24.2805 5.66962 3.08097e-09 269.32 24.118 5.6607
269.236 24.089 5.66449 0.0662858 269.32 24.118 5.6607
269.372 24.1775 5.66067 0.139286 269.32 24.118 5.6607
269.562 24.0702 5.66946 0.000203629 269.32 24.118 5.6607
268.905 24.3137 5.6681 3.70195e-06 269.32 24.118 5.6607
269.485 24.6256 5.66617 2.26789e-08 269.32 24.118 5.6607
269.496 24.746 5.6589 2.06491e-10 269.32 24.118 5.6607
269.743 23.429 5.65436 1.66298e-11 269.32 24.118 5.6607
269.098 24.3086 5.64998 0.000151832 269.32 24.118 5.6607
269.184 24.1973 5.67144 0.00142225 269.32 24.118 5.6607
269.009 23.5671 5.66253 1.6733e-08 269.32 24.118 5.6607
269.224 24.2282 5.67137 0.00130474 269.32 24.118 5.6607
269.235 24.2537 5.6547 0.0310485 269.32 24.118 5.6607
269.345 23.9008 5.66595 0.00910506 269.32 24.118 5.6607
269.47 23.8374 5.67332 3.74867e-06 269.32 24.118 5.6607
268.92 24.3759 5.66218 2.49329e-06 269.32 24.118 5.6607
269.02 24.1284 5.65395 0.000905302 269.32 24.118 5.6607
269.486 23.8932 5.65497 0.058109 269.32 24.118 5.6607
269.307 24.7022 5.68553 1.13981e-15 269.32 24.118 5.6607
269.028 24.0616 5.66628 0.00173029 269.32 24.118 5.6607
269.432 23.9325 5.65116 0.120418 269.32 24.118 5.6607
268.708 23.7996 5.64656 3.42797e-13 269.32 24.118 5.6607
268.846 24.315 5.67025 2.6227e-07 269.32 24.118 5.6607
269.779 23.6859 5.64384 7.02102e-07 269.32 24.118 5.6607
268.982 23.9718 5.65482 0.000272777 269.32 24.118 5.6607
269.548 23.8195 5.67883 1.09945e-09 269.32 24.118 5.6607
269.458 24.7596 5.65227 8.11888e-11 269.32 24.118 5.6607
268.827 23.8984 5.67817 3.18717e-09 269.32 24.118 5.6607
268.882 24.3207 5.66125 2.08891e-06 269.32 24.118 5.6607
