263.196 27.5614 5.90573 2.4754e-07 263.5 27.524 5.9085
263.522 27.518 5.90103 0.000766469 263.5 27.524 5.9085
263.42 27.8346 5.89155 1.44072e-11 263.5 27.524 5.9085
263.701 27.3602 5.91205 0.242268 263.5 27.524 5.9085
263.253 27.1794 5.90511 1.39651e-07 263.5 27.524 5.9085
263.499 28.0517 5.90843 1.77223e-09 263.5 27.524 5.9085
263.457 28.0225 5.92257 6.96761e-10 263.5 27.524 5.9085
263.729 28.1603 5.9065 1.41926e-11 263.5 27.524 5.9085
263.407 27.6215 5.93121 2.57521e-05 263.5 27.524 5.9085
263.094 27.508 5.90828 1.62212e-08 263.5 27.524 5.9085
263.115 27.4325 5.90027 2.85608e-11 263.5 27.524 5.9085
262.941 27.5504 5.92299 1.7845e-09 263.5 27.524 5.9085
263.372 27.8376 5.91129 3.70678e-06 263.5 27.524 5.9085
263.572 27.9131 5.9064 2.62279e-06 263.5 27.524 5.9085
262.954 28.3144 5.91126 3.30916e-26 263.5 27.524 5.9085
263.986 27.719 5.91053 7.98067e-05 263.5 27.524 5.9085
264.181 27.5542 5.90771 3.2933e-06 263.5 27.524 5.9085
263.655 27.4916 5.90396 0.0342054 263.5 27.524 5.9085
264.053 27.8691 5.92285 1.82652e-11 263.5 27.524 5.9085
263.9 28.1828 5.89594 1.40738e-13 263.5 27.524 5.9085
263.954 27.0821 5.91005 3.7581e-05 263.5 27.524 5.9085
263.673 27.8872 5.90172 4.04314e-06 263.5 27.524 5.9085
263.689 27.7682 5.89682 1.31156e-05 263.5 27.524 5.9085
262.89 27.2617 5.91173 3.70243e-13 263.5 27.524 5.9085
263.663 27.773 5.90422 0.000442034 263.5 27.524 5.9085
263.236 27.9682 5.90636 2.14457e-11 263.5 27.524 5.9085
263.442 27.592 5.9027 0.000181904 263.5 27.524 5.9085
263.764 27.2864 5.92715 0.000297138 263.5 27.524 5.9085
263.475 27.5611 5.90964 0.0175781 263.5 27.524 5.9085
263.221 27.7293 5.89404 3.60162e-13 263.5 27.524 5.9085
263.621 27.8965 5.89501 2.14439e-08 263.5 27.524 5.9085
263.984 27.3308 5.91123 0.00211045 263.5 27.524 5.9085
263.679 27.9518 5.90883 1.46381e-06 263.5 27.524 5.9085
263.798 27.6562 5.89587 0.000144097 263.5 27.524 5.9085
263.976 27.0858 5.89068 2.89926e-09 263.5 27.524 5.9085
263.384 27.5084 5.9404 4.0847e-08 263.5 27.524 5.9085
263.413 27.6417 5.90156 1.68822e-05 263.5 27.524 5.9085
262.948 28.0315 5.92542 5.53072e-17 263.5 27.524 5.9085
263.428 27.9907 5.90784 8.36181e-09 263.5 27.524 5.9085
263.614 27.21 5.89529 1.7638e-06 263.5 27.524 5.9085
263.338 27.5716 5.92195 0.00241555 263.5 27.524 5.9085
263.106 27.5855 5.90881 2.00657e-08 263.5 27.524 5.9085
263.535 27.6989 5.9106 0.00477687 263.5 27.524 5.9085
263.461 27.4187 5.9182 0.101924 263.5 27.524 5.9085
263.613 28.0354 5.91214 1.72283e-08 263.5 27.524 5.9085
264.104 27.2995 5.88891 3.60355e-08 263.5 27.524 5.9085
263.324 27.7792 5.91223 9.06871e-06 263.5 27.524 5.9085
263.384 27.7144 5.90348 6.30698e-06 263.5 27.524 5.9085
263.325 27.9149 5.91839 7.31618e-08 263.5 27.524 5.9085
263.693 27.4346 5.90397 0.0453683 263.5 27.524 5.9085
263.44 27.0574 5.89656 6.59099e-10 263.5 27.524 5.9085
263.217 27.8019 5.90874 2.52961e-08 263.5 27.524 5.9085
263.701 27.6671 5.90444 0.00716931 263.5 27.524 5.9085
263.362 27.2857 5.91837 0.0118174 263.5 27.524 5.9085
263.841 27.8691 5.90414 1.46526e-05 263.5 27.524 5.9085
263.758 27.5065 5.91926 0.0262201 263.5 27.524 5.9085
263.472 27.2446 5.91028 0.00939747 263.5 27.524 5.9085
263.423 27.3211 5.89017 1.01975e-10 263.5 27.524 5.9085
263.238 27.8033 5.89255 2.18114e-14 263.5 27.524 5.9085
263.286 28.2672 5.91071 1.07322e-17 263.5 27.524 5.9085
263.77 27.4775 5.91764 0.0513223 263.5 27.524 5.9085
262.95 27.6679 5.92595 2.64679e-10 263.5 27.524 5.9085
264.198 27.6553 5.90204 7.99779e-07 263.5 27.524 5.9085
263.177 27.8129 5.88089 1.5125e-24 263.5 27.524 5.9085
263.395 27.8187 5.92112 9.29636e-06 263.5 27.524 5.9085
263.831 27.7683 5.90287 0.000320024 263.5 27.524 5.9085
263.664 27.3947 5.91687 0.232915 263.5 27.524 5.9085
263.324 27.7874 5.90423 1.87706e-07 263.5 27.524 5.9085
263.273 27.5869 5.91198 0.000141189 263.5 27.524 5.9085
263.464 27.073 5.90029 1.2278e-07 263.5 27.524 5.9085
263.785 27.3334 5.9077 0.0725693 263.5 27.524 5.9085
263.868 27.7711 5.90959 0.000308213 263.5 27.524 5.9085
263.256 27.3857 5.89461 4.46598e-11 263.5 27.524 5.9085
263.721 27.6295 5.88697 2.02761e-08 263.5 27.524 5.9085
263.917 27.7626 5.90148 0.000108722 263.5 27.524 5.9085
263.515 27.6444 5.90959 0.00954205 263.5 27.524 5.9085
263.229 28.386 5.90264 3.10842e-24 263.5 27.524 5.9085
263.407 27.723 5.90248 5.49257e-06 263.5 27.524 5.9085
263.325 27.8366 5.88067 8.01526e-21 263.5 27.524 5.9085
263.636 27.6627 5.90536 0.00745091 263.5 27.524 5.9085
263.193 27.9915 5.91135 1.11495e-11 263.5 27.524 5.9085
263.474 27.3416 5.91659 0.103972 263.5 27.524 5.9085
263.837 27.2381 5.89058 3.52003e-07 263.5 27.524 5.9085
263.781 27.5934 5.89835 0.00155011 263.5 27.524 5.9085
263.567 28.1618 5.9165 2.73859e-12 263.5 27.524 5.9085
262.691 27.2778 5.90947 8.40044e-21 263.5 27.524 5.9085
263.027 27.6912 5.90216 1.02817e-13 263.5 27.524 5.9085
263.259 27.6712 5.92751 9.74095e-06 263.5 27.524 5.9085
263.395 27.6239 5.89978 2.84916e-06 263.5 27.524 5.9085
263.03 27.8913 5.89863 7.09545e-18 263.5 27.524 5.9085
263.483 27.1171 5.90364 1.43666e-05 263.5 27.524 5.9085
263.145 27.4771 5.90065 2.47755e-10 263.5 27.524 5.9085
263.756 27.7451 5.89404 5.49748e-06 263.5 27.524 5.9085
263.064 27.5129 5.8946 6.37977e-16 263.5 27.524 5.9085
263.775 27.5528 5.90147 0.0115867 263.5 27.524 5.9085
263.192 27.907 5.90329 5.08879e-12 263.5 27.524 5.9085
263.791 27.958 5.89006 2.88339e-10 263.5 27.524 5.9085
263.572 27.8791 5.92344 7.98989e-07 263.5 27.524 5.9085
264.21 27.9675 5.89769 2.7724e-11 263.5 27.524 5.9085
263.949 27.5523 5.89844 0.000861093 263.5 27.524 5.9085
