249.252 29.1772 0.0643747 0.0345039 249.43 29.14 0.06015
249.474 29.1669 0.0632577 0.0648903 249.43 29.14 0.06015
249.447 29.021 0.056397 0.101267 249.43 29.14 0.06015
250.041 29.2501 0.0329218 1.30335e-15 249.43 29.14 0.06015
249.537 29.2817 0.060454 0.0355057 249.43 29.14 0.06015
249.772 29.3274 0.0651564 3.07947e-07 249.43 29.14 0.06015
249.972 29.7305 0.0611553 9.09397e-17 249.43 29.14 0.06015
249.391 29.3434 0.0540847 0.0449979 249.43 29.14 0.06015
249.496 29.0477 0.0727081 7.18973e-06 249.43 29.14 0.06015
249.979 29.0218 0.0725782 1.45752e-15 249.43 29.14 0.06015
249.552 29.0582 0.0474449 0.000334631 249.43 29.14 0.06015
249.067 29.2486 0.067766 6.26434e-05 249.43 29.14 0.06015
248.842 29.516 0.052211 8.98587e-13 249.43 29.14 0.06015
249.63 29.3497 0.066455 5.44746e-06 249.43 29.14 0.06015
249.71 28.9723 0.069262 7.82507e-07 249.43 29.14 0.06015
249.531 28.9097 0.0627154 0.00817681 249.43 29.14 0.06015
249.481 29.3835 0.0606713 0.00727845 249.43 29.14 0.06015
249.129 29.4204 0.0647009 1.95619e-05 249.43 29.14 0.06015
249.425 28.7685 0.0604444 0.000493152 249.43 29.14 0.06015
249.852 28.3644 0.0506218 2.74369e-21 249.43 29.14 0.06015
249.57 29.859 0.0530388 4.68269e-11 249.43 29.14 0.06015
249.295 29.2981 0.0653055 0.00399681 249.43 29.14 0.06015
249.579 29.1399 0.0561891 0.113787 249.43 29.14 0.06015
249.69 29.0992 0.0665407 4.23172e-05 249.43 29.14 0.06015
249.604 29.8937 0.0682972 1.82077e-20 249.43 29.14 0.06015
249.347 29.2799 0.0659197 0.00410833 249.43 29.14 0.06015
249.421 28.7482 0.0660297 0.000174907 249.43 29.14 0.06015
250.139 29.1262 0.058778 1.576e-12 249.43 29.14 0.06015
249.29 28.8786 0.0660466 0.00580402 249.43 29.14 0.06015
248.827 29.2082 0.0746479 9.4325e-11 249.43 29.14 0.06015
249.915 29.5277 0.0658538 6.83216e-14 249.43 29.14 0.06015
249.643 29.2928 0.0462016 0.000641517 249.43 29.14 0.06015
249.366 28.922 0.0587919 0.0270983 249.43 29.14 0.06015
249.395 28.9596 0.0846843 1.27646e-14 249.43 29.14 0.06015
249.117 29.6466 0.0596911 1.11785e-08 249.43 29.14 0.06015
249.35 29.2458 0.0600814 0.149779 249.43 29.14 0.06015
248.546 29.5239 0.0584398 9.32169e-21 249.43 29.14 0.06015
249.18 28.8278 0.072678 2.12665e-05 249.43 29.14 0.06015
249.781 29.5626 0.0413654 5.49758e-08 249.43 29.14 0.06015
249.143 29.2959 0.0590391 0.00294374 249.43 29.14 0.06015
249.56 29.4177 0.0664029 4.07002e-06 249.43 29.14 0.06015
249.812 28.7129 0.0575888 1.10499e-08 249.43 29.14 0.06015
249.872 28.9028 0.0613306 2.21871e-07 249.43 29.14 0.06015
249.819 29.1424 0.0720361 3.22075e-11 249.43 29.14 0.06015
249.156 29.3746 0.0591497 0.000903587 249.43 29.14 0.06015
249.44 28.9497 0.0526126 0.00280706 249.43 29.14 0.06015
250.165 28.7249 0.0610258 1.10075e-17 249.43 29.14 0.06015
250.097 29.6539 0.0750295 5.29971e-32 249.43 29.14 0.06015
249.062 28.5849 0.0551121 1.61712e-12 249.43 29.14 0.06015
249.834 29.1654 0.0747804 4.12233e-14 249.43 29.14 0.06015
248.818 29.6775 0.0605438 4.11257e-15 249.43 29.14 0.06015
249.625 29.5746 0.0581284 6.32266e-06 249.43 29.14 0.06015
249.841 29.0724 0.0476408 5.17312e-06 249.43 29.14 0.06015
249.293 29.2629 0.0682315 0.000687087 249.43 29.14 0.06015
249.629 29.1749 0.0551209 0.0515836 249.43 29.14 0.06015
249.449 28.9728 0.0597525 0.08463 249.43 29.14 0.06015
249.295 29.2031 0.0514652 0.00726514 249.43 29.14 0.06015
249.347 29.0233 0.0711316 0.000506423 249.43 29.14 0.06015
249.105 29.1826 0.0563121 0.00106589 249.43 29.14 0.06015
249.481 29.4316 0.0586988 0.0050376 249.43 29.14 0.06015
249.605 28.9478 0.0591453 0.00861261 249.43 29.14 0.06015
249.936 28.9495 0.0451393 8.43747e-10 249.43 29.14 0.06015
249.075 29.2507 0.0656196 0.000257719 249.43 29.14 0.06015
249.758 29.0396 0.0746764 1.74344e-11 249.43 29.14 0.06015
249.099 29.4732 0.0667614 2.85271e-07 249.43 29.14 0.06015
248.951 28.9987 0.04589 1.53818e-13 249.43 29.14 0.06015
249.667 29.1562 0.039838 5.63221e-08 249.43 29.14 0.06015
249.684 28.9038 0.062719 0.000203699 249.43 29.14 0.06015
249.075 29.0428 0.058352 0.000544745 249.43 29.14 0.06015
249.856 29.4017 0.056626 3.57241e-06 249.43 29.14 0.06015
249.236 28.8714 0.0570306 0.00065958 249.43 29.14 0.06015
249.853 29.3055 0.0437801 1.63057e-06 249.43 29.14 0.06015
249.46 29.3556 0.0506566 0.0146645 249.43 29.14 0.06015
249.811 29.2083 0.0541217 0.000444725 249.43 29.14 0.06015
248.995 29.1654 0.0612374 0.000101317 249.43 29.14 0.06015
249.043 28.743 0.0743627 1.31879e-07 249.43 29.14 0.06015
249.407 29.3013 0.0670089 0.000697503 249.43 29.14 0.06015
249.42 29.2596 0.0595104 0.165184 249.43 29.14 0.06015
249.525 29.5552 0.0561621 0.000149768 249.43 29.14 0.06015
249.751 29.3241 0.0616704 3.15192e-05 249.43 29.14 0.06015
249.694 29.321 0.0465381 0.000423783 249.43 29.14 0.06015
248.745 29.0241 0.0711183 3.06434e-10 249.43 29.14 0.06015
249.93 29.0132 0.0474123 5.22553e-08 249.43 29.14 0.06015
249.338 29.021 0.0510644 0.00136354 249.43 29.14 0.06015
249.979 29.0712 0.0593977 2.50542e-08 249.43 29.14 0.06015
249.002 29.5168 0.0443078 1.30454e-12 249.43 29.14 0.06015
249.275 29.2175 0.0475252 9.68652e-05 249.43 29.14 0.06015
249.672 29.075 0.0501158 0.00161329 249.43 29.14 0.06015
249.851 29.6876 0.0447382 1.91528e-09 249.43 29.14 0.06015
249.529 29.2955 0.0614243 0.0189547 249.43 29.14 0.06015
249.382 28.8851 0.0504966 3.12776e-05 249.43 29.14 0.06015
250.623 28.4526 0.0707307 2.99835e-49 249.43 29.14 0.06015
249.562 28.6545 0.0683283 2.10175e-07 249.43 29.14 0.06015
249.399 29.2959 0.0628537 0.0242918 249.43 29.14 0.06015
249.885 29.0697 0.0526304 1.00211e-05 249.43 29.14 0.06015
249.407 29.5398 0.0500825 0.000155888 249.43 29.14 0.06015
249.907 29.239 0.0409615 1.40511e-08 249.43 29.14 0.06015
249.341 29.4934 0.0546984 0.00105818 249.43 29.14 0.06015
249.354 29.5382 0.043529 3.36096e-07 249.43 29.14 0.06015
249.373 29.8449 0.0450279 1.31918e-11 249.43 29.14 0.06015
