121.038 -21.7053 3.40092 0.000281123
120.71 -21.6992 3.37566 0.00598264
121.034 -21.5339 3.36273 1.1581e-10
121.17 -22.7713 3.39324 4.29717e-20
121.296 -21.6413 3.38725 0.0202072
120.519 -21.4306 3.40272 2.33597e-11
121.572 -21.8241 3.40238 9.70361e-06
120.474 -21.8442 3.38886 4.20881e-06
120.889 -22.0755 3.39824 2.40269e-07
121.089 -21.7326 3.40429 1.27809e-05
120.858 -21.5915 3.40029 4.92101e-05
121.696 -21.8289 3.3732 1.02312e-15
121.207 -22.2639 3.3834 9.16808e-09
121.384 -21.5426 3.39085 0.0137462
121.167 -21.884 3.39212 0.00492674
121.065 -22.1555 3.38894 6.51631e-06
120.915 -21.8703 3.40233 8.12029e-07
121.204 -21.9225 3.37596 1.53534e-06
121.119 -22.3164 3.36588 5.08105e-17
120.586 -22.0142 3.38505 1.16535e-05
121.689 -22.128 3.37237 2.01708e-19
121.496 -21.5663 3.37367 4.17265e-10
121.431 -21.7269 3.39797 0.00139209
121.164 -22.0334 3.38364 5.18031e-05
120.567 -22.0098 3.40173 2.2255e-12
121.041 -21.569 3.39327 0.101322
121.525 -21.7804 3.38534 8.18042e-06
121.521 -22.1218 3.38097 8.1714e-11
121.217 -22.1873 3.37678 1.12804e-09
121.06 -21.8826 3.388 0.0104571
120.897 -21.8213 3.39514 0.00106992
121.116 -21.566 3.38192 0.0445396
121.027 -21.3947 3.39838 0.00271834
121.206 -21.7322 3.40375 6.95339e-05
121.279 -21.5752 3.39922 0.00679849
120.965 -22.2698 3.41255 4.22432e-18
120.884 -22.1379 3.39733 6.77481e-08
121.622 -21.3223 3.40447 4.10297e-06
120.527 -22.3803 3.38052 1.02243e-11
120.694 -21.6578 3.37642 0.0111858
120.963 -21.6671 3.38718 0.198258
120.735 -21.2473 3.38251 0.00978795
121.093 -22.029 3.38669 0.000269017
121.709 -21.7643 3.40221 1.66783e-06
121.557 -21.8007 3.38615 3.79852e-06
121.622 -21.4084 3.38392 3.16572e-07
121.424 -22.2628 3.39258 3.38687e-09
121.347 -21.1258 3.38924 0.000189539
121.502 -21.6828 3.38152 2.29294e-06
121.384 -22.3379 3.38352 1.08434e-11
121.316 -21.3871 3.38111 0.00039823
121.734 -21.7562 3.37715 2.40586e-13
120.979 -21.733 3.38848 0.0999204
120.701 -21.9486 3.38569 0.000379688
121.689 -21.9979 3.38289 2.86978e-11
121.399 -21.8633 3.39013 0.000461869
121.071 -21.4508 3.37785 0.00599836
121.187 -21.9313 3.37512 7.92742e-07
120.402 -21.4139 3.38479 4.95579e-05
120.748 -21.5777 3.3773 0.0297704
120.691 -21.9672 3.40064 2.417e-09
122.12 -22.4494 3.39619 4.59333e-23
121.882 -21.3474 3.38708 3.83301e-11
120.915 -22.4009 3.37929 5.11623e-11
121.044 -21.7322 3.39858 0.00166064
121.123 -21.5845 3.38793 0.212669
120.626 -21.7992 3.40018 1.30273e-08
121.443 -21.8527 3.39177 0.000321479
120.798 -22.3094 3.39259 7.02738e-10
121.583 -21.2771 3.40341 7.36942e-06
121.391 -21.9365 3.38427 1.06316e-05
120.821 -22.355 3.38661 1.16897e-09
121.187 -21.9586 3.40109 1.32771e-05
121.514 -22.0121 3.39865 1.77388e-06
120.86 -21.6675 3.39071 0.0446623
120.935 -22.225 3.38604 5.42862e-07
121.308 -22.5682 3.40755 1.00835e-18
121.532 -22.4046 3.39658 8.00673e-13
121.197 -21.2747 3.37959 0.000492627
120.913 -21.2537 3.39616 0.000676872
121.03 -21.9625 3.39018 0.00156712
121.236 -21.9001 3.39268 0.0022013
121.537 -22.1366 3.38195 7.30983e-11
121.272 -20.8876 3.38915 5.43796e-07
121.27 -21.1341 3.40593 3.55765e-07
120.669 -22.1134 3.38323 3.64249e-06
120.843 -22.2902 3.37358 2.88529e-10
121.243 -21.6407 3.37869 0.000404901
121.773 -22.3091 3.40226 9.00783e-14
121.255 -22.5968 3.38584 7.87628e-16
120.691 -22.1858 3.39383 4.32159e-09
120.802 -21.5918 3.3932 0.00772914
121.128 -21.6962 3.37199 3.94367e-06
121.107 -22.0579 3.38146 1.88475e-05
121.642 -22.0395 3.3791 9.1346e-13
121.264 -21.5147 3.38739 0.0470237
120.453 -22.3833 3.40278 3.4629e-21
121.329 -22.0082 3.39281 6.9677e-05
121.219 -21.5789 3.38951 0.110109
120.612 -21.5399 3.36512 2.54866e-06
