167.38 22.7029 0.0965382 4.08254e-10 167.17 23.173 0.079761
166.95 23.3772 0.0775752 8.29647e-05 167.17 23.173 0.079761
167.333 23.4694 0.087108 0.000104829 167.17 23.173 0.079761
167.296 22.4445 0.078267 4.97664e-11 167.17 23.173 0.079761
167.09 22.9042 0.079131 0.00586639 167.17 23.173 0.079761
167.018 23.0537 0.0653513 2.19323e-10 167.17 23.173 0.079761
167.08 22.6942 0.0839322 6.84189e-05 167.17 23.173 0.079761
167.01 23.5842 0.0921785 1.93827e-06 167.17 23.173 0.079761
167.366 23.4717 0.0843595 0.000113954 167.17 23.173 0.079761
166.863 23.1015 0.077749 0.000183467 167.17 23.173 0.079761
166.765 23.3549 0.0672756 4.86848e-14 167.17 23.173 0.079761
166.812 22.6996 0.0630514 3.01838e-19 167.17 23.173 0.079761
167.476 23.217 0.0633729 2.61401e-10 167.17 23.173 0.079761
167.014 23.0088 0.0744708 0.000178624 167.17 23.173 0.079761
167.056 22.6002 0.0647468 1.88567e-15 167.17 23.173 0.079761
167.276 23.2365 0.0888875 0.0150211 167.17 23.173 0.079761
167.375 23.3734 0.0792353 0.000966742 167.17 23.173 0.079761
167.742 23.3638 0.0788963 7.39209e-09 167.17 23.173 0.079761
166.784 23.7708 0.0854517 1.26897e-11 167.17 23.173 0.079761
167.217 23.0535 0.0868849 0.108242 167.17 23.173 0.079761
167.363 23.0255 0.0725868 0.00021321 167.17 23.173 0.079761
166.796 23.2442 0.0786559 2.33831e-05 167.17 23.173 0.079761
166.989 22.7966 0.0959927 8.61976e-06 167.17 23.173 0.079761
166.976 22.6777 0.0812031 5.08527e-06 167.17 23.173 0.079761
167.492 23.2011 0.0710962 8.7341e-06 167.17 23.173 0.079761
167.031 22.3699 0.0779986 1.54055e-13 167.17 23.173 0.079761
168.007 22.9925 0.0798782 3.90649e-15 167.17 23.173 0.079761
166.894 23.2613 0.072224 2.86488e-07 167.17 23.173 0.079761
166.669 22.7715 0.0647864 8.1816e-20 167.17 23.173 0.079761
166.987 23.3207 0.0821775 0.00984905 167.17 23.173 0.079761
167.101 23.225 0.0863478 0.154971 167.17 23.173 0.079761
167.331 23.1097 0.0804127 0.0440485 167.17 23.173 0.079761
167.007 22.0689 0.100481 1.22593e-27 167.17 23.173 0.079761
166.469 23.299 0.0657309 3.41316e-23 167.17 23.173 0.079761
167.099 23.1322 0.0919768 0.0254319 167.17 23.173 0.079761
167.01 22.6701 0.0636643 1.0707e-15 167.17 23.173 0.079761
167.092 22.8115 0.0861265 0.00334575 167.17 23.173 0.079761
167.3 22.8341 0.0763194 0.000279571 167.17 23.173 0.079761
167.193 23.312 0.0893473 0.0130197 167.17 23.173 0.079761
166.774 22.504 0.0948647 7.04503e-12 167.17 23.173 0.079761
166.385 23.2965 0.077432 5.2166e-16 167.17 23.173 0.079761
166.998 22.9893 0.0862801 0.0620307 167.17 23.173 0.079761
166.629 23.0276 0.0628448 6.79521e-21 167.17 23.173 0.079761
167.173 23.9402 0.0745082 2.20555e-16 167.17 23.173 0.079761
167.203 23.4925 0.0773757 5.56484e-05 167.17 23.173 0.079761
167.276 23.0741 0.0819197 0.101082 167.17 23.173 0.079761
167.013 23.2654 0.0694209 1.19514e-07 167.17 23.173 0.079761
167.161 23.1628 0.0771585 0.019448 167.17 23.173 0.079761
166.814 23.279 0.0936381 0.000344927 167.17 23.173 0.079761
167.418 23.4044 0.086959 8.96472e-05 167.17 23.173 0.079761
166.961 23.2363 0.0761534 0.000302748 167.17 23.173 0.079761
167.394 23.007 0.0779232 0.0044586 167.17 23.173 0.079761
167.155 23.2472 0.0839946 0.134693 167.17 23.173 0.079761
167.28 23.2191 0.0850217 0.0660675 167.17 23.173 0.079761
167.08 22.794 0.0870945 0.0017055 167.17 23.173 0.079761
166.613 23.1275 0.0710651 2.6157e-13 167.17 23.173 0.079761
166.907 23.2676 0.0781907 0.000359065 167.17 23.173 0.079761
166.688 22.9718 0.0744815 1.43762e-09 167.17 23.173 0.079761
166.769 22.9366 0.0813788 3.34702e-05 167.17 23.173 0.079761
167.402 22.9274 0.0777045 0.00120439 167.17 23.173 0.079761
167.033 23.1182 0.0653437 3.83769e-10 167.17 23.173 0.079761
167.029 22.8207 0.074376 7.36746e-06 167.17 23.173 0.079761
167.062 23.4392 0.085036 0.00264616 167.17 23.173 0.079761
166.742 22.6013 0.083524 1.1684e-09 167.17 23.173 0.079761
167.366 23.9237 0.0751791 7.43704e-16 167.17 23.173 0.079761
166.248 22.9396 0.0917533 1.80114e-15 167.17 23.173 0.079761
167.589 22.8247 0.0817885 1.21176e-06 167.17 23.173 0.079761
166.673 22.6307 0.0798784 2.23525e-11 167.17 23.173 0.079761
167.195 23.0551 0.0854276 0.17738 167.17 23.173 0.079761
167.088 23.7294 0.0872894 1.67404e-08 167.17 23.173 0.079761
166.834 23.0522 0.0791969 0.000218659 167.17 23.173 0.079761
166.922 22.8361 0.0675288 2.57543e-11 167.17 23.173 0.079761
166.662 23.1062 0.0860174 2.52132e-05 167.17 23.173 0.079761
167.195 22.8399 0.0862995 0.00532759 167.17 23.173 0.079761
167.116 22.6132 0.0758673 6.63129e-08 167.17 23.173 0.079761
167.032 23.083 0.0759825 0.00187903 167.17 23.173 0.079761
167.343 22.6214 0.0731311 1.10797e-08 167.17 23.173 0.079761
166.816 22.8364 0.0798667 7.01873e-06 167.17 23.173 0.079761
166.793 23.3208 0.0673433 4.20072e-13 167.17 23.173 0.079761
166.904 22.835 0.0848584 0.000735818 167.17 23.173 0.079761
166.53 23.0624 0.0803415 8.26983e-10 167.17 23.173 0.079761
167.262 22.752 0.0798715 0.000187372 167.17 23.173 0.079761
167.065 23.3854 0.0972959 1.17131e-05 167.17 23.173 0.079761
166.743 23.0934 0.0852807 0.000398272 167.17 23.173 0.079761
167.169 23.3242 0.0985021 2.73501e-06 167.17 23.173 0.079761
166.968 22.8363 0.0995899 4.29324e-07 167.17 23.173 0.079761
167.243 23.2426 0.0903756 0.00982069 167.17 23.173 0.079761
166.713 22.4125 0.0649863 1.04797e-25 167.17 23.173 0.079761
166.576 23.4495 0.0792314 3.16633e-11 167.17 23.173 0.079761
166.71 22.6681 0.0923428 1.22996e-08 167.17 23.173 0.079761
166.724 23.3546 0.0794148 5.09303e-07 167.17 23.173 0.079761
166.934 23.8595 0.0990051 1.55953e-15 167.17 23.173 0.079761
167.633 22.694 0.0874858 1.9063e-10 167.17 23.173 0.079761
167.437 23.675 0.0818618 8.3091e-09 167.17 23.173 0.079761
167.326 23.0448 0.100518 1.06377e-08 167.17 23.173 0.079761
167.146 22.9352 0.0884418 0.0274251 167.17 23.173 0.079761
167.276 22.8961 0.101442 1.25715e-09 167.17 23.173 0.079761
167.484 23.474 0.0626465 3.09194e-13 167.17 23.173 0.079761
167.275 23.0586 0.0633578 4.79128e-10 167.17 23.173 0.079761
167.296 22.6793 0.0816167 1.47764e-05 167.17 23.173 0.079761
