263.878 28.13 6.07804 1.43231e-07 263.72 27.635 6.0579
262.804 28.0236 6.05425 9.80312e-23 263.72 27.635 6.0579
263.277 27.7436 6.06051 2.24671e-05 263.72 27.635 6.0579
264.147 27.6101 6.05865 0.000158773 263.72 27.635 6.0579
263.44 27.4553 6.05576 2.69382e-06 263.72 27.635 6.0579
263.474 27.5331 6.05737 0.000187812 263.72 27.635 6.0579
263.757 28.0357 6.06774 0.0121476 263.72 27.635 6.0579
263.567 27.9021 6.06044 0.0504017 263.72 27.635 6.0579
263.108 27.9462 6.06837 1.00905e-07 263.72 27.635 6.0579
263.796 27.9414 6.06522 0.109048 263.72 27.635 6.0579
264.2 28.2464 6.06267 1.06711e-09 263.72 27.635 6.0579
263.492 27.4209 6.06802 0.00148621 263.72 27.635 6.0579
263.823 27.4252 6.08864 2.30499e-09 263.72 27.635 6.0579
263.44 27.478 6.07047 0.00359903 263.72 27.635 6.0579
264.103 28.5377 6.07419 4.02218e-19 263.72 27.635 6.0579
263.78 27.1861 6.06264 1.9838e-07 263.72 27.635 6.0579
263.438 27.3338 6.08649 5.15305e-07 263.72 27.635 6.0579
263.496 28.0533 6.06514 0.00235538 263.72 27.635 6.0579
263.03 27.6181 6.07684 6.64733e-08 263.72 27.635 6.0579
263.727 27.2934 6.09119 5.50239e-11 263.72 27.635 6.0579
262.925 27.6785 6.0567 3.69992e-16 263.72 27.635 6.0579
264.016 26.8876 6.03724 1.50632e-25 263.72 27.635 6.0579
262.678 27.4344 6.04982 8.21727e-33 263.72 27.635 6.0579
263.038 27.3237 6.07829 2.03988e-10 263.72 27.635 6.0579
263.584 27.5786 6.08363 0.000434089 263.72 27.635 6.0579
263.319 27.9209 6.04813 9.57921e-10 263.72 27.635 6.0579
263.502 27.6092 6.06188 0.0175075 263.72 27.635 6.0579
263.63 27.8541 6.0587 0.105308 263.72 27.635 6.0579
263.798 27.494 6.06784 0.019418 263.72 27.635 6.0579
263.457 27.1142 6.05025 3.20684e-15 263.72 27.635 6.0579
263.225 27.326 6.07062 1.06419e-07 263.72 27.635 6.0579
263.794 27.5026 6.07484 0.00268491 263.72 27.635 6.0579
263.431 27.8509 6.06586 0.0237915 263.72 27.635 6.0579
263.603 27.4527 6.06197 0.00348245 263.72 27.635 6.0579
263.597 27.8358 6.08134 0.00161505 263.72 27.635 6.0579
263.527 27.7522 6.05148 0.000159734 263.72 27.635 6.0579
263.521 27.5513 6.05427 9.9876e-05 263.72 27.635 6.0579
264.005 27.7027 6.06024 0.021737 263.72 27.635 6.0579
263.639 27.5192 6.07067 0.0530205 263.72 27.635 6.0579
264.141 27.1397 6.08443 8.43494e-18 263.72 27.635 6.0579
264.166 27.5278 6.07471 1.47003e-08 263.72 27.635 6.0579
263.296 27.62 6.05006 1.01136e-09 263.72 27.635 6.0579
263.295 27.0527 6.08217 3.37068e-12 263.72 27.635 6.0579
263.325 27.8767 6.07343 0.00194095 263.72 27.635 6.0579
263.15 27.8704 6.06289 1.70554e-07 263.72 27.635 6.0579
263.411 27.9078 6.08009 0.00072496 263.72 27.635 6.0579
263.558 26.7176 6.05811 5.03294e-24 263.72 27.635 6.0579
263.999 28.1555 6.06613 7.93678e-06 263.72 27.635 6.0579
263.753 28.2014 6.05665 7.54571e-05 263.72 27.635 6.0579
263.636 27.4904 6.08183 0.000298288 263.72 27.635 6.0579
263.302 27.9616 6.06411 6.95287e-05 263.72 27.635 6.0579
263.05 28.5461 6.06724 9.23864e-21 263.72 27.635 6.0579
263.783 27.2685 6.06974 1.23251e-05 263.72 27.635 6.0579
263.689 27.9108 6.08069 0.000336116 263.72 27.635 6.0579
264.171 27.5715 6.05991 3.33713e-05 263.72 27.635 6.0579
263.965 27.6649 6.05609 0.0208326 263.72 27.635 6.0579
263.834 28.1211 6.06729 0.00049863 263.72 27.635 6.0579
263.244 28.2975 6.06525 1.65806e-10 263.72 27.635 6.0579
263.366 27.2183 6.05577 1.46231e-11 263.72 27.635 6.0579
263.205 27.8738 6.08187 9.20674e-06 263.72 27.635 6.0579
263.348 27.5498 6.06719 0.000938979 263.72 27.635 6.0579
263.535 27.2329 6.07113 3.41076e-06 263.72 27.635 6.0579
263.809 27.7933 6.06968 0.154148 263.72 27.635 6.0579
263.896 27.2385 6.08978 1.4716e-13 263.72 27.635 6.0579
263.411 27.1787 6.08692 1.04909e-09 263.72 27.635 6.0579
263.346 28.1772 6.06846 1.64188e-06 263.72 27.635 6.0579
263.879 27.7757 6.08142 1.38146e-05 263.72 27.635 6.0579
262.739 27.6372 6.04915 1.8249e-28 263.72 27.635 6.0579
263.751 27.6536 6.07982 0.00155986 263.72 27.635 6.0579
263.231 27.6191 6.08329 3.42554e-05 263.72 27.635 6.0579
263.781 27.6415 6.05745 0.0917515 263.72 27.635 6.0579
263.496 27.6155 6.05688 0.00114145 263.72 27.635 6.0579
264.004 27.8917 6.05793 0.0155243 263.72 27.635 6.0579
263.406 27.8688 6.06886 0.0165563 263.72 27.635 6.0579
263.657 27.568 6.06045 0.0499353 263.72 27.635 6.0579
263.568 28.0163 6.07031 0.0113517 263.72 27.635 6.0579
263.862 27.9001 6.07115 0.0118757 263.72 27.635 6.0579
263.685 27.2668 6.05738 1.00193e-06 263.72 27.635 6.0579
263.549 28.1689 6.06835 0.000116663 263.72 27.635 6.0579
263.323 27.9483 6.07319 0.000580054 263.72 27.635 6.0579
263.589 28.9415 6.06377 4.57146e-28 263.72 27.635 6.0579
263.72 27.0168 6.05315 3.99128e-14 263.72 27.635 6.0579
264.008 27.4612 6.06633 0.000184627 263.72 27.635 6.0579
264.063 27.3542 6.04617 1.04816e-08 263.72 27.635 6.0579
263.269 27.2615 6.06754 1.26828e-08 263.72 27.635 6.0579
263.908 28.1597 6.04653 4.1909e-06 263.72 27.635 6.0579
263.916 27.7985 6.0775 0.000134301 263.72 27.635 6.0579
263.341 27.5425 6.06409 0.000205573 263.72 27.635 6.0579
264.009 27.5759 6.07582 1.23864e-05 263.72 27.635 6.0579
263.838 27.6007 6.04768 0.000181008 263.72 27.635 6.0579
262.981 27.0504 6.05708 2.33984e-24 263.72 27.635 6.0579
263.841 27.5661 6.07816 0.000366562 263.72 27.635 6.0579
263.348 28.0441 6.06815 0.00012823 263.72 27.635 6.0579
263.807 27.0628 6.06889 2.69534e-10 263.72 27.635 6.0579
263.471 27.7046 6.08225 0.0023364 263.72 27.635 6.0579
263.387 27.9101 6.05893 0.00025486 263.72 27.635 6.0579
263.528 27.8408 6.06767 0.181333 263.72 27.635 6.0579
263.571 27.3793 6.07353 0.00089052 263.72 27.635 6.0579
264.015 27.945 6.055 0.00492601 263.72 27.635 6.0579
263.259 26.9162 6.08019 3.52447e-16 263.72 27.635 6.0579
