159.094 -12.7731 3.27771 2.60027e-06 158.83 -12.733 3.2874
158.422 -12.7564 3.29429 8.69275e-06 158.83 -12.733 3.2874
158.787 -12.8181 3.28527 0.0593283 158.83 -12.733 3.2874
158.457 -13.0291 3.29043 1.04743e-05 158.83 -12.733 3.2874
158.598 -12.5898 3.27634 0.0431443 158.83 -12.733 3.2874
158.694 -12.5525 3.27891 0.0888707 158.83 -12.733 3.2874
158.527 -13.1954 3.27869 1.22572e-07 158.83 -12.733 3.2874
158.803 -13.0109 3.27126 9.71966e-09 158.83 -12.733 3.2874
159.002 -12.7936 3.29575 0.0130708 158.83 -12.733 3.2874
159.4 -12.8689 3.27111 3.32427e-18 158.83 -12.733 3.2874
159.254 -12.7119 3.28669 6.28736e-05 158.83 -12.733 3.2874
158.853 -12.7095 3.28358 0.0772295 158.83 -12.733 3.2874
158.714 -13.3508 3.28958 9.32905e-09 158.83 -12.733 3.2874
158.423 -12.7429 3.28209 0.0121712 158.83 -12.733 3.2874
158.479 -12.7488 3.28618 0.0117365 158.83 -12.733 3.2874
158.159 -12.7949 3.28612 7.10493e-07 158.83 -12.733 3.2874
158.966 -12.8535 3.31041 1.05753e-08 158.83 -12.733 3.2874
159.033 -12.7396 3.29979 0.00188964 158.83 -12.733 3.2874
159.098 -13.1755 3.28402 3.30826e-08 158.83 -12.733 3.2874
158.347 -12.9874 3.29414 4.56469e-08 158.83 -12.733 3.2874
158.391 -13.0912 3.28517 2.61464e-06 158.83 -12.733 3.2874
158.931 -13.1479 3.28844 2.20944e-05 158.83 -12.733 3.2874
158.888 -13.1787 3.28284 6.98256e-07 158.83 -12.733 3.2874
158.67 -12.7118 3.28895 0.0797635 158.83 -12.733 3.2874
158.451 -12.9396 3.29696 2.21832e-07 158.83 -12.733 3.2874
158.389 -12.9815 3.29113 2.89526e-06 158.83 -12.733 3.2874
158.318 -12.4818 3.27304 0.00407766 158.83 -12.733 3.2874
158.817 -12.9151 3.27084 7.93422e-08 158.83 -12.733 3.2874
159.387 -13.0714 3.29631 3.95902e-07 158.83 -12.733 3.2874
158.859 -12.5589 3.28173 0.0559189 158.83 -12.733 3.2874
158.668 -12.4957 3.2814 0.149149 158.83 -12.733 3.2874
158.277 -12.7475 3.26586 3.38049e-06 158.83 -12.733 3.2874
159.145 -12.5723 3.28979 0.00411244 158.83 -12.733 3.2874
158.946 -12.5635 3.27401 2.96e-05 158.83 -12.733 3.2874
158.542 -12.151 3.26018 1.94642e-09 158.83 -12.733 3.2874
159.176 -12.6072 3.30719 1.26459e-06 158.83 -12.733 3.2874
158.886 -12.6628 3.28254 0.0469353 158.83 -12.733 3.2874
158.645 -12.63 3.26571 1.11169e-06 158.83 -12.733 3.2874
158.929 -12.8205 3.27953 0.000648829 158.83 -12.733 3.2874
159.343 -12.8478 3.26515 2.87693e-22 158.83 -12.733 3.2874
158.798 -12.6739 3.29422 0.0231335 158.83 -12.733 3.2874
159.073 -13.3875 3.27935 2.01193e-14 158.83 -12.733 3.2874
159.115 -12.3911 3.28237 9.68789e-05 158.83 -12.733 3.2874
158.52 -12.1375 3.28411 4.80724e-05 158.83 -12.733 3.2874
158.808 -13.0025 3.30621 4.16878e-08 158.83 -12.733 3.2874
158.609 -12.2803 3.30473 1.31666e-12 158.83 -12.733 3.2874
158.79 -12.8805 3.29404 0.00728989 158.83 -12.733 3.2874
158.252 -13.2766 3.28551 4.61258e-11 158.83 -12.733 3.2874
158.71 -12.2508 3.30192 1.08252e-09 158.83 -12.733 3.2874
159.04 -13.1498 3.28091 1.99125e-08 158.83 -12.733 3.2874
158.5 -12.9813 3.28187 0.000452054 158.83 -12.733 3.2874
159.175 -13.0275 3.32517 5.46475e-19 158.83 -12.733 3.2874
159.307 -12.9752 3.27632 5.85382e-13 158.83 -12.733 3.2874
158.715 -13.0611 3.30147 4.36943e-07 158.83 -12.733 3.2874
158.923 -12.4417 3.28863 0.0291619 158.83 -12.733 3.2874
158.901 -13.0226 3.29189 0.00139602 158.83 -12.733 3.2874
158.566 -13.1496 3.30713 2.90038e-13 158.83 -12.733 3.2874
158.208 -12.5169 3.27062 0.000432675 158.83 -12.733 3.2874
158.765 -12.6411 3.27979 0.0623797 158.83 -12.733 3.2874
158.359 -13.0291 3.27687 5.46505e-06 158.83 -12.733 3.2874
158.124 -12.6373 3.29772 8.79972e-14 158.83 -12.733 3.2874
158.262 -12.2946 3.28685 1.11726e-06 158.83 -12.733 3.2874
157.957 -12.6258 3.26658 2.34686e-07 158.83 -12.733 3.2874
158.93 -12.4164 3.28448 0.016801 158.83 -12.733 3.2874
158.664 -12.6651 3.26778 7.38131e-06 158.83 -12.733 3.2874
159.304 -13.1743 3.27517 7.19716e-17 158.83 -12.733 3.2874
158.365 -13.2595 3.28585 2.37999e-09 158.83 -12.733 3.2874
158.414 -12.3424 3.26176 7.35001e-07 158.83 -12.733 3.2874
158.579 -13.1362 3.28705 1.35188e-05 158.83 -12.733 3.2874
157.911 -12.3165 3.25916 4.375e-09 158.83 -12.733 3.2874
159.031 -13.225 3.29425 1.85369e-06 158.83 -12.733 3.2874
158.569 -12.6109 3.29873 3.81859e-06 158.83 -12.733 3.2874
158.577 -13.0772 3.28068 3.45381e-05 158.83 -12.733 3.2874
158.573 -12.8949 3.29458 0.000141494 158.83 -12.733 3.2874
159.064 -12.91 3.29846 0.00126139 158.83 -12.733 3.2874
158.512 -13.1092 3.27343 9.78423e-08 158.83 -12.733 3.2874
159.181 -12.9823 3.28433 1.77982e-06 158.83 -12.733 3.2874
158.345 -12.9283 3.28887 9.95402e-06 158.83 -12.733 3.2874
158.419 -12.5891 3.29728 1.49635e-07 158.83 -12.733 3.2874
158.636 -12.7575 3.26698 9.32326e-07 158.83 -12.733 3.2874
158.427 -12.6241 3.27888 0.0333667 158.83 -12.733 3.2874
158.78 -12.7892 3.26204 3.56972e-12 158.83 -12.733 3.2874
159 -12.1723 3.29919 7.62795e-08 158.83 -12.733 3.2874
158.609 -12.266 3.28124 0.00635536 158.83 -12.733 3.2874
158.357 -12.9117 3.30191 7.60777e-12 158.83 -12.733 3.2874
158.42 -12.6254 3.27423 0.0103951 158.83 -12.733 3.2874
158.532 -12.9373 3.28983 0.000558727 158.83 -12.733 3.2874
158.544 -12.7169 3.28254 0.071689 158.83 -12.733 3.2874
158.916 -12.9503 3.27731 6.61508e-06 158.83 -12.733 3.2874
158.618 -12.6171 3.29448 0.00127567 158.83 -12.733 3.2874
158.378 -12.6455 3.30227 1.62686e-11 158.83 -12.733 3.2874
158.675 -13.602 3.29227 7.39049e-15 158.83 -12.733 3.2874
159.066 -12.4671 3.29198 0.00569791 158.83 -12.733 3.2874
158.352 -12.4649 3.27382 0.00691988 158.83 -12.733 3.2874
159.28 -13.2346 3.26904 4.63003e-23 158.83 -12.733 3.2874
158.341 -12.6531 3.30147 1.2496e-11 158.83 -12.733 3.2874
158.606 -12.5278 3.2775 0.0723991 158.83 -12.733 3.2874
159.027 -12.3276 3.29317 0.00046242 158.83 -12.733 3.2874
158.561 -13.0793 3.26708 1.64949e-10 158.83 -12.733 3.2874
158.708 -12.6365 3.24831 2.8672e-23 158.83 -12.733 3.2874
