71.2605 -41.68 3.76958 1.28363e-13 71.775 -41.372 3.791
71.7865 -41.222 3.78164 0.00107319 71.775 -41.372 3.791
71.2861 -41.6942 3.77771 3.13778e-09 71.775 -41.372 3.791
71.9329 -41.0691 3.8009 0.00294063 71.775 -41.372 3.791
71.4225 -40.6525 3.79134 1.09717e-12 71.775 -41.372 3.791
71.4533 -41.5176 3.79926 4.61614e-07 71.775 -41.372 3.791
71.6789 -41.15 3.78512 0.00400903 71.775 -41.372 3.791
71.4466 -40.4959 3.78052 3.6182e-26 71.775 -41.372 3.791
71.4763 -40.7405 3.80282 4.58168e-08 71.775 -41.372 3.791
71.6702 -41.9694 3.79542 1.98141e-13 71.775 -41.372 3.791
71.4908 -41.2634 3.77331 3.80506e-10 71.775 -41.372 3.791
71.4988 -41.3831 3.7995 6.58093e-05 71.775 -41.372 3.791
71.5791 -41.2264 3.79752 0.0157188 71.775 -41.372 3.791
71.5226 -41.4013 3.78179 0.00112902 71.775 -41.372 3.791
72.0037 -41.3059 3.78686 0.0136106 71.775 -41.372 3.791
72.1341 -41.5974 3.79773 3.36669e-08 71.775 -41.372 3.791
71.4926 -41.1994 3.78254 4.36036e-05 71.775 -41.372 3.791
71.7548 -41.5951 3.79885 6.16401e-06 71.775 -41.372 3.791
72.3115 -41.6932 3.79158 7.92921e-11 71.775 -41.372 3.791
71.4291 -41.0621 3.80768 3.21395e-08 71.775 -41.372 3.791
72.5128 -41.8691 3.78706 1.11706e-18 71.775 -41.372 3.791
71.8167 -41.3998 3.77845 0.000664718 71.775 -41.372 3.791
71.5684 -41.5566 3.79194 0.00197897 71.775 -41.372 3.791
71.5857 -41.4263 3.78441 0.0228309 71.775 -41.372 3.791
70.891 -40.633 3.79571 8.81903e-26 71.775 -41.372 3.791
71.7509 -40.8767 3.79202 0.000109212 71.775 -41.372 3.791
71.4083 -41.1199 3.78104 4.73125e-08 71.775 -41.372 3.791
71.8656 -40.9407 3.79782 0.00276954 71.775 -41.372 3.791
71.4521 -41.2719 3.78305 0.000100469 71.775 -41.372 3.791
71.6305 -41.101 3.75674 6.75627e-34 71.775 -41.372 3.791
71.6996 -41.3723 3.7789 0.000761362 71.775 -41.372 3.791
71.9374 -40.9024 3.78388 1.8926e-08 71.775 -41.372 3.791
71.4155 -41.7518 3.80441 1.02918e-16 71.775 -41.372 3.791
71.3481 -41.0682 3.79448 9.39789e-06 71.775 -41.372 3.791
72.0516 -41.5745 3.79543 1.27758e-05 71.775 -41.372 3.791
71.1842 -41.609 3.78794 7.35824e-10 71.775 -41.372 3.791
71.4826 -41.1743 3.76915 7.69817e-16 71.775 -41.372 3.791
71.6103 -41.1899 3.79737 0.0309486 71.775 -41.372 3.791
71.6471 -41.6818 3.80105 1.46736e-09 71.775 -41.372 3.791
71.3368 -41.2051 3.78519 2.28501e-06 71.775 -41.372 3.791
71.1414 -41.1204 3.79639 2.77244e-10 71.775 -41.372 3.791
71.3317 -41.1781 3.79198 1.99582e-05 71.775 -41.372 3.791
72.0887 -41.5165 3.78509 0.000442071 71.775 -41.372 3.791
71.2005 -41.3796 3.78356 8.19653e-09 71.775 -41.372 3.791
72.2649 -41.7307 3.79807 1.38104e-13 71.775 -41.372 3.791
71.6392 -41.7971 3.77179 8.8617e-08 71.775 -41.372 3.791
71.0952 -41.1932 3.7861 5.92398e-12 71.775 -41.372 3.791
71.8418 -41.5912 3.77235 8.74328e-07 71.775 -41.372 3.791
71.5238 -41.4521 3.77433 4.66568e-07 71.775 -41.372 3.791
71.4596 -41.4921 3.78542 0.00111408 71.775 -41.372 3.791
71.1857 -41.4307 3.78026 4.29106e-10 71.775 -41.372 3.791
71.5091 -41.0041 3.7709 6.93636e-18 71.775 -41.372 3.791
71.5008 -41.6816 3.8106 5.29752e-20 71.775 -41.372 3.791
71.7421 -41.4543 3.78312 0.0545322 71.775 -41.372 3.791
71.8389 -41.8181 3.78327 3.42806e-05 71.775 -41.372 3.791
71.6691 -41.2924 3.78495 0.0460576 71.775 -41.372 3.791
71.7732 -40.484 3.78708 2.17194e-18 71.775 -41.372 3.791
71.6647 -41.6273 3.7759 6.38045e-05 71.775 -41.372 3.791
72.127 -41.5711 3.77678 3.34183e-07 71.775 -41.372 3.791
71.767 -41.0231 3.78991 0.00563659 71.775 -41.372 3.791
71.2685 -41.314 3.79094 2.04059e-06 71.775 -41.372 3.791
71.6958 -40.7882 3.78777 2.21174e-08 71.775 -41.372 3.791
71.4674 -41.3573 3.80973 7.17332e-12 71.775 -41.372 3.791
71.6615 -41.0858 3.79211 0.0388508 71.775 -41.372 3.791
71.5522 -41.1604 3.78962 0.012145 71.775 -41.372 3.791
71.5496 -41.4489 3.78547 0.0158775 71.775 -41.372 3.791
71.7277 -41.3121 3.78341 0.0289247 71.775 -41.372 3.791
72.0258 -41.4744 3.79176 0.00375309 71.775 -41.372 3.791
71.8769 -41.2191 3.78859 0.107721 71.775 -41.372 3.791
71.8813 -41.7074 3.78259 0.000743051 71.775 -41.372 3.791
72.1522 -41.7455 3.81197 3.52076e-25 71.775 -41.372 3.791
71.8778 -40.9448 3.79955 0.00196838 71.775 -41.372 3.791
71.5807 -41.6 3.77557 1.66069e-05 71.775 -41.372 3.791
71.7754 -41.35 3.78433 0.0840969 71.775 -41.372 3.791
71.4717 -41.608 3.77837 1.67894e-05 71.775 -41.372 3.791
72.0309 -41.2865 3.80691 5.62898e-08 71.775 -41.372 3.791
71.1264 -41.1281 3.78284 4.88736e-13 71.775 -41.372 3.791
71.4506 -40.9667 3.78633 2.678e-07 71.775 -41.372 3.791
71.6821 -41.0286 3.77962 4.77076e-08 71.775 -41.372 3.791
71.7479 -41.5356 3.78329 0.0381558 71.775 -41.372 3.791
71.6165 -41.308 3.7739 5.85498e-08 71.775 -41.372 3.791
70.8498 -41.061 3.77227 2.3191e-31 71.775 -41.372 3.791
71.4356 -41.3525 3.79085 0.0019516 71.775 -41.372 3.791
71.4577 -41.4078 3.76538 6.91525e-16 71.775 -41.372 3.791
71.6596 -41.3758 3.78692 0.171343 71.775 -41.372 3.791
71.4601 -40.5841 3.78879 1.24791e-15 71.775 -41.372 3.791
71.3814 -41.1911 3.7857 1.52686e-05 71.775 -41.372 3.791
71.2376 -40.7936 3.78563 2.06769e-15 71.775 -41.372 3.791
71.6574 -41.3529 3.78748 0.192816 71.775 -41.372 3.791
71.8683 -41.9175 3.78986 7.60794e-09 71.775 -41.372 3.791
71.5268 -41.2925 3.78597 0.00778071 71.775 -41.372 3.791
71.4174 -41.5484 3.77804 3.16826e-06 71.775 -41.372 3.791
71.7412 -41.2706 3.77948 0.000267364 71.775 -41.372 3.791
71.899 -41.6479 3.79132 0.000546221 71.775 -41.372 3.791
71.3985 -41.3953 3.79306 0.000214419 71.775 -41.372 3.791
71.861 -41.2502 3.78689 0.085999 71.775 -41.372 3.791
71.1235 -41.6425 3.79712 5.43291e-15 71.775 -41.372 3.791
71.8797 -40.9855 3.78262 4.43119e-07 71.775 -41.372 3.791
71.3629 -40.9677 3.7719 7.99286e-20 71.775 -41.372 3.791
71.5671 -41.704 3.78862 0.000102415 71.775 -41.372 3.791
