246.008 28.4286 0.090693 3.71159e-11 245.48 28.481 0.078429
245.416 28.7411 0.0720435 5.08426e-05 245.48 28.481 0.078429
245.628 27.6184 0.067263 3.31334e-28 245.48 28.481 0.078429
245.807 28.272 0.076737 0.00183452 245.48 28.481 0.078429
245.874 28.4801 0.0769526 0.00394922 245.48 28.481 0.078429
245.668 28.0711 0.0879126 8.55296e-05 245.48 28.481 0.078429
245.819 28.5918 0.094206 5.9462e-11 245.48 28.481 0.078429
245.558 28.9662 0.0864223 3.22222e-09 245.48 28.481 0.078429
245.874 28.6255 0.0986218 6.59522e-18 245.48 28.481 0.078429
245.199 28.6008 0.106864 1.95099e-19 245.48 28.481 0.078429
245.17 28.4542 0.077497 6.32687e-05 245.48 28.481 0.078429
245.517 27.9191 0.0668307 1.51377e-17 245.48 28.481 0.078429
245.376 28.3985 0.0686846 1.29295e-07 245.48 28.481 0.078429
245.828 29.178 0.07499 1.20154e-13 245.48 28.481 0.078429
245.213 28.3266 0.0660837 2.64472e-14 245.48 28.481 0.078429
245.382 28.3908 0.0803904 0.311053 245.48 28.481 0.078429
246.237 28.5134 0.0767234 2.12022e-11 245.48 28.481 0.078429
245.879 28.2183 0.0788846 0.000104471 245.48 28.481 0.078429
245.541 28.9332 0.0932419 2.90332e-13 245.48 28.481 0.078429
245.578 28.676 0.0680532 1.58601e-05 245.48 28.481 0.078429
245.624 28.8356 0.0653414 1.93076e-08 245.48 28.481 0.078429
245.307 28.9614 0.0769739 2.59178e-08 245.48 28.481 0.078429
245.363 28.3148 0.0726597 2.03419e-05 245.48 28.481 0.078429
245.454 28.5364 0.0639775 3.24726e-10 245.48 28.481 0.078429
245.899 28.4751 0.0710256 8.50608e-05 245.48 28.481 0.078429
245.669 28.3639 0.105793 1.86344e-19 245.48 28.481 0.078429
245.736 28.4155 0.0886718 0.000760757 245.48 28.481 0.078429
245.879 28.1929 0.081001 5.27959e-05 245.48 28.481 0.078429
245.762 28.3407 0.0936583 1.91259e-07 245.48 28.481 0.078429
245.951 28.5471 0.0762595 0.000192641 245.48 28.481 0.078429
245.353 28.5904 0.0940702 7.17202e-06 245.48 28.481 0.078429
246.35 28.8054 0.0670436 9.59329e-17 245.48 28.481 0.078429
246.184 28.1245 0.0746831 2.96397e-13 245.48 28.481 0.078429
245.738 28.8598 0.0840864 7.07873e-07 245.48 28.481 0.078429
245.001 28.6812 0.0928086 7.00239e-10 245.48 28.481 0.078429
245.022 28.2062 0.0541588 3.51721e-42 245.48 28.481 0.078429
245.655 28.1785 0.0908536 0.000154422 245.48 28.481 0.078429
245.262 28.5002 0.0796973 0.0131039 245.48 28.481 0.078429
245.722 28.7708 0.077253 0.00174109 245.48 28.481 0.078429
245.961 28.8551 0.0875325 4.53861e-13 245.48 28.481 0.078429
245.952 28.5642 0.077433 0.000151131 245.48 28.481 0.078429
245.202 28.7159 0.0812671 7.29498e-05 245.48 28.481 0.078429
245.51 28.6206 0.0802625 0.291327 245.48 28.481 0.078429
245.911 28.9976 0.0773992 4.46733e-10 245.48 28.481 0.078429
245.918 28.8036 0.0844116 7.58038e-09 245.48 28.481 0.078429
245.005 28.1006 0.0836085 6.92802e-09 245.48 28.481 0.078429
245.766 28.1437 0.0859378 0.000147335 245.48 28.481 0.078429
244.901 28.4449 0.0789426 4.36455e-11 245.48 28.481 0.078429
245.381 28.8331 0.0823031 8.28026e-05 245.48 28.481 0.078429
245.221 28.5635 0.0788865 0.00116787 245.48 28.481 0.078429
245.131 28.7167 0.0893292 5.69588e-07 245.48 28.481 0.078429
245.857 28.4565 0.0756071 0.00438207 245.48 28.481 0.078429
244.959 28.3487 0.0689762 3.4419e-18 245.48 28.481 0.078429
245.935 28.107 0.0804309 3.196e-07 245.48 28.481 0.078429
245.804 28.4085 0.0751663 0.00960854 245.48 28.481 0.078429
245.262 28.4485 0.0679741 5.8888e-10 245.48 28.481 0.078429
245.43 28.6182 0.0905374 0.000489796 245.48 28.481 0.078429
246.002 28.6625 0.0812275 4.17807e-07 245.48 28.481 0.078429
245.076 28.1908 0.077433 4.94121e-09 245.48 28.481 0.078429
245.512 28.5158 0.0748808 0.071497 245.48 28.481 0.078429
245.462 28.4762 0.0680832 1.68772e-06 245.48 28.481 0.078429
245.137 28.338 0.0912273 0.000301107 245.48 28.481 0.078429
245.436 28.5764 0.0637039 1.22106e-10 245.48 28.481 0.078429
245.655 28.6836 0.0823663 0.0158628 245.48 28.481 0.078429
246.002 28.5941 0.0776828 1.08807e-05 245.48 28.481 0.078429
245.242 28.2791 0.0701142 5.56161e-10 245.48 28.481 0.078429
245.875 28.5304 0.0750039 0.00228442 245.48 28.481 0.078429
245.799 28.7739 0.0749152 0.000317636 245.48 28.481 0.078429
245.129 28.4533 0.0841478 0.000803665 245.48 28.481 0.078429
245.876 28.7709 0.0778118 3.34052e-05 245.48 28.481 0.078429
244.925 28.8971 0.0898327 5.41881e-15 245.48 28.481 0.078429
245.789 28.505 0.0871582 0.000302687 245.48 28.481 0.078429
245.601 28.0664 0.0730773 1.90342e-07 245.48 28.481 0.078429
246.116 29.0524 0.0661672 4.43472e-15 245.48 28.481 0.078429
245.883 28.0183 0.0684517 4.72802e-13 245.48 28.481 0.078429
245.333 28.4981 0.0686115 9.00743e-08 245.48 28.481 0.078429
246.318 28.2107 0.0820548 3.30226e-17 245.48 28.481 0.078429
245.65 28.5662 0.0861683 0.0174022 245.48 28.481 0.078429
245.504 28.5609 0.104103 9.39078e-17 245.48 28.481 0.078429
245.458 28.3195 0.0758732 0.0143529 245.48 28.481 0.078429
245.778 28.648 0.0861468 7.54463e-05 245.48 28.481 0.078429
245.704 29.2358 0.0927162 9.29548e-26 245.48 28.481 0.078429
244.975 28.8081 0.0879308 3.3612e-11 245.48 28.481 0.078429
245.986 28.4067 0.0843058 1.30573e-06 245.48 28.481 0.078429
245.646 28.5077 0.0871621 0.0193525 245.48 28.481 0.078429
245.907 28.7819 0.06898 1.07058e-06 245.48 28.481 0.078429
245.638 28.6052 0.0735676 0.0273853 245.48 28.481 0.078429
245.397 28.5964 0.0906925 0.000769853 245.48 28.481 0.078429
245.99 28.4035 0.0668488 1.66342e-08 245.48 28.481 0.078429
245.531 28.9901 0.0901714 2.78183e-12 245.48 28.481 0.078429
245.835 28.5098 0.0768099 0.0120405 245.48 28.481 0.078429
244.802 28.2906 0.0756575 9.07263e-18 245.48 28.481 0.078429
245.395 27.9011 0.0753924 2.88741e-11 245.48 28.481 0.078429
245.569 28.2449 0.0847329 0.163971 245.48 28.481 0.078429
245.264 28.1515 0.0659355 2.47071e-16 245.48 28.481 0.078429
246.138 28.402 0.0824502 5.66869e-10 245.48 28.481 0.078429
245.417 28.1879 0.0918981 0.0022543 245.48 28.481 0.078429
246.176 28.5 0.0851861 9.10495e-13 245.48 28.481 0.078429
245.4 28.2798 0.0773911 0.010271 245.48 28.481 0.078429
246.027 28.8138 0.0820719 3.01179e-10 245.48 28.481 0.078429
