77.9087 15.9349 0.104249 3.67541e-06 78.434 15.703 0.098363
78.625 15.5233 0.0925559 0.00941651 78.434 15.703 0.098363
78.575 16.064 0.0767266 4.68442e-10 78.434 15.703 0.098363
78.7945 15.7872 0.0894106 0.000436732 78.434 15.703 0.098363
78.1701 15.4905 0.086646 4.74211e-06 78.434 15.703 0.098363
78.3984 15.795 0.0999855 0.156745 78.434 15.703 0.098363
77.9157 16.0371 0.0840073 1.01879e-10 78.434 15.703 0.098363
77.7854 15.9481 0.10385 4.06613e-08 78.434 15.703 0.098363
78.0986 16.171 0.0922101 4.77505e-07 78.434 15.703 0.098363
78.7679 16.4763 0.105336 1.46664e-10 78.434 15.703 0.098363
78.6426 16.4934 0.0913468 2.35433e-10 78.434 15.703 0.098363
77.6249 15.4501 0.0776027 1.92039e-19 78.434 15.703 0.098363
78.3027 15.9423 0.0919359 0.00131337 78.434 15.703 0.098363
78.7647 16.3935 0.0890713 1.28582e-09 78.434 15.703 0.098363
78.4236 15.6305 0.0849095 7.26641e-05 78.434 15.703 0.098363
77.9904 15.8125 0.0820914 1.67446e-09 78.434 15.703 0.098363
78.1834 16.0043 0.0758505 9.96005e-12 78.434 15.703 0.098363
78.2333 15.4183 0.101946 0.0105611 78.434 15.703 0.098363
78.5658 15.8772 0.107248 0.025165 78.434 15.703 0.098363
78.4617 15.8077 0.0920615 0.0161721 78.434 15.703 0.098363
77.684 14.8717 0.0995102 7.65321e-17 78.434 15.703 0.098363
77.9922 15.9804 0.081314 1.50912e-10 78.434 15.703 0.098363
78.3489 16.0885 0.121733 4.30507e-09 78.434 15.703 0.098363
78.1872 15.8325 0.0728957 5.30076e-13 78.434 15.703 0.098363
78.0443 15.8091 0.105429 0.000617694 78.434 15.703 0.098363
78.0521 16.1358 0.0970054 2.31367e-06 78.434 15.703 0.098363
77.6851 15.425 0.101871 1.25899e-09 78.434 15.703 0.098363
77.7995 16.0669 0.0809795 2.73022e-14 78.434 15.703 0.098363
77.8326 16.1588 0.0804893 8.11245e-15 78.434 15.703 0.098363
78.4051 15.5673 0.0926161 0.0155788 78.434 15.703 0.098363
77.5738 15.3161 0.102578 1.18464e-12 78.434 15.703 0.098363
78.6789 15.9402 0.072801 5.39086e-12 78.434 15.703 0.098363
78.3804 15.9201 0.0943832 0.0109385 78.434 15.703 0.098363
77.6965 15.7827 0.0899417 5.30129e-11 78.434 15.703 0.098363
78.2294 15.1571 0.0743618 7.74906e-16 78.434 15.703 0.098363
78.3051 16.1959 0.0854159 8.90648e-08 78.434 15.703 0.098363
78.5241 15.958 0.10763 0.00760044 78.434 15.703 0.098363
78.2782 16.0083 0.100966 0.00381046 78.434 15.703 0.098363
78.1087 16.1955 0.0898824 8.35843e-08 78.434 15.703 0.098363
78.1409 16.0972 0.109004 1.13543e-05 78.434 15.703 0.098363
77.7975 16.079 0.0911651 2.01734e-10 78.434 15.703 0.098363
78.8335 15.4008 0.106319 0.000922741 78.434 15.703 0.098363
78.0654 15.8724 0.115185 4.98711e-06 78.434 15.703 0.098363
78.1711 16.2823 0.0940207 1.711e-07 78.434 15.703 0.098363
77.7909 16.174 0.0930632 4.56905e-11 78.434 15.703 0.098363
78.6674 15.3993 0.0894619 0.000190524 78.434 15.703 0.098363
78.1166 16.3136 0.100889 6.52252e-08 78.434 15.703 0.098363
77.9196 15.3285 0.0953605 2.66388e-07 78.434 15.703 0.098363
77.9177 15.4227 0.0959719 1.67938e-06 78.434 15.703 0.098363
77.9063 15.5811 0.0834003 3.41197e-10 78.434 15.703 0.098363
78.3551 16.1202 0.100369 0.000671497 78.434 15.703 0.098363
78.6628 15.7879 0.116125 0.000127802 78.434 15.703 0.098363
78.0108 15.559 0.0844238 2.34854e-08 78.434 15.703 0.098363
78.4506 14.998 0.0934786 7.16346e-08 78.434 15.703 0.098363
78.2195 15.655 0.101162 0.0446577 78.434 15.703 0.098363
78.4233 15.6378 0.0886973 0.00197234 78.434 15.703 0.098363
78.0861 15.8962 0.0851999 3.2297e-07 78.434 15.703 0.098363
78.4584 15.5093 0.0983863 0.108627 78.434 15.703 0.098363
77.7254 15.7278 0.0814008 4.40163e-14 78.434 15.703 0.098363
77.7924 15.617 0.101749 4.92225e-07 78.434 15.703 0.098363
78.7137 16.1402 0.108496 1.81298e-05 78.434 15.703 0.098363
78.6469 15.6451 0.0954003 0.0567176 78.434 15.703 0.098363
78.7205 16.1591 0.0983526 8.72006e-05 78.434 15.703 0.098363
78.1943 15.4605 0.0787979 5.74693e-10 78.434 15.703 0.098363
77.7904 16.2146 0.0913103 5.69271e-12 78.434 15.703 0.098363
78.3331 15.963 0.1192 1.27338e-06 78.434 15.703 0.098363
77.9183 16.19 0.07625 3.36209e-16 78.434 15.703 0.098363
78.8194 15.8829 0.0823015 4.19316e-07 78.434 15.703 0.098363
78.7662 15.7495 0.0854448 3.67191e-05 78.434 15.703 0.098363
78.1066 15.1202 0.114105 1.21249e-07 78.434 15.703 0.098363
77.774 15.8577 0.102996 9.26996e-08 78.434 15.703 0.098363
78.3518 15.337 0.09615 0.002755 78.434 15.703 0.098363
78.3071 15.6923 0.0966076 0.0580749 78.434 15.703 0.098363
78.117 15.6092 0.101932 0.00701082 78.434 15.703 0.098363
78.6836 15.3357 0.0826681 9.28164e-08 78.434 15.703 0.098363
78.8838 15.8475 0.0939473 0.000547756 78.434 15.703 0.098363
77.5198 15.9786 0.0806592 9.73839e-20 78.434 15.703 0.098363
78.4227 15.9198 0.0977146 0.0359411 78.434 15.703 0.098363
78.0714 15.8158 0.0903841 2.90595e-05 78.434 15.703 0.098363
78.4209 16.09 0.0954122 0.000964427 78.434 15.703 0.098363
78.1172 15.7812 0.0938421 0.000731972 78.434 15.703 0.098363
78.6226 15.6104 0.1017 0.180879 78.434 15.703 0.098363
77.935 16.1419 0.0908473 5.41246e-09 78.434 15.703 0.098363
78.3768 15.2774 0.0853059 4.3596e-07 78.434 15.703 0.098363
78.7088 15.4731 0.0723027 4.89874e-13 78.434 15.703 0.098363
78.3625 15.6483 0.0824241 3.73043e-06 78.434 15.703 0.098363
78.2633 15.1226 0.0928241 8.19666e-07 78.434 15.703 0.098363
78.006 15.7968 0.0786996 4.0428e-11 78.434 15.703 0.098363
78.0851 15.9735 0.0978502 0.000181064 78.434 15.703 0.098363
78.1936 16.0029 0.0983347 0.00101293 78.434 15.703 0.098363
78.0773 15.7963 0.0972705 0.00100277 78.434 15.703 0.098363
78.5822 15.6021 0.0952585 0.0702111 78.434 15.703 0.098363
77.968 15.9974 0.0841832 1.27657e-09 78.434 15.703 0.098363
78.3337 15.9944 0.107346 0.00272167 78.434 15.703 0.098363
78.4994 16.149 0.102568 0.000442746 78.434 15.703 0.098363
78.4966 15.8209 0.102066 0.164998 78.434 15.703 0.098363
77.7859 15.7307 0.107338 2.21885e-07 78.434 15.703 0.098363
77.8465 15.9743 0.0940426 4.22132e-08 78.434 15.703 0.098363
77.7532 15.3326 0.0762329 9.80438e-19 78.434 15.703 0.098363
77.6261 16.2431 0.112771 1.14033e-15 78.434 15.703 0.098363
