26.2572 -85.5148 3.86245 4.96407e-09 25.873 -85.311 3.8393
26.0249 -85.3101 3.85088 0.00143553 25.873 -85.311 3.8393
25.594 -85.1188 3.84144 8.33452e-06 25.873 -85.311 3.8393
26.1861 -85.4424 3.85702 1.59203e-05 25.873 -85.311 3.8393
25.3705 -84.8354 3.83492 5.5385e-12 25.873 -85.311 3.8393
26.3413 -85.3815 3.83526 1.27423e-05 25.873 -85.311 3.8393
25.5649 -85.6803 3.84696 1.30578e-07 25.873 -85.311 3.8393
26.1533 -85.2822 3.83503 0.0011779 25.873 -85.311 3.8393
26.4555 -85.2815 3.8512 0.000220407 25.873 -85.311 3.8393
25.63 -85.3422 3.83388 0.00397547 25.873 -85.311 3.8393
25.608 -85.5997 3.84242 0.000170846 25.873 -85.311 3.8393
26.1042 -84.0346 3.84592 9.60061e-36 25.873 -85.311 3.8393
26.0643 -85.2347 3.84915 0.00329812 25.873 -85.311 3.8393
25.7158 -85.3867 3.83198 0.0058323 25.873 -85.311 3.8393
25.3382 -85.0876 3.86029 8.29016e-29 25.873 -85.311 3.8393
25.8401 -85.3018 3.84817 0.000690264 25.873 -85.311 3.8393
25.9709 -84.6274 3.82302 7.5647e-19 25.873 -85.311 3.8393
25.6284 -85.8291 3.8555 7.00208e-14 25.873 -85.311 3.8393
25.6186 -85.3864 3.85772 1.48364e-14 25.873 -85.311 3.8393
25.9047 -84.999 3.85236 9.03615e-09 25.873 -85.311 3.8393
26.0818 -85.8661 3.84398 0.000364258 25.873 -85.311 3.8393
25.9002 -85.0226 3.85506 2.3548e-10 25.873 -85.311 3.8393
26.2789 -85.2507 3.84536 0.00915681 25.873 -85.311 3.8393
25.4717 -84.7885 3.85329 8.80969e-22 25.873 -85.311 3.8393
25.4476 -84.5552 3.84331 9.88045e-21 25.873 -85.311 3.8393
26.1631 -85.0061 3.83831 2.39692e-05 25.873 -85.311 3.8393
26.0931 -85.3917 3.81536 8.48019e-20 25.873 -85.311 3.8393
25.9633 -85.2572 3.85843 1.69876e-09 25.873 -85.311 3.8393
26.0532 -85.1234 3.85308 3.81312e-06 25.873 -85.311 3.8393
25.7757 -85.3098 3.83236 0.00672574 25.873 -85.311 3.8393
25.8726 -85.0489 3.85418 1.19119e-09 25.873 -85.311 3.8393
25.3988 -85.2842 3.84374 6.59299e-09 25.873 -85.311 3.8393
26.0228 -84.8507 3.83877 3.20954e-07 25.873 -85.311 3.8393
25.8796 -84.5181 3.83659 1.17222e-15 25.873 -85.311 3.8393
25.879 -84.3681 3.86398 1.23313e-37 25.873 -85.311 3.8393
26.2045 -85.2297 3.84726 0.00992664 25.873 -85.311 3.8393
25.3072 -84.8601 3.8397 2.89306e-14 25.873 -85.311 3.8393
26.0509 -85.5037 3.8375 0.0721114 25.873 -85.311 3.8393
26.2168 -85.7161 3.8459 0.00766738 25.873 -85.311 3.8393
26.1024 -85.4843 3.8458 0.178141 25.873 -85.311 3.8393
25.6724 -85.2828 3.84432 0.000228658 25.873 -85.311 3.8393
26.4238 -85.588 3.84088 0.000102545 25.873 -85.311 3.8393
26.1407 -85.629 3.84303 0.0609668 25.873 -85.311 3.8393
25.7516 -84.8001 3.81906 3.77648e-16 25.873 -85.311 3.8393
26.0853 -85.3357 3.84278 0.18016 25.873 -85.311 3.8393
25.7239 -85.8937 3.84741 1.33327e-07 25.873 -85.311 3.8393
25.7144 -84.8035 3.84121 1.77904e-09 25.873 -85.311 3.8393
26.1141 -85.5267 3.82943 3.18071e-06 25.873 -85.311 3.8393
25.9988 -85.0819 3.86815 1.23774e-21 25.873 -85.311 3.8393
25.8635 -85.514 3.83759 0.118161 25.873 -85.311 3.8393
26.297 -85.2332 3.85068 0.0010936 25.873 -85.311 3.8393
25.9374 -85.2007 3.83405 0.00382796 25.873 -85.311 3.8393
26.3741 -84.9833 3.85417 3.16493e-08 25.873 -85.311 3.8393
25.321 -85.5032 3.82995 5.01622e-07 25.873 -85.311 3.8393
25.7381 -85.6705 3.83758 0.00511573 25.873 -85.311 3.8393
26.0701 -85.3061 3.84741 0.0333509 25.873 -85.311 3.8393
25.8943 -85.2634 3.8248 2.75075e-07 25.873 -85.311 3.8393
25.8819 -85.0865 3.84246 0.000962963 25.873 -85.311 3.8393
25.7173 -84.9113 3.81319 8.93021e-20 25.873 -85.311 3.8393
25.8702 -85.3626 3.84859 0.00166776 25.873 -85.311 3.8393
26.6974 -84.9657 3.8308 1.00807e-20 25.873 -85.311 3.8393
26.3121 -84.7237 3.84971 5.3362e-12 25.873 -85.311 3.8393
26.7207 -85.434 3.83002 5.82729e-19 25.873 -85.311 3.8393
26.0829 -85.3349 3.84485 0.135241 25.873 -85.311 3.8393
25.6838 -85.5386 3.84718 4.95419e-05 25.873 -85.311 3.8393
25.8626 -85.106 3.8282 4.41933e-06 25.873 -85.311 3.8393
26.0351 -84.7462 3.84813 8.17579e-11 25.873 -85.311 3.8393
26.1962 -85.3872 3.83721 0.00656591 25.873 -85.311 3.8393
25.9768 -85.6649 3.83041 3.44751e-05 25.873 -85.311 3.8393
26.253 -85.1407 3.8529 3.03092e-05 25.873 -85.311 3.8393
25.9344 -85.2847 3.84442 0.0444191 25.873 -85.311 3.8393
25.5954 -85.6778 3.83894 0.000194935 25.873 -85.311 3.8393
25.8913 -84.9989 3.82886 3.81256e-07 25.873 -85.311 3.8393
26.1996 -84.9798 3.8492 3.42914e-06 25.873 -85.311 3.8393
25.5867 -85.1878 3.86141 3.78984e-21 25.873 -85.311 3.8393
25.1454 -85.1262 3.84538 3.64712e-18 25.873 -85.311 3.8393
25.9725 -85.2327 3.85069 0.000230502 25.873 -85.311 3.8393
26.2573 -85.2392 3.84777 0.00651179 25.873 -85.311 3.8393
25.7055 -85.3702 3.81968 7.09898e-10 25.873 -85.311 3.8393
25.9656 -85.18 3.83467 0.00323951 25.873 -85.311 3.8393
25.475 -84.8138 3.85153 2.01993e-19 25.873 -85.311 3.8393
25.9334 -85.0425 3.84739 2.37396e-05 25.873 -85.311 3.8393
26.1299 -85.4168 3.83368 0.00105304 25.873 -85.311 3.8393
25.723 -85.4067 3.84549 0.00104605 25.873 -85.311 3.8393
26.4249 -84.7271 3.84776 2.06783e-12 25.873 -85.311 3.8393
25.8472 -85.278 3.82282 2.26594e-08 25.873 -85.311 3.8393
25.9795 -84.6782 3.83968 4.88149e-11 25.873 -85.311 3.8393
26.0227 -85.5517 3.82941 2.22507e-05 25.873 -85.311 3.8393
26.0578 -84.9053 3.84918 1.11403e-07 25.873 -85.311 3.8393
26.433 -85.5071 3.836 7.62715e-07 25.873 -85.311 3.8393
26.2759 -85.6386 3.82368 8.41369e-15 25.873 -85.311 3.8393
25.8457 -85.584 3.82825 4.30397e-05 25.873 -85.311 3.8393
26.007 -85.2779 3.83799 0.0618995 25.873 -85.311 3.8393
26.0733 -84.9707 3.85916 1.52219e-12 25.873 -85.311 3.8393
26.3878 -85.1149 3.84355 4.07058e-05 25.873 -85.311 3.8393
26.1689 -86.011 3.84247 6.70647e-07 25.873 -85.311 3.8393
26.244 -85.3125 3.84725 0.0252394 25.873 -85.311 3.8393
26.4684 -85.5926 3.84753 0.000572445 25.873 -85.311 3.8393
25.9888 -85.2738 3.84812 0.00683636 25.873 -85.311 3.8393
25.4644 -85.3746 3.8346 9.56357e-05 25.873 -85.311 3.8393
