279.395 7.07618 4.81187 1.16974e-07
278.748 7.36186 4.81005 0.133649
279.108 7.2053 4.79795 0.000316479
278.593 7.58501 4.81817 0.000429002
278.394 7.28027 4.82559 1.38362e-08
278.896 7.36354 4.84106 2.01047e-07
279.088 7.21244 4.81602 0.00807399
278.958 7.35058 4.80188 0.0278343
278.657 7.40006 4.79877 0.0213992
279.198 7.05244 4.81362 5.46839e-05
278.59 7.05948 4.82639 8.62656e-08
278.89 7.6287 4.81604 0.0096499
278.934 7.0147 4.81369 0.00117667
278.9 6.78598 4.83007 1.21949e-11
279.43 7.29138 4.79408 4.76792e-11
278.773 7.55654 4.81988 0.00954965
278.882 6.76903 4.80604 1.5575e-06
278.833 7.06649 4.82614 1.50873e-05
278.806 6.98968 4.79894 0.00315755
278.692 7.41072 4.81736 0.0170797
279.091 6.46621 4.81984 2.41028e-17
278.903 6.70952 4.81467 6.06687e-09
279.32 7.38042 4.81518 6.83471e-05
279.263 7.26369 4.81352 0.000243341
278.692 7.16371 4.80977 0.0259993
278.745 7.67224 4.80214 0.000341759
279.193 7.32992 4.82535 0.000726731
279.255 6.99707 4.79374 2.43774e-08
279.249 6.59504 4.8098 1.4916e-13
278.84 7.54631 4.81457 0.0378656
278.501 7.31894 4.81174 0.00135681
278.673 7.63318 4.82044 0.000581363
279.523 7.1253 4.81859 1.52926e-09
278.804 7.40756 4.80192 0.0623187
279.21 7.51919 4.80298 1.74997e-05
278.24 7.04539 4.81762 4.20396e-11
278.868 6.77162 4.81533 9.58414e-08
279.344 7.33028 4.7973 3.03576e-08
279.179 7.60038 4.79636 1.42137e-07
278.977 7.88889 4.81673 3.48795e-06
278.804 7.90996 4.81467 1.23905e-06
279.581 6.7726 4.81541 5.62924e-16
279.098 7.19657 4.8117 0.00714384
278.769 7.13101 4.80826 0.0385327
278.542 7.35352 4.8252 1.04883e-05
278.534 7.4562 4.77223 5.20646e-10
278.733 6.97649 4.8263 1.69191e-07
279.104 7.33012 4.80335 0.00287624
279.018 6.77002 4.81276 1.0243e-07
278.375 7.23615 4.7887 6.12721e-05
279.497 6.58496 4.80155 1.15447e-18
278.557 7.62096 4.81489 0.000206439
278.866 7.18388 4.80452 0.0775902
278.466 7.45831 4.80136 0.000741576
279.146 6.79992 4.79776 3.12297e-08
278.767 7.7443 4.81492 0.000352161
278.767 7.04874 4.79557 0.00616433
278.966 6.94638 4.82265 3.66429e-06
279.415 7.22318 4.81286 5.81891e-07
278.725 7.44441 4.80201 0.038535
278.692 7.37326 4.81664 0.0215646
278.817 7.29215 4.81801 0.0407198
278.901 7.21804 4.7947 0.00642817
279.182 7.12912 4.78321 1.29728e-09
278.76 7.28891 4.81867 0.0192384
279.326 6.79133 4.803 1.0208e-10
278.529 7.32409 4.81181 0.0027999
279.337 7.80934 4.80447 9.12158e-11
279.176 7.04009 4.80766 6.82843e-05
278.68 7.38775 4.81777 0.0125802
279.27 7.27855 4.79039 8.45191e-09
278.692 6.98669 4.81858 1.83663e-05
279.048 7.42037 4.81071 0.0306888
278.886 7.37193 4.81567 0.118221
279.24 7.04673 4.81966 6.51534e-06
279.285 7.64103 4.82005 2.93184e-05
278.811 6.66519 4.82001 1.96864e-11
278.885 7.10314 4.81387 0.0106079
278.317 7.63119 4.82124 3.18675e-09
279.377 6.92712 4.81846 2.65835e-09
278.805 6.92369 4.81471 4.95217e-05
278.907 7.02814 4.81728 0.00062014
278.453 7.30607 4.82514 3.06282e-07
279.185 7.42022 4.80581 0.000458363
279.123 7.01537 4.82735 1.13204e-06
278.823 7.62425 4.79374 2.56231e-05
279.635 6.90313 4.8106 3.24409e-15
278.449 6.83205 4.79215 2.00957e-06
279.339 7.53476 4.80181 4.98465e-08
278.769 7.90342 4.82031 1.31059e-06
279.046 7.60395 4.79791 1.62651e-05
278.094 7.32851 4.81568 3.05634e-12
279.373 6.8571 4.80672 2.9576e-10
278.602 7.68108 4.82569 6.80373e-06
278.986 7.47016 4.82271 0.0203043
278.834 7.40333 4.81381 0.133791
278.46 6.99418 4.7979 0.00013556
279.032 7.31396 4.81054 0.0474402
279.155 6.95826 4.81595 7.38005e-06
279.156 7.40799 4.83522 3.82455e-05
