162.89 22.0504 0.0841012 1.83157e-11
163.189 23.304 0.0961813 2.59133e-23
162.784 22.6005 0.0786441 4.62858e-07
162.821 22.732 0.0839949 1.15754e-07
163.329 22.378 0.0720915 0.0430572
163.238 22.7328 0.0765054 0.0853729
163.144 22.4208 0.0564664 7.50635e-10
163.546 22.6443 0.081094 0.000829351
163.28 22.7148 0.0909674 2.98104e-08
162.896 22.8588 0.0541992 2.54653e-16
163.324 22.2582 0.0817729 9.77231e-05
163.254 22.8964 0.0795957 0.000825586
163.096 23.0051 0.0748574 2.26653e-05
163.376 22.8755 0.0732853 0.0258449
163.291 22.5829 0.0757008 0.314429
163.141 22.0948 0.0882758 4.48249e-10
163.675 22.5443 0.064669 0.0034842
163.153 22.3379 0.0723552 0.00220154
163.507 22.7857 0.0805959 0.000623036
163.952 22.5273 0.0543984 2.057e-10
163.539 22.2364 0.0636322 1.08722e-05
163.224 22.0725 0.0706817 2.39114e-07
162.923 22.9857 0.0868144 3.87782e-10
162.92 23.1035 0.0780535 1.39482e-09
163.207 23.1327 0.0862485 8.09469e-11
163.346 22.3934 0.0767485 0.0366308
163.39 22.518 0.0994811 1.35949e-16
163.161 23.341 0.0994151 6.05917e-28
163.15 22.775 0.0851259 4.83753e-05
163.087 22.3218 0.0662368 6.47288e-06
163.808 22.4625 0.0652934 5.26492e-05
163.633 22.6951 0.0809389 6.37558e-05
163.319 22.8346 0.0542099 9.23928e-09
162.949 22.4707 0.0832253 2.40767e-05
163.332 23.0038 0.071202 0.000690028
163.024 22.8645 0.0715557 0.000127374
162.984 22.5197 0.0733435 0.000630567
163.435 22.4337 0.0603612 0.00011576
163.011 22.9878 0.062029 2.0585e-09
162.903 22.1218 0.050956 6.9619e-25
163.617 22.6839 0.0708992 0.0450309
163.854 22.2103 0.0541187 5.21197e-13
163.582 22.4179 0.0771468 0.00261194
163.36 22.1333 0.0754647 1.9313e-05
163.566 22.9405 0.0636478 0.000289389
163.581 22.8043 0.0828808 5.76119e-06
163.623 21.6756 0.0713325 3.09767e-19
163.167 22.4513 0.0836641 0.000719523
163.513 21.8809 0.0926464 1.29982e-19
163.388 22.6133 0.0946096 1.31061e-11
163.489 22.3283 0.0940232 6.13399e-13
163.219 22.761 0.0611282 6.03517e-05
163.085 22.3128 0.0508244 2.21796e-17
163.467 22.4117 0.0734804 0.0580133
162.744 22.6445 0.0647968 1.1255e-11
162.599 23.2816 0.0607569 1.5653e-26
163.427 22.9096 0.0895706 5.02993e-10
163.179 23.093 0.0705018 3.42003e-06
163.475 22.7281 0.0775687 0.0288373
162.898 22.2331 0.0799871 1.3743e-07
162.874 22.3645 0.0801847 1.6668e-06
163.562 22.2183 0.0809779 1.8554e-06
163.44 22.7371 0.0857139 1.06293e-05
163.889 22.503 0.0899192 3.37447e-16
163.426 22.2598 0.0716198 0.00179613
163.586 22.4324 0.0651383 0.00411805
162.526 22.6966 0.0902345 5.34768e-16
163.73 22.8666 0.082928 7.61748e-09
163.423 22.2767 0.0723484 0.00326859
162.582 22.4881 0.0612813 1.38134e-19
163.658 22.7066 0.0760011 0.00208029
162.752 22.4818 0.0615166 4.28537e-14
163.531 22.6131 0.0693627 0.200576
163.07 22.9885 0.0866959 8.33962e-09
162.795 22.0131 0.0468664 6.85784e-36
163.329 22.4481 0.0961718 1.21405e-12
163.19 22.7874 0.105279 1.36649e-23
163.289 22.8035 0.0634204 0.0015601
162.717 22.6341 0.0831975 4.9228e-09
162.886 23.325 0.0830829 1.11433e-16
163.524 22.7566 0.0758089 0.0265862
163.708 22.7431 0.0682203 0.00375774
163.07 22.1821 0.0782983 4.49482e-06
163.211 22.0625 0.0774438 3.14796e-07
162.619 22.538 0.0659198 6.31392e-15
163.434 22.3506 0.0550789 8.13992e-09
163.434 22.8057 0.0720218 0.104483
162.922 22.454 0.0556654 1.41463e-14
162.694 22.6429 0.0787417 4.26189e-09
162.56 22.633 0.0835811 7.11556e-13
163.401 21.8565 0.0809515 6.72364e-13
163.052 22.7208 0.0995483 7.84862e-16
163.251 22.3572 0.0823477 0.000758839
163.108 22.0454 0.0665565 2.57049e-10
163.066 22.3762 0.102394 1.89315e-18
162.756 22.1549 0.0824779 1.55349e-11
162.844 22.4302 0.074194 1.07554e-06
163.693 22.8765 0.0765111 2.80846e-05
163.829 22.4501 0.0738999 9.10647e-06
163.371 22.2553 0.0804819 0.000176503
