142.965 -15.0039 3.3736 0.00496647
142.801 -15.381 3.37795 1.29855e-07
143.261 -15.0269 3.36315 0.00245837
142.863 -14.9628 3.37379 0.00194076
142.79 -14.7151 3.36108 0.00576527
142.346 -14.8499 3.35536 0.000135221
142.762 -15.4932 3.34461 2.10838e-06
142.975 -15.2215 3.36426 0.0367625
143.549 -15.1224 3.38305 1.06273e-07
143.034 -15.0192 3.39733 3.93862e-16
143.412 -14.9058 3.38054 1.27309e-05
143.128 -15.112 3.34738 9.84409e-07
142.726 -15.0165 3.37456 0.000126313
142.341 -15.4126 3.35412 2.81465e-05
143.608 -15.4027 3.38405 7.69067e-11
142.872 -15.205 3.3575 0.043528
142.502 -15.1501 3.37879 7.89535e-10
142.934 -15.2749 3.36832 0.00702118
142.659 -15.2069 3.3592 0.03166
142.423 -15.3446 3.37173 1.81134e-08
143.144 -15.3204 3.3702 0.000884251
142.88 -14.8514 3.36103 0.0448691
142.903 -15.1509 3.3597 0.0801581
143.138 -14.9944 3.36594 0.0274645
142.787 -14.9313 3.37546 0.000174197
142.873 -15.4057 3.36407 0.00238522
142.642 -14.6488 3.38319 7.51963e-11
143.192 -14.4582 3.36429 1.32857e-06
142.916 -15.4251 3.36297 0.00191425
142.712 -14.6659 3.35437 0.000314587
143.243 -14.9636 3.34614 2.61624e-09
142.604 -14.8345 3.34784 0.000201123
142.872 -15.3114 3.3491 0.000313656
142.814 -15.1706 3.35579 0.0439235
142.959 -14.9606 3.36762 0.0604128
142.639 -14.974 3.35461 0.0239511
142.465 -15.1089 3.3676 5.85212e-05
142.884 -15.0337 3.35173 0.00461286
143.103 -15.5129 3.362 5.73572e-05
142.959 -15.5949 3.37141 6.10436e-07
142.887 -15.0551 3.37302 0.0035781
142.861 -15.2107 3.36197 0.0615415
142.365 -15.003 3.35862 0.000447411
142.569 -15.2239 3.35476 0.0114105
142.333 -14.8064 3.36375 5.12065e-06
142.643 -15.2552 3.36635 0.00164217
142.934 -14.8313 3.36427 0.0388631
142.846 -14.9976 3.38176 6.72395e-07
142.865 -15.5532 3.36516 4.17085e-05
142.434 -15.2743 3.36904 1.31848e-06
142.206 -15.33 3.36707 1.01877e-09
142.675 -15.2561 3.36947 0.000392238
142.433 -14.401 3.37055 1.52129e-10
142.785 -14.597 3.36196 0.000467266
142.927 -14.9434 3.37469 0.00187658
142.795 -14.8857 3.36476 0.0448892
142.505 -15.5399 3.37347 2.3206e-10
142.66 -15.296 3.35686 0.0131915
143.223 -15.6322 3.38142 3.47907e-11
143.031 -15.2593 3.37626 0.000103322
143.499 -15.2587 3.38746 5.79079e-10
142.901 -15.1283 3.36527 0.0764956
143.349 -14.5002 3.34598 1.24801e-15
142.857 -14.8563 3.38206 5.66582e-07
143.406 -15.3244 3.35235 4.25826e-09
143.105 -15.1205 3.35301 0.000331981
142.937 -15.0324 3.3637 0.118533
143.126 -15.2078 3.35995 0.00553117
142.799 -15.0112 3.37345 0.00108179
142.785 -14.8856 3.36496 0.0401651
142.294 -15.6002 3.38534 9.04977e-24
143.082 -15.3248 3.36953 0.00154979
142.782 -15.2221 3.35381 0.0183498
142.994 -15.456 3.36474 0.00055236
143.267 -15.3638 3.36791 0.000139329
142.849 -14.9207 3.38828 9.21631e-11
143.298 -15.2175 3.38202 1.328e-06
143.024 -14.816 3.3788 0.000100476
142.988 -15.8219 3.39104 4.03199e-22
142.745 -15.3388 3.34514 4.35589e-05
142.688 -15.4537 3.36812 2.64779e-05
143.222 -14.3198 3.36207 2.02279e-09
142.709 -15.0625 3.37055 0.00188773
142.73 -15.4465 3.37139 5.23419e-06
143.363 -15.8808 3.35478 1.97728e-14
142.757 -15.2508 3.35283 0.010786
142.592 -15.1393 3.34262 3.92827e-05
141.87 -15.2089 3.34827 1.96419e-10
142.982 -14.6357 3.35548 5.88487e-05
142.642 -15.085 3.36282 0.0268445
142.082 -14.812 3.37114 2.39068e-13
143.199 -14.7855 3.36034 0.000468556
142.858 -14.8601 3.35949 0.0402113
142.539 -15.0561 3.35935 0.0136766
142.46 -14.5681 3.3725 8.18109e-09
142.972 -14.8992 3.3839 4.76052e-07
142.936 -14.7827 3.36428 0.0212633
143.652 -14.9725 3.38579 6.0485e-09
143.037 -14.8102 3.362 0.0132173
142.894 -14.7038 3.36778 0.0040814
