19.0699 8.92458 0.18881 0.000201011 19.329 8.5275 0.19138
19.338 9.0399 0.186511 4.31742e-05 19.329 8.5275 0.19138
18.6273 9.05617 0.166064 5.18946e-41 19.329 8.5275 0.19138
19.2414 8.69389 0.181531 0.000883894 19.329 8.5275 0.19138
19.3823 8.40998 0.201668 2.70737e-05 19.329 8.5275 0.19138
19.1964 8.10831 0.213806 3.98045e-15 19.329 8.5275 0.19138
18.6232 8.32379 0.182898 1.36696e-18 19.329 8.5275 0.19138
19.244 8.19669 0.181412 2.33445e-08 19.329 8.5275 0.19138
19.2945 8.0905 0.196656 1.74762e-07 19.329 8.5275 0.19138
18.8572 8.17345 0.182858 2.57115e-14 19.329 8.5275 0.19138
19.5142 8.28807 0.200259 7.09121e-08 19.329 8.5275 0.19138
19.0998 8.62206 0.194723 0.188838 19.329 8.5275 0.19138
19.2969 8.1984 0.186841 9.18182e-06 19.329 8.5275 0.19138
19.2697 8.66785 0.2039 9.96353e-05 19.329 8.5275 0.19138
18.8926 9.03003 0.199508 3.31339e-07 19.329 8.5275 0.19138
19.5405 8.19673 0.185674 1.18364e-06 19.329 8.5275 0.19138
18.9768 8.25382 0.187841 3.19341e-07 19.329 8.5275 0.19138
19.0263 8.26642 0.190238 2.07652e-05 19.329 8.5275 0.19138
19.1609 8.90649 0.188366 0.00165735 19.329 8.5275 0.19138
19.3923 8.70706 0.176605 2.60983e-05 19.329 8.5275 0.19138
19.2957 8.47598 0.204017 4.18508e-05 19.329 8.5275 0.19138
19.2099 8.43292 0.198584 0.0173495 19.329 8.5275 0.19138
18.9505 8.49924 0.205654 0.000374963 19.329 8.5275 0.19138
18.7764 8.75341 0.207634 1.889e-06 19.329 8.5275 0.19138
19.2437 8.51154 0.185881 0.0219848 19.329 8.5275 0.19138
18.8152 8.02418 0.190454 1.09664e-13 19.329 8.5275 0.19138
19.3419 8.69561 0.210285 9.19663e-11 19.329 8.5275 0.19138
19.662 7.94282 0.19329 5.27201e-15 19.329 8.5275 0.19138
18.9726 8.50611 0.190743 0.00198124 19.329 8.5275 0.19138
19.5722 8.47496 0.182623 0.00128509 19.329 8.5275 0.19138
19.1032 8.07274 0.187295 1.48869e-09 19.329 8.5275 0.19138
18.9376 8.52662 0.198374 0.0112756 19.329 8.5275 0.19138
19.5797 8.72935 0.191928 0.00111735 19.329 8.5275 0.19138
19.0327 8.29068 0.202822 9.78098e-05 19.329 8.5275 0.19138
19.4424 8.25706 0.20164 7.94771e-08 19.329 8.5275 0.19138
19.0409 8.29394 0.180635 6.59664e-10 19.329 8.5275 0.19138
19.4979 8.63887 0.1893 0.0472037 19.329 8.5275 0.19138
19.1561 8.71396 0.197446 0.074853 19.329 8.5275 0.19138
19.3286 8.06014 0.195115 3.70742e-08 19.329 8.5275 0.19138
19.7896 8.19661 0.183406 8.62483e-10 19.329 8.5275 0.19138
19.099 8.75812 0.192723 0.0560364 19.329 8.5275 0.19138
19.1727 7.84728 0.186597 7.54239e-16 19.329 8.5275 0.19138
18.8375 8.5254 0.182756 2.78405e-10 19.329 8.5275 0.19138
18.8391 8.1612 0.198916 1.14639e-07 19.329 8.5275 0.19138
19.7301 8.19799 0.185201 8.40667e-09 19.329 8.5275 0.19138
19.4551 8.69913 0.171801 3.85852e-08 19.329 8.5275 0.19138
19.1685 8.13457 0.20005 1.06531e-06 19.329 8.5275 0.19138
19.4758 8.11512 0.179953 7.72336e-10 19.329 8.5275 0.19138
19.6053 8.89049 0.176175 4.06718e-06 19.329 8.5275 0.19138
18.7169 8.76215 0.194471 6.59788e-07 19.329 8.5275 0.19138
19.6243 8.51714 0.208901 8.42973e-16 19.329 8.5275 0.19138
18.7291 8.5174 0.182696 2.1178e-13 19.329 8.5275 0.19138
19.1239 8.05083 0.191527 1.43156e-08 19.329 8.5275 0.19138
18.7906 8.51536 0.200277 0.000243015 19.329 8.5275 0.19138
18.8155 8.91081 0.189928 7.59605e-08 19.329 8.5275 0.19138
19.4972 8.3233 0.17394 3.72718e-09 19.329 8.5275 0.19138
19.5818 8.01925 0.190721 4.34806e-11 19.329 8.5275 0.19138
19.189 7.86623 0.201849 4.51649e-14 19.329 8.5275 0.19138
19.4955 8.29835 0.194429 4.09878e-05 19.329 8.5275 0.19138
18.9737 8.42066 0.20559 0.000183988 19.329 8.5275 0.19138
19.5365 8.58245 0.184573 0.0161781 19.329 8.5275 0.19138
19.1803 7.97061 0.181007 6.70974e-15 19.329 8.5275 0.19138
18.9877 8.17408 0.197788 4.6353e-06 19.329 8.5275 0.19138
18.5895 8.86415 0.209041 2.76357e-10 19.329 8.5275 0.19138
19.3166 8.24311 0.210007 1.15143e-11 19.329 8.5275 0.19138
19.364 8.13853 0.193826 1.70903e-06 19.329 8.5275 0.19138
19.3949 8.57851 0.193231 0.0940819 19.329 8.5275 0.19138
19.5286 8.49555 0.209866 3.57133e-14 19.329 8.5275 0.19138
18.7463 8.45592 0.188143 2.82317e-09 19.329 8.5275 0.19138
19.0341 8.56937 0.184807 9.72744e-05 19.329 8.5275 0.19138
19.1211 8.69124 0.191142 0.107325 19.329 8.5275 0.19138
19.1583 8.82598 0.184799 0.000899364 19.329 8.5275 0.19138
19.0658 8.32453 0.207049 4.79997e-06 19.329 8.5275 0.19138
18.7053 8.61577 0.214944 9.43975e-10 19.329 8.5275 0.19138
19.2815 8.74078 0.184931 0.0251466 19.329 8.5275 0.19138
18.7415 8.28812 0.20501 4.89511e-07 19.329 8.5275 0.19138
18.7161 8.82368 0.181377 3.35179e-15 19.329 8.5275 0.19138
19.3167 7.62749 0.209104 1.66017e-27 19.329 8.5275 0.19138
19.5706 7.90002 0.196786 9.47738e-16 19.329 8.5275 0.19138
19.1316 8.60233 0.190348 0.115872 19.329 8.5275 0.19138
18.7349 8.81417 0.184775 8.57215e-12 19.329 8.5275 0.19138
19.1746 8.62242 0.198525 0.0800311 19.329 8.5275 0.19138
19.7333 8.55131 0.207955 3.41255e-18 19.329 8.5275 0.19138
19.2726 8.51816 0.200755 0.00399169 19.329 8.5275 0.19138
19.4045 8.43134 0.184683 0.00611657 19.329 8.5275 0.19138
19.425 8.73998 0.19737 0.00135162 19.329 8.5275 0.19138
19.0214 8.13018 0.198767 9.87527e-07 19.329 8.5275 0.19138
18.9908 8.22836 0.201687 1.92719e-05 19.329 8.5275 0.19138
19.4898 8.78414 0.196842 0.000159423 19.329 8.5275 0.19138
19.4674 8.62709 0.192717 0.0299474 19.329 8.5275 0.19138
19.0507 8.11437 0.196284 6.60408e-07 19.329 8.5275 0.19138
18.6513 8.55359 0.205457 1.36152e-06 19.329 8.5275 0.19138
19.0554 8.68077 0.194469 0.0833935 19.329 8.5275 0.19138
19.2664 8.70889 0.211118 2.57288e-10 19.329 8.5275 0.19138
19.7053 8.00091 0.180546 8.54959e-14 19.329 8.5275 0.19138
18.7665 8.08019 0.213677 4.37157e-13 19.329 8.5275 0.19138
19.5352 8.01931 0.194243 4.53803e-11 19.329 8.5275 0.19138
19.1474 9.38838 0.188862 1.60857e-12 19.329 8.5275 0.19138
19.2777 8.40398 0.19748 0.00948873 19.329 8.5275 0.19138
18.5764 8.5057 0.211476 3.59943e-09 19.329 8.5275 0.19138
