234.128 -15.6546 2.89082 0.00243617 234.42 -15.744 2.9022
234.629 -15.5269 2.89946 0.0402039 234.42 -15.744 2.9022
234.394 -15.8716 2.89875 0.0242851 234.42 -15.744 2.9022
234.183 -15.4214 2.9069 0.00397344 234.42 -15.744 2.9022
234.029 -16.4867 2.8966 2.83592e-12 234.42 -15.744 2.9022
234.196 -15.1715 2.89266 4.65396e-05 234.42 -15.744 2.9022
234.55 -15.2077 2.9182 1.55859e-05 234.42 -15.744 2.9022
234.438 -15.8838 2.89227 0.000348273 234.42 -15.744 2.9022
233.967 -16.3823 2.89058 3.90429e-11 234.42 -15.744 2.9022
234.32 -15.1682 2.91286 1.72534e-05 234.42 -15.744 2.9022
233.736 -15.5176 2.89215 5.72915e-06 234.42 -15.744 2.9022
233.675 -15.6279 2.89413 9.91951e-07 234.42 -15.744 2.9022
234.592 -15.7945 2.8973 0.00758405 234.42 -15.744 2.9022
234.143 -15.5375 2.88445 7.599e-06 234.42 -15.744 2.9022
233.711 -16.0524 2.88609 3.68146e-09 234.42 -15.744 2.9022
233.865 -15.502 2.9049 3.58347e-06 234.42 -15.744 2.9022
234.208 -15.4641 2.90989 0.00141218 234.42 -15.744 2.9022
234.385 -15.9211 2.89339 0.000738816 234.42 -15.744 2.9022
234.264 -15.3484 2.90686 0.00759217 234.42 -15.744 2.9022
234.409 -16.1746 2.89958 2.54167e-05 234.42 -15.744 2.9022
234.133 -14.8252 2.89463 6.68361e-10 234.42 -15.744 2.9022
234.205 -15.5867 2.88001 1.2814e-08 234.42 -15.744 2.9022
233.794 -15.2919 2.89286 2.13335e-06 234.42 -15.744 2.9022
234.393 -15.6102 2.8947 0.0254937 234.42 -15.744 2.9022
234.306 -15.5673 2.90134 0.209391 234.42 -15.744 2.9022
233.475 -15.796 2.8842 1.96054e-10 234.42 -15.744 2.9022
233.429 -15.5266 2.90057 4.34976e-13 234.42 -15.744 2.9022
233.989 -15.7928 2.88637 1.9897e-05 234.42 -15.744 2.9022
234.449 -15.3999 2.88876 1.78892e-05 234.42 -15.744 2.9022
234.363 -15.8204 2.88514 8.41771e-07 234.42 -15.744 2.9022
234.138 -15.7672 2.91257 1.17646e-05 234.42 -15.744 2.9022
233.618 -15.7941 2.88353 8.70963e-09 234.42 -15.744 2.9022
233.92 -15.396 2.88955 4.67979e-05 234.42 -15.744 2.9022
234.069 -15.5542 2.91359 1.02115e-06 234.42 -15.744 2.9022
233.974 -15.3349 2.89277 0.00016672 234.42 -15.744 2.9022
234.13 -15.5643 2.90539 0.00639895 234.42 -15.744 2.9022
233.722 -15.6655 2.92359 3.10824e-22 234.42 -15.744 2.9022
233.87 -15.6483 2.90431 7.73452e-06 234.42 -15.744 2.9022
233.828 -15.3549 2.90638 6.48323e-08 234.42 -15.744 2.9022
234.225 -15.7344 2.88094 3.12079e-08 234.42 -15.744 2.9022
234.353 -15.5469 2.9057 0.175492 234.42 -15.744 2.9022
234.248 -15.4916 2.91133 0.00130278 234.42 -15.744 2.9022
234.04 -16.1034 2.90432 1.07135e-06 234.42 -15.744 2.9022
234.315 -15.7156 2.90304 0.146218 234.42 -15.744 2.9022
234.17 -15.7948 2.89425 0.00725302 234.42 -15.744 2.9022
233.474 -15.3451 2.88307 3.44487e-11 234.42 -15.744 2.9022
234.722 -15.5884 2.89299 2.95192e-05 234.42 -15.744 2.9022
233.895 -16.0456 2.87948 1.73549e-10 234.42 -15.744 2.9022
233.504 -16.1819 2.88321 1.2018e-13 234.42 -15.744 2.9022
234.654 -15.7247 2.8945 0.000494088 234.42 -15.744 2.9022
234.83 -15.0652 2.89732 5.20609e-08 234.42 -15.744 2.9022
234.449 -16.2526 2.8928 4.09358e-08 234.42 -15.744 2.9022
233.997 -15.0943 2.89201 8.7096e-07 234.42 -15.744 2.9022
233.436 -15.3184 2.88816 2.08638e-11 234.42 -15.744 2.9022
233.857 -15.718 2.89791 8.80615e-05 234.42 -15.744 2.9022
234.403 -15.3062 2.91786 1.00131e-05 234.42 -15.744 2.9022
234.16 -16.0499 2.89918 0.000191744 234.42 -15.744 2.9022
234.061 -15.6485 2.90734 0.000328486 234.42 -15.744 2.9022
233.614 -15.7774 2.88491 1.90863e-08 234.42 -15.744 2.9022
234.104 -15.6452 2.90387 0.0071109 234.42 -15.744 2.9022
234.295 -15.6313 2.91245 0.00165684 234.42 -15.744 2.9022
234.019 -15.8864 2.90163 0.000269663 234.42 -15.744 2.9022
234.349 -15.7704 2.8906 0.000724401 234.42 -15.744 2.9022
233.645 -15.4665 2.88165 5.17775e-09 234.42 -15.744 2.9022
234.344 -16.0355 2.88235 5.31064e-10 234.42 -15.744 2.9022
234.633 -16.1634 2.88428 3.39733e-13 234.42 -15.744 2.9022
233.787 -15.5998 2.8862 3.34022e-06 234.42 -15.744 2.9022
234.534 -15.5793 2.8996 0.132844 234.42 -15.744 2.9022
234.454 -16.0608 2.89539 8.63835e-05 234.42 -15.744 2.9022
233.912 -15.8433 2.89754 0.000115426 234.42 -15.744 2.9022
233.996 -15.1651 2.88932 1.44784e-06 234.42 -15.744 2.9022
234.325 -15.7827 2.88882 0.000146124 234.42 -15.744 2.9022
234.051 -15.5588 2.90438 0.00168351 234.42 -15.744 2.9022
234.488 -16.5381 2.91036 1.31965e-12 234.42 -15.744 2.9022
233.485 -15.2406 2.89516 9.52886e-12 234.42 -15.744 2.9022
234.518 -15.9126 2.8846 4.95195e-09 234.42 -15.744 2.9022
233.915 -16.1917 2.89531 5.30787e-08 234.42 -15.744 2.9022
234.351 -15.868 2.91931 3.27046e-07 234.42 -15.744 2.9022
234.646 -15.6833 2.90024 0.0472864 234.42 -15.744 2.9022
234.613 -15.3289 2.88782 6.32312e-08 234.42 -15.744 2.9022
234.048 -15.6419 2.90195 0.00441889 234.42 -15.744 2.9022
234.557 -15.9582 2.89273 2.73767e-05 234.42 -15.744 2.9022
234.084 -15.5898 2.89537 0.0121819 234.42 -15.744 2.9022
234.357 -16.0375 2.88557 3.81116e-08 234.42 -15.744 2.9022
233.982 -16.2258 2.91916 5.91841e-17 234.42 -15.744 2.9022
233.932 -16.1143 2.88155 3.88034e-10 234.42 -15.744 2.9022
234.085 -15.5162 2.88377 3.65571e-06 234.42 -15.744 2.9022
233.52 -14.9505 2.89733 4.22646e-15 234.42 -15.744 2.9022
233.416 -16.241 2.89446 3.39815e-16 234.42 -15.744 2.9022
233.492 -15.8704 2.91027 8.08652e-18 234.42 -15.744 2.9022
233.461 -15.4588 2.8964 3.69922e-11 234.42 -15.744 2.9022
234.335 -15.5766 2.88923 0.000427245 234.42 -15.744 2.9022
234.822 -15.1873 2.89829 4.07743e-06 234.42 -15.744 2.9022
234.376 -15.8709 2.88662 2.47426e-06 234.42 -15.744 2.9022
234.642 -15.4419 2.89921 0.0165431 234.42 -15.744 2.9022
234.302 -15.4693 2.92609 1.08618e-11 234.42 -15.744 2.9022
234.377 -15.4616 2.89902 0.112798 234.42 -15.744 2.9022
233.732 -15.8922 2.88796 3.05422e-07 234.42 -15.744 2.9022
233.907 -16.1328 2.89549 2.7029e-07 234.42 -15.744 2.9022
233.735 -15.5486 2.88146 3.72308e-08 234.42 -15.744 2.9022
