267.542 -14.3902 3.80826 5.61386e-08 267.31 -13.872 3.8087
267.137 -13.7995 3.81348 0.0109374 267.31 -13.872 3.8087
267.511 -14.0171 3.81315 0.0329971 267.31 -13.872 3.8087
267.641 -13.5484 3.81165 9.17072e-05 267.31 -13.872 3.8087
267.463 -13.8518 3.80893 0.0381455 267.31 -13.872 3.8087
266.926 -13.7512 3.79686 0.0560449 267.31 -13.872 3.8087
267.505 -13.8827 3.81375 0.0872062 267.31 -13.872 3.8087
267.806 -13.8662 3.82193 0.00630014 267.31 -13.872 3.8087
267.368 -13.8801 3.82086 0.00395679 267.31 -13.872 3.8087
267.476 -13.6898 3.80987 0.0159927 267.31 -13.872 3.8087
267.466 -13.9864 3.81865 0.0351344 267.31 -13.872 3.8087
267.271 -13.816 3.81261 0.107614 267.31 -13.872 3.8087
267.91 -13.5506 3.82712 5.38183e-06 267.31 -13.872 3.8087
267.128 -14.2831 3.80331 4.24931e-05 267.31 -13.872 3.8087
267.417 -13.7704 3.80684 0.0252762 267.31 -13.872 3.8087
267.421 -13.0134 3.81832 2.80789e-15 267.31 -13.872 3.8087
267.531 -13.6375 3.81314 0.00713946 267.31 -13.872 3.8087
267.286 -14.1499 3.80563 0.00224244 267.31 -13.872 3.8087
267.606 -13.9448 3.81284 0.0136664 267.31 -13.872 3.8087
267.359 -13.7041 3.808 0.0494097 267.31 -13.872 3.8087
267.53 -14.0682 3.82136 0.00803243 267.31 -13.872 3.8087
267.637 -14.212 3.8203 0.000859864 267.31 -13.872 3.8087
267.969 -13.5646 3.81581 5.99508e-08 267.31 -13.872 3.8087
267.396 -14.3163 3.82155 6.48119e-06 267.31 -13.872 3.8087
267.229 -14.4929 3.81733 3.69274e-09 267.31 -13.872 3.8087
267.009 -13.8941 3.81617 3.21446e-05 267.31 -13.872 3.8087
267.132 -14.3286 3.81426 2.45123e-06 267.31 -13.872 3.8087
267.213 -13.7819 3.79796 0.00412984 267.31 -13.872 3.8087
266.863 -14.0941 3.80696 0.000222443 267.31 -13.872 3.8087
267.161 -14.411 3.80179 8.61755e-08 267.31 -13.872 3.8087
267.601 -13.4334 3.81928 9.15308e-06 267.31 -13.872 3.8087
268.054 -13.8968 3.80839 1.13272e-12 267.31 -13.872 3.8087
267.742 -13.6626 3.83309 1.03903e-06 267.31 -13.872 3.8087
266.73 -14.0483 3.8062 1.60723e-05 267.31 -13.872 3.8087
267.259 -14.0474 3.8072 0.0365256 267.31 -13.872 3.8087
266.647 -14.0781 3.80909 1.35119e-08 267.31 -13.872 3.8087
268.24 -14.5818 3.82406 4.13059e-15 267.31 -13.872 3.8087
266.79 -13.752 3.80026 0.0173273 267.31 -13.872 3.8087
267.811 -13.9479 3.81989 0.00402392 267.31 -13.872 3.8087
267.064 -13.5014 3.81518 2.08321e-06 267.31 -13.872 3.8087
266.875 -13.9051 3.80691 0.00321153 267.31 -13.872 3.8087
266.826 -13.8735 3.81862 2.03141e-10 267.31 -13.872 3.8087
267.266 -13.5644 3.80324 0.0039513 267.31 -13.872 3.8087
267.451 -14.4947 3.80665 7.98222e-10 267.31 -13.872 3.8087
266.777 -13.665 3.80597 0.000168476 267.31 -13.872 3.8087
267.22 -13.9867 3.79036 6.02581e-08 267.31 -13.872 3.8087
267.462 -13.8716 3.80456 0.002346 267.31 -13.872 3.8087
267.364 -14.1383 3.79878 1.887e-06 267.31 -13.872 3.8087
268.007 -13.5505 3.81319 5.35587e-10 267.31 -13.872 3.8087
267.326 -14.4364 3.80703 1.17692e-07 267.31 -13.872 3.8087
267.489 -13.5508 3.81706 0.000921406 267.31 -13.872 3.8087
267.03 -13.7841 3.80852 0.0307471 267.31 -13.872 3.8087
267.439 -14.3949 3.78956 2.76158e-19 267.31 -13.872 3.8087
267.453 -14.023 3.78854 7.74663e-15 267.31 -13.872 3.8087
267.921 -13.6602 3.81045 1.19849e-08 267.31 -13.872 3.8087
267.066 -13.6985 3.82198 1.5787e-08 267.31 -13.872 3.8087
267.991 -13.6604 3.81622 2.66818e-07 267.31 -13.872 3.8087
267.143 -13.7627 3.79507 0.00153063 267.31 -13.872 3.8087
267.634 -13.8761 3.79758 2.02732e-10 267.31 -13.872 3.8087
267.077 -13.893 3.79157 0.000114806 267.31 -13.872 3.8087
267.548 -13.9474 3.79904 9.32549e-08 267.31 -13.872 3.8087
267.188 -13.7193 3.80269 0.0672518 267.31 -13.872 3.8087
267.845 -14.0165 3.81775 0.000477619 267.31 -13.872 3.8087
267.511 -14.0073 3.81935 0.0288048 267.31 -13.872 3.8087
267.504 -13.8353 3.81721 0.0695786 267.31 -13.872 3.8087
267.496 -13.5539 3.80842 0.000564472 267.31 -13.872 3.8087
266.96 -13.8782 3.8128 0.000269371 267.31 -13.872 3.8087
267.36 -13.568 3.81989 9.53651e-05 267.31 -13.872 3.8087
267.245 -14.0987 3.80467 0.00692359 267.31 -13.872 3.8087
267.706 -13.9116 3.81145 0.000614358 267.31 -13.872 3.8087
267.268 -13.9453 3.80408 0.0425807 267.31 -13.872 3.8087
267.19 -13.6282 3.79887 0.00410609 267.31 -13.872 3.8087
267.807 -13.7829 3.78961 1.05923e-23 267.31 -13.872 3.8087
267.752 -13.7615 3.79977 1.64259e-11 267.31 -13.872 3.8087
267.195 -13.5567 3.81975 1.94757e-06 267.31 -13.872 3.8087
267.138 -14.3418 3.81206 4.95463e-06 267.31 -13.872 3.8087
267.08 -13.6003 3.80729 0.0116463 267.31 -13.872 3.8087
267.49 -13.5374 3.8038 2.4219e-05 267.31 -13.872 3.8087
267.662 -13.8423 3.81211 0.00346049 267.31 -13.872 3.8087
266.953 -14.0883 3.82662 1.3719e-14 267.31 -13.872 3.8087
267.751 -13.4197 3.82809 5.21899e-08 267.31 -13.872 3.8087
267.477 -13.8563 3.81121 0.0712459 267.31 -13.872 3.8087
267.448 -13.5515 3.80616 0.000482241 267.31 -13.872 3.8087
267.258 -13.3527 3.80156 6.1603e-06 267.31 -13.872 3.8087
267.457 -13.8504 3.83195 5.66481e-08 267.31 -13.872 3.8087
267.026 -14.0388 3.81413 0.000186141 267.31 -13.872 3.8087
268.26 -13.5182 3.81386 2.51701e-16 267.31 -13.872 3.8087
267.473 -13.4989 3.80519 4.20189e-05 267.31 -13.872 3.8087
267.468 -13.9373 3.8025 0.000190599 267.31 -13.872 3.8087
267.586 -13.8231 3.80362 1.92553e-05 267.31 -13.872 3.8087
267.441 -14.0113 3.80966 0.0265734 267.31 -13.872 3.8087
267.029 -13.7797 3.82339 7.34418e-10 267.31 -13.872 3.8087
266.974 -13.9693 3.82224 6.66143e-10 267.31 -13.872 3.8087
267.678 -14.0381 3.8325 1.61863e-05 267.31 -13.872 3.8087
267.168 -14.7638 3.80999 1.40786e-15 267.31 -13.872 3.8087
267.662 -13.6143 3.81561 0.00105791 267.31 -13.872 3.8087
267.426 -13.7617 3.8159 0.0546069 267.31 -13.872 3.8087
268.035 -14.6747 3.82667 1.385e-13 267.31 -13.872 3.8087
267.332 -14.2328 3.81369 0.000835929 267.31 -13.872 3.8087
267.676 -13.9242 3.81194 0.00194556 267.31 -13.872 3.8087
