89.6675 -30.8563 3.52545 9.46546e-07
89.0019 -30.2981 3.52696 2.84413e-08
90.1294 -30.4009 3.51961 1.21087e-07
89.4848 -30.0562 3.52509 2.70321e-05
89.3706 -31.1231 3.51733 2.76059e-06
89.7699 -30.3028 3.5092 3.90222e-05
89.5934 -30.6317 3.52554 0.000220485
89.1941 -30.3908 3.51839 0.00174142
89.5972 -30.1111 3.52164 0.000184181
89.5743 -30.6455 3.50879 0.128796
89.4954 -30.8494 3.52228 0.000120263
89.181 -30.7888 3.51011 0.0104006
89.6452 -30.7794 3.51673 0.0246368
88.5376 -30.8401 3.50578 1.71175e-14
89.3674 -30.007 3.51126 4.08698e-08
88.8919 -30.4362 3.5284 7.88457e-11
89.3794 -30.8289 3.51862 0.00349815
89.4877 -30.6374 3.51986 0.0341756
89.545 -30.6709 3.52337 0.001373
88.4939 -30.1319 3.51425 2.14602e-19
89.3291 -30.9402 3.53467 3.96895e-16
89.4415 -30.2364 3.53232 8.04839e-07
89.3889 -30.9471 3.51649 0.00152434
89.4396 -30.6742 3.52722 1.13956e-05
89.792 -30.5847 3.51079 0.00936437
89.4287 -30.5852 3.51712 0.133083
89.8024 -30.3827 3.51091 0.000466679
89.9077 -30.1631 3.53848 2.84961e-12
89.1465 -30.4041 3.52974 1.17125e-07
89.1374 -30.4668 3.5137 0.00162273
89.6806 -30.7997 3.5239 2.78917e-05
89.542 -30.682 3.52181 0.00497177
89.5703 -30.7839 3.52182 0.00081312
89.6192 -30.7752 3.51462 0.0784369
89.3237 -30.7034 3.52627 7.04554e-06
89.4788 -30.4053 3.51173 0.0279719
89.2324 -30.1384 3.51968 3.46418e-05
89.4775 -30.2215 3.51927 0.0030769
89.5356 -31.2569 3.53283 2.76456e-21
89.9887 -30.882 3.50913 2.17004e-05
88.944 -30.9241 3.52322 6.77995e-11
89.2516 -30.7903 3.51938 0.000726822
88.8967 -30.7372 3.51752 2.15508e-07
89.2045 -30.9466 3.51881 1.51163e-05
89.0587 -30.649 3.51603 0.000275208
89.7571 -30.7895 3.50486 0.00361567
89.7174 -29.9782 3.49795 1.06896e-18
89.5265 -30.6516 3.52127 0.011351
89.5504 -30.689 3.52659 2.55776e-05
89.8981 -30.7043 3.52488 1.57409e-06
89.3774 -30.4846 3.52085 0.0181191
88.9343 -30.9859 3.54072 3.45606e-29
89.0673 -30.4674 3.5328 7.52665e-11
89.2768 -30.6229 3.51432 0.0580326
89.2653 -31.2921 3.51887 6.38054e-11
90.1714 -30.7662 3.52253 4.49129e-10
89.0217 -30.0498 3.51955 1.22901e-08
89.4431 -30.7932 3.50139 0.00585154
88.9786 -30.9318 3.49857 4.97554e-07
89.3561 -30.7129 3.5191 0.0120077
89.3102 -30.8824 3.52224 1.24423e-05
89.4233 -30.6284 3.51638 0.152314
89.1116 -31.0849 3.5062 6.42734e-05
89.751 -30.806 3.52076 0.000247339
89.7597 -31.2157 3.50516 1.53657e-05
89.6697 -30.0461 3.52427 1.40528e-05
89.5077 -30.7809 3.52573 9.67093e-06
88.8182 -30.2088 3.51438 1.86766e-10
89.1311 -30.228 3.52589 2.0473e-06
89.6835 -30.7244 3.50992 0.0743845
89.8272 -30.9569 3.52285 1.14326e-07
89.4411 -29.9641 3.5298 2.43109e-07
89.9096 -30.4231 3.50888 2.10135e-05
89.4565 -30.4467 3.5313 1.46344e-06
88.8323 -30.3379 3.53263 2.84033e-14
89.2398 -30.4894 3.51323 0.0162047
89.4747 -30.8526 3.51007 0.142809
89.7616 -30.6064 3.52688 1.34258e-05
90.134 -30.0881 3.51222 4.96133e-12
89.521 -30.3822 3.52578 0.00114143
89.8446 -30.885 3.53221 2.67191e-13
89.3751 -30.6696 3.54461 6.15329e-22
89.8021 -30.4895 3.51448 0.00736859
89.1217 -30.6642 3.51819 0.00050398
90.1464 -30.2989 3.51234 2.44048e-09
89.7486 -30.4707 3.51173 0.00864662
89.6302 -30.4785 3.53082 1.97538e-06
89.605 -30.9755 3.52948 2.34966e-11
89.6505 -30.6036 3.54286 3.10729e-18
90.0654 -30.6826 3.52345 5.91133e-08
89.8013 -30.5573 3.51546 0.0113446
89.2896 -30.0458 3.53336 8.38305e-09
89.9238 -30.4505 3.52734 1.41256e-06
89.2677 -31.1366 3.52791 2.62889e-14
89.3448 -30.6664 3.52168 0.00253922
89.091 -30.1038 3.51522 1.98937e-07
89.8803 -31.1475 3.53294 5.02942e-20
89.7253 -30.9255 3.50522 0.00483265
89.361 -30.6066 3.52386 0.000831558
89.4348 -30.136 3.50599 5.68257e-08
