189.092 -9.29977 3.16756 0.0971127 189.02 -9.4427 3.1644
189.097 -9.32359 3.14531 1.01259e-13 189.02 -9.4427 3.1644
189.155 -8.92104 3.17144 3.03919e-05 189.02 -9.4427 3.1644
188.783 -9.60038 3.15797 0.00740514 189.02 -9.4427 3.1644
189.191 -9.32116 3.16696 0.0253789 189.02 -9.4427 3.1644
189.406 -9.03372 3.16587 2.2191e-07 189.02 -9.4427 3.1644
188.789 -9.33763 3.17118 0.010097 189.02 -9.4427 3.1644
189.678 -9.0814 3.16538 1.27112e-12 189.02 -9.4427 3.1644
188.866 -9.44143 3.17333 0.00944666 189.02 -9.4427 3.1644
187.966 -9.06281 3.15792 4.26623e-16 189.02 -9.4427 3.1644
188.687 -9.32487 3.1654 0.0145853 189.02 -9.4427 3.1644
188.898 -9.19285 3.1622 0.0117727 189.02 -9.4427 3.1644
189.394 -9.4149 3.16823 0.000448121 189.02 -9.4427 3.1644
189.018 -9.44413 3.14658 1.2452e-10 189.02 -9.4427 3.1644
189.168 -9.31065 3.16916 0.067135 189.02 -9.4427 3.1644
188.819 -9.43656 3.16008 0.0490852 189.02 -9.4427 3.1644
188.898 -9.14953 3.17937 1.98779e-05 189.02 -9.4427 3.1644
189.273 -9.4256 3.14701 1.90257e-15 189.02 -9.4427 3.1644
188.711 -9.12644 3.16906 0.00043319 189.02 -9.4427 3.1644
189.004 -9.60373 3.16114 0.00892093 189.02 -9.4427 3.1644
189.333 -9.44112 3.14691 4.47878e-17 189.02 -9.4427 3.1644
188.783 -9.44588 3.18259 1.07113e-08 189.02 -9.4427 3.1644
188.697 -8.98424 3.14364 6.74202e-14 189.02 -9.4427 3.1644
188.584 -9.14404 3.18375 4.74068e-14 189.02 -9.4427 3.1644
189.134 -8.97777 3.15577 1.06343e-09 189.02 -9.4427 3.1644
188.931 -9.34412 3.16154 0.0498781 189.02 -9.4427 3.1644
188.727 -8.95686 3.19521 1.432e-23 189.02 -9.4427 3.1644
189.068 -9.31675 3.17122 0.14074 189.02 -9.4427 3.1644
188.724 -9.45433 3.16857 0.0103831 189.02 -9.4427 3.1644
188.029 -9.54162 3.18087 1.05271e-29 189.02 -9.4427 3.1644
189.158 -9.01389 3.17652 0.000299928 189.02 -9.4427 3.1644
188.866 -9.25329 3.17817 0.000101795 189.02 -9.4427 3.1644
188.681 -9.06499 3.15871 5.81436e-05 189.02 -9.4427 3.1644
189.339 -9.42478 3.17463 0.00925058 189.02 -9.4427 3.1644
189.34 -9.12339 3.16077 7.77338e-08 189.02 -9.4427 3.1644
188.842 -9.22006 3.17647 0.00023436 189.02 -9.4427 3.1644
188.456 -9.05903 3.16187 7.97783e-07 189.02 -9.4427 3.1644
188.939 -9.75224 3.18083 3.78815e-08 189.02 -9.4427 3.1644
189.296 -9.12981 3.15812 1.24373e-08 189.02 -9.4427 3.1644
189.188 -9.02988 3.17294 0.00078884 189.02 -9.4427 3.1644
189.374 -9.0163 3.16326 2.4286e-08 189.02 -9.4427 3.1644
188.904 -9.88776 3.16779 1.75294e-05 189.02 -9.4427 3.1644
189.288 -9.40201 3.1575 3.42231e-07 189.02 -9.4427 3.1644
188.778 -9.34683 3.15175 5.76114e-05 189.02 -9.4427 3.1644
188.429 -9.46994 3.17049 6.88938e-08 189.02 -9.4427 3.1644
189.181 -9.80013 3.16947 0.000115674 189.02 -9.4427 3.1644
189.477 -9.35479 3.18254 0.000130942 189.02 -9.4427 3.1644
188.928 -9.42942 3.15447 0.000267312 189.02 -9.4427 3.1644
189.233 -10.2293 3.16346 1.55768e-14 189.02 -9.4427 3.1644
188.914 -8.89487 3.16294 2.29651e-06 189.02 -9.4427 3.1644
189.005 -9.24699 3.16331 0.0255446 189.02 -9.4427 3.1644
189.059 -9.63506 3.16216 0.00459075 189.02 -9.4427 3.1644
189.427 -9.05458 3.16774 1.05465e-06 189.02 -9.4427 3.1644
188.684 -9.11729 3.15221 2.09494e-06 189.02 -9.4427 3.1644
188.892 -9.66557 3.15788 0.00165971 189.02 -9.4427 3.1644
188.961 -9.55701 3.1694 0.0661314 189.02 -9.4427 3.1644
189.843 -9.45372 3.16528 1.68967e-15 189.02 -9.4427 3.1644
188.93 -9.22546 3.16279 0.0238593 189.02 -9.4427 3.1644
188.387 -8.66362 3.18232 5.47941e-25 189.02 -9.4427 3.1644
189.073 -9.69498 3.17269 0.00213318 189.02 -9.4427 3.1644
188.899 -9.0077 3.1765 1.60566e-05 189.02 -9.4427 3.1644
189.097 -9.29118 3.1646 0.0285371 189.02 -9.4427 3.1644
188.769 -9.76799 3.14981 6.31937e-07 189.02 -9.4427 3.1644
188.11 -9.79077 3.17368 1.35931e-21 189.02 -9.4427 3.1644
189.001 -9.33796 3.15546 0.000111625 189.02 -9.4427 3.1644
189.125 -9.41786 3.14027 2.56663e-19 189.02 -9.4427 3.1644
188.859 -9.28748 3.16698 0.0885945 189.02 -9.4427 3.1644
189.189 -9.40368 3.16502 0.0133175 189.02 -9.4427 3.1644
189.594 -8.66181 3.17852 4.04673e-13 189.02 -9.4427 3.1644
189.091 -9.36493 3.16288 0.0200242 189.02 -9.4427 3.1644
189.61 -9.24815 3.16909 8.52091e-08 189.02 -9.4427 3.1644
189.279 -9.4965 3.17116 0.0142841 189.02 -9.4427 3.1644
189.125 -9.88597 3.16849 1.09888e-05 189.02 -9.4427 3.1644
188.831 -9.28976 3.18376 1.72596e-08 189.02 -9.4427 3.1644
188.826 -9.5837 3.17094 0.00529338 189.02 -9.4427 3.1644
189.147 -9.64275 3.15054 6.21949e-10 189.02 -9.4427 3.1644
189.217 -9.56284 3.16837 0.0119657 189.02 -9.4427 3.1644
188.619 -9.23516 3.17475 1.24603e-06 189.02 -9.4427 3.1644
189.062 -9.15155 3.17645 0.00374104 189.02 -9.4427 3.1644
189.03 -9.26914 3.1745 0.0323206 189.02 -9.4427 3.1644
189.215 -9.48059 3.17598 0.0166537 189.02 -9.4427 3.1644
188.41 -9.39464 3.16525 5.44233e-06 189.02 -9.4427 3.1644
189.292 -9.02645 3.16373 9.09398e-07 189.02 -9.4427 3.1644
189.399 -9.85768 3.17016 2.00881e-07 189.02 -9.4427 3.1644
189.474 -9.00706 3.17068 5.54569e-07 189.02 -9.4427 3.1644
188.785 -10.0019 3.15866 1.53209e-07 189.02 -9.4427 3.1644
188.628 -9.18797 3.17207 1.54068e-05 189.02 -9.4427 3.1644
188.909 -9.17709 3.17732 0.000301463 189.02 -9.4427 3.1644
188.873 -9.17771 3.15813 0.000818609 189.02 -9.4427 3.1644
188.771 -8.85629 3.16478 4.27281e-07 189.02 -9.4427 3.1644
189.532 -9.22922 3.1727 2.29135e-05 189.02 -9.4427 3.1644
189.369 -9.79731 3.1546 1.16294e-12 189.02 -9.4427 3.1644
189.087 -9.17297 3.16502 0.00755217 189.02 -9.4427 3.1644
188.997 -9.64112 3.17115 0.0109907 189.02 -9.4427 3.1644
188.953 -9.37124 3.14672 8.97975e-10 189.02 -9.4427 3.1644
188.162 -8.76422 3.14852 1.09541e-17 189.02 -9.4427 3.1644
189.256 -8.46128 3.16785 1.90263e-17 189.02 -9.4427 3.1644
189.145 -9.32567 3.17149 0.107088 189.02 -9.4427 3.1644
189.477 -9.19061 3.17578 0.000208996 189.02 -9.4427 3.1644
189.148 -9.21971 3.15604 8.65904e-07 189.02 -9.4427 3.1644
