62.4713 14.6393 0.145972 9.28669e-12
62.1961 14.9784 0.13036 0.000332179
62.4383 14.9319 0.139067 1.07074e-07
62.0167 15.3725 0.142805 0.000685673
62.1332 14.7781 0.159369 3.45988e-11
62.1323 15.1482 0.147081 8.19384e-05
62.0362 15.1504 0.145253 0.00235797
62.4829 15.4966 0.126468 2.16697e-11
62.2685 15.1832 0.133373 5.26177e-05
62.0333 15.198 0.144619 0.00243369
61.7048 14.5081 0.155533 2.94435e-08
61.8258 15.5753 0.143686 5.99075e-05
62.3877 14.9468 0.137386 1.28245e-06
62.0271 15.1505 0.133231 0.0146138
61.7805 15.2176 0.142264 0.125427
62.4271 15.1014 0.147422 2.24556e-09
61.4252 15.8113 0.128 1.53917e-11
62.3851 15.4529 0.117348 1.666e-12
62.1163 14.801 0.133589 0.00102103
62.1012 15.2418 0.143791 0.00050491
62.1713 14.7535 0.134479 0.000164632
62.0556 14.8381 0.129646 0.00164516
62.1576 14.914 0.149187 6.53558e-06
61.6532 14.8904 0.148171 0.023111
61.6293 14.7516 0.1375 0.0401494
62.0495 15.162 0.137275 0.0137751
62.3705 14.9992 0.151074 9.42481e-10
62.345 15.0774 0.11322 8.90588e-12
62.2338 14.9814 0.139054 0.000181759
61.7659 15.4545 0.129477 0.000235745
61.8797 15.1445 0.128199 0.00937117
61.6003 15.0148 0.146221 0.108086
62.088 14.7352 0.126901 6.82054e-05
62.7919 14.9648 0.131556 1.14883e-14
62.2507 15.285 0.127609 4.74474e-06
62.0686 15.4693 0.154803 6.85903e-09
62.3496 15.3967 0.150454 1.77855e-10
62.2989 15.1916 0.145061 1.1512e-06
62.1277 15.4455 0.137365 4.11951e-05
61.6946 15.242 0.123482 8.6153e-05
62.671 15.2805 0.155202 4.30655e-19
61.9692 15.8056 0.141877 4.1977e-09
61.7075 15.4086 0.149278 0.000677301
62.2834 15.4697 0.124427 8.36779e-09
62.778 15.2164 0.124977 2.5471e-15
62.0126 15.1211 0.122638 6.69215e-05
62.1467 15.1938 0.138375 0.00122165
62.1907 15.1444 0.128321 0.000125423
62.293 15.1716 0.129341 1.1038e-05
61.982 14.9323 0.154375 5.67924e-06
62.6524 15.421 0.135264 2.99823e-13
61.7976 15.5397 0.136137 0.000304399
62.0256 15.0928 0.145814 0.00277492
62.2028 15.026 0.123058 6.17755e-06
62.0357 14.6752 0.137938 0.000665105
62.0716 15.2778 0.126913 0.00014657
62.3189 15.5981 0.133179 2.8476e-09
62.5287 15.2272 0.131277 2.27384e-09
62.4279 15.6215 0.126085 3.23119e-12
62.0562 15.4831 0.132705 4.11875e-05
61.8146 15.1134 0.131807 0.0866902
62.4563 14.4876 0.122835 1.71185e-12
62.0848 14.9048 0.149147 4.61099e-05
61.7608 15.2259 0.144008 0.0820494
61.5439 14.6869 0.154051 1.68718e-05
61.6161 15.0139 0.138959 0.408538
62.4421 15.3278 0.141782 4.77936e-09
62.1121 15.5134 0.133288 7.59148e-06
61.5536 15.0531 0.11706 3.64712e-08
61.8816 14.8435 0.127626 0.00397756
62.3822 15.036 0.139412 1.21941e-06
62.1003 15.1746 0.136841 0.00461614
62.2636 15.3737 0.13417 4.9043e-06
62.3011 15.0212 0.126911 5.81389e-06
62.2223 15.4926 0.144262 1.67376e-07
62.2599 14.9223 0.136331 9.42075e-05
61.7989 14.6529 0.137412 0.00632017
62.5408 15.1229 0.132896 3.57515e-09
62.2055 15.2002 0.158423 6.72277e-11
62.3676 15.0106 0.141695 8.95474e-07
62.1887 15.5967 0.136467 1.62277e-07
62.0113 14.8357 0.128492 0.0018096
61.8466 15.3343 0.136699 0.0241468
61.5343 14.9698 0.12778 0.0022309
61.8749 14.6939 0.139832 0.00725752
62.2348 14.5452 0.142372 6.54513e-08
62.4435 13.8477 0.153851 3.47466e-30
61.909 15.2031 0.145539 0.0133282
62.0957 15.2087 0.138321 0.00347705
61.9376 15.2149 0.162632 3.86034e-10
62.0971 15.0034 0.149834 3.3769e-05
62.7399 15.1305 0.158111 2.65177e-22
62.1379 15.0381 0.136725 0.00339316
62.3781 15.1771 0.136525 1.52466e-06
62.3626 15.0629 0.153566 1.01206e-10
62.136 15.0196 0.130348 0.00134444
62.4868 14.923 0.122257 7.28758e-10
62.5581 15.2992 0.134286 2.84983e-10
61.9835 15.3895 0.148427 6.03828e-05
62.2809 15.5265 0.151552 4.98765e-11
