204.09 25.8961 0.0583881 2.64708e-12
203.134 25.6401 0.0517778 3.28123e-08
203.433 25.2356 0.0587986 0.0637167
203.546 25.9034 0.0709612 4.31496e-07
203.56 25.0656 0.061598 0.0355263
203.359 25.0454 0.0437018 7.41312e-07
203.278 24.4881 0.0715428 3.43582e-12
203.507 25.4672 0.0677264 0.0530649
203.602 25.6353 0.0486056 1.76604e-06
203.357 24.9445 0.0616494 0.00200929
203.747 25.0758 0.0775302 1.62745e-05
203.196 25.0334 0.0639733 0.00111024
203.807 25.1626 0.0658071 0.00382887
203.676 24.757 0.0669588 3.56273e-06
203.318 25.4073 0.0580213 0.00693431
203.328 24.9057 0.0833344 7.25574e-08
203.114 24.7405 0.0598314 4.98403e-08
202.873 25.0003 0.067473 3.68667e-08
203.817 25.5155 0.0671009 0.000750343
203.399 24.8207 0.0586939 8.68811e-05
203.769 25.6548 0.054225 1.11188e-05
203.887 24.7574 0.0628452 1.93977e-07
203.11 24.8613 0.0579949 1.06458e-06
203.812 24.9105 0.0659538 4.98292e-05
203.382 24.9228 0.0567592 0.000607848
204.118 24.9411 0.0541567 2.2021e-08
203.196 24.784 0.0608548 1.89938e-06
203.502 24.941 0.0834118 1.49357e-07
203.292 24.6909 0.0426337 3.71249e-11
203.374 24.6625 0.0668166 2.1092e-07
203.798 24.6869 0.0851433 1.197e-14
203.835 24.9448 0.0514181 2.74984e-05
203.368 25.0876 0.0679725 0.0223483
203.649 25.4059 0.0651536 0.0500056
203.44 24.818 0.0796194 1.2418e-07
203.99 24.3465 0.0681554 1.9995e-18
203.971 25.4062 0.0495507 2.28847e-06
203.688 25.0943 0.0671003 0.0108581
203.364 24.9981 0.0642972 0.00703018
203.135 24.789 0.0784716 7.03689e-09
203.787 24.5096 0.0801323 6.50263e-16
203.592 24.674 0.068107 2.28798e-07
203.495 24.7886 0.0843573 3.8892e-10
203.73 25.6116 0.0619625 0.000668005
203.272 25.3631 0.0547435 0.000982927
203.628 24.6853 0.0836851 2.43756e-12
203.618 24.7601 0.0680358 5.2108e-06
203.763 25.2074 0.07485 0.000366057
203.213 24.7284 0.0455737 2.61738e-10
203.465 24.8951 0.0503525 4.14495e-05
203.535 24.9827 0.0541372 0.00189908
203.638 25.0033 0.0697523 0.00198407
203.093 25.1922 0.0741304 0.000219105
203.986 24.7769 0.0654309 1.03328e-08
204.004 24.7528 0.0440708 1.40131e-10
203.219 25.122 0.0779767 0.000181495
203.49 25.01 0.0811131 7.56664e-06
203.377 25.3444 0.0727656 0.0333712
203.689 25.4738 0.051946 0.000438342
203.632 25.0101 0.0556922 0.00406291
203.362 24.1951 0.0577122 1.58441e-18
203.296 25.4271 0.0677592 0.0261825
203.164 24.8401 0.080483 1.73183e-08
203.787 24.7894 0.082108 3.72694e-11
202.867 24.83 0.0649068 3.7127e-10
203.048 25.6008 0.0878335 6.99536e-09
203.653 25.2277 0.0617706 0.0757817
203.033 24.7545 0.0766443 5.50598e-10
203.693 24.7753 0.06429 1.07388e-05
203.382 24.6826 0.0587276 7.12611e-07
203.19 24.9505 0.0352445 2.00191e-13
203.468 25.2435 0.0615579 0.136953
204.188 25.2021 0.0502344 6.93952e-09
203.593 24.5813 0.0754739 5.56293e-11
203.606 25.1941 0.0672565 0.0686786
202.915 24.9958 0.0725683 9.14393e-08
204.136 25.1192 0.0777986 4.20263e-11
203.347 25.1895 0.0745057 0.00847557
203.008 24.6199 0.0465665 1.67321e-14
203.308 24.6123 0.064951 1.75191e-08
203.657 25.0274 0.0638544 0.00993533
203.389 24.6933 0.0724485 1.07402e-07
203.373 25.149 0.070062 0.0312652
203.451 25.0238 0.0542276 0.00267168
203.165 24.9036 0.092563 6.1364e-13
203.226 24.809 0.0679084 6.39585e-06
203.614 24.9381 0.0774247 8.1244e-06
203.688 25.0599 0.0675049 0.00595809
203.215 24.8281 0.0673646 1.06481e-05
203.365 25.0583 0.0684713 0.0128432
203.793 24.8527 0.0763661 5.89709e-08
203.326 24.78 0.0860678 5.81908e-11
203.432 25.2354 0.0579443 0.0488664
203.579 25.4694 0.0699238 0.0259085
203.608 25.2242 0.0580785 0.058157
203.392 25.2389 0.0704085 0.0620204
202.995 24.9626 0.0754995 2.27588e-07
203.51 25.0181 0.0629197 0.0193938
203.529 25.2812 0.0691495 0.102772
203.341 25.1919 0.0774412 0.0018764
