25.6642 -86.0185 3.79019 0.00624783
25.4449 -86.9515 3.80878 5.9151e-16
25.537 -86.0106 3.80291 0.000583458
25.2338 -86.6231 3.79191 9.96564e-08
25.4836 -86.1443 3.79125 0.0196579
25.4906 -86.3771 3.80622 1.40068e-05
24.8833 -86.5806 3.77151 2.84242e-19
25.6787 -86.6133 3.7909 3.22329e-05
24.9007 -86.3948 3.79436 1.56381e-12
24.8793 -86.0676 3.79073 1.51965e-11
24.9418 -85.9449 3.78321 1.64965e-10
25.9454 -86.1208 3.78496 5.16828e-08
25.0426 -86.5497 3.78431 2.31598e-10
25.6774 -86.007 3.79779 0.070986
25.0738 -86.0996 3.78661 3.36301e-07
25.6235 -86.923 3.79578 6.24869e-10
25.3528 -86.1679 3.803 6.48387e-06
25.2467 -86.1589 3.79126 0.000176457
25.6584 -85.5833 3.79333 5.16127e-08
25.2997 -86.274 3.77794 5.72312e-09
24.663 -86.1404 3.78193 8.27175e-16
25.5175 -86.4344 3.79421 0.00869204
25.4 -86.1525 3.80729 1.10523e-07
25.3076 -86.088 3.7782 1.50411e-08
25.6201 -86.9169 3.8068 1.95373e-11
25.4339 -86.0539 3.79279 0.00705665
25.4284 -85.8989 3.7686 5.05594e-19
25.4078 -86.2073 3.80482 7.23362e-06
25.2938 -86.221 3.79542 0.000335212
25.6983 -86.6357 3.80981 4.77932e-07
25.4877 -86.4628 3.78253 2.73182e-07
25.6196 -86.1697 3.79247 0.0877501
25.0121 -86.2827 3.77359 2.01172e-13
25.5262 -86.2099 3.81056 1.30631e-07
25.346 -85.7222 3.79106 4.05966e-07
25.3922 -86.3827 3.78652 0.00010044
25.3027 -86.4358 3.78097 3.99137e-08
25.3584 -86.4706 3.78975 9.06072e-05
25.9488 -86.1861 3.80149 0.29325
25.1922 -86.3229 3.76358 7.05212e-24
25.1398 -86.6255 3.78429 3.49927e-10
25.3107 -86.421 3.7855 7.95894e-06
25.3416 -86.1425 3.78305 1.29447e-05
24.7239 -85.8573 3.78451 6.60629e-16
24.6535 -86.2755 3.79421 1.51427e-19
25.0892 -86.835 3.78266 2.38065e-15
25.458 -86.3029 3.78432 4.60257e-05
26.2222 -86.034 3.80982 0.000254998
25.4617 -86.0933 3.76363 1.46119e-25
25.4928 -86.3332 3.79578 0.0257307
25.1267 -86.3385 3.78485 3.8217e-07
25.6241 -86.5179 3.8062 8.93044e-05
24.9877 -86.071 3.7835 4.86687e-09
25.7165 -86.1919 3.78236 3.4275e-07
25.5096 -86.3118 3.79286 0.0296499
25.6435 -86.4142 3.7999 0.0471312
25.3496 -86.8779 3.78878 8.91506e-12
25.8197 -86.0239 3.79281 0.01216
25.7744 -86.4493 3.79074 0.000910953
25.808 -86.0269 3.80794 0.00137197
25.2397 -86.263 3.79664 2.34719e-05
25.0274 -86.7059 3.78036 2.17822e-14
25.8098 -85.9772 3.78066 2.96569e-10
25.4909 -85.2588 3.78562 3.07465e-18
25.0339 -86.6695 3.77223 6.01339e-19
25.3346 -86.137 3.77423 1.15051e-11
24.9558 -85.9421 3.78296 2.47051e-10
25.5441 -86.505 3.7935 0.00229475
25.8581 -86.7276 3.80608 8.44568e-06
25.2845 -85.8415 3.79357 2.84707e-06
24.892 -86.1477 3.7759 6.46791e-13
25.5414 -86.0036 3.80069 0.0032298
25.1815 -86.371 3.78647 2.50575e-06
24.8822 -86.4411 3.76934 3.53399e-19
25.6437 -86.2462 3.78279 2.25704e-06
25.8871 -86.5686 3.78825 2.31152e-07
26.0191 -86.8625 3.78208 2.94154e-20
25.7243 -86.5323 3.78889 3.19846e-05
25.8472 -86.2929 3.79392 0.0466732
25.8469 -86.3175 3.78907 0.000291322
25.2249 -86.133 3.78799 5.48275e-05
25.1537 -86.2324 3.78314 6.34839e-07
25.1989 -86.6434 3.79419 1.08051e-08
25.5307 -86.7105 3.80187 1.01593e-06
24.9066 -86.1071 3.8017 2.52538e-16
25.6438 -86.6531 3.81313 3.70865e-10
25.9643 -86.2376 3.79411 0.00938954
24.6214 -85.9171 3.80783 2.5882e-35
25.2908 -86.6772 3.77887 8.09936e-13
25.5263 -85.9463 3.7941 0.00572769
25.6877 -86.1791 3.80243 0.10441
25.6206 -86.134 3.79573 0.190921
25.1957 -86.7719 3.76534 1.77322e-28
25.5656 -86.2807 3.79087 0.0243024
25.7559 -86.4984 3.78878 4.45677e-05
25.38 -86.0003 3.7873 0.00023207
25.3469 -86.9244 3.79392 3.93177e-12
25.0825 -86.1531 3.81004 3.09123e-18
25.9374 -85.5799 3.80312 1.65363e-08
25.7901 -86.7042 3.78852 2.30303e-08
