254.709 -18.1384 3.23969 1.68866e-12 254.56 -18.525 3.2589
255.044 -18.3559 3.25689 1.95424e-05 254.56 -18.525 3.2589
254.696 -18.8508 3.25504 0.0598942 254.56 -18.525 3.2589
254.915 -18.4205 3.25615 0.00166209 254.56 -18.525 3.2589
254.476 -18.525 3.27276 8.46299e-11 254.56 -18.525 3.2589
254.048 -18.8733 3.26113 7.3887e-10 254.56 -18.525 3.2589
254.64 -18.5537 3.26549 0.00475786 254.56 -18.525 3.2589
254.327 -18.1385 3.25945 1.69399e-08 254.56 -18.525 3.2589
254.581 -18.0118 3.25179 7.84358e-08 254.56 -18.525 3.2589
254.842 -18.1291 3.26405 1.98266e-07 254.56 -18.525 3.2589
254.732 -18.9732 3.25898 0.0243795 254.56 -18.525 3.2589
254.802 -18.9915 3.25926 0.01189 254.56 -18.525 3.2589
254.495 -18.4892 3.26768 1.80991e-06 254.56 -18.525 3.2589
254.186 -18.566 3.2743 9.63305e-20 254.56 -18.525 3.2589
254.201 -18.4545 3.27896 2.55134e-27 254.56 -18.525 3.2589
254.318 -18.5917 3.26974 9.76028e-11 254.56 -18.525 3.2589
254.929 -18.7892 3.2681 0.0502263 254.56 -18.525 3.2589
254.683 -17.9435 3.25972 1.9007e-10 254.56 -18.525 3.2589
254.663 -18.2095 3.25142 7.31361e-05 254.56 -18.525 3.2589
254.598 -19.1692 3.25948 5.44484e-05 254.56 -18.525 3.2589
254.368 -18.9843 3.24324 4.09192e-07 254.56 -18.525 3.2589
254.767 -18.5864 3.27715 2.45452e-09 254.56 -18.525 3.2589
255.293 -18.2704 3.24281 1.11983e-23 254.56 -18.525 3.2589
255.366 -18.5481 3.26298 5.08336e-07 254.56 -18.525 3.2589
255.052 -19.0255 3.28264 1.31314e-09 254.56 -18.525 3.2589
253.948 -18.5913 3.27119 1.9776e-23 254.56 -18.525 3.2589
255.03 -18.3115 3.27722 2.28924e-10 254.56 -18.525 3.2589
254.533 -19.0108 3.25671 0.00410601 254.56 -18.525 3.2589
255.163 -19.1178 3.2658 3.36345e-05 254.56 -18.525 3.2589
253.82 -18.388 3.25775 3.6296e-14 254.56 -18.525 3.2589
255.109 -19.2314 3.25914 8.58527e-09 254.56 -18.525 3.2589
254.58 -18.4132 3.25817 0.0298841 254.56 -18.525 3.2589
254 -18.8226 3.25179 3.6216e-06 254.56 -18.525 3.2589
254.704 -19.0659 3.26377 0.00202993 254.56 -18.525 3.2589
254.702 -18.5116 3.26627 0.0030118 254.56 -18.525 3.2589
254.279 -18.2723 3.24898 0.000529386 254.56 -18.525 3.2589
254.1 -18.3498 3.25436 3.53201e-06 254.56 -18.525 3.2589
254.897 -18.1496 3.2556 7.22936e-07 254.56 -18.525 3.2589
254.336 -18.2208 3.26237 1.08465e-08 254.56 -18.525 3.2589
254.451 -18.4989 3.25776 0.036122 254.56 -18.525 3.2589
254.703 -18.5799 3.24529 1.53864e-05 254.56 -18.525 3.2589
253.791 -18.4006 3.24444 1.08355e-07 254.56 -18.525 3.2589
254.504 -18.4891 3.26268 0.00181813 254.56 -18.525 3.2589
253.784 -18.4363 3.25875 1.12595e-15 254.56 -18.525 3.2589
254.661 -18.2839 3.23577 7.40072e-14 254.56 -18.525 3.2589
255.095 -18.1357 3.25138 8.13693e-12 254.56 -18.525 3.2589
255.143 -18.6547 3.27591 4.91929e-05 254.56 -18.525 3.2589
254.018 -18.817 3.25861 1.20232e-08 254.56 -18.525 3.2589
255.086 -19.1515 3.27029 6.57637e-05 254.56 -18.525 3.2589
254.775 -17.8777 3.24286 7.01785e-16 254.56 -18.525 3.2589
254.698 -18.1003 3.26419 2.10443e-08 254.56 -18.525 3.2589
254.487 -18.6972 3.26167 0.0224282 254.56 -18.525 3.2589
254.439 -18.0381 3.26479 1.3571e-12 254.56 -18.525 3.2589
255.14 -18.1099 3.26827 5.56258e-10 254.56 -18.525 3.2589
254.624 -18.9283 3.25555 0.0277868 254.56 -18.525 3.2589
254.674 -18.1608 3.2551 2.99567e-05 254.56 -18.525 3.2589
254.28 -18.568 3.27052 1.38606e-12 254.56 -18.525 3.2589
254.967 -18.3088 3.27964 5.53693e-13 254.56 -18.525 3.2589
254.312 -18.3811 3.25825 0.000132222 254.56 -18.525 3.2589
255.146 -18.0482 3.28426 3.48938e-22 254.56 -18.525 3.2589
254.356 -18.5035 3.24338 0.00100929 254.56 -18.525 3.2589
254.827 -18.2887 3.26934 9.08895e-07 254.56 -18.525 3.2589
253.902 -19.2228 3.27219 7.32592e-29 254.56 -18.525 3.2589
254.556 -18.6414 3.27574 2.99054e-11 254.56 -18.525 3.2589
254.207 -18.6122 3.26364 7.41583e-08 254.56 -18.525 3.2589
254.595 -18.6994 3.27064 7.81566e-06 254.56 -18.525 3.2589
254.835 -18.4503 3.28206 5.88487e-15 254.56 -18.525 3.2589
254.715 -18.9959 3.25999 0.0179216 254.56 -18.525 3.2589
254.529 -18.6009 3.25747 0.290475 254.56 -18.525 3.2589
254.236 -18.553 3.26342 2.05918e-07 254.56 -18.525 3.2589
254.727 -18.504 3.24917 0.0011152 254.56 -18.525 3.2589
254.696 -18.4222 3.28413 7.27674e-21 254.56 -18.525 3.2589
254.577 -18.1865 3.26114 4.38071e-06 254.56 -18.525 3.2589
254.276 -18.4986 3.25283 0.0143571 254.56 -18.525 3.2589
254.926 -18.0974 3.26701 3.75371e-09 254.56 -18.525 3.2589
254.842 -18.5433 3.25206 0.0017141 254.56 -18.525 3.2589
254.822 -17.9065 3.267 3.57122e-14 254.56 -18.525 3.2589
254.135 -18.2174 3.267 5.00016e-17 254.56 -18.525 3.2589
254.416 -18.2429 3.25844 2.54685e-05 254.56 -18.525 3.2589
254.772 -18.1741 3.25261 6.33462e-06 254.56 -18.525 3.2589
253.638 -18.1217 3.25821 3.5696e-24 254.56 -18.525 3.2589
255.046 -18.948 3.26678 0.0114028 254.56 -18.525 3.2589
254.366 -18.1967 3.25019 0.000122002 254.56 -18.525 3.2589
255.139 -18.9944 3.27095 0.00119988 254.56 -18.525 3.2589
254.733 -19.0174 3.27755 1.50578e-09 254.56 -18.525 3.2589
254.711 -18.3467 3.27829 1.67355e-14 254.56 -18.525 3.2589
253.79 -18.0006 3.25799 1.44078e-21 254.56 -18.525 3.2589
254.606 -18.8167 3.25693 0.248118 254.56 -18.525 3.2589
255.134 -18.6732 3.2644 0.00799921 254.56 -18.525 3.2589
254.504 -19.0518 3.25943 0.000818742 254.56 -18.525 3.2589
253.934 -18.9896 3.25723 4.02308e-11 254.56 -18.525 3.2589
254.493 -18.4848 3.25603 0.099317 254.56 -18.525 3.2589
254.584 -18.221 3.2732 1.06685e-13 254.56 -18.525 3.2589
255.07 -18.4664 3.26498 0.00195389 254.56 -18.525 3.2589
254.451 -18.8228 3.24662 0.000930169 254.56 -18.525 3.2589
254.98 -18.8867 3.27439 0.00026218 254.56 -18.525 3.2589
254.431 -18.8914 3.25591 0.0202288 254.56 -18.525 3.2589
254.649 -18.3895 3.27594 2.12788e-12 254.56 -18.525 3.2589
255.221 -18.0345 3.28166 1.46318e-19 254.56 -18.525 3.2589
254.702 -18.0353 3.25374 9.61816e-08 254.56 -18.525 3.2589
