164.626 -11.0585 3.25689 3.30721e-05 164.37 -11.239 3.2618
164.158 -11.6888 3.25101 0.000145281 164.37 -11.239 3.2618
164.676 -11.2611 3.25508 2.8163e-05 164.37 -11.239 3.2618
164.625 -10.8812 3.25252 4.15834e-09 164.37 -11.239 3.2618
164.351 -10.869 3.26676 4.55428e-05 164.37 -11.239 3.2618
164.812 -10.614 3.24842 2.00859e-19 164.37 -11.239 3.2618
164.813 -11.0276 3.26792 9.10849e-05 164.37 -11.239 3.2618
164.721 -11.3462 3.25336 1.2605e-06 164.37 -11.239 3.2618
164.41 -10.6878 3.25551 2.82712e-09 164.37 -11.239 3.2618
164.885 -11.0665 3.25425 2.13307e-10 164.37 -11.239 3.2618
163.98 -10.4535 3.25878 3.22225e-15 164.37 -11.239 3.2618
163.532 -11.3188 3.2534 1.72727e-08 164.37 -11.239 3.2618
163.973 -11.1501 3.26041 0.00136477 164.37 -11.239 3.2618
164.291 -10.4002 3.27467 4.85824e-18 164.37 -11.239 3.2618
164.645 -11.4174 3.2597 0.00656384 164.37 -11.239 3.2618
163.661 -10.6741 3.25964 1.89617e-14 164.37 -11.239 3.2618
164.143 -11.2988 3.2587 0.109337 164.37 -11.239 3.2618
164.675 -10.7087 3.26541 7.89522e-09 164.37 -11.239 3.2618
164.359 -11.3486 3.27111 0.227892 164.37 -11.239 3.2618
164.079 -11.4321 3.26382 0.0435745 164.37 -11.239 3.2618
163.854 -11.0971 3.25428 6.00618e-05 164.37 -11.239 3.2618
164.357 -11.3005 3.25189 0.00195362 164.37 -11.239 3.2618
164.549 -11.0617 3.25889 0.000787649 164.37 -11.239 3.2618
164.483 -11.1391 3.25332 0.000169547 164.37 -11.239 3.2618
164.745 -11.099 3.25799 6.58258e-06 164.37 -11.239 3.2618
164.397 -10.978 3.25289 1.89084e-05 164.37 -11.239 3.2618
164.103 -10.9905 3.27075 5.68406e-06 164.37 -11.239 3.2618
164.599 -11.0648 3.24523 6.14242e-11 164.37 -11.239 3.2618
164.354 -11.2829 3.25799 0.113096 164.37 -11.239 3.2618
164.372 -11.7373 3.24917 9.19236e-07 164.37 -11.239 3.2618
164.354 -10.9975 3.2653 0.00340029 164.37 -11.239 3.2618
164.329 -11.1118 3.24915 3.07707e-05 164.37 -11.239 3.2618
164.967 -11.2793 3.2562 1.09277e-09 164.37 -11.239 3.2618
164.226 -11.2979 3.25053 0.00228439 164.37 -11.239 3.2618
164.726 -11.1042 3.23515 3.15263e-22 164.37 -11.239 3.2618
164.401 -11.433 3.24556 5.22665e-07 164.37 -11.239 3.2618
163.809 -11.1582 3.26659 3.28244e-07 164.37 -11.239 3.2618
163.5 -11.2158 3.26409 1.56674e-12 164.37 -11.239 3.2618
164.442 -10.8805 3.24042 7.17606e-14 164.37 -11.239 3.2618
164.63 -11.0575 3.25193 1.9439e-07 164.37 -11.239 3.2618
164.123 -11.8995 3.25565 6.16407e-06 164.37 -11.239 3.2618
164.74 -10.7082 3.25324 2.5158e-13 164.37 -11.239 3.2618
164.392 -11.3126 3.23298 1.15761e-16 164.37 -11.239 3.2618
164.658 -11.1929 3.24959 3.15576e-08 164.37 -11.239 3.2618
164.587 -11.3927 3.25228 2.57843e-05 164.37 -11.239 3.2618
164.705 -10.9018 3.26313 4.16201e-06 164.37 -11.239 3.2618
164.638 -11.3435 3.25861 0.0032731 164.37 -11.239 3.2618
164.68 -11.179 3.26743 0.02553 164.37 -11.239 3.2618
164.024 -11.3966 3.26832 0.00153577 164.37 -11.239 3.2618
164.645 -11.8014 3.24679 1.92244e-12 164.37 -11.239 3.2618
164.277 -10.5003 3.27655 4.07366e-16 164.37 -11.239 3.2618
164.849 -11.3085 3.23654 1.98464e-23 164.37 -11.239 3.2618
163.96 -11.3142 3.25525 0.00627563 164.37 -11.239 3.2618
164.39 -11.0882 3.26985 0.0142834 164.37 -11.239 3.2618
164.706 -11.0894 3.26484 0.00141033 164.37 -11.239 3.2618
163.854 -11.1225 3.2495 3.24971e-05 164.37 -11.239 3.2618
164.447 -10.9681 3.25644 8.88682e-05 164.37 -11.239 3.2618
164.576 -10.7541 3.25782 1.33608e-08 164.37 -11.239 3.2618
164.417 -10.7171 3.25264 1.3034e-09 164.37 -11.239 3.2618
164.913 -10.888 3.24789 2.5967e-17 164.37 -11.239 3.2618
164.421 -11.0474 3.25149 1.92383e-05 164.37 -11.239 3.2618
164.409 -11.1193 3.26944 0.034832 164.37 -11.239 3.2618
164.317 -10.9656 3.25356 5.83798e-05 164.37 -11.239 3.2618
164.36 -11.0819 3.25949 0.0128838 164.37 -11.239 3.2618
164.136 -11.4052 3.2468 0.000140174 164.37 -11.239 3.2618
164.71 -11.1166 3.24962 1.56046e-09 164.37 -11.239 3.2618
164.255 -11.0574 3.24728 4.90924e-06 164.37 -11.239 3.2618
164.122 -11.3238 3.29175 3.78143e-16 164.37 -11.239 3.2618
164.928 -11.0001 3.24825 4.66981e-16 164.37 -11.239 3.2618
164.623 -11.7291 3.25051 1.02316e-08 164.37 -11.239 3.2618
164.673 -11.2759 3.27164 0.12671 164.37 -11.239 3.2618
164.223 -11.4171 3.27127 0.0325184 164.37 -11.239 3.2618
164.784 -11.6039 3.25891 1.42729e-05 164.37 -11.239 3.2618
164.219 -10.7893 3.24339 5.91214e-11 164.37 -11.239 3.2618
164.504 -11.2019 3.25086 1.92115e-05 164.37 -11.239 3.2618
163.558 -10.9809 3.2332 1.01898e-13 164.37 -11.239 3.2618
164.278 -11.1289 3.26311 0.0530215 164.37 -11.239 3.2618
164.136 -11.3586 3.25507 0.0466208 164.37 -11.239 3.2618
164.261 -11.1096 3.26261 0.0336214 164.37 -11.239 3.2618
163.893 -11.3139 3.25916 0.00137934 164.37 -11.239 3.2618
164.388 -10.8956 3.27177 2.47004e-05 164.37 -11.239 3.2618
164.345 -10.6822 3.26403 2.59028e-08 164.37 -11.239 3.2618
164.278 -11.6363 3.24939 4.33255e-05 164.37 -11.239 3.2618
164.384 -10.1157 3.26513 7.71034e-25 164.37 -11.239 3.2618
164.045 -10.6364 3.2652 3.5716e-11 164.37 -11.239 3.2618
164.028 -11.3119 3.24882 0.000832615 164.37 -11.239 3.2618
164.617 -11.1016 3.25512 2.02386e-05 164.37 -11.239 3.2618
164.346 -10.9347 3.24134 2.53953e-11 164.37 -11.239 3.2618
164.523 -11.1406 3.25853 0.00441717 164.37 -11.239 3.2618
164.598 -10.9018 3.27144 5.36214e-05 164.37 -11.239 3.2618
163.833 -11.2241 3.25106 0.000130639 164.37 -11.239 3.2618
164.38 -10.6442 3.2502 1.13432e-11 164.37 -11.239 3.2618
163.854 -10.9962 3.24439 1.7256e-07 164.37 -11.239 3.2618
164.052 -11.2773 3.2615 0.0263345 164.37 -11.239 3.2618
164.128 -11.1754 3.25504 0.0117778 164.37 -11.239 3.2618
164.302 -11.6743 3.26066 0.033719 164.37 -11.239 3.2618
164.285 -11.1226 3.24983 0.000126411 164.37 -11.239 3.2618
164.606 -11.2498 3.25911 0.00557114 164.37 -11.239 3.2618
164.371 -11.5361 3.25525 0.0117462 164.37 -11.239 3.2618
164.797 -10.624 3.26408 4.7337e-12 164.37 -11.239 3.2618
