56.6383 13.7279 0.142861 4.34959e-17 57.411 13.298 0.13716
58.1142 12.6686 0.138682 6.90028e-14 57.411 13.298 0.13716
58.0746 13.4332 0.144641 1.34355e-07 57.411 13.298 0.13716
57.4139 13.4188 0.13754 0.0841244 57.411 13.298 0.13716
57.5886 13.3224 0.119774 5.69962e-09 57.411 13.298 0.13716
57.9296 13.3435 0.121997 2.546e-07 57.411 13.298 0.13716
57.7323 12.8727 0.133917 6.63631e-05 57.411 13.298 0.13716
57.1054 13.8011 0.133941 3.45161e-10 57.411 13.298 0.13716
57.6054 12.5151 0.142986 1.88214e-14 57.411 13.298 0.13716
57.2468 13.8109 0.145808 2.39725e-06 57.411 13.298 0.13716
57.4059 13.4565 0.120555 7.40677e-11 57.411 13.298 0.13716
57.739 13.7343 0.135444 0.000160909 57.411 13.298 0.13716
57.2404 13.7791 0.149081 1.1239e-06 57.411 13.298 0.13716
57.7224 13.6151 0.134632 0.00376102 57.411 13.298 0.13716
57.6933 13.1878 0.139467 0.0566144 57.411 13.298 0.13716
57.97 14.0769 0.142737 3.10305e-13 57.411 13.298 0.13716
57.1159 13.3689 0.143149 0.000144331 57.411 13.298 0.13716
57.366 13.2971 0.147956 0.000996384 57.411 13.298 0.13716
57.3979 13.4504 0.133703 0.00838022 57.411 13.298 0.13716
57.1813 12.7276 0.145796 8.09975e-12 57.411 13.298 0.13716
57.5149 12.9937 0.117967 1.98255e-11 57.411 13.298 0.13716
57.8374 13.2164 0.138496 0.01228 57.411 13.298 0.13716
57.7834 13.3237 0.104319 2.2181e-26 57.411 13.298 0.13716
57.082 13.4381 0.139716 2.97056e-05 57.411 13.298 0.13716
57.5026 13.2709 0.13132 0.0174254 57.411 13.298 0.13716
57.5859 13.6203 0.133233 0.00209912 57.411 13.298 0.13716
57.1263 13.2248 0.138902 8.75062e-05 57.411 13.298 0.13716
57.649 13.9144 0.122945 3.10939e-14 57.411 13.298 0.13716
56.6827 13.498 0.131626 1.5314e-18 57.411 13.298 0.13716
57.6225 13.6092 0.12465 1.84676e-07 57.411 13.298 0.13716
57.6216 13.23 0.130858 0.0266048 57.411 13.298 0.13716
57.5589 13.1232 0.156591 2.82432e-11 57.411 13.298 0.13716
58.1213 13.4348 0.135063 5.56397e-06 57.411 13.298 0.13716
57.4059 13.3639 0.144029 0.0357036 57.411 13.298 0.13716
57.387 13.2098 0.125887 5.1394e-06 57.411 13.298 0.13716
57.5964 13.9506 0.122801 1.89733e-15 57.411 13.298 0.13716
57.0979 13.4796 0.142677 5.68287e-05 57.411 13.298 0.13716
57.0823 13.6698 0.146112 1.33673e-06 57.411 13.298 0.13716
57.6449 13.4959 0.139177 0.109253 57.411 13.298 0.13716
56.9794 12.9238 0.132617 1.8527e-11 57.411 13.298 0.13716
57.8177 13.0885 0.143156 0.000114913 57.411 13.298 0.13716
57.6078 12.5658 0.130747 5.93356e-11 57.411 13.298 0.13716
57.584 13.6458 0.13441 0.00230178 57.411 13.298 0.13716
58.3328 13.4127 0.136955 1.3104e-10 57.411 13.298 0.13716
57.76 13.4642 0.15764 5.56629e-12 57.411 13.298 0.13716
57.4263 13.4954 0.13599 0.027505 57.411 13.298 0.13716
57.4704 13.1043 0.133703 0.0117774 57.411 13.298 0.13716
57.2802 13.2826 0.114527 4.03653e-18 57.411 13.298 0.13716
57.7085 13.7511 0.135056 0.00010228 57.411 13.298 0.13716
57.7114 13.4003 0.137795 0.1546 57.411 13.298 0.13716
57.8767 12.7864 0.143785 3.62338e-10 57.411 13.298 0.13716
57.7853 13.294 0.135471 0.0735214 57.411 13.298 0.13716
57.8457 13.5032 0.127516 6.93007e-05 57.411 13.298 0.13716
57.4588 13.3216 0.149598 0.00030395 57.411 13.298 0.13716
56.9817 13.3714 0.137746 2.62313e-07 57.411 13.298 0.13716
57.2499 13.6912 0.134492 3.67184e-06 57.411 13.298 0.13716
56.9356 12.9418 0.12758 8.80153e-15 57.411 13.298 0.13716
57.5599 12.8863 0.128009 7.18333e-06 57.411 13.298 0.13716
57.2085 13.1366 0.128791 5.72383e-07 57.411 13.298 0.13716
56.7016 13.3224 0.143801 3.44327e-13 57.411 13.298 0.13716
58.5182 13.527 0.133432 2.62242e-15 57.411 13.298 0.13716
57.4371 13.4362 0.151897 2.83048e-05 57.411 13.298 0.13716
57.231 13.4466 0.145704 0.00114023 57.411 13.298 0.13716
57.5832 13.482 0.141216 0.113925 57.411 13.298 0.13716
57.3788 12.5879 0.155398 6.1234e-21 57.411 13.298 0.13716
57.9146 13.2849 0.138031 0.00388332 57.411 13.298 0.13716
57.9532 13.5324 0.129332 3.25003e-05 57.411 13.298 0.13716
57.3072 13.2546 0.138301 0.015133 57.411 13.298 0.13716
56.9764 13.3305 0.145636 4.44806e-07 57.411 13.298 0.13716
57.5154 13.4954 0.135137 0.0479081 57.411 13.298 0.13716
57.492 13.3582 0.12599 3.36236e-05 57.411 13.298 0.13716
57.3698 13.4905 0.139261 0.0327517 57.411 13.298 0.13716
57.2931 12.8533 0.131108 1.66553e-07 57.411 13.298 0.13716
57.03 13.8177 0.147819 3.07666e-09 57.411 13.298 0.13716
57.303 14.2699 0.162706 3.67141e-23 57.411 13.298 0.13716
57.7982 13.6405 0.149423 1.08501e-06 57.411 13.298 0.13716
57.7718 13.1535 0.138145 0.0204775 57.411 13.298 0.13716
57.0053 12.9193 0.141388 1.05979e-09 57.411 13.298 0.13716
57.5135 13.2497 0.156082 2.6954e-09 57.411 13.298 0.13716
57.9052 13.1443 0.116807 1.11377e-10 57.411 13.298 0.13716
57.6468 13.4845 0.139951 0.109217 57.411 13.298 0.13716
57.5529 13.1414 0.168822 4.44242e-26 57.411 13.298 0.13716
58.7321 13.2196 0.142324 2.29587e-24 57.411 13.298 0.13716
57.3258 13.4732 0.143457 0.0132949 57.411 13.298 0.13716
57.7265 13.1652 0.119397 1.9856e-08 57.411 13.298 0.13716
57.2332 13.3391 0.130751 2.21091e-05 57.411 13.298 0.13716
57.2333 13.4994 0.153137 1.33183e-06 57.411 13.298 0.13716
57.3687 13.2228 0.143219 0.0133906 57.411 13.298 0.13716
57.5471 12.9234 0.144331 9.49229e-06 57.411 13.298 0.13716
57.6757 13.6475 0.129764 5.98524e-05 57.411 13.298 0.13716
57.1476 13.4343 0.145313 0.000190466 57.411 13.298 0.13716
57.1537 12.7365 0.133 5.98798e-11 57.411 13.298 0.13716
57.9269 12.8545 0.125955 1.63293e-07 57.411 13.298 0.13716
57.3585 12.5001 0.134149 1.06072e-13 57.411 13.298 0.13716
57.4429 12.8526 0.128652 8.24139e-07 57.411 13.298 0.13716
57.8099 13.6805 0.140277 0.000368163 57.411 13.298 0.13716
57.253 12.9432 0.143253 2.96922e-06 57.411 13.298 0.13716
57.2941 14.4094 0.154286 6.42743e-22 57.411 13.298 0.13716
57.3124 13.2413 0.150934 1.12338e-05 57.411 13.298 0.13716
57.445 13.1545 0.150915 4.07135e-06 57.411 13.298 0.13716
