106.261 19.4118 0.0772443 4.07591e-09
106.766 19.6209 0.0597389 1.58628e-10
106.539 18.8967 0.072396 1.86466e-09
106.078 18.856 0.074693 1.12461e-05
106.626 19.0709 0.075863 8.56343e-13
106.131 18.8613 0.0787248 2.29874e-08
105.973 19.4868 0.0711358 0.000153803
106.415 18.8586 0.080997 1.14697e-13
106.539 18.8394 0.0682652 8.02345e-08
106.481 19.2403 0.0764915 1.18495e-10
106.474 19.4052 0.0840742 2.03947e-18
106.719 18.7647 0.0750683 4.66008e-16
106.155 18.9529 0.0764948 1.31613e-06
106.249 19.557 0.0692632 8.29536e-06
105.888 18.6097 0.0839842 2.26587e-13
106.06 18.7588 0.070136 0.00013271
106.188 19.4895 0.0653236 0.00324484
106.703 19.1477 0.0696828 2.5363e-10
106.04 19.3398 0.0840528 5.44419e-12
106.624 19.536 0.0710174 8.50618e-12
106.337 18.8119 0.0629883 0.000582147
106.75 18.788 0.053378 3.65257e-09
106.871 19.024 0.0503336 1.36529e-09
106.432 18.8979 0.0639666 0.000220216
105.879 19.0561 0.0779128 5.78997e-06
106.387 18.826 0.0523959 0.000219516
106.107 19.4752 0.073989 2.74984e-06
106.219 18.567 0.0773041 1.41862e-11
106.315 18.8693 0.0811501 3.60125e-12
106.23 19.155 0.072012 0.000223945
106.424 18.5126 0.0547193 3.88649e-09
106.187 18.6681 0.0816865 7.15762e-13
106.74 19.1229 0.0551854 1.31907e-06
106.748 19.0737 0.0674521 3.29399e-10
106.695 19.1799 0.0891926 3.97325e-28
106.578 18.8322 0.0753657 1.4785e-12
106.413 19.041 0.0723186 9.99916e-07
106.91 19.2038 0.0749398 2.27689e-19
105.874 19.4438 0.077421 2.7272e-07
105.691 18.7101 0.0620682 1.60611e-05
105.889 18.7759 0.0698075 0.000330597
106.725 18.3297 0.0510133 1.17674e-17
106.114 19.0511 0.0673276 0.0616099
106.344 18.8718 0.0761081 7.36361e-09
105.961 18.7847 0.044753 3.00822e-08
106.306 19.2168 0.0545103 0.163734
106.651 19.2504 0.0552991 4.28629e-05
106.644 18.897 0.0561805 3.01753e-06
106.08 18.7896 0.0742178 5.07602e-06
106.298 19.2559 0.0620005 0.0927692
105.819 18.4668 0.0712568 2.33837e-09
106.779 19.4005 0.0732007 1.80146e-15
106.112 19.0412 0.0864662 7.68749e-14
106.055 18.798 0.0609314 0.0110518
106.528 18.6006 0.0779728 4.50652e-16
106.052 18.8572 0.0639945 0.0289115
106.22 18.8743 0.0749282 1.0303e-06
106.257 18.7252 0.0540674 0.000125085
106.28 19.5412 0.0668374 6.85221e-05
105.893 18.6602 0.0755605 1.25876e-07
106.934 18.9525 0.065602 2.1897e-14
106.048 19.0427 0.0692716 0.02474
106.751 19.0736 0.0789685 2.50993e-18
106.445 19.0007 0.0607083 0.00292059
106.216 19.0024 0.0815757 1.1763e-10
106.357 18.6808 0.0654711 3.06179e-06
106.242 18.8162 0.0557216 0.0034909
105.96 19.0006 0.0707897 0.00761498
106.944 19.6509 0.0689359 1.13859e-19
106.376 18.7508 0.0654572 1.51069e-05
106.299 19.0319 0.0650789 0.0151272
105.821 19.0362 0.074366 0.000299966
106.492 19.2082 0.0524221 0.00375361
106.84 19.0514 0.0623076 3.11121e-10
106.388 18.981 0.058965 0.0128907
106.204 18.6141 0.0787096 1.25661e-11
106.547 18.9106 0.0594055 6.01056e-05
106.866 19.287 0.0778418 6.01857e-21
106.566 18.7914 0.0645668 2.11529e-07
106.704 19.5883 0.0859572 3.81913e-28
106.535 18.9449 0.0873454 7.42369e-22
106.445 19.306 0.0563816 0.0121478
106.584 18.5307 0.074052 1.2648e-15
106.213 19.1718 0.0716596 0.000447411
106.259 19.1262 0.0581547 0.386696
105.997 18.8203 0.0562993 0.00569558
106.099 19.0291 0.0808238 7.0893e-09
106.062 18.7499 0.0744048 1.98998e-06
105.979 19.066 0.0732458 0.00116441
106.518 19.5088 0.0768275 1.23877e-13
105.789 19.1756 0.0717385 0.00295649
107.096 18.7741 0.0751209 4.63339e-27
106.275 18.5858 0.0609793 2.32332e-06
106.522 18.7715 0.0762964 1.139e-12
106.355 19.1689 0.0647967 0.00922515
106.443 19.1088 0.0586473 0.0126492
107.274 18.8461 0.0693764 1.82811e-28
106.471 18.6905 0.0648314 2.69306e-07
106.73 18.7305 0.0825585 4.57817e-23
106.063 19.3622 0.0644443 0.134618
