47.9538 -64.5252 3.9626 1.0457e-27 47.893 -63.878 3.947
47.6799 -64.1049 3.96247 3.47554e-14 47.893 -63.878 3.947
48.0997 -63.8012 3.9376 3.00031e-06 47.893 -63.878 3.947
48.1963 -64.0132 3.95522 3.95112e-10 47.893 -63.878 3.947
47.5614 -64.0065 3.95535 2.95607e-08 47.893 -63.878 3.947
47.4087 -64.4419 3.95189 7.44888e-20 47.893 -63.878 3.947
47.8696 -63.8311 3.9454 0.0251242 47.893 -63.878 3.947
47.9508 -64.3725 3.93469 1.88187e-13 47.893 -63.878 3.947
48.0997 -63.9792 3.93083 1.88351e-10 47.893 -63.878 3.947
48.2238 -64.1996 3.95201 1.33996e-13 47.893 -63.878 3.947
47.6155 -63.6365 3.95539 0.000352324 47.893 -63.878 3.947
47.8958 -64.3215 3.93176 2.35335e-12 47.893 -63.878 3.947
47.6282 -63.7125 3.96293 7.57083e-09 47.893 -63.878 3.947
47.939 -64.2457 3.9399 2.78506e-09 47.893 -63.878 3.947
47.6885 -63.5872 3.94301 0.112419 47.893 -63.878 3.947
47.7388 -63.9832 3.95055 0.000125963 47.893 -63.878 3.947
47.4123 -63.6021 3.96894 5.46795e-17 47.893 -63.878 3.947
47.949 -63.2398 3.95998 8.2382e-08 47.893 -63.878 3.947
48.4469 -63.5256 3.92873 1.56018e-22 47.893 -63.878 3.947
47.4891 -63.3766 3.94681 0.000113535 47.893 -63.878 3.947
47.9147 -63.917 3.95917 1.37327e-07 47.893 -63.878 3.947
47.9725 -64.366 3.94289 8.73637e-13 47.893 -63.878 3.947
47.5007 -63.4788 3.956 5.26098e-06 47.893 -63.878 3.947
47.6983 -63.94 3.94754 0.00247746 47.893 -63.878 3.947
47.7358 -63.6327 3.96058 5.16515e-06 47.893 -63.878 3.947
47.9391 -63.6648 3.94281 0.0156338 47.893 -63.878 3.947
48.3651 -63.7289 3.93862 4.4225e-12 47.893 -63.878 3.947
47.9335 -63.2497 3.95505 3.45851e-06 47.893 -63.878 3.947
48.0855 -63.8364 3.94646 0.0001345 47.893 -63.878 3.947
47.3894 -63.7997 3.93708 0.000337825 47.893 -63.878 3.947
47.5926 -63.7277 3.97158 2.14754e-17 47.893 -63.878 3.947
47.3862 -64.528 3.95467 1.9279e-25 47.893 -63.878 3.947
47.4569 -63.9634 3.97353 5.19289e-26 47.893 -63.878 3.947
47.8677 -64.0063 3.93545 2.8333e-05 47.893 -63.878 3.947
47.758 -63.8632 3.94953 0.00774017 47.893 -63.878 3.947
48.1285 -63.9197 3.9417 1.92857e-06 47.893 -63.878 3.947
47.7807 -63.6474 3.94751 0.156604 47.893 -63.878 3.947
47.6632 -63.9999 3.94367 0.00120454 47.893 -63.878 3.947
47.8736 -64.3175 3.93998 1.86518e-10 47.893 -63.878 3.947
47.6548 -64.0377 3.93442 5.88625e-05 47.893 -63.878 3.947
47.8188 -64.1072 3.96569 2.83741e-16 47.893 -63.878 3.947
48.0298 -63.8424 3.95334 6.31607e-05 47.893 -63.878 3.947
47.4452 -64.1923 3.93564 3.46281e-08 47.893 -63.878 3.947
47.3215 -63.781 3.95152 2.56048e-07 47.893 -63.878 3.947
47.9093 -64.3667 3.95788 8.02805e-18 47.893 -63.878 3.947
46.9148 -63.3089 3.94665 3.51676e-19 47.893 -63.878 3.947
47.5615 -63.584 3.95995 4.50344e-07 47.893 -63.878 3.947
47.5877 -63.6286 3.92949 8.08295e-06 47.893 -63.878 3.947
47.6776 -63.7763 3.94431 0.12052 47.893 -63.878 3.947
47.5612 -63.5431 3.94886 0.00857258 47.893 -63.878 3.947
47.8272 -63.6962 3.95079 0.0385283 47.893 -63.878 3.947
47.9647 -64.4476 3.94283 3.0895e-15 47.893 -63.878 3.947
46.9135 -63.592 3.9539 5.82359e-20 47.893 -63.878 3.947
48.0081 -63.7118 3.95017 0.00339544 47.893 -63.878 3.947
47.8399 -64.1124 3.94232 1.23089e-05 47.893 -63.878 3.947
47.8473 -63.6762 3.94393 0.102238 47.893 -63.878 3.947
47.8762 -64.2831 3.94968 5.24835e-11 47.893 -63.878 3.947
47.7792 -63.8375 3.94583 0.0467064 47.893 -63.878 3.947
47.6087 -64.0967 3.94923 1.02396e-06 47.893 -63.878 3.947
47.7902 -63.643 3.96189 1.26231e-06 47.893 -63.878 3.947
47.7971 -64.1781 3.94449 6.53502e-07 47.893 -63.878 3.947
47.8878 -64.0704 3.94218 3.1542e-05 47.893 -63.878 3.947
47.4787 -64.5677 3.94905 5.90851e-22 47.893 -63.878 3.947
47.7238 -63.8284 3.9481 0.0283199 47.893 -63.878 3.947
48.2185 -63.941 3.94159 1.69589e-08 47.893 -63.878 3.947
47.192 -63.4902 3.95306 8.12968e-11 47.893 -63.878 3.947
47.3712 -63.909 3.95446 4.34968e-09 47.893 -63.878 3.947
48.1249 -63.9253 3.95657 3.75409e-08 47.893 -63.878 3.947
48.2296 -64.3503 3.95034 1.7543e-17 47.893 -63.878 3.947
48.1302 -63.5513 3.95836 2.16503e-06 47.893 -63.878 3.947
47.5839 -63.4957 3.94431 0.01427 47.893 -63.878 3.947
47.9971 -63.4533 3.93956 2.48323e-05 47.893 -63.878 3.947
48.0955 -63.7856 3.95053 0.000117704 47.893 -63.878 3.947
47.7885 -63.6041 3.95361 0.0103016 47.893 -63.878 3.947
48.3964 -63.8065 3.94094 2.56221e-12 47.893 -63.878 3.947
47.6867 -63.6061 3.94539 0.154195 47.893 -63.878 3.947
48.277 -63.6692 3.95743 1.34325e-08 47.893 -63.878 3.947
47.4754 -63.8879 3.9587 1.14859e-09 47.893 -63.878 3.947
47.7192 -64.4162 3.94177 9.67632e-13 47.893 -63.878 3.947
47.1852 -63.6979 3.93222 1.77457e-08 47.893 -63.878 3.947
47.7289 -64.2167 3.94606 5.56309e-08 47.893 -63.878 3.947
47.8652 -63.8206 3.95719 3.23722e-05 47.893 -63.878 3.947
47.6623 -63.6562 3.97055 9.78998e-15 47.893 -63.878 3.947
47.7275 -64.1043 3.92851 3.12307e-08 47.893 -63.878 3.947
47.9065 -64.3315 3.95019 9.63741e-13 47.893 -63.878 3.947
47.7622 -64.4621 3.94441 9.84302e-15 47.893 -63.878 3.947
47.1924 -63.8684 3.95875 1.16947e-15 47.893 -63.878 3.947
47.1182 -64.301 3.96921 2.17827e-39 47.893 -63.878 3.947
47.1143 -64.414 3.94273 1.14504e-20 47.893 -63.878 3.947
47.705 -63.4949 3.94386 0.0360699 47.893 -63.878 3.947
47.6102 -64.2909 3.96782 1.4082e-25 47.893 -63.878 3.947
48.1887 -63.9277 3.95738 1.97337e-09 47.893 -63.878 3.947
47.8634 -64.3678 3.94321 6.38494e-12 47.893 -63.878 3.947
47.5292 -64.6102 3.9546 1.18811e-26 47.893 -63.878 3.947
47.5937 -63.7262 3.95486 0.000188335 47.893 -63.878 3.947
47.61 -64.0873 3.93601 2.35684e-05 47.893 -63.878 3.947
47.3446 -63.8546 3.93734 5.4138e-05 47.893 -63.878 3.947
47.8778 -63.8378 3.95527 0.000143186 47.893 -63.878 3.947
47.6986 -63.6949 3.94058 0.112942 47.893 -63.878 3.947
47.7073 -63.5081 3.95558 0.000863171 47.893 -63.878 3.947
