54.9628 -56.3744 3.94345 3.8974e-11 55.316 -56.226 3.9313
55.1486 -55.9475 3.9205 0.00390792 55.316 -56.226 3.9313
55.404 -56.2251 3.9443 5.37547e-06 55.316 -56.226 3.9313
55.4651 -56.4146 3.95048 1.19011e-12 55.316 -56.226 3.9313
56.1286 -56.6555 3.95197 8.20352e-29 55.316 -56.226 3.9313
54.8997 -55.494 3.93355 1.02541e-14 55.316 -56.226 3.9313
55.5912 -56.1133 3.94875 6.62172e-09 55.316 -56.226 3.9313
55.5469 -55.5608 3.92872 2.96773e-10 55.316 -56.226 3.9313
55.3487 -55.4748 3.9584 6.585e-23 55.316 -56.226 3.9313
54.9672 -55.7395 3.92208 1.04938e-07 55.316 -56.226 3.9313
55.1672 -55.1271 3.95275 6.36112e-31 55.316 -56.226 3.9313
55.8564 -56.348 3.93387 3.46079e-08 55.316 -56.226 3.9313
55.1224 -56.795 3.92897 1.00198e-09 55.316 -56.226 3.9313
55.2329 -56.8227 3.93663 5.37653e-13 55.316 -56.226 3.9313
55.7481 -56.446 3.93817 3.4813e-08 55.316 -56.226 3.9313
55.2213 -55.9878 3.93354 0.0350831 55.316 -56.226 3.9313
55.9338 -56.0023 3.93383 1.30813e-09 55.316 -56.226 3.9313
55.3975 -56.1198 3.93313 0.22141 55.316 -56.226 3.9313
55.5125 -56.3706 3.94386 2.45753e-07 55.316 -56.226 3.9313
55.5186 -56.7711 3.94939 2.70222e-20 55.316 -56.226 3.9313
55.7192 -56.3213 3.93334 3.34912e-05 55.316 -56.226 3.9313
55.6167 -56.7233 3.92513 3.59354e-09 55.316 -56.226 3.9313
55.9537 -56.0213 3.94426 5.45438e-12 55.316 -56.226 3.9313
55.1261 -56.3972 3.95009 2.38062e-14 55.316 -56.226 3.9313
55.8855 -56.4747 3.94997 2.2859e-17 55.316 -56.226 3.9313
55.5894 -56.4713 3.94999 1.2421e-13 55.316 -56.226 3.9313
55.3009 -55.9922 3.92004 0.0116208 55.316 -56.226 3.9313
55.676 -55.4622 3.93373 4.6666e-14 55.316 -56.226 3.9313
56.1273 -56.3464 3.93968 1.05729e-16 55.316 -56.226 3.9313
55.4698 -56.2511 3.92785 0.205417 55.316 -56.226 3.9313
55.8159 -56.3476 3.92922 4.49585e-07 55.316 -56.226 3.9313
55.8522 -56.5436 3.94037 1.49336e-12 55.316 -56.226 3.9313
55.6818 -56.4605 3.93567 1.32684e-06 55.316 -56.226 3.9313
55.8432 -55.9001 3.95542 1.04634e-16 55.316 -56.226 3.9313
55.1549 -56.2336 3.94468 9.8761e-08 55.316 -56.226 3.9313
55.1379 -55.7326 3.92484 7.80667e-06 55.316 -56.226 3.9313
55.5688 -56.2175 3.95263 2.56525e-12 55.316 -56.226 3.9313
55.2901 -56.5791 3.94378 6.7801e-11 55.316 -56.226 3.9313
55.5643 -56 3.9258 0.00313666 55.316 -56.226 3.9313
55.0581 -56.2094 3.92485 0.113796 55.316 -56.226 3.9313
55.5191 -55.692 3.93337 1.39117e-06 55.316 -56.226 3.9313
55.8995 -55.9097 3.9319 1.33907e-09 55.316 -56.226 3.9313
55.7403 -55.6785 3.93198 8.43416e-10 55.316 -56.226 3.9313
55.9434 -56.1422 3.9363 1.27883e-09 55.316 -56.226 3.9313
55.8071 -56.4793 3.92689 2.44475e-08 55.316 -56.226 3.9313
55.3598 -56.4526 3.9388 1.98861e-05 55.316 -56.226 3.9313
55.5739 -56.081 3.93316 0.0119447 55.316 -56.226 3.9313
55.459 -56.3839 3.94258 1.43329e-06 55.316 -56.226 3.9313
55.6566 -55.7187 3.93825 5.43843e-08 55.316 -56.226 3.9313
55.8063 -56.4344 3.94762 1.19651e-13 55.316 -56.226 3.9313
55.9577 -55.8617 3.94262 1.5129e-12 55.316 -56.226 3.9313
55.8315 -55.7362 3.9349 2.37466e-10 55.316 -56.226 3.9313
55.369 -56.3728 3.9281 0.145504 55.316 -56.226 3.9313
55.5648 -56.8644 3.93014 9.79952e-13 55.316 -56.226 3.9313
55.749 -56.3348 3.93063 1.33279e-05 55.316 -56.226 3.9313
55.4334 -55.3622 3.94523 4.7124e-17 55.316 -56.226 3.9313
55.6121 -56.0601 3.9394 0.000195959 55.316 -56.226 3.9313
55.5377 -55.7654 3.94868 2.9041e-10 55.316 -56.226 3.9313
54.9588 -56.0037 3.94902 1.07848e-13 55.316 -56.226 3.9313
55.3134 -56.1497 3.94642 3.23622e-07 55.316 -56.226 3.9313
55.5284 -55.3413 3.9481 3.90058e-19 55.316 -56.226 3.9313
55.3661 -56.8056 3.93256 1.96243e-10 55.316 -56.226 3.9313
55.7341 -55.7928 3.93349 1.50849e-07 55.316 -56.226 3.9313
55.5357 -56.0822 3.94254 5.27477e-05 55.316 -56.226 3.9313
55.5285 -56.068 3.94381 1.38879e-05 55.316 -56.226 3.9313
56.1232 -56.4461 3.93999 6.6014e-18 55.316 -56.226 3.9313
55.3598 -56.5306 3.93987 2.88597e-07 55.316 -56.226 3.9313
55.6468 -55.7469 3.9303 4.19888e-07 55.316 -56.226 3.9313
55.7337 -56.3799 3.93975 1.16734e-07 55.316 -56.226 3.9313
56.0374 -55.7131 3.93277 2.80685e-16 55.316 -56.226 3.9313
55.6465 -56.6477 3.93711 4.67298e-10 55.316 -56.226 3.9313
55.559 -55.9471 3.92371 0.000386764 55.316 -56.226 3.9313
55.7125 -55.4591 3.95016 3.27185e-18 55.316 -56.226 3.9313
55.7335 -56.3168 3.94687 1.73405e-10 55.316 -56.226 3.9313
56.0137 -55.987 3.9317 4.60134e-12 55.316 -56.226 3.9313
55.1855 -56.4406 3.92799 0.0234603 55.316 -56.226 3.9313
55.5768 -56.556 3.93469 1.41166e-06 55.316 -56.226 3.9313
55.0922 -55.7937 3.92641 7.58657e-05 55.316 -56.226 3.9313
55.586 -56.3294 3.94214 2.12784e-06 55.316 -56.226 3.9313
55.8899 -55.9423 3.94731 3.26248e-12 55.316 -56.226 3.9313
55.3414 -56.7056 3.93173 1.58718e-07 55.316 -56.226 3.9313
55.4452 -56.2975 3.94337 4.82292e-06 55.316 -56.226 3.9313
55.899 -56.3031 3.94363 1.72494e-11 55.316 -56.226 3.9313
55.3033 -55.865 3.92914 0.00867829 55.316 -56.226 3.9313
55.378 -56.1879 3.93355 0.196799 55.316 -56.226 3.9313
55.6053 -55.9935 3.94082 4.51548e-05 55.316 -56.226 3.9313
55.6067 -56.3389 3.93285 0.00120695 55.316 -56.226 3.9313
55.6128 -56.0476 3.93696 0.000815352 55.316 -56.226 3.9313
55.8072 -56.4024 3.94523 1.02497e-11 55.316 -56.226 3.9313
55.6444 -56.3761 3.93868 5.39853e-06 55.316 -56.226 3.9313
55.3473 -55.9905 3.9173 0.000760474 55.316 -56.226 3.9313
55.0298 -56.0745 3.93034 0.00992443 55.316 -56.226 3.9313
55.8284 -56.5113 3.92445 1.49076e-09 55.316 -56.226 3.9313
55.9561 -55.8803 3.95149 3.35723e-16 55.316 -56.226 3.9313
55.125 -56.4275 3.95384 1.13409e-18 55.316 -56.226 3.9313
56.0224 -56.1051 3.92978 5.85088e-12 55.316 -56.226 3.9313
55.5498 -55.8592 3.9513 4.4732e-11 55.316 -56.226 3.9313
55.9131 -56.1543 3.93363 1.24043e-08 55.316 -56.226 3.9313
55.5875 -56.1723 3.93481 0.00566452 55.316 -56.226 3.9313
55.702 -56.3736 3.94419 3.42498e-09 55.316 -56.226 3.9313
