202.383 -9.20887 3.08934 7.9948e-06 202.19 -9.5145 3.0912
202.846 -9.24866 3.10515 1.21467e-05 202.19 -9.5145 3.0912
202.09 -9.27821 3.10525 1.07706e-06 202.19 -9.5145 3.0912
202.56 -10.0029 3.09483 0.00050316 202.19 -9.5145 3.0912
202.018 -9.06986 3.10617 3.36624e-10 202.19 -9.5145 3.0912
202.295 -10.1258 3.07507 2.03935e-06 202.19 -9.5145 3.0912
201.998 -9.82042 3.10526 2.42042e-08 202.19 -9.5145 3.0912
202.669 -9.88258 3.11119 7.40393e-06 202.19 -9.5145 3.0912
201.657 -9.52584 3.08697 1.96547e-05 202.19 -9.5145 3.0912
201.428 -8.80591 3.11706 2.32442e-38 202.19 -9.5145 3.0912
202.44 -9.56427 3.08587 0.00102183 202.19 -9.5145 3.0912
202.832 -9.66097 3.11235 1.75773e-05 202.19 -9.5145 3.0912
202.532 -9.60394 3.09373 0.027012 202.19 -9.5145 3.0912
202.413 -9.1593 3.10129 9.88302e-05 202.19 -9.5145 3.0912
202.312 -9.03568 3.09926 1.21738e-06 202.19 -9.5145 3.0912
202.223 -8.92136 3.08634 4.46926e-12 202.19 -9.5145 3.0912
202.617 -9.05504 3.09948 7.09525e-07 202.19 -9.5145 3.0912
202.057 -9.30601 3.08353 2.25623e-05 202.19 -9.5145 3.0912
202.162 -9.07474 3.07928 5.21322e-12 202.19 -9.5145 3.0912
201.857 -9.15364 3.1129 1.19372e-16 202.19 -9.5145 3.0912
201.428 -9.26872 3.09737 5.92286e-16 202.19 -9.5145 3.0912
202.355 -9.62092 3.09711 0.15044 202.19 -9.5145 3.0912
201.928 -8.94319 3.09965 1.85772e-11 202.19 -9.5145 3.0912
202.495 -9.17711 3.10558 7.09278e-05 202.19 -9.5145 3.0912
202.261 -9.80261 3.10367 0.000226679 202.19 -9.5145 3.0912
202.079 -9.53015 3.09701 0.0094642 202.19 -9.5145 3.0912
202.69 -9.5792 3.09173 0.000191537 202.19 -9.5145 3.0912
201.893 -9.91502 3.10997 3.28303e-15 202.19 -9.5145 3.0912
202.422 -9.5235 3.11423 1.55789e-07 202.19 -9.5145 3.0912
201.881 -9.67671 3.10478 4.63202e-09 202.19 -9.5145 3.0912
201.988 -8.99555 3.09787 1.9122e-09 202.19 -9.5145 3.0912
202.529 -8.93911 3.09281 1.80259e-10 202.19 -9.5145 3.0912
202.601 -9.40041 3.09425 0.000878887 202.19 -9.5145 3.0912
202.529 -8.75851 3.0997 2.27929e-12 202.19 -9.5145 3.0912
202.599 -9.44269 3.0971 0.00572867 202.19 -9.5145 3.0912
201.939 -9.42972 3.10769 1.03007e-09 202.19 -9.5145 3.0912
202.378 -9.2941 3.09957 0.00296136 202.19 -9.5145 3.0912
202.292 -9.44732 3.08634 0.00221314 202.19 -9.5145 3.0912
202.102 -9.33081 3.10493 4.61341e-06 202.19 -9.5145 3.0912
201.972 -9.64708 3.10857 4.68622e-10 202.19 -9.5145 3.0912
202.483 -9.77095 3.09447 0.0545241 202.19 -9.5145 3.0912
201.572 -9.51618 3.08723 7.97117e-07 202.19 -9.5145 3.0912
202.689 -9.37737 3.11238 2.31365e-05 202.19 -9.5145 3.0912
202.523 -9.26952 3.08742 6.47755e-07 202.19 -9.5145 3.0912
202.216 -9.24639 3.08782 4.22216e-05 202.19 -9.5145 3.0912
202.646 -9.2385 3.09919 0.000109974 202.19 -9.5145 3.0912
201.707 -9.53564 3.09387 2.43306e-06 202.19 -9.5145 3.0912
202.002 -9.51599 3.07269 2.27999e-07 202.19 -9.5145 3.0912
202.382 -8.99151 3.0789 2.82214e-16 202.19 -9.5145 3.0912
202.391 -9.30197 3.08995 0.000217053 202.19 -9.5145 3.0912
202.094 -9.97971 3.10418 5.54383e-08 202.19 -9.5145 3.0912
201.754 -9.40703 3.09449 1.58647e-06 202.19 -9.5145 3.0912
202.322 -8.36408 3.08402 1.45488e-32 202.19 -9.5145 3.0912
202.204 -9.12142 3.10107 5.51322e-06 202.19 -9.5145 3.0912
202.582 -9.04378 3.10169 1.45094e-06 202.19 -9.5145 3.0912
202.043 -9.3951 3.09636 0.00133218 202.19 -9.5145 3.0912
201.737 -9.01435 3.07684 1.22996e-14 202.19 -9.5145 3.0912
201.673 -9.30604 3.07851 2.48629e-08 202.19 -9.5145 3.0912
202.402 -9.59001 3.09741 0.1242 202.19 -9.5145 3.0912
203.089 -9.03221 3.10101 1.06101e-12 202.19 -9.5145 3.0912
202.293 -9.15201 3.10431 1.21838e-05 202.19 -9.5145 3.0912
202.065 -8.60255 3.10532 1.6141e-18 202.19 -9.5145 3.0912
202.352 -9.70082 3.09494 0.210183 202.19 -9.5145 3.0912
202.019 -10.0275 3.08524 0.0206361 202.19 -9.5145 3.0912
202.041 -10.0689 3.08655 0.00922056 202.19 -9.5145 3.0912
201.856 -9.7916 3.09305 0.00084545 202.19 -9.5145 3.0912
202.237 -9.58503 3.06513 3.87457e-15 202.19 -9.5145 3.0912
202.147 -9.24332 3.11194 1.12322e-09 202.19 -9.5145 3.0912
203.052 -9.20187 3.10731 3.10278e-08 202.19 -9.5145 3.0912
202.372 -8.7776 3.1077 8.64825e-12 202.19 -9.5145 3.0912
202.763 -9.45172 3.0928 9.12447e-06 202.19 -9.5145 3.0912
202.525 -9.24022 3.10828 7.6685e-05 202.19 -9.5145 3.0912
202.231 -8.79896 3.08838 2.31844e-14 202.19 -9.5145 3.0912
202.066 -9.47189 3.06751 3.11055e-12 202.19 -9.5145 3.0912
202.262 -9.96286 3.0855 0.0254115 202.19 -9.5145 3.0912
202.135 -10.0117 3.09622 0.00059451 202.19 -9.5145 3.0912
201.655 -9.64572 3.0715 2.57598e-06 202.19 -9.5145 3.0912
201.885 -9.69674 3.08833 0.0211165 202.19 -9.5145 3.0912
202.465 -9.52336 3.08928 0.00476771 202.19 -9.5145 3.0912
202.697 -9.03427 3.0925 2.02155e-10 202.19 -9.5145 3.0912
202.14 -8.93135 3.10037 1.83896e-09 202.19 -9.5145 3.0912
202.522 -9.69397 3.11169 2.8184e-06 202.19 -9.5145 3.0912
202.998 -9.05802 3.09357 1.86339e-14 202.19 -9.5145 3.0912
202.52 -9.16873 3.08758 2.22061e-08 202.19 -9.5145 3.0912
202.691 -9.09531 3.09367 1.07022e-08 202.19 -9.5145 3.0912
202.095 -9.40546 3.08645 0.00240723 202.19 -9.5145 3.0912
202.111 -9.43015 3.11306 1.64889e-10 202.19 -9.5145 3.0912
202.195 -9.73716 3.08222 0.0205457 202.19 -9.5145 3.0912
202.047 -9.42546 3.09678 0.00192484 202.19 -9.5145 3.0912
202.518 -9.18386 3.09923 0.000127893 202.19 -9.5145 3.0912
202.171 -9.50231 3.11479 5.47282e-11 202.19 -9.5145 3.0912
202.096 -9.73439 3.09013 0.22775 202.19 -9.5145 3.0912
202.332 -9.48741 3.09756 0.0674744 202.19 -9.5145 3.0912
202.591 -9.8287 3.09157 0.00151609 202.19 -9.5145 3.0912
202.126 -9.27786 3.0964 0.000482861 202.19 -9.5145 3.0912
202.544 -10.1682 3.08683 2.88871e-06 202.19 -9.5145 3.0912
202.443 -9.33204 3.09506 0.00342383 202.19 -9.5145 3.0912
203.026 -9.59882 3.09218 8.68687e-10 202.19 -9.5145 3.0912
202.004 -9.21495 3.08943 1.3393e-05 202.19 -9.5145 3.0912
202.801 -9.32713 3.10262 8.21531e-05 202.19 -9.5145 3.0912
