-37.3909 -36.0125 1.36222 0.0152586 -37.471 -35.925 1.3503
-37.4879 -35.8279 1.36829 3.36606e-08 -37.471 -35.925 1.3503
-37.1277 -36.1547 1.33785 2.90372e-09 -37.471 -35.925 1.3503
-37.8517 -35.6323 1.35227 7.02785e-08 -37.471 -35.925 1.3503
-37.7058 -35.543 1.32758 5.37158e-12 -37.471 -35.925 1.3503
-37.9927 -35.5492 1.34286 2.73772e-10 -37.471 -35.925 1.3503
-37.6171 -36.1759 1.3448 0.000440967 -37.471 -35.925 1.3503
-37.2152 -35.5142 1.34367 1.0152e-06 -37.471 -35.925 1.3503
-37.6131 -35.4463 1.32788 6.86922e-12 -37.471 -35.925 1.3503
-37.1913 -35.2816 1.34739 2.2998e-11 -37.471 -35.925 1.3503
-38.5073 -35.7523 1.3381 4.81419e-23 -37.471 -35.925 1.3503
-37.2435 -35.8777 1.35039 0.0211759 -37.471 -35.925 1.3503
-37.7616 -35.5739 1.33666 6.29753e-08 -37.471 -35.925 1.3503
-37.3218 -35.367 1.34615 1.50088e-08 -37.471 -35.925 1.3503
-37.8011 -36.1316 1.35252 0.000616838 -37.471 -35.925 1.3503
-37.6215 -35.7209 1.35556 7.90209e-05 -37.471 -35.925 1.3503
-37.6415 -35.9485 1.36274 9.9127e-05 -37.471 -35.925 1.3503
-38.0623 -35.5899 1.36046 2.75502e-16 -37.471 -35.925 1.3503
-37.1085 -35.7136 1.35132 7.42646e-05 -37.471 -35.925 1.3503
-37.6611 -35.4942 1.36244 6.29373e-13 -37.471 -35.925 1.3503
-37.4974 -35.5693 1.35032 2.69933e-05 -37.471 -35.925 1.3503
-38.1334 -35.7514 1.33981 5.66068e-12 -37.471 -35.925 1.3503
-37.5279 -35.697 1.35184 0.000820718 -37.471 -35.925 1.3503
-37.515 -35.2977 1.34707 4.55468e-10 -37.471 -35.925 1.3503
-38.0063 -36.2367 1.32912 1.06559e-19 -37.471 -35.925 1.3503
-37.0315 -36.2549 1.33305 3.77956e-16 -37.471 -35.925 1.3503
-37.761 -35.7554 1.32964 5.58734e-11 -37.471 -35.925 1.3503
-37.6494 -35.7289 1.32758 1.01349e-11 -37.471 -35.925 1.3503
-37.8301 -36.2734 1.34555 1.0028e-06 -37.471 -35.925 1.3503
-37.222 -35.6356 1.34117 7.99184e-06 -37.471 -35.925 1.3503
-37.1657 -35.9524 1.35077 0.013629 -37.471 -35.925 1.3503
-37.6192 -36.3582 1.33492 7.06862e-13 -37.471 -35.925 1.3503
-37.798 -35.4313 1.3504 3.50356e-10 -37.471 -35.925 1.3503
-37.8844 -35.8204 1.3442 3.0326e-06 -37.471 -35.925 1.3503
-38.0259 -35.8604 1.33466 9.88229e-12 -37.471 -35.925 1.3503
-37.139 -36.2378 1.34095 5.59922e-08 -37.471 -35.925 1.3503
-37.4239 -36.9589 1.34822 2.55913e-17 -37.471 -35.925 1.3503
-37.7257 -35.6892 1.34199 1.94765e-05 -37.471 -35.925 1.3503
-37.8575 -35.2557 1.34015 6.06892e-13 -37.471 -35.925 1.3503
-37.0037 -35.8028 1.32449 1.53921e-19 -37.471 -35.925 1.3503
-37.4384 -35.8822 1.34898 0.0550671 -37.471 -35.925 1.3503
-37.8119 -35.6497 1.33682 6.613e-08 -37.471 -35.925 1.3503
-37.4562 -36.1424 1.35528 0.367932 -37.471 -35.925 1.3503
-37.7242 -35.5 1.35978 7.86542e-12 -37.471 -35.925 1.3503
-38.018 -35.9779 1.36018 1.68378e-09 -37.471 -35.925 1.3503
-37.9826 -35.6869 1.34443 1.22666e-08 -37.471 -35.925 1.3503
-38.0593 -35.798 1.34413 1.93624e-09 -37.471 -35.925 1.3503
-37.2482 -36.1137 1.3406 6.58002e-06 -37.471 -35.925 1.3503
-37.3284 -35.6433 1.33785 3.69696e-06 -37.471 -35.925 1.3503
-37.4887 -35.9957 1.36415 0.00107413 -37.471 -35.925 1.3503
-37.3396 -35.9557 1.35171 0.143336 -37.471 -35.925 1.3503
-38.0081 -36.3606 1.35959 1.164e-08 -37.471 -35.925 1.3503
-37.5021 -36.0757 1.34995 0.111235 -37.471 -35.925 1.3503
-37.7469 -35.6789 1.37763 6.30052e-23 -37.471 -35.925 1.3503
-37.7655 -36.4547 1.34382 2.20686e-09 -37.471 -35.925 1.3503
-37.4729 -35.8107 1.34194 0.00111241 -37.471 -35.925 1.3503
-37.4313 -36.1042 1.34696 0.0232123 -37.471 -35.925 1.3503
-37.7556 -36.3525 1.35368 0.000209937 -37.471 -35.925 1.3503
-37.1005 -36.084 1.35905 0.0131954 -37.471 -35.925 1.3503
-37.735 -36.1458 1.34145 3.54594e-06 -37.471 -35.925 1.3503
-37.4656 -35.9062 1.3528 0.087618 -37.471 -35.925 1.3503
-37.803 -34.8889 1.33768 1.46234e-21 -37.471 -35.925 1.3503
-37.9094 -36.0123 1.34321 8.15889e-07 -37.471 -35.925 1.3503
-37.7858 -35.5046 1.35597 1.5176e-10 -37.471 -35.925 1.3503
-37.6362 -36.2021 1.34439 0.0001366 -37.471 -35.925 1.3503
-37.0603 -36.0776 1.34202 8.20359e-07 -37.471 -35.925 1.3503
-37.9079 -36.0292 1.34111 1.34777e-07 -37.471 -35.925 1.3503
-38.0927 -36.4636 1.35348 1.34747e-11 -37.471 -35.925 1.3503
-37.7935 -35.6021 1.34829 8.55601e-07 -37.471 -35.925 1.3503
-37.1794 -35.9727 1.34378 0.000309006 -37.471 -35.925 1.3503
-37.4536 -35.587 1.35558 3.88531e-06 -37.471 -35.925 1.3503
-37.3594 -35.7135 1.35763 0.000139228 -37.471 -35.925 1.3503
-37.3375 -35.5211 1.3603 2.01956e-09 -37.471 -35.925 1.3503
-37.4113 -35.5883 1.36358 8.92381e-10 -37.471 -35.925 1.3503
-37.322 -35.9654 1.32713 2.36145e-14 -37.471 -35.925 1.3503
-37.6467 -35.847 1.34864 0.00506932 -37.471 -35.925 1.3503
-37.4848 -35.4084 1.34799 8.84312e-08 -37.471 -35.925 1.3503
-37.4137 -35.9309 1.33347 2.90803e-08 -37.471 -35.925 1.3503
-37.3855 -35.8678 1.34485 0.0086651 -37.471 -35.925 1.3503
-37.7459 -35.8478 1.34193 5.52535e-05 -37.471 -35.925 1.3503
-37.8972 -35.5879 1.33118 1.40006e-11 -37.471 -35.925 1.3503
-37.93 -36.7202 1.37925 2.5038e-16 -37.471 -35.925 1.3503
-37.256 -36.1141 1.35236 0.123444 -37.471 -35.925 1.3503
-37.4907 -35.6279 1.33128 6.12221e-09 -37.471 -35.925 1.3503
-36.894 -35.9333 1.3442 5.1838e-08 -37.471 -35.925 1.3503
-37.7471 -35.9277 1.33789 1.27296e-06 -37.471 -35.925 1.3503
-37.4938 -35.5358 1.3505 7.24634e-06 -37.471 -35.925 1.3503
-37.5702 -35.6097 1.34734 0.000101007 -37.471 -35.925 1.3503
-38.0029 -36.1326 1.35268 2.47015e-07 -37.471 -35.925 1.3503
-37.7116 -35.6038 1.32843 2.43381e-11 -37.471 -35.925 1.3503
-38.0022 -35.9762 1.35217 2.06346e-07 -37.471 -35.925 1.3503
-37.1003 -36.3447 1.34251 7.50084e-09 -37.471 -35.925 1.3503
-37.4788 -35.8694 1.34245 0.00205773 -37.471 -35.925 1.3503
-37.5069 -35.146 1.35335 1.91314e-16 -37.471 -35.925 1.3503
-37.4257 -35.4867 1.36275 8.85367e-12 -37.471 -35.925 1.3503
-37.5126 -35.589 1.34099 2.50311e-05 -37.471 -35.925 1.3503
-37.5827 -35.7683 1.34817 0.00372207 -37.471 -35.925 1.3503
-37.1398 -35.5536 1.34088 1.84061e-07 -37.471 -35.925 1.3503
-37.7472 -35.4021 1.3643 6.577e-18 -37.471 -35.925 1.3503
-36.7814 -35.9845 1.35884 1.01446e-07 -37.471 -35.925 1.3503
