63.8573 -49.193 3.88224 0.000435552
64.2689 -49.0386 3.8801 0.0503298
64.0662 -49.6921 3.87458 2.1206e-05
63.9743 -49.5861 3.8991 2.78165e-14
64.1832 -49.9775 3.88453 1.02446e-14
64.5085 -49.4072 3.89248 6.62136e-07
64.5106 -48.5822 3.89034 2.18999e-09
64.3262 -49.2944 3.87633 0.0859077
64.2548 -49.0463 3.88238 0.0625279
64.3961 -50.1094 3.8746 4.52975e-16
63.9415 -49.6231 3.87128 3.90733e-05
64.4373 -49.1872 3.86807 0.000222208
64.2949 -49.2279 3.88213 0.113983
63.9724 -49.0517 3.86648 1.6127e-05
63.6653 -49.2678 3.89549 2.23916e-12
64.1794 -49.4619 3.86622 0.00258597
64.3879 -49.7859 3.88422 1.00977e-09
63.8711 -49.121 3.88664 0.000117544
64.4332 -49.598 3.88724 3.5939e-07
63.6251 -48.9743 3.88722 6.83073e-10
64.4128 -49.1362 3.86229 6.28118e-07
64.289 -49.251 3.87692 0.144276
63.7545 -49.3988 3.88191 1.51524e-06
64.8781 -49.6203 3.88876 2.70048e-15
64.5911 -49.0794 3.87737 9.22272e-05
63.8905 -49.7356 3.88877 2.39779e-12
63.8921 -49.4371 3.90756 4.17914e-19
64.619 -49.5801 3.87388 6.08632e-07
63.9534 -48.8548 3.89343 2.02626e-06
64.472 -49.5402 3.88212 3.54991e-05
63.9668 -49.6103 3.89605 8.62486e-13
64.2518 -49.044 3.87331 0.00757799
63.8715 -49.5116 3.87856 3.43923e-05
64.1919 -49.4078 3.88005 0.0338895
64.075 -49.4892 3.87104 0.0063664
64.3458 -49.2573 3.888 0.00625203
64.0619 -49.0251 3.88344 0.0142364
64.6956 -49.0187 3.89074 5.34891e-07
64.2335 -49.4548 3.87119 0.0169507
63.5803 -49.2521 3.887 9.975e-11
64.3757 -49.252 3.89122 0.000572722
64.5035 -49.3328 3.87721 0.00259621
64.4223 -49.3092 3.87306 0.00882827
63.5469 -49.122 3.88419 1.08377e-10
64.5494 -48.7992 3.90174 2.80938e-09
63.355 -49.1344 3.87412 1.38149e-15
63.9358 -49.322 3.87502 0.00625342
64.0621 -49.0447 3.87538 0.00956882
64.5439 -48.9825 3.87883 0.000120807
63.6187 -49.3078 3.88885 9.35483e-11
63.8447 -49.2917 3.8747 0.000575197
64.0509 -49.2635 3.87156 0.0253428
64.5138 -49.2172 3.87829 0.00336733
64.4692 -49.1355 3.86531 3.82532e-06
64.1022 -49.4652 3.89244 7.22338e-07
64.289 -49.9572 3.88608 7.51969e-15
64.0821 -49.4944 3.88402 0.000333193
64.2162 -49.1485 3.86817 0.00266732
63.8506 -49.2167 3.88279 0.000279599
64.1257 -49.202 3.8833 0.077733
63.9322 -49.5734 3.88892 1.67569e-08
64.4041 -49.2809 3.89471 1.1312e-05
64.2206 -49.2356 3.88871 0.00841425
64.7036 -49.191 3.88131 4.99106e-06
64.2003 -49.6168 3.88606 2.40214e-06
63.9799 -49.9545 3.89004 2.99478e-18
63.8548 -48.9959 3.8919 1.68064e-06
64.2717 -49.8024 3.89503 2.30549e-15
64.0253 -49.1143 3.89107 0.000453602
63.8669 -49.8376 3.89843 4.7549e-22
64.7407 -49.1572 3.88658 4.78263e-07
64.1021 -49.545 3.89026 3.94609e-07
64.7656 -49.483 3.88468 2.11801e-09
64.1238 -49.4551 3.89038 1.12694e-05
64.178 -49.2926 3.9011 5.1051e-09
64.2643 -49.6021 3.89714 1.32528e-11
63.6309 -49.1402 3.89776 1.45535e-13
64.6443 -49.0109 3.87426 8.65766e-07
63.2599 -49.4488 3.88573 6.23249e-22
64.2227 -49.5819 3.86916 0.00105163
64.4083 -48.5228 3.87009 2.8054e-15
63.7052 -49.1212 3.88996 1.94308e-08
64.3459 -49.314 3.86902 0.00585392
64.4552 -49.1935 3.88896 0.00141471
64.0582 -49.536 3.87083 0.00217583
64.6551 -49.4188 3.88753 2.85684e-07
64.3399 -49.1705 3.88105 0.0919165
64.8465 -49.0951 3.88917 1.14661e-09
64.2917 -49.3685 3.87765 0.0675365
64.8428 -49.1579 3.87945 3.81122e-09
64.4585 -49.6815 3.88064 5.04518e-07
63.6079 -49.3968 3.8752 1.30096e-08
64.0473 -49.7622 3.87681 4.09899e-07
63.9954 -49.3833 3.86909 0.00415253
64.2762 -49.3022 3.87963 0.122434
63.686 -48.9469 3.89023 2.27782e-09
63.9814 -49.882 3.87985 3.66807e-11
64.4298 -48.4446 3.87312 2.34798e-16
64.125 -49.5437 3.88652 1.78368e-05
64.3762 -49.3409 3.88383 0.0103974
