244.102 -18.0673 2.90917 2.70064e-07
243.131 -17.3577 2.93175 1.66388e-20
243.526 -17.75 2.90363 0.0005807
243.611 -18.8649 2.93608 4.04779e-11
243.574 -18.3214 2.91513 0.00784579
242.702 -17.9021 2.91111 5.1459e-10
243.376 -17.9771 2.92069 0.00343024
243.91 -17.6893 2.914 0.000451323
242.996 -17.4902 2.92745 4.01112e-17
244.049 -18.151 2.913 5.01158e-05
243.207 -17.97 2.92126 3.1372e-05
243.876 -18.2707 2.91263 0.000374544
243.736 -18.0747 2.89947 2.49887e-08
243.301 -17.8216 2.90564 0.00434979
243.168 -18.7176 2.90924 7.52152e-11
243.464 -18.136 2.91902 0.0313663
243.464 -17.6863 2.90296 0.000386132
243.442 -18.3571 2.91871 0.00222488
243.836 -18.08 2.91202 0.00408455
243.761 -18.3288 2.91224 0.000526939
243.424 -18.1647 2.91983 0.0119487
243.91 -17.454 2.91601 2.63311e-06
243.824 -17.7874 2.9372 4.32726e-08
243.09 -17.9932 2.92818 1.20831e-10
243.809 -17.9468 2.92541 0.0305957
243.964 -18.3468 2.91817 0.0013749
243.605 -17.802 2.93623 2.21469e-09
243.674 -17.6234 2.92014 0.000694234
243.839 -18.292 2.92512 0.0406597
244.04 -18.1958 2.93647 0.000435989
243.619 -17.8852 2.9004 7.80776e-06
243.406 -18.084 2.91579 0.0337197
244.172 -18.2738 2.92398 0.00151563
243.31 -17.9322 2.91007 0.0155958
243.02 -18.0476 2.92254 1.40785e-08
243.651 -18.0631 2.91889 0.165747
243.684 -18.2688 2.9234 0.0402893
243.899 -18.1984 2.92683 0.050928
243.626 -17.407 2.91587 5.36515e-06
243.964 -17.8313 2.91942 0.00682459
244.504 -18.4067 2.9348 3.55985e-06
243.044 -18.448 2.92112 3.94599e-09
244.055 -17.7195 2.9306 2.19902e-05
243.986 -18.4989 2.92195 0.000359968
243.56 -17.9349 2.90316 0.000310918
243.667 -17.9709 2.91889 0.143977
243.57 -17.656 2.91224 0.00484778
243.893 -17.8326 2.90311 2.38206e-07
243.78 -17.6959 2.90899 0.000391799
243.795 -18.5598 2.91342 2.27389e-06
243.123 -18.3215 2.94238 4.69496e-21
243.606 -18.2433 2.9213 0.0421635
243.858 -18.1078 2.93238 0.00233086
243.924 -18.0983 2.91263 0.00111952
244.029 -18.0596 2.93287 0.00227165
243.541 -18.1053 2.92276 0.0257532
243.165 -17.835 2.92292 3.7462e-07
244.221 -18.0368 2.91015 1.31343e-08
243.777 -17.7793 2.90114 5.13392e-07
243.837 -18.1801 2.91794 0.0470805
243.541 -18.1753 2.89845 6.80768e-08
244.014 -17.5641 2.92566 4.51174e-06
244.465 -18.1779 2.92711 4.41495e-06
244.268 -17.6089 2.91033 1.33507e-10
243.531 -17.9399 2.90824 0.0162286
243.562 -18.2175 2.93411 3.23153e-06
244.006 -18.0694 2.90524 3.59092e-08
243.771 -17.8805 2.91643 0.0553768
243.214 -18.6196 2.94636 1.81976e-23
243.539 -18.0181 2.92558 0.00368338
243.575 -17.7331 2.89721 4.05649e-07
242.95 -17.8873 2.92316 8.76864e-11
243.32 -17.8369 2.91052 0.0128622
243.601 -18.5163 2.90909 1.16465e-06
243.317 -18.2235 2.9143 0.00339536
243.516 -17.8586 2.92238 0.00467451
243.59 -17.6807 2.91547 0.0069013
243.803 -17.8355 2.91048 0.0025441
243.266 -18.2351 2.91223 0.00124088
244.072 -17.5984 2.92549 7.39371e-06
243.844 -17.7422 2.90211 2.21933e-07
243.483 -18.1009 2.90951 0.0148564
243.707 -18.2249 2.90657 4.24331e-05
243.208 -17.9076 2.90572 0.00242249
244.019 -18.1445 2.93413 0.00180955
243.319 -17.9955 2.91281 0.0178983
244.067 -17.73 2.92069 0.000311427
243.602 -18.0628 2.88444 1.57809e-19
243.925 -17.8966 2.90098 3.6206e-09
244.081 -17.9055 2.90461 2.38055e-09
243.905 -18.2113 2.92474 0.0649973
243.254 -18.3954 2.92114 1.13226e-05
243.614 -18.1788 2.91393 0.0387336
243.984 -17.8322 2.92651 0.00289
244.039 -18.1173 2.9153 0.000609905
243.992 -17.9817 2.91138 0.00012429
244.044 -18.0083 2.92235 0.0156753
244.203 -18.0365 2.90543 2.49634e-11
243.593 -18.078 2.90432 0.000198409
243.754 -17.8871 2.91019 0.00580703
