-32.7133 -80.9703 2.27944 0.0103613
-32.6287 -81.2107 2.28007 0.000183578
-33.1029 -80.4757 2.29968 2.16708e-12
-33.3649 -80.3634 2.30083 6.66367e-17
-33.1535 -80.3353 2.27966 9.07565e-05
-33.5045 -80.6329 2.28919 3.13478e-09
-33.0927 -80.3476 2.28294 1.79732e-05
-32.9803 -80.9303 2.29875 3.3016e-08
-33.1312 -80.8933 2.30749 2.71403e-14
-33.1714 -80.9476 2.27478 0.0224612
-33.2421 -80.943 2.2868 5.54259e-05
-33.2828 -80.863 2.29155 5.02338e-07
-32.5916 -80.5253 2.29978 3.42088e-11
-32.7277 -80.6377 2.26998 0.0776227
-33.6592 -81.1112 2.26663 1.46157e-07
-33.4918 -80.6889 2.27426 0.000267718
-33.0817 -80.7002 2.27314 0.165734
-33.2673 -80.9208 2.27529 0.00788959
-33.3019 -81.2032 2.26921 6.66883e-05
-32.9965 -80.41 2.3084 8.99423e-19
-32.9674 -80.3244 2.26404 0.0390761
-32.8974 -80.7896 2.28796 0.000482016
-32.6586 -80.96 2.27585 0.00976189
-33.3693 -81.2591 2.29807 3.48033e-11
-33.121 -80.6583 2.28976 7.09143e-06
-32.277 -80.3633 2.28534 3.45338e-09
-33.0347 -80.5609 2.28449 0.000385065
-33.2512 -80.3701 2.2736 0.00178156
-32.9874 -80.4856 2.30218 2.92402e-13
-33.0924 -80.8972 2.28579 0.000847039
-33.0922 -80.4129 2.29794 5.59769e-12
-33.262 -80.813 2.28512 0.00012255
-32.5432 -80.7584 2.29081 6.74008e-06
-33.1583 -80.3993 2.26564 0.055687
-32.6728 -81.4446 2.30099 4.04176e-10
-33.4872 -80.8921 2.27868 3.82612e-05
-33.17 -80.5363 2.26435 0.13174
-33.2722 -80.5116 2.29762 4.52948e-12
-32.3679 -81.506 2.28469 1.67471e-09
-32.5932 -81 2.28733 0.0001692
-32.9858 -80.4641 2.30191 2.49482e-13
-33.1714 -80.6578 2.28381 0.000483791
-33.0396 -80.4606 2.29732 8.79763e-11
-33.4504 -80.3763 2.2833 5.58858e-08
-33.1075 -81.4335 2.27257 1.66244e-06
-32.9228 -80.5638 2.28839 3.05651e-05
-33.2637 -80.3864 2.26982 0.00789307
-32.6024 -80.8185 2.28124 0.0032357
-32.6689 -80.4359 2.28868 1.18016e-06
-33.3265 -80.7108 2.30416 4.47383e-15
-33.6121 -81.0915 2.28954 2.78632e-10
-32.41 -80.8343 2.28493 3.14325e-05
-32.7383 -80.2367 2.29206 2.84278e-10
-32.9654 -80.4074 2.28864 1.02277e-06
-32.9963 -80.9786 2.29318 7.94379e-06
-33.4481 -80.8876 2.28118 2.94705e-05
-32.7558 -80.8097 2.28329 0.00617649
-33.0005 -81.0428 2.29692 2.36626e-07
-33.4276 -81.032 2.28196 1.39041e-05
-33.3587 -80.4129 2.2651 0.00719264
-33.0196 -80.3117 2.27044 0.0129888
-33.4035 -79.9443 2.29225 1.96006e-18
-32.9029 -81.2856 2.29369 1.12469e-06
-32.2974 -80.5174 2.26829 5.17308e-06
-33.1096 -80.439 2.29409 1.38305e-09
-33.1092 -80.6626 2.30278 1.41067e-12
-32.7629 -80.4038 2.27971 0.000730947
-32.8932 -80.961 2.28835 0.000491878
-32.9327 -80.5102 2.28538 0.000149618
-33.574 -80.2708 2.28057 2.08967e-09
-32.3774 -80.6501 2.28122 2.69661e-05
-33.0361 -80.7519 2.26346 0.132067
-32.7926 -80.7258 2.28981 7.3348e-05
-33.0534 -80.6227 2.29768 1.55777e-09
-32.4182 -80.6171 2.2909 1.73908e-07
-33.1223 -81.6499 2.2826 2.00429e-09
-32.4579 -80.6715 2.29903 3.54757e-10
-33.287 -81.0095 2.28121 0.000414964
-32.9396 -80.5953 2.29629 1.44919e-08
-32.8441 -80.5058 2.29526 1.16651e-08
-33.2406 -80.7025 2.28915 3.42259e-06
-33.1486 -81.0393 2.2963 7.01108e-08
-32.2268 -80.2794 2.2914 7.94419e-13
-33.3427 -81.0443 2.29694 7.31553e-10
-33.6122 -81.4149 2.28066 1.63266e-10
-32.6954 -80.742 2.26786 0.0402587
-33.1016 -80.5585 2.27289 0.0879301
-33.1538 -80.9337 2.30012 7.1665e-10
-33.3675 -81.2839 2.27894 3.13992e-06
-33.3178 -80.3383 2.29689 4.49023e-14
-32.6481 -80.5576 2.28877 9.01747e-06
-32.4275 -80.8639 2.28208 0.000123467
-32.5809 -80.724 2.29106 6.44255e-06
-33.2436 -80.9478 2.2719 0.0136376
-32.9414 -80.8383 2.26777 0.148633
-32.6104 -80.2014 2.28574 2.0078e-08
-33.3268 -80.9344 2.28645 1.49096e-05
-33.1037 -80.5555 2.29176 2.53741e-07
-33.0227 -80.7711 2.28176 0.0124691
-33.4332 -80.7504 2.28447 4.28548e-06
