-17.2963 -91.1436 2.72114 0.000686561
-17.4852 -91.5109 2.71347 0.0450778
-17.2967 -91.6953 2.71939 0.0658188
-17.6582 -92.2993 2.72513 1.97057e-12
-17.4343 -91.5551 2.72258 0.0068012
-17.7615 -91.8168 2.71449 1.05038e-05
-17.1767 -91.0018 2.70863 3.81741e-05
-17.0195 -91.929 2.71472 0.000761058
-17.7605 -91.0512 2.72832 2.79979e-12
-17.6669 -91.3378 2.70896 0.000961431
-17.1974 -91.3483 2.70077 0.000168745
-17.4051 -91.603 2.71663 0.0736238
-17.4073 -91.571 2.73556 9.67646e-08
-17.1885 -91.9959 2.71461 0.000495419
-17.4788 -91.6596 2.72217 0.00285859
-16.8653 -91.361 2.70752 7.19172e-05
-16.8016 -91.8462 2.70774 8.8391e-07
-17.4018 -91.5954 2.72589 0.00149903
-17.0408 -92.1577 2.70189 1.38039e-10
-17.9897 -91.3807 2.70714 1.48848e-07
-17.7906 -91.4386 2.72374 1.24324e-07
-17.523 -91.1211 2.70934 0.000363487
-18.0251 -91.8208 2.7258 1.1902e-13
-17.9903 -91.1938 2.72853 2.32835e-15
-16.7577 -91.7174 2.7186 0.000595499
-16.8477 -91.8745 2.70533 2.07143e-07
-17.2864 -91.1278 2.71054 0.00207321
-17.2436 -90.7475 2.7091 8.65379e-09
-17.2481 -91.6853 2.71426 0.113152
-17.1965 -91.3154 2.71677 0.0634648
-17.2919 -91.3695 2.71182 0.0889193
-17.5424 -90.7748 2.71473 2.45164e-09
-17.4097 -91.4635 2.70467 0.0104187
-17.2485 -91.0096 2.71314 0.000142665
-16.7615 -91.3572 2.71168 5.64942e-05
-17.3271 -91.4448 2.71056 0.103061
-17.3801 -91.3151 2.70866 0.0223224
-17.595 -91.6921 2.71408 0.00322589
-17.504 -91.7016 2.72042 0.00301233
-17.1747 -91.7322 2.71526 0.0727017
-18.3229 -91.7951 2.68927 1.60154e-17
-16.8741 -91.7589 2.72012 0.00473388
-17.1274 -91.1013 2.72695 2.45957e-05
-17.5484 -91.9229 2.73 6.34525e-08
-17.9946 -91.5452 2.69743 1.52667e-08
-17.7473 -91.1615 2.72141 7.46778e-08
-17.5264 -91.6261 2.72048 0.00303724
-17.4503 -91.8352 2.72661 5.35359e-05
-17.3571 -91.912 2.71658 0.00256812
-16.8738 -91.589 2.72556 0.00711347
-17.2795 -90.8161 2.73046 1.73011e-11
-17.1922 -91.3099 2.69707 3.35108e-06
-17.0841 -91.5588 2.72738 0.0106902
-17.3045 -91.1961 2.71293 0.0100339
-16.787 -90.8563 2.72569 1.37361e-09
-17.575 -91.096 2.72621 4.51048e-08
-17.3829 -91.3509 2.70536 0.00932941
-17.2198 -92.1049 2.72528 6.96377e-06
-17.078 -91.6424 2.71044 0.021231
-17.4529 -91.2207 2.72126 0.000446172
-17.3735 -91.2684 2.72524 0.000306056
-17.2643 -92.0591 2.7169 0.000110431
-16.9356 -91.1184 2.68883 6.06686e-15
-17.5458 -91.7377 2.71885 0.00172711
-17.2479 -91.3803 2.71201 0.100049
-17.8096 -91.822 2.69886 1.20873e-07
-17.5345 -91.3363 2.72845 1.87852e-06
-17.6654 -91.4673 2.71619 0.000765413
-16.8005 -91.6824 2.73712 2.60224e-06
-17.0372 -91.694 2.7109 0.00996449
-17.7257 -91.0198 2.72307 9.80562e-10
-16.807 -91.0601 2.70732 1.05522e-07
-17.8076 -91.5369 2.7299 1.45229e-10
-17.0862 -91.2827 2.72793 0.000679854
-17.629 -91.3811 2.73124 8.63484e-09
-17.3674 -91.361 2.70129 0.000920439
-17.1319 -92.1887 2.72932 1.0896e-07
-17.3149 -91.9899 2.7196 0.000432244
-18.2698 -91.458 2.72504 7.40605e-19
-16.4406 -91.3139 2.71583 3.29529e-09
-17.2764 -91.3373 2.70391 0.00315391
-17.7323 -90.7858 2.73023 3.92729e-17
-17.2673 -91.7995 2.71043 0.0113065
-17.3623 -91.2695 2.72631 0.00016895
-17.5862 -91.3814 2.74561 3.22085e-18
-17.032 -91.3872 2.73814 3.06502e-07
-18.064 -91.6047 2.70415 8.43363e-09
-17.3371 -91.894 2.72128 0.00187032
-17.3542 -91.6386 2.71417 0.111434
-17.4911 -91.163 2.72174 5.28436e-05
-17.5871 -91.0029 2.71216 6.43665e-06
-17.3621 -90.9739 2.70779 2.19668e-05
-16.8764 -90.9881 2.71411 1.90577e-06
-17.4834 -91.5704 2.72475 0.000703051
-17.188 -91.0803 2.72757 6.69977e-06
-17.2155 -91.1486 2.71353 0.00427917
-17.4166 -91.889 2.72487 0.00013313
-16.8244 -91.6197 2.73163 0.000244832
-17.2098 -91.1013 2.68857 5.64747e-12
-17.6751 -90.8392 2.72569 6.91436e-13
