273.186 -8.38417 4.10042 8.00312e-05 273.06 -8.2806 4.0866
273.514 -8.85191 4.06197 2.03296e-21 273.06 -8.2806 4.0866
272.797 -8.67023 4.08507 1.0664e-06 273.06 -8.2806 4.0866
273.863 -8.16808 4.09965 0.00058505 273.06 -8.2806 4.0866
273.554 -8.76225 4.09321 4.48518e-06 273.06 -8.2806 4.0866
272.724 -8.3722 4.10059 2.48058e-14 273.06 -8.2806 4.0866
273.752 -8.40131 4.08255 8.6916e-08 273.06 -8.2806 4.0866
273.623 -8.1135 4.10875 0.000336331 273.06 -8.2806 4.0866
273.047 -8.81033 4.07754 2.46876e-06 273.06 -8.2806 4.0866
272.664 -8.48685 4.09107 5.93758e-10 273.06 -8.2806 4.0866
273.459 -8.24986 4.07966 0.000667835 273.06 -8.2806 4.0866
272.889 -8.25963 4.0836 0.0131133 273.06 -8.2806 4.0866
273.032 -8.36242 4.10409 2.71062e-09 273.06 -8.2806 4.0866
272.539 -8.189 4.10027 9.97978e-20 273.06 -8.2806 4.0866
273.861 -8.36833 4.08505 1.05067e-08 273.06 -8.2806 4.0866
273.5 -8.59299 4.08268 4.45453e-05 273.06 -8.2806 4.0866
273.366 -8.11285 4.10847 2.67089e-06 273.06 -8.2806 4.0866
273.296 -8.9686 4.10158 2.26621e-12 273.06 -8.2806 4.0866
273.559 -8.44174 4.08659 0.00187754 273.06 -8.2806 4.0866
273.248 -8.46258 4.09194 0.0289607 273.06 -8.2806 4.0866
273.322 -8.40058 4.08143 0.0267595 273.06 -8.2806 4.0866
273.56 -8.4414 4.10796 0.000129269 273.06 -8.2806 4.0866
272.964 -8.93675 4.06459 1.87499e-11 273.06 -8.2806 4.0866
272.99 -8.35909 4.10307 1.71668e-09 273.06 -8.2806 4.0866
272.867 -8.24809 4.09046 6.19075e-05 273.06 -8.2806 4.0866
273.016 -9.03158 4.09226 2.0679e-13 273.06 -8.2806 4.0866
273.306 -8.43226 4.09641 0.0116939 273.06 -8.2806 4.0866
273.442 -8.78554 4.08975 4.4369e-06 273.06 -8.2806 4.0866
273.46 -8.41984 4.09047 0.0532289 273.06 -8.2806 4.0866
273.412 -7.88619 4.07945 5.1918e-06 273.06 -8.2806 4.0866
273.683 -8.26443 4.09081 0.00232661 273.06 -8.2806 4.0866
273.42 -8.72067 4.09157 6.47746e-05 273.06 -8.2806 4.0866
273.116 -8.18827 4.09349 0.00601723 273.06 -8.2806 4.0866
272.971 -8.60514 4.10958 7.4249e-17 273.06 -8.2806 4.0866
273.593 -7.98081 4.09626 0.00245787 273.06 -8.2806 4.0866
272.819 -7.85468 4.09458 1.34618e-10 273.06 -8.2806 4.0866
272.745 -8.34325 4.07869 0.0032801 273.06 -8.2806 4.0866
273.186 -8.68724 4.08376 0.000390203 273.06 -8.2806 4.0866
272.717 -8.81074 4.08729 4.75721e-11 273.06 -8.2806 4.0866
273.067 -8.65004 4.0855 0.000532972 273.06 -8.2806 4.0866
273.592 -8.36301 4.11229 1.10573e-05 273.06 -8.2806 4.0866
273.113 -8.44097 4.0851 0.073479 273.06 -8.2806 4.0866
272.762 -8.59562 4.07829 0.000137844 273.06 -8.2806 4.0866
272.515 -8.64822 4.07646 5.27841e-08 273.06 -8.2806 4.0866
273.13 -8.47223 4.0863 0.043489 273.06 -8.2806 4.0866
273.51 -8.84288 4.09876 9.75766e-08 273.06 -8.2806 4.0866
272.918 -8.08603 4.10193 1.27842e-10 273.06 -8.2806 4.0866
273.431 -8.40186 4.10101 0.00567342 273.06 -8.2806 4.0866
273.014 -8.14077 4.09046 0.00277736 273.06 -8.2806 4.0866
273.464 -8.29065 4.08107 0.00177285 273.06 -8.2806 4.0866
273.257 -8.42734 4.09216 0.0473235 273.06 -8.2806 4.0866
272.984 -8.3277 4.07959 0.123454 273.06 -8.2806 4.0866
273.362 -8.7117 4.09886 6.80532e-06 273.06 -8.2806 4.0866
273.719 -8.2347 4.09614 0.00770113 273.06 -8.2806 4.0866
273.173 -8.53054 4.1037 1.34164e-07 273.06 -8.2806 4.0866
273.264 -8.50365 4.09172 0.0177923 273.06 -8.2806 4.0866
273.749 -8.73798 4.08123 9.77648e-12 273.06 -8.2806 4.0866
273.761 -8.82283 4.09788 2.27298e-08 273.06 -8.2806 4.0866
273.666 -8.77067 4.09238 3.70394e-07 273.06 -8.2806 4.0866
273.16 -8.22868 4.10362 1.79218e-06 273.06 -8.2806 4.0866
273.411 -8.14526 4.08558 0.0362428 273.06 -8.2806 4.0866
272.745 -8.36362 4.11055 7.16499e-23 273.06 -8.2806 4.0866
273.545 -8.7002 4.09165 3.86933e-05 273.06 -8.2806 4.0866
273.411 -8.41849 4.0921 0.0799552 273.06 -8.2806 4.0866
273.483 -8.00349 4.10178 0.00120634 273.06 -8.2806 4.0866
273.19 -8.33206 4.097 0.00270021 273.06 -8.2806 4.0866
273.128 -8.66121 4.10185 7.80976e-09 273.06 -8.2806 4.0866
273.651 -8.67178 4.08941 4.84446e-06 273.06 -8.2806 4.0866
272.813 -8.34786 4.09273 5.28178e-07 273.06 -8.2806 4.0866
273.096 -8.3243 4.0862 0.136911 273.06 -8.2806 4.0866
272.934 -8.73759 4.09091 7.84331e-08 273.06 -8.2806 4.0866
273.692 -8.72249 4.10201 2.93142e-06 273.06 -8.2806 4.0866
273.625 -8.66896 4.09413 4.81648e-05 273.06 -8.2806 4.0866
273.484 -8.58764 4.10536 1.70166e-05 273.06 -8.2806 4.0866
273.029 -8.90073 4.09225 3.60925e-10 273.06 -8.2806 4.0866
273.195 -8.26626 4.09304 0.0426337 273.06 -8.2806 4.0866
272.895 -8.8031 4.10232 4.94388e-16 273.06 -8.2806 4.0866
273.027 -8.69341 4.07635 0.000143085 273.06 -8.2806 4.0866
273.881 -8.13493 4.10497 0.000673255 273.06 -8.2806 4.0866
273.938 -8.6854 4.09432 4.27129e-09 273.06 -8.2806 4.0866
272.802 -8.85442 4.08818 8.51064e-11 273.06 -8.2806 4.0866
273.215 -8.32318 4.09427 0.02689 273.06 -8.2806 4.0866
273.137 -8.49652 4.08927 0.0131737 273.06 -8.2806 4.0866
272.904 -8.19241 4.07952 0.0444729 273.06 -8.2806 4.0866
273.794 -8.62623 4.09788 1.37092e-05 273.06 -8.2806 4.0866
273.311 -8.14808 4.10515 2.85265e-05 273.06 -8.2806 4.0866
272.784 -8.59732 4.07372 0.00047745 273.06 -8.2806 4.0866
273.529 -8.11775 4.0985 0.027273 273.06 -8.2806 4.0866
273.116 -8.57234 4.10119 1.3962e-07 273.06 -8.2806 4.0866
272.424 -8.75392 4.09642 3.26186e-24 273.06 -8.2806 4.0866
273.546 -8.1437 4.10334 0.00627021 273.06 -8.2806 4.0866
273.605 -8.07686 4.09114 0.00404162 273.06 -8.2806 4.0866
273.455 -8.4093 4.10701 7.89397e-05 273.06 -8.2806 4.0866
273.428 -8.40888 4.09326 0.0768904 273.06 -8.2806 4.0866
273.508 -8.41196 4.08039 0.000139832 273.06 -8.2806 4.0866
272.741 -8.518 4.09918 1.0559e-13 273.06 -8.2806 4.0866
273.625 -8.39179 4.09293 0.0111361 273.06 -8.2806 4.0866
273.162 -8.20396 4.11162 1.39724e-11 273.06 -8.2806 4.0866
273.592 -8.16826 4.09063 0.0122857 273.06 -8.2806 4.0866
273.202 -8.89095 4.07815 2.88183e-08 273.06 -8.2806 4.0866
