277.442 11.9124 5.00115 8.7423e-05 277.64 12.085 4.9895
277.866 12.9849 4.97994 4.49143e-33 277.64 12.085 4.9895
277.261 12.2453 4.98558 9.46268e-08 277.64 12.085 4.9895
277.396 12.3243 4.96959 4.42817e-13 277.64 12.085 4.9895
277.839 11.9419 4.98708 0.0228977 277.64 12.085 4.9895
277.759 12.0468 5.01204 2.00549e-07 277.64 12.085 4.9895
277.057 12.4023 4.99894 5.07505e-15 277.64 12.085 4.9895
277.292 12.3152 4.97586 5.35156e-11 277.64 12.085 4.9895
277.448 11.8097 5.00133 3.66223e-05 277.64 12.085 4.9895
277.727 12.6627 5.00051 3.98976e-13 277.64 12.085 4.9895
277.172 12.4641 4.97939 2.11199e-15 277.64 12.085 4.9895
278.391 12.3049 4.99708 1.30256e-11 277.64 12.085 4.9895
277.999 12.2416 4.98639 1.41514e-07 277.64 12.085 4.9895
277.732 12.4423 4.99027 1.54519e-08 277.64 12.085 4.9895
278.041 12.1161 5.01578 1.43925e-10 277.64 12.085 4.9895
277.503 11.9995 4.98174 0.0112698 277.64 12.085 4.9895
276.962 12.4611 4.99942 8.74981e-19 277.64 12.085 4.9895
277.508 12.2218 5.00619 6.94538e-07 277.64 12.085 4.9895
278.288 11.9592 4.98909 5.30972e-06 277.64 12.085 4.9895
277.554 12.4798 4.99264 3.28861e-09 277.64 12.085 4.9895
277.326 12.4404 4.98513 3.64063e-11 277.64 12.085 4.9895
277.796 11.7257 4.97472 0.0038066 277.64 12.085 4.9895
277.95 12.1696 5.00796 6.57477e-07 277.64 12.085 4.9895
278.498 12.329 4.99998 2.80488e-14 277.64 12.085 4.9895
277.791 12.4398 4.99266 2.31166e-08 277.64 12.085 4.9895
277.902 12.5915 4.98159 1.17692e-16 277.64 12.085 4.9895
276.89 12.4365 4.97094 1.48056e-23 277.64 12.085 4.9895
277.47 11.9302 4.99422 0.00994687 277.64 12.085 4.9895
278.011 12.3448 4.98568 6.52213e-10 277.64 12.085 4.9895
277.726 12.2978 4.99825 2.14732e-05 277.64 12.085 4.9895
277.255 12.1381 4.98887 4.02887e-06 277.64 12.085 4.9895
277.433 12.2298 4.97473 2.49657e-08 277.64 12.085 4.9895
277.378 12.1054 4.98643 0.000307526 277.64 12.085 4.9895
277.522 11.7311 4.9907 0.0492451 277.64 12.085 4.9895
277.424 12.524 4.99151 2.70418e-11 277.64 12.085 4.9895
277.905 12.4788 4.98508 5.79997e-12 277.64 12.085 4.9895
277.59 12.1332 4.98959 0.00370519 277.64 12.085 4.9895
277.657 12.5398 4.98703 1.31142e-11 277.64 12.085 4.9895
277.208 12.0562 4.99652 3.97824e-07 277.64 12.085 4.9895
277.587 12.1028 4.9891 0.00763153 277.64 12.085 4.9895
277.466 12.3477 4.9923 6.04397e-07 277.64 12.085 4.9895
277.487 11.9922 4.99722 0.00242886 277.64 12.085 4.9895
277.461 12.4357 4.97521 3.56292e-13 277.64 12.085 4.9895
277.954 11.9765 4.99532 0.00112171 277.64 12.085 4.9895
276.927 11.5127 4.96101 2.02977e-12 277.64 12.085 4.9895
277.993 12.1468 4.96987 2.84685e-12 277.64 12.085 4.9895
277.222 12.5804 4.97974 4.50062e-18 277.64 12.085 4.9895
277.889 12.1111 4.99723 0.000552817 277.64 12.085 4.9895
277.205 12.1299 4.98069 2.65575e-07 277.64 12.085 4.9895
277.487 11.3051 4.96552 5.22891e-06 277.64 12.085 4.9895
277.078 11.9202 4.99316 1.7302e-08 277.64 12.085 4.9895
277.603 11.9782 4.98645 0.0802149 277.64 12.085 4.9895
277.506 12.7168 4.9801 3.44116e-20 277.64 12.085 4.9895
277.933 12.1108 4.99343 0.000325187 277.64 12.085 4.9895
277.759 12.1996 4.98277 2.44119e-05 277.64 12.085 4.9895
277.371 12.3825 4.98979 1.18945e-08 277.64 12.085 4.9895
277.724 12.4173 5.01481 8.26143e-11 277.64 12.085 4.9895
277.179 11.9465 4.99467 8.72407e-07 277.64 12.085 4.9895
278.029 11.8695 4.99459 0.000224733 277.64 12.085 4.9895
278.07 12.0292 4.9908 1.94845e-05 277.64 12.085 4.9895
277.425 12.5686 4.98574 1.33941e-13 277.64 12.085 4.9895
278.204 12.3862 4.98314 2.32592e-15 277.64 12.085 4.9895
278.326 12.5847 4.99248 3.61625e-20 277.64 12.085 4.9895
277.208 12.2095 4.98068 1.39701e-08 277.64 12.085 4.9895
277.621 12.9472 4.98997 3.35223e-25 277.64 12.085 4.9895
277.663 12.1412 4.98667 0.00196804 277.64 12.085 4.9895
277.737 12.2069 4.97027 3.82644e-10 277.64 12.085 4.9895
277.994 12.4757 4.99024 1.76645e-11 277.64 12.085 4.9895
278.42 12.181 4.98033 2.78535e-13 277.64 12.085 4.9895
278.235 12.0466 4.99335 2.21595e-05 277.64 12.085 4.9895
277.5 11.6716 4.97572 0.047181 277.64 12.085 4.9895
277.951 12.1051 4.96818 1.02433e-11 277.64 12.085 4.9895
278.307 11.9954 4.9813 5.40985e-08 277.64 12.085 4.9895
277.899 12.922 4.99604 2.76565e-23 277.64 12.085 4.9895
278.027 13.0954 5.00306 4.20441e-30 277.64 12.085 4.9895
277.56 12.4323 4.99389 5.08668e-08 277.64 12.085 4.9895
277.655 12.6642 4.98054 6.08654e-18 277.64 12.085 4.9895
277.714 12.2681 4.99118 6.05835e-05 277.64 12.085 4.9895
277.285 12.2647 4.9957 8.93207e-08 277.64 12.085 4.9895
277.744 11.7385 4.98629 0.167018 277.64 12.085 4.9895
277.801 12.469 4.98305 1.83753e-11 277.64 12.085 4.9895
277.396 12.4776 4.98317 6.65723e-12 277.64 12.085 4.9895
277.446 12.4497 4.99312 3.58864e-09 277.64 12.085 4.9895
277.633 11.9323 4.99194 0.105797 277.64 12.085 4.9895
277.1 11.724 4.99309 2.56148e-08 277.64 12.085 4.9895
277.377 12.2192 4.98979 1.18874e-05 277.64 12.085 4.9895
276.986 12.0584 5.006 9.29686e-16 277.64 12.085 4.9895
278.323 11.3076 4.99777 2.53627e-09 277.64 12.085 4.9895
278.274 11.9311 5.00204 5.23314e-05 277.64 12.085 4.9895
277.365 12.0359 4.99685 0.000113838 277.64 12.085 4.9895
277.724 12.3751 4.99691 1.34723e-06 277.64 12.085 4.9895
277.435 12.6063 5.00238 3.64985e-13 277.64 12.085 4.9895
277.629 11.7648 4.98694 0.307428 277.64 12.085 4.9895
277.729 12.3577 4.98847 5.61307e-07 277.64 12.085 4.9895
277.769 12.5643 4.97967 1.88428e-15 277.64 12.085 4.9895
277.027 12.5067 4.98722 8.56028e-18 277.64 12.085 4.9895
278.078 12.1695 4.99989 8.41396e-07 277.64 12.085 4.9895
277.503 12.3055 4.97951 4.7722e-08 277.64 12.085 4.9895
277.671 12.3876 4.97963 6.59627e-10 277.64 12.085 4.9895
277.707 11.8826 4.9899 0.176458 277.64 12.085 4.9895
