200.74 25.2551 0.0845534 4.45989e-11 200.19 24.993 0.073717
200.276 25.0313 0.0817647 0.0249385 200.19 24.993 0.073717
199.866 24.8416 0.0598871 5.36305e-08 200.19 24.993 0.073717
200.136 24.7008 0.0739369 0.0219957 200.19 24.993 0.073717
200.028 25.1518 0.0641515 5.80605e-05 200.19 24.993 0.073717
200.439 24.9826 0.0783599 0.00579527 200.19 24.993 0.073717
200.042 24.6873 0.0815778 0.00246423 200.19 24.993 0.073717
200.27 24.9292 0.0839336 0.00612692 200.19 24.993 0.073717
199.729 25.337 0.0913607 2.52035e-07 200.19 24.993 0.073717
199.575 25.0963 0.098573 1.68523e-10 200.19 24.993 0.073717
200.752 25.2093 0.0757229 2.91297e-08 200.19 24.993 0.073717
200.004 24.8776 0.0605033 7.10243e-06 200.19 24.993 0.073717
200.003 25.3137 0.0641078 5.8923e-07 200.19 24.993 0.073717
200.429 24.7435 0.092357 6.33417e-10 200.19 24.993 0.073717
200.491 24.9786 0.0645555 0.000829145 200.19 24.993 0.073717
200.339 25.0714 0.0854749 0.000552362 200.19 24.993 0.073717
200.245 25.3343 0.0780619 0.00113732 200.19 24.993 0.073717
200.731 24.8225 0.0923119 2.85701e-15 200.19 24.993 0.073717
200.616 24.9056 0.0713245 0.000190651 200.19 24.993 0.073717
200.926 25.2194 0.0739869 4.94413e-12 200.19 24.993 0.073717
200.249 25.1323 0.0562809 1.26876e-07 200.19 24.993 0.073717
200.291 25.1509 0.0721267 0.0310197 200.19 24.993 0.073717
200.604 24.5272 0.0747409 1.09253e-07 200.19 24.993 0.073717
201.022 25.4302 0.0764462 9.11571e-18 200.19 24.993 0.073717
200.051 25.1761 0.10648 3.84549e-15 200.19 24.993 0.073717
200.292 24.8801 0.0750133 0.126096 200.19 24.993 0.073717
201.084 25.02 0.0958954 1.10154e-28 200.19 24.993 0.073717
200.341 24.9678 0.0816573 0.00907141 200.19 24.993 0.073717
200.14 25.0934 0.0963233 8.85817e-08 200.19 24.993 0.073717
200.123 24.9777 0.081098 0.121694 200.19 24.993 0.073717
200.246 25.3614 0.0742689 0.000459286 200.19 24.993 0.073717
200.641 25.1438 0.0708455 1.92753e-05 200.19 24.993 0.073717
200.184 25.1887 0.086457 0.00114898 200.19 24.993 0.073717
200.595 24.9907 0.071539 0.000363335 200.19 24.993 0.073717
200.258 25.0592 0.0846956 0.00485696 200.19 24.993 0.073717
199.781 24.7644 0.0808032 0.000348561 200.19 24.993 0.073717
200.637 24.5395 0.0653513 1.71884e-07 200.19 24.993 0.073717
199.939 24.855 0.0668799 0.000697644 200.19 24.993 0.073717
200.448 25.1444 0.0846417 3.72732e-05 200.19 24.993 0.073717
199.711 25.2088 0.068966 1.74233e-07 200.19 24.993 0.073717
200.672 24.9311 0.0862255 1.74822e-09 200.19 24.993 0.073717
200.287 24.9557 0.0638172 0.00379016 200.19 24.993 0.073717
200.312 24.7945 0.0723194 0.049773 200.19 24.993 0.073717
200.582 24.8861 0.0801124 1.92308e-05 200.19 24.993 0.073717
200.565 25.2478 0.085349 7.61129e-08 200.19 24.993 0.073717
200.313 24.9475 0.0926313 3.30232e-07 200.19 24.993 0.073717
200.521 25.008 0.0808867 0.000136862 200.19 24.993 0.073717
199.897 24.9654 0.0850401 0.00654077 200.19 24.993 0.073717
200.303 25.131 0.0810206 0.0120896 200.19 24.993 0.073717
200.04 25.0881 0.0800155 0.0979355 200.19 24.993 0.073717
200.906 24.873 0.090308 2.47908e-18 200.19 24.993 0.073717
200.301 25.2555 0.0942417 1.35116e-08 200.19 24.993 0.073717
200.008 25.058 0.0924995 3.75405e-05 200.19 24.993 0.073717
199.749 25.151 0.0815479 0.000395058 200.19 24.993 0.073717
199.836 24.5453 0.096891 3.70105e-12 200.19 24.993 0.073717
200.675 25.1165 0.0803431 2.89062e-07 200.19 24.993 0.073717
200.408 24.7783 0.0936346 3.82744e-10 200.19 24.993 0.073717
200.22 25.269 0.0631382 1.29313e-05 200.19 24.993 0.073717
200.462 25.0106 0.078669 0.00269428 200.19 24.993 0.073717
199.799 24.9083 0.0910988 1.85157e-05 200.19 24.993 0.073717
200.416 25.3503 0.0725835 6.41677e-05 200.19 24.993 0.073717
200.756 25.1133 0.0808907 4.23467e-09 200.19 24.993 0.073717
200.083 25.0633 0.0739243 0.144562 200.19 24.993 0.073717
200.158 25.1915 0.0853988 0.00293507 200.19 24.993 0.073717
200.375 24.9679 0.0828639 0.0020564 200.19 24.993 0.073717
200.407 25.0865 0.0509573 1.68418e-10 200.19 24.993 0.073717
199.777 24.7687 0.0785333 0.000407024 200.19 24.993 0.073717
199.631 24.9018 0.074127 3.45176e-06 200.19 24.993 0.073717
200.079 24.838 0.0789342 0.0965807 200.19 24.993 0.073717
200.266 24.8842 0.0792625 0.0617571 200.19 24.993 0.073717
200.029 24.5415 0.10297 5.42301e-17 200.19 24.993 0.073717
200.533 25.1702 0.072063 0.000338279 200.19 24.993 0.073717
199.986 25.3377 0.0772772 0.000712205 200.19 24.993 0.073717
200.403 25.1302 0.0684472 0.00421062 200.19 24.993 0.073717
200.301 25.3758 0.0772836 0.000196525 200.19 24.993 0.073717
200.978 25.0887 0.0838333 3.6716e-16 200.19 24.993 0.073717
200.772 24.7602 0.071009 1.40405e-07 200.19 24.993 0.073717
200.486 25.1318 0.104879 1.08311e-19 200.19 24.993 0.073717
200.562 24.5673 0.0833458 3.22864e-09 200.19 24.993 0.073717
200.271 24.6966 0.0595276 2.10609e-05 200.19 24.993 0.073717
199.511 25.2231 0.0700512 3.03075e-11 200.19 24.993 0.073717
200.502 24.9873 0.0662912 0.00148203 200.19 24.993 0.073717
200.463 24.9938 0.0945688 1.85659e-10 200.19 24.993 0.073717
200.194 24.7532 0.071475 0.0452301 200.19 24.993 0.073717
200.002 25.019 0.0930103 2.11747e-05 200.19 24.993 0.073717
200.667 24.9218 0.0846813 1.17767e-08 200.19 24.993 0.073717
200.165 25.2001 0.0825088 0.0114759 200.19 24.993 0.073717
200.21 25.1777 0.0544724 2.13815e-09 200.19 24.993 0.073717
200.327 25.2424 0.0699749 0.00202146 200.19 24.993 0.073717
200.069 25.2047 0.0587718 6.5794e-08 200.19 24.993 0.073717
199.664 24.892 0.0608509 4.47671e-11 200.19 24.993 0.073717
200.369 24.5661 0.0786618 2.96636e-05 200.19 24.993 0.073717
199.877 24.9723 0.0575851 2.43454e-09 200.19 24.993 0.073717
199.955 24.9401 0.0769073 0.0777113 200.19 24.993 0.073717
200.344 24.5539 0.0779535 4.44167e-05 200.19 24.993 0.073717
200.7 25.3007 0.0879869 3.07915e-12 200.19 24.993 0.073717
200.206 24.7919 0.0622863 0.000590374 200.19 24.993 0.073717
200.577 25.2141 0.0657974 9.0863e-06 200.19 24.993 0.073717
200.384 24.9184 0.078957 0.0131871 200.19 24.993 0.073717
200.011 24.6238 0.0718945 0.000999153 200.19 24.993 0.073717
