-36.8265 -74.6757 2.05919 0.0154985 -36.837 -74.742 2.0661
-37.4317 -74.7785 2.0514 1.05825e-06 -36.837 -74.742 2.0661
-37.0464 -75.3171 2.07087 4.15103e-05 -36.837 -74.742 2.0661
-36.7755 -75.2275 2.06878 0.000532367 -36.837 -74.742 2.0661
-35.8289 -74.9791 2.0684 0 -36.837 -74.742 2.0661
-36.9009 -74.666 2.08117 0.000969829 -36.837 -74.742 2.0661
-36.925 -74.8831 2.05856 0.00405187 -36.837 -74.742 2.0661
-37.1223 -75.0688 2.0626 0.000289337 -36.837 -74.742 2.0661
-36.7627 -74.4202 2.08739 3.13885e-06 -36.837 -74.742 2.0661
-37.3673 -74.3675 2.08288 5.94157e-05 -36.837 -74.742 2.0661
-36.6588 -74.5401 2.08297 0.00128106 -36.837 -74.742 2.0661
-36.6872 -75.0653 2.07808 0.0173379 -36.837 -74.742 2.0661
-36.6328 -74.781 2.08738 0.000359348 -36.837 -74.742 2.0661
-36.6837 -74.7728 2.08431 0.00189071 -36.837 -74.742 2.0661
-37.1562 -74.9882 2.06633 0.00141129 -36.837 -74.742 2.0661
-36.3318 -75.2381 2.06893 0 -36.837 -74.742 2.0661
-36.1191 -74.5887 2.06886 8.04885e-05 -36.837 -74.742 2.0661
-36.3825 -74.0692 2.09294 2.96989e-12 -36.837 -74.742 2.0661
-36.3405 -74.8821 2.09162 2.03281e-05 -36.837 -74.742 2.0661
-36.8509 -74.4793 2.08031 0.000708504 -36.837 -74.742 2.0661
-36.1637 -75.1438 2.09469 0 -36.837 -74.742 2.0661
-36.6492 -74.9322 2.09198 0.0121194 -36.837 -74.742 2.0661
-36.665 -74.9209 2.0685 0.0312484 -36.837 -74.742 2.0661
-36.5686 -74.9892 2.07821 0.0215915 -36.837 -74.742 2.0661
-36.4509 -74.9155 2.07682 0.0114703 -36.837 -74.742 2.0661
-36.8717 -74.9155 2.06925 0.0421232 -36.837 -74.742 2.0661
-36.3046 -75.3785 2.067 0 -36.837 -74.742 2.0661
-36.1676 -74.5084 2.06255 2.57366e-05 -36.837 -74.742 2.0661
-37.0471 -74.6743 2.08233 0.0447135 -36.837 -74.742 2.0661
-36.6643 -74.5017 2.08062 0.0033099 -36.837 -74.742 2.0661
-36.5524 -74.9193 2.08105 0.00740888 -36.837 -74.742 2.0661
-36.5007 -74.2113 2.05872 0.000458725 -36.837 -74.742 2.0661
-36.5625 -74.7867 2.07472 0.0612348 -36.837 -74.742 2.0661
-37.1731 -74.4051 2.08668 1.21513e-09 -36.837 -74.742 2.0661
-36.4133 -74.8859 2.0868 0.000544661 -36.837 -74.742 2.0661
-36.2724 -75.141 2.06937 0 -36.837 -74.742 2.0661
-36.7274 -75.2876 2.07896 0.000574414 -36.837 -74.742 2.0661
-36.3526 -74.5909 2.07472 0.0113033 -36.837 -74.742 2.0661
-36.1375 -74.205 2.1007 4.2177e-15 -36.837 -74.742 2.0661
-37.0498 -75.0484 2.05731 0.000147772 -36.837 -74.742 2.0661
-37.0547 -74.116 2.07243 5.50405e-06 -36.837 -74.742 2.0661
-35.9364 -74.7253 2.07764 0 -36.837 -74.742 2.0661
-36.7097 -74.983 2.0744 0.0391544 -36.837 -74.742 2.0661
-37.133 -75.3852 2.04493 8.38162e-11 -36.837 -74.742 2.0661
-36.4842 -74.8574 2.06905 0.0160271 -36.837 -74.742 2.0661
-36.2536 -74.4761 2.07258 0.00136618 -36.837 -74.742 2.0661
-36.7871 -74.7591 2.07355 0.0604392 -36.837 -74.742 2.0661
-36.8782 -74.7067 2.07585 0.017164 -36.837 -74.742 2.0661
-36.7595 -74.6608 2.03899 3.94569e-10 -36.837 -74.742 2.0661
-37.2361 -74.5779 2.06923 0.00496367 -36.837 -74.742 2.0661
-36.9644 -74.524 2.05956 0.0168656 -36.837 -74.742 2.0661
-36.6458 -74.7796 2.04992 3.66133e-06 -36.837 -74.742 2.0661
-36.5759 -74.9743 2.06134 0.00217539 -36.837 -74.742 2.0661
-36.8973 -74.4697 2.07072 0.0258817 -36.837 -74.742 2.0661
-36.9008 -74.9595 2.08741 0.0255162 -36.837 -74.742 2.0661
-37.7582 -75.0141 2.08136 4.88717e-09 -36.837 -74.742 2.0661
-36.1941 -74.246 2.09474 3.6747e-11 -36.837 -74.742 2.0661
-36.7918 -74.8996 2.06704 0.0381248 -36.837 -74.742 2.0661
-36.1769 -74.0368 2.07132 1.32701e-07 -36.837 -74.742 2.0661
-37.0744 -74.6015 2.07069 0.0420216 -36.837 -74.742 2.0661
-36.8146 -75.2262 2.08438 0.00180191 -36.837 -74.742 2.0661
-37.5134 -74.3286 2.08044 2.27309e-06 -36.837 -74.742 2.0661
-36.7713 -74.7436 2.0518 8.44788e-05 -36.837 -74.742 2.0661
-36.5806 -74.9906 2.06737 0.00778545 -36.837 -74.742 2.0661
-36.8255 -74.2542 2.06857 0.00556265 -36.837 -74.742 2.0661
-36.68 -74.2541 2.08746 1.69086e-07 -36.837 -74.742 2.0661
-36.2707 -74.4082 2.08198 7.35698e-05 -36.837 -74.742 2.0661
-37.0105 -74.9351 2.08167 0.0295716 -36.837 -74.742 2.0661
-36.336 -75.193 2.0775 0 -36.837 -74.742 2.0661
-37.0819 -75.0751 2.07897 0.00424158 -36.837 -74.742 2.0661
-36.0624 -74.7616 2.08765 5.01249e-06 -36.837 -74.742 2.0661
-36.2997 -75.1281 2.07748 0 -36.837 -74.742 2.0661
-36.2585 -74.755 2.06947 0.00154524 -36.837 -74.742 2.0661
-36.8801 -75.1424 2.07764 0.00605165 -36.837 -74.742 2.0661
-36.2377 -75.0538 2.07869 0 -36.837 -74.742 2.0661
-36.6719 -74.6675 2.07795 0.0335913 -36.837 -74.742 2.0661
-36.346 -74.883 2.08315 0.0016284 -36.837 -74.742 2.0661
-36.2823 -74.5611 2.07154 0.00379815 -36.837 -74.742 2.0661
-36.5197 -74.1455 2.07978 6.85022e-06 -36.837 -74.742 2.0661
-36.4738 -74.787 2.06409 0.0062916 -36.837 -74.742 2.0661
-36.5672 -74.8198 2.09043 5.54339e-05 -36.837 -74.742 2.0661
-36.8077 -75.0126 2.07021 0.019673 -36.837 -74.742 2.0661
-37.1967 -75.0089 2.07598 0.00218778 -36.837 -74.742 2.0661
-36.6866 -73.9103 2.0794 4.66769e-09 -36.837 -74.742 2.0661
-36.8338 -74.2075 2.06768 0.00291328 -36.837 -74.742 2.0661
-36.6399 -74.658 2.07346 0.106891 -36.837 -74.742 2.0661
-37.1013 -74.6219 2.07247 0.0363377 -36.837 -74.742 2.0661
-36.7572 -74.5151 2.07932 0.0045945 -36.837 -74.742 2.0661
-36.5089 -74.4494 2.05803 0.00240982 -36.837 -74.742 2.0661
-37.4068 -74.7661 2.07261 0.000276682 -36.837 -74.742 2.0661
-37.2571 -74.3994 2.05304 5.5466e-05 -36.837 -74.742 2.0661
-36.7975 -74.3119 2.08852 6.98539e-08 -36.837 -74.742 2.0661
-37.0404 -74.6508 2.08676 0.0226217 -36.837 -74.742 2.0661
-36.2342 -75.0138 2.06088 0 -36.837 -74.742 2.0661
-36.5641 -75.4669 2.05468 4.99064e-09 -36.837 -74.742 2.0661
-36.8879 -75.0563 2.08431 0.0159151 -36.837 -74.742 2.0661
-36.332 -75.0339 2.07655 0 -36.837 -74.742 2.0661
-37.1512 -74.9159 2.05933 0.000569748 -36.837 -74.742 2.0661
-37.0938 -74.6158 2.07306 0.039613 -36.837 -74.742 2.0661
-36.5128 -74.7077 2.06931 0.0613234 -36.837 -74.742 2.0661
