46.2616 12.7205 0.148792 9.02327e-05
45.9767 12.55 0.148061 0.0254065
46.2281 13.0207 0.163034 7.98601e-16
46.0542 12.8593 0.15416 9.43368e-05
46.0124 12.9937 0.152692 0.000174453
46.3934 13.2223 0.152285 9.44007e-13
45.9911 12.6692 0.160717 9.73927e-09
46.0945 13.4018 0.148302 1.60388e-10
45.4058 12.3172 0.167249 3.01365e-16
46.0223 12.3608 0.162434 1.76582e-14
45.9184 12.8826 0.12923 9.39162e-09
45.4578 12.1736 0.141004 4.30343e-12
46.0114 12.8611 0.160038 4.14886e-08
46.1773 12.4335 0.149903 7.25461e-06
46.2547 12.6171 0.161588 5.39982e-15
45.8764 12.5466 0.152103 0.00304974
46.5923 12.8859 0.159218 7.10826e-22
45.7768 12.8244 0.170175 6.56655e-15
45.8436 12.6814 0.149047 0.114349
46.0108 12.7367 0.135521 0.00451932
46.3451 12.6793 0.157491 1.23847e-12
45.8045 12.7918 0.148373 0.120325
45.6814 13.0004 0.155303 0.000265799
45.449 12.8827 0.158654 7.15394e-06
45.8489 12.7626 0.149423 0.110511
45.7621 12.9042 0.150471 0.0198831
45.2688 12.5363 0.158573 2.98025e-09
46.3982 12.7712 0.15113 1.15192e-08
45.5934 12.8094 0.144121 0.000818501
45.9252 12.4936 0.13645 0.00211416
46.1785 13.3913 0.154115 8.43413e-13
45.9323 12.5332 0.164653 6.98633e-13
45.8902 12.2334 0.172084 3.55847e-27
46.1303 12.5656 0.163684 5.64949e-15
46.4896 12.8345 0.164747 3.7493e-25
46.0741 12.1544 0.167596 1.86079e-26
46.4158 12.7492 0.159806 1.04058e-16
46.1419 12.8991 0.165858 2.33923e-16
45.1843 13.0764 0.154514 6.06696e-11
46.8204 13.1294 0.1235 1.75753e-20
45.5191 12.7136 0.145726 0.000301156
45.6368 12.9044 0.145835 0.00204372
45.7925 12.5431 0.160129 2.41227e-07
45.5864 12.9417 0.15484 0.000392863
45.611 13.4345 0.170294 8.27836e-18
45.9875 13.147 0.148178 3.99625e-05
45.8833 13.1444 0.143356 2.98383e-05
45.9295 12.3036 0.160519 2.07975e-12
46.2535 13.0317 0.139952 3.25293e-05
45.9512 13.1834 0.164068 4.2365e-13
45.9564 12.7471 0.153214 0.00314449
45.4873 12.6451 0.156093 5.04129e-05
45.8945 12.9673 0.153137 0.0012505
45.9773 12.4556 0.110954 8.46342e-28
45.7498 13.0758 0.152459 0.000256962
46.0317 13.0479 0.162267 2.82971e-11
46.4862 12.6414 0.144614 2.75196e-07
46.3191 12.9295 0.151856 5.14134e-08
45.4535 12.8516 0.159461 4.88762e-06
45.6729 12.7224 0.159632 2.00465e-05
46.0023 12.6814 0.143589 0.242478
46.3705 13.0673 0.164008 3.02417e-21
45.9944 12.9848 0.143878 0.00704546
45.4145 13.2472 0.151964 1.08574e-08
45.6058 12.5817 0.142924 0.000514059
45.7509 12.2394 0.138974 6.40198e-07
46.1162 13.0781 0.153034 1.15786e-06
46.1278 12.9139 0.140082 0.00544511
45.7427 12.7225 0.145005 0.0662472
46.2773 12.7402 0.15875 5.52974e-12
45.4495 12.6173 0.138886 1.49395e-08
45.5128 13.1067 0.158368 5.43646e-07
45.2213 13.0802 0.16983 1.35416e-14
46.3242 12.3634 0.14068 1.89375e-05
45.9761 13.3883 0.166559 3.26194e-17
46.2516 12.7165 0.159849 1.59238e-12
45.9185 12.6658 0.143941 0.261538
45.3271 13.1854 0.143535 1.35643e-10
45.7713 12.2193 0.163408 1.81139e-15
45.6777 12.7969 0.161868 1.1677e-06
45.9699 13.0546 0.154931 1.16392e-05
45.9235 13.2247 0.147735 6.93116e-06
46.1028 12.113 0.1641 1.46672e-23
46.0478 12.5766 0.155372 5.13101e-06
45.8331 12.5427 0.15482 0.000260191
46.2323 12.8657 0.167961 2.6054e-21
46.8471 12.9299 0.153988 3.56107e-26
46.0709 13.5114 0.145197 5.91967e-13
45.7539 12.8776 0.154079 0.00445178
45.9122 12.8704 0.161141 9.38904e-08
45.7678 13.1074 0.152337 0.00011083
45.7326 12.4229 0.149235 0.000845353
45.8363 12.6376 0.170422 4.70211e-17
46.0981 12.8667 0.151328 0.000608867
45.7926 13.0111 0.152718 0.0012238
45.4973 11.9928 0.152549 2.43652e-15
46.8374 13.0884 0.14868 1.50236e-22
45.9512 13.2084 0.158403 7.33941e-09
45.7136 13.1508 0.139682 5.73494e-08
45.3152 12.9263 0.15488 4.21747e-07
