183.329 24.3576 0.0569845 5.4487e-13
183.119 23.6336 0.0814809 0.000665084
183.331 23.8335 0.0829405 1.03359e-07
182.828 23.844 0.081937 0.11111
183.223 23.9213 0.0695759 0.000796517
182.684 23.4993 0.065144 7.0542e-07
182.865 24.379 0.0595544 6.61479e-12
183.196 23.5482 0.0726039 0.000297972
182.845 23.8092 0.0552372 3.01298e-09
183.645 24.1922 0.0816569 6.83464e-19
183.016 23.8151 0.0848946 0.000272301
182.86 23.6843 0.0671432 0.00166229
182.415 23.1026 0.0600087 4.39043e-21
182.441 23.679 0.0735774 1.87966e-05
183.516 23.776 0.076103 5.4295e-09
182.783 23.8683 0.0831162 0.0802007
182.937 23.7027 0.0690993 0.00978098
183.355 23.8731 0.0643807 4.13436e-06
182.43 23.9126 0.0687241 2.0503e-07
182.544 24.2304 0.0561092 9.36169e-16
182.891 23.8155 0.0846423 0.0310665
182.463 23.8934 0.0858113 0.00135481
183.125 23.4252 0.0862637 3.7821e-07
182.664 23.6959 0.0896253 0.00449147
182.774 23.5008 0.0775951 0.00481184
183.331 24.1855 0.0676627 1.20387e-07
183.22 23.234 0.0833867 3.81522e-10
182.743 24.2559 0.0776276 3.23833e-05
183.072 23.8392 0.0705022 0.0212001
183.312 23.9587 0.0586163 6.12892e-08
183.063 23.689 0.0883956 3.39174e-06
183.234 24.2448 0.0896215 8.16217e-16
182.719 23.6081 0.0785011 0.0278756
182.395 24.0527 0.0815894 2.13143e-05
183.009 23.1661 0.0951192 1.66393e-13
183.345 23.0927 0.083558 2.19831e-15
182.398 23.5424 0.056167 3.51871e-17
182.701 23.8709 0.0761287 0.0460103
182.779 23.562 0.0758898 0.0126078
182.883 23.8141 0.0601438 4.65623e-06
182.843 23.5658 0.0753388 0.0156045
183.266 22.6927 0.0828059 1.88279e-26
182.618 23.7785 0.082419 0.041251
183.347 23.6273 0.0640443 5.12245e-07
182.615 24.0191 0.0953846 7.80264e-06
182.637 24.4776 0.0700591 1.64348e-11
182.836 23.5714 0.0639509 1.65534e-05
182.579 23.914 0.0739093 0.00145954
182.761 23.3726 0.0854146 5.90534e-05
182.755 23.7371 0.0789223 0.128053
182.669 24.0709 0.0825591 0.00339327
183.044 23.683 0.0908287 1.76451e-07
182.508 24.2474 0.0638435 1.37605e-11
182.903 23.3809 0.0722226 5.88608e-05
182.52 23.215 0.0598191 1.21687e-16
182.518 24.2399 0.0678831 2.38122e-09
183.267 24.3742 0.08303 1.03424e-14
183.012 23.5514 0.0870969 0.000115908
183.019 23.2327 0.104401 1.58529e-18
183.158 24.1498 0.0847845 2.4405e-09
183.339 23.6898 0.0769427 1.15082e-05
182.737 23.2481 0.0673794 3.92424e-09
182.76 23.8438 0.10289 1.69357e-09
182.977 23.7686 0.0797667 0.0602802
182.823 24.2764 0.0729472 8.96762e-06
182.648 23.8647 0.0982067 2.8715e-06
182.711 23.2713 0.0777963 2.02479e-06
183.255 23.6194 0.0658973 1.89859e-05
183.14 23.4474 0.0818505 1.45931e-05
183.072 23.8948 0.0729148 0.0211736
182.771 24.0679 0.0787731 0.00873639
182.783 23.6989 0.0753896 0.0681719
183.012 24.4132 0.0556196 8.65171e-14
183.118 23.3733 0.0825638 2.14609e-06
183.291 24.4267 0.0703722 8.43091e-12
182.951 23.732 0.0788663 0.0829451
182.73 23.6277 0.0552804 4.39685e-11
182.923 23.7859 0.0914872 0.000159073
182.495 23.6969 0.0774364 0.00101571
182.832 24.1881 0.0712876 9.3494e-05
183.069 24.5471 0.0657619 3.31106e-13
183.153 23.8261 0.0821355 0.000149229
182.636 23.8166 0.0733337 0.00615792
182.418 23.3817 0.0875366 9.7748e-07
182.803 23.9463 0.0526884 8.64984e-12
182.6 24.0235 0.082018 0.00408422
183.514 23.4139 0.0842154 6.13272e-14
183.281 23.5919 0.0583966 2.42624e-09
182.447 24.1329 0.0778956 5.55366e-06
182.905 23.729 0.0697969 0.0161258
182.918 23.5162 0.0761453 0.00599442
182.663 23.8996 0.0757266 0.019498
182.707 23.7225 0.092619 0.000639559
182.971 23.4383 0.0731358 0.000377131
182.536 23.5935 0.0812434 0.00219968
182.812 23.4744 0.09798 2.71341e-08
182.837 23.075 0.0722317 5.75564e-11
183.126 23.4769 0.0665112 7.68056e-06
182.898 23.7651 0.0766678 0.142126
182.577 23.6962 0.0831777 0.0156857
