138.022 -15.7398 3.38362 1.06598e-11
138.317 -16.7787 3.38861 1.46765e-13
138.18 -16.0292 3.3612 0.00385217
138.755 -15.9542 3.38421 0.00361379
137.965 -16.4801 3.35621 1.8845e-06
137.807 -16.6653 3.37126 4.03129e-12
137.961 -16.4117 3.36873 2.03538e-06
138.329 -16.1348 3.3993 2.22955e-15
138.199 -16.9399 3.37499 5.23161e-12
137.945 -15.9777 3.37498 1.11348e-07
138.126 -16.2581 3.38672 3.19107e-10
138.13 -16.2117 3.36766 0.00203759
138.641 -16.0415 3.37117 0.161821
137.82 -16.0101 3.37286 4.60735e-09
138.612 -15.9032 3.3561 1.87205e-05
138.18 -16.3379 3.35348 5.13763e-05
138.622 -15.8656 3.39485 9.4117e-09
138.572 -16.2727 3.37474 0.0831269
138.361 -16.4953 3.38087 8.83572e-06
139.324 -16.3958 3.38985 1.52481e-07
138.474 -16.4499 3.36716 0.00803352
138.415 -16.0378 3.37939 0.00357145
138.594 -16.1242 3.37987 0.0302844
138.604 -16.2717 3.36546 0.0353793
138.126 -16.424 3.38761 1.01312e-11
138.822 -15.6571 3.37675 0.000196049
138.635 -16.2609 3.35602 3.82098e-05
138.422 -15.9788 3.38848 7.94705e-07
138.448 -16.3164 3.38452 4.23653e-05
138.165 -16.4099 3.34874 3.9182e-07
138.349 -16.1565 3.38362 3.21369e-05
138.171 -16.3718 3.39695 2.0209e-17
138.343 -15.6092 3.38093 2.79622e-07
138.085 -16.1646 3.38066 1.70656e-07
138.503 -16.3231 3.36987 0.0653394
138.487 -16.2773 3.38185 0.00121746
137.741 -15.9745 3.36246 4.22543e-08
138.1 -16.0649 3.38162 1.11298e-07
139.045 -16.6165 3.3688 1.90034e-07
138.353 -16.2765 3.36457 0.030167
138.425 -16.1865 3.38994 1.76499e-07
137.756 -16.2973 3.37541 1.20329e-11
138.291 -16.3009 3.36846 0.0156959
137.819 -15.817 3.36313 7.2122e-08
138.467 -16.6438 3.38051 1.94071e-06
137.896 -16.5465 3.38096 2.38807e-13
138.196 -16.1947 3.36788 0.00773155
138.812 -15.9225 3.37448 0.026836
138.428 -16.915 3.37438 1.44577e-09
138.225 -16.086 3.36622 0.0152769
138.169 -16.332 3.36336 0.00220454
138.653 -16.1138 3.38451 0.0030386
137.994 -16.231 3.36007 0.000148364
137.999 -15.6697 3.3675 2.68496e-07
139.081 -15.6177 3.37666 1.34513e-06
138.226 -16.6473 3.37918 2.69814e-08
138.602 -15.9386 3.35941 0.000620225
138.063 -16.1144 3.36576 0.000767734
138.461 -16.5923 3.35637 2.74873e-06
138.364 -15.8064 3.3515 8.0873e-07
138.267 -16.3236 3.36583 0.0103105
138.672 -16.0558 3.3927 1.5211e-06
138.523 -16.2588 3.37558 0.0564158
138.507 -16.7104 3.35721 1.22079e-07
138.392 -15.7448 3.37859 0.000100261
138.39 -16.2087 3.39103 1.32683e-08
138.579 -15.9868 3.38724 8.42662e-05
138.762 -15.9245 3.36709 0.00691055
138.851 -15.6649 3.36118 1.48058e-07
138.184 -16.139 3.36714 0.00777571
138.758 -16.2333 3.39164 9.72467e-06
138.035 -17.166 3.37895 7.95835e-21
138.593 -16.6899 3.36466 8.66117e-06
138.313 -15.4711 3.37627 3.46962e-08
138.121 -16.2612 3.36779 0.00121171
138.739 -15.8338 3.38703 0.000120949
138.433 -16.2367 3.38011 0.00236409
138.03 -16.1579 3.3642 0.00043938
138.723 -15.7481 3.37459 0.00317506
138.396 -16.5463 3.37949 1.59576e-05
137.973 -16.0813 3.36566 7.36585e-05
138.345 -16.1863 3.37528 0.0105908
138.531 -16.0688 3.37497 0.112077
138.104 -16.6245 3.37721 7.28334e-09
138.382 -16.0934 3.37624 0.0139934
138.662 -15.8867 3.35896 9.04563e-05
138.512 -15.8695 3.37973 0.00271865
138.007 -16.6428 3.36532 1.52592e-07
138.712 -15.9048 3.37728 0.0315512
138.65 -16.097 3.3646 0.0266039
138.345 -16.117 3.36377 0.0424075
138.052 -16.0018 3.38482 2.57933e-10
137.933 -16.1214 3.35472 1.43239e-05
138.436 -16.3273 3.36514 0.0294344
138.29 -15.8404 3.36184 0.00157542
138.211 -15.4338 3.39283 1.0204e-17
137.912 -15.9648 3.36183 1.16787e-05
138.368 -16.4517 3.34649 4.60583e-09
137.696 -15.7838 3.37277 8.00869e-13
138.708 -16.1955 3.37468 0.138748
