220.205 -11.853 2.95912 2.19694e-16 220.89 -12.063 2.9455
220.498 -11.9952 2.94998 0.00114947 220.89 -12.063 2.9455
221.33 -12.3158 2.94382 6.65517e-11 220.89 -12.063 2.9455
221.044 -12.02 2.93869 1.74923e-05 220.89 -12.063 2.9455
220.776 -12.0861 2.94416 0.102179 220.89 -12.063 2.9455
221.142 -11.6241 2.95717 8.03156e-09 220.89 -12.063 2.9455
220.584 -12.4287 2.94517 4.4001e-05 220.89 -12.063 2.9455
220.669 -12.5101 2.93268 4.65698e-09 220.89 -12.063 2.9455
221.105 -12.227 2.9535 3.35997e-06 220.89 -12.063 2.9455
220.612 -12.0232 2.94184 0.273535 220.89 -12.063 2.9455
220.261 -12.2455 2.95583 1.0154e-12 220.89 -12.063 2.9455
221.407 -11.9502 2.92826 1.03121e-23 220.89 -12.063 2.9455
221.111 -11.1958 2.95939 7.34775e-18 220.89 -12.063 2.9455
220.676 -12.7178 2.95351 9.45214e-14 220.89 -12.063 2.9455
221.028 -11.8741 2.9506 0.000839918 220.89 -12.063 2.9455
220.86 -12.4402 2.94561 1.20865e-05 220.89 -12.063 2.9455
220.9 -12.6866 2.92917 3.52397e-18 220.89 -12.063 2.9455
220.862 -12.6766 2.94789 1.43576e-10 220.89 -12.063 2.9455
220.705 -12.3281 2.95931 1.80047e-10 220.89 -12.063 2.9455
220.298 -11.8417 2.93307 0.000554595 220.89 -12.063 2.9455
220.722 -12.267 2.96181 5.28742e-12 220.89 -12.063 2.9455
220.861 -12.1759 2.95461 4.13363e-05 220.89 -12.063 2.9455
220.498 -12.3694 2.94772 2.14451e-05 220.89 -12.063 2.9455
220.752 -11.9037 2.94884 0.0384038 220.89 -12.063 2.9455
220.848 -11.7048 2.94749 0.0034873 220.89 -12.063 2.9455
221.139 -11.7716 2.96003 4.44452e-09 220.89 -12.063 2.9455
220.637 -11.7474 2.95569 1.05062e-06 220.89 -12.063 2.9455
220.182 -12.2872 2.94514 2.75022e-07 220.89 -12.063 2.9455
219.998 -12.2685 2.93518 3.23557e-08 220.89 -12.063 2.9455
221.63 -12.1785 2.95134 1.90292e-15 220.89 -12.063 2.9455
221.211 -11.795 2.95486 4.15994e-07 220.89 -12.063 2.9455
220.824 -12.0458 2.93285 1.15568e-05 220.89 -12.063 2.9455
221.019 -11.4518 2.95615 5.09437e-10 220.89 -12.063 2.9455
220.514 -12.3423 2.95822 1.03274e-11 220.89 -12.063 2.9455
220.934 -11.9331 2.93114 1.86782e-08 220.89 -12.063 2.9455
220.472 -12.0298 2.94804 0.00433657 220.89 -12.063 2.9455
221.173 -11.7707 2.94154 3.68089e-07 220.89 -12.063 2.9455
220.288 -11.5401 2.94975 2.7933e-09 220.89 -12.063 2.9455
220.631 -12.4366 2.93272 1.50835e-07 220.89 -12.063 2.9455
220.84 -11.6596 2.93951 0.000320267 220.89 -12.063 2.9455
220.086 -12.2529 2.94519 9.55466e-09 220.89 -12.063 2.9455
220.795 -11.2992 2.94248 2.79087e-09 220.89 -12.063 2.9455
221.065 -12.1649 2.94492 0.00016181 220.89 -12.063 2.9455
221.251 -12.6077 2.92847 2.82689e-25 220.89 -12.063 2.9455
220.68 -12.3524 2.92514 1.39437e-12 220.89 -12.063 2.9455
221.001 -12.0747 2.94771 0.003127 220.89 -12.063 2.9455
220.42 -12.6482 2.95004 2.63624e-12 220.89 -12.063 2.9455
220.219 -11.8702 2.95637 5.20806e-13 220.89 -12.063 2.9455
220.046 -11.9534 2.96106 4.41093e-23 220.89 -12.063 2.9455
220.3 -12.3549 2.96652 2.52553e-26 220.89 -12.063 2.9455
220.166 -11.7152 2.93202 3.99861e-06 220.89 -12.063 2.9455
220.981 -12.4202 2.93823 4.29891e-08 220.89 -12.063 2.9455
220.766 -11.6934 2.93503 5.2117e-05 220.89 -12.063 2.9455
220.579 -12.0309 2.94207 0.247421 220.89 -12.063 2.9455
220.163 -12.2051 2.9489 7.71688e-09 220.89 -12.063 2.9455
220.811 -12.4534 2.93822 1.13088e-06 220.89 -12.063 2.9455
221.251 -12.2215 2.96124 3.08624e-11 220.89 -12.063 2.9455
220.548 -11.9126 2.91579 9.50017e-20 220.89 -12.063 2.9455
220.71 -12.3844 2.95472 1.00043e-07 220.89 -12.063 2.9455
220.548 -11.8731 2.94501 0.0837546 220.89 -12.063 2.9455
220.545 -12.3349 2.95332 2.20141e-07 220.89 -12.063 2.9455
220.683 -12.2864 2.96513 2.66976e-16 220.89 -12.063 2.9455
221.18 -12.3529 2.95917 9.10936e-11 220.89 -12.063 2.9455
220.431 -11.7627 2.95666 8.53059e-10 220.89 -12.063 2.9455
220.127 -12.1622 2.93858 2.03481e-05 220.89 -12.063 2.9455
220.205 -12.213 2.9303 2.78063e-06 220.89 -12.063 2.9455
220.632 -12.2501 2.95989 8.06585e-11 220.89 -12.063 2.9455
220.801 -12.1865 2.93254 2.78412e-06 220.89 -12.063 2.9455
220.816 -11.8965 2.96405 4.44268e-12 220.89 -12.063 2.9455
219.772 -12.3983 2.94005 9.48883e-16 220.89 -12.063 2.9455
220.83 -12.1893 2.95272 0.00027463 220.89 -12.063 2.9455
220.771 -12.0557 2.93592 0.00193258 220.89 -12.063 2.9455
221.384 -12.4619 2.93659 1.69616e-18 220.89 -12.063 2.9455
221.024 -11.9644 2.94254 0.000881766 220.89 -12.063 2.9455
220.724 -11.9134 2.93801 0.0301965 220.89 -12.063 2.9455
220.06 -12.3104 2.93868 8.17859e-08 220.89 -12.063 2.9455
220.653 -12.0379 2.95237 0.000815944 220.89 -12.063 2.9455
221.017 -11.6042 2.96708 1.58474e-16 220.89 -12.063 2.9455
220.848 -12.4457 2.94883 4.51457e-06 220.89 -12.063 2.9455
220.433 -12.3015 2.94459 0.000394259 220.89 -12.063 2.9455
220.095 -12.618 2.92955 1.30196e-13 220.89 -12.063 2.9455
220.674 -11.7289 2.92616 4.4948e-10 220.89 -12.063 2.9455
221.096 -11.2312 2.94685 2.67641e-13 220.89 -12.063 2.9455
220.951 -11.666 2.94258 0.000180688 220.89 -12.063 2.9455
220.303 -11.9663 2.96181 4.12728e-17 220.89 -12.063 2.9455
221.276 -11.6192 2.95711 2.91759e-10 220.89 -12.063 2.9455
220.686 -12.2072 2.93763 0.00479073 220.89 -12.063 2.9455
220.552 -12.4753 2.93557 1.2197e-06 220.89 -12.063 2.9455
220.995 -11.6847 2.95297 2.05029e-05 220.89 -12.063 2.9455
220.857 -11.5547 2.96047 3.33863e-11 220.89 -12.063 2.9455
221.012 -11.9099 2.95171 0.000762497 220.89 -12.063 2.9455
220.753 -11.5186 2.94352 7.29275e-05 220.89 -12.063 2.9455
221.098 -12.4216 2.92608 1.96487e-20 220.89 -12.063 2.9455
220.74 -11.6923 2.94817 0.00340859 220.89 -12.063 2.9455
220.608 -12.6516 2.94875 3.05054e-10 220.89 -12.063 2.9455
220.624 -12.0159 2.94498 0.195682 220.89 -12.063 2.9455
220.308 -12.2147 2.93824 0.00107136 220.89 -12.063 2.9455
220.431 -12.4947 2.94662 1.56524e-07 220.89 -12.063 2.9455
220.446 -12.0547 2.9556 4.202e-08 220.89 -12.063 2.9455
220.662 -11.6309 2.92694 3.28854e-10 220.89 -12.063 2.9455
