38.1212 9.70614 0.176436 4.4933e-16
38.3424 9.62312 0.211814 7.44786e-23
38.1825 10.6076 0.192841 0.00173462
38.8502 10.0894 0.192041 3.29011e-10
38.2375 10.1102 0.204731 1.80864e-05
38.1836 10.2621 0.186752 0.0226239
38.126 9.92572 0.195244 0.000950295
38.3775 10.3131 0.176453 1.43112e-07
38.8203 10.3856 0.202099 1.47033e-15
37.9317 9.92807 0.204798 1.27715e-06
38.1243 10.0294 0.201062 0.00117315
38.0015 10.0031 0.203695 6.34296e-05
38.2623 9.91722 0.213447 3.12856e-16
38.454 10.1184 0.201381 3.32239e-06
38.193 9.73737 0.205012 2.47644e-11
38.2195 10.577 0.192499 0.00456314
38.5694 10.4895 0.203311 4.43433e-10
38.486 10.0596 0.202204 7.39775e-08
38.4344 9.82482 0.191706 3.23891e-06
38.354 9.56288 0.182551 1.31504e-13
38.6094 10.1476 0.208822 2.80333e-16
37.621 10.3617 0.20042 1.47289e-06
37.9954 9.65437 0.204826 1.40039e-12
38.6403 10.3732 0.182973 4.07793e-05
37.9187 10.1615 0.213379 1.41353e-09
38.2338 10.1386 0.193111 0.217137
38.37 10.1359 0.212783 7.84395e-15
38.3051 10.3066 0.186773 0.0496306
38.4232 9.66187 0.206863 4.29336e-18
38.7146 10.4758 0.196123 8.84578e-09
38.1679 10.3334 0.18993 0.140184
37.7628 10.1104 0.192442 4.46079e-06
37.8234 10.2472 0.193959 0.000599021
38.3996 10.5371 0.189952 0.00258756
38.4525 9.85028 0.201448 8.36273e-10
38.4802 10.4513 0.200224 6.92744e-06
38.5809 9.97703 0.201685 1.90061e-10
37.9008 10.0303 0.193381 0.000317445
38.4408 10.2884 0.218645 5.74974e-24
38.5701 9.87183 0.186044 1.42706e-06
38.6256 10.2368 0.180083 1.45548e-05
38.2316 10.0121 0.195874 0.0097436
37.9997 10.3616 0.209751 1.73854e-06
38.3249 10.5658 0.183119 1.36335e-05
38.3914 10.5965 0.197673 5.66458e-05
38.1209 9.492 0.180377 9.28911e-19
38.3899 9.98022 0.192337 0.00184601
37.877 10.0234 0.18852 2.10956e-06
37.7447 10.0521 0.191761 3.38553e-07
38.6037 9.55588 0.200038 2.56995e-19
37.9821 10.7741 0.205275 1.35913e-08
38.1568 10.4055 0.199374 0.0495763
38.7041 10.3475 0.211908 9.9663e-23
38.2434 9.93459 0.175312 2.25079e-11
38.1628 10.0794 0.207344 7.51567e-07
37.5797 10.3923 0.19524 7.12948e-09
38.392 9.97658 0.20454 6.57305e-09
38.0888 10.5867 0.189198 0.000183458
38.4096 10.1533 0.195425 0.0114437
38.0862 10.1534 0.191517 0.0765215
38.7237 9.82571 0.204246 3.5702e-19
38.1398 10.7116 0.208272 9.54738e-10
38.4925 10.6793 0.193376 2.00865e-06
38.1299 10.149 0.201989 0.00550944
38.3186 10.2259 0.197452 0.040981
38.1525 10.4285 0.202692 0.0025667
38.2516 10.8494 0.195135 2.66412e-08
37.9066 10.0391 0.212915 2.62362e-10
38.593 10.4513 0.191443 0.000135476
38.3119 9.97528 0.201173 1.25289e-05
37.8796 10.0982 0.1876 3.36222e-06
37.9483 10.3687 0.201203 0.0146174
38.2374 10.2893 0.202472 0.00213659
38.0282 10.9491 0.192171 6.51379e-12
37.7443 10.2031 0.186205 1.34493e-09
38.0252 9.90122 0.173727 2.881e-17
37.6304 10.11 0.19853 3.7768e-07
38.5043 9.99166 0.190751 0.000329116
38.2282 10.0301 0.206946 9.31516e-08
38.19 10.2087 0.196472 0.27175
38.9575 10.2599 0.203215 1.31368e-21
38.5336 9.757 0.186385 2.24327e-08
38.3233 9.99093 0.205 5.36742e-08
38.7207 10.3349 0.203037 4.09651e-13
37.6599 10.1479 0.197956 2.22284e-06
38.0862 9.78302 0.188551 2.50125e-07
38.4809 10.0361 0.191415 0.0015251
37.9285 10.4148 0.197897 0.0153712
38.6919 10.2057 0.213919 1.97306e-25
38.3456 10.4229 0.188129 0.028792
38.608 9.93943 0.196905 1.73821e-08
38.4954 10.0796 0.186349 0.00226645
38.362 9.9984 0.21843 8.49049e-24
37.9503 10.5554 0.196446 0.00121828
37.5117 9.40566 0.194173 2.714e-27
37.7853 10.1273 0.192401 1.50966e-05
38.1814 10.4489 0.218359 1.35499e-17
38.198 10.4829 0.198218 0.02088
38.2445 9.91593 0.193769 0.000835404
37.6652 9.87037 0.204726 6.00719e-10
