103.867 17.8301 0.0619997 0.000564141 103.92 17.746 0.073349
104.75 17.6791 0.0785652 1.22547e-10 103.92 17.746 0.073349
103.683 17.9925 0.05749 1.95389e-08 103.92 17.746 0.073349
104.168 17.9623 0.0765478 0.0135678 103.92 17.746 0.073349
103.621 17.5799 0.0653982 1.38472e-06 103.92 17.746 0.073349
104.462 17.9955 0.0433991 4.72406e-14 103.92 17.746 0.073349
103.668 17.3713 0.0751878 6.12144e-06 103.92 17.746 0.073349
104.702 17.8827 0.0844412 5.86164e-13 103.92 17.746 0.073349
103.881 17.2437 0.0744798 3.31454e-06 103.92 17.746 0.073349
103.978 17.7117 0.0647396 0.0116525 103.92 17.746 0.073349
104.231 17.778 0.0703844 0.093731 103.92 17.746 0.073349
103.15 18.0342 0.0720787 6.37843e-14 103.92 17.746 0.073349
104.103 17.8014 0.0738837 0.167091 103.92 17.746 0.073349
104.217 17.9805 0.0711355 0.0441024 103.92 17.746 0.073349
103.379 17.311 0.0584345 2.02726e-18 103.92 17.746 0.073349
104.133 17.2595 0.0565443 6.49592e-11 103.92 17.746 0.073349
103.808 18.0423 0.0841998 1.52513e-05 103.92 17.746 0.073349
104.197 18.0158 0.0681653 0.0377286 103.92 17.746 0.073349
104.253 17.9311 0.0537304 2.51939e-06 103.92 17.746 0.073349
104.193 17.7822 0.0715654 0.129916 103.92 17.746 0.073349
104.289 17.7239 0.0720047 0.0302009 103.92 17.746 0.073349
104.17 17.7583 0.0524514 1.45254e-07 103.92 17.746 0.073349
103.702 17.699 0.0640611 2.87371e-05 103.92 17.746 0.073349
103.9 17.5814 0.0511666 1.4444e-11 103.92 17.746 0.073349
103.998 18.1471 0.0733824 0.0036785 103.92 17.746 0.073349
104.235 17.9411 0.0613605 0.00429586 103.92 17.746 0.073349
104.162 17.4122 0.0716383 0.000826512 103.92 17.746 0.073349
104.447 18.2031 0.0743057 2.26449e-06 103.92 17.746 0.073349
104.125 17.6273 0.0757973 0.0349251 103.92 17.746 0.073349
103.372 17.8811 0.0752751 7.87297e-08 103.92 17.746 0.073349
103.001 17.5495 0.0751974 1.52612e-17 103.92 17.746 0.073349
104.244 17.1919 0.0572896 9.66522e-12 103.92 17.746 0.073349
104.226 17.5198 0.0716415 0.00551994 103.92 17.746 0.073349
103.878 17.3198 0.0678471 4.54977e-06 103.92 17.746 0.073349
104.305 17.8256 0.0743911 0.0138288 103.92 17.746 0.073349
103.964 17.1181 0.0686544 5.13701e-09 103.92 17.746 0.073349
103.604 17.2476 0.0439366 8.49605e-29 103.92 17.746 0.073349
103.881 18.2711 0.067249 4.91765e-05 103.92 17.746 0.073349
103.708 17.3708 0.0668635 3.70375e-07 103.92 17.746 0.073349
104.02 17.8983 0.0608683 0.00199938 103.92 17.746 0.073349
103.93 17.5966 0.0457223 5.3974e-16 103.92 17.746 0.073349
104.003 17.2964 0.0694786 1.5821e-05 103.92 17.746 0.073349
103.714 17.3355 0.0601801 1.07563e-10 103.92 17.746 0.073349
103.589 17.9404 0.066892 1.10204e-05 103.92 17.746 0.073349
103.974 17.0334 0.0603989 3.52714e-14 103.92 17.746 0.073349
103.463 17.8792 0.0665165 8.70147e-08 103.92 17.746 0.073349
103.677 17.5762 0.0751252 0.000570745 103.92 17.746 0.073349
103.747 17.3193 0.0824902 1.54364e-06 103.92 17.746 0.073349
104.121 17.59 0.0561103 1.27518e-06 103.92 17.746 0.073349
104.082 17.7398 0.0616907 0.00353648 103.92 17.746 0.073349
104.126 18.1525 0.0761219 0.000777583 103.92 17.746 0.073349
104.388 17.4501 0.0672244 5.54932e-05 103.92 17.746 0.073349
104.427 17.3528 0.0697558 2.35394e-06 103.92 17.746 0.073349
103.881 17.3596 0.08497 2.69098e-06 103.92 17.746 0.073349
104.138 18.141 0.0873935 7.75015e-09 103.92 17.746 0.073349
103.463 17.797 0.0672744 1.4892e-07 103.92 17.746 0.073349
104.524 17.4701 0.0772586 3.44495e-07 103.92 17.746 0.073349
103.651 17.6591 0.0601039 4.83438e-08 103.92 17.746 0.073349
104.123 17.5872 0.0814738 0.000992347 103.92 17.746 0.073349
103.998 17.462 0.0691511 0.00187904 103.92 17.746 0.073349
103.883 17.2506 0.0721257 2.78794e-06 103.92 17.746 0.073349
102.938 17.727 0.0708655 7.10359e-20 103.92 17.746 0.073349
104.078 17.6174 0.0645682 0.00619399 103.92 17.746 0.073349
104.253 17.9254 0.0593833 0.000964233 103.92 17.746 0.073349
103.656 17.5274 0.0705652 4.75741e-05 103.92 17.746 0.073349
103.902 17.764 0.0722006 0.104017 103.92 17.746 0.073349
104.218 17.8529 0.0677999 0.0911674 103.92 17.746 0.073349
104.684 17.3768 0.0691153 1.42745e-09 103.92 17.746 0.073349
103.769 17.6991 0.0781616 0.0070224 103.92 17.746 0.073349
104.113 17.8696 0.0808611 0.00289998 103.92 17.746 0.073349
103.514 18.0239 0.0728328 3.53081e-06 103.92 17.746 0.073349
103.933 17.818 0.0822977 0.00260163 103.92 17.746 0.073349
103.961 17.8694 0.0513477 4.07598e-09 103.92 17.746 0.073349
103.873 17.3872 0.0743102 0.000293396 103.92 17.746 0.073349
104.24 17.751 0.0638325 0.0141441 103.92 17.746 0.073349
103.735 17.6093 0.0578058 1.48854e-08 103.92 17.746 0.073349
104.284 17.6368 0.068132 0.0135982 103.92 17.746 0.073349
104.388 18.2133 0.0537247 6.55389e-08 103.92 17.746 0.073349
103.734 17.7114 0.0980511 8.95899e-13 103.92 17.746 0.073349
104.084 17.5001 0.066697 0.00217823 103.92 17.746 0.073349
103.876 17.8021 0.0727895 0.0856197 103.92 17.746 0.073349
104.03 17.7768 0.0794566 0.0206099 103.92 17.746 0.073349
103.922 17.5822 0.0623989 0.000144681 103.92 17.746 0.073349
104.157 17.7502 0.060788 0.0022757 103.92 17.746 0.073349
104.154 17.6495 0.0627873 0.00339962 103.92 17.746 0.073349
103.98 17.4208 0.060268 6.75241e-07 103.92 17.746 0.073349
103.681 17.1843 0.0693272 1.09198e-09 103.92 17.746 0.073349
104.135 17.4944 0.0661005 0.00141682 103.92 17.746 0.073349
103.795 17.7104 0.0910367 1.45795e-07 103.92 17.746 0.073349
102.764 18.0572 0.0689458 1.84063e-27 103.92 17.746 0.073349
104.313 18.3277 0.056651 1.3266e-07 103.92 17.746 0.073349
104.075 17.5722 0.057246 2.65101e-06 103.92 17.746 0.073349
104.435 17.7575 0.0704973 0.00245869 103.92 17.746 0.073349
103.748 17.8522 0.0664518 0.00124589 103.92 17.746 0.073349
103.533 17.601 0.0454699 5.66454e-23 103.92 17.746 0.073349
103.881 18.4142 0.0475321 4.89253e-16 103.92 17.746 0.073349
104.338 17.3755 0.0630549 1.93309e-06 103.92 17.746 0.073349
104.442 16.8721 0.0724918 3.14369e-16 103.92 17.746 0.073349
104.037 18.0145 0.0669275 0.0360991 103.92 17.746 0.073349
103.572 17.1781 0.0566991 3.35636e-18 103.92 17.746 0.073349
