224.339 26.8741 0.09627 3.01742e-08
224.289 26.4425 0.0494643 6.95155e-17
224.373 26.865 0.0653096 0.000227792
224.416 26.4757 0.0792006 0.00929285
224.344 26.5265 0.0950836 1.38918e-08
224.594 26.7406 0.0705636 0.00484827
224.437 26.6983 0.0733955 0.105757
223.904 26.8377 0.0643491 5.41411e-09
224.565 26.55 0.0845881 0.000104154
224.24 26.1471 0.076693 4.46534e-07
223.966 27.0893 0.067994 3.29872e-08
223.884 26.3171 0.0659319 1.90217e-10
224.197 26.7006 0.0537047 6.34835e-13
223.842 26.3221 0.0885826 6.6697e-09
224.472 26.4542 0.0736389 0.00489891
224.584 26.7288 0.0703559 0.00543491
223.942 27.2294 0.0739661 3.20921e-08
224.196 26.7455 0.0812569 0.167158
223.929 27.2373 0.0610359 1.00063e-15
223.83 26.6529 0.0872366 1.79629e-05
223.97 26.8126 0.0761561 0.00307976
223.846 26.8458 0.0653562 1.93271e-09
223.385 26.7671 0.0644699 4.82094e-22
224.223 26.1438 0.063885 3.9874e-10
224.997 26.145 0.084709 1.7845e-18
224.426 26.5064 0.0784435 0.0185143
223.778 26.6412 0.0741072 1.50382e-06
224.142 26.6804 0.0682023 0.00110467
224.137 26.694 0.0619133 5.25191e-07
224.401 26.554 0.0613999 4.15302e-06
223.45 26.9928 0.0675171 4.17953e-19
224.323 26.4689 0.0793349 0.0149978
224.232 26.6023 0.0671405 0.00112156
224.176 26.7443 0.0582837 2.76497e-09
223.914 26.6517 0.0682135 2.14722e-06
224.106 26.8598 0.0746351 0.02068
223.756 26.5481 0.0797399 1.89599e-06
223.831 26.1433 0.0627024 5.47026e-16
224.349 27.1375 0.0556652 6.66383e-14
224.611 26.4528 0.0668617 4.38515e-05
223.986 26.3223 0.0552368 3.30461e-16
223.775 26.887 0.0744373 7.85361e-07
224.373 26.8002 0.0751404 0.192423
223.814 26.0554 0.0651383 1.19897e-16
224.218 26.7716 0.066417 0.000530255
223.647 27.0322 0.0677142 7.64767e-14
224.034 26.856 0.0605985 1.12372e-09
224.62 26.33 0.0772688 9.60917e-06
224.599 26.8606 0.0536891 3.40943e-12
224.448 27.0463 0.0604036 9.70295e-09
224.026 26.8829 0.0790774 0.0118891
223.936 27.05 0.0506501 7.287e-23
223.781 26.8458 0.075459 2.90822e-06
223.848 27.0276 0.0899146 7.97368e-07
224.056 26.7564 0.0899302 0.000351506
224.23 26.4458 0.0661872 5.29882e-05
223.868 26.9066 0.0844434 0.00012829
224.63 26.8315 0.0616878 1.07097e-06
223.844 26.5825 0.0654292 3.01018e-09
224.262 27.0673 0.0731214 0.00118131
223.84 26.7347 0.0667367 2.18028e-08
223.892 26.0217 0.0616008 5.54671e-18
223.556 26.4585 0.0901698 2.4279e-12
224.477 26.5003 0.0595456 1.86667e-07
224.001 27.1144 0.0790792 6.88645e-05
224.215 26.2044 0.0831379 6.80961e-07
223.905 26.4415 0.061431 1.61471e-11
223.877 27.2958 0.0686327 1.20671e-12
224.087 26.1493 0.077697 9.86177e-08
224.466 27.47 0.0512965 4.50206e-25
224.873 26.6724 0.0808318 9.79114e-08
224.038 26.4756 0.0534734 1.06847e-15
224.729 26.3575 0.0631302 2.68198e-08
223.735 26.6916 0.075326 5.93767e-07
224.235 26.4863 0.0732268 0.0128982
224.409 26.6996 0.0806596 0.0953889
223.933 26.5265 0.0598382 1.20624e-11
224.314 27.012 0.0573969 7.22772e-11
224.315 27.009 0.0613407 5.9576e-08
224.331 27.0048 0.0846169 0.0030242
223.981 27.2545 0.0691569 4.81771e-10
223.778 27.0347 0.0662091 8.12302e-12
224.49 26.5652 0.0659373 0.000505752
224.222 26.7896 0.0788478 0.254161
223.74 26.7974 0.0818633 5.00806e-06
224.096 26.9357 0.080532 0.0193803
223.901 26.6838 0.0653925 4.8245e-08
224.341 25.918 0.0794452 7.93372e-13
223.873 27.0323 0.0710041 1.56326e-07
224.074 26.6036 0.0633877 7.01701e-07
224.17 26.8435 0.0566907 4.4785e-11
223.172 26.571 0.061647 8.8752e-33
223.987 26.7774 0.0745484 0.00288976
224.277 26.6104 0.0596563 1.84801e-07
223.987 26.4464 0.0793309 0.000372585
224.139 26.8987 0.0773934 0.0474311
224.034 26.321 0.0725545 7.20419e-06
223.971 25.8618 0.0770065 7.08123e-16
223.968 27.1153 0.0679415 1.48212e-08
224.249 25.9658 0.068666 4.41079e-12
