-31.8716 -81.1067 2.27683 0.00409581
-32.6441 -81.1079 2.28523 7.00243e-13
-31.7176 -81.5117 2.29618 2.49767e-13
-32.5051 -81.0613 2.28563 6.2919e-11
-31.4057 -81.6415 2.26351 1.66113e-09
-32.3198 -81.4636 2.28617 2.25695e-09
-31.9477 -80.5551 2.27718 2.11764e-08
-31.682 -80.9413 2.27205 0.0105161
-31.9354 -81.7644 2.28768 3.17594e-09
-32.3074 -81.1198 2.29795 5.3247e-15
-32.6134 -81.4003 2.26958 3.71234e-08
-32.8581 -81.5415 2.27369 2.79728e-14
-32.1389 -81.2378 2.27689 0.00102839
-32.3559 -81.136 2.28776 1.06705e-09
-31.5707 -81.2892 2.28411 5.01606e-07
-31.4372 -81.049 2.30165 6.42913e-24
-32.1985 -81.1988 2.26676 0.03837
-32.1586 -82.1311 2.29011 1.30855e-15
-32.1037 -81.7099 2.28958 2.73742e-10
-31.5128 -81.384 2.28039 4.46711e-06
-32.1749 -81.6754 2.27536 2.27192e-06
-32.0867 -80.7947 2.27119 0.00479029
-32.1659 -81.8651 2.28989 4.23063e-12
-32.3125 -81.2926 2.29004 4.05717e-10
-31.6599 -81.1041 2.26448 0.105045
-31.9247 -81.286 2.26853 0.104777
-31.7725 -81.6263 2.27478 4.60215e-05
-31.7469 -80.7586 2.2736 0.000333383
-32.5119 -81.8141 2.26921 3.26702e-11
-32.2825 -81.5716 2.27054 8.21814e-06
-31.6282 -81.0808 2.28541 3.15845e-08
-31.5289 -81.0942 2.29109 9.93202e-13
-32.0413 -81.2143 2.27379 0.0223087
-31.943 -81.1931 2.27788 0.00229106
-32.0547 -81.5365 2.29599 1.64428e-13
-31.8672 -81.3826 2.29675 5.30825e-14
-32.597 -81.3723 2.27318 2.33935e-08
-32.0366 -81.2658 2.28611 2.45616e-07
-31.6138 -82.0195 2.29816 3.20127e-17
-31.9277 -81.253 2.27689 0.00497237
-32.3455 -81.409 2.28269 9.57291e-08
-32.7921 -80.9773 2.2868 4.86569e-17
-32.4798 -81.1557 2.28987 1.897e-12
-32.9565 -81.5117 2.29046 1.43537e-22
-31.7947 -81.9937 2.29843 1.47658e-16
-31.7021 -81.1855 2.28221 1.41009e-05
-31.8069 -81.4504 2.28663 3.35533e-07
-32.3745 -81.3493 2.27532 8.92721e-06
-32.3318 -81.3893 2.29617 1.15126e-13
-32.4733 -81.2714 2.27379 2.61684e-06
-31.8729 -81.4488 2.26552 0.00333122
-31.7339 -81.6888 2.29424 3.58048e-12
-32.2782 -81.5987 2.27608 1.94379e-06
-31.8426 -81.4895 2.26884 0.00216614
-31.6743 -81.4299 2.28681 1.10288e-07
-31.7978 -81.9294 2.28778 5.48607e-11
-32.1395 -81.4026 2.2749 0.00102551
-31.9926 -81.5427 2.28577 3.58272e-07
-32.062 -81.6102 2.27157 7.19853e-05
-31.876 -81.0851 2.26833 0.455714
-32.1554 -81.3162 2.28557 1.44382e-07
-32.3309 -81.4375 2.27661 7.99977e-06
-32.0643 -81.4281 2.27772 0.000417607
-32.4516 -81.7943 2.28543 1.08012e-12
-31.8697 -80.9406 2.25123 0.0227492
-32.2504 -82.0889 2.28128 7.43979e-14
-32.266 -81.023 2.2651 0.0259012
-32.1051 -80.9933 2.28559 5.73466e-09
-32.6716 -81.5789 2.28157 3.73931e-13
-32.208 -80.9568 2.2892 1.58788e-09
-31.9862 -81.4189 2.28224 2.80875e-05
-32.249 -81.5378 2.28801 8.58075e-10
-32.342 -81.0708 2.27709 2.06052e-05
-32.0462 -81.4802 2.26905 0.00200056
-32.2288 -81.1266 2.29945 1.48257e-20
-31.9503 -81.4867 2.28811 4.72173e-08
-31.5738 -81.0295 2.29157 1.95423e-13
-32.137 -81.4154 2.28078 2.29063e-05
-31.8353 -81.3494 2.28329 1.67191e-05
-31.6091 -81.384 2.27853 9.26725e-05
-32.2339 -81.2233 2.26867 0.0126692
-32.4073 -81.6275 2.2766 2.13653e-08
-32.358 -81.6305 2.28661 1.17594e-10
-32.3981 -81.7973 2.27503 4.56808e-10
-32.4152 -81.5739 2.28183 2.78919e-09
-31.3608 -81.1226 2.28475 4.99383e-10
-32.2446 -81.42 2.2803 5.28824e-06
-32.0011 -81.6123 2.26522 2.11783e-05
-31.8684 -81.8408 2.27944 5.68327e-08
-32.0767 -81.5952 2.26897 7.50394e-05
-31.8806 -81.5776 2.27395 0.000269644
-32.0634 -81.7068 2.27525 3.6831e-06
-32.3416 -81.3455 2.27255 7.12189e-05
-31.7785 -81.8779 2.29028 2.38294e-11
-32.4335 -81.3622 2.28929 2.06826e-11
-32.4093 -80.9608 2.28458 1.74274e-09
-31.7262 -81.1348 2.26328 0.174581
-31.9624 -81.133 2.28059 0.000118317
-31.8239 -81.1381 2.28671 5.69331e-08
-32.1971 -81.3223 2.29253 2.13406e-12
