-15.6746 -93.2757 2.79639 0.00340493 -15.732 -92.829 2.8004
-15.6921 -93.0932 2.79895 0.0142557 -15.732 -92.829 2.8004
-15.8271 -93.2905 2.80413 1.94064e-05 -15.732 -92.829 2.8004
-15.1337 -93.1022 2.79118 0.000580077 -15.732 -92.829 2.8004
-15.4688 -93.3868 2.78674 1.34419e-05 -15.732 -92.829 2.8004
-15.8771 -92.7575 2.78891 2.92992e-05 -15.732 -92.829 2.8004
-15.7345 -93.3283 2.80521 8.14076e-05 -15.732 -92.829 2.8004
-15.4921 -92.9988 2.78825 0.00357375 -15.732 -92.829 2.8004
-15.7839 -92.699 2.80317 3.56247e-05 -15.732 -92.829 2.8004
-15.3624 -93.3026 2.79353 0.00467911 -15.732 -92.829 2.8004
-15.6674 -93.0994 2.79809 0.0222188 -15.732 -92.829 2.8004
-15.7426 -92.8011 2.79208 0.0013337 -15.732 -92.829 2.8004
-15.9477 -93.2158 2.81285 4.90219e-10 -15.732 -92.829 2.8004
-15.9231 -93.0403 2.80302 1.10127e-05 -15.732 -92.829 2.8004
-16.0331 -93.0565 2.78521 7.54639e-07 -15.732 -92.829 2.8004
-15.2133 -93.3345 2.78935 2.89259e-05 -15.732 -92.829 2.8004
-15.5488 -92.9271 2.79913 0.0996717 -15.732 -92.829 2.8004
-15.6339 -93.5994 2.78974 2.41199e-07 -15.732 -92.829 2.8004
-15.6579 -92.8083 2.8168 9.59172e-08 -15.732 -92.829 2.8004
-15.9501 -93.0683 2.78215 7.64383e-07 -15.732 -92.829 2.8004
-15.5264 -92.7761 2.78208 5.88377e-06 -15.732 -92.829 2.8004
-15.9402 -92.5245 2.79528 1.02621e-07 -15.732 -92.829 2.8004
-15.3748 -92.9293 2.798 0.213558 -15.732 -92.829 2.8004
-15.8641 -93.4143 2.8001 3.19304e-06 -15.732 -92.829 2.8004
-16.2106 -92.9423 2.79528 3.31925e-09 -15.732 -92.829 2.8004
-15.8156 -93.4889 2.79158 1.39272e-06 -15.732 -92.829 2.8004
-15.9323 -93.4658 2.80196 6.08167e-08 -15.732 -92.829 2.8004
-15.2514 -93.2186 2.80532 0.114492 -15.732 -92.829 2.8004
-15.3462 -93.1468 2.79531 0.0653727 -15.732 -92.829 2.8004
-15.1571 -92.5471 2.79356 1.92707e-05 -15.732 -92.829 2.8004
-15.8163 -93.2994 2.82342 2.5037e-14 -15.732 -92.829 2.8004
-15.962 -92.9818 2.82195 1.0501e-15 -15.732 -92.829 2.8004
-15.8136 -93.4956 2.79519 2.42694e-06 -15.732 -92.829 2.8004
-16.4042 -93.0077 2.78063 3.11696e-13 -15.732 -92.829 2.8004
-16.295 -93.4119 2.81738 2.70762e-22 -15.732 -92.829 2.8004
-16.2938 -93.2084 2.82534 1.17126e-27 -15.732 -92.829 2.8004
-15.7127 -93.0182 2.80794 0.000333574 -15.732 -92.829 2.8004
-16.1464 -93.3502 2.80032 3.65069e-10 -15.732 -92.829 2.8004
-15.237 -92.8896 2.79788 0.091604 -15.732 -92.829 2.8004
-15.6898 -93.9185 2.80833 1.97799e-13 -15.732 -92.829 2.8004
-15.9023 -93.2396 2.77814 9.29931e-09 -15.732 -92.829 2.8004
-15.6484 -93.2246 2.81378 6.88949e-06 -15.732 -92.829 2.8004
-15.3573 -93.5077 2.78939 2.91634e-06 -15.732 -92.829 2.8004
-15.8262 -92.391 2.80502 9.68761e-10 -15.732 -92.829 2.8004
-15.9604 -92.455 2.79163 9.34833e-09 -15.732 -92.829 2.8004
-16.1073 -92.6736 2.80397 1.25197e-10 -15.732 -92.829 2.8004
-15.6784 -92.9731 2.79194 0.00916657 -15.732 -92.829 2.8004
-16.3942 -93.4473 2.81366 5.74591e-23 -15.732 -92.829 2.8004
-16.0397 -93.1099 2.81872 4.02517e-15 -15.732 -92.829 2.8004
-16.4738 -92.8951 2.7783 4.29968e-15 -15.732 -92.829 2.8004
-15.0156 -93.097 2.79246 0.000128644 -15.732 -92.829 2.8004
-15.7901 -93.6636 2.80231 9.96391e-09 -15.732 -92.829 2.8004
-15.6564 -92.5708 2.79713 0.000138262 -15.732 -92.829 2.8004
-14.9517 -93.3521 2.81364 0.000376868 -15.732 -92.829 2.8004
-16.1069 -93.0174 2.81936 3.56433e-17 -15.732 -92.829 2.8004
-15.4884 -93.7118 2.81986 9.69002e-12 -15.732 -92.829 2.8004
-16.0577 -93.2572 2.80255 2.03811e-08 -15.732 -92.829 2.8004
-15.9569 -92.9005 2.80552 4.25436e-07 -15.732 -92.829 2.8004
-15.8673 -93.6168 2.80668 5.94235e-10 -15.732 -92.829 2.8004
-15.6355 -93.3061 2.8076 0.000348702 -15.732 -92.829 2.8004
-15.7079 -92.8762 2.79733 0.00825105 -15.732 -92.829 2.8004
-15.4246 -93.4623 2.79849 0.00107252 -15.732 -92.829 2.8004
-15.9888 -93.0428 2.80228 1.56869e-06 -15.732 -92.829 2.8004
-15.6192 -93.1625 2.7961 0.0254196 -15.732 -92.829 2.8004
-15.3056 -92.7199 2.80147 0.0302511 -15.732 -92.829 2.8004
-15.3652 -93.1117 2.79731 0.170024 -15.732 -92.829 2.8004
-16.5665 -93.1085 2.79984 5.509e-19 -15.732 -92.829 2.8004
-15.4872 -93.3948 2.80115 0.00434736 -15.732 -92.829 2.8004
-15.6999 -93.5145 2.81433 5.11778e-09 -15.732 -92.829 2.8004
-15.7007 -92.9288 2.82127 2.18296e-10 -15.732 -92.829 2.8004
-16.0052 -93.4926 2.80734 7.03688e-11 -15.732 -92.829 2.8004
-15.9443 -92.8538 2.79732 2.26618e-05 -15.732 -92.829 2.8004
-15.4705 -93.1769 2.8142 0.000403879 -15.732 -92.829 2.8004
-15.9083 -93.2395 2.78867 1.26588e-05 -15.732 -92.829 2.8004
-16.1034 -92.956 2.79338 3.7835e-07 -15.732 -92.829 2.8004
-15.9006 -93.1191 2.81202 1.66981e-08 -15.732 -92.829 2.8004
-16.0472 -92.4995 2.8053 8.30517e-12 -15.732 -92.829 2.8004
-15.8823 -93.4452 2.78478 5.06238e-08 -15.732 -92.829 2.8004
-15.0948 -93.2349 2.79962 0.0136004 -15.732 -92.829 2.8004
-15.791 -92.2632 2.80344 4.7103e-11 -15.732 -92.829 2.8004
-15.6948 -92.7029 2.8152 3.41963e-08 -15.732 -92.829 2.8004
-15.8238 -92.6057 2.82035 3.52912e-14 -15.732 -92.829 2.8004
-15.7165 -93.1367 2.8092 9.58785e-05 -15.732 -92.829 2.8004
-15.8779 -93.1431 2.79968 0.000120296 -15.732 -92.829 2.8004
-16.0351 -93.6482 2.79872 2.22731e-11 -15.732 -92.829 2.8004
-15.6884 -93.0985 2.80631 0.00146729 -15.732 -92.829 2.8004
-15.2364 -93.3806 2.80523 0.00999104 -15.732 -92.829 2.8004
-15.7475 -92.9522 2.79862 0.00528209 -15.732 -92.829 2.8004
-15.3763 -92.6054 2.79791 0.00243205 -15.732 -92.829 2.8004
-15.7656 -92.9354 2.80593 0.000218128 -15.732 -92.829 2.8004
-16.1718 -92.6001 2.80192 6.08351e-12 -15.732 -92.829 2.8004
-15.4142 -92.7872 2.80981 0.00511799 -15.732 -92.829 2.8004
-15.5412 -93.123 2.78645 0.000610296 -15.732 -92.829 2.8004
-15.1207 -93.1824 2.78989 7.66448e-05 -15.732 -92.829 2.8004
-15.5155 -93.3522 2.80301 0.00622448 -15.732 -92.829 2.8004
-16.1116 -92.2679 2.81167 1.0087e-19 -15.732 -92.829 2.8004
-15.4978 -92.8224 2.80687 0.0126408 -15.732 -92.829 2.8004
-15.7205 -92.7129 2.80777 1.68897e-05 -15.732 -92.829 2.8004
-15.5387 -92.8394 2.79836 0.0567984 -15.732 -92.829 2.8004
-16.3645 -92.7426 2.78969 1.54462e-12 -15.732 -92.829 2.8004
