146.77 21.5825 0.0952632 6.12757e-16 146.55 21.347 0.071576
146.457 21.3526 0.0668524 0.0110195 146.55 21.347 0.071576
146.444 21.948 0.100368 5.83885e-24 146.55 21.347 0.071576
146.661 21.3908 0.0867514 6.19026e-07 146.55 21.347 0.071576
146.549 21.1276 0.0645464 0.00158108 146.55 21.347 0.071576
147.203 21.9305 0.0662914 7.58064e-10 146.55 21.347 0.071576
147.26 21.7333 0.0658576 8.89961e-08 146.55 21.347 0.071576
146.784 21.742 0.0788494 9.49284e-06 146.55 21.347 0.071576
146.629 21.2728 0.0515469 5.0633e-08 146.55 21.347 0.071576
146.768 21.4739 0.06173 0.0308465 146.55 21.347 0.071576
146.741 21.4309 0.0811819 0.00027907 146.55 21.347 0.071576
146.482 21.8478 0.0590555 2.10362e-08 146.55 21.347 0.071576
146.862 21.5409 0.0666781 0.0574564 146.55 21.347 0.071576
146.825 21.0611 0.0860761 2.51085e-09 146.55 21.347 0.071576
146.081 21.4727 0.0704292 8.15304e-08 146.55 21.347 0.071576
146.819 21.719 0.0900938 5.38301e-13 146.55 21.347 0.071576
146.787 21.5438 0.0619626 0.0193285 146.55 21.347 0.071576
147.073 21.1637 0.0899492 1.7871e-15 146.55 21.347 0.071576
146.542 21.1315 0.064729 0.00167434 146.55 21.347 0.071576
146.85 21.676 0.076652 0.000129946 146.55 21.347 0.071576
146.706 21.9651 0.087921 3.71551e-14 146.55 21.347 0.071576
146.692 21.9267 0.0712142 2.53787e-06 146.55 21.347 0.071576
145.83 21.3644 0.0765342 7.89459e-13 146.55 21.347 0.071576
146.342 21.2993 0.0744145 0.00198732 146.55 21.347 0.071576
146.463 21.0398 0.0551492 1.5658e-09 146.55 21.347 0.071576
146.864 21.026 0.0522359 2.55319e-08 146.55 21.347 0.071576
146.425 20.9986 0.0648263 4.74517e-06 146.55 21.347 0.071576
146.676 21.1944 0.0677696 0.0623428 146.55 21.347 0.071576
146.948 21.5646 0.0732635 0.00171499 146.55 21.347 0.071576
147.551 21.6109 0.0944429 3.69329e-35 146.55 21.347 0.071576
146.799 21.3109 0.0536081 1.84679e-05 146.55 21.347 0.071576
146.227 21.9986 0.0837515 3.19219e-13 146.55 21.347 0.071576
146.632 21.4426 0.0777911 0.012848 146.55 21.347 0.071576
146.903 21.6935 0.0888511 9.56924e-13 146.55 21.347 0.071576
146.737 20.9984 0.0608847 4.68568e-05 146.55 21.347 0.071576
146.425 20.9125 0.0749024 2.73022e-06 146.55 21.347 0.071576
146.433 20.9529 0.0793224 2.05007e-06 146.55 21.347 0.071576
146.646 21.8832 0.076776 1.32169e-06 146.55 21.347 0.071576
146.651 21.4851 0.0634245 0.0350256 146.55 21.347 0.071576
146.789 20.718 0.064142 2.89741e-09 146.55 21.347 0.071576
147.24 21.0936 0.0916619 1.0658e-21 146.55 21.347 0.071576
146.227 21.2789 0.0711064 4.32319e-05 146.55 21.347 0.071576
145.996 21.2473 0.0710792 9.68942e-10 146.55 21.347 0.071576
146.338 21.3458 0.0695943 0.00144056 146.55 21.347 0.071576
146.284 21.5221 0.0882229 1.65702e-08 146.55 21.347 0.071576
146.495 21.4424 0.0807182 0.00100949 146.55 21.347 0.071576
146.052 21.3254 0.0718783 4.31977e-08 146.55 21.347 0.071576
146.171 21.9603 0.0626137 7.44607e-14 146.55 21.347 0.071576
147.022 21.5872 0.0609836 0.00109723 146.55 21.347 0.071576
146.977 21.5681 0.0604234 0.00214986 146.55 21.347 0.071576
146.946 21.2806 0.07253 0.00684971 146.55 21.347 0.071576
146.727 21.4727 0.0638593 0.0797343 146.55 21.347 0.071576
146.905 21.5714 0.0880027 5.93398e-11 146.55 21.347 0.071576
146.343 20.9856 0.0630691 6.61723e-08 146.55 21.347 0.071576
146.315 21.3316 0.0756437 0.000966164 146.55 21.347 0.071576
146.573 21.4517 0.0824139 0.000231021 146.55 21.347 0.071576
146.283 21.7711 0.0712519 1.23278e-06 146.55 21.347 0.071576
146.735 21.4124 0.0828079 4.91348e-05 146.55 21.347 0.071576
146.804 21.9377 0.0715303 8.35033e-07 146.55 21.347 0.071576
146.079 21.6268 0.0841571 1.09143e-09 146.55 21.347 0.071576
146.645 21.7457 0.0737802 0.000688691 146.55 21.347 0.071576
146.945 21.7876 0.0679796 8.74104e-05 146.55 21.347 0.071576
146.309 21.2112 0.062574 2.15777e-06 146.55 21.347 0.071576
146.795 20.8972 0.0724555 1.19636e-05 146.55 21.347 0.071576
147.039 21.2757 0.0872754 6.25475e-12 146.55 21.347 0.071576
146.495 21.0229 0.0556777 5.65233e-09 146.55 21.347 0.071576
146.491 21.2201 0.0818079 0.000195456 146.55 21.347 0.071576
146.571 21.6411 0.0737865 0.00665959 146.55 21.347 0.071576
147.087 21.5911 0.0710868 0.000100236 146.55 21.347 0.071576
146.18 21.4155 0.0579128 8.73323e-11 146.55 21.347 0.071576
146.355 21.7865 0.0798682 5.36658e-07 146.55 21.347 0.071576
146.728 21.3109 0.0637304 0.0766612 146.55 21.347 0.071576
147.438 21.4685 0.064262 3.23225e-09 146.55 21.347 0.071576
146.109 21.4278 0.0579272 1.76668e-12 146.55 21.347 0.071576
146.721 21.416 0.0887676 8.32942e-09 146.55 21.347 0.071576
146.75 21.4867 0.0643859 0.0947013 146.55 21.347 0.071576
146.923 21.3323 0.0599924 0.00817276 146.55 21.347 0.071576
146.804 21.4212 0.0760064 0.0131785 146.55 21.347 0.071576
146.119 21.5984 0.0795307 1.13553e-07 146.55 21.347 0.071576
146.925 21.4826 0.0717599 0.0152669 146.55 21.347 0.071576
146.313 20.936 0.0802505 9.26139e-08 146.55 21.347 0.071576
146.433 21.4778 0.0668063 0.00477171 146.55 21.347 0.071576
146.921 21.3812 0.0663287 0.0719988 146.55 21.347 0.071576
146.522 21.649 0.0628775 0.000368409 146.55 21.347 0.071576
146.957 21.1587 0.080891 7.30028e-07 146.55 21.347 0.071576
146.241 20.5844 0.0535461 9.00286e-24 146.55 21.347 0.071576
146.91 21.1776 0.0684762 0.0140655 146.55 21.347 0.071576
146.471 21.4316 0.0711485 0.0374806 146.55 21.347 0.071576
146.122 21.2472 0.0606701 7.88162e-11 146.55 21.347 0.071576
146.507 21.3691 0.0754443 0.0321029 146.55 21.347 0.071576
146.641 21.4151 0.0740038 0.110382 146.55 21.347 0.071576
147.201 21.6798 0.0688537 1.10269e-06 146.55 21.347 0.071576
146.252 21.2227 0.0706711 5.07768e-05 146.55 21.347 0.071576
146.394 21.6195 0.0806307 4.35134e-05 146.55 21.347 0.071576
146.565 21.3545 0.0637186 0.0176836 146.55 21.347 0.071576
146.387 21.8134 0.0673254 2.2021e-06 146.55 21.347 0.071576
146.873 21.2005 0.0615917 0.00751639 146.55 21.347 0.071576
146.62 21.583 0.074364 0.0193549 146.55 21.347 0.071576
146.783 21.4541 0.0713919 0.138554 146.55 21.347 0.071576
147 21.533 0.08403 3.94924e-09 146.55 21.347 0.071576
