-1.01834 -95.6481 3.10974 5.2185e-05 -1.3372 -95.702 3.1235
-1.26606 -95.2493 3.1055 5.36686e-09 -1.3372 -95.702 3.1235
-1.39199 -95.7261 3.11793 0.0222726 -1.3372 -95.702 3.1235
-1.19398 -96.2674 3.11126 0.000164216 -1.3372 -95.702 3.1235
-1.7617 -96.1246 3.13778 1.05962e-09 -1.3372 -95.702 3.1235
-1.45025 -95.8023 3.11515 0.0112062 -1.3372 -95.702 3.1235
-1.10689 -95.0996 3.11392 8.64715e-09 -1.3372 -95.702 3.1235
-1.40753 -95.5054 3.1305 0.00123875 -1.3372 -95.702 3.1235
-1.26679 -96.0276 3.10851 0.000746245 -1.3372 -95.702 3.1235
-1.64989 -95.3713 3.10636 9.53959e-08 -1.3372 -95.702 3.1235
-1.46695 -96.1945 3.11521 0.00121479 -1.3372 -95.702 3.1235
-1.63325 -95.9555 3.11785 0.00152701 -1.3372 -95.702 3.1235
-1.86699 -95.3209 3.12122 1.05734e-08 -1.3372 -95.702 3.1235
-1.06942 -95.5465 3.12215 0.0127109 -1.3372 -95.702 3.1235
-1.36795 -95.4499 3.10835 1.01868e-05 -1.3372 -95.702 3.1235
-0.972838 -95.7432 3.12315 0.045301 -1.3372 -95.702 3.1235
-1.2817 -95.6244 3.14067 0.000199181 -1.3372 -95.702 3.1235
-0.847481 -95.4611 3.11568 1.26452e-05 -1.3372 -95.702 3.1235
-1.64661 -95.5287 3.11109 2.43708e-05 -1.3372 -95.702 3.1235
-1.11922 -95.8738 3.11702 0.0303564 -1.3372 -95.702 3.1235
-0.811395 -95.6993 3.12371 0.00569802 -1.3372 -95.702 3.1235
-1.22287 -95.6009 3.1051 6.87442e-06 -1.3372 -95.702 3.1235
-1.06304 -95.5008 3.12829 0.0142476 -1.3372 -95.702 3.1235
-1.33672 -96.1542 3.11357 0.00271774 -1.3372 -95.702 3.1235
-1.37734 -95.8088 3.13771 0.000407012 -1.3372 -95.702 3.1235
-1.40557 -95.1388 3.11629 1.45118e-07 -1.3372 -95.702 3.1235
-1.53079 -96.0996 3.10212 8.44398e-06 -1.3372 -95.702 3.1235
-1.05744 -95.674 3.12973 0.0735338 -1.3372 -95.702 3.1235
-1.54697 -95.9961 3.13315 7.95017e-05 -1.3372 -95.702 3.1235
-1.02786 -95.9436 3.10959 0.00022248 -1.3372 -95.702 3.1235
-1.51457 -95.4413 3.13363 2.25749e-05 -1.3372 -95.702 3.1235
-0.7396 -95.5862 3.11756 3.11868e-05 -1.3372 -95.702 3.1235
-1.07483 -95.5967 3.11782 0.00602555 -1.3372 -95.702 3.1235
-1.69506 -95.7749 3.1367 3.91778e-07 -1.3372 -95.702 3.1235
-1.35287 -96.2598 3.11719 0.00122697 -1.3372 -95.702 3.1235
-1.07433 -96.16 3.11576 0.00219183 -1.3372 -95.702 3.1235
-1.42488 -95.4904 3.12207 0.00212004 -1.3372 -95.702 3.1235
-1.93618 -95.7938 3.10524 2.11591e-07 -1.3372 -95.702 3.1235
-1.3038 -95.8862 3.11716 0.0433333 -1.3372 -95.702 3.1235
-1.31743 -95.5032 3.10792 2.02599e-05 -1.3372 -95.702 3.1235
-1.87543 -95.7021 3.11937 3.43839e-06 -1.3372 -95.702 3.1235
-1.35729 -95.9629 3.12318 0.0449165 -1.3372 -95.702 3.1235
-1.31086 -95.4687 3.13679 0.000270787 -1.3372 -95.702 3.1235
-1.78192 -95.1271 3.1258 2.87811e-10 -1.3372 -95.702 3.1235
-1.44971 -95.9421 3.12617 0.0117379 -1.3372 -95.702 3.1235
-1.24636 -95.2596 3.1257 9.07854e-05 -1.3372 -95.702 3.1235
-1.24416 -95.4301 3.12493 0.0034344 -1.3372 -95.702 3.1235
-1.50151 -96.107 3.1345 2.52641e-05 -1.3372 -95.702 3.1235
-1.55519 -95.6198 3.12079 0.00198541 -1.3372 -95.702 3.1235
-1.37103 -95.7015 3.11085 0.00171731 -1.3372 -95.702 3.1235
-1.23023 -95.9219 3.11559 0.0266723 -1.3372 -95.702 3.1235
-2.22902 -95.3858 3.12895 9.95095e-16 -1.3372 -95.702 3.1235
-1.82343 -95.6291 3.10261 1.14558e-07 -1.3372 -95.702 3.1235
-1.55644 -95.6637 3.12078 0.00292727 -1.3372 -95.702 3.1235
-1.71352 -95.6413 3.1125 6.07056e-05 -1.3372 -95.702 3.1235
-1.3764 -95.4341 3.10799 5.75784e-06 -1.3372 -95.702 3.1235
-1.59447 -95.831 3.11311 0.00162268 -1.3372 -95.702 3.1235
-0.997329 -95.7951 3.11544 0.0044443 -1.3372 -95.702 3.1235
-1.02633 -95.9563 3.12799 0.073793 -1.3372 -95.702 3.1235
-1.45672 -95.346 3.11117 3.97359e-06 -1.3372 -95.702 3.1235
-1.27225 -96.0129 3.12857 0.0275541 -1.3372 -95.702 3.1235
-1.10434 -96.023 3.12823 0.0498349 -1.3372 -95.702 3.1235
-1.13484 -96.1317 3.12685 0.0167981 -1.3372 -95.702 3.1235
-1.12796 -95.9382 3.12025 0.0686492 -1.3372 -95.702 3.1235
-1.47601 -96.2286 3.13728 7.35077e-07 -1.3372 -95.702 3.1235
-1.971 -95.689 3.09539 1.10571e-10 -1.3372 -95.702 3.1235
-1.58944 -96.4023 3.13488 5.06533e-09 -1.3372 -95.702 3.1235
-1.48425 -96.1218 3.11064 0.000773445 -1.3372 -95.702 3.1235
-1.15289 -95.3845 3.12035 0.000675856 -1.3372 -95.702 3.1235
-1.25686 -95.5944 3.11674 0.00759783 -1.3372 -95.702 3.1235
-1.69512 -95.2276 3.11858 7.46431e-08 -1.3372 -95.702 3.1235
-1.86488 -95.7797 3.13096 7.74188e-08 -1.3372 -95.702 3.1235
-0.803255 -95.8472 3.11377 6.97395e-05 -1.3372 -95.702 3.1235
-1.00476 -96.305 3.10751 1.12026e-06 -1.3372 -95.702 3.1235
-1.35614 -95.8989 3.12359 0.0577097 -1.3372 -95.702 3.1235
-1.3216 -95.9819 3.13221 0.00677945 -1.3372 -95.702 3.1235
-1.63685 -96.0831 3.13126 1.08484e-05 -1.3372 -95.702 3.1235
-1.1536 -96.1992 3.12884 0.00407403 -1.3372 -95.702 3.1235
-1.60642 -95.7308 3.13424 2.46764e-05 -1.3372 -95.702 3.1235
-1.80265 -95.9101 3.10907 1.95995e-05 -1.3372 -95.702 3.1235
-1.61691 -96.1045 3.10968 0.000190217 -1.3372 -95.702 3.1235
-1.66883 -95.832 3.13083 3.4792e-05 -1.3372 -95.702 3.1235
-1.30434 -95.1291 3.11838 3.67785e-07 -1.3372 -95.702 3.1235
-1.11004 -95.8395 3.10891 0.000360791 -1.3372 -95.702 3.1235
-1.11393 -95.9359 3.12556 0.112132 -1.3372 -95.702 3.1235
-1.61411 -95.3732 3.12247 1.4815e-05 -1.3372 -95.702 3.1235
-1.17465 -95.8718 3.11889 0.0670665 -1.3372 -95.702 3.1235
-0.089295 -95.7683 3.1264 4.69146e-12 -1.3372 -95.702 3.1235
-1.66635 -95.6126 3.11709 0.000229361 -1.3372 -95.702 3.1235
-1.80806 -95.959 3.11387 3.77531e-05 -1.3372 -95.702 3.1235
-1.15683 -95.6183 3.12532 0.0553243 -1.3372 -95.702 3.1235
-1.27521 -96.1744 3.11891 0.00757581 -1.3372 -95.702 3.1235
-1.25728 -95.9903 3.1121 0.00567791 -1.3372 -95.702 3.1235
-1.77208 -95.5324 3.13001 5.54093e-07 -1.3372 -95.702 3.1235
-1.15385 -95.2392 3.12473 6.05462e-05 -1.3372 -95.702 3.1235
-1.52554 -94.9372 3.12636 1.22166e-10 -1.3372 -95.702 3.1235
-0.946329 -95.55 3.11648 0.000439145 -1.3372 -95.702 3.1235
-0.909565 -95.997 3.12423 0.0200789 -1.3372 -95.702 3.1235
-1.3948 -95.6975 3.11629 0.0123192 -1.3372 -95.702 3.1235
-1.15678 -96.0797 3.11961 0.0252406 -1.3372 -95.702 3.1235
