175.692 23.412 0.0680721 2.99991e-16 176.53 23.254 0.074202
176.489 23.1812 0.073341 0.0189529 176.53 23.254 0.074202
176.368 23.2404 0.0589238 1.96482e-06 176.53 23.254 0.074202
176.413 22.7049 0.0825687 1.95583e-10 176.53 23.254 0.074202
175.964 23.5064 0.0363127 5.15207e-34 176.53 23.254 0.074202
176.589 23.6302 0.0648194 0.0686864 176.53 23.254 0.074202
176.231 23.3398 0.0642006 2.33951e-05 176.53 23.254 0.074202
175.751 22.6925 0.0526376 2.96575e-37 176.53 23.254 0.074202
176.381 23.543 0.0620047 0.00107365 176.53 23.254 0.074202
176.264 22.7244 0.0786185 1.32179e-10 176.53 23.254 0.074202
176.281 23.1636 0.0642422 4.36251e-06 176.53 23.254 0.074202
176.63 23.3304 0.0628044 0.0242345 176.53 23.254 0.074202
176.301 23.3098 0.0721822 0.00745982 176.53 23.254 0.074202
176.665 23.8831 0.0802882 3.10985e-07 176.53 23.254 0.074202
175.858 23.7009 0.0529271 2.3977e-20 176.53 23.254 0.074202
176.171 23.6783 0.0705757 3.35749e-05 176.53 23.254 0.074202
176.506 23.1399 0.0672857 0.0019646 176.53 23.254 0.074202
176.847 23.2561 0.0876763 2.30111e-08 176.53 23.254 0.074202
176.027 23.209 0.0736248 4.37106e-07 176.53 23.254 0.074202
176.292 23.4666 0.0569096 4.21194e-07 176.53 23.254 0.074202
176.386 23.3735 0.0458146 1.10535e-13 176.53 23.254 0.074202
175.437 23.1201 0.0709782 8.01196e-26 176.53 23.254 0.074202
176.226 23.1354 0.073258 8.75695e-05 176.53 23.254 0.074202
176.489 22.9997 0.042362 7.02971e-21 176.53 23.254 0.074202
176.381 23.605 0.0785365 0.00442753 176.53 23.254 0.074202
175.86 23.2568 0.0696207 1.79084e-11 176.53 23.254 0.074202
176.18 23.0267 0.0732481 1.1755e-06 176.53 23.254 0.074202
176.516 22.4897 0.0537257 1.8899e-25 176.53 23.254 0.074202
176.304 23.3749 0.0532409 1.64254e-09 176.53 23.254 0.074202
176.45 23.3482 0.0655708 0.0183674 176.53 23.254 0.074202
175.949 23.321 0.0692079 4.26541e-09 176.53 23.254 0.074202
175.922 23.0099 0.0705997 2.69833e-12 176.53 23.254 0.074202
176.18 23.0988 0.0610617 5.88041e-10 176.53 23.254 0.074202
176.591 23.4375 0.0813603 0.00518794 176.53 23.254 0.074202
176.177 23.1345 0.0786313 4.76673e-05 176.53 23.254 0.074202
176.53 23.4218 0.0458709 4.18795e-11 176.53 23.254 0.074202
176.801 22.7218 0.0636631 4.62916e-12 176.53 23.254 0.074202
175.589 23.5191 0.0726269 1.71545e-17 176.53 23.254 0.074202
176.311 22.737 0.0631495 4.26226e-14 176.53 23.254 0.074202
176.445 23.0661 0.0532251 4.01293e-11 176.53 23.254 0.074202
176.586 22.3592 0.0883934 1.77763e-21 176.53 23.254 0.074202
176.246 23.3109 0.0606926 9.59577e-07 176.53 23.254 0.074202
176.735 22.8528 0.0540373 6.7885e-13 176.53 23.254 0.074202
176.549 23.4691 0.0729312 0.277913 176.53 23.254 0.074202
176.308 23.4565 0.0652812 0.00134882 176.53 23.254 0.074202
176.228 22.8158 0.0656144 3.6546e-12 176.53 23.254 0.074202
176.52 23.2973 0.0532393 3.23092e-07 176.53 23.254 0.074202
176.523 23.1886 0.0727313 0.0258793 176.53 23.254 0.074202
176.284 23.5467 0.0792769 0.00197867 176.53 23.254 0.074202
176.014 22.9307 0.0739716 1.31996e-10 176.53 23.254 0.074202
176.017 23.8073 0.0629097 4.76371e-11 176.53 23.254 0.074202
176.205 22.906 0.0730281 2.89861e-08 176.53 23.254 0.074202
176.753 22.9527 0.0584639 1.74857e-08 176.53 23.254 0.074202
176.314 23.3102 0.0648299 0.000345162 176.53 23.254 0.074202
176.877 23.2374 0.0488676 9.65291e-09 176.53 23.254 0.074202
176.524 22.5091 0.074983 1.94261e-15 176.53 23.254 0.074202
176.463 23.3452 0.0777011 0.0562803 176.53 23.254 0.074202
176.505 23.2433 0.0755457 0.0479279 176.53 23.254 0.074202
176.461 23.8064 0.0558552 2.70379e-06 176.53 23.254 0.074202
176.103 23.243 0.0724059 9.43199e-06 176.53 23.254 0.074202
176.849 23.1926 0.0721929 0.00214478 176.53 23.254 0.074202
176.489 23.2933 0.0738028 0.100164 176.53 23.254 0.074202
176.937 23.1734 0.0949539 2.3696e-15 176.53 23.254 0.074202
176.625 23.2622 0.0631582 0.00947124 176.53 23.254 0.074202
176.287 22.9415 0.0634923 1.15826e-09 176.53 23.254 0.074202
175.847 23.5974 0.0528309 1.50231e-20 176.53 23.254 0.074202
176.476 23.386 0.0453934 1.71595e-12 176.53 23.254 0.074202
176.118 22.8009 0.0699585 1.66985e-12 176.53 23.254 0.074202
176.654 22.884 0.0854428 1.91104e-08 176.53 23.254 0.074202
176.214 22.4654 0.0533038 3.11813e-31 176.53 23.254 0.074202
176.872 23.1111 0.0825793 5.58136e-07 176.53 23.254 0.074202
176.292 23.14 0.0615473 2.42083e-07 176.53 23.254 0.074202
176.668 23.647 0.0423396 1.45841e-11 176.53 23.254 0.074202
176.417 23.1299 0.0786872 0.00227476 176.53 23.254 0.074202
176.65 23.1582 0.0588679 3.82219e-05 176.53 23.254 0.074202
176.329 22.6138 0.083131 6.64988e-13 176.53 23.254 0.074202
176.096 22.8912 0.0664983 2.19486e-12 176.53 23.254 0.074202
175.74 22.7674 0.0444665 4.49865e-45 176.53 23.254 0.074202
176.431 23.7334 0.0843086 4.0304e-06 176.53 23.254 0.074202
176.028 22.7571 0.0771167 5.01737e-13 176.53 23.254 0.074202
176.402 23.4723 0.0719787 0.0851817 176.53 23.254 0.074202
175.899 23.6104 0.0728035 1.42623e-09 176.53 23.254 0.074202
175.959 23.8779 0.067383 7.14161e-12 176.53 23.254 0.074202
176.548 23.0754 0.0775623 0.00123237 176.53 23.254 0.074202
176.04 22.9368 0.074346 5.90509e-10 176.53 23.254 0.074202
176.191 23.0418 0.0619761 3.79741e-10 176.53 23.254 0.074202
176.353 23.4011 0.08325 0.00170997 176.53 23.254 0.074202
176.009 22.4672 0.0538846 1.92953e-35 176.53 23.254 0.074202
176.437 23.5296 0.0684853 0.0734443 176.53 23.254 0.074202
176.02 22.8447 0.0783295 3.33592e-11 176.53 23.254 0.074202
176.174 23.6722 0.0628153 7.98184e-07 176.53 23.254 0.074202
176.307 23.4379 0.0601378 2.01054e-05 176.53 23.254 0.074202
176.618 22.9684 0.0587149 2.36625e-08 176.53 23.254 0.074202
176.561 22.8831 0.0568148 2.01733e-11 176.53 23.254 0.074202
176.306 23.7297 0.0715906 0.0006076 176.53 23.254 0.074202
176.08 23.3602 0.060683 1.40908e-09 176.53 23.254 0.074202
176.385 23.3092 0.0772968 0.0282434 176.53 23.254 0.074202
176.547 23.4272 0.0760979 0.131865 176.53 23.254 0.074202
176.201 23.6243 0.067656 7.64032e-05 176.53 23.254 0.074202
176.365 23.571 0.06303 0.00127891 176.53 23.254 0.074202
