48.7637 12.1735 0.154782 2.35083e-27
48.4767 12.8948 0.147012 0.0259573
48.3616 13.0692 0.133902 5.36168e-06
48.2064 12.6018 0.152132 8.31678e-05
48.312 12.1779 0.141324 9.6674e-15
48.1635 12.7575 0.147726 0.0765252
47.7628 12.8261 0.158838 0.00125392
47.9137 12.8321 0.158139 0.0135407
47.6741 13.0948 0.164821 0.000929254
48.0727 12.5573 0.147444 3.91308e-05
48.4601 12.9422 0.151295 0.0117813
47.954 12.4846 0.15332 1.32689e-07
48.0807 12.4129 0.147911 2.8137e-08
48.2017 12.8446 0.141681 0.0299216
48.4749 12.4376 0.176211 1.05263e-38
48.2034 11.9705 0.148956 3.01448e-23
48.5823 12.8861 0.155683 3.05195e-07
48.2585 13.068 0.137086 0.000374302
48.25 13.3563 0.135609 1.37625e-06
48.0516 12.6326 0.154386 0.000177984
48.6471 12.7983 0.142045 6.22055e-05
48.0823 12.8114 0.157593 0.00919675
48.2948 13.0503 0.158203 0.0102052
47.9063 12.8543 0.13647 1.38477e-08
48.2932 12.2885 0.147333 1.09015e-11
48.1542 13.482 0.147142 0.00121831
48.3103 13.0246 0.140835 0.0560366
48.1682 13.1769 0.162462 0.00262392
48.1227 12.31 0.128694 9.33794e-19
47.6662 13.2545 0.147334 0.000176576
47.756 13.1818 0.156961 0.165383
48.3575 12.6904 0.144081 0.00285314
47.5836 12.7812 0.140404 3.70248e-13
49.2308 12.7065 0.153959 1.06154e-29
48.0454 13.2472 0.127493 6.02721e-13
47.5443 13.0536 0.137155 5.33589e-17
48.2025 12.5235 0.145433 1.33462e-05
48.7112 12.615 0.132207 1.49515e-09
48.1695 12.8561 0.135394 8.23057e-06
47.9066 12.0947 0.133864 2.79491e-24
48.5009 12.4727 0.143505 5.77597e-08
48.5128 12.7563 0.145228 0.00101134
48.1206 12.332 0.144444 2.45681e-10
47.7242 12.4224 0.157086 9.48145e-12
48.1414 12.5775 0.145244 0.000101812
48.6222 12.2515 0.133072 2.68284e-15
48.0423 13.4451 0.151184 0.0216336
48.1463 12.4057 0.153399 1.64869e-09
47.5627 12.8114 0.143641 5.93962e-11
48.2599 13.0738 0.165982 2.02178e-07
48.2301 12.2765 0.128 1.23588e-18
48.4232 12.8498 0.155369 0.000165804
48.1183 12.3083 0.153581 2.4866e-12
47.9072 13.0779 0.143393 0.00176142
48.3595 12.2003 0.15816 8.57716e-21
48.181 12.7921 0.155903 0.00765776
48.2933 12.552 0.141324 1.33406e-05
48.9184 13.5296 0.140529 4.89965e-15
48.1405 13.4175 0.159249 0.00664658
48.797 12.6072 0.160342 1.55377e-21
48.2672 12.676 0.131804 8.84701e-09
48.3947 12.5733 0.155555 1.28579e-08
48.155 12.6492 0.15607 5.04699e-05
48.1832 12.7781 0.120885 1.73323e-21
48.5652 13.0873 0.148669 0.0030641
48.1318 12.2286 0.129974 1.83842e-19
48.1764 12.2702 0.153975 6.73e-14
47.9455 12.1666 0.141582 2.39079e-17
48.2384 12.6675 0.12931 3.09883e-11
49.0883 12.8651 0.135946 9.62167e-14
48.1444 12.7332 0.153617 0.00938951
47.5199 13.218 0.168041 3.1958e-06
48.3764 12.8052 0.132936 1.65243e-06
48.0434 12.7764 0.139445 6.68449e-05
47.7403 12.528 0.158899 2.38867e-09
48.0178 12.3294 0.158329 1.07206e-13
48.1094 12.6227 0.15735 7.03893e-06
48.7966 12.6352 0.150201 2.59973e-12
48.5017 12.7118 0.155031 1.90489e-07
48.2065 12.8507 0.150563 0.496705
48.8446 13.0378 0.141888 1.10205e-07
48.4122 12.2819 0.136008 7.86542e-13
48.6191 13.2438 0.139031 1.31389e-05
48.6606 12.3911 0.156724 2.54696e-19
48.6902 12.1064 0.152874 2.85609e-26
48.4559 12.1373 0.137841 1.06696e-16
48.6401 12.8631 0.145414 0.000142031
48.3357 13.0912 0.140071 0.0173443
48.7208 12.7417 0.147785 7.94553e-08
47.8964 13.2275 0.141067 0.000481403
48.2251 12.6418 0.137745 1.08321e-05
48.023 12.6002 0.148898 0.00016899
48.1823 12.7044 0.144655 0.00849982
48.2527 12.3938 0.132477 1.59855e-12
47.8902 12.9095 0.160676 0.0125931
47.6115 12.9016 0.138371 1.35319e-13
47.7462 13.2932 0.149026 0.00407841
48.2959 13.2604 0.135177 1.90719e-05
48.69 12.7108 0.145073 8.08645e-07
48.9137 13.0886 0.141485 2.27471e-09
