99.5438 19.0361 0.0682619 3.48084e-05
100.235 18.6842 0.0788467 6.50128e-05
100.642 19.0492 0.0803913 4.89819e-14
100.513 19.019 0.0726804 4.11953e-08
100.388 18.9826 0.0850374 1.38764e-11
99.7108 19.3572 0.0857007 5.79175e-07
99.7956 18.4406 0.05858 0.00433025
100.489 19.0804 0.0482628 3.60174e-08
100.347 18.4781 0.069589 0.00145499
99.4526 18.3769 0.0628524 9.38572e-06
100.532 18.6928 0.0794514 3.51191e-09
99.9008 18.7206 0.0757314 0.028812
100.437 18.9491 0.062575 0.000105308
99.662 18.4901 0.0624453 0.00513768
100.23 18.3594 0.0760719 0.000148382
100.33 18.6365 0.046328 7.53564e-06
100.303 18.3363 0.0799679 7.54593e-07
99.4717 18.9964 0.0641192 2.70055e-05
99.9114 18.2719 0.0788374 0.000307114
100.352 19.1858 0.0678985 6.43147e-07
100.453 18.7669 0.0570518 0.000468011
99.4727 18.6507 0.0735838 0.000839786
100.174 19.4194 0.0524407 1.99262e-10
100.5 18.6012 0.0489492 5.99213e-06
100.892 19.0561 0.0538866 2.45751e-12
100.074 19.22 0.0679747 1.22489e-05
100.114 18.507 0.0467475 9.26753e-06
99.4521 19.1178 0.0457951 1.08779e-11
99.9381 18.7618 0.0759342 0.0169706
100.014 19.1049 0.0592403 0.000255888
100.263 19.045 0.0559055 0.000115308
100.463 18.5349 0.0712452 4.06636e-05
99.6659 18.6839 0.0726777 0.0281683
100.057 18.5672 0.0728341 0.062726
100.084 18.2273 0.0705858 0.00172698
100.155 19.2752 0.0680163 8.53041e-07
100.322 18.9135 0.0640128 0.00184387
99.7732 18.0027 0.0902535 1.7319e-11
100.221 18.7818 0.0696906 0.0140055
99.9954 18.5 0.0519528 0.000624925
100.386 19.3212 0.0549138 4.22621e-09
100.177 18.9289 0.0664098 0.00906549
100.48 19.0103 0.0485873 2.35583e-07
100.154 18.8413 0.0624034 0.0451372
100.025 18.5552 0.0712379 0.138545
100.298 18.7873 0.0628819 0.0137318
100.187 18.6294 0.0678068 0.0802892
100.173 19.3034 0.0723127 3.97067e-08
99.5561 19.0525 0.0593646 1.30983e-06
100.286 18.676 0.0801655 5.72586e-06
100.01 18.7111 0.0787181 0.0024179
100.276 18.8957 0.066076 0.00397685
100.964 19.0289 0.0685785 9.11137e-16
100.512 19.1587 0.0683672 1.62714e-08
100.056 19.5695 0.0397816 3.58174e-19
100.363 19.1627 0.060717 3.68061e-06
99.6564 18.9265 0.0500883 7.40226e-08
100.382 19.0636 0.0647852 2.43824e-05
99.7935 19.3388 0.0722854 6.12292e-06
99.7311 18.8945 0.045146 1.94344e-09
100.265 18.6111 0.0755017 0.000575292
99.6655 19.0073 0.0739937 0.00031035
100.418 18.8063 0.0546358 0.000327346
100.077 18.9642 0.0656127 0.0126393
99.4288 19.1533 0.0631926 2.86553e-07
100.185 18.9758 0.0758496 5.21774e-05
99.9918 19.2372 0.0566538 1.682e-06
99.7987 18.7276 0.0716202 0.0989418
100.055 19.1692 0.0645405 9.89457e-05
99.9085 19.0518 0.0944835 1.84552e-13
100.347 19.848 0.0651565 1.05805e-20
100.009 18.9673 0.0701329 0.00784907
100.541 19.058 0.0636904 5.51096e-07
99.6686 18.6951 0.058332 0.00108344
99.9184 18.8644 0.0848276 4.22399e-06
99.8762 18.5682 0.0819391 0.000674016
99.891 18.9889 0.0734615 0.00215321
99.9787 18.9861 0.0495108 5.81355e-06
100.094 18.6972 0.0719099 0.0568859
100.091 19.0717 0.0485207 8.58897e-07
99.9188 18.4804 0.0497622 3.21875e-05
100.465 18.7156 0.0691368 0.000108097
100.438 18.3209 0.0629784 0.000106793
100.037 18.6799 0.0735591 0.0504971
100.436 18.5183 0.0768799 1.45265e-06
99.8939 18.643 0.0550209 0.00487286
99.901 19.0472 0.0740983 0.000436546
100.625 18.7315 0.0566508 6.17008e-06
100.501 18.9764 0.0828188 4.81946e-12
100.075 18.6 0.0925883 1.23374e-10
100.095 18.333 0.0789988 0.000128456
100.113 18.8802 0.0816793 6.95255e-06
99.8168 18.418 0.0663846 0.0631718
100.097 18.996 0.0663309 0.0055976
99.8306 18.6557 0.0659529 0.220949
100.371 19.5031 0.0482701 7.24048e-14
99.991 19.2198 0.0703604 1.01757e-05
100.428 19.1699 0.0595956 7.64964e-07
99.9074 18.2805 0.0649808 0.0109835
100.218 19.0851 0.0538315 2.53377e-05
