45.281 12.2721 0.128354 2.75055e-15 44.922 12.465 0.148
45.4677 12.4421 0.156098 2.72603e-12 44.922 12.465 0.148
44.9132 12.2574 0.160189 2.36072e-06 44.922 12.465 0.148
44.6477 12.4743 0.131585 1.04088e-18 44.922 12.465 0.148
45.2507 12.4981 0.139102 1.4769e-06 44.922 12.465 0.148
45.229 12.2907 0.134142 5.84493e-10 44.922 12.465 0.148
45.0808 12.8197 0.131006 5.74864e-11 44.922 12.465 0.148
44.96 12.6506 0.132885 6.92594e-13 44.922 12.465 0.148
45.2215 12.8092 0.148197 0.000788756 44.922 12.465 0.148
44.8803 12.2569 0.134406 1.84428e-11 44.922 12.465 0.148
44.9973 12.5189 0.136043 2.25079e-08 44.922 12.465 0.148
45.2906 12.4048 0.157647 8.98594e-10 44.922 12.465 0.148
45.6847 12.6852 0.151356 2.86679e-15 44.922 12.465 0.148
45.0333 12.2536 0.14588 0.000312067 44.922 12.465 0.148
44.4127 12.19 0.147283 1.25467e-09 44.922 12.465 0.148
45.2891 12.5969 0.145628 0.000430373 44.922 12.465 0.148
45.0361 12.2645 0.142578 5.26253e-05 44.922 12.465 0.148
45.1587 12.7321 0.163908 6.98604e-09 44.922 12.465 0.148
45.389 12.0815 0.123679 6.73213e-22 44.922 12.465 0.148
44.5553 12.3419 0.14193 6.26273e-09 44.922 12.465 0.148
45.1607 12.5553 0.158862 2.07902e-06 44.922 12.465 0.148
45.1804 12.3513 0.164099 3.05234e-13 44.922 12.465 0.148
45.3398 12.7333 0.160241 1.50251e-10 44.922 12.465 0.148
44.8772 12.6524 0.144855 0.00391232 44.922 12.465 0.148
44.8801 13.0222 0.15177 0.00402897 44.922 12.465 0.148
45.0054 12.8657 0.13647 1.12473e-11 44.922 12.465 0.148
44.7421 12.2638 0.115447 7.24343e-46 44.922 12.465 0.148
44.9462 12.9188 0.133067 3.89534e-17 44.922 12.465 0.148
44.8677 12.6871 0.153025 0.55966 44.922 12.465 0.148
45.4562 12.6095 0.137444 8.15574e-08 44.922 12.465 0.148
44.9946 12.6831 0.161974 6.77918e-05 44.922 12.465 0.148
44.9202 11.9855 0.143836 3.07331e-09 44.922 12.465 0.148
44.9725 12.8001 0.144043 8.86632e-05 44.922 12.465 0.148
44.4084 12.3246 0.111817 1.2837e-69 44.922 12.465 0.148
44.9629 12.0155 0.144826 2.64733e-08 44.922 12.465 0.148
44.8662 12.457 0.148871 0.141405 44.922 12.465 0.148
44.6252 13.088 0.134184 3.81521e-25 44.922 12.465 0.148
44.7579 13.246 0.139868 1.53742e-11 44.922 12.465 0.148
44.9245 12.4674 0.144642 0.00763702 44.922 12.465 0.148
45.0809 12.332 0.132191 1.31349e-11 44.922 12.465 0.148
44.6295 12.7762 0.141576 3.91967e-09 44.922 12.465 0.148
45.029 12.2881 0.164355 6.02867e-11 44.922 12.465 0.148
45.0522 12.3772 0.150001 0.00733847 44.922 12.465 0.148
45.247 12.2261 0.16504 1.77904e-18 44.922 12.465 0.148
45.4286 12.3496 0.14514 1.89855e-08 44.922 12.465 0.148
44.9379 12.3739 0.145475 0.00590181 44.922 12.465 0.148
45.3226 12.3388 0.136238 6.17595e-09 44.922 12.465 0.148
44.9523 12.0041 0.143589 7.60857e-09 44.922 12.465 0.148
44.9132 12.3568 0.146602 0.00959596 44.922 12.465 0.148
44.9594 12.7855 0.160076 0.00126938 44.922 12.465 0.148
44.8168 12.2563 0.146112 0.000411983 44.922 12.465 0.148
45.0785 12.3645 0.129087 5.42341e-15 44.922 12.465 0.148
45.0884 12.6988 0.152575 0.00756465 44.922 12.465 0.148
44.6483 12.4301 0.141668 4.19829e-07 44.922 12.465 0.148
45.2618 12.6137 0.14069 0.00019534 44.922 12.465 0.148
44.7631 12.3667 0.131534 3.70623e-16 44.922 12.465 0.148
44.6795 12.5913 0.171501 2.40094e-08 44.922 12.465 0.148
45.1814 11.8171 0.142536 9.84778e-15 44.922 12.465 0.148
44.6345 12.5231 0.146797 0.00147998 44.922 12.465 0.148
45.1121 12.0266 0.13578 8.18465e-12 44.922 12.465 0.148
44.5782 12.6475 0.135549 7.27312e-16 44.922 12.465 0.148
44.8389 12.618 0.141936 5.80089e-05 44.922 12.465 0.148
45.3758 11.6715 0.153598 1.77321e-27 44.922 12.465 0.148
45.4077 12.368 0.147904 2.69929e-08 44.922 12.465 0.148
44.8998 12.1398 0.154315 7.47644e-06 44.922 12.465 0.148
45.2585 12.4327 0.134072 9.55091e-10 44.922 12.465 0.148
44.9874 12.5864 0.123961 9.91897e-25 44.922 12.465 0.148
45.2146 12.3185 0.128286 2.75973e-15 44.922 12.465 0.148
44.8191 12.2632 0.143256 3.05027e-05 44.922 12.465 0.148
45.4067 12.5505 0.152864 4.00762e-08 44.922 12.465 0.148
45.0144 12.2945 0.147282 0.00179817 44.922 12.465 0.148
45.2479 12.6132 0.132024 1.27158e-08 44.922 12.465 0.148
45.2694 12.9189 0.136702 2.23175e-08 44.922 12.465 0.148
44.4415 12.1179 0.148804 1.5855e-09 44.922 12.465 0.148
44.7399 12.8132 0.141535 4.25301e-08 44.922 12.465 0.148
44.4976 12.4947 0.152651 0.00934373 44.922 12.465 0.148
45.366 12.8568 0.141623 7.09251e-07 44.922 12.465 0.148
44.8187 12.5712 0.132292 9.24185e-15 44.922 12.465 0.148
45.1403 12.3513 0.144379 0.000301479 44.922 12.465 0.148
45.706 12.5774 0.140096 1.11857e-12 44.922 12.465 0.148
45.1485 12.6097 0.152551 0.00180684 44.922 12.465 0.148
45.0767 12.9614 0.127742 2.13271e-16 44.922 12.465 0.148
45.1782 12.2365 0.161935 5.42167e-13 44.922 12.465 0.148
44.7135 13.1494 0.136906 6.94957e-19 44.922 12.465 0.148
45.3062 11.8877 0.144339 3.10514e-14 44.922 12.465 0.148
44.5574 12.8058 0.161759 0.0654468 44.922 12.465 0.148
44.6213 12.2432 0.139931 2.93255e-10 44.922 12.465 0.148
45.4221 12.7777 0.136623 1.87491e-08 44.922 12.465 0.148
44.6812 13.1286 0.154414 1.72736e-06 44.922 12.465 0.148
44.801 12.3808 0.159202 0.00518993 44.922 12.465 0.148
44.8248 12.2437 0.160788 4.75392e-06 44.922 12.465 0.148
44.7757 12.5872 0.162024 0.0200245 44.922 12.465 0.148
44.7384 12.6114 0.149283 0.136829 44.922 12.465 0.148
44.9986 12.21 0.126758 2.52276e-19 44.922 12.465 0.148
45.2207 12.1061 0.148934 1.32648e-08 44.922 12.465 0.148
44.8201 12.6559 0.143959 0.000622454 44.922 12.465 0.148
45.2815 12.6299 0.135255 7.93011e-07 44.922 12.465 0.148
45.2616 12.9303 0.143093 5.07328e-06 44.922 12.465 0.148
45.0265 12.1866 0.152788 1.39742e-05 44.922 12.465 0.148
45.0048 12.6003 0.144753 0.0063665 44.922 12.465 0.148
