272.691 21.05 5.51261 2.05094e-06 272.73 21.123 5.4958
272.837 20.7771 5.50333 7.93488e-05 272.73 21.123 5.4958
273.033 21.864 5.50382 5.58398e-15 272.73 21.123 5.4958
272.646 21.7815 5.48906 1.25345e-14 272.73 21.123 5.4958
272.318 20.1545 5.50251 1.18557e-25 272.73 21.123 5.4958
272.631 21.4146 5.4942 6.75109e-06 272.73 21.123 5.4958
272.726 21.1533 5.49632 0.0133377 272.73 21.123 5.4958
272.331 21.5534 5.49068 5.71839e-14 272.73 21.123 5.4958
272.404 21.1449 5.48791 1.71004e-07 272.73 21.123 5.4958
272.836 20.7401 5.47973 0.00128392 272.73 21.123 5.4958
272.928 20.8776 5.51 4.02684e-06 272.73 21.123 5.4958
272.659 20.7804 5.48035 9.22734e-05 272.73 21.123 5.4958
272.294 21.335 5.50994 8.95441e-12 272.73 21.123 5.4958
272.741 21.0665 5.52213 1.06142e-10 272.73 21.123 5.4958
273.131 20.9863 5.47979 0.00826185 272.73 21.123 5.4958
272.193 21.3632 5.49208 4.50802e-14 272.73 21.123 5.4958
273.563 20.7787 5.48599 1.33428e-09 272.73 21.123 5.4958
272.734 20.5781 5.50405 1.31387e-08 272.73 21.123 5.4958
272.83 21.0279 5.49782 0.0490047 272.73 21.123 5.4958
273.217 21.3391 5.47417 6.95627e-08 272.73 21.123 5.4958
272.965 20.8975 5.49879 0.0118093 272.73 21.123 5.4958
272.598 21.3315 5.48305 6.8199e-07 272.73 21.123 5.4958
272.717 20.9303 5.50313 0.000696695 272.73 21.123 5.4958
272.864 20.855 5.47548 0.00104676 272.73 21.123 5.4958
272.777 21.3464 5.50166 0.000358562 272.73 21.123 5.4958
272.923 20.9779 5.4967 0.0707483 272.73 21.123 5.4958
272.561 21.1859 5.49615 0.000184366 272.73 21.123 5.4958
272.431 21.6322 5.49058 1.34654e-13 272.73 21.123 5.4958
272.566 21.1486 5.49928 0.000208691 272.73 21.123 5.4958
272.777 21.3522 5.48065 6.73457e-06 272.73 21.123 5.4958
272.83 20.8235 5.49397 0.0148977 272.73 21.123 5.4958
272.717 21.5674 5.48528 3.30275e-09 272.73 21.123 5.4958
272.53 20.8825 5.50031 1.42367e-05 272.73 21.123 5.4958
272.864 20.9203 5.49713 0.0333133 272.73 21.123 5.4958
272.651 21.0624 5.48547 0.00180622 272.73 21.123 5.4958
272.768 21.3683 5.49221 0.000343903 272.73 21.123 5.4958
272.853 21.4029 5.48657 6.39499e-05 272.73 21.123 5.4958
273.675 21.0459 5.50788 7.24014e-17 272.73 21.123 5.4958
272.529 20.9579 5.49164 0.000131205 272.73 21.123 5.4958
272.931 21.1064 5.48892 0.133422 272.73 21.123 5.4958
272.931 20.9014 5.47732 0.00640071 272.73 21.123 5.4958
272.735 20.9806 5.49682 0.0179327 272.73 21.123 5.4958
272.808 21.0914 5.49894 0.0297381 272.73 21.123 5.4958
272.409 21.293 5.46636 4.63824e-17 272.73 21.123 5.4958
272.459 20.4179 5.48235 8.69319e-13 272.73 21.123 5.4958
272.372 21.185 5.50693 1.00063e-08 272.73 21.123 5.4958
273.256 21.5277 5.49458 2.31133e-08 272.73 21.123 5.4958
273.239 21.4073 5.48883 3.19451e-06 272.73 21.123 5.4958
272.475 21.5258 5.4877 4.73324e-11 272.73 21.123 5.4958
272.596 21.2926 5.48666 1.24281e-05 272.73 21.123 5.4958
272.794 21.0868 5.47947 0.00217936 272.73 21.123 5.4958
272.881 20.5623 5.50351 2.52409e-08 272.73 21.123 5.4958
272.75 20.5132 5.484 8.94516e-07 272.73 21.123 5.4958
273.005 20.8783 5.48838 0.0837534 272.73 21.123 5.4958
272.727 21.0614 5.48586 0.0120446 272.73 21.123 5.4958
272.676 21.2033 5.49689 0.00277649 272.73 21.123 5.4958
273.056 21.5699 5.48697 4.62764e-08 272.73 21.123 5.4958
273.011 21.1282 5.4871 0.0692935 272.73 21.123 5.4958
272.523 21.336 5.51743 3.40877e-10 272.73 21.123 5.4958
272.564 21.5229 5.51279 3.43878e-10 272.73 21.123 5.4958
272.498 21.5695 5.49031 4.97528e-11 272.73 21.123 5.4958
273.003 20.4783 5.49617 3.8127e-08 272.73 21.123 5.4958
272.627 21.3043 5.48357 5.226e-06 272.73 21.123 5.4958
272.504 21.3157 5.49985 2.25648e-06 272.73 21.123 5.4958
272.894 21.152 5.4909 0.089392 272.73 21.123 5.4958
272.787 21.6457 5.47815 7.5354e-13 272.73 21.123 5.4958
272.895 21.3133 5.50632 0.000161792 272.73 21.123 5.4958
273.028 21.5563 5.48926 2.47171e-07 272.73 21.123 5.4958
272.603 21.7015 5.48242 8.69606e-15 272.73 21.123 5.4958
272.43 20.6267 5.48866 3.01044e-09 272.73 21.123 5.4958
272.787 21.1413 5.51471 1.06409e-06 272.73 21.123 5.4958
272.305 21.2014 5.49237 1.67479e-09 272.73 21.123 5.4958
272.475 20.8059 5.50971 1.61515e-09 272.73 21.123 5.4958
272.644 21.2438 5.49737 0.00070917 272.73 21.123 5.4958
273.188 21.2963 5.48158 4.55255e-05 272.73 21.123 5.4958
272.902 21.1853 5.50377 0.00344168 272.73 21.123 5.4958
272.09 21.3726 5.45849 6.96839e-34 272.73 21.123 5.4958
272.817 21.1747 5.50276 0.00500916 272.73 21.123 5.4958
272.859 21.1783 5.48927 0.0444046 272.73 21.123 5.4958
272.836 21.8466 5.50799 1.62866e-14 272.73 21.123 5.4958
272.619 21.1335 5.48539 0.000342438 272.73 21.123 5.4958
272.705 21.002 5.51688 2.01619e-08 272.73 21.123 5.4958
272.919 21.4176 5.49781 0.000207198 272.73 21.123 5.4958
273.041 21.3977 5.48739 0.00010426 272.73 21.123 5.4958
272.631 21.085 5.49146 0.00314157 272.73 21.123 5.4958
272.452 20.9416 5.4749 3.91649e-09 272.73 21.123 5.4958
272.798 21.0156 5.47605 0.000562595 272.73 21.123 5.4958
272.683 21.0901 5.50399 0.000797531 272.73 21.123 5.4958
272.924 21.1874 5.49973 0.017594 272.73 21.123 5.4958
272.59 21.3782 5.50086 6.05146e-06 272.73 21.123 5.4958
272.511 21.0763 5.48243 3.93016e-06 272.73 21.123 5.4958
273.153 20.7357 5.46232 1.20598e-08 272.73 21.123 5.4958
272.831 21.1798 5.50133 0.00927466 272.73 21.123 5.4958
272.674 21.3389 5.49551 0.000195586 272.73 21.123 5.4958
272.388 20.8946 5.48668 8.8711e-08 272.73 21.123 5.4958
272.573 20.8605 5.50408 5.95381e-06 272.73 21.123 5.4958
272.983 20.8931 5.48999 0.102115 272.73 21.123 5.4958
273.011 21.1299 5.49858 0.0249389 272.73 21.123 5.4958
273.288 21.1053 5.47663 2.9532e-05 272.73 21.123 5.4958
272.969 20.9424 5.48586 0.132247 272.73 21.123 5.4958
