63.7556 14.6905 0.14748 0.00029778
63.6807 16.0502 0.136688 2.29644e-08
63.5834 14.6872 0.148992 6.34973e-05
64.3174 15.5421 0.132887 0.000532133
63.9391 15.1319 0.120964 0.00204134
63.8353 15.3958 0.144257 0.028752
64.253 15.2036 0.130896 0.00799882
63.7325 15.28 0.136807 0.112612
64.1929 15.2553 0.148364 0.00114927
63.9418 15.1811 0.126691 0.0335403
64.7239 15.4615 0.140062 3.26974e-09
64.2586 14.6951 0.117294 6.17711e-09
64.3334 14.8553 0.130263 4.36978e-05
64.0311 15.2494 0.134967 0.122301
64.3124 15.374 0.111406 1.94168e-06
63.944 15.6401 0.119555 0.000405561
64.115 15.274 0.135479 0.0601612
64.1024 15.3898 0.12528 0.0135968
63.7976 15.7934 0.143289 2.29978e-05
64.0926 15.1363 0.127604 0.0183964
64.5665 15.4308 0.148307 2.76448e-08
64.6596 15.5664 0.132335 5.40604e-08
64.6174 15.3292 0.151585 1.99453e-09
63.9955 15.67 0.134023 0.00262038
63.9302 15.5141 0.152104 0.00014169
64.5794 15.6325 0.153096 1.80348e-11
64.1668 15.0069 0.146621 0.00268745
63.7899 15.5541 0.113127 1.3638e-05
64.1202 14.8692 0.10969 4.42413e-09
63.5287 15.4101 0.14086 0.00461217
64.0645 15.1188 0.126823 0.0154778
64.4417 14.8553 0.123267 4.56799e-07
64.103 15.3668 0.141447 0.0201734
64.1621 15.4767 0.142535 0.00233065
64.3126 14.8384 0.143912 6.61323e-05
64.1306 15.3706 0.133879 0.0368911
63.3313 15.2374 0.136623 0.000225046
64.265 15.1485 0.141245 0.00387655
64.3471 14.9897 0.151279 1.24168e-05
64.2118 14.8655 0.129246 0.000279579
64.264 15.0511 0.133291 0.00352935
63.7547 14.8697 0.128957 0.0010362
64.2634 16.1155 0.147507 6.11486e-13
64.1461 15.3052 0.144729 0.00715973
64.464 15.2565 0.130808 0.00012925
64.2468 15.1968 0.142777 0.00390484
64.6726 15.1623 0.123991 7.50261e-08
64.2874 15.7586 0.123229 1.49948e-05
64.0958 15.0068 0.147932 0.00449174
63.972 15.0189 0.135723 0.0597651
63.7525 15.2361 0.121003 0.00172298
64.8036 14.9875 0.136241 3.89163e-10
63.9904 15.1556 0.129059 0.0526667
64.3159 14.9809 0.132832 0.000653438
63.6442 14.9676 0.132543 0.00547715
64.4858 15.336 0.138217 3.64089e-05
64.028 14.8115 0.121308 1.20924e-05
64.2524 14.9014 0.150574 6.35048e-05
64.1002 15.3682 0.127837 0.0272992
63.7685 15.3596 0.130249 0.0573298
64.5728 15.5209 0.136085 8.58916e-07
63.8598 15.4136 0.152534 0.00067634
63.9718 15.0294 0.134209 0.056507
64.1986 15.2012 0.143295 0.00746759
64.2954 15.4779 0.141909 0.000313298
64.1573 14.6048 0.130705 1.63529e-06
64.4456 14.838 0.135367 5.8397e-06
64.0901 15.2459 0.123168 0.00745819
63.9531 14.518 0.144034 5.03745e-06
64.3651 15.4082 0.161168 8.63522e-10
64.3696 15.3491 0.120658 0.000103757
64.4561 15.3133 0.120804 1.86733e-05
64.5037 15.5867 0.128506 5.11358e-06
64.1603 15.2705 0.137958 0.0309203
64.326 14.518 0.113686 3.20414e-13
64.6526 14.5163 0.131799 2.47107e-12
63.2898 15.0778 0.12997 7.5231e-06
64.2423 15.379 0.129509 0.00692572
63.7222 15.0674 0.127562 0.00763363
64.6197 15.025 0.13733 4.41566e-07
64.5686 15.0706 0.138897 2.58905e-06
64.1515 15.2638 0.140122 0.025843
64.0453 15.2027 0.135871 0.110177
64.1331 15.3017 0.121648 0.00340183
63.7077 15.2593 0.117384 0.000141926
63.9219 15.5488 0.131312 0.0215485
64.8319 15.0089 0.0976437 4.11028e-19
64.2353 15.6212 0.13042 0.000715721
64.3221 14.9637 0.141945 0.00037317
64.1342 14.9335 0.125734 0.000646976
64.229 14.9398 0.163647 3.61156e-08
63.9643 15.3807 0.153721 0.000319338
64.4632 14.8764 0.130388 3.97385e-06
63.9418 14.8511 0.152238 0.000888627
64.4923 15.1379 0.111247 1.43515e-08
64.2591 15.4852 0.142237 0.000502074
63.6689 15.5974 0.116341 1.82644e-05
64.2521 15.2616 0.146949 0.000736533
64.3355 15.8947 0.144512 3.7135e-09
64.1705 15.5618 0.150802 1.07271e-05
