70.5467 -41.9044 3.79986 2.17997e-06 70.136 -42.268 3.8025
69.9023 -41.5957 3.81409 7.4879e-16 70.136 -42.268 3.8025
69.7505 -42.5898 3.80342 2.31749e-11 70.136 -42.268 3.8025
70.7006 -41.7888 3.81436 6.61903e-09 70.136 -42.268 3.8025
70.1002 -42.9264 3.7944 6.84262e-08 70.136 -42.268 3.8025
69.6581 -42.5276 3.79679 2.22595e-12 70.136 -42.268 3.8025
70.1769 -42.3516 3.7845 3.52008e-07 70.136 -42.268 3.8025
70.211 -42.8087 3.80192 1.80865e-06 70.136 -42.268 3.8025
70.3614 -41.99 3.8211 4.72066e-08 70.136 -42.268 3.8025
69.9107 -42.3304 3.80493 3.61393e-06 70.136 -42.268 3.8025
70.1587 -42.1785 3.80546 0.00982813 70.136 -42.268 3.8025
70.5695 -41.9028 3.80231 7.10257e-06 70.136 -42.268 3.8025
70.1403 -42.577 3.79726 0.006857 70.136 -42.268 3.8025
70.6572 -41.8095 3.81367 6.31374e-08 70.136 -42.268 3.8025
69.3463 -41.9487 3.7904 8.61646e-32 70.136 -42.268 3.8025
70.4596 -42.3016 3.79246 0.0053742 70.136 -42.268 3.8025
69.9624 -42.582 3.81973 2.67377e-17 70.136 -42.268 3.8025
70.4826 -41.9388 3.7948 1.68394e-07 70.136 -42.268 3.8025
70.0916 -41.787 3.8107 2.46989e-08 70.136 -42.268 3.8025
70.4565 -41.4187 3.82426 3.13446e-17 70.136 -42.268 3.8025
70.4147 -41.3963 3.78328 5.2724e-39 70.136 -42.268 3.8025
69.8549 -42.2697 3.79884 4.16825e-07 70.136 -42.268 3.8025
70.1777 -42.0192 3.81092 0.000185443 70.136 -42.268 3.8025
69.8445 -41.8152 3.80268 6.88187e-13 70.136 -42.268 3.8025
70.3071 -42.1082 3.81961 2.9545e-07 70.136 -42.268 3.8025
70.2635 -42.3497 3.7911 0.00384141 70.136 -42.268 3.8025
70.0586 -42.2088 3.79343 2.82707e-05 70.136 -42.268 3.8025
70.5152 -42.0011 3.79349 4.36711e-07 70.136 -42.268 3.8025
70.2192 -42.0925 3.79452 7.38208e-05 70.136 -42.268 3.8025
69.8057 -42.2662 3.80989 6.66678e-10 70.136 -42.268 3.8025
69.8918 -42.0169 3.82719 1.15135e-18 70.136 -42.268 3.8025
70.2239 -41.859 3.8033 3.46626e-06 70.136 -42.268 3.8025
70.6245 -42.1747 3.80627 0.004777 70.136 -42.268 3.8025
70.2062 -42.5711 3.81182 3.47669e-07 70.136 -42.268 3.8025
70.3735 -42.1223 3.8016 0.0432665 70.136 -42.268 3.8025
70.41 -42.2631 3.79321 0.00711511 70.136 -42.268 3.8025
70.5303 -42.3929 3.78147 3.715e-09 70.136 -42.268 3.8025
70.249 -42.3292 3.81302 0.000115467 70.136 -42.268 3.8025
70.3564 -42.2113 3.78609 2.15368e-07 70.136 -42.268 3.8025
70.1527 -42.3106 3.82383 1.47519e-13 70.136 -42.268 3.8025
70.4418 -42.3081 3.80064 0.357635 70.136 -42.268 3.8025
70.6431 -42.3015 3.79094 3.37161e-05 70.136 -42.268 3.8025
70.0243 -41.8826 3.8149 9.10368e-09 70.136 -42.268 3.8025
70.2751 -42.5588 3.80658 0.000873597 70.136 -42.268 3.8025
70.1871 -42.1741 3.81587 6.31225e-06 70.136 -42.268 3.8025
70.4009 -42.3706 3.82517 1.78434e-14 70.136 -42.268 3.8025
70.2604 -42.5549 3.79411 0.045521 70.136 -42.268 3.8025
70.4985 -42.1903 3.82304 2.75018e-10 70.136 -42.268 3.8025
70.3503 -42.4672 3.79198 0.0356622 70.136 -42.268 3.8025
70.5881 -42.1537 3.81224 0.000379085 70.136 -42.268 3.8025
70.513 -42.2247 3.79471 0.00387797 70.136 -42.268 3.8025
70.1462 -42.2525 3.81033 0.000602498 70.136 -42.268 3.8025
69.9749 -42.4853 3.81623 5.3327e-12 70.136 -42.268 3.8025
70.6396 -41.9662 3.81263 1.15524e-05 70.136 -42.268 3.8025
70.5264 -41.9659 3.80518 0.000450585 70.136 -42.268 3.8025
69.7058 -42.1599 3.79917 1.08395e-11 70.136 -42.268 3.8025
70.7127 -42.0179 3.80105 6.27732e-06 70.136 -42.268 3.8025
70.3915 -41.4379 3.78561 1.18503e-33 70.136 -42.268 3.8025
70.1192 -42.192 3.81482 4.00696e-06 70.136 -42.268 3.8025
70.0884 -42.2585 3.81056 9.9605e-05 70.136 -42.268 3.8025
70.1815 -42.5565 3.80489 0.000967142 70.136 -42.268 3.8025
69.7429 -42.1433 3.80905 2.28471e-11 70.136 -42.268 3.8025
69.668 -42.415 3.80065 7.03504e-12 70.136 -42.268 3.8025
69.9645 -42.309 3.81752 6.51085e-11 70.136 -42.268 3.8025
70.6854 -41.7102 3.81349 6.17038e-10 70.136 -42.268 3.8025
70.4161 -42.6087 3.81312 4.93145e-08 70.136 -42.268 3.8025
70.0129 -42.2268 3.80927 2.48799e-05 70.136 -42.268 3.8025
70.2016 -42.1153 3.79673 0.00079541 70.136 -42.268 3.8025
70.547 -42.1289 3.82199 2.80397e-09 70.136 -42.268 3.8025
70.3438 -42.5943 3.80318 0.00777452 70.136 -42.268 3.8025
70.2248 -42.3121 3.80308 0.122395 70.136 -42.268 3.8025
70.2426 -41.6978 3.79842 6.64647e-12 70.136 -42.268 3.8025
70.4843 -42.4183 3.78625 2.95561e-05 70.136 -42.268 3.8025
70.3609 -42.8059 3.82267 6.58794e-23 70.136 -42.268 3.8025
70.846 -42.1406 3.80604 1.35963e-06 70.136 -42.268 3.8025
70.02 -41.5276 3.80016 6.16581e-19 70.136 -42.268 3.8025
70.6156 -42.0441 3.78998 2.73821e-09 70.136 -42.268 3.8025
70.0629 -42.3489 3.79368 0.000561081 70.136 -42.268 3.8025
69.8306 -42.0337 3.78193 1.81171e-20 70.136 -42.268 3.8025
70.1937 -42.5772 3.80698 0.000100044 70.136 -42.268 3.8025
69.8827 -41.4974 3.80039 1.95765e-22 70.136 -42.268 3.8025
70.2625 -41.8612 3.81225 8.83076e-06 70.136 -42.268 3.8025
70.0642 -42.3303 3.80201 0.00368222 70.136 -42.268 3.8025
70.0011 -42.2515 3.79429 2.27633e-05 70.136 -42.268 3.8025
70.6065 -42.4149 3.80208 0.0230352 70.136 -42.268 3.8025
70.3082 -42.4754 3.80583 0.0174104 70.136 -42.268 3.8025
70.2748 -42.3878 3.8011 0.287588 70.136 -42.268 3.8025
69.8678 -42.0764 3.8051 4.85951e-08 70.136 -42.268 3.8025
70.8536 -42.4179 3.79821 3.32286e-06 70.136 -42.268 3.8025
70.013 -42.0618 3.80112 1.1903e-05 70.136 -42.268 3.8025
69.6752 -42.1827 3.81668 8.64274e-17 70.136 -42.268 3.8025
70.2616 -41.9804 3.80232 0.000501967 70.136 -42.268 3.8025
70.3427 -41.8263 3.787 5.11703e-16 70.136 -42.268 3.8025
69.6109 -41.8165 3.79403 6.01693e-23 70.136 -42.268 3.8025
70.4855 -41.9758 3.78175 3.82304e-17 70.136 -42.268 3.8025
70.0879 -42.4465 3.81011 9.54712e-06 70.136 -42.268 3.8025
70.3931 -42.0112 3.80039 0.00109147 70.136 -42.268 3.8025
69.9321 -41.9328 3.81398 1.25005e-09 70.136 -42.268 3.8025
69.7238 -42.4003 3.79465 1.81446e-10 70.136 -42.268 3.8025
70.2036 -42.095 3.8053 0.00733881 70.136 -42.268 3.8025
