254.861 -18.3628 3.2899 0.000538693
255.229 -18.7885 3.31241 8.3866e-13
255.245 -18.1598 3.3035 3.27892e-06
255.406 -18.161 3.27281 1.31647e-13
255.132 -18.498 3.28027 7.70422e-05
255.361 -18.4631 3.29365 0.263301
254.994 -18.7028 3.27973 6.40371e-07
255.398 -18.4831 3.28258 1.27724e-05
255.028 -18.3682 3.29531 0.00154617
254.625 -18.6607 3.30417 2.88092e-20
255.343 -18.1907 3.28511 0.00175238
255.271 -18.7221 3.27734 9.25326e-11
255.538 -18.2225 3.30236 0.00611292
254.258 -18.6436 3.28846 2.79849e-18
255.538 -18.6719 3.27623 7.40291e-16
255.317 -18.2756 3.29847 0.028564
255.641 -18.4684 3.28439 6.61293e-08
255.741 -18.3165 3.28122 1.71178e-12
255.15 -19.0793 3.297 5.45153e-10
255.717 -18.3296 3.28873 6.34224e-06
254.937 -18.3648 3.30467 2.40339e-11
255.395 -18.9037 3.29879 3.16754e-05
255.669 -18.4784 3.28192 1.07421e-10
254.983 -17.7777 3.29516 9.43786e-11
254.921 -18.8506 3.29306 1.05549e-07
255.306 -18.3645 3.29547 0.209509
254.647 -18.0644 3.27098 3.4118e-08
255.205 -18.7849 3.29067 0.000224372
255.162 -18.5134 3.2966 0.0124309
255.176 -17.8494 3.31179 1.79823e-20
255.329 -18.8086 3.28859 2.11087e-05
255.475 -18.406 3.28189 8.85333e-07
255.305 -17.979 3.28372 2.1883e-05
255.492 -18.5173 3.28449 9.31063e-06
255.621 -18.5854 3.27935 3.91155e-13
255.411 -18.9764 3.30003 1.7736e-06
255.231 -18.4125 3.29216 0.207976
255.885 -18.4343 3.29954 0.000825028
255.325 -18.6249 3.2994 0.013574
255.618 -18.3169 3.28593 4.72712e-06
255.479 -18.7904 3.3154 8.44648e-11
255.394 -18.1798 3.2917 0.0372478
255.551 -18.5103 3.3088 0.000253813
255.565 -18.2811 3.28587 2.63035e-05
255.458 -18.6712 3.28314 9.94073e-08
255.229 -18.5565 3.30918 8.18447e-09
255.014 -18.4859 3.26569 3.86193e-16
255.134 -18.4906 3.29684 0.00656023
255.305 -18.5715 3.28667 0.00278942
255.061 -18.3314 3.2772 2.28566e-05
254.761 -18.3577 3.2809 0.000179467
255.002 -18.0461 3.27024 4.49692e-10
255.756 -18.7052 3.29525 6.511e-05
255.279 -18.4947 3.28639 0.0094625
255.036 -18.4216 3.30628 2.57834e-10
255.403 -18.3408 3.26806 1.00949e-19
255.3 -17.9464 3.2805 3.70587e-07
254.744 -18.7398 3.29088 2.11941e-08
254.834 -18.5146 3.28604 0.000306107
255.074 -18.856 3.28991 4.48838e-06
255.462 -18.6882 3.29075 0.00101079
255.694 -18.6254 3.29438 0.000785376
255.438 -19.0585 3.28139 2.5201e-16
255.169 -18.4949 3.30507 1.20689e-06
255.265 -18.6159 3.28156 4.66564e-06
255.298 -18.7309 3.29647 0.00353096
254.61 -18.1532 3.27705 2.34534e-06
255.042 -18.5624 3.26518 3.67249e-18
254.907 -18.5087 3.29243 0.000230172
255.385 -18.7081 3.29029 0.001094
255.592 -19.0213 3.28472 9.75926e-15
254.668 -18.7175 3.28045 1.75986e-08
254.868 -18.6342 3.29408 2.86521e-06
255.116 -18.7109 3.28635 0.000186522
255.475 -18.5329 3.30241 0.0337296
255.335 -18.8321 3.32671 2.02723e-28
254.949 -18.2557 3.28053 0.00132679
255.368 -18.294 3.2771 1.09483e-08
255.182 -18.1725 3.27507 8.35388e-08
255.011 -18.3787 3.29895 1.77503e-05
255.237 -18.4489 3.29024 0.143482
254.398 -18.4052 3.28284 3.18152e-10
254.79 -18.4739 3.27646 4.31565e-06
254.477 -18.7517 3.26696 2.29502e-16
255.169 -18.2572 3.31037 2.36059e-12
255.196 -18.3217 3.30546 5.81117e-07
256.203 -18.2228 3.28949 1.0688e-17
255.457 -18.6716 3.30554 0.000598836
254.941 -18.3379 3.30124 1.97217e-08
255.183 -18.587 3.26505 2.57302e-21
254.967 -18.6821 3.28391 4.21149e-05
255.999 -18.3025 3.2972 1.16749e-06
255.64 -18.9659 3.31291 5.75906e-09
255.408 -18.7678 3.29862 0.00239491
255.201 -18.3377 3.26813 3.93802e-15
255.439 -17.9099 3.27831 6.15537e-11
255.404 -17.9517 3.28288 4.74324e-07
255.592 -18.6668 3.29595 0.00769092
255.232 -18.0375 3.28431 0.000397194
255.497 -19.069 3.29563 1.17237e-08
