42.3213 -71.8058 3.92751 1.95951e-17 41.78 -71.671 3.9373
42.0053 -71.8916 3.91668 5.10851e-19 41.78 -71.671 3.9373
41.7469 -72.2987 3.93418 3.9519e-15 41.78 -71.671 3.9373
42.1991 -71.9525 3.92075 9.31688e-22 41.78 -71.671 3.9373
41.6233 -71.6238 3.93874 0.0804553 41.78 -71.671 3.9373
42.0037 -71.778 3.92425 1.18174e-10 41.78 -71.671 3.9373
41.6044 -71.7204 3.93864 0.0130277 41.78 -71.671 3.9373
41.8214 -71.2481 3.94045 0.00535976 41.78 -71.671 3.9373
41.8409 -71.5736 3.92218 1.47884e-07 41.78 -71.671 3.9373
42.4878 -71.2572 3.9212 5.71555e-30 41.78 -71.671 3.9373
41.7024 -71.6405 3.92889 0.00918634 41.78 -71.671 3.9373
42.1955 -71.7522 3.94855 9.85616e-08 41.78 -71.671 3.9373
41.7027 -71.6457 3.94902 2.74916e-05 41.78 -71.671 3.9373
42.4621 -71.8437 3.93692 9.2677e-17 41.78 -71.671 3.9373
41.6719 -71.789 3.92682 0.000126404 41.78 -71.671 3.9373
41.5847 -72.2334 3.94307 9.02875e-15 41.78 -71.671 3.9373
41.7191 -72.0478 3.92112 1.40657e-12 41.78 -71.671 3.9373
41.2747 -71.7303 3.95018 2.94285e-14 41.78 -71.671 3.9373
41.961 -71.3018 3.92438 4.01515e-09 41.78 -71.671 3.9373
41.7713 -71.0969 3.92265 6.1715e-10 41.78 -71.671 3.9373
42.1218 -71.8647 3.94742 4.35725e-08 41.78 -71.671 3.9373
41.8191 -72.0945 3.92456 6.93474e-13 41.78 -71.671 3.9373
41.9026 -72.017 3.95638 8.65624e-15 41.78 -71.671 3.9373
41.4696 -71.871 3.93846 1.55154e-05 41.78 -71.671 3.9373
41.8007 -71.5043 3.92672 0.000362999 41.78 -71.671 3.9373
42.0615 -71.9446 3.94415 3.0288e-08 41.78 -71.671 3.9373
41.9595 -71.7394 3.93558 0.000308209 41.78 -71.671 3.9373
42.071 -71.2383 3.939 1.76494e-05 41.78 -71.671 3.9373
41.1804 -71.3992 3.91654 1.62137e-08 41.78 -71.671 3.9373
42.094 -72.0432 3.93782 5.65617e-11 41.78 -71.671 3.9373
41.6759 -71.3064 3.92157 1.14122e-06 41.78 -71.671 3.9373
42.1023 -71.8628 3.89874 7.79631e-49 41.78 -71.671 3.9373
42.3129 -71.7349 3.94011 6.83291e-10 41.78 -71.671 3.9373
41.7695 -71.7402 3.92459 5.04835e-06 41.78 -71.671 3.9373
41.6012 -72.3285 3.93834 1.95534e-16 41.78 -71.671 3.9373
41.6988 -71.5632 3.9271 0.0043795 41.78 -71.671 3.9373
41.6898 -72.2801 3.94517 1.75335e-16 41.78 -71.671 3.9373
42.0216 -71.6449 3.90461 4.17388e-33 41.78 -71.671 3.9373
42.1373 -71.7867 3.93227 5.32563e-09 41.78 -71.671 3.9373
42.4566 -71.2316 3.93857 7.56454e-15 41.78 -71.671 3.9373
42.2434 -72.0299 3.95559 6.7031e-16 41.78 -71.671 3.9373
41.6008 -71.7287 3.92192 7.38608e-06 41.78 -71.671 3.9373
42.2491 -71.836 3.91828 2.75023e-24 41.78 -71.671 3.9373
41.341 -71.5104 3.92954 0.00556153 41.78 -71.671 3.9373
41.4396 -71.7036 3.94503 1.36019e-06 41.78 -71.671 3.9373
42.2908 -71.8293 3.92954 2.94304e-15 41.78 -71.671 3.9373
42.554 -71.7014 3.93233 2.62049e-21 41.78 -71.671 3.9373
41.8358 -71.8274 3.93901 0.00058139 41.78 -71.671 3.9373
41.3071 -72.0594 3.95088 6.37447e-20 41.78 -71.671 3.9373
41.647 -71.6218 3.93481 0.177616 41.78 -71.671 3.9373
42.3023 -71.8858 3.94397 3.60266e-11 41.78 -71.671 3.9373
41.2874 -71.8862 3.93068 1.08518e-06 41.78 -71.671 3.9373
42.0708 -71.2258 3.92491 4.79661e-12 41.78 -71.671 3.9373
41.7191 -71.5436 3.93013 0.038491 41.78 -71.671 3.9373
41.9053 -72.0119 3.92479 3.45911e-12 41.78 -71.671 3.9373
41.5744 -71.7809 3.92555 0.000140965 41.78 -71.671 3.9373
41.5936 -72.0881 3.94284 2.15188e-10 41.78 -71.671 3.9373
42.279 -71.8823 3.93808 1.46036e-11 41.78 -71.671 3.9373
41.9408 -71.8661 3.93616 1.4543e-05 41.78 -71.671 3.9373
41.615 -71.3669 3.92869 0.0158278 41.78 -71.671 3.9373
42.4403 -71.5846 3.932 1.74657e-16 41.78 -71.671 3.9373
41.9015 -71.2763 3.9322 0.000249982 41.78 -71.671 3.9373
41.9976 -72.288 3.9176 1.17665e-27 41.78 -71.671 3.9373
41.9655 -71.7007 3.94153 0.001535 41.78 -71.671 3.9373
42.0663 -72.1659 3.94692 2.91688e-14 41.78 -71.671 3.9373
41.7719 -71.7899 3.9371 0.00386672 41.78 -71.671 3.9373
42.5447 -71.6389 3.92354 1.03423e-28 41.78 -71.671 3.9373
41.8535 -71.8788 3.93225 1.27348e-05 41.78 -71.671 3.9373
42.21 -72.0899 3.92173 3.74865e-24 41.78 -71.671 3.9373
41.5063 -71.8685 3.91861 5.05375e-09 41.78 -71.671 3.9373
41.6626 -71.6942 3.92418 8.53551e-05 41.78 -71.671 3.9373
41.7447 -71.0961 3.9254 5.39909e-08 41.78 -71.671 3.9373
41.915 -71.8391 3.9363 7.50341e-05 41.78 -71.671 3.9373
42.1213 -71.0525 3.9411 7.41927e-09 41.78 -71.671 3.9373
41.6685 -72.0056 3.94314 4.93995e-08 41.78 -71.671 3.9373
41.719 -71.5784 3.93603 0.2509 41.78 -71.671 3.9373
42.3046 -71.4813 3.92724 3.1258e-15 41.78 -71.671 3.9373
42.2112 -71.9795 3.95194 1.00716e-12 41.78 -71.671 3.9373
41.4319 -72.1978 3.93781 2.31155e-13 41.78 -71.671 3.9373
41.8349 -71.4417 3.93127 0.00833327 41.78 -71.671 3.9373
41.6733 -71.5095 3.953 1.17478e-07 41.78 -71.671 3.9373
41.8454 -71.2426 3.92088 3.49262e-10 41.78 -71.671 3.9373
41.2491 -71.9183 3.91774 1.62991e-10 41.78 -71.671 3.9373
42.027 -71.2182 3.93335 1.91669e-06 41.78 -71.671 3.9373
41.7515 -72.48 3.92771 1.39535e-23 41.78 -71.671 3.9373
42.1111 -71.082 3.93449 1.11104e-09 41.78 -71.671 3.9373
41.6904 -71.789 3.93752 0.00518798 41.78 -71.671 3.9373
41.4381 -72.0569 3.96274 4.03977e-30 41.78 -71.671 3.9373
41.7203 -71.6815 3.94478 0.00185547 41.78 -71.671 3.9373
41.9034 -72.0465 3.92629 4.87345e-12 41.78 -71.671 3.9373
41.6017 -71.7082 3.91389 1.28274e-11 41.78 -71.671 3.9373
41.6509 -71.5395 3.93353 0.282047 41.78 -71.671 3.9373
41.7519 -71.6469 3.93584 0.094333 41.78 -71.671 3.9373
42.3039 -71.9335 3.92424 1.24916e-21 41.78 -71.671 3.9373
41.848 -71.9798 3.9326 2.47951e-07 41.78 -71.671 3.9373
41.9548 -71.8313 3.95374 3.06206e-09 41.78 -71.671 3.9373
42.5851 -72.0084 3.93522 2.95074e-25 41.78 -71.671 3.9373
42.1861 -72.0282 3.94051 6.55109e-12 41.78 -71.671 3.9373
41.5715 -72.0602 3.9326 4.76529e-08 41.78 -71.671 3.9373
41.6698 -72.3151 3.94089 2.83589e-16 41.78 -71.671 3.9373
