86.714 16.1047 0.0908923 5.26744e-08
86.7519 16.3412 0.0869051 2.17543e-07
86.6913 15.9774 0.0984057 1.44968e-09
86.4238 16.6659 0.0810418 0.00125576
86.1347 16.5401 0.112499 2.68052e-08
85.8877 16.5436 0.076661 0.0998719
86.5156 16.2258 0.0808643 0.00016709
86.9435 16.1583 0.0896002 1.88822e-11
86.0129 16.4779 0.106993 1.70899e-05
87.065 16.6048 0.0835386 5.79691e-13
86.1747 16.469 0.0888211 0.0463871
86.1263 16.7837 0.0976763 4.65839e-05
85.9933 16.1712 0.0724017 0.00438099
86.3124 16.2954 0.0857682 0.0120848
87.2715 16.5583 0.0863955 6.2076e-18
86.4273 16.4664 0.10535 2.11732e-07
86.5863 16.7051 0.0890455 2.74885e-06
86.6457 16.7686 0.0904871 1.00929e-07
86.5417 15.9427 0.0886975 9.53958e-07
86.5136 16.908 0.0954954 1.48887e-08
86.2984 16.9517 0.10234 3.16758e-09
86.1951 16.3538 0.0947812 0.00762545
86.3052 16.2587 0.0991382 0.000219617
86.5705 16.506 0.0844027 8.36387e-05
86.5165 15.7305 0.0596041 8.131e-14
86.6796 16.1769 0.0900003 4.40029e-07
86.4072 16.6483 0.0794201 0.00222254
86.2967 15.8226 0.0670148 1.55344e-08
86.6496 16.852 0.091864 9.25848e-09
87.1666 16.9042 0.0981443 1.06552e-20
85.9783 16.5726 0.0935012 0.0165736
86.3388 16.8749 0.0754273 0.000385069
86.2725 16.4741 0.0784385 0.0360569
86.2694 16.7157 0.0828172 0.00697323
86.2402 16.3993 0.0852911 0.0459608
85.9924 16.5886 0.110672 2.15489e-07
86.8172 16.5415 0.0789613 5.71252e-08
86.3273 16.2216 0.0823768 0.00631577
86.2636 16.173 0.0761015 0.00364014
86.6113 17.2321 0.0769088 1.39549e-10
85.8823 16.199 0.0877111 0.057703
86.5749 16.6942 0.0950217 2.85452e-07
86.584 16.8841 0.0805706 1.48812e-06
86.7998 17.4308 0.0769005 2.09036e-16
86.4787 16.4855 0.0926025 9.13625e-05
86.4309 16.1512 0.0806939 0.000426019
86.392 16.2665 0.0945466 0.000335834
86.2939 16.7636 0.0995294 2.73898e-06
86.9065 16.8637 0.0925093 4.10803e-13
86.6772 16.648 0.0977102 5.11258e-09
87.1627 16.2692 0.0743262 5.1765e-15
86.8465 16.343 0.0778698 1.54822e-08
86.1187 17.0934 0.0994847 3.10619e-09
86.1782 16.6945 0.0824795 0.0246416
86.4614 15.9308 0.0869904 5.7295e-06
86.1409 16.583 0.0996049 0.000326934
86.7071 16.1301 0.0938352 3.61e-08
86.6282 16.1889 0.0897186 2.5517e-06
86.3727 16.4289 0.0829677 0.00836363
86.3541 16.6016 0.102947 1.32748e-06
85.8667 16.2076 0.0829602 0.0564697
86.1922 16.4241 0.0965973 0.00321994
86.0112 16.1252 0.111411 1.34575e-06
86.7593 15.9225 0.0712331 8.97741e-11
86.5979 16.2564 0.0727211 8.81724e-06
86.0556 16.5898 0.0842613 0.112412
86.6117 16.4311 0.0916216 4.97767e-06
86.6828 16.5132 0.0895578 8.36065e-07
86.9387 16.2164 0.0722186 5.65026e-11
86.8455 16.4193 0.0747873 1.77269e-08
86.0919 16.4614 0.0791681 0.167928
86.8718 17.2013 0.0745112 1.11669e-13
86.2776 16.0574 0.103462 9.67538e-06
86.8904 16.4449 0.0833822 2.63268e-09
87.0574 16.1915 0.0596303 1.15181e-15
85.914 16.5281 0.0755807 0.0964949
86.5393 16.6102 0.0744258 0.000150447
86.0465 15.8181 0.0780483 1.37303e-05
86.6653 16.0216 0.090647 8.47076e-08
86.8839 16.4458 0.0858631 2.09065e-09
85.9722 16.4746 0.105352 6.84979e-05
86.6757 16.5184 0.076541 6.5071e-06
85.959 17.0001 0.070898 0.000199444
87.1328 16.4421 0.10148 8.20794e-18
86.3231 15.8772 0.100781 1.18814e-06
86.5453 16.2999 0.088386 7.07264e-05
86.2721 16.2964 0.0764373 0.0138109
86.7583 16.6514 0.0784989 2.43517e-07
86.1314 16.487 0.0985482 0.00161021
86.1578 16.8228 0.0755847 0.00613169
86.1311 16.5755 0.0800368 0.105546
85.787 16.1352 0.0815715 0.0115
86.7239 16.744 0.0850055 8.96957e-08
85.9279 16.3478 0.0732296 0.0348573
86.6853 15.892 0.0817031 5.56988e-09
86.5733 16.4271 0.0945918 4.49706e-06
87.0041 16.1246 0.101884 3.42408e-15
86.0903 16.0255 0.0671841 1.98787e-05
86.638 16.5136 0.0781887 2.07132e-05
86.1732 16.1503 0.076764 0.0072612
