220.985 26.9293 0.0764076 0.00178731
221.061 27.1845 0.0698945 2.22269e-08
221.27 26.5892 0.0954605 4.6375e-10
221.088 26.1651 0.0742547 0.00401582
221.15 26.4519 0.0729959 0.594526
220.835 26.5699 0.0836097 0.013019
221.097 26.7 0.0692825 0.0783143
220.967 27.0034 0.0580941 5.47047e-11
221.169 27.12 0.0745191 1.83484e-06
221.075 26.2469 0.0544527 1.82688e-10
221.05 27.7114 0.0685843 6.33437e-25
221.45 27.0051 0.0616774 1.34162e-08
221.627 26.8375 0.0762486 4.58522e-07
220.96 26.9313 0.070131 0.00023917
220.874 26.5479 0.0575692 1.09013e-08
220.782 26.7203 0.0672764 6.20535e-05
220.904 26.0612 0.0767582 3.19034e-05
220.951 26.7515 0.0692813 0.00871138
221.187 26.8827 0.0680695 0.00123485
221.139 26.8983 0.0732663 0.00585366
221.562 26.887 0.0575555 5.90168e-10
221.212 27.0297 0.0676793 7.70726e-06
221.136 26.8129 0.0760583 0.0519582
221.339 26.9025 0.067642 0.000177217
220.385 26.3557 0.0866684 4.67324e-10
220.589 27.4847 0.0805864 7.18772e-20
221.518 26.6242 0.0828384 8.02153e-06
221.4 26.9562 0.0791911 8.74854e-06
220.723 26.8578 0.0927287 1.11976e-08
221.528 26.8658 0.0783406 3.69024e-06
221.297 26.8102 0.0786218 0.00523206
220.899 26.8143 0.0787819 0.0108399
221.26 26.3473 0.08386 0.0012493
220.354 26.8639 0.0731468 1.97604e-12
220.887 26.9747 0.0526387 6.52275e-16
220.368 27.2373 0.065515 6.26839e-22
220.529 26.7346 0.0665376 8.93054e-10
220.714 26.6054 0.0802009 0.00327561
220.584 27.0875 0.0715838 4.32118e-11
221.035 26.576 0.0613146 9.29485e-05
221.236 26.1309 0.0796395 0.000195746
220.982 26.9787 0.0764593 0.000356394
221.066 26.7629 0.057469 8.57418e-08
221.62 27.2525 0.0667603 5.70759e-14
220.829 27.1216 0.0897857 1.78759e-10
221.213 26.9056 0.0713595 0.00237986
221.387 26.537 0.0863336 2.08243e-05
221.063 27.5277 0.0612395 3.11992e-21
221.615 26.999 0.0686105 1.3577e-08
221.083 26.9546 0.0779487 0.000986443
220.672 27.1848 0.0674831 5.42652e-13
220.785 27.5413 0.081269 2.22693e-19
221.033 27.1608 0.0703432 7.25834e-08
221.369 27.1526 0.0689904 1.52305e-08
221.354 27.1171 0.0658292 1.88995e-08
221.353 27.5818 0.0781265 1.92939e-20
221.339 26.7914 0.077873 0.00464319
221.209 27.428 0.086821 4.68776e-17
221.293 27.0209 0.097937 2.74181e-16
221.439 26.9652 0.0748184 1.17368e-05
221.373 26.7165 0.0701955 0.0139446
221.25 26.2897 0.0722267 0.034228
220.625 27.4413 0.0635965 1.5429e-22
221.349 26.5905 0.0710477 0.0791404
221.091 27.2987 0.0553091 3.21277e-18
220.579 26.8716 0.0714577 5.08609e-08
221.475 26.6369 0.0806761 0.000207792
220.83 26.4512 0.0720589 0.0158253
220.348 26.8527 0.0717535 6.31715e-13
221.123 27.3891 0.0552402 1.44713e-20
221.412 26.3988 0.0687026 0.00671528
221.339 26.6311 0.0636992 0.0015171
221.079 27.0438 0.0626408 3.6848e-08
221.065 27.2202 0.0912494 3.50252e-13
221.642 26.8707 0.0800057 1.08957e-08
220.631 26.138 0.0548283 8.60404e-18
221.448 27.0633 0.07657 1.55548e-07
221.826 26.5336 0.0635406 1.00584e-09
221.402 27.0723 0.0697736 3.90079e-07
220.902 27.0156 0.0656406 1.5258e-07
221.497 26.9997 0.0862822 1.6565e-10
220.823 26.5374 0.0927384 1.91041e-06
220.959 27.0238 0.0729623 3.38498e-05
221.217 26.8805 0.0688947 0.001832
221.085 26.6783 0.0498737 1.994e-13
221.356 26.4316 0.0791855 0.012595
221.634 26.6235 0.0733877 2.01897e-05
220.858 27.3404 0.0804641 1.27689e-12
221.046 26.8926 0.0562772 4.53425e-10
220.989 26.6599 0.0691361 0.0444776
221.379 26.8554 0.0797147 0.000190108
220.737 27.0591 0.0503809 4.64053e-22
221.578 27.3026 0.0745222 2.70171e-14
221.22 27.0093 0.0674836 1.4279e-05
221.055 27.2259 0.0888016 6.12545e-12
221.084 27.0674 0.071265 9.62489e-06
220.769 26.3491 0.0613571 3.69783e-08
221.247 26.4865 0.0918999 3.65912e-07
221.386 27.0589 0.0824604 3.32135e-08
220.525 27.0799 0.0648875 4.57183e-15
