272.884 21.1075 5.47537 0.000134803 273.07 20.756 5.4762
273.053 21.0544 5.46137 2.55653e-05 273.07 20.756 5.4762
273.421 20.5163 5.4851 5.58206e-07 273.07 20.756 5.4762
273.376 20.5418 5.47451 0.000968352 273.07 20.756 5.4762
273.642 21.0214 5.47619 1.53845e-08 273.07 20.756 5.4762
273.718 21.0846 5.48391 3.6614e-12 273.07 20.756 5.4762
273.027 20.6368 5.47182 0.11068 273.07 20.756 5.4762
273.386 20.9061 5.47019 0.00211983 273.07 20.756 5.4762
272.823 20.7893 5.49032 4.51047e-05 273.07 20.756 5.4762
273.3 20.6879 5.47519 0.0267363 273.07 20.756 5.4762
273.343 20.6255 5.46921 0.013483 273.07 20.756 5.4762
272.998 20.6092 5.47696 0.0354034 273.07 20.756 5.4762
273.983 20.6351 5.46167 6.40406e-16 273.07 20.756 5.4762
273.249 20.0038 5.47821 1.07455e-13 273.07 20.756 5.4762
273.408 20.4404 5.46673 0.00014988 273.07 20.756 5.4762
273.385 20.5995 5.48211 8.02602e-05 273.07 20.756 5.4762
273.179 21.0956 5.46904 0.00035129 273.07 20.756 5.4762
273.803 20.508 5.46118 2.61502e-11 273.07 20.756 5.4762
273.44 20.9008 5.48835 1.46195e-06 273.07 20.756 5.4762
273.217 21.0163 5.48118 0.00251628 273.07 20.756 5.4762
273.374 20.8285 5.48297 0.000415049 273.07 20.756 5.4762
272.958 20.7807 5.48342 0.0130203 273.07 20.756 5.4762
273.241 20.1737 5.46107 1.52866e-07 273.07 20.756 5.4762
272.967 21.4024 5.48246 2.38728e-09 273.07 20.756 5.4762
273.288 20.536 5.46225 0.00441182 273.07 20.756 5.4762
273.431 20.6891 5.4583 0.000147186 273.07 20.756 5.4762
273.432 20.6857 5.46145 0.000567226 273.07 20.756 5.4762
273.518 20.4967 5.4779 1.11577e-06 273.07 20.756 5.4762
273.637 20.6838 5.47206 8.32809e-07 273.07 20.756 5.4762
273.281 20.4679 5.45961 0.000694243 273.07 20.756 5.4762
273.33 20.7436 5.49021 6.98343e-06 273.07 20.756 5.4762
272.87 20.2477 5.46552 4.16496e-07 273.07 20.756 5.4762
272.939 20.6698 5.47005 0.0453495 273.07 20.756 5.4762
273.04 20.6297 5.48311 0.00626551 273.07 20.756 5.4762
273.666 20.9549 5.46563 1.78601e-08 273.07 20.756 5.4762
273.345 20.7914 5.47252 0.0177453 273.07 20.756 5.4762
273.515 20.3778 5.47388 2.30681e-07 273.07 20.756 5.4762
272.893 20.5572 5.45666 3.98434e-05 273.07 20.756 5.4762
273.603 20.4386 5.46922 1.53028e-07 273.07 20.756 5.4762
273.005 20.8221 5.48054 0.0512417 273.07 20.756 5.4762
273.483 20.9059 5.48353 6.08007e-06 273.07 20.756 5.4762
273.321 21.0262 5.45485 2.24112e-07 273.07 20.756 5.4762
273.654 20.1257 5.46009 2.62559e-13 273.07 20.756 5.4762
273.474 20.9637 5.48927 1.23607e-07 273.07 20.756 5.4762
273.429 20.7216 5.46893 0.00272067 273.07 20.756 5.4762
272.84 20.4163 5.48062 1.03881e-05 273.07 20.756 5.4762
273.588 20.7448 5.4725 8.36994e-06 273.07 20.756 5.4762
273.187 20.4989 5.46777 0.0157927 273.07 20.756 5.4762
273.102 20.5629 5.46604 0.0403668 273.07 20.756 5.4762
273.034 20.7481 5.48392 0.0145449 273.07 20.756 5.4762
273.01 20.7827 5.48271 0.0256017 273.07 20.756 5.4762
273.333 20.4036 5.47259 0.000142198 273.07 20.756 5.4762
273.242 20.2457 5.46312 4.16981e-06 273.07 20.756 5.4762
273.714 20.5126 5.46629 5.29834e-09 273.07 20.756 5.4762
273.487 20.8137 5.47545 0.000202605 273.07 20.756 5.4762
273.486 20.7542 5.47279 0.00039343 273.07 20.756 5.4762
273.252 20.5255 5.48147 0.000455692 273.07 20.756 5.4762
273.569 20.6117 5.46729 1.45002e-05 273.07 20.756 5.4762
273.769 20.6067 5.46352 7.67607e-10 273.07 20.756 5.4762
273.352 20.9113 5.45166 2.59839e-07 273.07 20.756 5.4762
273.334 20.6746 5.46675 0.0179277 273.07 20.756 5.4762
273.007 20.2295 5.4698 1.92935e-06 273.07 20.756 5.4762
273.495 20.8141 5.47369 0.000212246 273.07 20.756 5.4762
273.184 20.5173 5.46969 0.0237202 273.07 20.756 5.4762
273.243 20.284 5.46469 2.03749e-05 273.07 20.756 5.4762
273.139 20.4469 5.46865 0.00617032 273.07 20.756 5.4762
273.634 20.4188 5.4709 1.57713e-08 273.07 20.756 5.4762
273.804 20.7609 5.46348 1.14063e-10 273.07 20.756 5.4762
273.086 20.8982 5.47807 0.0684895 273.07 20.756 5.4762
273.226 20.8528 5.45965 0.0015266 273.07 20.756 5.4762
273.161 20.5241 5.46379 0.0144147 273.07 20.756 5.4762
272.923 20.6628 5.48938 0.000102647 273.07 20.756 5.4762
273.141 20.403 5.47928 0.00013236 273.07 20.756 5.4762
273.503 20.7437 5.46912 0.000276646 273.07 20.756 5.4762
272.895 20.7434 5.46828 0.0167221 273.07 20.756 5.4762
273.308 20.5956 5.46616 0.0152667 273.07 20.756 5.4762
272.423 20.4623 5.45767 1.68448e-14 273.07 20.756 5.4762
272.779 20.7132 5.46073 3.10635e-05 273.07 20.756 5.4762
273.003 20.8569 5.47138 0.0751668 273.07 20.756 5.4762
272.783 20.4325 5.46346 8.38135e-06 273.07 20.756 5.4762
273.487 21.1963 5.49501 6.61068e-12 273.07 20.756 5.4762
273.349 19.9432 5.48057 3.20749e-17 273.07 20.756 5.4762
273.067 20.9421 5.4528 7.13381e-07 273.07 20.756 5.4762
273.307 20.973 5.45839 2.18326e-05 273.07 20.756 5.4762
273.62 20.636 5.50036 7.13155e-17 273.07 20.756 5.4762
273.314 20.7307 5.4574 0.000677915 273.07 20.756 5.4762
273.264 20.4452 5.46064 0.000773988 273.07 20.756 5.4762
273.213 20.5976 5.46741 0.055565 273.07 20.756 5.4762
273 20.4871 5.47219 0.00798056 273.07 20.756 5.4762
273.625 21.2685 5.4736 8.80966e-12 273.07 20.756 5.4762
273.193 20.8019 5.47006 0.131398 273.07 20.756 5.4762
273.078 21.342 5.48837 1.81078e-08 273.07 20.756 5.4762
273.36 20.6076 5.48303 0.000104498 273.07 20.756 5.4762
273.424 20.4979 5.467 0.000339072 273.07 20.756 5.4762
273.325 20.9989 5.47416 0.0017239 273.07 20.756 5.4762
272.855 21.4695 5.4769 5.06282e-12 273.07 20.756 5.4762
273.228 20.6746 5.46801 0.0909519 273.07 20.756 5.4762
273.192 21.4217 5.47298 2.85643e-10 273.07 20.756 5.4762
273.466 21.1783 5.48607 1.3025e-08 273.07 20.756 5.4762
273.093 20.6773 5.48054 0.0374037 273.07 20.756 5.4762
