-28.9302 -82.9171 2.3707 0.00662593
-28.9856 -82.4831 2.36127 4.22727e-06
-28.3758 -83.3366 2.36412 2.02148e-05
-28.455 -83.2343 2.3632 0.000317017
-28.9702 -83.5808 2.36872 0.00236486
-28.7145 -83.1996 2.35094 1.4618e-05
-28.6002 -83.0707 2.37565 0.000694319
-29.0588 -83.2473 2.38408 4.74321e-06
-29.0473 -82.8381 2.37437 4.6975e-05
-29.6564 -82.647 2.37784 1.00028e-16
-28.7488 -83.6501 2.38124 9.88858e-05
-29.0889 -83.7276 2.37578 3.31785e-05
-28.8642 -83.3144 2.38783 6.41191e-07
-29.4864 -83.517 2.38408 2.12594e-10
-28.7614 -83.616 2.35911 3.60926e-06
-28.7838 -83.2272 2.37741 0.0053307
-29.0735 -82.4073 2.3651 2.33649e-08
-29.5792 -83.4273 2.37777 1.68102e-09
-29.553 -83.269 2.3644 9.37045e-07
-29.1664 -83.1164 2.37301 0.00254602
-29.0502 -83.2297 2.37631 0.0039263
-28.782 -83.2432 2.38292 7.47629e-05
-28.2757 -83.4056 2.366 7.12073e-07
-28.9056 -83.9896 2.36898 5.62122e-09
-29.1581 -83.6617 2.35183 2.01642e-10
-28.636 -83.0784 2.37096 0.0106712
-28.7547 -83.6691 2.37582 0.000411692
-29.5412 -83.2184 2.37691 1.24702e-08
-28.8283 -83.2929 2.373 0.0553412
-28.7403 -83.1921 2.36598 0.0906969
-28.9048 -83.0168 2.37307 0.00938802
-28.7777 -83.1438 2.36493 0.117454
-28.5631 -83.6255 2.38855 1.40857e-07
-28.8769 -83.2314 2.37367 0.0433552
-29.0924 -83.9597 2.36413 3.10018e-10
-28.8285 -83.6665 2.39107 3.04569e-08
-29.0114 -83.0641 2.35547 0.00944877
-29.0699 -82.7658 2.37824 9.34819e-08
-29.091 -83.2491 2.37919 0.000332293
-29.1678 -83.5171 2.38891 1.13328e-08
-28.9205 -82.8583 2.37938 1.56356e-06
-29.1672 -82.8475 2.37144 0.00011027
-29.0835 -83.3878 2.36922 0.0200632
-28.7505 -83.2459 2.36441 0.0632058
-28.7364 -83.1491 2.36342 0.0666427
-28.6796 -82.7298 2.37114 2.62221e-05
-29.0286 -83.3171 2.35536 0.000501193
-28.6156 -83.9572 2.3783 4.38167e-08
-28.742 -82.8735 2.35393 0.0011947
-28.7801 -83.1735 2.37763 0.00299974
-29.2601 -83.261 2.37787 4.28153e-05
-28.9784 -83.1225 2.36713 0.138664
-28.473 -83.2631 2.37307 0.000778093
-28.6764 -83.44 2.35698 2.55428e-05
-28.3249 -83.2915 2.37849 2.45255e-06
-28.9367 -83.4951 2.35512 7.88487e-06
-29.9347 -82.9888 2.3712 4.88969e-16
-28.9975 -83.5488 2.3722 0.00440005
-28.5163 -82.9065 2.36709 0.000471205
-29.0232 -83.2262 2.36501 0.101219
-29.2839 -83.2892 2.37661 6.51256e-05
-28.9174 -82.9597 2.35749 0.027705
-29.2319 -83.0989 2.34656 6.09162e-07
-28.9565 -82.9234 2.38295 1.06031e-07
-28.962 -83.4656 2.36821 0.0183503
-29.1486 -83.2706 2.3799 8.54517e-05
-28.6836 -82.6033 2.35232 9.27973e-06
-28.8138 -83.0704 2.35409 0.00258383
-29.2821 -82.8725 2.37163 1.74686e-05
-28.844 -83.5806 2.39096 4.71986e-08
-29.3304 -83.2882 2.35307 2.88615e-06
-28.6199 -83.6042 2.37888 0.000174536
-28.5548 -83.0217 2.3772 5.82584e-05
-29.5534 -83.093 2.36334 1.61167e-06
-28.8316 -84.1428 2.40324 3.7075e-18
-28.7236 -82.9101 2.37738 3.57752e-05
-29.3716 -83.2735 2.36507 0.000257594
-28.8785 -82.8397 2.38002 5.12167e-07
-28.5286 -82.9822 2.37745 1.48863e-05
-28.8335 -82.8425 2.37148 0.00100628
-29.2825 -82.4528 2.37351 2.58105e-12
-28.6489 -83.135 2.38602 2.61067e-07
-29.2688 -83.697 2.38109 2.81457e-07
-28.4468 -83.981 2.39908 3.98463e-15
-28.8444 -83.2211 2.38299 5.61784e-05
-29.0009 -83.2785 2.36581 0.0926363
-30.0311 -82.888 2.36465 1.60097e-17
-28.9897 -83.0025 2.37075 0.0178659
-28.5634 -82.7434 2.36399 0.000106472
-28.8877 -83.6885 2.37371 0.000423893
-29.3924 -83.2521 2.3853 5.4427e-10
-28.4679 -83.2784 2.37772 0.000121179
-28.649 -83.4399 2.3491 2.23305e-09
-28.7388 -83.8377 2.37118 2.85147e-06
-29.0371 -83.8175 2.3752 6.27372e-06
-28.336 -83.0402 2.36089 6.85824e-06
-28.4435 -83.2077 2.37742 5.76659e-05
-29.4169 -83.1009 2.37033 2.53278e-05
-28.8701 -83.9243 2.40916 1.50255e-21
-29.0154 -83.0008 2.36272 0.0787561
