46.168 -65.6755 3.95715 0.00105739 45.927 -65.921 3.9472
46.0927 -65.6395 3.93953 2.21364e-07 45.927 -65.921 3.9472
45.8155 -65.8164 3.95038 0.257901 45.927 -65.921 3.9472
45.5735 -65.8078 3.94672 0.00826724 45.927 -65.921 3.9472
46.1983 -66.3363 3.96468 5.85035e-13 45.927 -65.921 3.9472
46.0519 -65.668 3.93606 1.13819e-08 45.927 -65.921 3.9472
45.4999 -65.7065 3.94215 0.000123952 45.927 -65.921 3.9472
45.5541 -66.0921 3.95549 4.43101e-06 45.927 -65.921 3.9472
46.0182 -66.1717 3.94812 0.000147015 45.927 -65.921 3.9472
46.1033 -65.854 3.93434 1.4838e-09 45.927 -65.921 3.9472
46.012 -66.2532 3.95487 3.01909e-06 45.927 -65.921 3.9472
46.0542 -66.1131 3.95019 0.00058425 45.927 -65.921 3.9472
45.7192 -66.4723 3.94802 2.98427e-10 45.927 -65.921 3.9472
45.5556 -65.7329 3.93759 2.58895e-05 45.927 -65.921 3.9472
46.1447 -65.8272 3.93934 4.29963e-07 45.927 -65.921 3.9472
45.8903 -65.9019 3.9581 0.0155654 45.927 -65.921 3.9472
45.9486 -66.1635 3.94433 0.000174093 45.927 -65.921 3.9472
45.5476 -66.2387 3.94082 1.33975e-06 45.927 -65.921 3.9472
46.041 -65.761 3.93696 3.72068e-07 45.927 -65.921 3.9472
45.7741 -66.5216 3.95931 5.22871e-15 45.927 -65.921 3.9472
46.12 -66.1644 3.95311 2.42821e-05 45.927 -65.921 3.9472
46.08 -66.2126 3.97425 2.23693e-16 45.927 -65.921 3.9472
45.6146 -66.5666 3.94228 2.06263e-13 45.927 -65.921 3.9472
45.9709 -65.4055 3.95027 1.50508e-05 45.927 -65.921 3.9472
46.0083 -66.4204 3.95421 6.18303e-10 45.927 -65.921 3.9472
45.6851 -66.0734 3.93631 2.35178e-05 45.927 -65.921 3.9472
45.7067 -66.1649 3.9471 0.000612893 45.927 -65.921 3.9472
45.736 -66.1019 3.95901 1.61646e-05 45.927 -65.921 3.9472
45.8435 -65.8045 3.95631 0.0638038 45.927 -65.921 3.9472
46.2435 -66.4359 3.95181 1.20423e-12 45.927 -65.921 3.9472
46.1874 -66.3819 3.95471 1.1587e-10 45.927 -65.921 3.9472
45.907 -65.9498 3.95355 0.0741561 45.927 -65.921 3.9472
45.6643 -66.484 3.95491 1.01073e-12 45.927 -65.921 3.9472
45.8622 -66.315 3.95468 3.47594e-07 45.927 -65.921 3.9472
45.9504 -65.4499 3.9429 8.67819e-07 45.927 -65.921 3.9472
45.8882 -66.2222 3.94811 0.000129089 45.927 -65.921 3.9472
46.0544 -66.0576 3.96088 4.86062e-05 45.927 -65.921 3.9472
45.7678 -65.4091 3.95834 6.0355e-06 45.927 -65.921 3.9472
46.4371 -65.8531 3.93575 8.83378e-17 45.927 -65.921 3.9472
46.3935 -65.8967 3.93914 6.98268e-13 45.927 -65.921 3.9472
45.5106 -66.3824 3.96425 7.77684e-18 45.927 -65.921 3.9472
45.6495 -66.1174 3.9192 1.74518e-18 45.927 -65.921 3.9472
46.0874 -66.1557 3.9595 3.79337e-06 45.927 -65.921 3.9472
45.4292 -66.1279 3.93634 1.73903e-07 45.927 -65.921 3.9472
45.8105 -66.1139 3.9485 0.00534336 45.927 -65.921 3.9472
45.7901 -66.0731 3.94285 0.00333884 45.927 -65.921 3.9472
45.6902 -66.0157 3.94441 0.0117064 45.927 -65.921 3.9472
45.796 -65.844 3.96104 0.000916634 45.927 -65.921 3.9472
45.0463 -65.6773 3.96245 3.20415e-22 45.927 -65.921 3.9472
45.8499 -65.5641 3.96897 2.94268e-08 45.927 -65.921 3.9472
46.0073 -65.7236 3.94762 0.0163285 45.927 -65.921 3.9472
45.8186 -65.7501 3.95906 0.00844472 45.927 -65.921 3.9472
45.6695 -66.1381 3.955 4.14831e-05 45.927 -65.921 3.9472
45.5201 -66.0414 3.9374 1.60382e-05 45.927 -65.921 3.9472
45.9725 -66.181 3.9245 6.05976e-17 45.927 -65.921 3.9472
45.9026 -66.1197 3.92646 1.50697e-13 45.927 -65.921 3.9472
45.2329 -66.0863 3.93512 1.19981e-10 45.927 -65.921 3.9472
46.0608 -65.8393 3.94426 0.00132915 45.927 -65.921 3.9472
45.7089 -65.5587 3.92852 7.7159e-13 45.927 -65.921 3.9472
46.2742 -65.8559 3.9429 9.85414e-08 45.927 -65.921 3.9472
45.2944 -66.0916 3.93551 2.03497e-09 45.927 -65.921 3.9472
45.7883 -65.9303 3.95838 0.00364758 45.927 -65.921 3.9472
45.9358 -65.8361 3.95183 0.195953 45.927 -65.921 3.9472
45.3637 -65.6884 3.93487 6.89513e-09 45.927 -65.921 3.9472
45.6169 -66.4429 3.93939 2.06873e-10 45.927 -65.921 3.9472
45.7157 -66.6898 3.94201 5.00627e-17 45.927 -65.921 3.9472
45.8106 -66.2528 3.94957 3.9695e-05 45.927 -65.921 3.9472
45.5215 -65.8182 3.94041 0.000302151 45.927 -65.921 3.9472
45.6073 -66.1518 3.93604 2.21621e-06 45.927 -65.921 3.9472
46.273 -65.8331 3.95404 8.82791e-05 45.927 -65.921 3.9472
46.005 -65.6198 3.96378 0.000125015 45.927 -65.921 3.9472
45.5635 -66.2249 3.9596 5.38959e-10 45.927 -65.921 3.9472
45.8655 -65.8459 3.95543 0.0965276 45.927 -65.921 3.9472
45.2301 -66.1217 3.96306 1.08077e-18 45.927 -65.921 3.9472
45.5145 -65.7897 3.94098 0.000286611 45.927 -65.921 3.9472
45.8823 -65.9219 3.94308 0.015028 45.927 -65.921 3.9472
45.9618 -66.9533 3.94501 1.88852e-28 45.927 -65.921 3.9472
46.1038 -66.0574 3.96266 5.42441e-06 45.927 -65.921 3.9472
46.2451 -66.1667 3.95115 4.1269e-07 45.927 -65.921 3.9472
45.9232 -66.3158 3.94594 1.32514e-06 45.927 -65.921 3.9472
46.1314 -66.685 3.94768 7.21817e-19 45.927 -65.921 3.9472
46.1214 -66.1983 3.94128 7.49327e-08 45.927 -65.921 3.9472
45.7946 -66.1246 3.95863 2.95228e-05 45.927 -65.921 3.9472
45.936 -65.7572 3.95239 0.158762 45.927 -65.921 3.9472
45.6291 -65.7769 3.95233 0.0131438 45.927 -65.921 3.9472
45.5611 -65.9838 3.92981 9.53394e-09 45.927 -65.921 3.9472
46.094 -66.7455 3.94858 1.08584e-20 45.927 -65.921 3.9472
45.8146 -66.4101 3.95246 5.37421e-09 45.927 -65.921 3.9472
45.8099 -66.1423 3.95088 0.00174928 45.927 -65.921 3.9472
45.7369 -66.227 3.941 1.8187e-05 45.927 -65.921 3.9472
46.2908 -66.3366 3.95035 4.00269e-11 45.927 -65.921 3.9472
45.873 -65.5954 3.95585 0.0110418 45.927 -65.921 3.9472
45.8015 -66.0977 3.95632 0.000505311 45.927 -65.921 3.9472
45.9688 -66.1867 3.94455 6.64266e-05 45.927 -65.921 3.9472
46.1257 -65.7609 3.94044 1.99553e-06 45.927 -65.921 3.9472
45.336 -66.1736 3.93442 7.30706e-10 45.927 -65.921 3.9472
45.5028 -65.5601 3.96305 1.42989e-09 45.927 -65.921 3.9472
46.0201 -65.9467 3.95066 0.0325126 45.927 -65.921 3.9472
46.2374 -65.3888 3.94821 1.67482e-09 45.927 -65.921 3.9472
46.2436 -65.8258 3.92764 6.77493e-19 45.927 -65.921 3.9472
