279.773 3.7224 4.63927 0.000776986
279.851 3.57993 4.65633 0.00419289
279.662 3.35753 4.64984 0.0023664
280.027 3.48875 4.65176 0.0801497
280.27 3.77248 4.63802 9.45229e-08
279.903 3.47347 4.64915 0.112006
280.193 3.93876 4.67469 5.1441e-08
280.028 2.79323 4.67145 5.57426e-17
279.895 2.63794 4.63129 2.24334e-09
279.882 3.17399 4.64114 0.0585151
280.435 2.99024 4.64331 8.75651e-09
280.36 3.57242 4.6571 0.000459885
280.582 2.95481 4.68277 3.73303e-19
280.11 3.00396 4.6569 2.50524e-06
280.026 2.67906 4.65524 8.86455e-13
280.405 3.4781 4.65605 0.000194392
279.687 3.24748 4.66669 1.05242e-09
279.814 3.47645 4.64617 0.0964577
280.348 3.7525 4.65964 5.91425e-05
279.782 3.25949 4.63931 0.132619
280.363 3.35975 4.65844 0.000246406
280.08 3.30876 4.65498 0.0136213
279.742 3.2333 4.66986 1.23402e-10
279.629 2.72425 4.63281 9.73856e-08
280.126 3.74229 4.6436 0.000219343
279.81 3.75513 4.64074 0.000486982
280.264 3.21832 4.65525 0.000406267
280.058 3.07322 4.65868 1.08471e-05
279.532 2.76252 4.6574 4.64892e-16
279.859 3.06138 4.63818 0.00949238
280.474 2.87945 4.6636 8.25521e-13
280.308 3.25803 4.65234 0.000493871
280.081 3.22228 4.65589 0.00237898
280.278 3.33953 4.64593 0.00154074
280.024 2.77228 4.67011 7.82489e-17
280.346 3.4297 4.64613 0.000239412
280.387 3.38074 4.66486 3.23477e-05
280.2 3.6373 4.65446 0.0046965
280.082 2.58315 4.64608 4.06689e-13
279.815 3.70894 4.65208 0.00157717
279.806 3.74733 4.62802 2.42826e-06
280.299 3.57905 4.6711 2.19554e-05
280.314 3.57691 4.64364 7.46673e-05
280.316 3.86611 4.66097 7.81249e-06
280.182 3.66163 4.65646 0.00383554
280.065 3.64836 4.66316 0.00109522
279.638 2.74613 4.67445 1.16915e-25
280.137 3.18184 4.65967 0.000131634
280.851 3.73468 4.66563 1.1066e-12
279.991 3.40229 4.63994 0.105894
280.185 3.60102 4.65475 0.00866379
280.451 2.9708 4.67082 9.90719e-13
280.007 3.98396 4.67231 7.86801e-09
280.132 3.14083 4.65134 0.00130856
279.909 2.97489 4.63365 0.000840083
280.543 3.10918 4.64956 7.38832e-09
280.623 2.90512 4.64719 1.39627e-13
279.817 3.42608 4.66771 6.0085e-07
280.229 3.28072 4.67221 2.31483e-07
280.185 3.07471 4.65338 6.60271e-05
280.492 3.74887 4.65255 2.33163e-07
280.459 3.51744 4.63616 3.93279e-09
280.329 3.50212 4.63455 5.43187e-07
280.243 3.32927 4.64312 0.00203136
280.003 3.56416 4.65681 0.0169411
279.978 3.74674 4.65108 0.00264635
280.55 3.54061 4.6525 5.25217e-07
280.283 3.19495 4.67115 4.29292e-08
280.711 2.86733 4.65988 2.59679e-16
280.052 3.46521 4.62735 4.94477e-05
279.813 3.85606 4.6639 5.55979e-07
280.836 2.97375 4.67939 1.46391e-20
279.624 3.04535 4.65054 2.08332e-06
279.926 3.30664 4.64899 0.0810297
280.345 3.34711 4.66389 6.15745e-05
280.028 3.11516 4.64118 0.00852547
280.238 3.25272 4.65228 0.00202238
280.174 3.60478 4.65714 0.00744515
280.35 3.01778 4.63193 7.1622e-09
279.541 3.20684 4.63506 0.00606969
280.464 3.36167 4.66197 1.00739e-05
279.216 3.35637 4.64778 1.23205e-10
280.134 3.29115 4.65149 0.0175514
279.976 3.26669 4.65558 0.00546274
280.163 3.24748 4.63676 0.00149763
280.242 3.24336 4.66128 0.000115302
280.185 3.41217 4.63246 7.01097e-05
279.948 3.2634 4.66047 0.000248457
279.993 3.55933 4.64611 0.0668766
280.61 2.70558 4.65797 5.4461e-18
280.129 2.91828 4.66406 3.76122e-10
280.569 3.12151 4.66075 2.57117e-09
280.155 3.36524 4.65235 0.0240983
280.55 2.83632 4.66455 5.37645e-15
280.287 3.24339 4.63288 3.43728e-06
279.451 3.63955 4.64014 1.44619e-05
280.1 3.511 4.64811 0.0511996
280.011 3.5537 4.64468 0.055637
280.692 2.62678 4.65239 2.62195e-21
279.955 3.6991 4.64463 0.00520403
