3.20705 -94.8563 3.29674 1.19415e-12
2.12179 -94.8604 3.28066 1.5185e-07
2.51489 -94.9653 3.3005 6.54512e-16
2.5505 -94.9041 3.28258 3.69383e-06
2.47876 -95.0655 3.29228 8.05627e-13
2.82706 -94.6876 3.27396 0.00434073
2.57636 -94.6459 3.28926 6.34958e-06
2.52354 -94.8229 3.28032 0.000109432
2.74983 -94.7478 3.2931 3.75394e-08
2.51652 -94.8403 3.27704 0.00043463
1.84185 -94.8343 3.28479 1.09278e-12
2.84276 -95.0989 3.27125 4.9629e-07
2.01818 -94.6892 3.2639 0.00108633
2.65872 -95.2425 3.28289 3.16409e-11
2.15801 -94.703 3.28069 8.48591e-06
2.90571 -95.0058 3.28327 3.80568e-08
2.83317 -94.4027 3.27365 0.0354357
2.30638 -94.7312 3.26912 0.0138603
2.45224 -95.2608 3.28788 3.38e-14
2.38479 -94.7459 3.28406 1.21098e-05
3.30906 -94.6122 3.30914 8.85492e-17
2.73633 -94.2505 3.27809 0.0458278
2.6084 -95.5667 3.28716 3.81893e-20
2.85193 -94.6921 3.27207 0.00348339
2.51284 -94.0825 3.26719 0.0171914
2.65904 -94.5122 3.25989 0.0135289
2.32645 -94.8965 3.25972 0.00161244
2.34679 -95.125 3.26545 6.29112e-06
3.11345 -95.0341 3.27236 1.38311e-08
2.20944 -95.1474 3.28888 1.92387e-14
2.73544 -95.017 3.28687 5.40561e-09
2.68803 -95.182 3.2852 5.40522e-11
2.11012 -94.9394 3.27846 9.26515e-08
2.58557 -94.9162 3.28098 8.97063e-06
2.36771 -94.5076 3.28503 0.000174578
2.6452 -94.6957 3.27105 0.0275215
2.4822 -94.8139 3.27012 0.00708692
2.58681 -94.1009 3.29394 4.59175e-06
2.07912 -94.513 3.30606 1.96753e-19
2.75886 -94.5861 3.29592 6.21707e-08
2.26962 -94.3651 3.28614 4.13568e-05
2.11003 -94.6483 3.28493 1.86317e-07
2.34446 -94.7889 3.28701 1.9264e-07
2.32783 -94.2272 3.28732 5.63818e-05
1.87411 -94.6944 3.25845 6.9356e-05
2.76001 -95.0772 3.27122 2.7037e-06
2.76504 -94.3061 3.28113 0.0200466
2.51566 -94.9378 3.27799 2.47335e-05
2.64782 -94.2951 3.28445 0.00652202
2.60689 -94.9451 3.25568 6.15394e-05
2.89246 -94.4631 3.28341 0.00174932
2.2501 -94.6704 3.26433 0.0300332
2.73964 -94.9546 3.26496 0.000117992
2.25024 -94.0704 3.27866 0.000865685
2.59 -94.7766 3.26933 0.0129698
2.22653 -94.4701 3.26865 0.0556717
2.4309 -95.4197 3.29686 4.11303e-23
2.21518 -94.8223 3.27137 0.000570272
1.93709 -94.7053 3.27963 6.56416e-08
2.45344 -94.7896 3.27098 0.00850422
2.73184 -94.5631 3.27121 0.0560056
2.76534 -94.5426 3.27985 0.010028
2.07647 -94.9356 3.28435 2.03835e-10
2.10865 -94.8741 3.29588 1.35428e-15
2.49528 -94.7901 3.25528 0.00148114
2.3655 -95.263 3.27379 2.38089e-09
2.42578 -95.3201 3.28934 2.73833e-16
2.49527 -94.2208 3.27467 0.101171
2.28294 -94.5592 3.27533 0.0107835
2.86234 -94.3948 3.27821 0.016317
2.82669 -94.3281 3.28535 0.00249223
3.02007 -94.9562 3.28514 1.26894e-08
2.23708 -93.9775 3.27681 0.000353509
2.5612 -94.821 3.27337 0.0028565
2.54598 -94.8575 3.26918 0.00354398
2.56618 -94.5163 3.26508 0.14542
2.46212 -94.9803 3.26502 0.000414664
2.32598 -94.4521 3.25792 0.0296908
2.18844 -94.5228 3.29357 8.2639e-10
2.32862 -94.911 3.27181 0.000269507
2.08549 -94.3538 3.27607 0.000620201
2.34831 -94.6158 3.28651 9.57424e-06
2.65511 -94.6105 3.26198 0.0223457
1.89732 -95.1971 3.26848 1.73241e-10
2.93714 -95.3514 3.28387 2.08858e-14
1.95392 -94.3432 3.27688 1.50657e-05
2.58193 -94.5479 3.29026 1.3064e-05
2.66219 -95.1938 3.27652 1.52955e-08
2.65062 -94.8321 3.3015 7.25535e-14
2.79481 -94.546 3.25153 5.96737e-06
2.44049 -94.1263 3.28504 0.00082565
3.03562 -94.8411 3.29139 3.09653e-09
2.6352 -94.5802 3.26659 0.0879504
2.3738 -95.0398 3.26935 3.30503e-05
2.75882 -94.5949 3.27916 0.0075841
2.54498 -94.4958 3.26573 0.186875
2.93235 -94.4136 3.28094 0.00343965
2.76293 -94.5564 3.29125 8.70741e-06
2.59106 -94.5598 3.29168 3.15974e-06
2.73193 -94.5568 3.28622 0.000389907
