183.778 -10.5003 3.19822 1.28896e-07 183.52 -10.209 3.1944
183.021 -10.2714 3.19575 7.68813e-09 183.52 -10.209 3.1944
182.924 -10.4918 3.17587 3.60161e-08 183.52 -10.209 3.1944
183.806 -10.9231 3.17538 1.50793e-23 183.52 -10.209 3.1944
183.209 -10.1137 3.17001 8.65614e-08 183.52 -10.209 3.1944
183.718 -11.0949 3.18928 4.78454e-23 183.52 -10.209 3.1944
183.63 -9.2164 3.19608 2.01476e-14 183.52 -10.209 3.1944
183.678 -9.98092 3.19472 0.0677839 183.52 -10.209 3.1944
182.849 -10.0219 3.18174 2.91037e-06 183.52 -10.209 3.1944
183.464 -10.3727 3.18451 0.00377738 183.52 -10.209 3.1944
183.306 -9.89661 3.17814 0.000367764 183.52 -10.209 3.1944
183.621 -10.5753 3.18165 3.69209e-08 183.52 -10.209 3.1944
183.169 -9.97062 3.19719 8.95882e-06 183.52 -10.209 3.1944
183.398 -10.122 3.17785 0.00101823 183.52 -10.209 3.1944
183.808 -11.1825 3.21474 4.67332e-44 183.52 -10.209 3.1944
183.419 -10.1662 3.21388 1.02713e-17 183.52 -10.209 3.1944
183.893 -10.7173 3.20049 2.22917e-14 183.52 -10.209 3.1944
182.988 -10.3467 3.2026 1.5643e-16 183.52 -10.209 3.1944
183.542 -9.93287 3.17694 2.78361e-06 183.52 -10.209 3.1944
183.42 -10.0547 3.20467 2.16331e-07 183.52 -10.209 3.1944
183.98 -9.54822 3.19521 1.97303e-09 183.52 -10.209 3.1944
182.692 -10.2155 3.19686 1.73175e-18 183.52 -10.209 3.1944
183.617 -10.6718 3.18951 9.37433e-09 183.52 -10.209 3.1944
183.386 -10.2721 3.17443 5.26234e-06 183.52 -10.209 3.1944
182.956 -10.3782 3.19267 1.76382e-09 183.52 -10.209 3.1944
183.684 -9.99423 3.17027 2.17082e-14 183.52 -10.209 3.1944
183.647 -10.2676 3.18942 0.0154665 183.52 -10.209 3.1944
183.09 -10.159 3.19663 3.47205e-07 183.52 -10.209 3.1944
183.723 -10.5832 3.17669 1.25358e-12 183.52 -10.209 3.1944
183.998 -9.98476 3.18375 8.93588e-10 183.52 -10.209 3.1944
184.016 -10.0067 3.196 1.47419e-05 183.52 -10.209 3.1944
183.704 -10.0906 3.19741 0.0155834 183.52 -10.209 3.1944
183.247 -10.042 3.20963 3.31124e-15 183.52 -10.209 3.1944
183.086 -10.3617 3.18561 0.000173738 183.52 -10.209 3.1944
183.306 -10.7881 3.20475 8.03992e-22 183.52 -10.209 3.1944
183.809 -10.1495 3.18418 2.17062e-05 183.52 -10.209 3.1944
183.894 -9.90382 3.20165 7.95796e-05 183.52 -10.209 3.1944
183.165 -10.4355 3.18378 0.000173813 183.52 -10.209 3.1944
183.287 -10.3682 3.1963 6.10958e-06 183.52 -10.209 3.1944
183.88 -9.9793 3.18136 1.13318e-08 183.52 -10.209 3.1944
183.349 -10.6892 3.16325 2.25465e-20 183.52 -10.209 3.1944
183.795 -10.5247 3.19944 1.27031e-08 183.52 -10.209 3.1944
183.678 -10.5898 3.19755 8.80166e-09 183.52 -10.209 3.1944
183.661 -10.5082 3.1955 2.12762e-06 183.52 -10.209 3.1944
184.009 -10.4192 3.17081 8.23987e-24 183.52 -10.209 3.1944
183.321 -9.58514 3.18734 9.23166e-06 183.52 -10.209 3.1944
183.319 -10.8073 3.17437 7.02651e-14 183.52 -10.209 3.1944
184.021 -10.252 3.20598 5.60348e-09 183.52 -10.209 3.1944
183.586 -10.0162 3.2079 3.1275e-08 183.52 -10.209 3.1944
183.118 -10.548 3.18666 4.9647e-07 183.52 -10.209 3.1944
184.263 -10.2044 3.2051 8.3013e-12 183.52 -10.209 3.1944
184.112 -9.21921 3.16756 1.50199e-48 183.52 -10.209 3.1944
184.09 -9.89536 3.21133 6.85475e-11 183.52 -10.209 3.1944
183.443 -9.77621 3.18831 0.013161 183.52 -10.209 3.1944
183.003 -10.3219 3.18452 5.51212e-05 183.52 -10.209 3.1944
183.335 -10.7134 3.17895 7.55506e-10 183.52 -10.209 3.1944
183.231 -10.3769 3.18414 0.00228869 183.52 -10.209 3.1944
183.848 -10.0767 3.19712 0.00203493 183.52 -10.209 3.1944
183.339 -10.3592 3.19793 3.64749e-06 183.52 -10.209 3.1944
183.376 -10.3114 3.19634 0.000213955 183.52 -10.209 3.1944
183.026 -10.4067 3.18809 2.00889e-06 183.52 -10.209 3.1944
183.828 -10.7518 3.20266 5.78791e-16 183.52 -10.209 3.1944
183.306 -10.0708 3.18609 0.264368 183.52 -10.209 3.1944
183.52 -10.2466 3.19715 0.00269689 183.52 -10.209 3.1944
183.521 -10.3214 3.21573 2.40726e-20 183.52 -10.209 3.1944
183.769 -10.2043 3.19926 0.000600126 183.52 -10.209 3.1944
183.73 -9.91552 3.17886 6.93791e-08 183.52 -10.209 3.1944
183.68 -10.1788 3.19301 0.0400656 183.52 -10.209 3.1944
183.917 -11.1216 3.19115 8.10192e-27 183.52 -10.209 3.1944
183.179 -9.78866 3.18258 0.000518279 183.52 -10.209 3.1944
183.225 -10.1428 3.19086 0.0172658 183.52 -10.209 3.1944
183.873 -10.8858 3.18677 4.96832e-18 183.52 -10.209 3.1944
183.66 -10.3512 3.18586 0.000509 183.52 -10.209 3.1944
182.85 -9.73315 3.17957 7.47715e-09 183.52 -10.209 3.1944
183.672 -10.2645 3.18943 0.0103236 183.52 -10.209 3.1944
183.528 -10.5866 3.20116 8.55158e-11 183.52 -10.209 3.1944
183.896 -10.956 3.19735 5.53338e-21 183.52 -10.209 3.1944
183.208 -10.2292 3.19243 0.00121397 183.52 -10.209 3.1944
183.844 -9.79577 3.19286 0.000203674 183.52 -10.209 3.1944
183.728 -9.77385 3.17651 2.96812e-11 183.52 -10.209 3.1944
183.339 -10.2619 3.16657 5.26123e-12 183.52 -10.209 3.1944
183.965 -10.0817 3.18135 2.04964e-10 183.52 -10.209 3.1944
183.859 -10.1897 3.19245 0.000626035 183.52 -10.209 3.1944
183.494 -9.87061 3.19827 0.00365702 183.52 -10.209 3.1944
183.866 -10.2002 3.20063 5.67255e-05 183.52 -10.209 3.1944
183.5 -10.2625 3.20566 7.85763e-09 183.52 -10.209 3.1944
184.363 -10.8354 3.19433 7.94685e-27 183.52 -10.209 3.1944
183.311 -10.4546 3.20713 7.9218e-16 183.52 -10.209 3.1944
183.369 -10.2374 3.1955 0.00233923 183.52 -10.209 3.1944
183.703 -10.4259 3.17612 2.27785e-10 183.52 -10.209 3.1944
182.975 -10.1585 3.20011 1.60511e-12 183.52 -10.209 3.1944
183.932 -10.0193 3.19114 6.78363e-05 183.52 -10.209 3.1944
184.185 -10.3513 3.19909 5.98192e-11 183.52 -10.209 3.1944
183.161 -10.5805 3.21845 8.86207e-39 183.52 -10.209 3.1944
183.407 -10.0443 3.18884 0.501088 183.52 -10.209 3.1944
182.87 -10.1291 3.1991 2.38374e-14 183.52 -10.209 3.1944
183.738 -10.8477 3.19169 1.27027e-14 183.52 -10.209 3.1944
183.76 -10.2372 3.18175 3.77991e-06 183.52 -10.209 3.1944
183.214 -10.3339 3.1989 3.84293e-08 183.52 -10.209 3.1944
183.592 -9.9433 3.18619 0.0321369 183.52 -10.209 3.1944
