276.414 14.5575 5.10153 2.66219e-14
276.798 14.1131 5.10459 0.00130533
275.995 14.7989 5.11903 3.62544e-33
277.131 14.6639 5.09034 5.35001e-11
276.92 14.8096 5.10115 2.24482e-10
276.59 14.1868 5.12044 1.02092e-09
277.254 13.9065 5.11573 7.47491e-05
277.169 13.7771 5.11512 7.29887e-07
276.441 14.3133 5.12401 2.86427e-14
276.657 14.2407 5.11423 1.85758e-06
276.511 13.9474 5.10729 2.00929e-10
276.273 14.0437 5.10186 5.21946e-16
276.468 13.9791 5.11027 1.006e-11
276.141 14.0452 5.10841 1.89768e-21
276.988 14.4333 5.10872 0.0260921
277.219 14.2137 5.0995 0.0500625
277.136 14.2189 5.10107 0.131093
277.133 14.6345 5.11033 0.000702148
276.944 14.1816 5.10057 0.0280053
276.778 14.5958 5.08556 5.30687e-14
276.995 14.5386 5.12372 0.000244329
277.014 14.0051 5.1124 0.00440136
277.1 13.6478 5.08656 5.69276e-08
277.054 14.4372 5.09933 0.00165942
276.737 15.0332 5.13844 1.76203e-18
277.459 14.3914 5.10676 0.00144257
276.889 14.7353 5.1105 6.97164e-07
276.657 14.504 5.1099 4.17284e-07
277.227 13.9794 5.09226 0.000758755
277.396 14.5946 5.11089 0.000227368
276.985 14.2251 5.09441 0.00214226
277.228 14.3206 5.10154 0.0408927
277.241 14.6079 5.12384 0.000380867
277.281 14.2521 5.12149 0.00490468
276.588 14.0367 5.12391 1.08641e-12
276.822 14.111 5.09591 0.000429768
276.571 14.3063 5.10001 4.34063e-08
276.854 15.0001 5.13166 8.69469e-14
277.018 14.888 5.09657 7.63194e-14
276.481 14.4327 5.13028 1.48229e-15
277.002 14.4615 5.10251 0.00296985
277.107 14.2325 5.12331 0.00121894
277.266 14.6395 5.12664 4.77994e-05
277.297 13.8484 5.11144 6.03284e-05
276.666 14.2943 5.11177 6.62607e-06
276.638 13.7498 5.09406 1.7765e-09
277.091 13.7485 5.10696 1.58583e-05
277.275 14.5435 5.10954 0.00466022
277.342 13.8811 5.10239 0.00059673
277.229 14.3404 5.12122 0.0137033
276.732 14.8003 5.11128 3.63128e-10
277.023 14.1076 5.11048 0.06545
276.707 14.3994 5.11798 3.08821e-06
276.659 14.275 5.11552 1.37188e-06
277.111 14.4192 5.12223 0.00624608
277.078 13.842 5.10873 0.000286454
277.082 14.3581 5.12939 1.99565e-05
277.241 14.7602 5.13338 4.80226e-08
276.667 14.9122 5.1072 1.27816e-14
276.73 14.6197 5.09694 7.58458e-10
277.245 14.1248 5.0936 0.00219686
276.872 14.3947 5.10349 0.00189225
276.82 14.7509 5.11217 8.17197e-08
276.535 14.9287 5.09713 3.78299e-21
276.472 14.3854 5.1004 6.31171e-11
277.098 14.3065 5.10054 0.0472286
276.508 14.8194 5.0942 7.19474e-20
277.015 14.1116 5.12522 7.02074e-06
276.906 15.0129 5.13362 7.06689e-14
277.355 14.3219 5.13182 9.73e-07
276.204 13.9129 5.11064 5.67507e-21
276.697 13.9535 5.10807 1.49876e-06
276.809 14.1545 5.12183 2.38954e-06
277.07 14.4992 5.09874 0.000208265
276.955 14.383 5.10847 0.0317351
277.084 13.9369 5.11415 0.000547147
276.963 14.1673 5.10662 0.0830495
276.508 14.594 5.10783 1.57354e-11
276.679 14.7665 5.12471 3.59903e-11
276.994 14.2759 5.0992 0.0180968
277.475 13.9225 5.11085 2.48904e-05
276.671 14.2772 5.11431 3.87349e-06
276.661 14.2498 5.09364 2.66521e-07
276.65 14.2635 5.09952 2.33084e-06
277.173 14.2716 5.12278 0.00375489
277.401 14.1956 5.11749 0.00378781
277.016 15.089 5.104 5.55877e-17
276.393 14.4511 5.1228 2.87858e-15
276.83 14.9283 5.09463 1.96536e-17
276.574 14.4822 5.11705 3.55213e-09
277.074 14.3443 5.11071 0.210254
276.677 14.3995 5.10245 2.38832e-06
277.082 14.7707 5.11742 9.0847e-06
276.213 14.3315 5.11879 4.96659e-20
276.409 14.3821 5.09803 5.9241e-13
276.917 14.7129 5.11301 5.35001e-06
277.116 14.2816 5.1034 0.1773
276.228 13.7729 5.1067 3.15394e-21
276.527 13.9254 5.09235 3.39613e-10
276.925 14.3046 5.10533 0.0297784
