136.801 -16.6671 3.37837 0.0670261
136.739 -16.7083 3.37319 0.027632
136.636 -16.5102 3.38672 0.00249367
136.565 -16.0158 3.37463 6.07448e-11
137.155 -16.4685 3.38143 2.82798e-06
137.075 -16.5208 3.39485 5.26752e-07
136.151 -16.7172 3.37455 0.000312417
136.771 -16.7891 3.37977 0.177836
136.296 -16.9056 3.37679 0.00951449
136.651 -16.7498 3.37364 0.100491
137.048 -16.1964 3.36186 1.20541e-18
137.004 -15.9713 3.3746 1.24789e-14
137.19 -15.9217 3.36635 3.29089e-24
137.075 -16.4792 3.39571 1.33891e-07
136.538 -15.9194 3.36511 1.03608e-17
136.602 -16.7487 3.38048 0.238665
136.381 -16.8439 3.38372 0.00327743
136.727 -16.5494 3.35621 2.23265e-13
137.275 -16.021 3.3759 3.44654e-17
136.916 -17.1041 3.36217 2.30059e-09
136.7 -15.5891 3.37372 3.40639e-24
136.746 -16.881 3.39348 1.38793e-05
136.603 -16.429 3.38598 0.000669245
135.862 -16.5707 3.36495 1.21414e-10
136.673 -16.9115 3.37082 0.021377
136.474 -16.0877 3.36928 3.34574e-11
137.085 -16.3868 3.36676 4.25476e-12
136.596 -16.4572 3.38321 0.00375231
136.745 -17.1149 3.37039 0.000812752
136.226 -16.5132 3.38665 7.61519e-07
137.04 -16.3956 3.36854 4.23938e-10
136.779 -16.4801 3.35591 3.74959e-15
136.857 -16.6448 3.36212 4.22486e-09
137.266 -15.6024 3.36358 6.54136e-39
136.853 -16.9647 3.36814 9.44896e-05
136.742 -16.3075 3.37505 1.39064e-05
136.504 -16.6944 3.37649 0.136331
136.63 -16.4404 3.36892 2.08378e-05
136.518 -16.372 3.36563 1.28176e-07
136.527 -16.4912 3.36518 2.75564e-06
136.562 -16.3742 3.38074 0.000677037
136.964 -16.5485 3.3818 0.00190603
137.286 -16.0746 3.39569 2.05403e-14
136.342 -16.8283 3.37409 0.0310136
136.629 -16.4327 3.37947 0.00395221
136.64 -15.7371 3.38228 4.07394e-17
136.59 -16.5259 3.36232 9.00485e-08
136.706 -16.4562 3.37849 0.00514678
136.548 -16.9125 3.3529 2.14891e-12
136.801 -15.8004 3.38122 1.31152e-15
136.3 -16.5185 3.37657 0.000758705
136.831 -16.4379 3.38797 0.000361195
136.758 -15.5894 3.39944 2.69501e-25
137.11 -16.5022 3.37377 2.45806e-07
136.657 -16.3902 3.37982 0.00136448
136.268 -16.6895 3.36584 8.71832e-05
136.124 -16.2316 3.38738 8.19645e-12
137.001 -15.8687 3.37882 1.04008e-15
136.859 -15.8644 3.35966 2.96638e-26
136.482 -15.8163 3.38727 6.82608e-16
136.427 -16.2713 3.37952 7.38403e-06
136.462 -15.553 3.3663 4.2034e-29
136.566 -15.8609 3.3734 2.51634e-15
136.173 -16.9811 3.37689 0.00022592
136.319 -16.5708 3.37289 0.00163972
137.105 -16.3765 3.38201 1.73662e-06
136.79 -16.1468 3.37324 3.11619e-09
137.284 -16.3252 3.37224 1.84528e-13
136.038 -16.2496 3.39827 2.09956e-20
136.55 -16.334 3.38341 0.00011614
136.961 -17.018 3.37478 0.000547925
136.337 -15.7594 3.37971 4.51193e-18
136.729 -16.581 3.37343 0.00700384
136.353 -16.8959 3.36046 2.74522e-06
137.052 -16.1063 3.36975 1.07558e-14
136.832 -16.3023 3.3973 3.73865e-09
135.934 -16.2562 3.3627 9.41086e-15
136.654 -16.6641 3.38684 0.0128541
136.704 -16.3093 3.37828 8.15167e-05
136.397 -16.1145 3.38357 4.23939e-09
136.592 -16.3849 3.36876 4.30726e-06
136.783 -16.8736 3.37093 0.00612531
136.94 -16.4631 3.37732 0.000175042
136.27 -16.7809 3.38169 0.00106354
136.593 -15.9983 3.3726 5.24845e-12
136.561 -16.8038 3.38473 0.0305338
136.612 -16.865 3.37244 0.0894948
137.068 -17.1739 3.38306 4.48438e-06
136.425 -16.8825 3.35364 3.52707e-11
136.994 -16.7494 3.38768 0.00133225
137.584 -16.8096 3.39292 1.22182e-13
136.725 -16.4375 3.36774 1.77644e-06
136.574 -16.5179 3.38985 0.000134165
136.715 -16.4572 3.37598 0.00230288
136.417 -15.932 3.35829 3.30563e-22
136.564 -16.4966 3.37687 0.0107381
136.341 -16.3868 3.36648 3.21947e-07
136.617 -16.4552 3.3592 4.84925e-11
136.81 -16.3205 3.36808 1.22699e-08
137.15 -17.0455 3.38978 5.2196e-07
