68.0084 -44.4779 3.82355 0.00244648 67.705 -44.216 3.8229
67.8157 -44.4745 3.83477 1.28785e-07 67.705 -44.216 3.8229
67.4007 -44.8761 3.8208 1.81922e-11 67.705 -44.216 3.8229
67.8137 -44.4824 3.82452 0.0127847 67.705 -44.216 3.8229
67.2808 -44.1893 3.82932 1.24308e-08 67.705 -44.216 3.8229
67.4627 -44.1861 3.82808 9.65185e-05 67.705 -44.216 3.8229
67.6659 -43.8764 3.82676 9.27995e-05 67.705 -44.216 3.8229
67.1265 -44.2911 3.825 3.03947e-11 67.705 -44.216 3.8229
67.273 -44.5721 3.83618 2.69559e-17 67.705 -44.216 3.8229
67.6588 -43.9095 3.815 3.30756e-06 67.705 -44.216 3.8229
68.1087 -44.157 3.82758 0.000410721 67.705 -44.216 3.8229
67.4412 -43.6446 3.81411 1.68132e-15 67.705 -44.216 3.8229
67.4917 -44.6619 3.81263 0.000112697 67.705 -44.216 3.8229
67.8046 -44.5655 3.82974 5.9556e-06 67.705 -44.216 3.8229
67.3769 -43.9721 3.82232 9.38029e-07 67.705 -44.216 3.8229
68.0277 -44.3175 3.82326 0.0157429 67.705 -44.216 3.8229
67.8911 -44.2707 3.83297 0.000206398 67.705 -44.216 3.8229
67.4204 -44.442 3.83454 1.39227e-10 67.705 -44.216 3.8229
68.1655 -43.899 3.81872 2.81006e-08 67.705 -44.216 3.8229
67.82 -44.4358 3.81449 0.142695 67.705 -44.216 3.8229
67.5808 -44.0547 3.80242 3.58361e-11 67.705 -44.216 3.8229
68.3352 -44.6116 3.81871 1.07012e-09 67.705 -44.216 3.8229
67.7905 -44.4914 3.81772 0.136942 67.705 -44.216 3.8229
67.7898 -44.1948 3.81076 0.00176933 67.705 -44.216 3.8229
67.3152 -43.8439 3.83264 3.13917e-11 67.705 -44.216 3.8229
67.508 -44.0164 3.82041 0.000230051 67.705 -44.216 3.8229
67.7518 -44.6744 3.82299 7.85493e-05 67.705 -44.216 3.8229
67.5826 -43.9112 3.81707 6.32202e-06 67.705 -44.216 3.8229
67.4652 -43.9268 3.81548 2.34596e-07 67.705 -44.216 3.8229
67.4955 -44.4606 3.81266 0.00300216 67.705 -44.216 3.8229
67.5667 -44.2506 3.81688 0.0347986 67.705 -44.216 3.8229
67.6264 -44.2282 3.81253 0.00829189 67.705 -44.216 3.8229
67.899 -44.3361 3.8385 1.65083e-08 67.705 -44.216 3.8229
67.3136 -44.009 3.82528 1.03231e-07 67.705 -44.216 3.8229
67.9463 -44.8626 3.83259 1.97449e-15 67.705 -44.216 3.8229
67.3815 -44.0224 3.81077 1.16615e-08 67.705 -44.216 3.8229
67.9866 -44.4543 3.84045 2.84816e-12 67.705 -44.216 3.8229
67.6012 -44.3078 3.82996 0.000416231 67.705 -44.216 3.8229
67.5184 -44.5868 3.82412 2.10311e-05 67.705 -44.216 3.8229
67.1466 -44.1789 3.82325 2.44737e-10 67.705 -44.216 3.8229
67.0592 -44.0846 3.82252 2.1403e-13 67.705 -44.216 3.8229
68.1322 -44.4293 3.81009 8.98866e-06 67.705 -44.216 3.8229
67.7726 -44.1252 3.83649 9.53197e-06 67.705 -44.216 3.8229
68.387 -44.7094 3.83434 5.80829e-19 67.705 -44.216 3.8229
67.6107 -44.4652 3.8457 7.28122e-19 67.705 -44.216 3.8229
67.8251 -44.1294 3.83261 0.000932824 67.705 -44.216 3.8229
67.6142 -43.759 3.84666 4.5271e-15 67.705 -44.216 3.8229
67.6124 -43.3421 3.81371 8.31322e-26 67.705 -44.216 3.8229
67.1983 -44.7658 3.83002 1.40199e-18 67.705 -44.216 3.8229
67.2779 -44.4417 3.82914 4.71005e-10 67.705 -44.216 3.8229
67.4368 -44.5598 3.82482 2.05263e-06 67.705 -44.216 3.8229
68.0207 -44.2513 3.83738 1.59681e-07 67.705 -44.216 3.8229
67.75 -43.9515 3.83556 9.1635e-06 67.705 -44.216 3.8229
67.8002 -43.7246 3.83319 1.28952e-07 67.705 -44.216 3.8229
67.1338 -44.0668 3.84298 2.72287e-21 67.705 -44.216 3.8229
67.7924 -43.9688 3.84547 6.04607e-12 67.705 -44.216 3.8229
67.4676 -44.3513 3.81555 0.00390551 67.705 -44.216 3.8229
67.6791 -43.9971 3.82822 0.00192601 67.705 -44.216 3.8229
66.9473 -44.7713 3.81832 5.0699e-20 67.705 -44.216 3.8229
67.31 -43.6155 3.81968 3.28587e-16 67.705 -44.216 3.8229
67.6445 -43.6609 3.83151 3.04608e-09 67.705 -44.216 3.8229
67.6669 -44.137 3.8383 1.89859e-07 67.705 -44.216 3.8229
67.2043 -44.1157 3.81737 4.48809e-09 67.705 -44.216 3.8229
67.7556 -44.0171 3.79966 3.49871e-14 67.705 -44.216 3.8229
67.8658 -44.1181 3.82377 0.0786464 67.705 -44.216 3.8229
67.5829 -44.5239 3.82866 7.67777e-06 67.705 -44.216 3.8229
67.3763 -44.3785 3.85078 2.70905e-27 67.705 -44.216 3.8229
67.8441 -43.9921 3.82877 0.00294128 67.705 -44.216 3.8229
67.6935 -43.7922 3.80148 9.38465e-19 67.705 -44.216 3.8229
68.166 -44.7548 3.83314 6.05142e-15 67.705 -44.216 3.8229
67.6349 -43.9862 3.83281 4.28216e-05 67.705 -44.216 3.8229
68.0246 -44.1753 3.80053 2.54243e-12 67.705 -44.216 3.8229
67.6085 -43.9942 3.83338 1.69739e-05 67.705 -44.216 3.8229
67.7197 -44.5231 3.8366 4.02417e-10 67.705 -44.216 3.8229
68.1266 -44.7412 3.81788 2.05389e-07 67.705 -44.216 3.8229
67.8253 -44.6368 3.83288 2.55291e-09 67.705 -44.216 3.8229
67.8786 -44.1761 3.83176 0.0016851 67.705 -44.216 3.8229
67.3135 -44.9438 3.81256 3.07224e-12 67.705 -44.216 3.8229
67.7781 -43.8575 3.82918 7.52556e-05 67.705 -44.216 3.8229
67.6004 -43.8648 3.83713 3.31322e-08 67.705 -44.216 3.8229
67.9391 -43.98 3.83199 0.000202415 67.705 -44.216 3.8229
67.8467 -44.1308 3.81955 0.0788568 67.705 -44.216 3.8229
67.8353 -44.1848 3.8049 5.66864e-07 67.705 -44.216 3.8229
67.2266 -44.4107 3.82503 3.83125e-09 67.705 -44.216 3.8229
67.8162 -44.1822 3.82787 0.0390696 67.705 -44.216 3.8229
67.6866 -44.4378 3.80816 0.00374481 67.705 -44.216 3.8229
68.376 -44.3596 3.83458 1.77273e-12 67.705 -44.216 3.8229
67.4572 -44.5052 3.82281 9.43875e-05 67.705 -44.216 3.8229
67.7197 -44.2707 3.82448 0.15806 67.705 -44.216 3.8229
67.8751 -44.1476 3.8362 1.40425e-05 67.705 -44.216 3.8229
67.7871 -44.5956 3.8304 7.00399e-07 67.705 -44.216 3.8229
67.6649 -44.3333 3.82017 0.262913 67.705 -44.216 3.8229
67.8211 -43.9391 3.81921 0.000376036 67.705 -44.216 3.8229
67.4083 -44.4949 3.81604 0.000246672 67.705 -44.216 3.8229
67.8346 -44.7879 3.8292 1.99284e-10 67.705 -44.216 3.8229
67.4796 -44.4107 3.81557 0.00502878 67.705 -44.216 3.8229
68.1142 -44.2413 3.81809 0.000873386 67.705 -44.216 3.8229
67.9998 -45.1989 3.82057 1.12468e-19 67.705 -44.216 3.8229
67.7249 -44.1687 3.83379 0.000153409 67.705 -44.216 3.8229
67.3838 -43.8384 3.82912 4.89958e-09 67.705 -44.216 3.8229
