14.7804 7.36349 0.229006 1.44685e-06 15.282 7.7246 0.21963
15.1965 7.78071 0.230536 0.0305983 15.282 7.7246 0.21963
15.2768 7.99281 0.214777 0.0249665 15.282 7.7246 0.21963
15.5972 7.25153 0.217889 1.48454e-10 15.282 7.7246 0.21963
15.1609 6.97997 0.231725 1.96596e-16 15.282 7.7246 0.21963
15.0001 7.86527 0.208691 2.79512e-09 15.282 7.7246 0.21963
14.9475 7.63032 0.223451 0.0491074 15.282 7.7246 0.21963
15.2659 7.59697 0.228091 0.0217021 15.282 7.7246 0.21963
15.4944 7.68241 0.22169 0.0120509 15.282 7.7246 0.21963
14.6394 7.31016 0.21638 5.16187e-18 15.282 7.7246 0.21963
14.5667 7.63251 0.234203 1.29662e-06 15.282 7.7246 0.21963
15.075 7.54572 0.219863 0.0123581 15.282 7.7246 0.21963
14.8668 7.66186 0.213953 3.0031e-08 15.282 7.7246 0.21963
14.4128 7.15864 0.21729 1.0727e-29 15.282 7.7246 0.21963
15.2728 7.12677 0.201987 1.55482e-24 15.282 7.7246 0.21963
15.183 7.3912 0.218635 7.57865e-05 15.282 7.7246 0.21963
14.7103 8.15375 0.217986 1.83482e-11 15.282 7.7246 0.21963
15.5221 7.26597 0.217747 3.58645e-09 15.282 7.7246 0.21963
15.363 7.31979 0.233439 2.00897e-10 15.282 7.7246 0.21963
15.3679 7.64048 0.207711 6.01447e-06 15.282 7.7246 0.21963
15.0114 7.06952 0.233635 3.29747e-13 15.282 7.7246 0.21963
15.3056 7.40662 0.201901 6.26479e-16 15.282 7.7246 0.21963
15.2141 7.62299 0.219526 0.290836 15.282 7.7246 0.21963
14.6646 7.74009 0.217625 3.28184e-10 15.282 7.7246 0.21963
15.5279 8.01399 0.207593 2.72576e-05 15.282 7.7246 0.21963
14.9483 7.40509 0.217901 2.95361e-07 15.282 7.7246 0.21963
14.6849 7.4564 0.232056 3.27793e-06 15.282 7.7246 0.21963
15.0438 7.20369 0.218755 2.28826e-10 15.282 7.7246 0.21963
14.9066 7.52547 0.219008 2.33557e-05 15.282 7.7246 0.21963
15.2406 7.58357 0.209412 2.44033e-06 15.282 7.7246 0.21963
14.5346 8.03252 0.230557 2.8804e-09 15.282 7.7246 0.21963
15.0016 7.08742 0.218158 7.05298e-15 15.282 7.7246 0.21963
14.8234 7.2327 0.233513 5.00005e-09 15.282 7.7246 0.21963
15.4339 7.39781 0.222371 2.31137e-05 15.282 7.7246 0.21963
15.0299 7.83293 0.237977 1.01283e-05 15.282 7.7246 0.21963
15.6981 7.48056 0.212322 1.59977e-07 15.282 7.7246 0.21963
15.006 7.56398 0.237502 2.20707e-05 15.282 7.7246 0.21963
15.2006 7.42033 0.225408 0.00153891 15.282 7.7246 0.21963
15.3487 7.68124 0.226186 0.044589 15.282 7.7246 0.21963
14.736 7.95466 0.211134 2.21423e-14 15.282 7.7246 0.21963
15.5548 7.3402 0.217729 8.93886e-08 15.282 7.7246 0.21963
15.164 7.5105 0.225748 0.0378073 15.282 7.7246 0.21963
15.4819 7.3128 0.231293 1.43155e-11 15.282 7.7246 0.21963
15.4747 7.42686 0.216225 2.62758e-05 15.282 7.7246 0.21963
14.7638 6.93031 0.228803 1.64648e-19 15.282 7.7246 0.21963
14.8686 7.38887 0.228184 3.65609e-05 15.282 7.7246 0.21963
14.9153 7.14931 0.224472 4.19044e-11 15.282 7.7246 0.21963
15.4378 7.63717 0.216063 0.0309305 15.282 7.7246 0.21963
14.8031 8.24881 0.233381 1.86291e-09 15.282 7.7246 0.21963
14.6304 7.47351 0.227684 1.09183e-07 15.282 7.7246 0.21963
14.7153 7.98842 0.226986 2.0989e-05 15.282 7.7246 0.21963
15.2027 7.41094 0.234486 5.55684e-07 15.282 7.7246 0.21963
15.7155 7.46173 0.204118 2.43815e-11 15.282 7.7246 0.21963
14.6368 7.60062 0.20891 8.63994e-22 15.282 7.7246 0.21963
15.2773 7.38059 0.219271 9.19045e-05 15.282 7.7246 0.21963
14.5376 7.41417 0.248261 1.44296e-14 15.282 7.7246 0.21963
14.855 7.95941 0.199313 2.5963e-26 15.282 7.7246 0.21963
15.4082 7.33322 0.225965 4.0109e-07 15.282 7.7246 0.21963
15.4068 7.6323 0.223297 0.0340071 15.282 7.7246 0.21963
15.304 7.88534 0.23496 4.23536e-07 15.282 7.7246 0.21963
14.8318 7.37897 0.245441 1.66525e-12 15.282 7.7246 0.21963
15.4068 7.9695 0.23697 4.16341e-12 15.282 7.7246 0.21963
15.0255 7.41447 0.23525 7.67011e-06 15.282 7.7246 0.21963
15.2512 7.72485 0.237059 2.34892e-07 15.282 7.7246 0.21963
14.4291 7.6302 0.231522 4.33442e-10 15.282 7.7246 0.21963
15.415 7.55312 0.216671 0.00697544 15.282 7.7246 0.21963
15.3767 7.49384 0.241629 4.31141e-16 15.282 7.7246 0.21963
15.1764 7.55144 0.242575 4.86147e-12 15.282 7.7246 0.21963
15.1296 7.66933 0.239357 1.43784e-07 15.282 7.7246 0.21963
14.7847 7.35335 0.216977 2.57335e-12 15.282 7.7246 0.21963
14.8405 6.87719 0.242622 9.59206e-24 15.282 7.7246 0.21963
14.5421 7.44482 0.217076 7.64099e-18 15.282 7.7246 0.21963
15.0692 7.56473 0.228696 0.070192 15.282 7.7246 0.21963
15.1175 8.22483 0.233975 2.56743e-09 15.282 7.7246 0.21963
14.8634 7.74563 0.225778 0.0411432 15.282 7.7246 0.21963
14.792 7.47543 0.218551 1.19084e-08 15.282 7.7246 0.21963
14.9679 7.22003 0.232028 1.74567e-08 15.282 7.7246 0.21963
14.8113 7.59009 0.228115 0.00325832 15.282 7.7246 0.21963
14.9931 7.69783 0.235101 0.00232914 15.282 7.7246 0.21963
15.1613 7.10216 0.214503 7.31902e-15 15.282 7.7246 0.21963
15.4976 7.04103 0.232256 5.4597e-20 15.282 7.7246 0.21963
15.4135 7.75171 0.215245 0.130486 15.282 7.7246 0.21963
14.8296 7.68872 0.225392 0.00895926 15.282 7.7246 0.21963
15.3718 6.75602 0.217137 9.5532e-28 15.282 7.7246 0.21963
14.9578 7.81695 0.219637 0.0172224 15.282 7.7246 0.21963
14.7057 7.60655 0.222072 6.8552e-07 15.282 7.7246 0.21963
15.4503 7.86933 0.226925 0.000608986 15.282 7.7246 0.21963
15.3572 7.88504 0.233338 1.0496e-06 15.282 7.7246 0.21963
14.978 7.91719 0.24888 1.52245e-17 15.282 7.7246 0.21963
15.5345 7.38991 0.226643 1.71979e-08 15.282 7.7246 0.21963
14.5651 7.06551 0.226613 2.13408e-19 15.282 7.7246 0.21963
14.9558 7.26213 0.233817 5.89886e-08 15.282 7.7246 0.21963
14.817 8.06953 0.228167 7.98158e-05 15.282 7.7246 0.21963
14.7435 7.17449 0.226402 3.2672e-12 15.282 7.7246 0.21963
15.1326 8.18771 0.236116 3.05127e-10 15.282 7.7246 0.21963
15.084 7.77839 0.21809 0.127869 15.282 7.7246 0.21963
14.9813 7.50244 0.211364 7.0729e-10 15.282 7.7246 0.21963
15.0262 7.563 0.212229 2.19789e-07 15.282 7.7246 0.21963
14.5948 7.72 0.209793 3.12464e-21 15.282 7.7246 0.21963
15.0534 7.68598 0.206846 1.22016e-10 15.282 7.7246 0.21963
