-40.9276 -53.7789 1.62929 4.24397e-05
-41.9501 -54.2337 1.60659 6.05035e-15
-40.7091 -54.6817 1.61795 6.59278e-10
-41.5431 -53.7866 1.61863 2.12726e-05
-40.9595 -54.0519 1.62159 0.0525736
-41.3802 -54.3603 1.61496 0.000130594
-41.539 -53.9419 1.61453 8.35707e-05
-41.1491 -53.6883 1.61487 0.000152915
-41.3963 -53.9438 1.61622 0.00283519
-41.4239 -53.1194 1.62012 4.19718e-17
-40.6645 -53.3514 1.61766 2.53208e-13
-40.7784 -54.188 1.62072 0.0016659
-41.2394 -53.6002 1.59048 1.90246e-18
-41.5273 -54.3456 1.62113 0.000256742
-41.1317 -54.1415 1.61013 0.000115915
-41.7973 -53.8966 1.62008 2.00303e-08
-41.6881 -53.9213 1.61557 1.29387e-06
-41.2993 -54.1097 1.612 0.000739253
-40.9947 -54.0363 1.61787 0.0232034
-41.8178 -54.2233 1.62931 3.28647e-09
-41.077 -53.6185 1.61731 2.99854e-05
-41.4446 -53.6729 1.61483 9.06233e-06
-41.3839 -53.2996 1.60658 2.14861e-12
-40.9375 -54.3658 1.60493 8.04893e-11
-40.9472 -53.9164 1.62381 0.0109128
-41.0604 -54.4601 1.60455 1.17862e-11
-41.2269 -53.5834 1.61488 7.81312e-06
-41.0984 -54.4944 1.61803 0.000256014
-41.143 -53.7383 1.594 4.33858e-15
-41.5156 -54.443 1.61724 8.77843e-06
-41.3886 -54.1856 1.60776 1.54962e-06
-40.8811 -53.9923 1.62289 0.0121778
-41.4989 -53.9674 1.60715 7.82299e-07
-41.2259 -53.7366 1.61372 0.000266882
-41.5505 -53.9074 1.62969 2.50476e-06
-40.9872 -54.1686 1.62715 0.1076
-41.7592 -53.2533 1.62191 2.19211e-18
-41.0471 -54.2692 1.60307 2.16741e-10
-41.1199 -54.234 1.60153 6.14987e-11
-41.2649 -53.9097 1.61393 0.00294714
-41.3119 -54.5984 1.61916 1.27458e-05
-41.2558 -53.9764 1.61407 0.00517
-40.8834 -54.7836 1.61858 1.089e-09
-41.032 -54.188 1.61924 0.0521489
-41.0391 -53.9034 1.60912 3.57676e-05
-41.5377 -54.4342 1.60325 2.99898e-13
-41.1484 -54.4723 1.61362 8.7655e-06
-41.4765 -54.0897 1.62499 0.00275347
-41.1602 -54.1549 1.60965 6.46659e-05
-41.2889 -53.9653 1.61564 0.00911832
-41.23 -54.0011 1.61841 0.0475163
-40.9523 -53.6621 1.61761 3.38179e-05
-41.0296 -53.9734 1.58729 1.25374e-23
-41.7154 -53.8941 1.59242 3.63603e-19
-41.2366 -53.8054 1.62148 0.00378474
-41.1478 -53.5884 1.60462 1.06562e-08
-41.4179 -54.0914 1.60841 6.77121e-06
-41.2413 -54.0809 1.62108 0.115792
-41.2758 -54.0661 1.61275 0.00197692
-41.2942 -53.5109 1.62545 2.34412e-08
-41.3952 -54.2249 1.62746 0.0110062
-41.3225 -53.9202 1.6008 1.50245e-09
-41.0204 -54.3836 1.60929 1.84785e-07
-41.0697 -53.1023 1.60429 3.64347e-17
-41.0495 -53.838 1.63932 1.42668e-08
-41.023 -54.1802 1.62412 0.172179
-42.1251 -53.6355 1.58544 6.03113e-33
-40.346 -54.63 1.59841 4.05147e-32
-40.0538 -54.2903 1.6196 1.74218e-19
-41.6182 -54.1856 1.61981 6.59974e-05
-41.0095 -54.2011 1.6125 0.000275435
-40.8679 -53.3554 1.60594 5.82163e-13
-40.9788 -53.9961 1.60549 2.01286e-07
-41.122 -54.0329 1.62707 0.0706303
-41.5167 -53.8604 1.59707 3.68024e-13
-41.0286 -53.9372 1.61453 0.00327844
-41.3982 -54.1372 1.60662 6.33366e-07
-40.9838 -53.6727 1.6261 1.55322e-05
-41.3653 -53.9879 1.60502 3.95707e-07
-41.961 -53.7662 1.62069 4.68574e-13
-40.863 -53.8598 1.59739 2.97834e-14
-41.4111 -53.6549 1.61696 1.35855e-05
-41.298 -54.0887 1.61075 0.000271007
-41.615 -53.4659 1.62426 5.71427e-12
-41.1174 -54.0142 1.61918 0.075074
-41.1967 -54.0176 1.62884 0.0208607
-40.9205 -53.8287 1.61241 6.04032e-05
-41.1354 -54.1689 1.61557 0.0122877
-41.2838 -54.0387 1.62166 0.0702747
-41.1027 -54.3203 1.62034 0.0358244
-40.8086 -53.9286 1.61025 1.83936e-06
-40.9145 -54.0175 1.60577 8.36191e-08
-40.9877 -54.1256 1.61887 0.0364098
-40.775 -54.2673 1.63076 0.00211592
-41.069 -54.7541 1.61653 4.31727e-09
-40.8848 -54.067 1.60896 2.29137e-06
-41.2843 -53.9624 1.62094 0.034885
-41.1415 -53.6833 1.59452 9.00289e-15
-41.5717 -53.9324 1.64308 4.22477e-14
-41.5031 -53.5952 1.60877 3.12668e-08
