-40.5966 -48.1826 1.54504 0.0256815 -40.502 -48.495 1.5471
-40.3173 -48.6775 1.54587 0.0181015 -40.502 -48.495 1.5471
-39.8666 -48.4336 1.52339 2.34852e-13 -40.502 -48.495 1.5471
-40.4591 -47.4267 1.53363 6.29154e-11 -40.502 -48.495 1.5471
-40.7643 -47.4777 1.527 5.10998e-09 -40.502 -48.495 1.5471
-40.5108 -48.2008 1.53609 0.089359 -40.502 -48.495 1.5471
-40.1517 -47.84 1.51692 8.43997e-11 -40.502 -48.495 1.5471
-40.5059 -48.0923 1.51949 1.88867e-05 -40.502 -48.495 1.5471
-40.358 -48.0957 1.53766 0.00971432 -40.502 -48.495 1.5471
-40.3631 -48.4442 1.52536 2.07824e-05 -40.502 -48.495 1.5471
-40.6926 -48.5585 1.54353 0.0642272 -40.502 -48.495 1.5471
-40.5361 -48.0177 1.53503 0.011817 -40.502 -48.495 1.5471
-40.9437 -48.241 1.54413 0.000551029 -40.502 -48.495 1.5471
-40.4081 -48.152 1.55115 0.00106764 -40.502 -48.495 1.5471
-41.1455 -48.7741 1.55111 1.49905e-08 -40.502 -48.495 1.5471
-40.0039 -48.7145 1.52519 1.21773e-12 -40.502 -48.495 1.5471
-40.1735 -48.5415 1.53726 0.000537965 -40.502 -48.495 1.5471
-40.6221 -48.411 1.53413 0.0717997 -40.502 -48.495 1.5471
-39.8828 -48.3633 1.52507 9.44554e-12 -40.502 -48.495 1.5471
-40.9303 -48.5637 1.5562 2.95895e-06 -40.502 -48.495 1.5471
-39.6625 -48.9245 1.54028 1.43562e-14 -40.502 -48.495 1.5471
-40.0062 -47.6996 1.54848 7.26492e-12 -40.502 -48.495 1.5471
-40.3842 -48.3439 1.55435 0.00396984 -40.502 -48.495 1.5471
-40.5052 -48.4346 1.54402 0.227816 -40.502 -48.495 1.5471
-40.8351 -48.3496 1.53842 0.0327976 -40.502 -48.495 1.5471
-39.9254 -48.3283 1.5317 3.60847e-08 -40.502 -48.495 1.5471
-39.803 -48.1225 1.5312 9.32532e-11 -40.502 -48.495 1.5471
-40.759 -48.663 1.55785 6.20057e-05 -40.502 -48.495 1.5471
-40.2445 -47.8919 1.51855 1.23797e-08 -40.502 -48.495 1.5471
-40.2326 -48.1546 1.5428 0.00333298 -40.502 -48.495 1.5471
-39.8167 -47.5042 1.53739 7.0337e-17 -40.502 -48.495 1.5471
-40.4861 -48.0766 1.53175 0.0118443 -40.502 -48.495 1.5471
-40.5249 -48.8592 1.54123 0.000553767 -40.502 -48.495 1.5471
-39.963 -47.996 1.55798 4.46405e-10 -40.502 -48.495 1.5471
-39.8363 -48.3735 1.53179 7.2846e-10 -40.502 -48.495 1.5471
-41.0318 -48.284 1.54888 4.9916e-06 -40.502 -48.495 1.5471
-40.1235 -48.6366 1.53473 7.53566e-06 -40.502 -48.495 1.5471
-40.085 -48.5079 1.52243 1.46486e-10 -40.502 -48.495 1.5471
-40.2792 -48.5411 1.54281 0.0267366 -40.502 -48.495 1.5471
-40.0616 -47.1401 1.52556 8.86979e-21 -40.502 -48.495 1.5471
-40.2475 -48.3449 1.52743 3.34529e-05 -40.502 -48.495 1.5471
-40.1565 -48.7002 1.53255 8.09514e-07 -40.502 -48.495 1.5471
-40.3152 -48.2241 1.55031 0.00384441 -40.502 -48.495 1.5471
-39.8848 -48.3912 1.5274 9.1942e-11 -40.502 -48.495 1.5471
-40.6159 -48.7007 1.54615 0.0236552 -40.502 -48.495 1.5471
-40.2983 -48.7275 1.55614 0.00354184 -40.502 -48.495 1.5471
-40.2274 -48.21 1.52988 0.000179577 -40.502 -48.495 1.5471
-40.2179 -48.1891 1.53707 0.00244647 -40.502 -48.495 1.5471
-39.8301 -48.0078 1.5345 5.12722e-10 -40.502 -48.495 1.5471
-39.5603 -48.576 1.55449 2.25727e-11 -40.502 -48.495 1.5471
-39.8244 -48.1181 1.5244 8.9223e-13 -40.502 -48.495 1.5471
-40.4672 -47.9497 1.5223 4.37562e-05 -40.502 -48.495 1.5471
-40.3936 -48.2398 1.53405 0.0250888 -40.502 -48.495 1.5471
-40.1405 -48.8258 1.54325 3.76172e-05 -40.502 -48.495 1.5471
-40.2959 -47.5019 1.54863 6.74964e-14 -40.502 -48.495 1.5471
-40.2039 -47.3561 1.54874 3.49773e-18 -40.502 -48.495 1.5471
-40.2162 -48.3069 1.55729 0.000144493 -40.502 -48.495 1.5471
-40.1923 -47.8353 1.54594 3.06395e-07 -40.502 -48.495 1.5471
-40.0707 -48.2458 1.55267 6.61514e-05 -40.502 -48.495 1.5471
-40.2668 -48.0635 1.52191 1.23381e-06 -40.502 -48.495 1.5471
-40.5075 -48.2306 1.54195 0.111683 -40.502 -48.495 1.5471
-40.0833 -48.0407 1.53365 6.31019e-06 -40.502 -48.495 1.5471
-39.896 -48.0322 1.52843 4.18979e-10 -40.502 -48.495 1.5471
-40.4484 -48.9617 1.53759 2.59751e-06 -40.502 -48.495 1.5471
-40.2836 -48.6017 1.52366 2.69506e-08 -40.502 -48.495 1.5471
-39.9271 -48.2595 1.54066 3.26806e-06 -40.502 -48.495 1.5471
-39.9361 -48.0063 1.55368 5.60426e-09 -40.502 -48.495 1.5471
-40.108 -48.4352 1.54093 0.00106462 -40.502 -48.495 1.5471
-40.1982 -48.3906 1.54434 0.0127818 -40.502 -48.495 1.5471
-40.2492 -48.5072 1.51602 5.33469e-12 -40.502 -48.495 1.5471
-40.6424 -48.5914 1.519 3.41168e-08 -40.502 -48.495 1.5471
-39.9054 -49.1647 1.53959 3.20501e-14 -40.502 -48.495 1.5471
-40.3705 -48.0003 1.53191 0.00126952 -40.502 -48.495 1.5471
-40.4496 -48.1684 1.53544 0.0430041 -40.502 -48.495 1.5471
-40.5172 -48.4399 1.55407 0.00951592 -40.502 -48.495 1.5471
-39.6945 -48.5353 1.5471 3.23387e-09 -40.502 -48.495 1.5471
-39.8476 -48.1972 1.54625 2.08739e-07 -40.502 -48.495 1.5471
-39.9088 -48.3612 1.52267 1.94776e-12 -40.502 -48.495 1.5471
-40.1559 -47.8303 1.51252 8.59029e-13 -40.502 -48.495 1.5471
-40.5355 -48.5801 1.52629 3.87663e-05 -40.502 -48.495 1.5471
-40.8565 -47.8309 1.5209 2.27818e-05 -40.502 -48.495 1.5471
-40.3616 -48.1528 1.54093 0.0212283 -40.502 -48.495 1.5471
-40.0375 -47.6429 1.54525 7.41439e-12 -40.502 -48.495 1.5471
-39.7312 -47.5976 1.53818 8.85197e-17 -40.502 -48.495 1.5471
-40.1515 -47.9765 1.53127 7.3619e-06 -40.502 -48.495 1.5471
-40.2406 -48.2249 1.53928 0.00749762 -40.502 -48.495 1.5471
-40.0253 -48.8134 1.53309 1.28275e-09 -40.502 -48.495 1.5471
-40.2869 -47.9956 1.53601 0.000623657 -40.502 -48.495 1.5471
-40.7175 -48.2445 1.52398 0.00141065 -40.502 -48.495 1.5471
-40.3582 -48.6613 1.529 6.88128e-06 -40.502 -48.495 1.5471
-40.0277 -48.4638 1.51993 1.63188e-12 -40.502 -48.495 1.5471
-40.0914 -48.4365 1.52406 4.72923e-09 -40.502 -48.495 1.5471
-40.315 -48.7583 1.55097 0.00763209 -40.502 -48.495 1.5471
-40.1855 -48.0143 1.53704 0.000130239 -40.502 -48.495 1.5471
-40.3454 -48.2888 1.54326 0.061163 -40.502 -48.495 1.5471
-40.5397 -48.3511 1.51124 1.63017e-10 -40.502 -48.495 1.5471
-40.0234 -48.0597 1.53862 4.85208e-06 -40.502 -48.495 1.5471
-40.5308 -48.0714 1.54914 0.000548157 -40.502 -48.495 1.5471
-40.2741 -47.4057 1.52024 6.25323e-13 -40.502 -48.495 1.5471
-40.5968 -48.621 1.54218 0.0612457 -40.502 -48.495 1.5471
