35.2477 11.1721 0.162731 6.20946e-11
35.2185 12.0691 0.148685 2.71211e-21
35.4634 10.9763 0.150538 4.61646e-05
35.0762 10.9954 0.140028 0.00597814
35.1291 11.7142 0.151374 2.17782e-10
35.5051 10.4207 0.141836 1.71269e-12
34.8696 11.2284 0.157021 6.26311e-05
35.6066 11.0238 0.15281 3.4062e-09
35.1317 11.1054 0.153541 0.00616652
35.1761 10.9266 0.151835 0.0055216
35.2529 11.0829 0.142725 0.22851
35.3242 10.6699 0.139572 1.0694e-05
35.2437 10.6823 0.152206 1.64936e-06
34.5344 10.9027 0.146574 0
35.1354 11.1858 0.138675 0.00565007
35.3623 10.8502 0.153202 5.76176e-06
34.7325 11.1228 0.160511 6.47222e-07
35.4217 11.1172 0.163015 1.33446e-14
35.2763 10.8365 0.160275 4.2871e-10
34.9359 10.9803 0.131498 6.28564e-11
34.5687 10.6075 0.135332 0
34.9305 10.6046 0.119856 6.10567e-31
35.4214 10.53 0.146518 2.09365e-09
35.1606 11.1899 0.145923 0.162669
34.7146 11.1559 0.138235 2.4579e-10
35.0142 11.3811 0.141368 9.41601e-05
34.8445 10.8163 0.144606 1.06169e-05
34.9927 10.7202 0.149941 6.13332e-05
35.3964 10.9931 0.133438 0.000340515
35.4125 10.8023 0.128386 6.87876e-09
34.95 10.5811 0.153697 1.90433e-08
35.4164 10.8924 0.139036 0.00442837
35.2578 10.578 0.141641 3.71701e-07
34.5811 11.1291 0.148026 0
35.3099 10.6526 0.129065 2.38796e-11
35.0498 11.2505 0.162398 1.00374e-08
34.4626 10.8746 0.131951 0
34.2424 11.6624 0.155311 0
35.0227 10.931 0.138062 8.54446e-05
35.0173 11.2877 0.152851 0.00188403
35.1055 11.1916 0.16267 4.37748e-09
34.4374 11.2799 0.131685 0
34.8327 11.5048 0.138161 0
34.6319 11.0301 0.150644 1.26038e-06
34.9093 11.3552 0.145806 0.000181222
35.3323 11.7092 0.145127 4.73229e-10
35.1159 11.3097 0.16571 3.82693e-13
35.3148 10.5696 0.155165 4.49501e-11
35.3663 10.9135 0.13836 0.00707662
35.3352 10.9247 0.12843 4.44399e-08
35.654 11.7047 0.14348 1.60128e-13
35.0673 11.4251 0.154016 1.73597e-05
35.0457 11.4186 0.127485 9.78927e-15
34.6944 11.1358 0.134322 2.66702e-14
35.5212 10.6498 0.140937 4.05766e-07
34.9889 11.5217 0.153061 7.77288e-07
35.2655 11.7182 0.145402 9.76663e-10
34.9902 11.6107 0.14478 3.49996e-08
35.2457 11.0694 0.151326 0.0115905
35.1564 10.9079 0.135203 5.09642e-05
35.3216 10.5011 0.132541 3.0922e-12
34.8043 11.2798 0.138952 2.40228e-08
35.0078 10.7136 0.154407 4.95673e-06
35.8165 11.1607 0.147488 4.56763e-11
35.0606 11.4302 0.15727 3.77819e-07
35.0969 10.4147 0.163368 7.23654e-19
35.0618 11.6703 0.141319 6.15937e-09
35.3858 11.0563 0.139218 0.0420018
35.1912 11.1552 0.148274 0.121217
35.1732 11.059 0.14905 0.115874
35.01 11.3075 0.136763 3.51973e-06
34.9535 11.1477 0.157348 0.000178824
35.2329 11.5547 0.147769 2.45219e-06
35.4966 11.0225 0.150057 3.45525e-05
35.1114 10.9235 0.147759 0.0509235
35.3006 10.8651 0.13986 0.00684703
34.875 10.7342 0.163949 3.91214e-11
35.2958 11.3144 0.123151 4.44935e-14
34.3622 10.8572 0.140043 0
35.5401 11.2377 0.115989 1.13527e-19
35.1291 10.8443 0.138055 0.000211615
35.2639 11.0378 0.148316 0.0700596
35.188 11.3274 0.151463 0.00119398
35.4724 10.4917 0.15798 6.17885e-18
35.2598 10.813 0.129974 1.47016e-08
35.206 11.3419 0.145715 0.0109719
34.8914 10.9344 0.14671 0.00178108
35.0731 11.3985 0.141479 0.000222527
34.9554 10.9162 0.157587 4.41072e-05
35.0783 11.0489 0.151063 0.0486303
34.6776 10.7795 0.141215 3.24698e-11
34.9957 11.601 0.148375 1.10926e-07
34.6942 11.0712 0.155899 1.09169e-05
35.2945 10.8958 0.139214 0.00927609
35.4566 11.0044 0.144804 0.00817676
34.8979 10.8351 0.13465 4.11112e-10
35.1829 11.1013 0.149888 0.0714044
34.8732 11.1454 0.143583 0.000467201
34.8055 11.0157 0.131174 2.11604e-14
34.9959 10.739 0.142013 1.53086e-05
