109.947 -23.7416 3.42029 0.0148132
110.505 -23.6315 3.41653 0.00418745
109.86 -23.4996 3.41198 0.000349628
110.163 -23.551 3.41261 0.00396526
110.35 -23.8622 3.41163 0.0300404
110.232 -23.8422 3.39658 0.00011941
109.858 -23.5336 3.40844 0.000364977
110.065 -23.9069 3.40513 0.0112154
110.481 -24.2396 3.40176 6.49017e-05
110.11 -23.9427 3.41031 0.0493803
109.779 -23.8597 3.41251 0.00500767
109.939 -23.4412 3.40422 5.36912e-05
109.897 -23.8475 3.38573 2.87831e-07
110.431 -24.0759 3.41573 0.0436043
109.725 -23.9228 3.40625 0.00142279
110.103 -24.0698 3.40933 0.0347349
110.508 -23.8544 3.41702 0.0252009
110.225 -23.5746 3.42237 0.0101991
110.282 -23.9118 3.4087 0.0227897
109.627 -23.9208 3.40625 0.000340519
110.558 -23.5637 3.4104 0.000191837
110.153 -23.8582 3.41577 0.095306
110.071 -23.6266 3.4091 0.00473609
109.961 -23.7591 3.40092 0.00100257
110.215 -24.0711 3.40662 0.014326
110.369 -23.8286 3.4015 0.000494513
110.258 -23.1845 3.41296 2.19411e-06
110.335 -23.5728 3.39527 1.98085e-06
110.329 -23.9265 3.40152 0.0009938
110.133 -23.4609 3.42401 0.00117843
110.078 -23.995 3.41291 0.0728392
110.019 -23.4319 3.41279 0.000402192
109.78 -23.7355 3.41193 0.00232515
110.658 -23.7641 3.4275 0.00610174
110.153 -24.1311 3.42974 0.026812
109.883 -24.0053 3.40307 0.00306449
110.359 -23.2635 3.40845 2.97584e-06
110.554 -23.3468 3.42278 5.05199e-05
110.286 -23.5456 3.4019 8.19866e-05
110.78 -23.7459 3.41303 7.98305e-05
110.213 -23.1082 3.39928 2.99213e-09
110.863 -23.7477 3.40301 9.16423e-08
110.918 -23.9441 3.43565 0.000131846
109.825 -23.1446 3.39433 6.81349e-10
110.518 -23.742 3.40163 4.71183e-05
109.662 -23.3935 3.43189 5.15384e-08
109.873 -23.6526 3.40926 0.00218051
109.876 -23.889 3.40866 0.010196
110.454 -23.7966 3.41103 0.00795108
110.627 -23.2183 3.40696 2.05374e-08
110.094 -24.0788 3.42272 0.0797023
110.77 -24.259 3.42208 0.000544324
110.401 -24.6271 3.40762 6.15204e-06
110.29 -23.6619 3.40135 0.000257341
110.164 -23.1293 3.41519 7.29576e-07
110.174 -23.6537 3.40507 0.0019857
109.74 -23.7135 3.43234 2.12175e-05
109.994 -23.4933 3.41762 0.00128422
110.67 -23.5309 3.41712 0.000156709
109.067 -23.8389 3.42294 4.03203e-12
110.808 -23.9442 3.40943 2.468e-05
109.806 -23.3631 3.42106 1.11082e-05
110.61 -23.7787 3.41223 0.00149086
109.764 -23.6856 3.40972 0.00100519
110.768 -23.7956 3.42762 0.00170753
110.075 -23.5357 3.41853 0.00407426
110.24 -23.4367 3.41241 0.000560114
110.25 -23.8681 3.39863 0.000363192
110.497 -24.0241 3.41125 0.00887321
110.999 -23.9626 3.42688 3.42269e-05
110.267 -23.6016 3.41529 0.0104309
110.503 -23.8086 3.40973 0.00328305
110.29 -24.0796 3.40913 0.0222751
109.343 -23.9726 3.42239 1.18552e-07
110.76 -23.7214 3.41993 0.000583896
109.829 -23.8105 3.414 0.00781879
110.175 -23.8356 3.42663 0.0602441
109.906 -23.2881 3.4173 1.0693e-05
109.978 -23.8324 3.40721 0.0119694
110.153 -24.156 3.4144 0.0610479
110.386 -23.2319 3.41757 8.63917e-06
110.298 -23.7708 3.41658 0.0580371
109.932 -23.0553 3.4042 4.51546e-09
110.377 -23.6525 3.39708 9.91945e-06
110.706 -24.0365 3.39898 6.53906e-07
110.032 -23.5569 3.40192 0.000206092
110.311 -23.8519 3.39341 8.4275e-06
110.482 -23.7311 3.39276 2.47145e-07
110.2 -23.6047 3.42251 0.0143122
110.126 -23.8901 3.4149 0.0930637
109.959 -23.8085 3.41432 0.027648
109.903 -23.6307 3.41871 0.00361171
110.753 -23.7593 3.40858 2.5338e-05
109.119 -24.0091 3.42696 6.70446e-12
109.935 -23.8483 3.40621 0.00799021
110.487 -23.4921 3.39847 6.25591e-07
110.027 -23.6709 3.40814 0.00545687
109.79 -23.3121 3.41375 4.81833e-06
110.563 -24.4355 3.41664 0.000501154
109.863 -23.58 3.42078 0.000992214
