277.639 12.5288 5.00569 2.72078e-07
277.64 11.7292 5.01404 4.62198e-05
278.506 12.2928 5.00911 2.97396e-10
278.396 11.7243 5.01373 2.36401e-06
278.006 12.0918 4.98174 4.86193e-09
278.957 11.9252 5.03409 8.0712e-22
278.429 12.2873 5.03725 1.39697e-08
278.37 11.6874 5.00764 2.71973e-06
278.031 11.8707 5.02569 1.89495e-07
278.059 11.6206 5.02653 0.000119913
278.097 11.8675 5.01973 0.090442
278.161 12.6564 5.01605 5.82269e-10
278.047 11.6631 5.01714 0.0111337
278.066 12.2902 5.00783 0.00140696
278.073 12.3888 5.0011 3.02318e-06
278.629 12.026 5.01832 1.30991e-10
277.495 11.914 5.02724 3.19834e-11
277.829 11.8591 5.0113 0.0510395
278.038 11.9899 4.9997 0.0398467
277.522 11.9609 5.01936 2.83227e-06
278.395 11.8201 5.02252 4.38274e-06
278.405 12.1255 5.03766 1.34618e-07
278.445 12.1746 5.00054 3.13679e-09
278.482 11.8752 5.01937 2.62204e-07
278.08 12.2112 5.0156 0.00296937
278.464 12.2584 5.01186 1.48232e-08
278.061 11.936 5.01989 0.000168941
278.308 11.7919 5.02282 6.96208e-05
277.948 12.0445 5.02558 1.32308e-05
278.283 11.9245 5.02749 0.000232032
278.243 12.3406 4.98423 7.48572e-16
278.288 12.2521 5.02556 6.27953e-05
277.901 11.6919 5.02463 1.85801e-09
277.812 12.4771 5.0061 1.58979e-05
277.213 12.0914 5.01571 1.19939e-10
278.286 11.7256 5.02229 4.60585e-05
278.147 12.4166 5.01027 7.73171e-06
277.917 12.1037 5.01142 0.154976
278.363 11.1906 5.01431 8.18463e-15
278.139 11.7018 5.00824 0.00857475
277.957 11.9541 5.0015 0.292269
278.382 11.9792 5.00444 4.98249e-06
278.337 12.1888 5.01298 2.13672e-05
278.01 12.0416 5.02803 6.87765e-07
278.329 12.1464 5.01024 3.46576e-05
277.821 12.2282 5.0332 4.64391e-09
278.042 11.9991 5.00342 0.0801751
278.415 11.9498 5.02668 2.82315e-06
278.323 12.1377 5.0025 4.13127e-06
278.069 12.0611 5.00388 0.0323915
278.252 12.0962 5.00296 0.000142557
278.293 12.2148 4.99486 3.92028e-08
278.218 12.5486 4.99501 3.98709e-14
278.617 12.0758 5.00458 7.84006e-12
277.802 11.9321 5.02167 6.59274e-05
278.045 11.8623 5.00436 0.0526554
277.782 12.0477 5.03467 3.24972e-11
277.539 12.3861 4.99223 1.82363e-08
278.123 11.9075 5.02459 0.0266642
278.029 12.338 5.0137 0.0010582
277.277 11.6982 5.00517 4.75685e-08
278.503 11.9726 5.01014 6.62651e-08
277.905 12.0995 5.0253 3.19894e-05
278.109 11.7454 5.02954 0.000411988
278.13 12.2102 5.00335 0.000590514
278.427 12.1928 5.04061 1.06134e-08
278.36 12.3291 5.00461 1.5568e-08
277.654 12.3342 5.00885 0.00102535
278.123 12.2971 5.01479 0.000393785
277.735 11.8105 5.00612 0.126675
278.469 11.8234 5.01883 2.8633e-07
278.476 12.3055 5.01794 8.89932e-09
278.174 11.9917 5.00324 0.00607424
278.421 11.7772 5.02316 6.2891e-07
278.31 12.2986 5.00963 2.02646e-06
278.036 11.726 5.0298 0.000647402
277.746 11.6969 5.0105 0.0012177
277.38 11.9858 5.02086 3.06548e-09
277.252 11.8125 5.01461 1.19328e-10
278.192 11.7722 5.03765 1.70634e-06
277.637 12.5196 4.99739 4.99125e-09
277.837 11.9292 5.02512 2.01875e-06
278.094 12.4656 5.0135 7.49948e-06
277.86 12.3592 5.01029 0.00250949
278.212 11.7157 5.0115 0.00158834
278.235 12.5186 5.021 2.05125e-08
278.345 11.8351 5.03219 1.60686e-06
278.039 11.7985 5.01081 0.00453278
278.314 12.0353 5.01379 0.000385788
278.438 12.3877 5.00878 3.65185e-10
277.898 11.6621 5.0216 2.32732e-08
278.362 12.0577 5.0009 1.48706e-06
277.863 12.2758 5.02236 0.000262696
278.281 11.8612 5.01461 0.00112837
277.887 12.3225 5.01613 0.00276028
278.447 12.1212 5.01751 9.7002e-07
278.201 12.1157 5.02706 0.00306718
278.236 12.5288 5.03533 3.50697e-12
278.628 11.9125 5.0333 7.5629e-12
277.838 11.9389 5.03224 1.85142e-10
