214.31 26.0126 0.0591427 0.00042733 214.49 26.064 0.071649
214.545 25.6571 0.0610672 0.00640414 214.49 26.064 0.071649
214.877 25.6211 0.0589081 3.01558e-06 214.49 26.064 0.071649
214.07 25.681 0.0748287 0.000343032 214.49 26.064 0.071649
214.448 25.9869 0.0801877 0.00138551 214.49 26.064 0.071649
214.377 25.746 0.0703292 0.118795 214.49 26.064 0.071649
215.091 25.6413 0.0690031 3.33024e-10 214.49 26.064 0.071649
214.419 26.3143 0.0629367 8.06626e-06 214.49 26.064 0.071649
214.198 26.0807 0.0726697 0.0144296 214.49 26.064 0.071649
214.917 25.7332 0.055178 2.30391e-07 214.49 26.064 0.071649
214.518 25.8738 0.0632552 0.0579778 214.49 26.064 0.071649
214.924 26.0804 0.0711752 8.27447e-07 214.49 26.064 0.071649
214.517 25.9122 0.0600593 0.00783062 214.49 26.064 0.071649
214.824 25.8931 0.0618155 0.000164926 214.49 26.064 0.071649
214.133 26.1713 0.0699833 0.000723587 214.49 26.064 0.071649
214.178 25.8549 0.0739312 0.024957 214.49 26.064 0.071649
214.359 25.7349 0.0734878 0.0410451 214.49 26.064 0.071649
214.555 25.9687 0.0568484 0.000239288 214.49 26.064 0.071649
214.219 26.1957 0.0616305 1.69846e-05 214.49 26.064 0.071649
214.679 26.3189 0.0790113 2.69344e-07 214.49 26.064 0.071649
214.806 25.7275 0.0557868 8.12612e-06 214.49 26.064 0.071649
214.743 25.6788 0.0847762 1.96862e-10 214.49 26.064 0.071649
214.782 26.2767 0.0716795 1.61642e-06 214.49 26.064 0.071649
214.578 25.6138 0.0532514 7.4897e-06 214.49 26.064 0.071649
214.062 26.2888 0.0608693 7.45037e-09 214.49 26.064 0.071649
214.009 26.4627 0.0605486 4.61855e-13 214.49 26.064 0.071649
214.495 26.1809 0.0583422 1.27973e-05 214.49 26.064 0.071649
214.842 25.8887 0.0758472 4.3272e-06 214.49 26.064 0.071649
214.564 25.5397 0.0771073 8.7778e-06 214.49 26.064 0.071649
214.429 25.7162 0.080409 0.000147836 214.49 26.064 0.071649
214.444 26.2483 0.0821932 1.00071e-05 214.49 26.064 0.071649
214.88 25.783 0.0797972 6.94826e-09 214.49 26.064 0.071649
213.959 25.8402 0.0625138 4.23556e-06 214.49 26.064 0.071649
214.247 25.8667 0.075837 0.0283287 214.49 26.064 0.071649
214.613 26.5578 0.0587614 6.33266e-13 214.49 26.064 0.071649
214.398 26.0144 0.0408869 5.28168e-17 214.49 26.064 0.071649
214.771 25.461 0.0779426 1.31496e-09 214.49 26.064 0.071649
214.437 25.9636 0.0916788 2.13368e-10 214.49 26.064 0.071649
214.467 26.0639 0.0627105 0.00721469 214.49 26.064 0.071649
214.306 26.0092 0.0626487 0.00738799 214.49 26.064 0.071649
214.496 25.7197 0.0667514 0.0812475 214.49 26.064 0.071649
214.839 25.2562 0.0775164 1.82719e-14 214.49 26.064 0.071649
214.343 25.8315 0.0812573 0.000525939 214.49 26.064 0.071649
214.511 25.6669 0.0797 4.38435e-05 214.49 26.064 0.071649
214.341 26.1165 0.0649089 0.00608672 214.49 26.064 0.071649
213.624 25.8099 0.0656263 1.83694e-12 214.49 26.064 0.071649
214.621 25.8757 0.0710037 0.0290109 214.49 26.064 0.071649
214.394 25.6957 0.0701846 0.0646226 214.49 26.064 0.071649
214.605 25.5643 0.0625656 0.001337 214.49 26.064 0.071649
214.601 25.8378 0.0626974 0.0240282 214.49 26.064 0.071649
214.665 26.1554 0.0851865 1.92303e-08 214.49 26.064 0.071649
213.878 25.6601 0.0774769 2.49344e-07 214.49 26.064 0.071649
214.376 26.0713 0.0938634 9.7828e-12 214.49 26.064 0.071649
214.79 25.9218 0.0694617 0.000686637 214.49 26.064 0.071649
214.291 26.1186 0.073983 0.0170262 214.49 26.064 0.071649
214.449 26.0737 0.08078 0.000496006 214.49 26.064 0.071649
213.961 26.35 0.0828452 1.05963e-08 214.49 26.064 0.071649
214.379 25.5504 0.0709752 0.00263264 214.49 26.064 0.071649
214.273 26.1052 0.0706739 0.0234515 214.49 26.064 0.071649
215.091 26.196 0.0664323 7.18776e-11 214.49 26.064 0.071649
215.039 26.1082 0.0598145 1.26788e-09 214.49 26.064 0.071649
214.035 26.0564 0.0638091 2.43667e-05 214.49 26.064 0.071649
214.268 26.2047 0.0851263 2.89679e-06 214.49 26.064 0.071649
214.697 25.9073 0.0776352 0.000118948 214.49 26.064 0.071649
214.43 25.9466 0.0660688 0.140333 214.49 26.064 0.071649
214.582 26.2719 0.0641318 3.81433e-05 214.49 26.064 0.071649
214.291 25.8358 0.0801263 0.00159358 214.49 26.064 0.071649
214.293 25.479 0.0762652 1.39328e-05 214.49 26.064 0.071649
214.464 25.3864 0.0616848 1.89192e-05 214.49 26.064 0.071649
214.253 25.9845 0.0737675 0.0584483 214.49 26.064 0.071649
214.769 26.065 0.0711554 0.000254065 214.49 26.064 0.071649
214.621 26.1146 0.0629377 0.00096093 214.49 26.064 0.071649
214.568 25.8833 0.0856397 2.289e-07 214.49 26.064 0.071649
214.714 25.6363 0.0572329 7.36314e-05 214.49 26.064 0.071649
214.351 25.6643 0.0563726 0.000144992 214.49 26.064 0.071649
214.459 25.5765 0.0539558 9.77477e-06 214.49 26.064 0.071649
214.202 26.18 0.076151 0.00150148 214.49 26.064 0.071649
214.257 25.7583 0.0774612 0.00442254 214.49 26.064 0.071649
214.981 25.7791 0.0674733 7.2378e-07 214.49 26.064 0.071649
214.66 25.7085 0.0877089 4.19073e-11 214.49 26.064 0.071649
214.37 25.8256 0.0541679 2.45463e-05 214.49 26.064 0.071649
214.477 26.3619 0.0777653 7.24175e-06 214.49 26.064 0.071649
214.374 25.4542 0.0687242 0.000266001 214.49 26.064 0.071649
214.876 26.0091 0.0610812 7.84219e-06 214.49 26.064 0.071649
214.78 25.7534 0.0857522 4.95789e-11 214.49 26.064 0.071649
214.486 26.0791 0.0678057 0.037238 214.49 26.064 0.071649
214.112 25.8257 0.0608383 0.000163979 214.49 26.064 0.071649
214.311 26.2142 0.0773428 0.00100804 214.49 26.064 0.071649
214.432 26.558 0.0766425 5.49724e-09 214.49 26.064 0.071649
215.006 26.1419 0.060747 3.78753e-09 214.49 26.064 0.071649
214.817 26.3569 0.0653211 2.32319e-08 214.49 26.064 0.071649
214.315 26.0228 0.0712737 0.097737 214.49 26.064 0.071649
214.737 25.9638 0.0858136 2.00911e-09 214.49 26.064 0.071649
214.042 25.9312 0.0806876 9.27789e-05 214.49 26.064 0.071649
214.379 26.1383 0.0695847 0.0204036 214.49 26.064 0.071649
214.799 25.5835 0.0589786 1.50542e-05 214.49 26.064 0.071649
214.379 26.0302 0.0739251 0.0659802 214.49 26.064 0.071649
214.702 26.2352 0.0766266 6.54646e-06 214.49 26.064 0.071649
214.697 26.1401 0.0807396 1.67304e-06 214.49 26.064 0.071649
214.805 26.2302 0.0728794 1.942e-06 214.49 26.064 0.071649
