245.527 29.1208 0.0729348 0.0420318 245.61 28.903 0.06775
245.545 28.6637 0.0654786 2.20827e-05 245.61 28.903 0.06775
245.78 28.7151 0.0813303 3.7365e-07 245.61 28.903 0.06775
245.892 28.6549 0.0567717 8.11297e-10 245.61 28.903 0.06775
245.593 28.0703 0.0540174 2.10653e-36 245.61 28.903 0.06775
245.076 28.8209 0.066725 1.73945e-11 245.61 28.903 0.06775
244.919 28.6286 0.0672581 2.97634e-19 245.61 28.903 0.06775
245.432 28.7194 0.0675392 8.53899e-05 245.61 28.903 0.06775
245.517 29.133 0.078409 0.000250256 245.61 28.903 0.06775
245.274 28.6216 0.0499044 2.14925e-27 245.61 28.903 0.06775
246.214 28.3442 0.0825982 9.56047e-25 245.61 28.903 0.06775
245.236 28.6583 0.0661112 5.98165e-10 245.61 28.903 0.06775
245.226 29.2045 0.0607691 4.79661e-10 245.61 28.903 0.06775
245.877 29.1214 0.08033 2.05763e-08 245.61 28.903 0.06775
245.569 28.9243 0.0711278 0.270442 245.61 28.903 0.06775
245.777 28.864 0.0781167 0.000251674 245.61 28.903 0.06775
245.554 28.8001 0.0661923 0.005385 245.61 28.903 0.06775
245.586 28.535 0.0573166 9.38313e-14 245.61 28.903 0.06775
245.705 28.8708 0.0457365 2.45376e-18 245.61 28.903 0.06775
245.6 28.7527 0.06988 0.0158493 245.61 28.903 0.06775
245.806 28.8708 0.0654127 0.0417401 245.61 28.903 0.06775
245.385 28.8362 0.0848294 3.48801e-07 245.61 28.903 0.06775
245.943 28.5184 0.0569735 1.80765e-13 245.61 28.903 0.06775
245.498 28.8315 0.0570068 6.99339e-09 245.61 28.903 0.06775
244.99 29.0132 0.062201 2.7098e-16 245.61 28.903 0.06775
245.336 28.4522 0.0763582 2.77664e-09 245.61 28.903 0.06775
245.592 28.5531 0.0754833 1.06874e-05 245.61 28.903 0.06775
245.102 29.597 0.0734131 2.3579e-17 245.61 28.903 0.06775
246.004 28.9388 0.0645957 0.0018069 245.61 28.903 0.06775
245.439 29.5162 0.0712829 7.80026e-09 245.61 28.903 0.06775
245.49 28.4282 0.090074 4.3814e-15 245.61 28.903 0.06775
245.239 28.6623 0.0634199 1.21792e-11 245.61 28.903 0.06775
245.429 29.0018 0.0655324 0.00348749 245.61 28.903 0.06775
245.583 28.8282 0.0520829 1.17489e-12 245.61 28.903 0.06775
245.385 28.7961 0.0608164 3.35744e-08 245.61 28.903 0.06775
245.48 29.0564 0.0716882 0.076097 245.61 28.903 0.06775
245.36 28.9597 0.0650909 0.000143405 245.61 28.903 0.06775
245.036 28.531 0.0575893 4.02076e-27 245.61 28.903 0.06775
245.8 29.0375 0.0803531 1.65771e-06 245.61 28.903 0.06775
245.77 29.189 0.0518618 6.52212e-08 245.61 28.903 0.06775
245.803 28.725 0.0812688 2.43217e-07 245.61 28.903 0.06775
245.772 28.7266 0.0610222 1.78211e-05 245.61 28.903 0.06775
246.092 28.2813 0.0661632 1.80642e-18 245.61 28.903 0.06775
245.891 28.9147 0.0632208 0.0107317 245.61 28.903 0.06775
245.75 28.5382 0.0615513 2.55396e-09 245.61 28.903 0.06775
245.794 29.0568 0.072706 0.0327535 245.61 28.903 0.06775
245.388 29.4308 0.0787949 1.91856e-10 245.61 28.903 0.06775
245.469 28.5031 0.0555871 2.76293e-18 245.61 28.903 0.06775
245.798 28.6961 0.0753527 0.000148693 245.61 28.903 0.06775
245.364 28.643 0.0649323 2.21334e-08 245.61 28.903 0.06775
245.726 29.0771 0.0821033 2.21634e-07 245.61 28.903 0.06775
245.661 28.833 0.0676045 0.0755066 245.61 28.903 0.06775
246.03 28.6904 0.0357292 1.37887e-36 245.61 28.903 0.06775
245.55 29.2402 0.0583303 1.99803e-05 245.61 28.903 0.06775
245.149 28.1231 0.076354 1.54288e-22 245.61 28.903 0.06775
245.466 28.8568 0.0786884 0.00172857 245.61 28.903 0.06775
245.352 28.4841 0.0714124 3.96042e-09 245.61 28.903 0.06775
245.724 28.9178 0.0505534 2.62595e-11 245.61 28.903 0.06775
245.837 29.0636 0.0772656 5.93963e-05 245.61 28.903 0.06775
245.536 28.5652 0.0812834 3.99289e-07 245.61 28.903 0.06775
245.859 28.4461 0.0702969 2.50805e-09 245.61 28.903 0.06775
246.206 29.0084 0.0681874 1.35448e-07 245.61 28.903 0.06775
245.619 28.7541 0.0814149 1.95178e-05 245.61 28.903 0.06775
245.326 28.5174 0.0682305 5.63611e-10 245.61 28.903 0.06775
245.544 28.8006 0.0702976 0.0337985 245.61 28.903 0.06775
245.321 28.91 0.073079 0.00147573 245.61 28.903 0.06775
245.366 28.1282 0.0778484 7.38048e-19 245.61 28.903 0.06775
245.442 28.8928 0.066827 0.0047404 245.61 28.903 0.06775
246.115 29.125 0.0630783 5.49286e-05 245.61 28.903 0.06775
245.702 28.8502 0.0768815 0.00416265 245.61 28.903 0.06775
245.836 28.7485 0.0713101 0.00219068 245.61 28.903 0.06775
245.511 29.1144 0.0756611 0.00647853 245.61 28.903 0.06775
245.617 28.8744 0.0829615 4.06003e-06 245.61 28.903 0.06775
245.536 28.852 0.0750315 0.0359336 245.61 28.903 0.06775
245.409 28.7746 0.0600172 1.05265e-08 245.61 28.903 0.06775
245.373 29.1057 0.0696494 0.00329256 245.61 28.903 0.06775
245.459 28.5941 0.0731456 2.36564e-05 245.61 28.903 0.06775
244.802 28.8279 0.0583581 6.01513e-30 245.61 28.903 0.06775
245.58 28.8005 0.040368 7.1489e-31 245.61 28.903 0.06775
245.468 28.8836 0.0753138 0.0215176 245.61 28.903 0.06775
245.319 29.2537 0.0916871 6.94075e-19 245.61 28.903 0.06775
245.642 29.1147 0.0723941 0.0991233 245.61 28.903 0.06775
246.046 29.2363 0.0602161 0.000109192 245.61 28.903 0.06775
245.642 28.5054 0.0504755 6.31566e-22 245.61 28.903 0.06775
245.305 28.8256 0.044812 6.3468e-30 245.61 28.903 0.06775
246.156 28.7834 0.0639862 1.48695e-07 245.61 28.903 0.06775
245.509 28.5388 0.0601821 5.08687e-12 245.61 28.903 0.06775
245.592 29.0322 0.0782922 0.00177862 245.61 28.903 0.06775
245.423 29.0732 0.061755 7.1465e-05 245.61 28.903 0.06775
245.923 28.7864 0.0672906 0.00117297 245.61 28.903 0.06775
245.644 28.7639 0.0735236 0.0180224 245.61 28.903 0.06775
245.937 28.2374 0.0868521 4.16292e-23 245.61 28.903 0.06775
244.833 28.7448 0.0714985 4.38969e-18 245.61 28.903 0.06775
245.531 29.0273 0.0683958 0.187457 245.61 28.903 0.06775
245.478 28.7909 0.0588112 2.99722e-08 245.61 28.903 0.06775
245.106 29.3926 0.0742699 3.63329e-12 245.61 28.903 0.06775
245.651 28.5415 0.0580734 3.01047e-12 245.61 28.903 0.06775
245.665 28.9128 0.0523333 4.57251e-10 245.61 28.903 0.06775
245.425 28.4712 0.0715442 1.55324e-08 245.61 28.903 0.06775
244.886 28.5027 0.0732327 2.23738e-19 245.61 28.903 0.06775
