260.893 28.1244 6.15439 0.0413143
261.115 29.1167 6.17443 1.10469e-34
260.741 29.101 6.17167 1.43393e-25
260.584 28.7289 6.17169 1.38454e-11
260.521 28.5671 6.16566 6.34468e-06
261.144 28.4557 6.15467 1.65565e-07
260.777 28.913 6.15565 2.14409e-13
261.317 28.4734 6.16883 3.38113e-17
260.964 28.5347 6.16231 1.83657e-07
260.506 28.4056 6.15976 0.00713965
260.961 28.3856 6.15363 0.000540239
260.729 28.1218 6.17546 0.000322906
260.829 28.4635 6.16063 0.000218326
260.486 28.1031 6.15085 0.00742718
261.16 28.7388 6.1618 3.16621e-15
260.63 28.6836 6.15408 3.5626e-07
260.463 28.3895 6.15955 0.00646302
261.015 28.8953 6.17886 5.26858e-27
260.901 28.2401 6.16508 0.00107439
260.655 28.5523 6.14822 2.54561e-05
260.556 28.3124 6.15709 0.0735479
261.056 28.2057 6.16309 2.01545e-05
260.572 28.478 6.17179 7.1122e-06
260.228 28.1522 6.16039 0.00117393
261.042 27.9824 6.18395 3.61756e-14
260.801 28.4316 6.15316 0.00277571
261.133 29.0835 6.17063 6.58091e-31
260.117 28.3402 6.14713 4.70447e-11
260.852 27.8638 6.16147 0.00684339
260.869 28.5156 6.15976 2.12013e-05
260.263 28.4311 6.16742 2.63239e-05
261.158 28.5244 6.16379 2.26512e-11
261.005 28.5449 6.16892 8.40536e-11
260.583 28.4933 6.15067 0.0002168
260.424 28.9104 6.16015 2.27123e-14
260.967 27.7632 6.18521 1.48272e-13
260.957 28.4571 6.17537 1.50119e-11
260.603 28.7459 6.15359 1.18536e-08
261.168 28.5409 6.16702 2.43129e-13
260.118 28.3771 6.15364 1.11306e-08
261.337 28.1923 6.15763 2.33706e-10
260.926 28.315 6.17959 3.40842e-11
260.643 28.4557 6.17154 9.83945e-06
260.584 27.7938 6.16416 0.03366
261.101 28.2069 6.15241 0.000106169
260.407 28.6671 6.14398 1.21116e-10
261.337 29.4579 6.15025 7.83807e-42
260.369 28.4959 6.16265 4.71866e-05
260.506 28.7999 6.14981 7.58971e-11
260.694 27.8439 6.16424 0.051256
260.436 28.436 6.16618 0.000567189
260.617 28.692 6.15642 2.12294e-07
260.977 28.7636 6.16523 8.16692e-14
261.031 28.1671 6.16881 1.51183e-06
260.133 28.7564 6.16568 9.54906e-14
260.986 29.0095 6.17398 5.32331e-27
260.264 28.5779 6.16327 1.28734e-07
260.456 28.8803 6.15997 3.32255e-13
260.261 29.0695 6.14965 3.44731e-22
260.573 28.6382 6.16218 8.91063e-07
260.411 28.4571 6.15562 0.000181456
260.718 28.6969 6.19241 5.66853e-26
260.644 27.9007 6.15206 0.00868831
260.148 28.8883 6.15278 5.0711e-18
261.12 28.3946 6.16988 3.80574e-11
260.845 28.5163 6.16159 1.54954e-05
260.132 28.1876 6.15952 1.51292e-05
260.476 28.7525 6.13853 1.99838e-13
261.412 28.6396 6.16533 1.72647e-21
260.478 28.9324 6.14646 2.98041e-15
260.668 28.561 6.14575 6.58132e-06
260.929 28.3034 6.14429 0.000514984
261.03 28.1885 6.15397 0.00116402
260.431 28.1796 6.15141 0.00329077
260.71 28.8352 6.15656 5.08077e-11
260.86 28.6682 6.15078 2.67497e-07
260.832 28.3665 6.15168 0.00751904
261.155 28.1613 6.16212 5.74508e-07
260.527 27.8476 6.16833 0.0878811
260.75 28.1926 6.177 1.38556e-05
260.405 28.5993 6.16122 1.37829e-06
261.5 28.3856 6.15715 2.09679e-16
260.725 28.2232 6.15591 0.254918
260.967 28.5859 6.17297 5.49131e-13
260.819 28.6342 6.15107 1.91946e-06
260.49 27.9961 6.16024 0.323427
261.347 28.8266 6.14132 6.2646e-17
260.82 28.2146 6.16009 0.0746497
260.9 28.2369 6.17406 8.02494e-07
260.109 28.2073 6.15386 9.42615e-08
261.004 29.2301 6.16544 2.68225e-31
260.666 28.5768 6.16417 5.31445e-06
260.999 28.5757 6.15889 8.03058e-08
261.023 28.7821 6.15443 9.95336e-12
260.457 29.3277 6.15904 1.81785e-30
260.019 27.9668 6.16457 1.03279e-06
260.706 28.7506 6.1522 1.24384e-08
261.413 28.1163 6.16378 2.15854e-14
261.341 28.8046 6.15942 2.01456e-20
260.665 28.3586 6.16752 0.00288832
