264.084 -15.7583 3.64269 2.58573e-14 264.11 -15.846 3.6672
264.16 -16.1053 3.67039 0.00363677 264.11 -15.846 3.6672
264.536 -15.9507 3.67563 0.0187171 264.11 -15.846 3.6672
264.135 -16.4336 3.65721 1.13252e-13 264.11 -15.846 3.6672
263.819 -15.3442 3.66281 0.000309878 264.11 -15.846 3.6672
264.137 -15.3508 3.6606 0.000102214 264.11 -15.846 3.6672
263.402 -15.9634 3.65274 2.41259e-05 264.11 -15.846 3.6672
264.098 -15.4827 3.66275 0.00893393 264.11 -15.846 3.6672
264.31 -15.8261 3.67598 0.104166 264.11 -15.846 3.6672
263.541 -16.1581 3.6683 8.03345e-10 264.11 -15.846 3.6672
263.852 -15.7143 3.67205 0.000370884 264.11 -15.846 3.6672
264.126 -16.0583 3.64905 2.52231e-12 264.11 -15.846 3.6672
263.71 -16.1577 3.65751 6.18974e-06 264.11 -15.846 3.6672
263.825 -15.7263 3.66114 0.101571 264.11 -15.846 3.6672
264.003 -16.4405 3.65093 7.13051e-17 264.11 -15.846 3.6672
263.546 -15.6236 3.68 5.18557e-18 264.11 -15.846 3.6672
264.268 -16.0428 3.66756 0.00370283 264.11 -15.846 3.6672
264.599 -15.6773 3.67186 0.000746349 264.11 -15.846 3.6672
264.16 -16.1169 3.66508 0.000431461 264.11 -15.846 3.6672
263.658 -15.6665 3.66235 0.00561808 264.11 -15.846 3.6672
264.185 -15.2065 3.65354 6.31066e-10 264.11 -15.846 3.6672
264.807 -15.9801 3.6621 1.95704e-15 264.11 -15.846 3.6672
264.452 -15.7544 3.64138 1.11613e-27 264.11 -15.846 3.6672
263.664 -15.3813 3.65978 0.000457959 264.11 -15.846 3.6672
263.704 -16.3929 3.67295 8.18805e-13 264.11 -15.846 3.6672
263.858 -15.6573 3.63668 1.44258e-14 264.11 -15.846 3.6672
263.718 -16.2907 3.67105 7.90239e-10 264.11 -15.846 3.6672
263.675 -15.7626 3.6601 0.0197025 264.11 -15.846 3.6672
264.15 -16.4113 3.66095 4.88433e-11 264.11 -15.846 3.6672
263.427 -14.943 3.64601 1.86354e-10 264.11 -15.846 3.6672
263.713 -15.5524 3.66724 0.00014386 264.11 -15.846 3.6672
264.466 -15.4492 3.66595 1.0857e-05 264.11 -15.846 3.6672
264.135 -15.641 3.67305 0.0292549 264.11 -15.846 3.6672
264.228 -16.1449 3.68264 1.55548e-05 264.11 -15.846 3.6672
264.365 -16.0488 3.67201 0.00914121 264.11 -15.846 3.6672
263.504 -16.1147 3.67259 7.81678e-13 264.11 -15.846 3.6672
263.875 -15.9234 3.68486 1.54173e-12 264.11 -15.846 3.6672
264.146 -16.1103 3.66017 1.04404e-05 264.11 -15.846 3.6672
263.211 -15.8315 3.65719 5.36044e-08 264.11 -15.846 3.6672
263.459 -15.8039 3.64699 0.000294067 264.11 -15.846 3.6672
263.929 -15.2075 3.64438 6.6629e-11 264.11 -15.846 3.6672
264.185 -16.1097 3.65644 2.92122e-08 264.11 -15.846 3.6672
264.008 -15.5217 3.65416 0.000352726 264.11 -15.846 3.6672
264.468 -16.0237 3.6527 2.87302e-16 264.11 -15.846 3.6672
264.672 -16.2552 3.66911 8.03275e-10 264.11 -15.846 3.6672
263.957 -15.6758 3.66008 0.0882392 264.11 -15.846 3.6672
263.196 -16.1409 3.66422 2.66854e-15 264.11 -15.846 3.6672
263.732 -15.7727 3.65237 0.00541961 264.11 -15.846 3.6672
263.542 -16.272 3.65821 5.30853e-09 264.11 -15.846 3.6672
263.69 -15.9818 3.66205 0.000886829 264.11 -15.846 3.6672
263.978 -16.0799 3.66891 0.00179843 264.11 -15.846 3.6672
263.827 -15.7522 3.648 2.18819e-05 264.11 -15.846 3.6672
263.853 -15.9803 3.67583 2.07515e-06 264.11 -15.846 3.6672
263.803 -16.0066 3.66489 0.00182597 264.11 -15.846 3.6672
264.051 -15.7481 3.65177 6.04329e-06 264.11 -15.846 3.6672
264.269 -16.415 3.6396 3.90185e-36 264.11 -15.846 3.6672
264.09 -15.8506 3.67403 0.0244133 264.11 -15.846 3.6672
263.842 -15.6802 3.63045 1.03773e-21 264.11 -15.846 3.6672
264.167 -15.6905 3.67691 0.00596928 264.11 -15.846 3.6672
263.971 -15.9236 3.67689 7.12851e-05 264.11 -15.846 3.6672
263.419 -16.5396 3.6504 1.08723e-17 264.11 -15.846 3.6672
264.257 -16.0352 3.64529 4.22536e-19 264.11 -15.846 3.6672
263.757 -15.9606 3.6527 0.000191233 264.11 -15.846 3.6672
264.362 -15.5767 3.67315 0.0176584 264.11 -15.846 3.6672
263.759 -15.9543 3.66341 0.00360049 264.11 -15.846 3.6672
263.77 -15.7408 3.66163 0.0550861 264.11 -15.846 3.6672
264.469 -15.9964 3.67015 0.00162076 264.11 -15.846 3.6672
263.919 -15.4263 3.67083 5.43494e-05 264.11 -15.846 3.6672
263.328 -14.693 3.6451 5.81863e-17 264.11 -15.846 3.6672
264.136 -16.2733 3.65365 1.57658e-12 264.11 -15.846 3.6672
262.951 -15.9372 3.65483 1.81061e-13 264.11 -15.846 3.6672
263.569 -15.4796 3.65213 0.00511346 264.11 -15.846 3.6672
263.561 -16.4217 3.65546 1.88474e-12 264.11 -15.846 3.6672
263.64 -16.0861 3.65483 1.90691e-05 264.11 -15.846 3.6672
263.671 -15.3121 3.6557 0.000311904 264.11 -15.846 3.6672
263.892 -15.574 3.66087 0.067021 264.11 -15.846 3.6672
263.46 -16.0006 3.65932 5.70685e-06 264.11 -15.846 3.6672
263.896 -15.8367 3.64588 2.86945e-08 264.11 -15.846 3.6672
263.676 -15.7088 3.67307 1.03381e-07 264.11 -15.846 3.6672
263.727 -15.5648 3.63157 1.45738e-16 264.11 -15.846 3.6672
263.609 -15.4777 3.66947 4.18329e-08 264.11 -15.846 3.6672
263.917 -15.5904 3.65954 0.0609139 264.11 -15.846 3.6672
264.564 -15.6337 3.67441 0.00394792 264.11 -15.846 3.6672
263.456 -15.4692 3.64182 5.41078e-05 264.11 -15.846 3.6672
263.376 -15.5762 3.657 6.53627e-05 264.11 -15.846 3.6672
264.078 -15.5454 3.65545 0.000263938 264.11 -15.846 3.6672
264.673 -14.9119 3.6583 4.65046e-24 264.11 -15.846 3.6672
264.295 -15.691 3.6526 1.34759e-09 264.11 -15.846 3.6672
264.337 -15.2777 3.64791 1.25053e-16 264.11 -15.846 3.6672
263.979 -16.1263 3.67221 0.000164677 264.11 -15.846 3.6672
264.136 -15.3014 3.67301 4.60346e-06 264.11 -15.846 3.6672
263.856 -15.6794 3.66377 0.0845138 264.11 -15.846 3.6672
264.184 -15.7938 3.67197 0.171531 264.11 -15.846 3.6672
264.453 -15.8228 3.67432 0.0715802 264.11 -15.846 3.6672
263.891 -15.5247 3.66679 0.0069209 264.11 -15.846 3.6672
263.926 -16.0386 3.67086 0.000808464 264.11 -15.846 3.6672
263.867 -16.1236 3.65825 3.90976e-05 264.11 -15.846 3.6672
264.253 -15.8883 3.64802 4.80756e-14 264.11 -15.846 3.6672
264.039 -15.7622 3.67954 2.45339e-05 264.11 -15.846 3.6672
263.729 -15.8122 3.66335 0.0121096 264.11 -15.846 3.6672
