253.342 -19.0428 3.1949 7.92017e-10 253 -18.591 3.1975
253.016 -18.5883 3.19309 0.0265822 253 -18.591 3.1975
253.661 -18.827 3.22166 7.63636e-09 253 -18.591 3.1975
253.384 -18.7491 3.20523 0.00166747 253 -18.591 3.1975
253.271 -18.2337 3.2127 9.38921e-08 253 -18.591 3.1975
253.4 -18.9261 3.20022 1.67784e-06 253 -18.591 3.1975
252.918 -18.7042 3.18313 5.14474e-07 253 -18.591 3.1975
253.53 -18.4418 3.20372 2.77635e-05 253 -18.591 3.1975
253.206 -18.4596 3.19389 0.00111639 253 -18.591 3.1975
253.071 -18.7995 3.19914 0.00778092 253 -18.591 3.1975
253.092 -18.5974 3.20511 0.0377308 253 -18.591 3.1975
252.799 -17.9506 3.20134 1.27337e-08 253 -18.591 3.1975
252.917 -18.8991 3.2024 0.00103636 253 -18.591 3.1975
252.474 -18.6337 3.19367 0.00266876 253 -18.591 3.1975
253.314 -18.5647 3.20746 0.00655452 253 -18.591 3.1975
253.11 -18.9427 3.1834 1.64739e-12 253 -18.591 3.1975
253.292 -18.3485 3.17753 1.46071e-19 253 -18.591 3.1975
253.1 -17.7253 3.18081 5.37705e-17 253 -18.591 3.1975
253.317 -19.1346 3.20691 1.89412e-07 253 -18.591 3.1975
252.826 -18.874 3.19197 0.000353544 253 -18.591 3.1975
252.457 -18.3647 3.20821 1.261e-10 253 -18.591 3.1975
252.35 -18.6696 3.19709 7.11833e-06 253 -18.591 3.1975
253.135 -18.0331 3.20754 1.28255e-08 253 -18.591 3.1975
252.817 -18.76 3.1958 0.0192614 253 -18.591 3.1975
252.722 -18.6482 3.20851 9.12409e-06 253 -18.591 3.1975
253.405 -18.1387 3.21126 1.4497e-08 253 -18.591 3.1975
252.781 -18.5979 3.1985 0.0971121 253 -18.591 3.1975
252.626 -18.2933 3.1955 0.0155944 253 -18.591 3.1975
252.926 -18.6271 3.18955 0.00307373 253 -18.591 3.1975
252.879 -18.671 3.20822 0.00060034 253 -18.591 3.1975
253.265 -18.7301 3.19071 1.22985e-07 253 -18.591 3.1975
253.292 -18.6965 3.22054 1.81635e-09 253 -18.591 3.1975
252.87 -18.5755 3.19764 0.206393 253 -18.591 3.1975
252.835 -18.3275 3.21025 1.2358e-08 253 -18.591 3.1975
253.59 -18.9994 3.22012 6.75642e-09 253 -18.591 3.1975
253.132 -19.0808 3.21084 7.1052e-07 253 -18.591 3.1975
253.649 -19.0422 3.1978 1.91265e-14 253 -18.591 3.1975
252.844 -18.5083 3.19862 0.201402 253 -18.591 3.1975
253.205 -18.1157 3.20016 3.74199e-05 253 -18.591 3.1975
253.669 -18.7444 3.20185 1.30911e-08 253 -18.591 3.1975
252.577 -18.3702 3.18956 0.03899 253 -18.591 3.1975
253.1 -18.3685 3.21199 1.62562e-06 253 -18.591 3.1975
253.45 -18.2599 3.19314 5.05737e-09 253 -18.591 3.1975
253.259 -18.2598 3.18209 2.271e-13 253 -18.591 3.1975
253.338 -18.1645 3.19441 4.34898e-07 253 -18.591 3.1975
253.041 -18.0043 3.20476 5.22331e-08 253 -18.591 3.1975
253.366 -19.0299 3.20992 3.93151e-06 253 -18.591 3.1975
252.937 -18.3551 3.19673 0.134657 253 -18.591 3.1975
252.811 -18.1895 3.19549 0.00811385 253 -18.591 3.1975
252.501 -18.1725 3.19834 2.13819e-05 253 -18.591 3.1975
253.52 -18.3792 3.22071 1.21378e-10 253 -18.591 3.1975
252.789 -18.7365 3.20683 0.000182552 253 -18.591 3.1975
252.755 -18.5586 3.22893 2.90412e-25 253 -18.591 3.1975
253.499 -18.4058 3.19638 1.76426e-07 253 -18.591 3.1975
253.048 -18.5385 3.20754 0.00315601 253 -18.591 3.1975
253.064 -18.7025 3.20211 0.0508395 253 -18.591 3.1975
253.237 -18.5809 3.19394 0.000295902 253 -18.591 3.1975
252.876 -18.5431 3.1894 0.0126535 253 -18.591 3.1975
253.342 -18.7786 3.19665 1.10277e-05 253 -18.591 3.1975
253.707 -18.48 3.20388 3.77732e-08 253 -18.591 3.1975
252.41 -17.952 3.19786 2.38333e-11 253 -18.591 3.1975
253.594 -18.5618 3.20008 2.49041e-07 253 -18.591 3.1975
253.233 -18.7603 3.18803 1.74051e-09 253 -18.591 3.1975
253.074 -18.882 3.18079 3.08974e-13 253 -18.591 3.1975
252.394 -19.03 3.18907 3.56129e-08 253 -18.591 3.1975
253.143 -18.9619 3.18845 1.49632e-09 253 -18.591 3.1975
253.429 -18.6049 3.19397 1.31982e-07 253 -18.591 3.1975
253.727 -18.3416 3.19784 2.79213e-12 253 -18.591 3.1975
253.037 -18.3753 3.20955 2.46479e-05 253 -18.591 3.1975
253.486 -18.5406 3.20624 0.000421563 253 -18.591 3.1975
253.224 -18.8652 3.20501 0.00128073 253 -18.591 3.1975
252.473 -18.7518 3.2099 1.92165e-11 253 -18.591 3.1975
253.594 -18.5362 3.21859 8.64466e-08 253 -18.591 3.1975
252.569 -18.3178 3.21971 6.08757e-20 253 -18.591 3.1975
252.957 -19.1703 3.19539 2.08713e-08 253 -18.591 3.1975
253.367 -18.3856 3.19138 8.23886e-08 253 -18.591 3.1975
252.634 -18.3821 3.21174 6.57659e-10 253 -18.591 3.1975
253.033 -18.6742 3.19748 0.0476592 253 -18.591 3.1975
253.594 -18.5744 3.19327 7.31152e-12 253 -18.591 3.1975
253.091 -18.9867 3.18841 2.78635e-09 253 -18.591 3.1975
252.929 -18.5861 3.1911 0.0153074 253 -18.591 3.1975
253.195 -18.007 3.21198 8.97198e-12 253 -18.591 3.1975
253.528 -18.4257 3.20153 7.87877e-06 253 -18.591 3.1975
253.186 -18.3797 3.18868 3.71764e-06 253 -18.591 3.1975
252.924 -18.6354 3.20892 0.000856622 253 -18.591 3.1975
252.959 -18.7268 3.20622 0.00623649 253 -18.591 3.1975
253.346 -18.5732 3.18484 2.2944e-13 253 -18.591 3.1975
252.981 -18.5483 3.191 0.0126796 253 -18.591 3.1975
252.748 -18.5117 3.20141 0.0218778 253 -18.591 3.1975
253.134 -19.2531 3.21003 1.37699e-09 253 -18.591 3.1975
252.854 -18.6107 3.20441 0.013226 253 -18.591 3.1975
253.549 -18.4905 3.2069 5.8775e-05 253 -18.591 3.1975
252.829 -18.4946 3.20665 0.00129908 253 -18.591 3.1975
252.898 -19.061 3.1902 7.68119e-08 253 -18.591 3.1975
252.687 -18.7183 3.20225 0.00111992 253 -18.591 3.1975
252.828 -18.8179 3.1794 7.80581e-10 253 -18.591 3.1975
253.861 -18.5096 3.19115 2.33163e-22 253 -18.591 3.1975
253.082 -18.7311 3.18257 5.31345e-10 253 -18.591 3.1975
252.884 -19.2048 3.17101 1.08796e-26 253 -18.591 3.1975
253.142 -17.9225 3.19803 6.15335e-08 253 -18.591 3.1975
