152.415 -14.627 3.33714 0.000271838 151.89 -14.603 3.3294
151.888 -14.0638 3.3539 1.2573e-28 151.89 -14.603 3.3294
151.951 -14.4934 3.32071 0.000953321 151.89 -14.603 3.3294
152.593 -14.7292 3.31914 3.50526e-18 151.89 -14.603 3.3294
151.906 -14.9629 3.32848 0.0541023 151.89 -14.603 3.3294
151.54 -14.2452 3.32595 1.14839e-05 151.89 -14.603 3.3294
151.787 -14.1402 3.32284 3.37964e-06 151.89 -14.603 3.3294
151.45 -14.7041 3.31243 9.50689e-05 151.89 -14.603 3.3294
151.359 -14.297 3.31334 3.72669e-06 151.89 -14.603 3.3294
152.202 -14.8905 3.32266 1.51509e-06 151.89 -14.603 3.3294
151.66 -14.5545 3.35242 1.30565e-21 151.89 -14.603 3.3294
151.784 -14.9271 3.3325 0.0439741 151.89 -14.603 3.3294
151.996 -14.5037 3.3485 5.31238e-11 151.89 -14.603 3.3294
151.851 -14.7861 3.33921 0.000859106 151.89 -14.603 3.3294
152.202 -14.3043 3.33411 1.418e-05 151.89 -14.603 3.3294
152.251 -14.3067 3.33174 6.92014e-06 151.89 -14.603 3.3294
152.377 -14.6073 3.31618 1.14129e-14 151.89 -14.603 3.3294
151.985 -14.4519 3.32956 0.0197045 151.89 -14.603 3.3294
151.291 -14.49 3.33469 4.06194e-11 151.89 -14.603 3.3294
152.109 -15.0858 3.3422 0.000252078 151.89 -14.603 3.3294
151.802 -14.8526 3.31253 1.47358e-06 151.89 -14.603 3.3294
152.22 -14.8313 3.34155 0.00328586 151.89 -14.603 3.3294
152.032 -15.1414 3.34119 0.000123555 151.89 -14.603 3.3294
151.892 -14.9555 3.35731 5.36382e-16 151.89 -14.603 3.3294
152.346 -14.8353 3.32859 3.18374e-05 151.89 -14.603 3.3294
152.002 -14.9297 3.34724 1.90897e-07 151.89 -14.603 3.3294
151.728 -14.8701 3.31569 0.000190496 151.89 -14.603 3.3294
151.517 -14.3662 3.32642 0.000186102 151.89 -14.603 3.3294
151.959 -14.5838 3.324 0.0266921 151.89 -14.603 3.3294
151.711 -14.4305 3.33928 7.08582e-08 151.89 -14.603 3.3294
152.066 -15.1465 3.34568 3.03963e-06 151.89 -14.603 3.3294
151.715 -13.8198 3.33656 1.59321e-19 151.89 -14.603 3.3294
152.083 -15.0902 3.32358 2.2247e-05 151.89 -14.603 3.3294
151.722 -14.9971 3.33098 0.0135475 151.89 -14.603 3.3294
151.444 -14.4579 3.34985 1.51113e-25 151.89 -14.603 3.3294
151.827 -14.3664 3.32345 0.00377779 151.89 -14.603 3.3294
151.491 -14.7481 3.33261 0.000264727 151.89 -14.603 3.3294
151.807 -14.779 3.33992 0.000116306 151.89 -14.603 3.3294
151.618 -14.7927 3.33481 0.00129405 151.89 -14.603 3.3294
152.276 -14.5748 3.32675 7.02354e-05 151.89 -14.603 3.3294
152.017 -14.9046 3.33925 0.00731957 151.89 -14.603 3.3294
151.864 -14.7694 3.32515 0.136204 151.89 -14.603 3.3294
152.088 -14.7758 3.33577 0.103465 151.89 -14.603 3.3294
152.224 -14.5205 3.33358 0.0034195 151.89 -14.603 3.3294
151.675 -15.1877 3.32468 0.0185079 151.89 -14.603 3.3294
151.632 -14.4889 3.32064 0.0159525 151.89 -14.603 3.3294
151.757 -14.5633 3.33327 0.00871484 151.89 -14.603 3.3294
151.751 -14.4675 3.34825 3.22434e-15 151.89 -14.603 3.3294
152.43 -15.1272 3.36174 3.4506e-17 151.89 -14.603 3.3294
151.662 -13.7725 3.33187 2.37069e-18 151.89 -14.603 3.3294
151.229 -14.4742 3.33443 1.78834e-12 151.89 -14.603 3.3294
151.712 -14.1572 3.33786 1.80637e-11 151.89 -14.603 3.3294
151.995 -14.9468 3.33948 0.00329585 151.89 -14.603 3.3294
151.927 -14.6059 3.31649 1.59538e-05 151.89 -14.603 3.3294
152.155 -14.4424 3.33754 0.000361392 151.89 -14.603 3.3294
152.284 -14.7318 3.31174 1.38919e-17 151.89 -14.603 3.3294
151.875 -14.2693 3.34346 1.13162e-11 151.89 -14.603 3.3294
152.36 -14.7709 3.33267 0.000760506 151.89 -14.603 3.3294
152.197 -14.6087 3.34224 0.000272755 151.89 -14.603 3.3294
151.359 -14.7219 3.3221 0.0128571 151.89 -14.603 3.3294
152.324 -14.9318 3.34649 2.73417e-05 151.89 -14.603 3.3294
151.659 -14.8224 3.33207 0.0197372 151.89 -14.603 3.3294
152.128 -14.758 3.33866 0.023612 151.89 -14.603 3.3294
152.115 -14.6369 3.3271 0.0143883 151.89 -14.603 3.3294
151.604 -14.6158 3.32952 0.0113736 151.89 -14.603 3.3294
151.59 -14.8249 3.31233 2.4824e-05 151.89 -14.603 3.3294
152.057 -14.5857 3.3285 0.0573979 151.89 -14.603 3.3294
151.706 -15.057 3.32168 0.000835355 151.89 -14.603 3.3294
152.026 -14.7527 3.34524 6.29869e-06 151.89 -14.603 3.3294
152.541 -14.3778 3.32757 4.20874e-11 151.89 -14.603 3.3294
151.442 -13.7968 3.32789 8.67823e-18 151.89 -14.603 3.3294
151.461 -14.8906 3.32972 0.00211937 151.89 -14.603 3.3294
152.01 -14.811 3.33833 0.0209153 151.89 -14.603 3.3294
152.099 -15.0502 3.32307 2.45326e-05 151.89 -14.603 3.3294
152.033 -14.3938 3.30751 8.90098e-16 151.89 -14.603 3.3294
151.861 -15.0039 3.32756 0.0253165 151.89 -14.603 3.3294
152 -14.7292 3.34029 0.00251925 151.89 -14.603 3.3294
151.229 -15.0079 3.33626 2.14966e-10 151.89 -14.603 3.3294
151.606 -14.1443 3.32503 1.28259e-06 151.89 -14.603 3.3294
152.181 -14.1367 3.33422 1.63124e-08 151.89 -14.603 3.3294
151.99 -15.0746 3.32414 0.000315144 151.89 -14.603 3.3294
152.001 -14.4211 3.33993 1.25324e-05 151.89 -14.603 3.3294
151.553 -14.6438 3.33023 0.00235204 151.89 -14.603 3.3294
151.193 -14.4143 3.33331 4.89752e-13 151.89 -14.603 3.3294
152.324 -14.885 3.34115 0.00175548 151.89 -14.603 3.3294
151.907 -14.8124 3.34737 8.82431e-09 151.89 -14.603 3.3294
151.698 -14.5804 3.32775 0.0937945 151.89 -14.603 3.3294
151.789 -14.3078 3.32405 0.00116446 151.89 -14.603 3.3294
151.351 -14.1534 3.3363 7.34031e-17 151.89 -14.603 3.3294
152.012 -14.8189 3.32678 0.0469447 151.89 -14.603 3.3294
151.802 -14.4335 3.35156 9.46887e-19 151.89 -14.603 3.3294
151.983 -14.379 3.33988 2.77366e-06 151.89 -14.603 3.3294
152.177 -14.1126 3.3344 4.80236e-09 151.89 -14.603 3.3294
151.578 -14.5236 3.33715 2.22179e-07 151.89 -14.603 3.3294
152.007 -14.3744 3.34806 2.14697e-12 151.89 -14.603 3.3294
152.04 -14.8974 3.32617 0.00688674 151.89 -14.603 3.3294
151.886 -14.704 3.33295 0.187004 151.89 -14.603 3.3294
152.488 -14.2472 3.33319 6.46132e-10 151.89 -14.603 3.3294
151.866 -14.8093 3.35963 1.72491e-24 151.89 -14.603 3.3294
151.939 -14.8975 3.34104 0.000459601 151.89 -14.603 3.3294
