276.721 14.1435 5.13825 9.42527e-11 277.22 14.703 5.1405
277.285 14.7367 5.117 3.19323e-07 277.22 14.703 5.1405
277.244 14.6281 5.13063 0.0377853 277.22 14.703 5.1405
277.099 14.8349 5.13057 0.00691535 277.22 14.703 5.1405
276.965 14.164 5.13642 4.64537e-07 277.22 14.703 5.1405
277.336 14.9786 5.13383 0.000185371 277.22 14.703 5.1405
277.081 14.6908 5.1287 0.0206458 277.22 14.703 5.1405
277.347 14.6727 5.13696 0.033741 277.22 14.703 5.1405
276.596 14.6544 5.13325 2.45287e-07 277.22 14.703 5.1405
276.781 14.9678 5.1242 1.21055e-08 277.22 14.703 5.1405
276.972 14.85 5.14318 0.0133831 277.22 14.703 5.1405
276.889 14.8762 5.14636 0.000904255 277.22 14.703 5.1405
277.039 14.7137 5.13401 0.0738057 277.22 14.703 5.1405
276.987 15.0763 5.12403 7.808e-09 277.22 14.703 5.1405
277.417 14.257 5.12918 5.70859e-06 277.22 14.703 5.1405
276.576 14.8784 5.15969 5.20375e-13 277.22 14.703 5.1405
277.281 14.7315 5.12571 0.000883962 277.22 14.703 5.1405
276.69 14.6468 5.1213 1.40674e-07 277.22 14.703 5.1405
276.955 15.1047 5.12781 4.25483e-08 277.22 14.703 5.1405
276.863 14.3825 5.12984 0.000227971 277.22 14.703 5.1405
277.46 14.4898 5.14169 0.000248185 277.22 14.703 5.1405
277.678 14.9813 5.15233 2.42335e-08 277.22 14.703 5.1405
276.772 15.2131 5.13953 2.56949e-09 277.22 14.703 5.1405
277.474 14.6123 5.12203 2.51571e-06 277.22 14.703 5.1405
277.273 15.142 5.12877 2.40232e-08 277.22 14.703 5.1405
277.15 14.6709 5.14577 0.0410617 277.22 14.703 5.1405
278.051 14.2612 5.12858 9.00718e-21 277.22 14.703 5.1405
276.908 14.5797 5.13138 0.00755187 277.22 14.703 5.1405
277.087 14.7412 5.10601 5.58582e-13 277.22 14.703 5.1405
276.979 14.3576 5.10623 2.23001e-10 277.22 14.703 5.1405
276.938 14.5721 5.14835 0.000244014 277.22 14.703 5.1405
277.089 14.4409 5.12243 0.00101104 277.22 14.703 5.1405
277.384 14.7999 5.13933 0.0118847 277.22 14.703 5.1405
277.193 14.8244 5.1377 0.0759464 277.22 14.703 5.1405
277.501 14.7416 5.13143 0.000112925 277.22 14.703 5.1405
277.201 14.4632 5.13785 0.0198389 277.22 14.703 5.1405
276.851 15.0293 5.13746 1.72208e-05 277.22 14.703 5.1405
277.238 14.4756 5.11247 1.40929e-07 277.22 14.703 5.1405
277.115 14.7257 5.12235 0.000272725 277.22 14.703 5.1405
277.322 14.277 5.13915 2.09368e-05 277.22 14.703 5.1405
276.545 14.9192 5.15439 8.19008e-12 277.22 14.703 5.1405
276.637 14.8387 5.15222 6.1732e-09 277.22 14.703 5.1405
277.257 14.8909 5.13404 0.00570343 277.22 14.703 5.1405
276.758 14.732 5.13926 0.000172588 277.22 14.703 5.1405
276.979 15.2885 5.15179 4.96268e-08 277.22 14.703 5.1405
276.671 14.5654 5.13143 4.91224e-06 277.22 14.703 5.1405
277.56 15.106 5.11558 6.62055e-18 277.22 14.703 5.1405
276.942 14.9412 5.13445 0.000617031 277.22 14.703 5.1405
277.44 14.1751 5.15343 3.04387e-13 277.22 14.703 5.1405
276.903 14.308 5.11313 7.97809e-08 277.22 14.703 5.1405
277.4 14.2105 5.15048 1.20437e-10 277.22 14.703 5.1405
277.481 14.5192 5.12227 3.21306e-06 277.22 14.703 5.1405
277.218 14.5299 5.13146 0.0419258 277.22 14.703 5.1405
277.542 15.2996 5.13204 1.25259e-13 277.22 14.703 5.1405
277.236 14.4775 5.1302 0.016503 277.22 14.703 5.1405
276.597 14.1393 5.13197 5.73938e-12 277.22 14.703 5.1405
276.984 14.8281 5.13105 0.00381945 277.22 14.703 5.1405
277.498 15.3681 5.12907 3.45312e-16 277.22 14.703 5.1405
277.54 15.0584 5.1539 7.16479e-07 277.22 14.703 5.1405
277.283 14.7969 5.12682 0.000592891 277.22 14.703 5.1405
277.211 14.8696 5.1324 0.00661728 277.22 14.703 5.1405
277.095 14.6968 5.13687 0.166786 277.22 14.703 5.1405
276.903 14.5022 5.12342 0.000346411 277.22 14.703 5.1405
277.215 15.0304 5.12676 1.09268e-06 277.22 14.703 5.1405
277.255 15.1204 5.13455 5.26753e-06 277.22 14.703 5.1405
277.749 14.3896 5.15545 2.57198e-14 277.22 14.703 5.1405
277.509 14.6778 5.12125 1.96826e-07 277.22 14.703 5.1405
277.579 14.8844 5.13277 1.30733e-06 277.22 14.703 5.1405
277.572 14.5588 5.14559 7.52348e-06 277.22 14.703 5.1405
277.518 15.3986 5.1409 5.20454e-13 277.22 14.703 5.1405
277.194 14.9993 5.14445 0.00549072 277.22 14.703 5.1405
277.168 14.6928 5.14356 0.0981509 277.22 14.703 5.1405
277.119 14.5094 5.13063 0.0401651 277.22 14.703 5.1405
277.531 14.3942 5.13077 7.09334e-06 277.22 14.703 5.1405
276.531 14.3468 5.13004 2.90955e-10 277.22 14.703 5.1405
277.282 15.4279 5.13101 5.87485e-15 277.22 14.703 5.1405
276.643 14.903 5.13079 4.03518e-08 277.22 14.703 5.1405
276.673 14.1886 5.14093 2.15596e-11 277.22 14.703 5.1405
276.856 14.7812 5.14167 0.00221044 277.22 14.703 5.1405
277.104 14.7205 5.14088 0.149098 277.22 14.703 5.1405
277.335 14.5178 5.13297 0.0114524 277.22 14.703 5.1405
277.449 14.7065 5.14747 0.000903896 277.22 14.703 5.1405
277.652 14.2681 5.14484 6.32598e-11 277.22 14.703 5.1405
276.743 15.1369 5.14324 4.0375e-08 277.22 14.703 5.1405
277.373 14.3852 5.11481 9.98525e-08 277.22 14.703 5.1405
277.481 15.1304 5.12524 1.21254e-11 277.22 14.703 5.1405
277.209 14.151 5.12929 4.03003e-06 277.22 14.703 5.1405
277.038 14.8148 5.14316 0.0454756 277.22 14.703 5.1405
277.142 14.5152 5.13918 0.0433662 277.22 14.703 5.1405
276.72 14.4572 5.11991 3.22141e-07 277.22 14.703 5.1405
277.221 15.1722 5.13553 1.30106e-06 277.22 14.703 5.1405
277.482 15.0683 5.13599 9.37476e-07 277.22 14.703 5.1405
276.808 14.5888 5.14859 8.58385e-06 277.22 14.703 5.1405
277.335 15.1179 5.13976 2.2325e-05 277.22 14.703 5.1405
276.744 15.4848 5.10329 5.99749e-39 277.22 14.703 5.1405
276.984 14.5655 5.12875 0.0133819 277.22 14.703 5.1405
277.095 14.7561 5.11587 2.68867e-07 277.22 14.703 5.1405
276.718 14.7958 5.13948 2.72519e-05 277.22 14.703 5.1405
277.346 14.5237 5.12431 0.000426714 277.22 14.703 5.1405
277.42 14.0038 5.13367 5.14756e-11 277.22 14.703 5.1405
