49.1553 13.2324 0.111746 2.21638e-13
49.5778 12.9583 0.128562 1.70191e-06
49.5501 13.3573 0.136318 2.12542e-06
49.5457 13.1053 0.136439 5.69234e-07
49.082 13.8267 0.130832 3.83115e-09
49.1543 12.9842 0.143962 4.36631e-05
49.0156 13.1448 0.124171 0.000109207
49.9682 12.9588 0.143787 1.02403e-27
48.9649 13.5969 0.112986 1.61556e-19
49.1642 13.1263 0.127502 0.0183273
49.4156 12.904 0.132693 5.2485e-05
48.9407 13.5922 0.1345 0.000940671
49.3337 13.6624 0.114004 1.0289e-17
49.5534 13.3913 0.143286 1.02335e-08
48.6556 12.9381 0.127999 1.27522e-07
49.5245 13.3799 0.129148 4.42256e-06
49.5262 13.4646 0.131524 1.40112e-06
49.3356 12.511 0.152023 1.2612e-26
48.8754 13.401 0.119442 1.18425e-10
49.5198 13.1678 0.132373 3.52891e-05
49.6576 13.4485 0.114964 9.29415e-15
49.3854 12.7654 0.127936 5.87649e-06
48.7402 12.9868 0.137865 0.00963785
49.3232 12.6851 0.137029 1.53865e-08
49.3541 13.1104 0.151321 1.76175e-13
48.8694 13.681 0.128925 5.17501e-08
49.3971 13.358 0.125882 2.90037e-05
49.0516 13.188 0.147971 0.000134011
49.2606 12.7227 0.115616 5.2304e-11
48.9507 13.2119 0.145055 0.0644116
49.3001 13.1919 0.144753 7.28927e-05
49.6408 13.2168 0.145361 5.3222e-12
49.4796 13.7829 0.13502 3.18489e-10
49.6277 12.6496 0.131748 2.46827e-12
49.1871 12.6471 0.129809 1.12593e-06
49.6911 12.9866 0.131187 4.62129e-09
48.9042 12.4282 0.141688 1.50813e-14
49.1936 12.8301 0.144492 3.29692e-08
49.2936 12.9789 0.11423 1.39225e-10
49.561 13.8455 0.138751 6.29643e-13
49.3329 13.4614 0.132022 0.000430809
49.3981 12.9252 0.132366 0.000167592
49.4525 13.2118 0.141878 4.90578e-06
49.3242 12.9422 0.132333 0.00171735
49.1463 13.0497 0.135098 0.14154
48.9953 13.2352 0.135773 0.564334
49.1519 13.0488 0.143493 0.000395069
49.1834 13.1141 0.138529 0.0454728
49.0626 12.8645 0.111554 8.03437e-16
49.6574 12.8901 0.141378 6.48479e-15
48.7239 13.4857 0.125687 9.78045e-09
48.7734 14.1994 0.137919 4.54411e-17
49.2291 12.7904 0.135233 5.64614e-05
49.4408 13.1306 0.118719 1.93792e-07
49.7114 13.1173 0.129748 1.08123e-08
49.4488 13.3238 0.151573 2.44162e-11
49.0014 12.7883 0.123755 1.00255e-06
49.3316 12.7276 0.124247 1.27226e-06
48.785 12.5575 0.150006 1.35093e-15
49.2538 13.1201 0.128706 0.023807
49.7128 12.7045 0.11516 2.52828e-13
49.1102 12.8444 0.112074 1.18355e-14
48.7715 13.3303 0.128937 0.000127749
49.6032 12.6588 0.130511 3.23203e-11
50.0026 13.3341 0.124508 1.79953e-16
48.7459 13.3003 0.125096 5.24994e-07
49.7005 12.8113 0.115083 3.22058e-12
49.8022 12.7736 0.132903 4.70203e-15
49.2033 12.955 0.126264 0.00204394
49.023 13.1697 0.12019 1.07114e-07
49.3436 13.0068 0.115846 4.54261e-09
49.4825 13.1542 0.133456 0.000100208
49.6161 12.8278 0.121744 1.29762e-08
49.6541 12.9439 0.129495 3.67626e-08
49.4952 13.1986 0.129246 9.00335e-05
49.1953 12.7941 0.120247 1.96085e-07
49.2971 13.3527 0.144226 0.000223689
49.8719 13.1863 0.151463 1.67648e-24
49.6194 13.5658 0.131722 2.4361e-09
49.3035 13.6262 0.132874 1.06364e-05
49.1189 13.086 0.14262 0.00467667
49.0834 13.2553 0.120428 1.09624e-06
49.0131 12.704 0.126255 1.15323e-06
48.6489 12.8309 0.146115 6.59764e-07
48.7413 13.3059 0.116254 1.11901e-14
48.9917 13.0943 0.1437 0.0173323
49.0125 13.0107 0.126939 0.00242519
49.6899 13.1874 0.134182 1.60665e-08
49.6808 13.0399 0.122863 2.98553e-08
49.2011 13.5548 0.143405 0.000568898
48.8839 13.0331 0.140092 0.0961757
49.3259 12.9972 0.127558 0.00250091
49.5753 12.9741 0.152825 1.27166e-23
49.829 12.7066 0.136619 1.64097e-19
48.5871 12.6323 0.126575 6.67027e-14
49.4092 12.5673 0.128914 8.18599e-10
49.2402 13.0372 0.119858 2.67255e-06
49.4545 13.0756 0.120162 1.44599e-06
49.0901 12.7993 0.12756 0.000145986
49.2207 13.5441 0.137621 0.00183041
