203.586 -10.1085 3.09914 3.21344e-10
203.798 -9.11609 3.07794 8.64812e-11
203.054 -9.52078 3.06703 3.55369e-05
203.236 -9.38295 3.09078 0.119972
203.418 -9.23392 3.08048 0.000605341
203.898 -10.1123 3.07993 6.66973e-14
203.143 -9.61778 3.09213 0.01113
203.232 -9.45482 3.07822 0.0149323
203.152 -9.74681 3.10079 1.9629e-06
203.412 -9.63299 3.07482 0.000100364
203.551 -9.79829 3.09493 0.000141166
203.055 -9.08217 3.09371 0.000709101
203.101 -9.67033 3.08706 0.0232462
203.328 -9.50394 3.08891 0.115591
203.275 -9.60285 3.07583 0.00270011
203.674 -9.69211 3.10019 6.14787e-05
203.115 -9.87972 3.07244 0.000180382
203.346 -10.0097 3.08598 1.70394e-05
202.98 -9.29941 3.10362 5.3378e-07
203.196 -10.1675 3.07114 4.14097e-08
203.204 -9.58763 3.07882 0.0257629
203.466 -10.176 3.08161 1.12274e-08
203.13 -9.73206 3.09016 0.00410984
204.188 -9.45095 3.08576 3.86303e-13
203.48 -9.67568 3.08172 0.00131718
203.211 -9.57794 3.08628 0.0975023
203.546 -9.94046 3.06869 2.29591e-10
203.831 -9.76915 3.07828 8.62029e-10
203.275 -10.2394 3.06612 3.48523e-11
203.348 -9.3477 3.08661 0.0763184
203.285 -9.48252 3.0891 0.137183
203.72 -10.1135 3.04538 4.72995e-34
202.751 -9.22375 3.08568 0.000103554
203.06 -9.34877 3.06005 8.24739e-10
203.858 -9.60386 3.09264 1.29493e-05
203.338 -8.85174 3.09628 4.56648e-05
203.43 -9.26864 3.09409 0.0524395
203.76 -10.075 3.09076 1.38744e-09
202.894 -10.2599 3.10921 1.35264e-24
203.481 -9.59987 3.08947 0.0183608
203.549 -9.41754 3.07511 2.30681e-06
203.478 -9.49517 3.0747 1.75707e-05
203.238 -9.46714 3.09272 0.0673329
203.064 -9.86517 3.06859 3.71957e-05
203.216 -9.4248 3.07932 0.0251024
203.267 -9.52062 3.07622 0.00392651
202.79 -10.198 3.08702 9.67855e-11
202.769 -9.31071 3.07497 0.000357715
202.535 -9.80592 3.08408 6.27757e-08
203.13 -9.5212 3.10034 0.000124331
202.807 -9.59324 3.0665 8.45394e-05
203.032 -9.31575 3.0874 0.032108
203.464 -8.69626 3.07435 1.26974e-14
203.225 -9.61521 3.07745 0.0109915
203.061 -10.2768 3.0749 7.83252e-09
203.219 -10.237 3.06888 8.46988e-10
203.102 -9.55111 3.07218 0.00166184
203.179 -9.71022 3.081 0.0212144
202.932 -9.65321 3.07535 0.00830032
202.945 -9.26754 3.08555 0.00832268
203.495 -9.74017 3.07292 1.20618e-06
203.736 -9.60972 3.09385 0.00030783
203.025 -9.22495 3.09586 0.000832938
203.299 -10.4965 3.08427 1.83271e-14
203.551 -9.39835 3.08589 0.00545055
202.832 -9.32748 3.08869 0.000717294
203.794 -9.6402 3.08831 1.39614e-05
203.991 -8.99066 3.08631 2.60525e-11
203.977 -9.54856 3.07037 5.21511e-17
203.115 -9.98241 3.07607 8.58169e-05
202.889 -9.33401 3.08544 0.00622885
203.332 -9.72237 3.07504 0.000331703
203.048 -9.70018 3.07342 0.00331999
203.309 -9.9155 3.09288 3.77886e-05
203.121 -9.79271 3.08087 0.00743871
202.858 -9.39072 3.075 0.00251298
202.803 -9.34596 3.07308 0.000425713
203.172 -9.7189 3.08429 0.023629
203.184 -9.469 3.07216 0.000492643
203.607 -9.34376 3.09034 0.00775779
203.396 -10.0105 3.08439 1.11251e-05
203.637 -9.72939 3.08984 0.000280048
203.462 -9.57668 3.07856 0.000618115
203.377 -9.64342 3.0841 0.0189514
203.476 -9.58159 3.09413 0.0158773
202.499 -9.62557 3.0769 4.71943e-06
203.213 -10.0076 3.07343 8.11047e-06
203.553 -9.4159 3.07028 6.85519e-09
203.462 -10.0563 3.08054 5.60624e-07
203.616 -9.50529 3.07451 2.40056e-07
203.154 -9.57015 3.06632 5.96986e-06
203.519 -9.96984 3.0759 1.69648e-07
203.174 -9.72369 3.08701 0.016165
203.217 -9.8661 3.07061 2.14522e-05
203.706 -9.46756 3.06328 2.80358e-16
203.647 -9.32906 3.08671 0.000746386
202.999 -9.90255 3.08189 0.000531177
203.565 -9.75908 3.09303 0.000460783
203.459 -9.72984 3.08917 0.00397178
203.019 -9.90604 3.07666 0.000595821
