8.74914 -93.97 3.46852 2.08618e-06 8.9705 -94.42 3.4452
9.06854 -93.929 3.44528 0.0199398 8.9705 -94.42 3.4452
9.32426 -94.04 3.45269 0.0307868 8.9705 -94.42 3.4452
8.25841 -94.2656 3.44527 1.82857e-06 8.9705 -94.42 3.4452
9.10836 -94.4452 3.43463 0.00132469 8.9705 -94.42 3.4452
9.00026 -93.6433 3.4382 6.86559e-07 8.9705 -94.42 3.4452
8.82897 -93.47 3.44242 6.30043e-08 8.9705 -94.42 3.4452
8.6646 -94.1844 3.44478 0.01879 8.9705 -94.42 3.4452
8.65285 -94.5394 3.45018 0.000285512 8.9705 -94.42 3.4452
8.30123 -94.1542 3.4651 2.02182e-11 8.9705 -94.42 3.4452
8.78791 -94.2186 3.43476 0.00347942 8.9705 -94.42 3.4452
9.08249 -93.6741 3.46448 0.000842483 8.9705 -94.42 3.4452
9.08318 -93.5648 3.46893 3.02965e-05 8.9705 -94.42 3.4452
8.90948 -94.1536 3.44834 0.16331 8.9705 -94.42 3.4452
9.60758 -93.7878 3.44506 2.75678e-07 8.9705 -94.42 3.4452
8.86188 -94.9103 3.43214 7.45828e-06 8.9705 -94.42 3.4452
8.79581 -94.2421 3.45415 0.014751 8.9705 -94.42 3.4452
8.57698 -93.7613 3.45052 8.30009e-05 8.9705 -94.42 3.4452
8.4765 -95.2534 3.46278 1.2964e-23 8.9705 -94.42 3.4452
8.4955 -93.997 3.44261 0.00025578 8.9705 -94.42 3.4452
9.44151 -94.2019 3.45426 0.00490627 8.9705 -94.42 3.4452
9.33202 -93.8579 3.42027 1.28245e-16 8.9705 -94.42 3.4452
9.4683 -93.9704 3.4435 5.99973e-05 8.9705 -94.42 3.4452
8.65246 -93.9752 3.444 0.00352097 8.9705 -94.42 3.4452
9.41581 -94.5104 3.45966 1.87784e-05 8.9705 -94.42 3.4452
9.59915 -93.9996 3.45022 9.04841e-05 8.9705 -94.42 3.4452
9.25862 -94.6071 3.44183 0.000662939 8.9705 -94.42 3.4452
9.30151 -94.235 3.431 1.74128e-06 8.9705 -94.42 3.4452
9.42074 -94.6762 3.44867 1.60333e-05 8.9705 -94.42 3.4452
9.18595 -94.651 3.45828 7.57182e-06 8.9705 -94.42 3.4452
8.71493 -94.1083 3.43034 4.15642e-05 8.9705 -94.42 3.4452
8.63636 -94.3346 3.42611 1.24947e-05 8.9705 -94.42 3.4452
8.22038 -94.1956 3.44855 1.97592e-07 8.9705 -94.42 3.4452
8.60842 -94.6245 3.44232 0.000465856 8.9705 -94.42 3.4452
9.2087 -94.1296 3.45098 0.101481 8.9705 -94.42 3.4452
9.14051 -93.665 3.44062 3.55878e-06 8.9705 -94.42 3.4452
8.59728 -93.817 3.45521 0.000143508 8.9705 -94.42 3.4452
8.58487 -94.4861 3.46639 1.42605e-10 8.9705 -94.42 3.4452
8.86053 -94.8252 3.4397 0.000105024 8.9705 -94.42 3.4452
9.56253 -94.5185 3.45294 1.28031e-05 8.9705 -94.42 3.4452
8.97276 -94.4153 3.43228 0.00115311 8.9705 -94.42 3.4452
8.37118 -94.3744 3.43114 1.21506e-05 8.9705 -94.42 3.4452
8.90774 -93.7997 3.44783 0.00645983 8.9705 -94.42 3.4452
8.74365 -94.3543 3.44401 0.0353306 8.9705 -94.42 3.4452
8.50812 -94.3539 3.44428 0.00105137 8.9705 -94.42 3.4452
9.10555 -94.8032 3.45042 1.07939e-05 8.9705 -94.42 3.4452
8.75451 -95.2596 3.43684 1.07809e-10 8.9705 -94.42 3.4452
9.13357 -94.2503 3.44932 0.127296 8.9705 -94.42 3.4452
9.01947 -94.374 3.46122 0.000410011 8.9705 -94.42 3.4452
9.11474 -94.3826 3.43569 0.00250818 8.9705 -94.42 3.4452
9.44197 -94.3028 3.45667 0.0014526 8.9705 -94.42 3.4452
8.41492 -94.7315 3.4337 5.56573e-06 8.9705 -94.42 3.4452
8.84056 -94.1821 3.45276 0.0524926 8.9705 -94.42 3.4452
9.50045 -94.0864 3.45875 0.00176083 8.9705 -94.42 3.4452
9.18144 -94.7089 3.46589 1.3422e-09 8.9705 -94.42 3.4452
9.16902 -94.3778 3.43941 0.00824695 8.9705 -94.42 3.4452
9.10568 -94.5196 3.42623 2.30975e-06 8.9705 -94.42 3.4452
8.5212 -94.6021 3.4515 2.92157e-06 8.9705 -94.42 3.4452
9.03437 -93.931 3.46218 0.00896379 8.9705 -94.42 3.4452
8.93806 -93.8357 3.4381 0.000119607 8.9705 -94.42 3.4452
9.23487 -93.8679 3.46725 0.000981485 8.9705 -94.42 3.4452
9.11145 -94.3092 3.45065 0.0912388 8.9705 -94.42 3.4452
9.31644 -94.8408 3.44499 2.26273e-06 8.9705 -94.42 3.4452
9.53147 -94.8801 3.4563 3.36119e-10 8.9705 -94.42 3.4452
9.16079 -93.8725 3.46716 0.000980949 8.9705 -94.42 3.4452
8.59959 -94.1295 3.44707 0.00563096 8.9705 -94.42 3.4452
9.00828 -93.9839 3.44481 0.0389743 8.9705 -94.42 3.4452
8.70743 -94.2776 3.43698 0.0083738 8.9705 -94.42 3.4452
9.76043 -94.5765 3.42131 7.52932e-18 8.9705 -94.42 3.4452
9.49998 -94.2192 3.46918 3.51366e-06 8.9705 -94.42 3.4452
8.62917 -94.0557 3.44031 0.00252667 8.9705 -94.42 3.4452
8.50816 -94.7603 3.45048 9.27052e-08 8.9705 -94.42 3.4452
8.65055 -94.0743 3.41756 1.4812e-11 8.9705 -94.42 3.4452
8.685 -94.3794 3.43205 0.00104971 8.9705 -94.42 3.4452
8.69755 -94.2859 3.43813 0.0114798 8.9705 -94.42 3.4452
8.56525 -95.1609 3.45955 3.4069e-18 8.9705 -94.42 3.4452
8.74536 -94.1256 3.45242 0.0212298 8.9705 -94.42 3.4452
8.89109 -93.8806 3.46106 0.00377889 8.9705 -94.42 3.4452
8.90983 -95.1126 3.46207 6.80253e-16 8.9705 -94.42 3.4452
9.0029 -94.5408 3.44317 0.01653 8.9705 -94.42 3.4452
9.12854 -94.3205 3.45221 0.0608806 8.9705 -94.42 3.4452
9.35483 -94.3215 3.42717 1.70194e-08 8.9705 -94.42 3.4452
9.47906 -93.933 3.45701 0.00255858 8.9705 -94.42 3.4452
8.95067 -94.4366 3.44756 0.0461703 8.9705 -94.42 3.4452
8.62801 -93.7609 3.45048 0.000217818 8.9705 -94.42 3.4452
8.9012 -93.7504 3.44964 0.00397926 8.9705 -94.42 3.4452
9.64739 -94.3989 3.45948 3.12476e-06 8.9705 -94.42 3.4452
9.51457 -94.5449 3.45337 1.97427e-05 8.9705 -94.42 3.4452
8.85179 -93.8652 3.44309 0.00322522 8.9705 -94.42 3.4452
9.57012 -94.8016 3.44417 2.88117e-08 8.9705 -94.42 3.4452
8.94038 -93.7751 3.45008 0.00793849 8.9705 -94.42 3.4452
9.44241 -93.7837 3.45803 0.00143673 8.9705 -94.42 3.4452
9.04346 -93.9767 3.46634 0.000818131 8.9705 -94.42 3.4452
8.6324 -94.4621 3.44406 0.00410132 8.9705 -94.42 3.4452
8.4549 -94.1487 3.45989 6.46434e-07 8.9705 -94.42 3.4452
8.87062 -94.0037 3.46677 7.59816e-05 8.9705 -94.42 3.4452
9.28523 -94.3151 3.45119 0.0236098 8.9705 -94.42 3.4452
8.66618 -93.9177 3.43253 5.40613e-06 8.9705 -94.42 3.4452
8.71005 -94.4603 3.42613 3.02222e-05 8.9705 -94.42 3.4452
9.32942 -94.0489 3.45535 0.0294253 8.9705 -94.42 3.4452
