58.551 13.3155 0.130444 0.394888
58.5827 13.2264 0.13917 0.00206621
59.251 13.2861 0.140894 3.95207e-14
58.9723 13.6247 0.133752 2.15819e-05
58.7032 13.1877 0.13513 0.00379027
58.121 13.0207 0.136599 4.89297e-07
58.6267 13.6778 0.123414 0.0104523
58.7579 13.7071 0.139012 4.80754e-05
58.6257 12.9967 0.122344 0.000250042
59.147 13.6666 0.144939 1.0034e-14
58.6566 14.1046 0.141401 2.14202e-10
58.9868 13.0333 0.133472 2.84437e-07
58.8565 14.1348 0.119564 3.14159e-11
58.0823 13.675 0.140791 7.3838e-07
58.6277 13.0449 0.127069 0.00356509
58.5679 13.2123 0.129868 0.129193
59.3013 13.3399 0.113564 1.73102e-10
58.9747 13.2498 0.124123 0.000403855
58.8493 13.1708 0.139463 2.29377e-06
59.2638 13.5613 0.124267 1.37012e-08
58.8872 13.4996 0.133525 0.00101769
58.337 13.4969 0.129179 0.000483363
58.5191 13.316 0.118404 0.00185561
58.2014 13.0861 0.132489 2.74783e-05
58.9526 13.6978 0.114447 3.31191e-07
58.3156 13.7804 0.133685 5.34779e-06
58.6256 13.4439 0.148186 8.36733e-08
58.9235 13.097 0.161345 8.38751e-28
58.4806 12.7542 0.134904 1.8775e-08
58.6749 13.0595 0.123272 0.00154143
59.0747 14.014 0.13423 1.46255e-11
58.5201 13.5655 0.132469 0.260036
58.5549 13.3366 0.154228 3.39327e-12
58.7849 13.6937 0.134908 0.000702797
58.6661 13.6416 0.135641 0.0093213
58.5698 13.6435 0.147743 1.67357e-07
57.9925 13.342 0.140571 4.32272e-07
58.615 13.8136 0.148703 7.39668e-10
57.699 12.9486 0.135293 1.2645e-16
58.4194 13.1141 0.15324 1.52751e-13
58.3704 13.3552 0.132959 0.0133905
58.2231 13.2463 0.134535 0.000618229
58.428 13.2087 0.138158 0.00312721
58.5608 13.5527 0.116261 0.000148322
59.0411 12.9565 0.130467 2.9728e-08
58.7345 13.0691 0.137347 3.69975e-05
58.3698 13.7695 0.144772 1.26586e-06
58.2909 13.269 0.136343 0.0026777
58.5416 13.1571 0.119119 0.000756677
58.8404 12.9873 0.138222 1.29316e-07
58.5511 13.0839 0.144537 6.19675e-07
59.0755 13.4914 0.133481 1.75221e-06
58.898 13.4199 0.148629 7.29487e-12
59.0381 13.4155 0.138276 1.10071e-07
58.3887 13.4285 0.143303 0.000295083
58.2006 13.4549 0.13908 0.000349026
57.8474 13.6234 0.117922 1.95977e-22
58.8237 13.2112 0.140492 3.05726e-06
57.72 13.4166 0.137092 8.6481e-13
58.9599 13.6755 0.1325 3.2099e-05
58.7029 12.7806 0.140196 2.20189e-10
58.3152 13.5747 0.149083 1.50513e-07
58.4641 12.6685 0.130597 1.06179e-09
58.7957 13.4779 0.124958 0.0383033
58.7002 13.1029 0.126942 0.00753637
58.5797 13.6136 0.139316 0.00342322
57.9587 13.7219 0.12022 1.35837e-18
58.3952 12.9479 0.111099 1.72592e-15
58.7553 13.2394 0.140159 4.1721e-05
58.6839 13.161 0.139754 8.35936e-05
59.0719 13.4328 0.140125 2.82224e-09
58.5813 12.8809 0.12465 1.76585e-05
58.8904 13.568 0.126326 0.00401049
58.767 13.3737 0.140145 0.000109183
58.6513 13.2426 0.149372 1.26927e-09
59.3338 13.0989 0.139251 1.36303e-16
58.4143 13.1092 0.137059 0.000863216
58.1646 13.1003 0.147229 1.87888e-09
58.907 13.9626 0.138043 2.13232e-09
59.3137 13.0748 0.120939 7.79079e-11
58.2897 13.4674 0.132458 0.0016199
58.8492 13.1484 0.131003 0.000791401
58.8976 13.3889 0.134027 0.000612706
58.0046 13.6213 0.138424 1.80484e-07
58.6856 13.0837 0.132756 0.00214855
58.3344 13.5006 0.137549 0.00391297
58.0524 13.4506 0.139216 5.72011e-06
58.3793 13.3782 0.139637 0.00411993
58.9002 13.4114 0.148118 1.66801e-11
58.9007 13.0837 0.132202 3.19755e-05
58.3629 13.3355 0.148639 1.79201e-07
58.5829 13.2674 0.147252 2.51315e-07
58.4626 13.594 0.118654 0.000458454
58.5392 13.7586 0.139115 0.000582502
58.4546 13.4135 0.111783 2.11393e-07
58.4355 13.6384 0.117176 3.25809e-05
58.3481 13.616 0.109185 1.31047e-21
58.4525 13.3314 0.119236 0.00219058
58.5691 13.2014 0.126422 0.0827322
58.3773 13.3619 0.129966 0.00525848
