135.197 -17.3885 3.36222 1.97432e-05 135.14 -17.417 3.3701
135.295 -17.4083 3.3606 2.45679e-07 135.14 -17.417 3.3701
135.632 -17.3863 3.37119 3.01888e-08 135.14 -17.417 3.3701
135.11 -17.6373 3.37348 0.178795 135.14 -17.417 3.3701
135.438 -17.9492 3.38556 4.60155e-08 135.14 -17.417 3.3701
135.22 -17.5118 3.36565 0.00137919 135.14 -17.417 3.3701
135.248 -17.4163 3.36998 0.00501839 135.14 -17.417 3.3701
135.439 -17.7331 3.36326 1.95658e-07 135.14 -17.417 3.3701
134.748 -17.1794 3.37327 0.000200071 135.14 -17.417 3.3701
135.122 -17.2736 3.36914 0.00223423 135.14 -17.417 3.3701
135.301 -17.2354 3.36925 3.81891e-05 135.14 -17.417 3.3701
134.988 -16.9745 3.36664 1.07468e-07 135.14 -17.417 3.3701
135.564 -17.3194 3.39858 9.9842e-14 135.14 -17.417 3.3701
135.107 -17.3831 3.37861 0.0236287 135.14 -17.417 3.3701
135.314 -17.5811 3.38319 0.000853821 135.14 -17.417 3.3701
135.093 -16.5957 3.37327 2.09699e-15 135.14 -17.417 3.3701
135.131 -17.5554 3.37032 0.100675 135.14 -17.417 3.3701
135.646 -17.5134 3.37244 1.18881e-07 135.14 -17.417 3.3701
134.742 -17.2817 3.36052 2.31984e-05 135.14 -17.417 3.3701
135.709 -17.3441 3.37451 3.82332e-09 135.14 -17.417 3.3701
134.885 -17.7236 3.34873 1.00584e-10 135.14 -17.417 3.3701
134.6 -17.3418 3.37643 5.5445e-05 135.14 -17.417 3.3701
135.371 -17.2804 3.37937 0.000214524 135.14 -17.417 3.3701
135.739 -17.3966 3.35302 3.4756e-23 135.14 -17.417 3.3701
134.928 -17.0694 3.35864 2.60166e-09 135.14 -17.417 3.3701
135.733 -17.8568 3.37816 1.01604e-09 135.14 -17.417 3.3701
134.858 -17.8274 3.36788 0.0310965 135.14 -17.417 3.3701
135.26 -17.5357 3.38037 0.00898172 135.14 -17.417 3.3701
135.111 -17.0613 3.38274 2.88498e-06 135.14 -17.417 3.3701
135.443 -17.6486 3.38326 6.24999e-05 135.14 -17.417 3.3701
135.08 -17.8391 3.36424 0.0018726 135.14 -17.417 3.3701
135.339 -17.3885 3.33997 8.3139e-29 135.14 -17.417 3.3701
135.881 -17.4913 3.36716 2.15918e-15 135.14 -17.417 3.3701
135.363 -16.8011 3.38008 2.14731e-11 135.14 -17.417 3.3701
135.015 -17.8464 3.37571 0.0149337 135.14 -17.417 3.3701
134.801 -17.3273 3.35015 3.79191e-11 135.14 -17.417 3.3701
134.924 -17.3159 3.37522 0.0194003 135.14 -17.417 3.3701
134.787 -17.4414 3.37508 0.0228179 135.14 -17.417 3.3701
136.025 -17.4442 3.36673 3.65423e-20 135.14 -17.417 3.3701
134.846 -17.0388 3.37252 8.67611e-06 135.14 -17.417 3.3701
135.347 -16.7053 3.35173 7.54018e-28 135.14 -17.417 3.3701
134.738 -17.3285 3.36803 0.00439309 135.14 -17.417 3.3701
135.557 -16.8764 3.37344 5.92892e-13 135.14 -17.417 3.3701
135.97 -17.6611 3.36145 1.29144e-21 135.14 -17.417 3.3701
135.165 -17.0679 3.38284 3.11858e-06 135.14 -17.417 3.3701
134.715 -16.9817 3.38006 8.12574e-09 135.14 -17.417 3.3701
134.482 -16.8291 3.3633 7.86207e-14 135.14 -17.417 3.3701
135.035 -17.3641 3.35979 1.6358e-05 135.14 -17.417 3.3701
134.948 -17.5074 3.35606 3.36126e-06 135.14 -17.417 3.3701
135.175 -17.2368 3.37166 0.00137402 135.14 -17.417 3.3701
135.441 -17.1869 3.37063 5.30864e-07 135.14 -17.417 3.3701
135.236 -17.6793 3.38626 5.49611e-05 135.14 -17.417 3.3701
135.577 -17.3244 3.3788 1.84347e-06 135.14 -17.417 3.3701
135.251 -17.4704 3.3728 0.0213262 135.14 -17.417 3.3701
135.072 -17.3575 3.36738 0.0078582 135.14 -17.417 3.3701
135.283 -18.1003 3.37391 2.30977e-06 135.14 -17.417 3.3701
135.649 -17.0435 3.36253 5.89038e-17 135.14 -17.417 3.3701
135.355 -17.6535 3.36865 0.000516604 135.14 -17.417 3.3701
135.15 -17.8415 3.37293 0.0144827 135.14 -17.417 3.3701
135.276 -17.7768 3.35741 2.18283e-08 135.14 -17.417 3.3701
135.36 -17.6778 3.36604 6.24303e-05 135.14 -17.417 3.3701
135.302 -17.2607 3.3924 1.05279e-08 135.14 -17.417 3.3701
134.696 -17.486 3.36693 0.0163214 135.14 -17.417 3.3701
134.956 -18.0646 3.35696 1.09362e-07 135.14 -17.417 3.3701
135.421 -17.4765 3.36021 3.95934e-09 135.14 -17.417 3.3701
135.567 -17.1897 3.36864 1.01704e-09 135.14 -17.417 3.3701
135.501 -17.4689 3.37738 9.26098e-05 135.14 -17.417 3.3701
135.098 -17.4599 3.36471 0.00380397 135.14 -17.417 3.3701
135.426 -17.2179 3.36862 4.42509e-07 135.14 -17.417 3.3701
135.048 -17.0984 3.38314 5.53477e-06 135.14 -17.417 3.3701
134.922 -17.4695 3.36802 0.0977727 135.14 -17.417 3.3701
135.047 -16.8945 3.38653 2.43947e-10 135.14 -17.417 3.3701
135.959 -17.1647 3.38489 2.98288e-15 135.14 -17.417 3.3701
135.613 -17.3357 3.37534 2.96951e-07 135.14 -17.417 3.3701
135.297 -17.7505 3.37146 0.0039203 135.14 -17.417 3.3701
135.119 -17.4532 3.36525 0.00388106 135.14 -17.417 3.3701
135.319 -17.6872 3.37693 0.00622006 135.14 -17.417 3.3701
134.796 -17.1565 3.34813 3.95475e-15 135.14 -17.417 3.3701
135.528 -17.1863 3.36929 8.49471e-09 135.14 -17.417 3.3701
135.659 -17.4235 3.36467 1.83304e-11 135.14 -17.417 3.3701
135.089 -16.9415 3.3709 1.36872e-07 135.14 -17.417 3.3701
134.995 -17.5034 3.36746 0.0858107 135.14 -17.417 3.3701
135.232 -17.3044 3.39572 9.36316e-11 135.14 -17.417 3.3701
135.887 -16.9118 3.37525 1.54754e-18 135.14 -17.417 3.3701
135.205 -17.525 3.38008 0.0176163 135.14 -17.417 3.3701
134.99 -17.3479 3.37562 0.0391178 135.14 -17.417 3.3701
135.554 -18.0782 3.37806 2.46239e-09 135.14 -17.417 3.3701
134.678 -17.2306 3.38037 3.42979e-06 135.14 -17.417 3.3701
134.978 -17.9989 3.3713 0.00125867 135.14 -17.417 3.3701
135.244 -17.3113 3.36037 1.32317e-07 135.14 -17.417 3.3701
134.849 -16.9822 3.38175 3.86936e-08 135.14 -17.417 3.3701
134.92 -17.5862 3.37406 0.225537 135.14 -17.417 3.3701
135.132 -17.4745 3.35736 5.5788e-07 135.14 -17.417 3.3701
135.148 -17.2321 3.37083 0.00130175 135.14 -17.417 3.3701
135.716 -17.5085 3.35965 8.32862e-16 135.14 -17.417 3.3701
135.24 -16.8573 3.3474 1.21206e-26 135.14 -17.417 3.3701
135.304 -17.3133 3.36631 2.07553e-05 135.14 -17.417 3.3701
135.014 -17.3118 3.36681 0.00401595 135.14 -17.417 3.3701
135.251 -17.6357 3.37319 0.0308903 135.14 -17.417 3.3701
135.166 -17.4217 3.35665 3.81153e-08 135.14 -17.417 3.3701
