10.1892 3.21305 0.316505 0.000106727 10.532 3.3136 0.30853
10.7406 2.9484 0.318314 1.0821e-12 10.532 3.3136 0.30853
10.4586 3.26123 0.290893 9.11172e-09 10.532 3.3136 0.30853
10.5388 3.0521 0.296948 6.14613e-06 10.532 3.3136 0.30853
10.6504 2.83639 0.3154 8.49664e-12 10.532 3.3136 0.30853
10.7075 3.37494 0.314892 3.5111e-05 10.532 3.3136 0.30853
10.9017 3.62352 0.317329 1.41683e-12 10.532 3.3136 0.30853
10.3041 3.0506 0.303925 7.06823e-06 10.532 3.3136 0.30853
10.359 3.07975 0.310729 0.000393429 10.532 3.3136 0.30853
10.3603 3.07617 0.310822 0.000347591 10.532 3.3136 0.30853
10.7 3.08075 0.3119 1.19566e-05 10.532 3.3136 0.30853
11.0542 3.14952 0.297001 1.52651e-06 10.532 3.3136 0.30853
10.68 3.28725 0.301853 0.0977946 10.532 3.3136 0.30853
10.6342 3.12871 0.308302 0.00310918 10.532 3.3136 0.30853
10.5969 3.34005 0.318702 3.71735e-06 10.532 3.3136 0.30853
9.96314 3.16094 0.305217 3.45377e-11 10.532 3.3136 0.30853
10.5936 3.44665 0.305358 0.246 10.532 3.3136 0.30853
10.524 2.94609 0.314594 1.38283e-07 10.532 3.3136 0.30853
10.6594 3.55036 0.300079 0.0185464 10.532 3.3136 0.30853
10.7716 3.46731 0.310414 0.000575253 10.532 3.3136 0.30853
10.6109 3.81711 0.323274 7.80115e-15 10.532 3.3136 0.30853
11.0585 2.8772 0.30431 8.78224e-13 10.532 3.3136 0.30853
10.0179 2.93678 0.312372 5.53955e-11 10.532 3.3136 0.30853
10.6398 3.29183 0.28986 6.66696e-07 10.532 3.3136 0.30853
10.5818 2.63841 0.300587 4.56406e-15 10.532 3.3136 0.30853
10.1883 2.83438 0.323589 3.84743e-14 10.532 3.3136 0.30853
10.4664 3.63008 0.324378 1.46832e-10 10.532 3.3136 0.30853
10.5279 3.6488 0.315546 2.92173e-05 10.532 3.3136 0.30853
10.8282 3.14554 0.306912 0.000125724 10.532 3.3136 0.30853
11.0271 3.40837 0.309425 1.92766e-08 10.532 3.3136 0.30853
10.4168 3.53849 0.30883 0.0363247 10.532 3.3136 0.30853
10.7495 3.1889 0.310613 0.000191347 10.532 3.3136 0.30853
10.569 3.5953 0.314098 0.000288597 10.532 3.3136 0.30853
10.4824 2.84684 0.335147 1.12455e-28 10.532 3.3136 0.30853
10.9785 3.45406 0.299644 0.000279608 10.532 3.3136 0.30853
10.3285 2.9429 0.294938 2.85211e-12 10.532 3.3136 0.30853
10.182 3.97611 0.307403 1.0635e-12 10.532 3.3136 0.30853
10.5081 3.60255 0.320136 2.68582e-07 10.532 3.3136 0.30853
10.2935 2.73903 0.307524 1.69749e-12 10.532 3.3136 0.30853
10.6912 3.51334 0.312904 0.000280814 10.532 3.3136 0.30853
10.1486 3.42495 0.308632 0.000177111 10.532 3.3136 0.30853
11.0375 3.5636 0.304541 4.32893e-07 10.532 3.3136 0.30853
10.9854 2.98017 0.324448 1.06057e-25 10.532 3.3136 0.30853
10.4917 3.00924 0.29743 6.945e-07 10.532 3.3136 0.30853
10.9611 3.31891 0.299981 0.000525661 10.532 3.3136 0.30853
10.7795 2.75381 0.295172 1.23721e-12 10.532 3.3136 0.30853
10.776 3.26566 0.315008 9.78017e-07 10.532 3.3136 0.30853
10.3277 3.57297 0.304863 0.00141566 10.532 3.3136 0.30853
10.7522 3.26903 0.288512 4.23739e-07 10.532 3.3136 0.30853
10.5621 3.1301 0.318066 9.3413e-07 10.532 3.3136 0.30853
10.7741 3.19669 0.304144 0.00659943 10.532 3.3136 0.30853
10.1735 3.94651 0.310766 1.79149e-11 10.532 3.3136 0.30853
10.1032 3.03395 0.316762 7.68995e-08 10.532 3.3136 0.30853
10.0605 2.95049 0.333761 1.09072e-19 10.532 3.3136 0.30853
10.6708 3.53456 0.317281 9.10207e-07 10.532 3.3136 0.30853
10.2943 2.88032 0.3045 3.00997e-09 10.532 3.3136 0.30853
10.9816 3.58306 0.316177 2.44098e-13 10.532 3.3136 0.30853
9.84747 3.19532 0.299209 2.08322e-19 10.532 3.3136 0.30853
10.6324 2.90101 0.312181 2.0549e-08 10.532 3.3136 0.30853
10.1843 2.92425 0.321643 6.27765e-11 10.532 3.3136 0.30853
11.1199 3.77216 0.307276 2.30221e-13 10.532 3.3136 0.30853
10.8906 3.56493 0.311684 2.12163e-07 10.532 3.3136 0.30853
10.3381 3.56492 0.320134 7.35828e-06 10.532 3.3136 0.30853
10.2054 3.33928 0.301074 2.97749e-06 10.532 3.3136 0.30853
10.4833 3.34113 0.311443 0.0714064 10.532 3.3136 0.30853
10.8592 3.53192 0.319613 9.75001e-13 10.532 3.3136 0.30853
10.4391 3.32632 0.323472 5.29255e-08 10.532 3.3136 0.30853
10.3744 3.34223 0.334181 1.36765e-18 10.532 3.3136 0.30853
10.6707 3.55043 0.308673 0.00964534 10.532 3.3136 0.30853
10.5056 3.61942 0.29713 5.92313e-05 10.532 3.3136 0.30853
10.7209 3.19999 0.311363 0.000271293 10.532 3.3136 0.30853
10.2237 3.40912 0.305175 0.000426365 10.532 3.3136 0.30853
10.4672 2.79961 0.320681 3.67236e-14 10.532 3.3136 0.30853
10.6259 3.62061 0.318566 7.75577e-08 10.532 3.3136 0.30853
10.7872 3.60389 0.320324 2.89502e-12 10.532 3.3136 0.30853
10.4638 3.09189 0.294242 8.9659e-08 10.532 3.3136 0.30853
10.5319 3.7391 0.291587 7.65807e-10 10.532 3.3136 0.30853
10.5859 2.63744 0.321605 1.77948e-21 10.532 3.3136 0.30853
10.5333 3.45161 0.305756 0.240588 10.532 3.3136 0.30853
10.5274 3.15817 0.312189 0.00235515 10.532 3.3136 0.30853
10.5449 3.2776 0.303064 0.112421 10.532 3.3136 0.30853
10.2146 3.50541 0.31224 0.00140576 10.532 3.3136 0.30853
10.8102 3.32719 0.313789 2.48686e-06 10.532 3.3136 0.30853
10.1034 2.59355 0.311647 1.12084e-19 10.532 3.3136 0.30853
10.5674 3.21977 0.306768 0.0709538 10.532 3.3136 0.30853
10.5775 3.171 0.305323 0.0283478 10.532 3.3136 0.30853
10.179 3.40394 0.296962 1.31729e-09 10.532 3.3136 0.30853
10.2649 3.16748 0.301918 9.86637e-06 10.532 3.3136 0.30853
10.7629 3.35995 0.297756 0.0206993 10.532 3.3136 0.30853
11.1642 3.88446 0.320687 3.62763e-30 10.532 3.3136 0.30853
11.121 3.50029 0.309674 1.37333e-11 10.532 3.3136 0.30853
11.0198 2.8039 0.288244 4.8115e-15 10.532 3.3136 0.30853
11.1518 3.24164 0.321202 1.34935e-24 10.532 3.3136 0.30853
10.7701 3.32462 0.316506 1.8694e-07 10.532 3.3136 0.30853
11.0667 3.43863 0.325976 2.03691e-27 10.532 3.3136 0.30853
10.6983 3.55654 0.302948 0.0281685 10.532 3.3136 0.30853
10.6085 3.50758 0.316287 4.4422e-05 10.532 3.3136 0.30853
10.8939 3.55847 0.309753 2.49603e-06 10.532 3.3136 0.30853
10.2922 3.87111 0.299322 2.76749e-11 10.532 3.3136 0.30853
10.9809 2.55386 0.300225 1.03876e-20 10.532 3.3136 0.30853
