163.103 -11.9053 3.27274 4.44468e-06
163.264 -10.8279 3.2624 3.00496e-06
163.22 -10.8111 3.28672 1.09361e-16
163.385 -11.8782 3.25153 3.34771e-08
163.872 -11.1462 3.27367 3.55534e-07
163.453 -11.6634 3.26828 0.016526
163.652 -11.8233 3.25497 1.1187e-09
164.041 -11.1309 3.27178 2.56457e-10
163.86 -12.0955 3.27052 9.93528e-12
163.327 -11.4857 3.29017 8.27591e-11
163.08 -10.9037 3.26756 4.13085e-06
163.796 -11.6319 3.2559 3.95884e-10
163.833 -11.4924 3.26526 2.06052e-06
163.495 -12.1022 3.25581 1.72539e-11
163.996 -11.4837 3.28112 1.13281e-07
163.362 -11.5973 3.27284 0.0188421
162.622 -11.4449 3.25921 0.000103612
163.711 -11.1662 3.29865 1.48755e-16
162.726 -11.342 3.27007 4.82589e-07
163.689 -11.5813 3.26087 1.13691e-05
163.684 -11.8878 3.27702 2.15544e-06
163.122 -10.6045 3.25919 1.84371e-10
163.952 -12.354 3.28502 3.43809e-18
162.648 -11.9115 3.27887 1.02057e-16
163.439 -11.1953 3.25796 0.00154989
163.339 -12.1637 3.28409 6.25526e-13
163.304 -11.9303 3.29092 6.31809e-14
163.579 -11.5622 3.28318 1.989e-05
163.708 -11.4051 3.27122 0.000823157
163.591 -11.6211 3.27038 0.00403345
163.823 -11.2288 3.2766 4.81192e-06
163.472 -11.0509 3.27544 2.06687e-05
163.352 -11.7668 3.27958 1.74074e-05
163.755 -11.1881 3.25701 1.41048e-08
163.465 -11.0604 3.26979 0.000370551
163.062 -11.5138 3.27347 0.000663984
163.045 -11.3735 3.26825 0.0225445
163.213 -11.4083 3.28425 4.58201e-08
163.924 -11.9727 3.27353 3.44246e-10
163.283 -11.9046 3.25982 5.79725e-05
163.331 -11.6957 3.28345 6.59499e-07
163.528 -11.665 3.27725 0.000741492
163.322 -11.6911 3.275 0.00162287
163.764 -11.6705 3.27025 3.74761e-05
163.539 -11.0173 3.29399 1.00936e-15
163.276 -11.0082 3.28034 1.51757e-08
163.812 -11.7734 3.28627 3.6414e-08
163.213 -10.9438 3.25031 5.74499e-06
163.673 -11.7195 3.25348 1.01541e-09
163.691 -11.1125 3.26396 6.72974e-06
163.986 -11.6151 3.29167 1.56497e-10
163.422 -11.5575 3.2612 0.0230194
163.39 -11.3288 3.27662 0.00173572
163.221 -11.3966 3.27206 0.0223602
164.346 -11.8061 3.27665 2.48011e-16
163.152 -11.0118 3.27372 3.22188e-06
163.393 -11.1761 3.26276 0.0149387
163.303 -11.9081 3.25296 3.68221e-07
163.122 -11.2654 3.28385 1.33902e-09
163.642 -11.254 3.28252 4.36367e-06
164.048 -11.7264 3.27991 3.93353e-09
163.341 -11.911 3.2714 6.93805e-05
164.262 -11.2789 3.281 6.47248e-13
163.237 -11.4226 3.26283 0.432671
163.481 -11.2869 3.27844 0.000314575
163.247 -11.877 3.27851 1.00807e-06
163.256 -11.2895 3.27554 0.000963404
163.928 -11.6851 3.27553 4.36388e-07
163.307 -11.7525 3.29506 1.08246e-15
163.935 -10.7821 3.25651 1.12739e-17
163.243 -11.6623 3.28061 5.92646e-06
163.401 -11.4287 3.28815 8.57311e-09
163.448 -11.6229 3.2784 0.000611775
163.173 -11.6343 3.26241 0.104481
163.246 -11.3828 3.26919 0.113704
163.765 -11.6344 3.26217 9.26296e-07
163.512 -11.8725 3.26957 9.51256e-05
163.298 -11.291 3.2748 0.00267875
163.637 -11.5737 3.27841 0.000414322
164.017 -12.0653 3.2654 8.80854e-16
163.767 -11.5234 3.2625 3.59185e-06
163.426 -12.1271 3.2753 5.86582e-09
163.731 -11.6012 3.27208 0.000277314
163.527 -10.9151 3.26242 1.67631e-06
162.866 -11.6641 3.2868 5.1525e-16
163.352 -11.7592 3.26445 0.00608396
163.466 -11.3965 3.25508 0.000409627
163.929 -11.4582 3.27446 1.72414e-06
163.988 -11.518 3.27312 1.34308e-07
162.976 -12.1365 3.26132 4.93982e-09
162.806 -11.8072 3.27091 9.62146e-08
163.884 -11.5935 3.26537 1.24797e-07
163 -11.1713 3.27221 3.35107e-05
163.438 -11.3825 3.27389 0.015075
163.283 -10.9393 3.26289 0.000142157
163.394 -11.4556 3.25933 0.031971
163.499 -11.1911 3.26441 0.00446048
163.232 -11.4802 3.25811 0.155386
163.506 -11.4563 3.25443 5.84778e-05
163.837 -11.3065 3.25949 1.26668e-08
