76.5184 -37.8993 3.74343 3.99999e-07 76.446 -37.965 3.7326
76.2693 -37.5153 3.74445 3.5232e-07 76.446 -37.965 3.7326
76.8213 -37.8135 3.74393 1.24673e-10 76.446 -37.965 3.7326
76.4635 -37.737 3.73179 0.0184812 76.446 -37.965 3.7326
76.2746 -37.7942 3.75585 2.14195e-18 76.446 -37.965 3.7326
76.6499 -38.2442 3.7346 3.65445e-06 76.446 -37.965 3.7326
76.1813 -37.5405 3.72959 6.85008e-07 76.446 -37.965 3.7326
77.0234 -37.5043 3.71849 1.34871e-20 76.446 -37.965 3.7326
77.7595 -38.3628 3.75167 8.55339e-70 76.446 -37.965 3.7326
75.989 -38.107 3.72534 2.70385e-05 76.446 -37.965 3.7326
76.7842 -37.935 3.72908 0.0005523 76.446 -37.965 3.7326
76.1114 -37.9748 3.74315 5.97161e-09 76.446 -37.965 3.7326
76.7113 -37.8217 3.7331 0.000764126 76.446 -37.965 3.7326
76.3066 -37.2681 3.73629 3.95465e-10 76.446 -37.965 3.7326
76.0551 -38.4497 3.7505 1.04649e-30 76.446 -37.965 3.7326
76.5535 -38.2432 3.73486 1.62424e-05 76.446 -37.965 3.7326
76.4325 -37.5853 3.71953 3.11789e-10 76.446 -37.965 3.7326
76.4265 -37.869 3.75213 6.30259e-15 76.446 -37.965 3.7326
76.3065 -37.3676 3.72529 1.37477e-12 76.446 -37.965 3.7326
76.4789 -37.434 3.7381 1.91341e-06 76.446 -37.965 3.7326
76.4216 -38.0032 3.72804 0.51033 76.446 -37.965 3.7326
76.9411 -37.9643 3.74851 2.31442e-19 76.446 -37.965 3.7326
76.8403 -37.2963 3.73451 1.17535e-13 76.446 -37.965 3.7326
76.6727 -37.8819 3.73806 5.56787e-05 76.446 -37.965 3.7326
76.3103 -37.4679 3.72546 1.54289e-09 76.446 -37.965 3.7326
76.2826 -37.8384 3.73991 0.000207468 76.446 -37.965 3.7326
76.7954 -37.6421 3.73736 4.61726e-07 76.446 -37.965 3.7326
76.8535 -38.1649 3.74108 4.58721e-13 76.446 -37.965 3.7326
76.5264 -38.0862 3.73027 0.104268 76.446 -37.965 3.7326
76.7609 -37.6095 3.72198 5.49966e-10 76.446 -37.965 3.7326
76.545 -37.6981 3.72621 0.000350604 76.446 -37.965 3.7326
76.6534 -37.0331 3.73491 5.53451e-19 76.446 -37.965 3.7326
76.519 -37.4437 3.73127 2.57471e-07 76.446 -37.965 3.7326
76.9754 -37.7221 3.74495 1.79998e-14 76.446 -37.965 3.7326
76.5665 -37.4669 3.73589 2.42987e-06 76.446 -37.965 3.7326
77.1541 -37.9659 3.73907 8.81343e-17 76.446 -37.965 3.7326
76.4486 -37.0416 3.73683 1.51147e-16 76.446 -37.965 3.7326
76.8321 -37.5252 3.73894 3.21267e-09 76.446 -37.965 3.7326
76.11 -38.2509 3.72304 0.000922679 76.446 -37.965 3.7326
76.2049 -37.2645 3.74684 3.15217e-11 76.446 -37.965 3.7326
76.3257 -37.9491 3.7288 0.229199 76.446 -37.965 3.7326
75.9758 -38.093 3.71355 4.65272e-10 76.446 -37.965 3.7326
76.5824 -38.1631 3.74358 1.23632e-11 76.446 -37.965 3.7326
76.2802 -37.6943 3.73258 0.0032269 76.446 -37.965 3.7326
76.6053 -38.0334 3.73102 0.0346637 76.446 -37.965 3.7326
77.0986 -38.0866 3.74905 7.00125e-27 76.446 -37.965 3.7326
76.5691 -38.338 3.74363 7.6259e-16 76.446 -37.965 3.7326
76.1937 -37.8887 3.73998 2.90366e-05 76.446 -37.965 3.7326
76.0206 -37.4279 3.70841 1.51501e-33 76.446 -37.965 3.7326
76.5864 -38.1677 3.74094 3.48958e-09 76.446 -37.965 3.7326
76.7846 -38.043 3.74901 4.63906e-18 76.446 -37.965 3.7326
76.8634 -37.7661 3.73519 5.23112e-07 76.446 -37.965 3.7326
76.9006 -37.9421 3.73964 4.79172e-10 76.446 -37.965 3.7326
76.8276 -37.9107 3.74559 5.19568e-13 76.446 -37.965 3.7326
76.8664 -37.8741 3.72788 1.09727e-05 76.446 -37.965 3.7326
76.3594 -37.4554 3.74411 2.86827e-07 76.446 -37.965 3.7326
76.7522 -38.1981 3.74501 4.31665e-16 76.446 -37.965 3.7326
76.363 -37.3479 3.72455 1.59619e-13 76.446 -37.965 3.7326
76.576 -37.8756 3.74425 5.65587e-08 76.446 -37.965 3.7326
76.3568 -37.8733 3.74249 7.15154e-06 76.446 -37.965 3.7326
76.8213 -37.4707 3.74313 7.05993e-11 76.446 -37.965 3.7326
76.8559 -37.9596 3.71797 2.55116e-07 76.446 -37.965 3.7326
76.3289 -37.3329 3.74248 1.7407e-08 76.446 -37.965 3.7326
76.6218 -37.4679 3.75884 2.55816e-20 76.446 -37.965 3.7326
76.5533 -38.1026 3.73022 0.0649489 76.446 -37.965 3.7326
75.9338 -37.957 3.72434 5.08483e-07 76.446 -37.965 3.7326
76.7095 -37.3972 3.7199 3.07749e-17 76.446 -37.965 3.7326
76.487 -37.7896 3.73906 0.000777501 76.446 -37.965 3.7326
76.4861 -37.2919 3.73714 2.49026e-09 76.446 -37.965 3.7326
76.7689 -37.6584 3.71979 2.30715e-10 76.446 -37.965 3.7326
76.7778 -37.9568 3.73122 0.000378035 76.446 -37.965 3.7326
76.6323 -37.4489 3.73654 3.47498e-07 76.446 -37.965 3.7326
76.9727 -37.7797 3.74073 1.00232e-11 76.446 -37.965 3.7326
76.7837 -37.463 3.74429 9.4233e-11 76.446 -37.965 3.7326
76.3743 -37.7013 3.74428 2.63262e-06 76.446 -37.965 3.7326
76.8178 -37.957 3.72748 0.000217503 76.446 -37.965 3.7326
76.6984 -38.1891 3.72446 0.0131199 76.446 -37.965 3.7326
76.7247 -37.878 3.73577 0.000118551 76.446 -37.965 3.7326
76.6202 -37.8213 3.73792 0.000301193 76.446 -37.965 3.7326
76.7542 -37.5247 3.73886 7.15465e-08 76.446 -37.965 3.7326
76.8715 -37.8472 3.7447 1.70999e-12 76.446 -37.965 3.7326
76.5946 -38.0918 3.73711 3.4298e-05 76.446 -37.965 3.7326
76.4091 -37.8629 3.7578 2.13158e-22 76.446 -37.965 3.7326
76.1629 -37.8266 3.76289 3.64737e-30 76.446 -37.965 3.7326
76.6113 -38.0978 3.71952 0.016921 76.446 -37.965 3.7326
76.8224 -37.3537 3.72234 3.75757e-18 76.446 -37.965 3.7326
76.7601 -37.9135 3.74616 2.28514e-12 76.446 -37.965 3.7326
76.4426 -37.1157 3.74569 2.89458e-13 76.446 -37.965 3.7326
76.568 -38.1793 3.73997 2.17923e-08 76.446 -37.965 3.7326
77.0744 -37.6233 3.74274 7.78894e-16 76.446 -37.965 3.7326
76.4713 -37.6475 3.71543 3.84178e-12 76.446 -37.965 3.7326
76.4351 -37.8367 3.74329 3.26934e-06 76.446 -37.965 3.7326
77.1198 -37.9985 3.72871 1.73769e-11 76.446 -37.965 3.7326
76.4025 -37.559 3.74393 2.05176e-06 76.446 -37.965 3.7326
76.5996 -37.6191 3.75099 2.24501e-12 76.446 -37.965 3.7326
77.1641 -37.4041 3.72793 2.98223e-21 76.446 -37.965 3.7326
76.7299 -37.4386 3.73637 1.5504e-08 76.446 -37.965 3.7326
76.3602 -37.4527 3.73226 1.08168e-06 76.446 -37.965 3.7326
76.0818 -37.4946 3.73253 3.7197e-08 76.446 -37.965 3.7326
76.8376 -37.9479 3.73048 5.08147e-05 76.446 -37.965 3.7326
