-38.8364 -58.8675 1.68462 0.00400911 -39.146 -59.011 1.6835
-39.4228 -59.2792 1.67817 0.000122067 -39.146 -59.011 1.6835
-39.2194 -59.34 1.70282 1.90567e-06 -39.146 -59.011 1.6835
-38.6408 -59.2294 1.69176 0.00017404 -39.146 -59.011 1.6835
-38.8337 -59.5617 1.66344 1.62793e-21 -39.146 -59.011 1.6835
-38.7813 -59.0055 1.67791 3.97889e-05 -39.146 -59.011 1.6835
-39.1756 -58.722 1.66646 4.61311e-08 -39.146 -59.011 1.6835
-39.1258 -58.6462 1.69091 0.000114777 -39.146 -59.011 1.6835
-39.1151 -59.2558 1.68158 0.0096177 -39.146 -59.011 1.6835
-38.9803 -58.788 1.68642 0.01163 -39.146 -59.011 1.6835
-39.109 -58.6878 1.66636 1.36533e-08 -39.146 -59.011 1.6835
-38.9289 -59.3952 1.68482 0.000709674 -39.146 -59.011 1.6835
-39.2636 -58.6219 1.68509 0.000322496 -39.146 -59.011 1.6835
-39.0286 -58.7039 1.68042 0.00172314 -39.146 -59.011 1.6835
-38.68 -59.5527 1.6626 6.9567e-25 -39.146 -59.011 1.6835
-39.0472 -58.493 1.68744 3.68153e-06 -39.146 -59.011 1.6835
-38.8823 -58.7594 1.67702 6.57391e-05 -39.146 -59.011 1.6835
-38.5404 -58.8126 1.68747 6.73026e-07 -39.146 -59.011 1.6835
-38.7574 -59.4251 1.70445 6.41855e-07 -39.146 -59.011 1.6835
-39.3585 -59.1092 1.673 5.71989e-05 -39.146 -59.011 1.6835
-38.961 -58.8153 1.69141 0.00456912 -39.146 -59.011 1.6835
-38.8359 -59.4681 1.67483 5.92199e-10 -39.146 -59.011 1.6835
-39.4119 -58.5092 1.68125 3.43434e-06 -39.146 -59.011 1.6835
-38.772 -58.6675 1.69507 1.26885e-06 -39.146 -59.011 1.6835
-39.3964 -59.4545 1.68449 5.19379e-05 -39.146 -59.011 1.6835
-38.807 -58.3833 1.6714 9.323e-12 -39.146 -59.011 1.6835
-38.2185 -58.6512 1.69583 1.68909e-15 -39.146 -59.011 1.6835
-39.3275 -58.0912 1.67942 6.26536e-14 -39.146 -59.011 1.6835
-39.001 -59.2158 1.67773 0.000396516 -39.146 -59.011 1.6835
-39.4408 -59.1501 1.68862 0.00296782 -39.146 -59.011 1.6835
-39.076 -59.349 1.68229 0.00197947 -39.146 -59.011 1.6835
-38.6423 -58.7755 1.68131 1.56605e-06 -39.146 -59.011 1.6835
-39.1988 -59.0526 1.68909 0.122237 -39.146 -59.011 1.6835
-39.0094 -59.1241 1.67964 0.00718078 -39.146 -59.011 1.6835
-38.2607 -59.0998 1.69434 6.8477e-11 -39.146 -59.011 1.6835
-38.8282 -58.5541 1.6855 3.80428e-06 -39.146 -59.011 1.6835
-39.1321 -58.7495 1.69377 0.000253062 -39.146 -59.011 1.6835
-39.1586 -58.6774 1.6761 0.000349883 -39.146 -59.011 1.6835
-38.789 -59.1884 1.66792 4.4387e-12 -39.146 -59.011 1.6835
-38.6449 -58.4449 1.68068 2.52082e-10 -39.146 -59.011 1.6835
-39.0028 -58.3091 1.68828 5.40676e-10 -39.146 -59.011 1.6835
-39.2027 -58.7947 1.68037 0.0145974 -39.146 -59.011 1.6835
-39.0025 -59.0328 1.67158 4.20187e-06 -39.146 -59.011 1.6835
-38.6798 -59.4047 1.69148 4.23081e-05 -39.146 -59.011 1.6835
-38.9508 -59.0198 1.67691 0.000698796 -39.146 -59.011 1.6835
-39.2942 -58.6735 1.67271 3.50397e-05 -39.146 -59.011 1.6835
-39.081 -59.3154 1.6832 0.00681852 -39.146 -59.011 1.6835
-39.2378 -58.9201 1.68513 0.0841766 -39.146 -59.011 1.6835
-38.8601 -58.6141 1.67571 1.1533e-06 -39.146 -59.011 1.6835
-39.1514 -58.7782 1.68226 0.0182568 -39.146 -59.011 1.6835
-38.9525 -59.1378 1.65889 7.35433e-18 -39.146 -59.011 1.6835
-38.9818 -59.2126 1.68246 0.0114176 -39.146 -59.011 1.6835
-39.0852 -59.0475 1.69038 0.135574 -39.146 -59.011 1.6835
-39.2021 -58.9711 1.67573 0.00311084 -39.146 -59.011 1.6835
-39.0279 -59.2358 1.68466 0.0351566 -39.146 -59.011 1.6835
-39.0622 -58.9304 1.70172 5.34071e-06 -39.146 -59.011 1.6835
-39.1792 -59.0594 1.71506 2.30264e-16 -39.146 -59.011 1.6835
-39.154 -58.8868 1.6795 0.0256495 -39.146 -59.011 1.6835
-39.1767 -58.879 1.69643 0.000286506 -39.146 -59.011 1.6835
-39.2198 -58.7618 1.68475 0.0121036 -39.146 -59.011 1.6835
-38.5291 -58.6457 1.69892 8.36443e-11 -39.146 -59.011 1.6835
-39.1242 -58.9925 1.70875 1.27941e-10 -39.146 -59.011 1.6835
-39.1732 -59.399 1.6932 0.00271438 -39.146 -59.011 1.6835
-39.3389 -58.4785 1.68564 9.83063e-07 -39.146 -59.011 1.6835
-38.5517 -58.789 1.70668 2.25383e-12 -39.146 -59.011 1.6835
-38.7492 -58.5871 1.67976 4.18837e-07 -39.146 -59.011 1.6835
-39.3208 -59.4506 1.68273 8.83087e-05 -39.146 -59.011 1.6835
-38.8581 -59.3413 1.69474 0.00261827 -39.146 -59.011 1.6835
-39.2859 -58.4509 1.68397 1.23639e-06 -39.146 -59.011 1.6835
-39.3392 -59.0548 1.66508 3.35532e-09 -39.146 -59.011 1.6835
-39.0736 -58.769 1.69247 0.001299 -39.146 -59.011 1.6835
-39.0476 -58.9476 1.67411 0.000250352 -39.146 -59.011 1.6835
-39.1354 -58.154 1.67038 2.05781e-13 -39.146 -59.011 1.6835
-38.9667 -58.2715 1.68974 2.29301e-11 -39.146 -59.011 1.6835
-39.0403 -59.2309 1.67703 0.000251405 -39.146 -59.011 1.6835
-39.1479 -59.1994 1.68145 0.0224134 -39.146 -59.011 1.6835
-38.9358 -59.0695 1.6953 0.0121305 -39.146 -59.011 1.6835
-39.0689 -58.6361 1.68876 0.000284611 -39.146 -59.011 1.6835
-39.1115 -58.4824 1.6829 9.18929e-06 -39.146 -59.011 1.6835
-38.4651 -58.9907 1.67994 1.77104e-09 -39.146 -59.011 1.6835
-39.0503 -59.0748 1.68612 0.187707 -39.146 -59.011 1.6835
-39.311 -58.382 1.67706 1.0458e-07 -39.146 -59.011 1.6835
-38.6665 -58.8758 1.68064 7.3893e-06 -39.146 -59.011 1.6835
-38.6232 -58.7322 1.67643 9.70395e-09 -39.146 -59.011 1.6835
-39.3366 -59.2845 1.68336 0.00444465 -39.146 -59.011 1.6835
-38.8184 -59.3195 1.6763 2.49452e-07 -39.146 -59.011 1.6835
-39.1382 -59.055 1.68806 0.202172 -39.146 -59.011 1.6835
-39.034 -58.8712 1.70153 2.3259e-06 -39.146 -59.011 1.6835
-39.343 -58.6888 1.68628 0.000485458 -39.146 -59.011 1.6835
-39.4097 -58.7636 1.67798 0.000902804 -39.146 -59.011 1.6835
-38.9012 -58.8678 1.69208 0.00520698 -39.146 -59.011 1.6835
-39.167 -58.7514 1.68828 0.00556541 -39.146 -59.011 1.6835
-39.0853 -59.2585 1.6999 0.000380414 -39.146 -59.011 1.6835
-38.2121 -59.1562 1.6814 2.60311e-15 -39.146 -59.011 1.6835
-38.4151 -59.0045 1.66618 6.4236e-20 -39.146 -59.011 1.6835
-39.3241 -59.1142 1.69459 0.00162226 -39.146 -59.011 1.6835
-38.66 -58.9629 1.66408 4.51429e-16 -39.146 -59.011 1.6835
-38.8156 -58.8539 1.68231 0.00103514 -39.146 -59.011 1.6835
-39.1916 -59.06 1.65927 1.57027e-14 -39.146 -59.011 1.6835
-39.2686 -58.8857 1.68083 0.0318821 -39.146 -59.011 1.6835
