12.1079 7.2087 0.235622 0.00148084 12.31 7.0588 0.24051
12.2352 6.90099 0.247684 3.8257e-05 12.31 7.0588 0.24051
12.3148 6.69716 0.219042 3.47564e-15 12.31 7.0588 0.24051
12.3292 6.54448 0.247358 3.79349e-12 12.31 7.0588 0.24051
12.4392 7.47817 0.237954 0.00279061 12.31 7.0588 0.24051
12.0426 7.41648 0.234339 6.24143e-06 12.31 7.0588 0.24051
12.2822 7.45449 0.24591 0.000147015 12.31 7.0588 0.24051
12.1979 7.42914 0.245987 0.000219103 12.31 7.0588 0.24051
12.6261 7.35428 0.246021 1.88989e-07 12.31 7.0588 0.24051
12.6016 7.43632 0.26909 1.16974e-36 12.31 7.0588 0.24051
12.1716 7.02982 0.25013 5.51552e-05 12.31 7.0588 0.24051
12.3156 7.28936 0.234864 0.095385 12.31 7.0588 0.24051
12.1994 7.5134 0.227318 7.49228e-07 12.31 7.0588 0.24051
12.2183 6.88629 0.235348 0.000272185 12.31 7.0588 0.24051
12.2891 7.22466 0.228195 0.00131689 12.31 7.0588 0.24051
12.0412 6.96837 0.21969 4.31227e-17 12.31 7.0588 0.24051
12.34 6.9265 0.247545 2.83614e-05 12.31 7.0588 0.24051
12.2047 7.34456 0.241874 0.00806538 12.31 7.0588 0.24051
12.3989 7.23456 0.222427 4.36267e-05 12.31 7.0588 0.24051
11.8358 7.28758 0.247896 8.31366e-07 12.31 7.0588 0.24051
12.4252 6.83267 0.232433 0.000339303 12.31 7.0588 0.24051
12.5265 7.66523 0.228976 5.30784e-06 12.31 7.0588 0.24051
12.2386 7.14055 0.230713 0.00234524 12.31 7.0588 0.24051
12.566 7.22774 0.242651 0.000779343 12.31 7.0588 0.24051
12.2599 6.87577 0.243544 0.000309213 12.31 7.0588 0.24051
12.1289 7.00163 0.231996 2.72471e-05 12.31 7.0588 0.24051
12.6371 7.33456 0.240785 0.000262058 12.31 7.0588 0.24051
12.2385 7.17926 0.232621 0.0115197 12.31 7.0588 0.24051
11.9936 7.47679 0.245514 3.61736e-06 12.31 7.0588 0.24051
12.8672 7.57464 0.240812 2.01521e-11 12.31 7.0588 0.24051
12.5249 7.18237 0.224752 0.0109092 12.31 7.0588 0.24051
11.752 6.97319 0.233584 7.919e-14 12.31 7.0588 0.24051
12.3564 7.12092 0.233383 0.132266 12.31 7.0588 0.24051
12.0874 7.354 0.229755 3.22209e-06 12.31 7.0588 0.24051
12.4204 6.82925 0.241761 8.628e-05 12.31 7.0588 0.24051
12.0194 7.55556 0.238929 5.07746e-07 12.31 7.0588 0.24051
12.8515 7.63665 0.242884 6.43111e-12 12.31 7.0588 0.24051
11.6354 7.3693 0.236207 1.65849e-14 12.31 7.0588 0.24051
11.644 7.05355 0.231037 4.60652e-19 12.31 7.0588 0.24051
12.8327 7.7864 0.236558 1.26903e-11 12.31 7.0588 0.24051
12.068 7.03046 0.222299 4.92511e-13 12.31 7.0588 0.24051
12.0909 7.42956 0.240092 0.000168568 12.31 7.0588 0.24051
12.5203 7.54057 0.250776 1.33777e-09 12.31 7.0588 0.24051
12.3494 7.1032 0.24154 0.0499693 12.31 7.0588 0.24051
11.73 6.72061 0.229217 4.07791e-22 12.31 7.0588 0.24051
12.01 7.2462 0.219602 9.96097e-17 12.31 7.0588 0.24051
11.9733 7.49946 0.247981 5.98194e-07 12.31 7.0588 0.24051
12.2341 7.31534 0.254503 2.78176e-08 12.31 7.0588 0.24051
11.78 7.54648 0.231625 1.82453e-14 12.31 7.0588 0.24051
12.4152 6.95924 0.22069 1.62081e-07 12.31 7.0588 0.24051
11.7558 7.22782 0.229463 5.46578e-14 12.31 7.0588 0.24051
11.9525 7.33672 0.230682 1.90822e-08 12.31 7.0588 0.24051
12.1294 7.59936 0.245478 8.33362e-07 12.31 7.0588 0.24051
12.6901 7.30981 0.22897 0.0694894 12.31 7.0588 0.24051
12.4605 7.11822 0.230728 0.15429 12.31 7.0588 0.24051
11.5911 7.65888 0.224519 4.83634e-28 12.31 7.0588 0.24051
11.8817 7.64456 0.253998 1.73593e-11 12.31 7.0588 0.24051
12.244 7.07593 0.231549 0.00295816 12.31 7.0588 0.24051
11.8089 6.68276 0.228762 1.37406e-20 12.31 7.0588 0.24051
12.638 7.34337 0.231578 0.0723617 12.31 7.0588 0.24051
12.9985 7.1552 0.243957 3.47501e-14 12.31 7.0588 0.24051
12.32 7.39681 0.237448 0.0222202 12.31 7.0588 0.24051
11.8706 7.18487 0.227177 6.45296e-14 12.31 7.0588 0.24051
12.2618 6.9978 0.244306 0.00346573 12.31 7.0588 0.24051
11.8847 7.40758 0.229922 5.6346e-11 12.31 7.0588 0.24051
12.0124 7.24788 0.223742 1.52607e-12 12.31 7.0588 0.24051
11.9945 7.36245 0.238998 2.79543e-05 12.31 7.0588 0.24051
12.6584 7.9294 0.257133 7.87417e-26 12.31 7.0588 0.24051
11.8818 6.95027 0.240479 2.47793e-07 12.31 7.0588 0.24051
12.3397 7.4447 0.243397 0.000799188 12.31 7.0588 0.24051
11.7426 7.05659 0.222648 5.60399e-24 12.31 7.0588 0.24051
12.5157 6.95974 0.246527 3.63994e-06 12.31 7.0588 0.24051
13.1478 7.36247 0.236078 5.87678e-13 12.31 7.0588 0.24051
12.2846 6.70146 0.250115 1.62494e-09 12.31 7.0588 0.24051
12.1083 7.34458 0.247282 0.000261615 12.31 7.0588 0.24051
12.1659 7.95149 0.243504 1.77002e-14 12.31 7.0588 0.24051
12.3955 7.5621 0.238853 0.000177983 12.31 7.0588 0.24051
12.0352 6.7142 0.227889 5.54794e-14 12.31 7.0588 0.24051
11.8411 7.08476 0.237963 4.06228e-08 12.31 7.0588 0.24051
12.4526 7.5686 0.235949 0.00027488 12.31 7.0588 0.24051
12.3166 6.74505 0.251933 5.13805e-10 12.31 7.0588 0.24051
13.0192 7.19001 0.229766 8.65603e-06 12.31 7.0588 0.24051
12.0436 6.90294 0.253647 1.4857e-07 12.31 7.0588 0.24051
12.6481 7.17135 0.236297 0.0299257 12.31 7.0588 0.24051
12.7328 7.1971 0.238767 0.000321118 12.31 7.0588 0.24051
11.8986 7.51209 0.24412 8.38367e-08 12.31 7.0588 0.24051
12.1497 7.33788 0.228815 6.37812e-06 12.31 7.0588 0.24051
12.2208 6.76523 0.236435 5.5257e-06 12.31 7.0588 0.24051
12.0736 7.50448 0.252594 1.20702e-07 12.31 7.0588 0.24051
11.557 6.79014 0.238875 3.34423e-19 12.31 7.0588 0.24051
12.0258 7.19035 0.239777 0.000683823 12.31 7.0588 0.24051
12.1126 7.45048 0.244195 0.000109475 12.31 7.0588 0.24051
12.227 7.13029 0.243925 0.0161885 12.31 7.0588 0.24051
12.3854 6.91051 0.245882 5.43237e-05 12.31 7.0588 0.24051
12.7863 6.76721 0.240463 1.02376e-09 12.31 7.0588 0.24051
12.5208 7.32671 0.236535 0.080416 12.31 7.0588 0.24051
12.6177 7.06795 0.239558 0.00277596 12.31 7.0588 0.24051
12.4049 7.29069 0.235202 0.223992 12.31 7.0588 0.24051
12.091 7.20538 0.213766 6.61969e-21 12.31 7.0588 0.24051
12.2815 7.3839 0.24598 0.00033519 12.31 7.0588 0.24051
