234.602 -14.9165 2.87847 1.51424e-14 234.78 -15.192 2.9005
234.591 -15.1753 2.91656 1.97488e-06 234.78 -15.192 2.9005
234.845 -15.2903 2.90234 7.26423e-05 234.78 -15.192 2.9005
234.962 -15.7766 2.91871 4.73294e-15 234.78 -15.192 2.9005
234.622 -15.4962 2.91162 1.96414e-07 234.78 -15.192 2.9005
234.762 -14.9328 2.89908 0.00773271 234.78 -15.192 2.9005
234.304 -15.5596 2.89276 4.42098e-08 234.78 -15.192 2.9005
234.657 -15.5428 2.8968 1.23721e-08 234.78 -15.192 2.9005
234.621 -15.0932 2.90603 0.0444614 234.78 -15.192 2.9005
234.86 -14.9404 2.90958 0.00888337 234.78 -15.192 2.9005
234.421 -15.0468 2.90414 0.052826 234.78 -15.192 2.9005
234.556 -14.9385 2.92006 1.11028e-08 234.78 -15.192 2.9005
234.62 -15.7601 2.90303 4.22961e-11 234.78 -15.192 2.9005
235.078 -14.6073 2.8985 1.00084e-08 234.78 -15.192 2.9005
234.592 -15.1908 2.89589 0.00109142 234.78 -15.192 2.9005
234.515 -15.2248 2.90065 0.00899608 234.78 -15.192 2.9005
235.666 -15.0934 2.90472 5.23006e-19 234.78 -15.192 2.9005
234.832 -15.5335 2.89707 4.10713e-10 234.78 -15.192 2.9005
235.327 -15.2026 2.89503 4.77165e-17 234.78 -15.192 2.9005
235.055 -15.2315 2.90521 4.99439e-06 234.78 -15.192 2.9005
235.434 -15.2528 2.8922 1.34215e-23 234.78 -15.192 2.9005
234.917 -14.799 2.88357 9.18217e-16 234.78 -15.192 2.9005
234.861 -15.1855 2.92537 7.69045e-11 234.78 -15.192 2.9005
234.119 -14.8502 2.89751 0.00933225 234.78 -15.192 2.9005
234.834 -15.3298 2.89904 3.44071e-06 234.78 -15.192 2.9005
235.469 -15.5282 2.90349 6.14861e-19 234.78 -15.192 2.9005
234.953 -15.2528 2.8922 6.235e-11 234.78 -15.192 2.9005
234.757 -15.3893 2.91904 9.28672e-09 234.78 -15.192 2.9005
234.718 -15.6449 2.91428 1.06162e-10 234.78 -15.192 2.9005
234.002 -15.3855 2.91033 2.92633e-10 234.78 -15.192 2.9005
234.283 -14.482 2.89232 0.000117433 234.78 -15.192 2.9005
235.168 -15.2558 2.90252 6.09047e-09 234.78 -15.192 2.9005
235.057 -15.2738 2.91143 7.64778e-06 234.78 -15.192 2.9005
234.798 -15.0979 2.90759 0.0118328 234.78 -15.192 2.9005
234.425 -14.7559 2.90466 0.0269024 234.78 -15.192 2.9005
234.766 -15.2052 2.90897 0.0024106 234.78 -15.192 2.9005
235.083 -15.3646 2.91157 4.58877e-07 234.78 -15.192 2.9005
234.74 -15.9015 2.91765 3.29295e-17 234.78 -15.192 2.9005
234.549 -15.455 2.88762 5.51082e-11 234.78 -15.192 2.9005
234.731 -15.2957 2.89987 0.000151602 234.78 -15.192 2.9005
234.571 -14.7935 2.89845 0.0703949 234.78 -15.192 2.9005
234.827 -15.4271 2.87958 2.92314e-23 234.78 -15.192 2.9005
234.654 -15.003 2.90703 0.0626557 234.78 -15.192 2.9005
234.541 -15.2371 2.88825 2.06726e-07 234.78 -15.192 2.9005
234.428 -15.4487 2.88342 9.0696e-13 234.78 -15.192 2.9005
234.514 -15.0717 2.90328 0.0937229 234.78 -15.192 2.9005
234.823 -15.052 2.90851 0.0117075 234.78 -15.192 2.9005
234.384 -15.291 2.90074 0.00144044 234.78 -15.192 2.9005
235.34 -15.1889 2.89363 1.40366e-18 234.78 -15.192 2.9005
234.7 -15.0607 2.90073 0.0253496 234.78 -15.192 2.9005
235.255 -14.9989 2.92365 2.62678e-09 234.78 -15.192 2.9005
234.777 -14.8986 2.90677 0.0373244 234.78 -15.192 2.9005
235.252 -15.5086 2.91682 3.28931e-11 234.78 -15.192 2.9005
234.618 -15.5479 2.91459 1.84702e-09 234.78 -15.192 2.9005
234.76 -15.4082 2.91262 3.2569e-06 234.78 -15.192 2.9005
234.457 -14.983 2.88778 4.16835e-05 234.78 -15.192 2.9005
235.137 -15.3586 2.92707 9.84561e-13 234.78 -15.192 2.9005
234.763 -14.786 2.90353 0.0238842 234.78 -15.192 2.9005
234.781 -15.847 2.91068 5.40111e-14 234.78 -15.192 2.9005
234.688 -15.2164 2.90591 0.00596244 234.78 -15.192 2.9005
234.886 -15.4479 2.90729 1.48415e-06 234.78 -15.192 2.9005
234.414 -15.5385 2.90361 7.43002e-07 234.78 -15.192 2.9005
234.46 -15.302 2.90237 0.0014774 234.78 -15.192 2.9005
234.702 -15.0892 2.90522 0.0385259 234.78 -15.192 2.9005
234.6 -15.0626 2.9109 0.00379728 234.78 -15.192 2.9005
235.015 -14.8516 2.90607 0.000373078 234.78 -15.192 2.9005
234.494 -15.5177 2.89462 5.60572e-08 234.78 -15.192 2.9005
234.476 -15.6946 2.91186 3.56018e-11 234.78 -15.192 2.9005
234.527 -14.8906 2.91074 0.00270685 234.78 -15.192 2.9005
234.613 -15.2615 2.90748 0.00178789 234.78 -15.192 2.9005
234.724 -15.3181 2.89985 9.28886e-05 234.78 -15.192 2.9005
234.62 -15.778 2.90856 8.04051e-12 234.78 -15.192 2.9005
234.778 -15.4816 2.90097 3.24353e-07 234.78 -15.192 2.9005
234.923 -15.3917 2.91664 2.0346e-07 234.78 -15.192 2.9005
234.635 -15.4095 2.9123 2.28491e-06 234.78 -15.192 2.9005
234.993 -15.7818 2.90954 8.41187e-14 234.78 -15.192 2.9005
235.1 -14.9744 2.89472 2.75505e-10 234.78 -15.192 2.9005
234.909 -15.3941 2.90191 6.43656e-07 234.78 -15.192 2.9005
234.822 -15.8985 2.90252 1.76282e-15 234.78 -15.192 2.9005
235.019 -15.7828 2.91138 5.23874e-14 234.78 -15.192 2.9005
235.013 -14.9919 2.91729 2.36699e-05 234.78 -15.192 2.9005
235.027 -15.6417 2.88351 6.76337e-28 234.78 -15.192 2.9005
234.845 -15.4036 2.89846 1.58636e-07 234.78 -15.192 2.9005
235.088 -15.2971 2.90631 7.265e-07 234.78 -15.192 2.9005
234.469 -15.6756 2.88794 2.12951e-12 234.78 -15.192 2.9005
234.524 -14.9251 2.90071 0.231179 234.78 -15.192 2.9005
234.682 -15.4456 2.89081 3.17578e-10 234.78 -15.192 2.9005
235.05 -15.3357 2.91787 1.31714e-07 234.78 -15.192 2.9005
234.877 -15.5337 2.89447 3.40075e-12 234.78 -15.192 2.9005
234.75 -14.4159 2.92274 9.27889e-14 234.78 -15.192 2.9005
235.017 -14.468 2.90378 1.65175e-07 234.78 -15.192 2.9005
234.628 -15.1679 2.89701 0.0021997 234.78 -15.192 2.9005
235.256 -14.8057 2.89793 9.46174e-12 234.78 -15.192 2.9005
234.367 -15.246 2.90329 0.00210118 234.78 -15.192 2.9005
234.562 -14.8805 2.90314 0.195572 234.78 -15.192 2.9005
235.317 -14.5136 2.92656 1.05114e-14 234.78 -15.192 2.9005
235.49 -14.9202 2.8946 4.68206e-21 234.78 -15.192 2.9005
234.886 -15.6638 2.91829 2.05162e-12 234.78 -15.192 2.9005
234.048 -15.2563 2.92498 1.25103e-18 234.78 -15.192 2.9005
234.555 -14.8341 2.9089 0.0128395 234.78 -15.192 2.9005
