-38.5818 -36.9763 1.38297 5.37995e-28
-38.0161 -37.3306 1.37002 3.2142e-05
-38.057 -37.8406 1.38022 0.000159384
-37.6571 -37.6694 1.36327 2.00496e-06
-38.0114 -37.8319 1.36531 2.709e-08
-38.3982 -38.0535 1.38507 1.64978e-13
-37.9732 -38.3128 1.37149 2.66993e-13
-37.9063 -37.8883 1.39865 4.35815e-08
-37.3451 -37.4576 1.38722 0.000170637
-38.6521 -38.1927 1.3837 4.73251e-23
-38.1043 -37.4392 1.36636 1.35043e-06
-37.7182 -37.9898 1.37784 0.00718687
-38.0501 -37.307 1.3882 1.05389e-10
-37.5982 -37.7427 1.3768 0.262895
-38.28 -37.1817 1.3774 3.29284e-12
-37.4359 -37.6744 1.39854 8.22684e-07
-38.1136 -37.8156 1.36628 8.92765e-09
-37.9031 -37.8147 1.37081 0.000185511
-37.6342 -37.8435 1.39113 0.0296992
-37.795 -37.7602 1.39516 1.81406e-05
-38.0314 -37.4453 1.38471 1.59509e-06
-37.6383 -37.5222 1.3885 0.00153489
-38.2444 -37.6553 1.37371 1.34455e-07
-38.0329 -37.495 1.38719 5.00239e-07
-37.9258 -38.5357 1.3877 1.37003e-11
-37.8783 -37.6241 1.37671 0.0340952
-38.3356 -37.2632 1.38173 6.52591e-14
-38.307 -37.2086 1.38954 3.71989e-19
-38.1578 -37.853 1.39261 2.30801e-09
-37.5949 -37.1148 1.37504 7.6281e-06
-37.7504 -37.7454 1.39552 2.25459e-05
-37.8397 -37.4326 1.34342 3.50774e-22
-37.597 -37.6476 1.37407 0.111374
-38.0047 -37.9866 1.38292 0.0001323
-38.3921 -37.3049 1.38756 5.03414e-18
-38.2413 -37.5456 1.38118 2.44084e-08
-37.8768 -37.5124 1.38716 9.79998e-05
-37.9615 -37.5424 1.39016 7.2115e-07
-37.911 -37.6493 1.37194 0.00340877
-37.8415 -37.3384 1.38901 8.03225e-08
-37.8316 -37.1703 1.36275 1.35364e-06
-37.8239 -37.816 1.37997 0.0778243
-37.7936 -37.3979 1.38284 0.000827487
-37.9658 -37.6132 1.36933 0.000267527
-37.4947 -37.7246 1.37579 0.0875427
-37.8659 -37.6285 1.37809 0.0480049
-38.1239 -37.6224 1.39571 2.71995e-12
-38.4384 -37.1288 1.3786 1.54539e-17
-37.8414 -37.8859 1.38277 0.0350561
-37.6829 -38.3789 1.37075 4.52465e-14
-38.638 -37.7764 1.38347 1.43554e-19
-38.2399 -37.1746 1.38394 1.95187e-14
-37.3819 -37.5474 1.37846 0.0284611
-38.3033 -37.6092 1.39641 2.34009e-17
-37.4961 -37.8143 1.38927 0.106941
-37.9726 -37.5472 1.36465 6.52472e-06
-38.3139 -37.8537 1.36697 2.32576e-12
-38.4886 -37.6332 1.36971 7.14924e-14
-37.3762 -37.6045 1.36582 2.48466e-06
-37.6947 -37.972 1.36277 6.22599e-11
-37.9285 -38.1014 1.3787 1.92243e-05
-37.6269 -38.0574 1.36189 1.16836e-13
-38.1641 -37.7149 1.38096 3.71535e-06
-38.4735 -37.6649 1.36925 1.08445e-13
-38.3985 -37.6675 1.37909 2.92216e-11
-37.5454 -37.822 1.36736 8.55039e-06
-37.8886 -37.5447 1.38218 0.00506303
-37.7806 -38.3899 1.37377 1.96323e-12
-37.4623 -37.4571 1.38974 6.91587e-05
-38.5152 -38.0956 1.38232 3.77453e-17
-37.8817 -37.9364 1.38439 0.00763757
-37.6402 -37.733 1.39235 0.00324592
-37.8107 -37.9728 1.39091 0.00252149
-37.487 -37.9527 1.3793 0.0277742
-37.8538 -38.0194 1.3916 0.000438596
-38.1097 -37.5157 1.34635 4.8568e-21
-38.2428 -37.9266 1.3593 3.77329e-17
-38.5917 -37.3704 1.37463 1.4975e-17
-38.4128 -38.8687 1.37739 6.74194e-36
-38.2412 -37.9632 1.39921 6.14374e-15
-38.2337 -38.2106 1.39903 6.26366e-15
-37.9144 -37.36 1.37325 0.000860558
-37.414 -37.7208 1.37813 0.0872202
-38.3168 -37.3195 1.3965 4.35034e-23
-37.724 -37.9265 1.3899 0.0257863
-38.1503 -38.1232 1.38895 9.53245e-09
-37.9371 -37.4731 1.38247 0.000331851
-37.8548 -37.6825 1.36465 6.18326e-06
-37.89 -37.2619 1.37519 0.000115803
-38.1441 -37.5345 1.3798 3.45953e-06
-38.0505 -37.6596 1.37903 0.000398224
-38.3152 -37.5562 1.36792 7.18642e-10
-37.9771 -37.8102 1.38832 0.000162253
-38.0181 -37.4617 1.39564 1.26842e-12
-37.7713 -37.3952 1.38174 0.00212624
-37.9456 -37.9813 1.37535 5.32376e-05
-38.1036 -37.1914 1.37489 4.24843e-08
-38.073 -37.2419 1.37766 1.60037e-07
-38.4293 -37.4837 1.36493 3.90197e-13
-38.0093 -37.4675 1.37042 0.000190936
