272.08 21.6511 5.49055 1.18007e-14 272.81 21.641 5.5059
272.814 21.6679 5.51756 0.0153944 272.81 21.641 5.5059
272.902 21.5895 5.5 0.132872 272.81 21.641 5.5059
272.49 22.3683 5.49222 4.59091e-15 272.81 21.641 5.5059
272.919 21.997 5.50465 0.00867032 272.81 21.641 5.5059
272.729 21.5821 5.5181 0.00439244 272.81 21.641 5.5059
272.919 21.8386 5.50382 0.137868 272.81 21.641 5.5059
271.95 21.689 5.50083 1.89458e-15 272.81 21.641 5.5059
272.452 21.9813 5.50222 6.18003e-05 272.81 21.641 5.5059
272.524 22.4283 5.50617 8.44322e-12 272.81 21.641 5.5059
273.094 21.8416 5.5144 0.000527485 272.81 21.641 5.5059
272.788 21.9524 5.50657 0.0625815 272.81 21.641 5.5059
272.438 21.8375 5.49968 0.000187133 272.81 21.641 5.5059
272.626 21.8453 5.50897 0.117417 272.81 21.641 5.5059
272.921 21.3495 5.49975 0.000983759 272.81 21.641 5.5059
272.858 21.1173 5.50404 6.28271e-08 272.81 21.641 5.5059
273.187 22.0298 5.50253 6.17482e-06 272.81 21.641 5.5059
272.525 21.4847 5.49895 0.000819027 272.81 21.641 5.5059
273.177 21.4851 5.49465 7.38123e-05 272.81 21.641 5.5059
273.025 21.9092 5.4939 0.000458753 272.81 21.641 5.5059
272.468 21.6535 5.50097 0.00193691 272.81 21.641 5.5059
273.044 22.285 5.51558 1.65239e-08 272.81 21.641 5.5059
272.38 21.4202 5.52076 6.4197e-08 272.81 21.641 5.5059
272.694 21.3041 5.49819 0.000158263 272.81 21.641 5.5059
272.593 22.1344 5.49658 6.73304e-07 272.81 21.641 5.5059
272.698 22.1976 5.48129 3.7452e-14 272.81 21.641 5.5059
272.679 22.3339 5.52493 5.1953e-09 272.81 21.641 5.5059
273.15 21.4637 5.50019 0.000194916 272.81 21.641 5.5059
273.044 21.7853 5.4966 0.00782045 272.81 21.641 5.5059
272.899 21.904 5.49697 0.00941277 272.81 21.641 5.5059
272.539 21.9787 5.51281 0.00365708 272.81 21.641 5.5059
272.48 21.517 5.50423 0.00122943 272.81 21.641 5.5059
272.975 21.9791 5.49392 0.00015879 272.81 21.641 5.5059
272.723 21.7405 5.49161 0.00330044 272.81 21.641 5.5059
273.095 21.7937 5.50342 0.00754838 272.81 21.641 5.5059
272.999 22.4152 5.51069 9.63545e-11 272.81 21.641 5.5059
272 21.9014 5.51084 7.87994e-13 272.81 21.641 5.5059
272.47 21.6554 5.49904 0.00102536 272.81 21.641 5.5059
272.974 21.6609 5.49604 0.0351937 272.81 21.641 5.5059
272.256 22.1707 5.48896 3.27651e-16 272.81 21.641 5.5059
272.981 21.7475 5.49895 0.0592278 272.81 21.641 5.5059
273.195 21.613 5.51298 1.35146e-05 272.81 21.641 5.5059
272.56 21.6266 5.51199 0.0231828 272.81 21.641 5.5059
272.661 21.9617 5.51531 0.0164015 272.81 21.641 5.5059
272.95 22.1448 5.49726 3.98851e-06 272.81 21.641 5.5059
272.367 21.838 5.50036 1.95571e-05 272.81 21.641 5.5059
272.498 21.6694 5.51202 0.00986113 272.81 21.641 5.5059
272.096 21.0868 5.51247 1.72687e-18 272.81 21.641 5.5059
272.932 21.9467 5.51599 0.00433451 272.81 21.641 5.5059
272.207 22.5215 5.50364 2.25315e-20 272.81 21.641 5.5059
272.4 21.9498 5.50032 9.06842e-06 272.81 21.641 5.5059
272.609 22.0731 5.53078 3.11657e-07 272.81 21.641 5.5059
273.246 21.6746 5.51485 1.07331e-06 272.81 21.641 5.5059
272.369 21.6175 5.52881 2.30887e-08 272.81 21.641 5.5059
272.029 22.2376 5.5035 9.17124e-18 272.81 21.641 5.5059
272.963 22.0722 5.5018 0.000315406 272.81 21.641 5.5059
273.003 21.5166 5.51514 0.000271457 272.81 21.641 5.5059
272.364 21.8235 5.52476 3.61022e-06 272.81 21.641 5.5059
272.173 21.7776 5.51233 7.01777e-08 272.81 21.641 5.5059
272.986 21.9094 5.49046 9.57574e-05 272.81 21.641 5.5059
272.278 21.4804 5.50714 4.73974e-07 272.81 21.641 5.5059
272.735 21.9412 5.50076 0.0188003 272.81 21.641 5.5059
272.595 21.9179 5.52667 5.74912e-05 272.81 21.641 5.5059
272.363 21.3168 5.4972 3.03843e-08 272.81 21.641 5.5059
272.824 21.4558 5.51295 0.00265621 272.81 21.641 5.5059
272.661 22.2173 5.48998 1.98752e-10 272.81 21.641 5.5059
272.922 21.9577 5.50452 0.0203785 272.81 21.641 5.5059
272.95 22.4815 5.48854 9.20122e-18 272.81 21.641 5.5059
273.063 22.021 5.50452 0.000359792 272.81 21.641 5.5059
272.046 21.6492 5.48793 8.02841e-17 272.81 21.641 5.5059
272.542 21.6955 5.49388 0.000590286 272.81 21.641 5.5059
272.102 22.327 5.49603 2.0664e-20 272.81 21.641 5.5059
272.756 22.0582 5.51585 0.00256417 272.81 21.641 5.5059
273.037 21.5838 5.49359 0.00440727 272.81 21.641 5.5059
272.509 22.1871 5.50248 3.37802e-07 272.81 21.641 5.5059
272.839 21.5109 5.50056 0.0728331 272.81 21.641 5.5059
272.139 21.9611 5.49262 5.0051e-14 272.81 21.641 5.5059
272.426 21.6959 5.49702 9.61687e-05 272.81 21.641 5.5059
272.481 21.44 5.5142 5.14142e-05 272.81 21.641 5.5059
273.035 22.0732 5.49311 1.84447e-06 272.81 21.641 5.5059
272.841 21.2523 5.52079 4.31877e-09 272.81 21.641 5.5059
272.904 21.9943 5.5102 0.0119046 272.81 21.641 5.5059
272.936 21.6205 5.51551 0.0058684 272.81 21.641 5.5059
272.303 22.2352 5.50325 4.26988e-11 272.81 21.641 5.5059
272.331 21.5591 5.51472 8.31853e-06 272.81 21.641 5.5059
272.659 21.3702 5.49088 4.71994e-05 272.81 21.641 5.5059
272.729 22.1801 5.49784 1.60424e-06 272.81 21.641 5.5059
272.352 21.4531 5.50779 5.32406e-06 272.81 21.641 5.5059
272.145 21.9895 5.51351 1.73741e-09 272.81 21.641 5.5059
273.373 22.1747 5.50371 1.50989e-11 272.81 21.641 5.5059
272.686 22.4246 5.49228 1.08555e-14 272.81 21.641 5.5059
272.991 21.9278 5.52038 0.000168924 272.81 21.641 5.5059
273.185 21.6397 5.48964 2.99075e-05 272.81 21.641 5.5059
272.422 21.7008 5.49075 1.20481e-06 272.81 21.641 5.5059
272.49 21.943 5.51621 0.00146903 272.81 21.641 5.5059
272.704 21.6771 5.49754 0.0773672 272.81 21.641 5.5059
272.651 22.2444 5.50709 2.20135e-06 272.81 21.641 5.5059
272.157 21.9607 5.5 5.7836e-11 272.81 21.641 5.5059
272.614 21.5773 5.49545 0.0055504 272.81 21.641 5.5059
272.767 21.7079 5.51461 0.107085 272.81 21.641 5.5059
