257.287 29.9447 6.20544 3.87998e-25
257.645 29.633 6.19002 2.72118e-08
256.843 29.4647 6.16926 3.59286e-17
257.416 29.6132 6.17815 3.27672e-05
257.621 29.2132 6.17331 0.0282481
257.543 29.463 6.2093 1.21832e-15
257.243 29.0141 6.15998 1.34663e-14
256.525 29.6189 6.19312 1.21089e-22
256.874 29.3407 6.18631 3.16822e-09
256.926 28.9178 6.18198 1.41581e-09
256.94 29.0219 6.17833 6.65264e-10
257.587 29.2195 6.19127 0.007007
257.504 29.0773 6.17675 0.0271602
257.541 29.3671 6.18656 0.0113088
257.696 29.3901 6.18696 0.000687178
257.587 29.3271 6.1904 0.00204121
257.683 29.4377 6.19435 3.77499e-07
257.397 28.7078 6.18967 0.000111284
258.055 29.2465 6.18699 1.59584e-08
256.967 29.2496 6.18875 2.04909e-06
257.633 29.5225 6.19302 2.26168e-07
257.589 29.0413 6.1742 0.00626926
257.576 29.339 6.16675 0.000413166
257.4 29.0313 6.18363 0.0690734
257.595 29.4489 6.19136 3.2727e-05
257.475 29.7282 6.18913 2.98134e-09
257.338 30.0183 6.1832 3.7422e-16
256.791 29.1424 6.18438 5.48794e-11
256.997 29.3976 6.16399 1.86351e-15
257.247 28.8868 6.17971 4.11145e-05
257.297 29.1051 6.17847 0.00351261
257.678 28.7755 6.17785 1.62688e-05
257.297 29.0182 6.18214 0.00802582
257.257 29.2361 6.18051 0.00466066
256.963 29.0878 6.20239 9.34221e-07
257.383 29.1848 6.16792 1.2905e-05
257.507 28.9896 6.18158 0.0443549
257.46 29.1379 6.18096 0.142479
257.176 28.7599 6.17184 7.54285e-12
257.444 29.0772 6.16882 2.90241e-05
257.527 29.4111 6.19631 3.20892e-06
257.048 29.4981 6.1817 7.44136e-08
257.386 29.5948 6.18807 3.87335e-06
257.126 29.0228 6.18823 0.000926092
257.591 28.9491 6.20372 4.42022e-07
257.066 29.4437 6.19623 1.08586e-07
257.214 29.1114 6.18679 0.0102608
257.874 29.4769 6.1852 1.72707e-06
257.527 29.4501 6.16428 1.2846e-05
258.125 29.7818 6.2123 1.41409e-42
257.161 29.4296 6.1903 2.31884e-05
257.122 29.6356 6.18115 1.06986e-08
257.386 29.827 6.16756 1.42059e-10
257.105 28.9745 6.19644 0.000415752
257.427 29.1925 6.18918 0.0774534
257.623 29.5639 6.19115 3.16002e-07
257.574 29.7579 6.16702 8.88495e-08
257.426 29.0094 6.17324 0.000305081
256.734 29.3631 6.17969 5.76035e-15
257.182 29.2945 6.18555 0.00124709
257.018 28.9781 6.20243 6.86254e-06
257.132 29.3583 6.17596 2.43359e-06
257.527 29.4003 6.18437 0.0128206
257.31 29.2636 6.18441 0.0265482
257.767 29.6728 6.1991 4.64211e-16
257.358 29.4613 6.16587 6.72462e-07
257.161 29.6387 6.19247 1.8741e-09
257.507 29.2231 6.17839 0.117161
257.57 29.2577 6.19531 0.000236914
257.71 29.3855 6.17886 0.0132232
257.139 28.9952 6.17638 8.60065e-07
257.972 29.4267 6.18384 4.53748e-07
257.468 29.8641 6.18032 2.2396e-10
257.654 29.5556 6.18018 0.000292913
257.69 29.0443 6.16736 5.62252e-05
257.432 29.4475 6.18503 0.00297046
257.225 29.8336 6.16729 3.07532e-13
257.011 30.127 6.16882 3.35067e-25
257.159 29.4413 6.1943 2.83074e-06
257.561 29.0611 6.18771 0.0812222
257.495 29.0526 6.19457 0.00903261
257.35 29.4734 6.17404 0.000163487
257.507 29.3775 6.19792 2.37081e-06
257.54 29.5127 6.18776 0.000100597
256.854 29.3437 6.17848 9.00545e-12
257.226 28.9233 6.19274 0.00420342
257.482 29.1519 6.17975 0.130537
257.693 29.5636 6.19053 1.33049e-07
257.603 29.4343 6.17054 0.00265596
257.854 29.7756 6.17868 1.81315e-09
257.203 29.6759 6.17583 1.07737e-08
257.551 29.2342 6.18387 0.151403
256.97 29.4659 6.18378 9.70337e-09
257.472 28.8126 6.19412 0.00110153
257.774 28.7446 6.1836 4.79029e-06
257.384 29.8073 6.18269 1.15847e-09
257.117 29.6356 6.18876 4.19396e-09
257.286 29.5233 6.1829 7.13683e-05
257.49 29.5635 6.16439 1.24997e-06
257.494 28.9685 6.1677 1.49595e-06
