257.246 -17.8331 3.38829 5.2507e-06 257.64 -18.114 3.385
258.033 -18.5661 3.38072 5.61474e-11 257.64 -18.114 3.385
258.261 -18.2467 3.39342 6.82115e-06 257.64 -18.114 3.385
258.398 -17.8719 3.38968 3.68512e-10 257.64 -18.114 3.385
257.929 -18.201 3.38377 0.000935457 257.64 -18.114 3.385
257.477 -18.0623 3.37348 0.00685831 257.64 -18.114 3.385
257.633 -18.3192 3.3952 0.000119899 257.64 -18.114 3.385
257.295 -18.3632 3.35179 7.68817e-23 257.64 -18.114 3.385
257.994 -18.0102 3.39951 8.37652e-05 257.64 -18.114 3.385
258.013 -18.0814 3.38218 2.95398e-05 257.64 -18.114 3.385
257.594 -18.6534 3.39845 9.28149e-11 257.64 -18.114 3.385
257.955 -18.3564 3.39391 0.000894954 257.64 -18.114 3.385
257.739 -17.7958 3.36366 1.54483e-14 257.64 -18.114 3.385
258.384 -18.0422 3.3944 1.52381e-07 257.64 -18.114 3.385
257.43 -18.0265 3.37832 0.195011 257.64 -18.114 3.385
258.093 -18.2915 3.38166 5.69302e-08 257.64 -18.114 3.385
257.82 -18.6683 3.39529 5.51876e-08 257.64 -18.114 3.385
257.354 -18.3968 3.4113 4.67963e-27 257.64 -18.114 3.385
257.981 -18.5191 3.37363 7.91713e-15 257.64 -18.114 3.385
258.088 -18.2226 3.38069 5.46199e-08 257.64 -18.114 3.385
257.646 -18.4802 3.36385 6.12211e-17 257.64 -18.114 3.385
257.779 -17.7502 3.37452 9.95636e-07 257.64 -18.114 3.385
258.381 -18.027 3.38723 3.32351e-10 257.64 -18.114 3.385
258.045 -18.1875 3.37725 2.65155e-09 257.64 -18.114 3.385
258.049 -18.4114 3.3789 3.33683e-10 257.64 -18.114 3.385
258.293 -18.4209 3.37507 1.78822e-20 257.64 -18.114 3.385
257.748 -17.9673 3.38518 0.0871616 257.64 -18.114 3.385
257.691 -18.3355 3.37874 0.00040417 257.64 -18.114 3.385
257.617 -17.9815 3.39106 0.0120916 257.64 -18.114 3.385
257.322 -17.9148 3.36709 7.81298e-05 257.64 -18.114 3.385
258.19 -18.6894 3.38498 1.24285e-13 257.64 -18.114 3.385
257.773 -17.5331 3.39569 1.89178e-09 257.64 -18.114 3.385
257.966 -18.1869 3.3705 1.77457e-13 257.64 -18.114 3.385
258.554 -18.2412 3.40219 1.44505e-09 257.64 -18.114 3.385
257.526 -18.1027 3.37658 0.0348146 257.64 -18.114 3.385
258.091 -18.111 3.38676 0.000105804 257.64 -18.114 3.385
257.272 -18.2638 3.37974 0.00916985 257.64 -18.114 3.385
257.441 -18.022 3.38624 0.0492722 257.64 -18.114 3.385
258.105 -17.9352 3.39782 5.83276e-05 257.64 -18.114 3.385
257.259 -18.0639 3.36877 0.000825485 257.64 -18.114 3.385
258.144 -17.8407 3.39071 1.28128e-05 257.64 -18.114 3.385
258.066 -18.2926 3.39273 0.000573081 257.64 -18.114 3.385
257.889 -17.8691 3.38186 0.000402656 257.64 -18.114 3.385
257.307 -18.2619 3.37877 0.0147991 257.64 -18.114 3.385
258.088 -18.206 3.37683 9.95098e-11 257.64 -18.114 3.385
257.732 -18.4208 3.38507 0.00124192 257.64 -18.114 3.385
257.765 -18.4495 3.38491 0.00035034 257.64 -18.114 3.385
257.936 -18.2959 3.38815 0.0025992 257.64 -18.114 3.385
257.744 -18.3273 3.37847 0.000112142 257.64 -18.114 3.385
257.761 -17.946 3.37535 6.0433e-05 257.64 -18.114 3.385
258.195 -18.5118 3.41451 5.78041e-15 257.64 -18.114 3.385
257.545 -18.2637 3.39412 0.000128847 257.64 -18.114 3.385
258.309 -18.8702 3.38835 2.86553e-18 257.64 -18.114 3.385
258.146 -17.981 3.38761 1.97097e-05 257.64 -18.114 3.385
258.221 -18.0597 3.38647 4.88617e-07 257.64 -18.114 3.385
257.873 -18.5663 3.39389 5.48074e-06 257.64 -18.114 3.385
257.639 -17.7157 3.38273 0.00258938 257.64 -18.114 3.385
257.73 -17.9293 3.3833 0.0525556 257.64 -18.114 3.385
257.934 -18.4616 3.37373 1.03878e-12 257.64 -18.114 3.385
258.23 -18.099 3.38851 2.28e-06 257.64 -18.114 3.385
257.741 -18.0323 3.40835 1.57177e-13 257.64 -18.114 3.385
257.668 -18.4177 3.37326 8.26236e-08 257.64 -18.114 3.385
258.02 -17.9101 3.38444 8.05252e-05 257.64 -18.114 3.385
257.3 -18.215 3.38624 0.00145086 257.64 -18.114 3.385
258.339 -17.7551 3.39146 1.74682e-09 257.64 -18.114 3.385
258.177 -18.2096 3.39627 0.000131842 257.64 -18.114 3.385
257.688 -17.8371 3.40033 2.04186e-08 257.64 -18.114 3.385
257.959 -18.5866 3.38684 2.51534e-07 257.64 -18.114 3.385
257.644 -17.707 3.38789 0.000583305 257.64 -18.114 3.385
258.196 -18.3931 3.38838 2.16135e-07 257.64 -18.114 3.385
257.411 -18.1297 3.3839 0.0990903 257.64 -18.114 3.385
257.69 -18.2588 3.38169 0.0165442 257.64 -18.114 3.385
257.526 -18.1045 3.377 0.04649 257.64 -18.114 3.385
258.371 -17.6368 3.3751 1.65376e-22 257.64 -18.114 3.385
257.848 -17.7343 3.37285 3.94985e-09 257.64 -18.114 3.385
258.119 -18.4816 3.38559 2.21988e-08 257.64 -18.114 3.385
257.973 -18.2155 3.39586 0.0021342 257.64 -18.114 3.385
257.629 -18.5347 3.38391 4.75185e-05 257.64 -18.114 3.385
257.258 -18.037 3.37576 0.0634049 257.64 -18.114 3.385
258.319 -18.2617 3.36441 1.39905e-34 257.64 -18.114 3.385
257.619 -18.2327 3.39254 0.0037395 257.64 -18.114 3.385
257.724 -18.4287 3.39099 0.000865642 257.64 -18.114 3.385
257.839 -17.7408 3.3992 1.37154e-07 257.64 -18.114 3.385
257.59 -17.983 3.38218 0.232388 257.64 -18.114 3.385
257.944 -18.3746 3.38674 0.000250994 257.64 -18.114 3.385
257.87 -18.263 3.38658 0.0083008 257.64 -18.114 3.385
257.714 -18.0353 3.37381 4.06807e-05 257.64 -18.114 3.385
258.63 -18.6193 3.38864 6.96109e-21 257.64 -18.114 3.385
258.187 -18.4595 3.38902 9.54578e-08 257.64 -18.114 3.385
257.739 -18.2355 3.38451 0.041388 257.64 -18.114 3.385
258.173 -18.3892 3.40383 3.80317e-07 257.64 -18.114 3.385
257.044 -17.7348 3.38741 4.524e-10 257.64 -18.114 3.385
257.542 -17.3766 3.35925 2.58181e-19 257.64 -18.114 3.385
257.999 -17.8123 3.38642 0.000101603 257.64 -18.114 3.385
257.782 -18.6947 3.3854 2.43774e-08 257.64 -18.114 3.385
258.152 -18.0581 3.37374 1.1132e-14 257.64 -18.114 3.385
257.873 -17.835 3.38924 0.00312529 257.64 -18.114 3.385
258.564 -18.1605 3.3691 5.37175e-37 257.64 -18.114 3.385
257.871 -17.9681 3.38378 0.00645262 257.64 -18.114 3.385
257.448 -17.6624 3.38893 6.39699e-06 257.64 -18.114 3.385
