269.679 -13.3792 3.85778 8.31346e-05 269.58 -12.993 3.8616
269.838 -12.855 3.86662 0.021627 269.58 -12.993 3.8616
269.56 -13.0469 3.85994 0.0121303 269.58 -12.993 3.8616
269.879 -13.3319 3.85887 0.00027048 269.58 -12.993 3.8616
268.999 -12.9772 3.86633 9.29636e-18 269.58 -12.993 3.8616
269.614 -13.0632 3.85641 0.0595495 269.58 -12.993 3.8616
269.934 -12.9074 3.8746 0.000493778 269.58 -12.993 3.8616
269.441 -12.9443 3.88507 1.47611e-23 269.58 -12.993 3.8616
269.112 -13.4809 3.86045 1.85908e-14 269.58 -12.993 3.8616
269.465 -13.2566 3.85064 0.000836031 269.58 -12.993 3.8616
269.123 -13.4057 3.85754 2.66899e-11 269.58 -12.993 3.8616
269.644 -12.8391 3.86995 1.59425e-05 269.58 -12.993 3.8616
269.367 -13.1154 3.84952 0.00665513 269.58 -12.993 3.8616
269.572 -12.6804 3.86111 0.000638242 269.58 -12.993 3.8616
269.408 -13.0915 3.8471 0.00967281 269.58 -12.993 3.8616
270.145 -12.8442 3.8625 0.00351114 269.58 -12.993 3.8616
269.609 -12.97 3.85411 0.107174 269.58 -12.993 3.8616
269.317 -13.5443 3.87464 2.78081e-21 269.58 -12.993 3.8616
269.598 -13.3929 3.87094 1.93171e-09 269.58 -12.993 3.8616
270.011 -12.8583 3.86608 0.0485498 269.58 -12.993 3.8616
269.661 -12.7634 3.85218 0.0231527 269.58 -12.993 3.8616
268.842 -12.652 3.85104 1.90664e-11 269.58 -12.993 3.8616
269.467 -13.0496 3.85925 0.00257889 269.58 -12.993 3.8616
269.695 -13.0462 3.86604 0.00397611 269.58 -12.993 3.8616
269.709 -12.9521 3.85523 0.114651 269.58 -12.993 3.8616
269.542 -12.8948 3.85019 0.0615669 269.58 -12.993 3.8616
269.692 -13.1531 3.86784 0.000293104 269.58 -12.993 3.8616
269.088 -12.8113 3.85797 5.43142e-09 269.58 -12.993 3.8616
269.982 -13.4278 3.85412 7.27652e-08 269.58 -12.993 3.8616
269.459 -12.9275 3.87909 2.97641e-16 269.58 -12.993 3.8616
269.037 -12.7883 3.8656 2.29597e-16 269.58 -12.993 3.8616
269.598 -13.4449 3.86168 1.1442e-06 269.58 -12.993 3.8616
269.426 -13.2539 3.85453 0.000388725 269.58 -12.993 3.8616
269.531 -12.899 3.85519 0.0622588 269.58 -12.993 3.8616
269.604 -13.1373 3.85911 0.0124756 269.58 -12.993 3.8616
268.829 -13.0039 3.846 4.69992e-08 269.58 -12.993 3.8616
269.246 -13.5708 3.88562 2.68702e-37 269.58 -12.993 3.8616
270.154 -12.6611 3.84643 1.45906e-12 269.58 -12.993 3.8616
269.115 -12.9439 3.84792 0.000414322 269.58 -12.993 3.8616
269.589 -13.1178 3.86467 0.000494693 269.58 -12.993 3.8616
269.347 -13.4605 3.84194 3.06892e-08 269.58 -12.993 3.8616
269.901 -13.253 3.85942 0.0021798 269.58 -12.993 3.8616
269.868 -13.5641 3.83525 6.71259e-22 269.58 -12.993 3.8616
269.829 -13.1877 3.86537 0.00764128 269.58 -12.993 3.8616
269.69 -12.8032 3.87278 1.42203e-06 269.58 -12.993 3.8616
269.267 -13.3263 3.84521 1.41827e-05 269.58 -12.993 3.8616
269.965 -12.5455 3.85738 2.9474e-05 269.58 -12.993 3.8616
269.883 -13.476 3.85872 1.47936e-06 269.58 -12.993 3.8616
269.99 -13.2524 3.85644 0.000106633 269.58 -12.993 3.8616
269.441 -13.1786 3.87384 1.71595e-12 269.58 -12.993 3.8616
269.481 -12.8699 3.85218 0.0550047 269.58 -12.993 3.8616
268.953 -13.4973 3.86971 1.18492e-27 269.58 -12.993 3.8616
269.591 -12.693 3.86794 2.78635e-06 269.58 -12.993 3.8616
269.913 -13.2464 3.88056 2.39405e-08 269.58 -12.993 3.8616
269.804 -12.5732 3.87196 6.69099e-07 269.58 -12.993 3.8616
268.857 -13.219 3.85677 5.58635e-15 269.58 -12.993 3.8616
269.445 -13.1384 3.85383 0.0064952 269.58 -12.993 3.8616
269.372 -12.7339 3.87525 5.19429e-16 269.58 -12.993 3.8616
269.673 -13.1107 3.87099 1.19319e-05 269.58 -12.993 3.8616
269.087 -13.0207 3.87281 1.19544e-21 269.58 -12.993 3.8616
269.762 -13.0931 3.85825 0.0615397 269.58 -12.993 3.8616
269.681 -12.8099 3.87497 4.78882e-08 269.58 -12.993 3.8616
269.845 -12.8188 3.83503 1.05819e-13 269.58 -12.993 3.8616
269.405 -13.3406 3.86764 2.18895e-10 269.58 -12.993 3.8616
269.804 -13.1896 3.86255 0.0130135 269.58 -12.993 3.8616
269.575 -12.7145 3.84688 0.00279782 269.58 -12.993 3.8616
269.479 -13.3598 3.86303 4.50462e-07 269.58 -12.993 3.8616
269.589 -12.7376 3.84708 0.0037038 269.58 -12.993 3.8616
269.76 -12.8644 3.85558 0.0764068 269.58 -12.993 3.8616
269.228 -13.4233 3.87146 6.25278e-19 269.58 -12.993 3.8616
269.47 -13.4127 3.8462 1.39025e-06 269.58 -12.993 3.8616
269.581 -12.6286 3.87225 1.14176e-09 269.58 -12.993 3.8616
269.979 -13.0693 3.86142 0.0353119 269.58 -12.993 3.8616
269.207 -13.297 3.85027 6.23133e-06 269.58 -12.993 3.8616
269.757 -12.8296 3.85729 0.0808355 269.58 -12.993 3.8616
269.568 -12.9596 3.86346 0.00200318 269.58 -12.993 3.8616
269.65 -12.7302 3.84842 0.00319817 269.58 -12.993 3.8616
268.995 -13.3119 3.85471 3.38119e-11 269.58 -12.993 3.8616
269.85 -12.8926 3.85374 0.0129002 269.58 -12.993 3.8616
269.632 -13.4053 3.86414 2.3847e-06 269.58 -12.993 3.8616
269.508 -12.9016 3.86939 3.08976e-07 269.58 -12.993 3.8616
269.043 -13.2543 3.84332 3.92511e-06 269.58 -12.993 3.8616
269.523 -13.7629 3.85277 1.71723e-13 269.58 -12.993 3.8616
269.853 -12.8747 3.85467 0.019326 269.58 -12.993 3.8616
270.239 -13.2057 3.88056 8.18126e-05 269.58 -12.993 3.8616
270.134 -12.8862 3.88574 1.31132e-07 269.58 -12.993 3.8616
269.477 -12.7103 3.85712 0.00195847 269.58 -12.993 3.8616
269.903 -13.3094 3.85058 1.05287e-06 269.58 -12.993 3.8616
269.929 -13.2831 3.86413 0.00181495 269.58 -12.993 3.8616
269.747 -13.3179 3.86926 1.12335e-05 269.58 -12.993 3.8616
269.782 -13.3105 3.89212 3.42751e-22 269.58 -12.993 3.8616
269.951 -13.3783 3.83872 5.73136e-17 269.58 -12.993 3.8616
270.093 -12.9442 3.865 0.0351953 269.58 -12.993 3.8616
269.956 -13.1441 3.86565 0.0246144 269.58 -12.993 3.8616
269.764 -12.5104 3.85337 3.94431e-05 269.58 -12.993 3.8616
269.308 -13.5275 3.84683 8.29483e-09 269.58 -12.993 3.8616
269.504 -13.3162 3.84899 0.000117451 269.58 -12.993 3.8616
269.558 -12.5331 3.85521 0.000143097 269.58 -12.993 3.8616
270.35 -12.9622 3.8631 2.24675e-05 269.58 -12.993 3.8616
270.432 -13.4943 3.84905 1.45265e-22 269.58 -12.993 3.8616
