279.065 6.91639 4.7528 1.88634e-08
278.11 6.48876 4.7377 7.57739e-05
277.878 6.58817 4.75533 2.4028e-08
278.331 6.44132 4.76001 1.09513e-05
278.196 6.91577 4.76283 0.00228465
278.388 6.35669 4.75522 3.77945e-06
278.219 6.35322 4.7585 1.17059e-07
278.264 6.74914 4.75295 0.0380395
278.64 6.50658 4.76784 7.32109e-06
278.422 6.58293 4.76558 0.000212817
277.927 6.46683 4.73234 5.37751e-07
278.099 6.65156 4.75658 0.000144683
278.546 6.48804 4.75965 0.000128496
278.298 6.74525 4.75124 0.060375
278.443 6.23054 4.74741 6.55333e-08
278.581 6.43938 4.7572 3.32037e-05
278.673 6.54681 4.75386 0.000322816
277.912 6.55826 4.74545 1.66413e-06
278.708 6.93283 4.74546 0.000459582
278.657 6.79874 4.76269 0.0206396
278.551 6.43653 4.77428 1.24293e-08
278.592 6.62504 4.75166 0.00592211
278.798 6.77009 4.75187 0.00043514
278.071 7.23773 4.76869 1.67128e-07
278.686 6.43091 4.75656 6.41789e-06
278.585 6.72508 4.7658 0.00676764
278.443 6.66623 4.75342 0.0363303
278.168 6.12668 4.74113 2.51191e-10
278.977 6.73759 4.75689 1.9667e-06
278.146 6.94887 4.76881 3.70673e-05
278.397 6.75467 4.74951 0.0990563
278.554 6.71449 4.73826 0.000729732
278.825 6.10351 4.77263 3.35469e-17
278.08 6.09785 4.76133 6.48027e-16
278.08 6.87639 4.7451 0.00259088
278.149 6.48779 4.74977 7.95511e-05
278.267 6.89183 4.75533 0.0543448
278.277 6.19891 4.77051 3.07822e-14
278.512 6.59088 4.75772 0.00417161
278.15 6.85659 4.74763 0.012536
278.487 6.51335 4.74874 0.00134122
277.932 6.8745 4.7343 1.08774e-05
278.738 6.63172 4.7549 0.000569259
278.423 6.57234 4.73887 0.00130015
278.337 6.23661 4.74284 1.3503e-07
278.396 6.881 4.75202 0.165816
278.234 6.90894 4.74809 0.0375944
278.716 6.80851 4.76607 0.00594609
278.537 6.43569 4.74479 6.38281e-05
278.878 6.57801 4.76663 1.89955e-06
277.932 6.76581 4.74513 4.42896e-05
278.765 6.79253 4.75535 0.00258291
278.501 7.12006 4.72571 6.25788e-10
277.918 5.91783 4.74089 3.66835e-18
278.779 6.87011 4.76167 0.00455379
278.158 6.1754 4.74844 5.35044e-10
278.871 6.1991 4.74165 3.38196e-13
278.539 7.05594 4.77023 0.0111111
278.356 6.87125 4.76077 0.0605784
278.339 6.71823 4.76982 0.000200454
277.942 6.62767 4.74674 1.2752e-05
278.542 6.73372 4.7697 0.00191377
278.893 6.4195 4.77205 6.0989e-10
278.211 7.13182 4.75812 0.00158316
278.307 7.38432 4.75095 1.9075e-06
278.25 7.05809 4.76051 0.00674534
278.759 6.37991 4.78814 3.20812e-15
279.048 6.82884 4.76573 8.55171e-07
278.425 6.77005 4.7668 0.00674656
278.505 7.18345 4.74871 0.000780189
278.457 7.31074 4.76106 0.000290564
278.745 7.06113 4.78176 5.40742e-05
278.49 6.66137 4.7507 0.0285669
278.857 6.42974 4.76239 5.25188e-08
278.089 7.1097 4.77125 6.30222e-07
278.61 7.07581 4.75442 0.0125583
278.513 6.86556 4.76282 0.081607
278.215 6.3971 4.78424 1.32215e-16
278.494 7.17507 4.75694 0.00753178
278.672 6.21385 4.77217 4.16073e-13
278.444 6.97629 4.75563 0.133861
278.348 6.28418 4.7752 2.59247e-13
278.296 6.35287 4.75716 7.3588e-07
278.449 6.71423 4.77705 8.21631e-06
278.62 6.92762 4.75235 0.0320568
278.779 6.81485 4.75231 0.00109262
278.893 6.80217 4.7606 0.000133009
278.765 7.01285 4.76215 0.00504908
278.949 6.60805 4.76908 3.31832e-07
278.59 6.5114 4.74629 0.000281628
278.667 6.72213 4.75885 0.0103417
278.716 6.58162 4.77578 8.26154e-07
278.252 7.13271 4.75281 0.00355756
278.537 6.71027 4.76022 0.0254728
278.123 6.71687 4.76985 7.64053e-07
278.262 6.45039 4.7427 0.000221847
278.506 6.74545 4.77629 5.16229e-05
278.217 6.56599 4.75362 0.00083279
278.315 6.52069 4.73485 0.000257068
278.238 6.51261 4.74342 0.00092135
