107.58 -25.2381 3.42529 0.000939844 107.78 -25.439 3.4376
107.954 -24.6546 3.4289 6.09238e-08 107.78 -25.439 3.4376
108.362 -25.5656 3.43119 6.41849e-06 107.78 -25.439 3.4376
108.372 -25.3184 3.41486 2.07153e-11 107.78 -25.439 3.4376
107.822 -25.2129 3.42788 0.00136913 107.78 -25.439 3.4376
108.407 -25.7666 3.428 6.67763e-08 107.78 -25.439 3.4376
107.697 -25.4315 3.4325 0.0244431 107.78 -25.439 3.4376
107.551 -25.2598 3.43586 0.0165077 107.78 -25.439 3.4376
108.302 -25.186 3.43159 1.16523e-05 107.78 -25.439 3.4376
107.974 -25.4568 3.43189 0.0055058 107.78 -25.439 3.4376
107.84 -25.0288 3.43201 0.000788721 107.78 -25.439 3.4376
107.893 -25.7011 3.43366 0.00709109 107.78 -25.439 3.4376
107.777 -26.1879 3.41458 4.70901e-11 107.78 -25.439 3.4376
107.47 -25.5254 3.41889 5.08936e-05 107.78 -25.439 3.4376
107.626 -25.0831 3.44035 0.00641139 107.78 -25.439 3.4376
108.61 -25.0893 3.4313 1.38629e-09 107.78 -25.439 3.4376
107.607 -25.3664 3.44391 0.0590672 107.78 -25.439 3.4376
107.64 -25.3668 3.44356 0.0744815 107.78 -25.439 3.4376
107.746 -25.9007 3.42328 1.16808e-05 107.78 -25.439 3.4376
107.488 -25.3436 3.43237 0.0093572 107.78 -25.439 3.4376
107.346 -25.4109 3.42534 0.000512869 107.78 -25.439 3.4376
106.878 -25.2276 3.43213 1.40881e-07 107.78 -25.439 3.4376
107.409 -25.7439 3.43177 0.00122853 107.78 -25.439 3.4376
107.7 -25.0317 3.42811 0.000346361 107.78 -25.439 3.4376
107.967 -25.3397 3.42997 0.00220499 107.78 -25.439 3.4376
107.531 -24.7552 3.43766 8.0089e-06 107.78 -25.439 3.4376
107.849 -24.5995 3.43899 3.18047e-07 107.78 -25.439 3.4376
107.956 -24.5573 3.43175 1.09086e-08 107.78 -25.439 3.4376
108.128 -25.9401 3.4486 0.0018989 107.78 -25.439 3.4376
107.999 -25.6009 3.43854 0.0280739 107.78 -25.439 3.4376
107.496 -25.4271 3.43238 0.0119026 107.78 -25.439 3.4376
108.345 -25.1749 3.43112 3.33939e-06 107.78 -25.439 3.4376
107.971 -25.1346 3.44293 0.0141752 107.78 -25.439 3.4376
107.41 -25.9107 3.43133 0.000134903 107.78 -25.439 3.4376
107.676 -24.5987 3.41585 1.44015e-10 107.78 -25.439 3.4376
107.835 -25.0967 3.44507 0.0138546 107.78 -25.439 3.4376
107.374 -25.2168 3.46216 1.84128e-06 107.78 -25.439 3.4376
107.448 -24.9899 3.43647 0.00037648 107.78 -25.439 3.4376
107.639 -24.5687 3.42333 3.41288e-09 107.78 -25.439 3.4376
107.455 -25.1753 3.42117 7.09608e-05 107.78 -25.439 3.4376
107.717 -25.1066 3.43399 0.00488727 107.78 -25.439 3.4376
107.895 -25.5181 3.42622 0.000753827 107.78 -25.439 3.4376
107.59 -25.0792 3.42742 0.000493014 107.78 -25.439 3.4376
107.956 -24.5437 3.45933 3.29289e-09 107.78 -25.439 3.4376
108.045 -25.5816 3.44729 0.0815077 107.78 -25.439 3.4376
108.233 -25.027 3.43931 0.000122789 107.78 -25.439 3.4376
107.813 -25.3108 3.45593 0.0214089 107.78 -25.439 3.4376
107.119 -25.5039 3.44659 2.05741e-05 107.78 -25.439 3.4376
107.663 -25.2772 3.43719 0.0368607 107.78 -25.439 3.4376
107.758 -24.9984 3.44429 0.00309124 107.78 -25.439 3.4376
107.351 -25.4273 3.43086 0.00237995 107.78 -25.439 3.4376
107.49 -25.1816 3.43586 0.00570795 107.78 -25.439 3.4376
107.299 -26.2431 3.43889 1.09302e-07 107.78 -25.439 3.4376
108.408 -25.4821 3.44483 0.00068247 107.78 -25.439 3.4376
108.671 -25.6697 3.45068 3.80051e-06 107.78 -25.439 3.4376
107.489 -25.6605 3.42906 0.00221123 107.78 -25.439 3.4376
108.306 -25.6232 3.41956 4.6419e-09 107.78 -25.439 3.4376
107.649 -25.6868 3.43263 0.00965455 107.78 -25.439 3.4376
107.849 -25.1906 3.44817 0.0352165 107.78 -25.439 3.4376
107.643 -25.1358 3.43682 0.00983172 107.78 -25.439 3.4376
107.951 -26.0108 3.43772 0.000301811 107.78 -25.439 3.4376
107.684 -25.7907 3.43427 0.00594461 107.78 -25.439 3.4376
107.983 -25.129 3.41521 5.22092e-08 107.78 -25.439 3.4376
108.252 -24.9321 3.43725 1.05588e-05 107.78 -25.439 3.4376
108.123 -24.998 3.43233 3.8383e-05 107.78 -25.439 3.4376
107.742 -25.3631 3.44814 0.0926781 107.78 -25.439 3.4376
108.177 -25.2404 3.4373 0.00163789 107.78 -25.439 3.4376
107.921 -25.1316 3.43283 0.00222838 107.78 -25.439 3.4376
107.824 -25.0177 3.44765 0.00387256 107.78 -25.439 3.4376
108.052 -24.9947 3.42296 8.79964e-07 107.78 -25.439 3.4376
107.248 -25.4795 3.40841 2.4383e-08 107.78 -25.439 3.4376
107.93 -25.3668 3.44189 0.0886064 107.78 -25.439 3.4376
107.839 -25.7254 3.42309 5.52091e-05 107.78 -25.439 3.4376
107.657 -25.1265 3.41517 1.39789e-06 107.78 -25.439 3.4376
108.508 -24.4594 3.42414 2.43214e-16 107.78 -25.439 3.4376
108.121 -25.3387 3.42935 0.000238324 107.78 -25.439 3.4376
107.639 -24.3458 3.41606 7.39911e-14 107.78 -25.439 3.4376
107.796 -24.9601 3.44466 0.00172228 107.78 -25.439 3.4376
107.887 -25.2331 3.44187 0.0471322 107.78 -25.439 3.4376
107.728 -25.4433 3.44557 0.131317 107.78 -25.439 3.4376
107.875 -26.1975 3.45593 1.97257e-05 107.78 -25.439 3.4376
108.114 -25.2643 3.43728 0.00440112 107.78 -25.439 3.4376
108.069 -25.7429 3.41981 2.73581e-07 107.78 -25.439 3.4376
108.388 -24.4495 3.43318 6.83994e-13 107.78 -25.439 3.4376
107.943 -24.7652 3.41755 2.0116e-09 107.78 -25.439 3.4376
107.523 -24.9858 3.43222 0.000378689 107.78 -25.439 3.4376
107.969 -25.0491 3.45774 0.00103761 107.78 -25.439 3.4376
107.422 -25.3321 3.44265 0.00856053 107.78 -25.439 3.4376
107.166 -25.6678 3.43651 0.00012429 107.78 -25.439 3.4376
108.004 -25.3614 3.44323 0.0689124 107.78 -25.439 3.4376
107.614 -26.17 3.457 4.22938e-06 107.78 -25.439 3.4376
107.915 -25.8612 3.4149 1.13937e-08 107.78 -25.439 3.4376
107.895 -24.8072 3.41199 1.39615e-10 107.78 -25.439 3.4376
107.544 -25.0577 3.4297 0.000658216 107.78 -25.439 3.4376
107.914 -25.4689 3.42983 0.00393989 107.78 -25.439 3.4376
107.625 -25.0707 3.43034 0.00117284 107.78 -25.439 3.4376
108.228 -24.8245 3.42006 2.57253e-10 107.78 -25.439 3.4376
107.875 -24.7778 3.44044 3.51969e-05 107.78 -25.439 3.4376
108.11 -25.5574 3.43028 0.000435473 107.78 -25.439 3.4376
107.637 -25.3007 3.44742 0.0388616 107.78 -25.439 3.4376
