90.1295 -30.418 3.52679 2.31515e-07
90.4243 -30.4402 3.51164 0.132743
89.9812 -29.897 3.50516 2.47569e-07
89.8779 -30.6749 3.50063 4.64034e-05
90.3439 -30.0385 3.50409 1.84001e-05
90.016 -30.5264 3.4916 6.36384e-10
89.9008 -30.3478 3.49488 1.53844e-08
89.6585 -30.0693 3.50391 6.93582e-09
89.9076 -30.3746 3.50267 0.00123677
89.8555 -30.3643 3.50301 0.000498708
90.0762 -30.1853 3.5011 8.41041e-05
89.8892 -30.1881 3.4991 5.07249e-07
90.212 -30.3695 3.51456 0.596901
89.6502 -30.3002 3.48931 5.04123e-17
89.854 -30.5549 3.50149 0.000179868
89.2501 -30.8916 3.50252 4.95363e-17
90.1297 -29.9415 3.49763 6.47931e-11
89.7126 -30.099 3.51857 3.39348e-07
89.73 -29.822 3.53446 1.8751e-20
89.7932 -30.2868 3.49733 3.33194e-08
90.2597 -30.6883 3.50477 0.0102404
89.5238 -30.1892 3.48707 9.41434e-22
90.1401 -29.8887 3.523 1.90019e-06
90.3074 -30.8599 3.50301 3.87304e-05
89.7676 -30.0572 3.50252 4.90674e-08
89.9963 -30.3945 3.48659 3.93063e-16
89.3975 -30.5407 3.49274 2.38731e-15
89.9715 -30.0192 3.49488 2.71576e-12
89.9643 -29.4233 3.49375 1.36331e-30
89.5861 -30.6636 3.51055 6.15868e-08
89.1818 -30.824 3.50146 2.03148e-18
89.6083 -30.7797 3.48809 3.34705e-13
89.8291 -30.3752 3.5107 0.00598822
89.7856 -29.9993 3.51223 5.15001e-06
90.3283 -30.3353 3.50427 0.0156757
89.2139 -30.6818 3.50921 8.9852e-17
89.5556 -30.2806 3.48478 7.39255e-22
90.5655 -30.4278 3.50227 1.9157e-05
89.5388 -30.534 3.50802 6.63018e-08
89.6588 -29.9606 3.47386 3.94935e-47
90.3923 -30.5303 3.51802 0.0050115
90.2965 -30.2814 3.50031 0.000110423
90.3004 -29.9474 3.51131 0.000423897
89.3757 -30.0615 3.50022 1.25067e-16
89.1842 -29.9351 3.50006 5.23039e-24
89.6006 -30.6753 3.50255 1.3519e-07
88.9509 -30.7102 3.49569 1.27165e-26
89.7921 -30.2294 3.50733 0.000309991
89.8243 -30.0094 3.50886 9.2896e-06
89.9206 -30.5036 3.52428 1.05418e-07
90.2192 -30.3345 3.53039 8.94458e-10
89.7006 -30.3537 3.50002 2.3123e-07
89.57 -30.2613 3.50423 1.78426e-08
90.0211 -30.6672 3.49313 1.28144e-08
90.0152 -30.0223 3.51674 0.00111253
90.2795 -30.6825 3.51353 0.0122332
89.9044 -30.1737 3.50239 3.5197e-05
90.124 -30.1864 3.49618 3.43691e-08
89.9748 -30.4298 3.50819 0.124087
89.9793 -30.7612 3.49495 6.5785e-08
90.0705 -30.7796 3.48388 2.28978e-18
89.6833 -30.2925 3.50788 2.01016e-05
89.4578 -30.4553 3.50157 1.56709e-10
90.9871 -29.9856 3.50346 1.44418e-17
89.7053 -30.1492 3.50362 2.79431e-07
90.6183 -29.2848 3.51476 7.73517e-23
89.4321 -29.8665 3.50718 5.22478e-15
89.6227 -30.5945 3.51596 4.68067e-08
89.1566 -30.5856 3.5071 9.8279e-18
90.6253 -30.8568 3.489 6.06188e-18
90.2053 -30.4388 3.49204 7.26499e-10
89.3855 -30.2741 3.49416 3.22985e-17
90.0275 -30.2922 3.4952 4.77577e-08
90.0502 -30.2259 3.51546 0.0864478
89.289 -30.345 3.48893 1.34442e-22
89.9891 -30.2769 3.49546 4.00217e-08
89.4282 -30.6116 3.50722 1.48541e-10
89.412 -30.383 3.50941 1.84569e-10
89.9433 -30.7238 3.51152 0.000956497
90.1611 -30.4758 3.49651 7.42711e-06
89.6552 -30.4507 3.5016 7.82162e-07
89.749 -30.0771 3.50048 4.05868e-09
89.8753 -31.0073 3.50414 7.88675e-07
90.1082 -30.297 3.48919 7.40156e-14
89.6783 -30.4783 3.49576 8.66362e-09
89.8256 -30.3271 3.5156 0.00101891
89.3542 -30.2884 3.4924 5.15263e-19
89.554 -30.2532 3.50799 6.27046e-08
89.6729 -29.2998 3.51653 2.70892e-24
90.4244 -30.4719 3.50191 0.000598896
89.5262 -30.3198 3.48774 8.50617e-19
90.2776 -30.6945 3.49953 9.36442e-05
90.0014 -30.5854 3.50123 0.00152216
90.1777 -30.382 3.49896 0.00015278
90.037 -30.564 3.49518 7.69941e-07
89.5331 -30.5963 3.52204 1.20325e-12
89.4282 -30.5486 3.51661 6.47882e-12
90.2094 -30.5695 3.50066 0.00192392
89.9055 -29.8243 3.49664 3.04945e-15
90.3181 -30.808 3.51335 0.000242533
