51.9571 -58.199 3.91438 0.0448681
52.1832 -58.696 3.9219 0.0129146
52.4434 -58.6101 3.91885 0.000792696
51.967 -58.5746 3.92596 7.31014e-05
51.1679 -58.3723 3.92537 3.22023e-26
52.553 -58.9804 3.92772 1.46271e-12
51.4092 -58.2322 3.91852 3.07682e-12
52.2497 -59.1541 3.91692 3.59183e-12
52.7071 -58.7192 3.91192 3.30657e-12
52.0992 -58.3813 3.9411 6.97102e-15
51.9712 -58.5094 3.93713 2.49474e-13
52.025 -58.6377 3.92904 4.21439e-07
51.9512 -58.8143 3.90309 7.00358e-06
52.6687 -58.7393 3.90484 6.11953e-15
51.3993 -58.268 3.90384 9.09134e-11
52.0006 -58.8306 3.93507 1.15268e-11
51.793 -59.257 3.93319 1.90249e-25
52.1023 -58.5931 3.93507 1.03684e-10
52.2156 -58.3851 3.90985 0.00439123
52.0282 -57.5177 3.92604 9.92365e-20
52.3679 -58.7035 3.91848 0.000999474
52.4903 -58.9799 3.89827 1.76396e-18
51.9254 -58.6287 3.9257 8.09521e-06
52.0385 -58.5597 3.9225 0.0128669
52.2263 -58.7803 3.90626 1.26855e-05
51.9035 -58.5611 3.91923 0.0178197
52.0812 -58.1029 3.91848 0.00706594
51.7696 -57.9979 3.91873 6.44471e-07
51.7114 -58.1561 3.91546 6.45683e-05
52.2624 -58.1965 3.9203 0.0146559
52.4215 -58.2204 3.9151 2.85707e-05
51.7592 -58.0884 3.93302 2.28078e-13
52.4305 -58.1481 3.93465 1.45182e-08
52.2466 -58.62 3.92827 0.000929751
51.7969 -58.5788 3.92402 4.73904e-06
52.0577 -58.9224 3.90127 8.89763e-09
51.7028 -58.0302 3.91877 1.89484e-07
52.6769 -58.9041 3.92365 1.60933e-12
52.4962 -58.797 3.92086 7.80534e-07
52.0517 -58.0217 3.9207 0.000267045
51.8355 -59.0952 3.90944 1.06714e-10
51.8179 -58.7813 3.94268 7.0536e-29
51.7435 -58.8043 3.91593 8.90137e-07
51.642 -58.3554 3.90765 0.000127053
52.1995 -58.7706 3.92093 0.00171467
52.1611 -58.2946 3.90656 0.000151484
52.0367 -58.0101 3.9308 4.04308e-08
52.5181 -58.3901 3.93065 1.01372e-05
51.887 -58.2741 3.93211 7.82104e-09
52.212 -58.5432 3.92462 0.0582055
51.8802 -58.7993 3.90569 5.98669e-05
51.653 -58.5177 3.90746 0.0002365
51.9255 -58.3637 3.92083 0.057139
51.8474 -59.1955 3.92751 2.77673e-18
52.147 -58.6241 3.92487 0.0151194
51.9544 -58.463 3.9194 0.155081
53.1554 -58.7141 3.91211 1.6946e-29
52.3892 -58.6426 3.93063 1.22023e-05
52.2245 -58.6482 3.92971 0.000136673
52.4301 -58.8368 3.90767 6.87799e-09
52.2848 -58.659 3.92406 0.00472465
51.8613 -58.7236 3.9182 0.000147601
52.064 -58.3016 3.92928 0.000119457
52.0856 -58.1785 3.92227 0.0212202
51.8488 -58.3428 3.93544 1.12203e-12
52.4411 -58.9465 3.92349 3.48174e-09
51.6762 -58.2469 3.9185 3.04612e-05
51.9507 -58.6727 3.90465 0.000212448
51.6033 -58.561 3.91747 1.46078e-06
52.0153 -58.8186 3.90486 2.38667e-05
51.8634 -58.7395 3.94888 8.07633e-37
52.1431 -58.5276 3.92276 0.0304439
51.9094 -58.7207 3.91638 0.0011536
51.7812 -58.1525 3.93176 3.4024e-11
51.9399 -58.2949 3.91468 0.240799
51.4781 -57.7997 3.93413 3.97138e-28
51.5322 -58.495 3.92441 9.79539e-12
51.9273 -57.8175 3.92024 1.8629e-09
52.0249 -58.7008 3.92799 5.00961e-05
52.3553 -57.9669 3.93396 8.12739e-10
52.5291 -58.3152 3.9249 7.52256e-05
52.1321 -58.5666 3.94683 3.78477e-24
52.0284 -58.8197 3.90229 1.91025e-06
52.3424 -58.2874 3.94062 1.64229e-12
51.9974 -58.6214 3.92316 0.000914471
51.83 -59.0816 3.91074 2.65173e-10
51.645 -58.4615 3.93902 3.81893e-23
52.2331 -58.499 3.92941 0.00228899
51.8506 -58.6231 3.92931 2.32923e-09
52.1264 -58.5964 3.92898 0.000710128
52.1476 -58.5851 3.92701 0.00623302
51.4157 -58.5143 3.91362 8.03666e-10
52.473 -58.7175 3.91971 2.51814e-05
52.0908 -58.0447 3.93474 7.57159e-10
52.1226 -59.0915 3.92821 5.99288e-13
52.1408 -58.2814 3.91563 0.213842
51.8076 -58.4902 3.91039 0.0351963
52.0879 -58.5824 3.91055 0.0352995
52.6827 -58.4866 3.92114 9.32686e-08
52.3738 -58.6605 3.92462 0.000719354
