255.677 -19.6353 3.21939 0.30937
256.566 -19.6704 3.21881 8.27934e-15
255.904 -19.373 3.22773 0.00169341
256.077 -20.0771 3.25005 6.39685e-17
255.697 -20.14 3.2163 1.02122e-06
255.923 -20.4309 3.24813 1.19975e-22
256.18 -19.3843 3.23283 3.52579e-05
256.252 -19.8608 3.23894 1.4168e-05
255.919 -19.789 3.23312 0.000827433
255.661 -19.8093 3.20484 3.82679e-08
256.232 -19.9901 3.21885 5.36553e-09
255.914 -20.3556 3.24152 3.75595e-15
256.111 -19.8507 3.21693 1.40852e-06
255.543 -19.6581 3.22303 0.0209056
256.604 -19.623 3.24241 1.47167e-08
256.023 -19.6952 3.23784 1.09755e-05
255.934 -18.9714 3.23767 1.5248e-16
255.782 -20.5624 3.21976 1.53084e-16
255.834 -19.9455 3.23615 6.0459e-07
255.965 -19.8254 3.22368 0.0248656
255.727 -19.4959 3.22159 0.146463
256.271 -19.8063 3.24031 4.56187e-06
255.312 -19.5863 3.22435 4.2713e-06
255.317 -19.9145 3.22268 2.69189e-06
256.155 -20.22 3.22032 1.30682e-10
255.627 -19.7209 3.24785 8.76399e-24
255.756 -19.449 3.21288 0.0043379
256.228 -20.2029 3.23285 1.52691e-07
255.759 -19.1652 3.21192 7.73244e-06
256.174 -19.7497 3.24531 6.05221e-10
256.056 -20.4379 3.22907 7.50177e-12
255.661 -20.3517 3.24161 8.10959e-20
255.832 -20.3221 3.20926 2.25034e-16
255.867 -20.2094 3.22957 4.44226e-07
256.599 -20.2069 3.23659 6.53647e-11
256.004 -19.9503 3.22332 0.0012051
256.272 -19.9087 3.24483 5.42997e-09
256.176 -19.9917 3.21531 1.54682e-10
255.841 -19.7071 3.22268 0.189617
255.949 -19.8183 3.23896 4.48067e-07
256.308 -19.7444 3.21901 2.99482e-08
255.574 -20.9776 3.23772 8.81489e-32
256.104 -19.8507 3.22716 0.00554147
256.177 -20.0884 3.2308 1.46484e-05
256.051 -19.8662 3.24201 1.89556e-08
256.248 -20.1214 3.25119 5.08484e-16
256.572 -19.7788 3.20234 2.51664e-38
255.918 -19.3311 3.24264 4.28054e-14
256.09 -19.962 3.22742 0.000928518
256.523 -19.9441 3.22967 2.88955e-08
256.17 -19.9823 3.24808 6.86142e-13
255.24 -20.0697 3.24307 1.6132e-30
255.961 -19.656 3.22921 0.0303656
256.009 -19.6511 3.24113 2.51829e-08
255.895 -19.4425 3.21101 1.07913e-05
256.157 -19.9328 3.22586 0.000334948
255.727 -19.4633 3.22541 0.0158076
256.261 -19.6642 3.23676 0.000107475
256.03 -20.1402 3.20999 6.89218e-15
255.448 -19.8943 3.21405 0.00152999
256.128 -19.814 3.22491 0.00294156
256.149 -20.4542 3.22857 8.99553e-13
255.667 -19.481 3.23428 4.10483e-08
256.199 -19.1433 3.23597 3.2253e-10
255.976 -19.3449 3.19803 1.14139e-20
255.996 -19.7556 3.23507 0.000294227
255.973 -19.4301 3.23012 0.00126006
255.923 -19.9129 3.21471 8.58547e-06
256.024 -19.5052 3.23524 4.39251e-05
255.882 -19.9488 3.22334 0.00471657
255.748 -19.8893 3.22939 0.000780858
256.263 -20.0905 3.20511 3.43124e-26
255.709 -20.2338 3.2265 9.77656e-08
255.813 -20.1101 3.23433 1.00775e-07
255.586 -19.981 3.21915 0.00100804
255.59 -19.8346 3.23583 6.58638e-10
256.194 -19.3715 3.22486 6.95699e-05
255.512 -19.604 3.22245 0.0168219
256.008 -19.7531 3.24334 5.39572e-10
256.007 -19.813 3.22852 0.0204317
255.779 -19.0088 3.21707 1.78857e-07
256.704 -19.9899 3.2059 6.92441e-41
255.523 -20.3942 3.2069 4.58889e-17
255.211 -20.028 3.2143 5.59854e-07
255.544 -19.5772 3.2064 0.000264244
256.168 -19.4877 3.24511 1.67733e-11
255.398 -19.4409 3.25924 2.85583e-58
256.508 -20.2401 3.22616 7.81371e-14
255.635 -19.3102 3.21341 0.0051008
256.004 -19.869 3.2339 0.00049554
255.504 -19.4185 3.22773 3.98326e-06
256.093 -20.638 3.2385 1.12795e-18
255.824 -19.809 3.24123 1.0711e-10
256.308 -19.7213 3.24595 1.35049e-09
255.497 -19.9142 3.22021 0.00170384
256.715 -19.6518 3.21828 3.38794e-20
255.645 -19.6763 3.217 0.189436
255.791 -19.5958 3.23868 2.80616e-09
255.563 -20.365 3.2162 1.13498e-11
255.878 -19.7819 3.21492 0.000607999
