23.5979 -87.5217 3.75455 0.0232383 23.585 -87.652 3.7571
23.6665 -87.8617 3.7494 6.90699e-08 23.585 -87.652 3.7571
23.9543 -86.9533 3.7579 4.69062e-11 23.585 -87.652 3.7571
23.9531 -87.3176 3.76507 4.837e-05 23.585 -87.652 3.7571
24.199 -87.6002 3.77492 3.65234e-08 23.585 -87.652 3.7571
23.3888 -87.3062 3.75825 0.0275936 23.585 -87.652 3.7571
23.71 -87.4623 3.76263 0.0365756 23.585 -87.652 3.7571
23.6586 -87.7494 3.76748 0.00273254 23.585 -87.652 3.7571
23.8084 -87.6999 3.7575 0.000483646 23.585 -87.652 3.7571
23.7056 -87.5249 3.7505 2.65428e-05 23.585 -87.652 3.7571
23.1473 -88.0812 3.76367 9.19783e-10 23.585 -87.652 3.7571
23.7304 -87.3876 3.76407 0.00993809 23.585 -87.652 3.7571
23.6584 -87.5556 3.75714 0.0355072 23.585 -87.652 3.7571
23.2239 -87.6517 3.76153 0.00202634 23.585 -87.652 3.7571
24.2747 -87.7527 3.75355 6.21873e-17 23.585 -87.652 3.7571
23.1449 -87.3116 3.76095 7.11126e-05 23.585 -87.652 3.7571
23.892 -87.6498 3.75041 5.07545e-09 23.585 -87.652 3.7571
23.4044 -87.5126 3.76701 0.000664382 23.585 -87.652 3.7571
23.4011 -88.0198 3.76377 4.69763e-06 23.585 -87.652 3.7571
23.1584 -87.4743 3.79155 1.21231e-40 23.585 -87.652 3.7571
23.7438 -87.853 3.74531 2.05859e-12 23.585 -87.652 3.7571
23.4158 -87.3881 3.76344 0.00864726 23.585 -87.652 3.7571
23.7271 -87.4045 3.7579 0.00817004 23.585 -87.652 3.7571
24.0553 -87.3464 3.75526 3.06396e-09 23.585 -87.652 3.7571
24.3662 -87.5788 3.75862 8.56046e-15 23.585 -87.652 3.7571
23.3717 -87.5484 3.78204 3.66711e-18 23.585 -87.652 3.7571
23.4569 -88.0164 3.75686 1.59741e-05 23.585 -87.652 3.7571
23.0541 -87.5264 3.7315 1.49738e-14 23.585 -87.652 3.7571
23.033 -87.6175 3.74999 0.000814583 23.585 -87.652 3.7571
23.9582 -87.1724 3.74752 6.5672e-14 23.585 -87.652 3.7571
23.9072 -88.3884 3.76672 1.03443e-14 23.585 -87.652 3.7571
23.2874 -87.1019 3.7558 0.000140189 23.585 -87.652 3.7571
24.094 -88.0071 3.76953 1.02142e-08 23.585 -87.652 3.7571
23.2522 -87.7177 3.73196 1.35211e-17 23.585 -87.652 3.7571
24.0616 -87.6259 3.75681 3.20416e-08 23.585 -87.652 3.7571
23.8798 -87.6839 3.76347 0.00156519 23.585 -87.652 3.7571
23.468 -87.9122 3.78701 1.16532e-23 23.585 -87.652 3.7571
23.8279 -87.4514 3.77251 2.92273e-05 23.585 -87.652 3.7571
23.3697 -87.887 3.76965 3.398e-07 23.585 -87.652 3.7571
23.8595 -87.9106 3.76313 3.36501e-05 23.585 -87.652 3.7571
23.5766 -87.4428 3.75662 0.0750275 23.585 -87.652 3.7571
23.5272 -87.7563 3.75391 0.00367239 23.585 -87.652 3.7571
23.1768 -87.5976 3.74434 5.26403e-05 23.585 -87.652 3.7571
23.4156 -88.1748 3.74271 3.57014e-16 23.585 -87.652 3.7571
23.9475 -87.3752 3.76595 0.000138327 23.585 -87.652 3.7571
23.8035 -88.0044 3.74799 1.78167e-13 23.585 -87.652 3.7571
23.3451 -88.0404 3.75836 5.26048e-06 23.585 -87.652 3.7571
23.6173 -87.6653 3.76657 0.0108109 23.585 -87.652 3.7571
23.6581 -87.9389 3.75813 7.98729e-05 23.585 -87.652 3.7571
24.2514 -88.112 3.75255 1.94455e-22 23.585 -87.652 3.7571
23.7271 -87.8666 3.75411 5.77283e-06 23.585 -87.652 3.7571
23.7392 -87.4209 3.76553 0.00804821 23.585 -87.652 3.7571
23.6368 -87.4064 3.7574 0.0340048 23.585 -87.652 3.7571
24.0575 -87.4869 3.75261 1.25638e-10 23.585 -87.652 3.7571
23.5761 -87.5927 3.74861 5.44015e-05 23.585 -87.652 3.7571
23.599 -87.4694 3.76168 0.105438 23.585 -87.652 3.7571
23.7258 -87.2757 3.75781 0.00124359 23.585 -87.652 3.7571
23.7061 -87.2384 3.77339 7.67738e-08 23.585 -87.652 3.7571
24.3044 -87.7693 3.75466 5.3597e-17 23.585 -87.652 3.7571
23.8421 -87.5657 3.75914 0.00167226 23.585 -87.652 3.7571
23.5123 -87.6178 3.74752 4.19723e-05 23.585 -87.652 3.7571
23.6356 -87.1731 3.77192 4.69875e-08 23.585 -87.652 3.7571
23.6344 -87.4741 3.76169 0.0889639 23.585 -87.652 3.7571
23.3398 -87.7741 3.7555 0.0110106 23.585 -87.652 3.7571
23.5751 -88.2719 3.77835 4.39235e-17 23.585 -87.652 3.7571
24.3254 -87.8185 3.74408 1.03413e-30 23.585 -87.652 3.7571
23.1103 -87.7542 3.75412 0.000785941 23.585 -87.652 3.7571
24.3926 -87.7827 3.75958 6.13935e-16 23.585 -87.652 3.7571
23.6389 -87.0719 3.7494 8.27535e-08 23.585 -87.652 3.7571
23.6814 -87.5089 3.76723 0.00818666 23.585 -87.652 3.7571
23.6319 -87.3691 3.75178 0.000594279 23.585 -87.652 3.7571
24.0085 -88.13 3.75503 2.16322e-14 23.585 -87.652 3.7571
23.9958 -87.7691 3.7645 3.10018e-05 23.585 -87.652 3.7571
23.7561 -88.1178 3.75949 3.14222e-08 23.585 -87.652 3.7571
23.8894 -87.5833 3.75762 0.000124111 23.585 -87.652 3.7571
23.5242 -87.4903 3.74788 0.000125801 23.585 -87.652 3.7571
23.5246 -87.5499 3.76116 0.171127 23.585 -87.652 3.7571
24.1066 -87.2511 3.72324 4.25852e-57 23.585 -87.652 3.7571
23.9685 -87.2645 3.75593 1.06544e-07 23.585 -87.652 3.7571
23.3368 -87.4932 3.77336 2.49671e-09 23.585 -87.652 3.7571
24.4186 -87.494 3.74661 1.06418e-28 23.585 -87.652 3.7571
23.7304 -87.3984 3.76411 0.0113205 23.585 -87.652 3.7571
23.5861 -87.2329 3.76179 0.00279958 23.585 -87.652 3.7571
23.837 -87.4894 3.7451 6.87572e-12 23.585 -87.652 3.7571
23.4566 -87.6147 3.76701 0.00195697 23.585 -87.652 3.7571
23.2159 -87.4214 3.76142 0.00148653 23.585 -87.652 3.7571
23.7584 -87.7186 3.77398 7.90695e-06 23.585 -87.652 3.7571
24.0748 -87.7858 3.74684 4.60976e-18 23.585 -87.652 3.7571
23.5924 -87.6328 3.76395 0.054527 23.585 -87.652 3.7571
23.4851 -87.36 3.7579 0.0791041 23.585 -87.652 3.7571
23.9104 -87.4473 3.7582 8.49937e-05 23.585 -87.652 3.7571
23.3611 -87.7636 3.76127 0.00814771 23.585 -87.652 3.7571
23.6871 -87.503 3.76154 0.0638538 23.585 -87.652 3.7571
23.6205 -87.4754 3.75881 0.0971391 23.585 -87.652 3.7571
23.8475 -87.3934 3.74495 2.62822e-12 23.585 -87.652 3.7571
23.8488 -87.5707 3.74159 3.43368e-16 23.585 -87.652 3.7571
23.6519 -87.0234 3.76679 8.73037e-08 23.585 -87.652 3.7571
24.0457 -88.1047 3.7676 1.06282e-09 23.585 -87.652 3.7571
24.2774 -87.2328 3.7416 1.18857e-30 23.585 -87.652 3.7571
23.7929 -88.0532 3.75477 2.52318e-09 23.585 -87.652 3.7571
