259.392 -19.557 3.38096 0.00444991
259.495 -19.7383 3.34986 5.13097e-35
259.36 -18.8475 3.36318 8.00254e-09
259.107 -19.4931 3.37935 0.00869164
259.251 -20.0363 3.36227 2.13265e-20
259.437 -19.1228 3.36433 5.31351e-08
259.35 -19.5724 3.37296 0.000163793
259.3 -19.5288 3.37887 0.012699
260.063 -19.2075 3.38458 2.97911e-08
258.783 -20.0852 3.38322 2.99335e-20
259.486 -19.2161 3.34784 8.35885e-31
259.352 -19.2781 3.38141 0.397246
259.216 -19.894 3.38384 1.14513e-09
259.657 -19.5724 3.39698 1.28033e-07
259.536 -19.6257 3.36909 5.9058e-10
259.395 -19.4124 3.38157 0.0890607
259.111 -19.8672 3.37135 2.91958e-09
259.137 -19.5891 3.35221 2.1153e-18
259.167 -19.4565 3.37238 0.0247896
259.083 -19.5708 3.3358 1.59285e-43
259.193 -19.563 3.36521 9.77628e-07
259.797 -19.4576 3.39577 6.83584e-06
259.561 -19.5588 3.3662 6.71558e-12
259.064 -19.943 3.35689 5.42425e-20
259.021 -19.5563 3.38953 1.16823e-09
259.223 -19.5089 3.36345 1.47716e-07
258.955 -19.6481 3.3488 3.40029e-20
259.182 -19.4093 3.3658 0.000172276
259.7 -19.5183 3.37053 1.11526e-10
259.506 -19.6635 3.37935 3.17563e-05
259.417 -19.6603 3.36369 7.65144e-13
259.34 -19.6205 3.37798 0.000648225
259.609 -19.4873 3.37843 0.000305049
259.178 -19.6016 3.37093 0.000165019
259.658 -19.1793 3.38351 0.0168178
259.237 -19.5642 3.37854 0.00501343
259.437 -19.7568 3.38003 2.69267e-06
260.084 -19.9607 3.38229 3.73795e-19
259.94 -19.28 3.38981 4.20644e-05
259.482 -18.8708 3.36122 6.36724e-13
258.799 -19.1249 3.37567 0.00313877
259.021 -19.2761 3.38187 0.00440486
259.375 -19.5751 3.3854 0.000726105
259.207 -19.6982 3.38137 2.47921e-05
259.498 -19.5079 3.38678 0.00256119
258.863 -18.8522 3.39349 1.12757e-18
259.687 -19.6247 3.37637 6.64032e-08
259.407 -19.9566 3.37696 3.70738e-11
259.092 -18.9532 3.38116 0.00361992
259.104 -19.6533 3.36058 1.82122e-10
260.037 -19.3665 3.37814 1.05878e-11
259.602 -19.5049 3.3915 0.000138078
259.418 -19.6703 3.37354 2.21134e-06
260.042 -19.1576 3.39661 4.27918e-07
258.95 -19.6318 3.36425 1.18893e-06
259.355 -19.0673 3.38628 0.0106527
259.379 -19.3963 3.37372 0.0115907
258.862 -19.4899 3.38598 2.52872e-09
259.522 -19.0359 3.36165 1.61353e-12
259.464 -18.8781 3.38314 0.00220887
259.468 -19.1454 3.38996 0.00203087
259.165 -19.8177 3.3747 1.59712e-07
259.252 -19.0562 3.35667 1.88327e-11
259.485 -19.5981 3.38121 0.000666823
259.137 -19.494 3.36498 2.00167e-05
259.324 -19.9355 3.37367 4.02325e-11
259.459 -19.5277 3.38301 0.00578775
259.223 -19.2932 3.37078 0.0722003
258.947 -19.3051 3.37991 0.00362811
259.059 -19.4589 3.37473 0.037088
259.586 -19.1326 3.37714 0.00490937
259.268 -19.6481 3.38007 0.000330932
260.092 -19.0499 3.36484 1.74713e-27
259.693 -19.9982 3.3691 1.71683e-21
259.405 -19.2046 3.37015 0.00132129
259.142 -19.8847 3.37159 1.1073e-09
259.36 -19.6901 3.37724 3.55408e-05
259.116 -19.079 3.36382 0.000919738
259.198 -18.7367 3.38922 1.92054e-09
259.115 -18.9162 3.36841 0.0110214
259.411 -19.1698 3.38401 0.161759
259.37 -19.5677 3.38579 0.000671221
259.681 -19.0514 3.37135 8.78683e-08
259.197 -19.5677 3.37447 0.00275171
259.206 -19.408 3.36987 0.0085736
259.556 -19.9916 3.38561 1.08014e-11
258.973 -19.4689 3.36988 0.00895829
259.564 -19.7995 3.37459 4.65211e-10
259.268 -19.6406 3.35965 1.4604e-13
259.619 -19.5104 3.36846 1.56139e-10
259.415 -19.912 3.39129 1.74364e-11
259.196 -19.5819 3.36469 2.22936e-07
259.443 -18.9769 3.37251 0.00129312
259.433 -19.4451 3.38195 0.0415482
259.387 -19.5112 3.38773 0.000702834
259.471 -19.7864 3.38806 1.72465e-07
258.822 -19.8521 3.36807 4.87634e-10
259.657 -19.2619 3.38145 0.00943561
259.48 -19.1049 3.3867 0.0238553
259.536 -19.2147 3.37367 0.00111304
