238.819 28.2239 0.0731884 1.41928e-20
238.182 28.3043 0.0804439 1.55414e-13
237.614 27.938 0.0678329 5.19745e-09
238.618 27.3077 0.0706835 2.66931e-12
238.297 27.1424 0.0731835 4.72634e-10
237.585 27.3288 0.0774866 1.09966e-08
238.06 27.8911 0.080592 0.000989354
238.031 27.6982 0.0676917 0.00795837
237.641 27.8696 0.0575642 1.13258e-16
238.145 27.4823 0.0901144 4.34316e-09
237.8 27.7877 0.0737403 0.00701859
238.034 27.4737 0.0782308 0.0299523
238.723 27.5736 0.0687563 1.66535e-11
238.183 27.6319 0.0950496 1.12637e-15
237.937 27.6961 0.0828509 0.00322934
238.464 27.7256 0.0824912 1.87546e-08
238.037 27.6645 0.0710878 0.120253
238.113 27.709 0.0853816 3.11703e-05
237.936 27.5896 0.094445 1.78853e-12
237.89 27.9668 0.0771955 0.000584875
238.339 27.394 0.0768649 3.839e-05
238.454 27.9829 0.0795208 5.06311e-09
238.276 27.5049 0.0795539 0.000886972
238.455 27.1433 0.0674836 1.76953e-14
238.362 27.7181 0.074308 0.00401803
237.929 27.3561 0.0713381 1.79772e-05
237.676 27.6163 0.0714897 1.07699e-05
238.077 27.9415 0.0892753 1.6253e-11
238.332 27.7708 0.0873169 3.16697e-10
238.278 27.8799 0.0786202 0.000309976
237.615 27.8598 0.0779775 1.60747e-05
238.341 28.1577 0.0842959 1.37403e-14
238.493 27.7929 0.0742763 1.47003e-05
238.216 27.3473 0.0839022 2.42561e-06
237.963 27.2468 0.0660015 4.45463e-11
237.54 27.6942 0.0922365 1.28933e-10
238.335 27.1984 0.0778332 1.12446e-08
237.722 27.7138 0.0672836 1.3471e-06
237.97 27.6366 0.0728898 0.127564
237.409 27.2329 0.0515888 9.01803e-41
238.037 27.4498 0.0721082 0.00400021
238.548 27.5378 0.0931763 3.50723e-21
238.05 27.8033 0.0898738 9.5043e-10
238.077 27.9433 0.0765455 0.00649314
238.292 28.0406 0.102208 4.97166e-38
237.728 27.7879 0.0670298 1.40763e-06
238.165 27.415 0.068061 2.74861e-05
238.318 27.7134 0.0720504 0.0171451
237.952 27.473 0.0905619 2.55925e-08
237.905 27.6471 0.0921787 3.32772e-10
238.201 27.7187 0.0699989 0.068924
238.316 27.248 0.0971956 1.36732e-21
238.417 28.5388 0.0751714 1.83772e-21
238.015 27.6816 0.0883482 6.32074e-07
238.233 27.9259 0.0725242 0.00967986
238.454 27.6245 0.0721967 0.000124584
238.204 28.1153 0.0875231 8.07937e-15
237.684 28.116 0.0745679 1.34857e-07
237.725 28.0105 0.0763371 2.80708e-05
238.298 27.7561 0.0711234 0.0230537
238.122 27.5646 0.0849048 0.000132086
237.77 27.6299 0.0771615 0.00738404
237.899 27.5837 0.0854679 0.000176764
238.245 27.767 0.0835398 1.31279e-05
238.296 27.826 0.0806466 5.87063e-05
238.085 27.7568 0.0585356 3.70504e-09
238.074 27.6156 0.0773183 0.232828
238.059 27.2458 0.0683082 8.99548e-09
237.849 27.5929 0.0879928 2.4439e-06
237.904 27.8888 0.0706424 0.00461552
238.207 27.6233 0.0781835 0.0357403
238.358 28.1312 0.0766352 1.65322e-08
237.485 27.6471 0.080919 1.30065e-07
237.717 27.3603 0.0770078 4.52888e-06
237.881 28.0151 0.0935555 1.05429e-17
238.766 28.2122 0.0691005 4.84246e-17
238.171 27.8065 0.07545 0.100671
238.34 27.4614 0.0752695 0.000334617
238.003 27.7534 0.0822161 0.00382594
238.023 27.774 0.079682 0.03358
237.835 27.5087 0.0776683 0.00645521
237.424 27.95 0.0654268 7.85041e-16
237.966 27.3305 0.072246 2.72339e-05
238.94 28.0529 0.0878313 6.48695e-36
238.053 27.9209 0.0651536 0.000284462
238.336 27.6979 0.0707617 0.00801094
237.684 27.8228 0.0731862 8.62989e-05
237.963 27.552 0.0751721 0.0883312
238.289 27.5868 0.0552599 4.44199e-14
238.127 27.7808 0.0687257 0.0445884
237.936 27.6574 0.0667515 0.000307213
238.716 28.0901 0.078328 3.08083e-17
237.874 27.614 0.0996554 1.33865e-19
237.235 27.7983 0.0975034 8.99759e-22
238.094 27.8553 0.0859582 5.42388e-07
238.631 27.6453 0.0767699 2.0191e-09
237.739 27.2561 0.0792196 2.58557e-07
238.297 27.5494 0.0933015 6.17594e-15
238.477 27.7583 0.0750232 2.79614e-05
238.143 27.4187 0.0832635 0.000137089
