36.7693 -76.2414 3.90926 3.09589e-05
37.4022 -76.6279 3.93175 0.00821588
37.1814 -77.4847 3.92531 4.75351e-25
36.9759 -76.5398 3.90872 2.36798e-05
37.0747 -76.6112 3.9126 0.000318094
36.8072 -76.3434 3.93318 1.56165e-10
37.85 -76.7702 3.90519 6.73955e-33
36.52 -76.1081 3.93205 7.55999e-21
37.2716 -76.2741 3.92247 0.112617
36.6718 -76.5702 3.91082 5.1238e-06
36.8241 -77.0269 3.91451 9.73617e-12
37.1741 -76.3913 3.93526 4.85606e-05
37.2867 -76.4101 3.91525 0.00161996
37.2897 -76.8136 3.92359 0.000237003
36.8783 -76.6465 3.90185 4.65808e-11
36.9929 -76.6169 3.91958 0.017685
37.4024 -75.9995 3.91576 2.62372e-08
36.8094 -76.9717 3.9139 1.47145e-10
36.7326 -76.9443 3.91474 1.49209e-10
37.6216 -76.1171 3.9024 2.00706e-25
37.2746 -76.1855 3.91933 0.00592439
36.6297 -76.7696 3.90921 2.01899e-09
37.0733 -76.318 3.92909 0.00357949
36.9309 -76.9616 3.92657 1.65973e-09
37.0102 -76.5258 3.9147 0.0124714
37.1805 -76.3535 3.92865 0.0562053
37.6294 -76.6649 3.92783 7.36227e-05
37.7041 -76.9325 3.91605 2.76707e-17
36.9045 -76.2856 3.9465 7.49167e-24
37.3595 -76.4854 3.91924 0.0108281
37.0332 -76.4148 3.93278 2.63558e-05
37.2337 -76.9629 3.91089 1.01983e-12
37.6263 -76.3338 3.9085 2.06078e-16
37.041 -76.6259 3.91073 3.35013e-05
37.2902 -76.6065 3.93382 0.00138379
36.5917 -76.7278 3.91432 1.2239e-08
37.6992 -76.4959 3.9099 1.94647e-17
37.5295 -76.6312 3.91862 2.22241e-06
36.9421 -76.3133 3.91896 0.0376565
37.1464 -76.714 3.92578 0.005609
37.2529 -76.6013 3.91739 0.00436572
36.8667 -75.9513 3.91884 3.1545e-07
36.6395 -76.3169 3.92018 1.05721e-06
36.6786 -76.4924 3.90345 2.05542e-08
37.3812 -76.1938 3.91935 0.000765253
36.9789 -76.2813 3.91608 0.0244217
37.4946 -76.2622 3.92191 0.000701976
36.8598 -77.0324 3.91438 1.1912e-11
37.2293 -76.2708 3.91214 6.44811e-05
36.9941 -75.8816 3.92682 1.33074e-09
37.0908 -77.2711 3.91203 2.11679e-20
37.7018 -76.8622 3.93258 4.60961e-08
37.1379 -76.39 3.90489 5.3561e-09
37.5513 -76.0499 3.93343 8.65667e-07
37.0656 -76.697 3.90232 5.27944e-13
37.3855 -76.5052 3.92096 0.0190633
37.3605 -76.3818 3.91931 0.0136645
36.9806 -77.0654 3.91843 5.44526e-11
36.9641 -76.2363 3.91805 0.0174735
36.8205 -76.0337 3.91532 4.99792e-06
37.6297 -76.2122 3.90214 2.50633e-25
37.3572 -76.4036 3.90868 3.006e-09
37.7044 -76.1026 3.90936 1.2745e-19
37.0728 -76.7201 3.9052 1.1498e-10
37.0815 -76.3788 3.91328 0.00654643
36.9858 -76.3255 3.90582 9.75745e-07
37.1063 -76.6973 3.93456 1.64264e-06
37.2107 -76.7584 3.89903 1.80896e-20
36.6293 -76.6767 3.93361 5.81612e-17
37.2381 -76.256 3.90612 1.15271e-09
37.0306 -76.1184 3.92467 0.000548397
36.5197 -76.1862 3.92561 7.35758e-14
36.8444 -76.3168 3.92968 4.01588e-07
37.2209 -76.2669 3.90981 2.35894e-06
37.4936 -76.6615 3.92454 0.00100139
36.8139 -76.2823 3.90863 4.82345e-05
37.3233 -77.0714 3.90176 3.92323e-27
37.3708 -75.9088 3.93403 1.37952e-09
36.9678 -76.3741 3.91452 0.021129
37.2274 -76.5734 3.9045 9.54027e-12
37.1061 -76.0375 3.92802 1.07748e-05
37.5549 -76.8174 3.91629 5.43298e-11
36.9496 -76.9739 3.91822 8.86535e-09
37.1417 -76.4808 3.93334 0.000384035
36.3021 -76.3529 3.9114 1.05361e-12
37.2081 -76.5367 3.92383 0.310936
37.0576 -76.2534 3.92381 0.0369228
36.6347 -76.3596 3.89537 2.50068e-14
36.6519 -77.1066 3.91704 4.20564e-16
36.9853 -76.4293 3.91837 0.106522
37.4533 -76.1059 3.91254 1.12262e-09
37.1424 -76.5677 3.9214 0.1597
37.1464 -76.3314 3.91106 0.000167827
37.3165 -77.1265 3.93753 3.00139e-14
37.3159 -77.0912 3.92463 1.32555e-10
37.437 -76.1495 3.929 0.000954411
36.8965 -76.6687 3.93514 1.25799e-10
37.1362 -76.1056 3.93385 2.9249e-07
37.5959 -76.9275 3.92094 5.36289e-11
37.6429 -77.0078 3.95535 3.04849e-24
