259.32 -17.8534 3.44368 8.15315e-06
259.227 -17.5912 3.45108 0.0494123
259.48 -17.7499 3.45786 0.00839989
258.567 -18.2535 3.46026 5.19098e-16
259.264 -18.2963 3.44039 3.78537e-13
259.12 -17.593 3.44623 0.0265191
259.141 -18.2886 3.44387 3.40708e-09
259.043 -17.6125 3.44518 0.0429968
259.089 -17.62 3.44879 0.126756
258.814 -17.9904 3.4452 0.00244046
259.459 -17.3213 3.44414 1.0324e-09
258.762 -17.5911 3.44897 0.0113551
259.343 -17.9044 3.44292 5.47788e-07
258.654 -17.6313 3.44156 0.00935663
259.026 -17.073 3.44325 9.66359e-09
259.33 -18.6314 3.45045 9.55276e-17
259.705 -17.4943 3.44678 9.01606e-12
259.88 -17.4977 3.45403 2.02016e-11
258.828 -17.3828 3.43516 7.06986e-06
258.807 -18.1574 3.44226 4.8387e-06
259.156 -17.8841 3.44239 0.000136579
258.765 -17.9555 3.45397 8.95264e-05
258.442 -17.9811 3.44592 5.40214e-07
258.673 -17.451 3.44413 0.0016369
258.454 -18.2666 3.45612 7.53374e-16
259.008 -18.0121 3.44309 0.00030602
258.752 -18.1598 3.44899 6.24606e-06
259.02 -17.7734 3.43642 5.56793e-06
258.979 -17.7671 3.43647 1.79387e-05
258.842 -18.0063 3.42964 3.90341e-11
258.749 -17.6114 3.43353 3.69033e-05
259.232 -17.7567 3.43361 9.41302e-12
259.339 -17.8428 3.43673 1.64819e-11
258.829 -17.6621 3.44159 0.0266251
259.005 -18.0954 3.45621 0.000177119
259.192 -17.5998 3.4674 6.20109e-07
258.612 -17.4978 3.42432 1.01916e-10
258.534 -18.032 3.44308 8.48345e-06
259.027 -17.6938 3.43622 5.78333e-06
259.125 -17.947 3.44416 0.000584415
259.233 -18.0194 3.45737 0.00433405
258.905 -17.9044 3.45131 0.021364
259.06 -18.0585 3.45108 0.00286211
259.045 -18.057 3.45138 0.00294404
258.538 -17.7452 3.43688 0.000461963
259.335 -17.7757 3.4491 0.00380958
258.953 -17.6525 3.44717 0.160393
259.408 -18.5711 3.44748 2.2197e-17
259.18 -17.5322 3.43659 3.99835e-08
258.51 -17.7732 3.43877 0.000457475
259.229 -17.6334 3.43761 5.99395e-08
259.036 -17.2519 3.44766 5.88291e-05
258.669 -17.8102 3.43093 8.25739e-07
258.723 -18.0148 3.42928 2.29014e-10
259.238 -17.7603 3.44895 0.0286349
258.328 -17.753 3.44979 8.29794e-10
259.134 -17.4234 3.46526 1.02483e-07
258.738 -17.7716 3.45651 1.30099e-05
259.055 -17.4741 3.44407 0.00400792
259.023 -17.5184 3.45236 0.0329092
259.3 -17.7941 3.42709 1.98807e-21
258.992 -18.1121 3.45829 1.93934e-05
259.447 -17.8522 3.45847 0.00987527
258.507 -17.1822 3.43799 9.31555e-08
259.08 -17.9385 3.44313 0.000582845
259.24 -17.5027 3.44809 0.00353669
259.098 -17.9684 3.44318 0.00023738
259.653 -17.5349 3.4356 4.149e-21
259.062 -18.147 3.45351 0.000195292
258.669 -17.9773 3.45227 1.32821e-05
259.7 -17.6829 3.46106 6.95106e-05
258.769 -17.4401 3.44162 0.00295233
258.527 -18.7707 3.45245 1.79862e-25
258.684 -17.7892 3.44888 0.00279399
259.561 -17.6731 3.45066 1.21187e-05
259.03 -17.7074 3.44867 0.215488
258.53 -18.2565 3.46012 6.58889e-17
259.166 -17.7376 3.4437 0.00200703
258.991 -17.5212 3.4477 0.0523013
258.136 -18.2816 3.44893 7.64129e-20
258.97 -17.5963 3.4456 0.0775633
258.557 -18.101 3.445 1.35788e-06
258.968 -17.4092 3.44254 0.00126202
258.56 -17.7744 3.44986 3.07597e-05
258.744 -18.0578 3.45133 4.03812e-05
259.111 -17.9519 3.44501 0.00146594
258.689 -18.0432 3.43037 1.05742e-09
258.812 -17.6644 3.45014 0.0270224
258.606 -17.8964 3.44402 0.000751263
258.993 -17.7589 3.46311 7.17178e-06
259.26 -17.9708 3.44108 1.74583e-07
258.961 -17.8323 3.45774 0.00196367
258.528 -17.824 3.4476 4.46972e-05
259.585 -18.1018 3.45009 8.08674e-09
259.536 -17.6637 3.44421 5.18225e-09
259.037 -17.7997 3.44224 0.00395699
258.452 -18.0227 3.44965 1.29671e-08
258.868 -17.7042 3.4523 0.0266272
258.932 -18.0568 3.45897 9.43927e-06
259.058 -17.9813 3.44066 2.32546e-05
