137.308 21.0993 0.0674046 5.99195e-09
136.274 21.1905 0.0564513 0.000139403
137.003 21.2881 0.0445096 6.75517e-07
137.271 20.7258 0.0499164 2.78606e-09
136.544 20.33 0.0713918 4.56419e-07
136.644 20.7574 0.0531161 0.00102331
136.497 20.726 0.0511171 2.15265e-05
137.335 20.5787 0.0486001 1.48505e-12
136.49 20.5625 0.0627757 0.00057565
136.674 20.5384 0.043125 2.17416e-11
136.91 20.6402 0.0750345 6.92557e-06
136.486 20.4507 0.0643169 2.55678e-05
136.679 20.7113 0.0510412 7.61675e-05
137.346 20.9062 0.0662403 4.01471e-09
136.606 20.6962 0.0462516 1.64838e-07
136.419 21.5104 0.0566949 3.59686e-06
136.88 20.6675 0.0412987 1.49261e-10
136.485 19.9751 0.0661099 2.2131e-15
136.499 20.4362 0.0464886 5.51416e-12
136.415 20.2029 0.052616 2.98131e-14
136.577 20.795 0.091198 5.36658e-12
136.889 20.4447 0.0380142 1.06064e-16
136.582 20.9534 0.065011 0.309482
136.632 20.5449 0.0592034 0.000212277
137.266 20.2341 0.0922841 6.62787e-27
136.96 20.6772 0.0573809 0.000221647
136.465 20.8053 0.0749875 0.00291781
136.718 20.4616 0.0585188 8.9741e-06
137.182 20.8099 0.0610878 9.32867e-06
136.759 20.6848 0.0779122 2.22428e-05
137.406 20.5066 0.0533761 1.3375e-13
137.343 21.2602 0.0513666 4.31304e-09
137.007 20.2609 0.0596627 6.15102e-11
136.075 20.5814 0.065877 1.68039e-07
137.269 20.7903 0.0599577 2.69852e-07
136.646 20.282 0.0572395 1.99116e-09
136.324 20.6346 0.0484403 2.18748e-09
137.039 20.9788 0.0731183 6.65137e-06
136.662 20.3276 0.051125 7.61028e-11
137.126 20.78 0.0635839 3.13426e-05
136.802 20.2201 0.0618212 5.50877e-10
137.102 20.9594 0.0464803 1.05153e-06
136.733 20.1735 0.0754164 4.48588e-11
135.974 20.5352 0.04858 9.07289e-17
136.643 20.6598 0.0613103 0.00937855
136.975 20.8953 0.0427863 8.86803e-08
136.75 20.4805 0.0544297 1.21699e-06
136.647 20.3773 0.0575517 1.92511e-07
136.684 20.5581 0.0719911 0.000317892
136.652 21.1688 0.0346748 2.54742e-12
136.49 20.751 0.0530564 0.000195813
136.874 20.9581 0.0523839 0.00392532
136.794 20.8617 0.04516 3.33428e-06
136.959 20.8587 0.0699222 0.000683793
136.808 21.2879 0.0630994 0.00525927
136.357 20.3154 0.0711621 5.61429e-08
136.71 21.0221 0.0597955 0.245037
136.204 21.1639 0.0489531 4.67475e-08
136.918 20.4447 0.0663679 2.13095e-06
136.73 20.9605 0.0626398 0.275769
136.906 20.4827 0.0544905 3.62575e-07
136.267 20.7535 0.0606816 0.000323035
136.872 20.4778 0.0478231 1.01003e-09
137.083 20.9731 0.0499092 2.62035e-05
136.933 20.9512 0.0682798 0.00364106
136.17 20.4307 0.0692811 7.58307e-08
136.528 20.8298 0.0516379 0.000379266
136.574 21.4811 0.0638913 5.27925e-05
136.724 20.82 0.0544309 0.00815866
136.775 20.5216 0.0533329 2.05807e-06
136.793 19.8855 0.0506035 2.41396e-23
136.806 20.776 0.0583523 0.0170905
136.951 20.5593 0.0596316 2.47191e-05
136.964 20.8367 0.047485 7.01211e-06
136.182 20.8161 0.0688192 0.000295654
137.158 21.1102 0.0488927 2.66048e-06
136.742 20.5498 0.0622787 0.000530125
136.927 20.8375 0.0429164 6.67456e-08
136.391 20.413 0.0661556 3.16888e-06
136.651 20.4826 0.072706 4.11303e-05
137.168 21.2423 0.059109 7.54095e-06
136.454 20.6301 0.0665027 0.00366052
136.957 20.7548 0.0685333 0.000610196
137.061 20.7451 0.0501123 2.0796e-06
136.651 20.5464 0.0444231 1.71068e-10
136.112 20.7017 0.0779782 5.32336e-07
136.301 20.4765 0.0458462 9.79935e-14
137.48 21.3424 0.0395873 2.01312e-15
136.883 21.1287 0.059895 0.029475
136.55 20.3272 0.0544777 1.00367e-09
137.085 20.7495 0.0499848 1.18821e-06
136.213 20.869 0.0523064 8.04858e-07
136.315 20.8387 0.0659547 0.00914366
136.892 21.3209 0.0476277 2.27203e-05
136.714 20.3532 0.0440115 2.83318e-14
136.865 20.3247 0.0438117 4.39179e-15
136.843 21.2333 0.0667817 0.00255771
136.468 20.6593 0.072991 0.00178444
136.506 20.9745 0.0580671 0.0667929
136.552 20.6364 0.0478022 1.14552e-07
