0.889434 -94.7405 3.23193 0.000261403 0.58743 -94.605 3.2211
1.41151 -94.8738 3.22621 8.58718e-09 0.58743 -94.605 3.2211
1.14803 -95.0619 3.21233 1.15071e-07 0.58743 -94.605 3.2211
0.750977 -94.1888 3.22687 0.0488048 0.58743 -94.605 3.2211
1.43957 -94.7035 3.21838 3.57307e-08 0.58743 -94.605 3.2211
1.06102 -94.7125 3.24103 1.46697e-07 0.58743 -94.605 3.2211
0.233759 -94.8204 3.23635 1.73465e-09 0.58743 -94.605 3.2211
0.846467 -94.5011 3.23959 2.59257e-05 0.58743 -94.605 3.2211
0.517715 -95.1273 3.23174 5.34794e-09 0.58743 -94.605 3.2211
0.674633 -94.6172 3.23751 2.45273e-05 0.58743 -94.605 3.2211
0.788026 -94.7865 3.23525 1.40569e-05 0.58743 -94.605 3.2211
1.31341 -94.4183 3.23858 6.63463e-07 0.58743 -94.605 3.2211
0.64429 -94.8549 3.23016 0.000104472 0.58743 -94.605 3.2211
0.944218 -94.696 3.22897 0.00161261 0.58743 -94.605 3.2211
1.05568 -94.3843 3.22563 0.00912067 0.58743 -94.605 3.2211
0.91555 -94.3962 3.22503 0.0665412 0.58743 -94.605 3.2211
1.25944 -94.7884 3.24657 1.37314e-11 0.58743 -94.605 3.2211
0.471413 -95.0716 3.22106 2.98443e-05 0.58743 -94.605 3.2211
1.35167 -94.6215 3.23372 4.67778e-07 0.58743 -94.605 3.2211
1.25291 -94.8221 3.22992 7.86414e-07 0.58743 -94.605 3.2211
0.620067 -95.0036 3.24049 1.10005e-10 0.58743 -94.605 3.2211
1.51979 -94.2175 3.23556 9.97378e-09 0.58743 -94.605 3.2211
1.07608 -94.5162 3.22066 0.00669426 0.58743 -94.605 3.2211
1.14352 -94.2803 3.24019 6.16444e-06 0.58743 -94.605 3.2211
0.575521 -94.6161 3.22999 0.00418975 0.58743 -94.605 3.2211
0.525672 -94.7402 3.24368 6.5916e-10 0.58743 -94.605 3.2211
0.633088 -94.8578 3.22013 0.012255 0.58743 -94.605 3.2211
1.43691 -94.1434 3.24033 1.18834e-08 0.58743 -94.605 3.2211
1.30421 -94.4929 3.22371 3.23961e-05 0.58743 -94.605 3.2211
0.906862 -94.1251 3.22645 0.0115066 0.58743 -94.605 3.2211
0.95258 -94.8402 3.23943 8.25907e-08 0.58743 -94.605 3.2211
0.892889 -94.7333 3.23405 7.45902e-05 0.58743 -94.605 3.2211
1.05373 -94.2118 3.24179 4.45425e-06 0.58743 -94.605 3.2211
0.962216 -94.4013 3.21945 0.0549456 0.58743 -94.605 3.2211
0.92004 -95.3991 3.23725 1.25666e-15 0.58743 -94.605 3.2211
1.17032 -94.481 3.24847 1.22612e-09 0.58743 -94.605 3.2211
0.804542 -94.3955 3.21562 0.289656 0.58743 -94.605 3.2211
0.690027 -94.5616 3.22783 0.0380726 0.58743 -94.605 3.2211
0.888879 -94.2016 3.22273 0.0477866 0.58743 -94.605 3.2211
0.760749 -95.2817 3.23533 2.16182e-12 0.58743 -94.605 3.2211
0.859298 -94.3585 3.24194 7.95027e-06 0.58743 -94.605 3.2211
0.730091 -94.1526 3.23525 0.00071951 0.58743 -94.605 3.2211
0.741296 -94.5314 3.23245 0.00394097 0.58743 -94.605 3.2211
1.25011 -94.5891 3.23648 1.81055e-06 0.58743 -94.605 3.2211
0.76173 -95.1101 3.22071 1.3413e-05 0.58743 -94.605 3.2211
1.05543 -94.5016 3.23576 0.000131302 0.58743 -94.605 3.2211
1.15902 -94.8169 3.21477 2.43983e-05 0.58743 -94.605 3.2211
0.508037 -95.4439 3.22844 1.99241e-13 0.58743 -94.605 3.2211
0.510326 -93.86 3.23914 1.13049e-07 0.58743 -94.605 3.2211
0.903487 -94.606 3.25756 1.60367e-15 0.58743 -94.605 3.2211
1.09694 -94.2766 3.23942 1.80358e-05 0.58743 -94.605 3.2211
0.837477 -94.9657 3.22351 0.000172243 0.58743 -94.605 3.2211
1.38656 -94.7916 3.23437 8.53191e-09 0.58743 -94.605 3.2211
0.587926 -94.6593 3.22919 0.00445492 0.58743 -94.605 3.2211
1.21931 -93.9093 3.2283 2.07634e-06 0.58743 -94.605 3.2211
1.20303 -94.5365 3.23404 2.70611e-05 0.58743 -94.605 3.2211
0.762343 -94.5276 3.23154 0.00712555 0.58743 -94.605 3.2211
0.172979 -94.9649 3.23094 3.31345e-09 0.58743 -94.605 3.2211
0.888447 -94.429 3.216 0.118488 0.58743 -94.605 3.2211
1.31016 -94.3266 3.22452 2.97697e-05 0.58743 -94.605 3.2211
1.45519 -94.7107 3.2205 2.86771e-08 0.58743 -94.605 3.2211
0.738986 -94.3699 3.23558 0.00109794 0.58743 -94.605 3.2211
1.04377 -94.8891 3.21892 0.000140465 0.58743 -94.605 3.2211
1.22592 -94.7168 3.23998 3.90712e-08 0.58743 -94.605 3.2211
1.15052 -94.5757 3.24121 4.26073e-07 0.58743 -94.605 3.2211
0.814543 -94.5549 3.24181 1.7888e-06 0.58743 -94.605 3.2211
0.383837 -95.1236 3.23106 1.86514e-09 0.58743 -94.605 3.2211
0.638399 -94.9813 3.21578 0.00218932 0.58743 -94.605 3.2211
0.984962 -94.0516 3.23384 0.000250231 0.58743 -94.605 3.2211
0.978581 -94.9347 3.22539 4.42517e-05 0.58743 -94.605 3.2211
0.740238 -95.4796 3.23415 6.42749e-16 0.58743 -94.605 3.2211
1.06258 -94.4116 3.24338 8.13143e-07 0.58743 -94.605 3.2211
0.760403 -94.4796 3.24932 5.90432e-10 0.58743 -94.605 3.2211
0.955558 -94.3375 3.2154 0.0274302 0.58743 -94.605 3.2211
1.01367 -95.3284 3.22812 1.70958e-11 0.58743 -94.605 3.2211
1.0629 -94.4956 3.24077 3.81892e-06 0.58743 -94.605 3.2211
1.50865 -94.7377 3.22276 3.63379e-09 0.58743 -94.605 3.2211
1.10938 -94.5013 3.22597 0.00257723 0.58743 -94.605 3.2211
1.14997 -94.8349 3.22784 1.09389e-05 0.58743 -94.605 3.2211
0.912835 -94.9294 3.22304 0.000231842 0.58743 -94.605 3.2211
0.479227 -94.5603 3.23701 9.58713e-06 0.58743 -94.605 3.2211
1.11615 -94.774 3.2447 7.46582e-10 0.58743 -94.605 3.2211
0.327573 -94.5815 3.24616 5.88028e-12 0.58743 -94.605 3.2211
1.35896 -94.7758 3.22756 2.3213e-07 0.58743 -94.605 3.2211
0.395829 -94.9721 3.24672 1.45505e-15 0.58743 -94.605 3.2211
0.334164 -94.6817 3.22649 0.00106673 0.58743 -94.605 3.2211
1.52955 -94.8596 3.2378 5.12886e-12 0.58743 -94.605 3.2211
1.20029 -94.3989 3.23981 2.77193e-06 0.58743 -94.605 3.2211
0.857932 -94.9976 3.2318 8.82242e-07 0.58743 -94.605 3.2211
0.398564 -95.2645 3.23248 2.96781e-12 0.58743 -94.605 3.2211
0.447301 -94.846 3.22818 0.000101887 0.58743 -94.605 3.2211
0.990841 -94.856 3.23158 1.40606e-05 0.58743 -94.605 3.2211
0.775897 -94.6387 3.21834 0.19817 0.58743 -94.605 3.2211
1.35814 -95.2454 3.23616 5.39257e-15 0.58743 -94.605 3.2211
0.33443 -94.9277 3.23764 2.9468e-10 0.58743 -94.605 3.2211
0.752856 -94.7979 3.22773 0.00162686 0.58743 -94.605 3.2211
1.36157 -95.168 3.23542 1.69452e-13 0.58743 -94.605 3.2211
0.903026 -94.6519 3.22127 0.0380928 0.58743 -94.605 3.2211
0.76866 -94.589 3.23928 1.13611e-05 0.58743 -94.605 3.2211
1.32201 -94.6172 3.24223 6.58846e-09 0.58743 -94.605 3.2211
