146.389 -14.6167 3.36419 1.99972e-11
145.967 -14.0486 3.35291 2.96261e-07
146.257 -13.4004 3.34154 2.16776e-11
146.228 -14.1766 3.33894 0.0491533
145.641 -13.7064 3.35473 1.25348e-18
145.932 -13.8274 3.34264 4.09236e-06
146.349 -14.5793 3.36269 2.91458e-10
146.482 -14.5734 3.35547 3.50218e-05
145.971 -14.3399 3.33922 0.00207595
145.439 -14.5573 3.34384 1.85466e-14
146.11 -14.1528 3.33857 0.0189501
146.096 -14.2012 3.36118 3.21888e-10
145.903 -14.532 3.35004 2.41127e-08
146.195 -14.2252 3.36647 5.3116e-13
146.063 -14.186 3.34226 0.0133678
146.194 -14.8518 3.34434 8.0436e-08
145.405 -14.317 3.34974 9.48582e-19
145.38 -14.4418 3.34736 1.19224e-16
146.305 -14.8252 3.35187 1.48475e-08
146.168 -13.8772 3.34585 0.000929015
146.484 -14.0794 3.34706 0.120868
146.288 -13.8855 3.33982 0.0016494
146.293 -14.5684 3.33558 0.000204244
146.222 -14.3095 3.34207 0.0784777
145.963 -14.2435 3.35223 9.04153e-07
145.883 -14.7551 3.33206 3.93755e-07
146.114 -14.1259 3.36379 5.55218e-12
146.003 -14.2652 3.33039 0.000140818
145.976 -14.4563 3.33815 0.000621463
145.809 -14.0608 3.33637 2.43904e-05
146.244 -14.0603 3.35419 0.000404015
145.795 -13.6619 3.34098 5.1071e-10
146.241 -14.4665 3.34309 0.0150207
146.464 -14.4977 3.34829 0.00917223
145.822 -13.9834 3.32996 1.02756e-06
146.794 -14.0725 3.35681 0.00171692
146.246 -14.1922 3.3514 0.00690474
145.913 -13.8871 3.33747 1.62872e-05
146.203 -14.6106 3.34573 0.000251396
146.441 -14.271 3.34325 0.132874
146.085 -14.1132 3.3553 1.76894e-06
146.33 -14.2399 3.3376 0.0231793
146.648 -14.3844 3.34679 0.0142904
145.554 -15.1332 3.34137 7.89007e-20
146.207 -14.4228 3.34064 0.0207145
146.34 -14.6618 3.34744 0.000122002
146.478 -14.444 3.35852 3.25476e-05
146.33 -14.8461 3.34791 1.02982e-07
146.065 -13.9646 3.36219 4.88221e-12
146.69 -14.0522 3.34029 0.000180757
146.195 -14.1596 3.36579 2.90726e-12
145.937 -14.4051 3.32334 3.34416e-08
145.725 -13.7476 3.3431 2.67488e-10
146.196 -15.0314 3.35549 4.89802e-15
146.256 -14.3923 3.35506 6.89791e-05
145.833 -13.7117 3.35256 1.63484e-12
146.466 -14.0361 3.35566 0.00320961
145.912 -14.2409 3.33517 0.000611534
146.107 -13.8997 3.3449 0.000669684
146.716 -13.8813 3.33767 2.65966e-07
146.216 -14.134 3.34581 0.0574548
145.978 -13.96 3.34765 2.17059e-05
146.73 -14.8766 3.35552 4.54289e-10
146.906 -14.5891 3.33862 5.9435e-10
146.03 -13.8648 3.35107 1.19851e-06
146.081 -14.6085 3.34299 9.60434e-05
146.63 -14.2457 3.35277 0.0354546
146.307 -14.1893 3.34872 0.0750803
146.778 -14.846 3.36194 6.13702e-12
146.07 -14.5128 3.35691 2.29493e-09
146.209 -14.545 3.35475 1.54718e-06
146.477 -14.0335 3.34023 0.00868541
146.188 -14.263 3.36325 1.99495e-10
146.182 -14.4168 3.35259 0.000105557
145.824 -14.8171 3.3552 9.09207e-16
146.496 -14.5048 3.34655 0.00895469
145.872 -14.5218 3.35489 9.29159e-12
145.607 -14.228 3.33648 7.5077e-08
146.008 -14.3513 3.33548 0.00196816
146.411 -14.284 3.35303 0.0158066
145.722 -13.7297 3.33174 3.54117e-10
146.482 -13.9704 3.35175 0.0153434
146.317 -14.3619 3.35274 0.00287709
146.122 -14.1444 3.33455 0.00336909
145.838 -13.6886 3.35278 7.40755e-13
146.315 -13.8625 3.35337 0.000182806
146.737 -14.3636 3.34045 7.96472e-05
145.912 -14.3169 3.31587 2.50059e-13
146.3 -14.5915 3.34328 0.00151329
146.481 -14.2926 3.34757 0.147052
146.059 -14.0686 3.34544 0.00255364
145.942 -14.5609 3.34994 5.9791e-08
146.303 -13.8449 3.35518 2.33295e-05
146.495 -14.4794 3.3696 4.39356e-13
146.33 -14.1767 3.34866 0.0945978
146.016 -13.8119 3.34057 2.44824e-05
146.986 -14.6665 3.35359 3.43086e-08
146.745 -14.4165 3.37261 6.13761e-13
145.973 -14.1621 3.35924 4.9479e-11
146.601 -13.9875 3.3529 0.012806
