77.7459 -36.7308 3.69912 1.83715e-14
77.4434 -36.6689 3.71989 7.85037e-06
77.3046 -37.0502 3.7203 1.82399e-05
77.2537 -36.6117 3.72554 5.10616e-11
78.0294 -36.9626 3.69607 2.4605e-16
77.4931 -36.1449 3.71491 5.50104e-22
77.3321 -37.2126 3.71806 5.94408e-05
77.3657 -36.4642 3.71246 3.02499e-12
77.3342 -36.7865 3.71406 7.23671e-05
77.6615 -36.7185 3.72671 7.11504e-08
77.5798 -36.6506 3.70963 3.12792e-07
77.6818 -36.8419 3.70435 2.17444e-06
77.5294 -37.0477 3.708 0.110105
77.6816 -37.3218 3.70755 0.0922213
77.8342 -36.5744 3.68944 1.84933e-36
77.6541 -36.933 3.72311 7.51256e-05
77.3013 -36.7127 3.71659 2.48068e-06
77.4521 -36.8466 3.71912 0.00116647
77.6425 -37.5106 3.7224 1.3786e-12
77.7364 -37.0839 3.70043 9.78121e-06
77.391 -37.125 3.71211 0.0651793
77.7157 -37.0085 3.70649 0.00725372
77.4 -36.4296 3.72657 1.47432e-12
77.6628 -37.127 3.7086 0.309218
77.7336 -36.1157 3.71212 1.46713e-25
77.3111 -36.9762 3.70815 0.00052452
77.87 -36.7041 3.70878 2.51082e-08
77.4709 -37.1682 3.7256 4.37956e-09
77.7418 -37.0186 3.69712 9.71714e-10
77.4798 -36.6291 3.71761 5.20366e-06
77.2919 -36.5174 3.72275 8.63142e-11
77.6565 -37.2323 3.72235 1.29099e-06
77.1047 -36.7372 3.72937 7.04669e-16
77.4462 -37.0691 3.73503 6.25773e-20
77.6236 -36.9518 3.69998 1.43009e-07
77.7221 -36.7712 3.72633 1.3868e-07
78.0266 -36.6811 3.70718 1.39732e-12
77.6292 -36.4746 3.70861 4.49071e-13
77.2224 -36.4862 3.71914 3.9296e-12
77.0334 -36.6368 3.71833 3.1407e-13
77.3189 -36.7625 3.72136 1.80255e-06
77.4089 -37.0427 3.7322 1.14535e-15
77.8338 -36.6069 3.72154 6.60715e-08
77.4358 -36.865 3.71954 0.000834096
77.6338 -37.3325 3.73033 5.62514e-18
77.4623 -37.116 3.70962 0.224977
77.8331 -37.0335 3.71007 0.0105439
77.1822 -37.1772 3.72294 1.58942e-10
77.5332 -37.3858 3.71364 0.00247692
77.2027 -37.3572 3.71303 2.72684e-06
77.5885 -36.1852 3.72183 1.08546e-17
77.9335 -36.671 3.70969 1.39297e-09
77.776 -37.0543 3.71124 0.0690835
78.1554 -37.3062 3.72151 1.87694e-14
77.1473 -37.1926 3.71567 8.1683e-07
77.4119 -37.0382 3.70346 0.000248129
77.7258 -36.4383 3.72018 2.56507e-10
76.991 -36.6495 3.70779 7.1839e-17
77.1527 -36.7422 3.72132 1.45628e-09
77.5131 -37.1327 3.72293 5.77394e-06
78.0055 -36.7421 3.71596 7.14644e-08
77.7498 -36.9411 3.74326 4.01577e-32
77.0395 -36.7865 3.72005 1.91694e-11
77.3539 -37.4096 3.72359 1.09364e-12
77.179 -37.2117 3.69791 1.28586e-09
77.6187 -36.8978 3.73017 8.16442e-11
77.2221 -36.6596 3.7226 1.32e-09
77.5432 -36.4234 3.72372 8.17918e-11
77.9156 -37.2046 3.72611 4.0058e-12
77.3438 -36.9206 3.73224 4.50684e-15
77.5532 -37.1517 3.7173 0.0194511
77.7992 -37.1729 3.71604 0.00521377
77.1531 -37.2435 3.70886 1.1376e-05
77.1758 -36.7637 3.73924 1.03852e-26
77.4231 -37.2217 3.71172 0.077767
77.481 -36.5542 3.71205 7.10395e-09
77.7092 -36.7976 3.68958 7.50115e-26
77.6758 -36.951 3.72197 0.000309741
77.3219 -36.5276 3.72622 1.57716e-11
77.2507 -37.0759 3.73376 1.47609e-20
77.5744 -37.2035 3.71932 0.000627735
77.263 -37.1745 3.72795 3.55891e-14
77.0765 -36.76 3.74102 5.78113e-32
77.2549 -36.2279 3.71544 9.97277e-21
77.5952 -37.1487 3.73158 1.27902e-15
77.9499 -36.7624 3.73109 2.77755e-14
77.9327 -37.3622 3.70662 8.68427e-05
77.6962 -36.7692 3.71194 0.000371549
77.3235 -37.0091 3.71922 0.00015457
77.2706 -36.5536 3.72166 3.72813e-10
77.5307 -37.2157 3.68839 1.55434e-16
77.6105 -36.7558 3.71889 0.000637061
78.1028 -36.7774 3.7084 1.8646e-11
76.858 -36.9618 3.71205 1.75223e-14
77.4701 -36.588 3.72978 1.4073e-11
77.609 -36.8553 3.70851 0.00127081
77.3703 -36.6707 3.70994 9.50211e-08
77.1685 -36.3335 3.7213 2.6473e-17
77.2919 -36.6433 3.72473 1.34725e-09
77.4199 -36.6293 3.69999 1.27582e-16
