279.238 11.0442 5.02275 8.3153e-10 279.43 11.508 5.0035
279.199 11.3566 4.99663 0.0713719 279.43 11.508 5.0035
279.4 10.8053 5.0316 5.69539e-19 279.43 11.508 5.0035
278.692 11.2797 4.98768 2.64114e-08 279.43 11.508 5.0035
279.922 11.9699 4.99447 3.39611e-13 279.43 11.508 5.0035
278.937 11.2463 4.98334 7.31822e-05 279.43 11.508 5.0035
279.547 11.6041 5.00361 0.0166754 279.43 11.508 5.0035
279.415 12.0233 5.00077 6.10389e-07 279.43 11.508 5.0035
278.763 11.8835 5.0132 2.2424e-10 279.43 11.508 5.0035
279.378 11.733 5.02296 0.0004636 279.43 11.508 5.0035
279.631 11.6459 4.99666 0.000534727 279.43 11.508 5.0035
280.063 10.9478 5.00188 4.58853e-15 279.43 11.508 5.0035
278.884 11.4487 5.02232 1.05149e-08 279.43 11.508 5.0035
279.561 11.6334 5.02034 0.00087367 279.43 11.508 5.0035
279.712 12.0979 5.00205 1.47954e-10 279.43 11.508 5.0035
279.309 11.2826 4.9998 0.0555296 279.43 11.508 5.0035
279.407 11.5167 4.99553 0.0675381 279.43 11.508 5.0035
279.144 12.1568 4.99847 1.35827e-10 279.43 11.508 5.0035
279.074 11.4219 5.00969 0.00197057 279.43 11.508 5.0035
279.604 11.663 5.01442 0.00195637 279.43 11.508 5.0035
279.775 11.8499 5.00824 1.25205e-06 279.43 11.508 5.0035
279.816 11.4737 5.02555 1.34256e-07 279.43 11.508 5.0035
279.336 11.0962 5.0033 0.000549119 279.43 11.508 5.0035
279.187 11.765 5.01719 0.000493408 279.43 11.508 5.0035
279.735 12.0204 5.00387 4.8649e-09 279.43 11.508 5.0035
279.31 11.2187 4.98068 0.0015097 279.43 11.508 5.0035
279.174 12.0211 5.02085 3.45601e-07 279.43 11.508 5.0035
278.905 11.563 5.01049 1.67764e-05 279.43 11.508 5.0035
278.992 11.8263 5.01633 2.55333e-06 279.43 11.508 5.0035
279.501 10.9791 4.99434 1.64752e-05 279.43 11.508 5.0035
279.686 11.5462 5.00817 0.00130595 279.43 11.508 5.0035
278.851 11.6715 4.98934 9.50316e-07 279.43 11.508 5.0035
279.978 11.4023 5.00378 1.68884e-08 279.43 11.508 5.0035
278.92 11.9433 4.99815 1.85091e-08 279.43 11.508 5.0035
279.226 12.2506 5.01062 5.13956e-11 279.43 11.508 5.0035
279.408 11.3882 5.00168 0.110506 279.43 11.508 5.0035
279.709 11.6189 4.97816 4.29178e-09 279.43 11.508 5.0035
279.224 11.8453 5.01155 0.00055166 279.43 11.508 5.0035
278.827 11.4395 4.97338 3.27788e-08 279.43 11.508 5.0035
279.143 11.0039 5.02646 8.26192e-13 279.43 11.508 5.0035
279.027 11.6437 5.01348 0.000197163 279.43 11.508 5.0035
279.187 11.3714 5.01631 0.000582187 279.43 11.508 5.0035
279.274 12.0816 5.01268 3.58923e-07 279.43 11.508 5.0035
279.269 11.1564 4.99518 0.00789269 279.43 11.508 5.0035
279.621 11.8966 5.01833 1.71813e-05 279.43 11.508 5.0035
279.123 11.7499 5.01513 0.000366129 279.43 11.508 5.0035
279.888 11.091 5.0127 3.44243e-10 279.43 11.508 5.0035
279.58 11.6321 5.00363 0.0070845 279.43 11.508 5.0035
279.516 11.4303 4.99748 0.0350781 279.43 11.508 5.0035
279.48 11.7962 5.0096 0.00235215 279.43 11.508 5.0035
279.172 11.9525 4.99327 5.01536e-07 279.43 11.508 5.0035
279.663 11.7624 5.00707 0.000198205 279.43 11.508 5.0035
279.206 11.0311 4.98934 0.000303341 279.43 11.508 5.0035
279.287 11.6675 5.0123 0.0169145 279.43 11.508 5.0035
279.734 11.742 5.00372 2.7733e-05 279.43 11.508 5.0035
279.645 11.2772 5.00127 0.000997586 279.43 11.508 5.0035
279.345 11.4624 5.01993 0.00138597 279.43 11.508 5.0035
279.72 11.7311 5.01038 8.93507e-05 279.43 11.508 5.0035
279.627 11.045 5.00289 4.65813e-06 279.43 11.508 5.0035
279.238 11.3498 4.99494 0.0856249 279.43 11.508 5.0035
278.99 11.5667 4.99537 0.00106342 279.43 11.508 5.0035
279.054 11.2905 5.00572 0.000921443 279.43 11.508 5.0035
279.259 11.3374 5.01284 0.00388328 279.43 11.508 5.0035
279.11 11.3017 4.99396 0.0152335 279.43 11.508 5.0035
279.199 11.4014 5.00812 0.022732 279.43 11.508 5.0035
279.508 11.4224 5.00405 0.0455144 279.43 11.508 5.0035
279.437 11.5005 5.01832 0.0040764 279.43 11.508 5.0035
279.401 11.7006 4.98154 7.04672e-06 279.43 11.508 5.0035
279.071 11.7349 4.99787 0.000512149 279.43 11.508 5.0035
279.458 11.4661 5.00125 0.0949945 279.43 11.508 5.0035
278.948 11.553 5.02151 4.81036e-07 279.43 11.508 5.0035
279.187 10.9773 5.00437 2.48183e-06 279.43 11.508 5.0035
280.005 12.0989 5.01143 3.01328e-14 279.43 11.508 5.0035
278.623 11.3498 4.98222 5.19729e-10 279.43 11.508 5.0035
279.715 11.2675 5.00345 0.000114228 279.43 11.508 5.0035
279.672 11.2001 5.00702 5.54396e-05 279.43 11.508 5.0035
279.279 11.8323 5.01117 0.00126646 279.43 11.508 5.0035
279.452 11.5916 5.00069 0.0507859 279.43 11.508 5.0035
279.577 11.4331 4.99608 0.00969175 279.43 11.508 5.0035
279.023 11.4745 5.01624 5.67053e-05 279.43 11.508 5.0035
279.584 11.5216 5.0096 0.0104724 279.43 11.508 5.0035
279.21 11.7318 4.99872 0.00441411 279.43 11.508 5.0035
279.762 12.046 5.00693 1.8388e-09 279.43 11.508 5.0035
279.923 12.0681 5.00936 3.06284e-12 279.43 11.508 5.0035
279.177 12.0412 4.98877 8.32114e-10 279.43 11.508 5.0035
279.147 11.7648 5.00995 0.00125953 279.43 11.508 5.0035
279.35 11.5611 5.0041 0.123284 279.43 11.508 5.0035
279.396 11.903 4.97692 9.00109e-11 279.43 11.508 5.0035
279.547 11.4854 5.00825 0.0216879 279.43 11.508 5.0035
279.092 11.8199 5.00195 0.000151215 279.43 11.508 5.0035
279.067 12.2679 5.00076 1.22481e-13 279.43 11.508 5.0035
278.986 12.0625 4.99964 1.0385e-09 279.43 11.508 5.0035
279.234 10.9963 5.01482 3.62919e-08 279.43 11.508 5.0035
279.464 11.1695 5.0176 8.54833e-06 279.43 11.508 5.0035
278.874 11.9607 5.01676 1.28203e-09 279.43 11.508 5.0035
279.075 11.8233 5.00836 0.000106932 279.43 11.508 5.0035
279.231 11.4992 5.00552 0.0810051 279.43 11.508 5.0035
279.143 11.6297 5.00787 0.010281 279.43 11.508 5.0035
279.602 11.5736 4.9999 0.00535808 279.43 11.508 5.0035
280.088 11.001 5.01641 1.4874e-16 279.43 11.508 5.0035
