-9.68047 -94.2844 2.99594 1.56988e-11
-9.67549 -94.6023 2.99623 1.6936e-17
-9.50459 -93.7724 2.97994 0.0493787
-9.21021 -93.9911 3.00332 1.31097e-06
-9.53303 -94.3568 2.99577 1.50057e-10
-9.17311 -93.737 2.99832 0.00484623
-9.0651 -93.5067 2.98365 0.0591057
-8.66559 -93.9948 2.97486 1.03561e-08
-9.101 -93.7933 3.0008 0.000862399
-9.06443 -94.0791 2.97789 0.000959604
-9.47729 -93.8533 2.9882 0.0136072
-8.84251 -93.4368 3.0052 1.99032e-05
-9.34777 -93.7581 3.0016 1.28637e-05
-9.45094 -94.0446 2.97741 0.00475389
-9.63471 -94.3464 3.00738 3.131e-19
-8.76222 -94.0862 2.99059 0.000139953
-8.5911 -94.4071 2.99622 6.07262e-11
-9.32243 -93.9163 2.99031 0.0283931
-9.29889 -93.4239 2.98389 0.0307119
-9.08842 -93.9262 2.98616 0.115891
-9.60402 -93.8206 2.97737 0.00752048
-8.85172 -93.7315 2.99473 0.0235013
-9.5964 -93.9948 2.97677 0.0017004
-8.8721 -93.705 2.99405 0.0368254
-9.64003 -94.6624 3.00419 1.77232e-23
-9.01373 -94.27 2.97542 1.11331e-06
-8.82514 -93.9773 2.99403 0.00195009
-9.09986 -94.2228 2.99243 7.08167e-05
-9.07412 -94.3806 2.99001 8.3774e-07
-9.09582 -93.7587 2.99724 0.0159069
-8.81426 -93.2282 3.00512 5.60336e-07
-8.99643 -94.2408 2.98718 9.13932e-05
-9.54875 -93.6023 2.98639 0.0082545
-9.08593 -94.4173 2.98477 4.83109e-07
-9.04525 -94.031 2.99556 0.00171547
-9.5288 -94.596 2.97602 5.194e-11
-8.95621 -93.8648 2.99476 0.0234553
-9.29722 -94.1019 2.99584 4.90171e-05
-8.71269 -93.9658 2.99739 0.000151218
-8.86739 -93.4961 2.98598 0.00771883
-9.71164 -93.9112 3.0021 1.09257e-11
-8.77135 -93.8584 2.99106 0.00539945
-9.08087 -94.1794 3.00041 1.18831e-06
-9.1254 -93.879 2.98573 0.21969
-8.76624 -94.187 2.98372 3.9367e-06
-9.37793 -93.8099 3.00681 4.70522e-09
-9.25695 -93.9975 3.01211 1.21704e-12
-9.88026 -93.5996 2.98822 1.35243e-07
-9.03272 -93.4699 3.01271 1.70256e-09
-9.32211 -94.0227 3.00031 2.80589e-06
-9.28956 -93.6265 3.01497 2.21329e-13
-9.7525 -94.0069 3.01363 1.08377e-22
-8.83523 -93.922 3.00013 0.000337334
-9.32668 -94.3233 2.99094 1.43484e-06
-9.23427 -94.4279 3.00591 2.88264e-14
-9.11276 -94.0726 3.0047 1.69538e-07
-9.04287 -94.4935 2.98877 1.02339e-08
-9.13244 -94.2386 2.99738 1.86566e-06
-9.66966 -93.6009 2.97884 0.00167689
-8.86143 -94.0436 2.99691 0.000295634
-9.38791 -94.2538 3.00856 9.9622e-15
-9.2587 -94.4635 2.97218 4.95698e-09
-9.44886 -94.0931 2.98461 0.00212245
-9.2179 -93.9276 3.00589 1.47867e-07
-9.06447 -94.0751 2.99858 8.95115e-05
-9.78011 -94.1013 2.98692 2.67435e-07
-9.24072 -93.9539 2.99242 0.0143945
-9.3424 -94.051 2.99713 2.45932e-05
-8.54195 -93.7594 2.99049 2.71497e-05
-8.8725 -93.6625 2.98465 0.0197902
-8.81733 -94.3063 2.97039 2.29597e-11
-9.41821 -93.4708 2.99188 0.00320189
-9.09249 -94.2419 3.00699 8.52232e-11
-9.00924 -94.338 2.99861 3.616e-08
-9.04362 -93.8169 2.98548 0.206136
-9.12613 -94.5452 2.99648 1.85096e-11
-8.76615 -93.9573 3.01723 5.24119e-13
-8.65128 -93.9362 2.99018 0.000143774
-9.463 -94.0996 3.00142 4.66082e-09
-9.28674 -93.7332 3.00893 4.13186e-09
-9.28846 -94.3225 2.98407 1.9556e-05
-9.35477 -94.5075 2.99155 4.30348e-10
-9.23268 -94.2996 2.99278 2.86771e-06
-9.10775 -94.3419 2.98272 7.56779e-06
-8.7182 -94.2326 2.98629 7.68142e-07
-9.04382 -94.0698 2.99557 0.000762007
-8.8048 -94.677 2.99292 3.05143e-14
-9.66859 -94.4633 2.99058 5.68883e-12
-8.97479 -94.1733 2.99427 9.82091e-05
-9.60094 -93.7587 2.98457 0.00644684
-9.50101 -94.0264 2.97969 0.00544579
-9.28517 -93.9627 2.9808 0.0643535
-9.43607 -94.2138 2.98039 0.000215911
-9.24874 -94.1645 2.97971 0.001337
-8.97379 -94.693 2.97783 7.97257e-14
-8.85133 -94.1454 2.98352 7.14551e-05
-9.24319 -94.3388 2.97844 6.95704e-06
-9.18284 -93.6818 3.01021 8.07318e-09
-9.09641 -94.027 2.99176 0.0102913
-8.82904 -94.4422 2.99266 4.04538e-09
