30.3946 8.80502 0.217694 0.000471146
29.9825 8.4668 0.239961 1.43543e-13
30.5015 9.03836 0.215504 1.6952e-09
30.0347 9.05064 0.206308 1.98717e-13
30.4312 8.58966 0.228013 2.47169e-09
30.2455 8.77459 0.206592 3.84624e-05
30.0712 8.67242 0.220515 0.282943
29.8686 8.79358 0.203031 5.92357e-15
29.7008 8.52972 0.218199 4.63552e-05
30.2652 8.69885 0.219143 0.0556515
29.9759 8.7744 0.203907 4.90601e-11
30.403 8.49983 0.218966 0.00612045
30.341 8.50211 0.210626 0.146539
29.878 8.59723 0.218354 0.0309634
30.2068 9.23091 0.220632 1.91671e-12
30.4149 9.7692 0.226062 2.07359e-41
30.2329 8.48903 0.227253 4.94978e-05
30.5314 8.51869 0.222245 3.99033e-07
30.0889 8.80805 0.222086 0.0105016
30.3154 8.41086 0.204998 0.00107892
30.7516 8.39632 0.218393 6.68765e-11
30.2932 8.42923 0.194299 5.41403e-13
30.07 9.0215 0.235503 3.60443e-13
30.4513 8.44743 0.213372 0.0258561
30.1982 8.21008 0.228987 4.40987e-09
30.1157 8.7084 0.227498 0.000620162
30.1553 8.09799 0.227194 1.6583e-09
29.707 8.72409 0.21735 4.09366e-06
29.8293 9.38213 0.230466 8.51633e-19
30.1941 8.8797 0.24235 6.30766e-22
30.224 9.18866 0.201362 9.8181e-20
29.6764 9.05899 0.207873 9.03101e-21
30.1576 8.79879 0.216352 0.0198523
30.4768 9.28269 0.19405 4.71163e-29
30.2112 8.69336 0.231301 7.4445e-08
30.034 8.2082 0.213778 0.000435809
30.1188 8.43431 0.201849 5.56221e-08
30.6523 9.12946 0.214993 1.11183e-14
30.7483 8.69451 0.213354 2.7599e-08
30.7598 8.43143 0.232809 1.17862e-27
30.1245 8.74887 0.220774 0.059621
30.8422 8.4183 0.21437 6.51313e-11
30.2831 8.90292 0.222831 1.08582e-05
30.1988 8.34971 0.228233 2.16149e-06
30.2554 8.14234 0.208794 4.17324e-05
30.05 8.21796 0.222553 0.000380233
29.896 8.29281 0.223157 0.00148637
30.2558 8.32105 0.202075 2.14813e-06
29.4147 8.31375 0.227404 8.13788e-11
29.847 8.93282 0.221598 1.76199e-05
30.2848 8.75253 0.240581 6.1158e-21
30.2393 9.21111 0.205975 2.51878e-16
29.9982 8.87545 0.227275 9.15201e-05
29.895 8.82345 0.232006 4.8802e-06
30.0606 9.24725 0.216494 3.07869e-13
29.9585 9.00763 0.22581 1.46487e-06
30.2468 8.67524 0.224551 0.00133575
30.3867 8.02619 0.221266 1.98407e-10
30.6337 8.83591 0.22548 2.74778e-14
30.3108 8.44374 0.202702 5.18298e-05
30.1733 8.5201 0.225618 0.00361335
29.5255 8.15804 0.22084 7.23016e-12
30.0889 8.71949 0.229804 3.92783e-05
29.75 9.16431 0.235111 8.1743e-14
30.524 8.40292 0.199268 1.35137e-06
30.496 8.57636 0.24 2.44927e-27
30.5448 8.86362 0.211208 3.3755e-06
30.2832 8.87698 0.217657 0.000536821
30.3523 8.36166 0.22491 2.98026e-06
30.691 8.57227 0.213754 2.2241e-06
29.8843 8.58513 0.20862 5.85628e-07
30.3866 8.62465 0.207548 0.00733019
30.1948 8.52374 0.229133 1.0121e-05
30.1907 8.8296 0.219253 0.00643022
30.095 8.90084 0.21972 0.000802349
30.1297 8.10264 0.225725 3.35142e-08
30.0848 8.62433 0.224407 0.0563716
30.6501 8.31547 0.224981 2.51748e-14
30.7716 9.42608 0.218813 4.9512e-30
30.53 8.48575 0.203006 0.000154226
30.8762 9.12457 0.232477 2.15587e-38
30.2295 8.93787 0.225561 7.83679e-07
29.7165 8.66029 0.210172 3.02413e-10
30.0802 9.13725 0.232604 1.59896e-13
30.3186 8.41949 0.225152 2.50668e-05
30.5883 8.43408 0.209445 0.000912724
29.8972 8.92733 0.220026 3.83207e-05
30.1977 8.63809 0.220918 0.143479
29.9797 8.94865 0.220908 6.70221e-05
29.8948 8.93046 0.230816 7.92717e-07
30.3928 8.30437 0.200571 1.57311e-06
29.9709 8.598 0.213819 0.0162389
30.6455 9.01809 0.225671 6.35231e-18
30.2609 8.35035 0.215018 0.115866
29.2321 9.17214 0.224887 5.08015e-24
30.6471 8.7089 0.207744 1.15648e-05
29.885 8.08327 0.22584 3.50911e-08
29.8223 8.39721 0.219788 0.00383965
29.7522 9.10656 0.205171 5.29295e-23
30.9489 8.7183 0.22854 7.28379e-30
