-39.8531 -61.3726 1.74357 1.34445e-23 -38.86 -61.528 1.7314
-38.7634 -62.0612 1.75617 1.06889e-15 -38.86 -61.528 1.7314
-38.6808 -61.9493 1.74778 8.65411e-09 -38.86 -61.528 1.7314
-38.6078 -61.8866 1.71533 3.54223e-11 -38.86 -61.528 1.7314
-38.3473 -61.92 1.74395 4.62617e-09 -38.86 -61.528 1.7314
-38.9236 -61.6817 1.71651 9.243e-05 -38.86 -61.528 1.7314
-38.7297 -61.4259 1.72707 0.0635728 -38.86 -61.528 1.7314
-38.4072 -61.7907 1.7365 4.19017e-06 -38.86 -61.528 1.7314
-38.3307 -61.5104 1.72391 6.48643e-08 -38.86 -61.528 1.7314
-39.1102 -61.5702 1.73589 0.00277126 -38.86 -61.528 1.7314
-38.6831 -61.3234 1.70775 1.52924e-10 -38.86 -61.528 1.7314
-39.1623 -61.7371 1.71267 8.44093e-07 -38.86 -61.528 1.7314
-38.7139 -61.1451 1.71555 8.72347e-06 -38.86 -61.528 1.7314
-38.5836 -61.3779 1.74308 2.3226e-06 -38.86 -61.528 1.7314
-39.0984 -61.1401 1.74544 6.85328e-12 -38.86 -61.528 1.7314
-38.8817 -61.6889 1.72648 0.0472108 -38.86 -61.528 1.7314
-39.025 -61.811 1.73646 0.000659575 -38.86 -61.528 1.7314
-38.6712 -60.9214 1.72025 6.04647e-07 -38.86 -61.528 1.7314
-39.0125 -61.6201 1.73777 0.00206821 -38.86 -61.528 1.7314
-38.4782 -61.4099 1.72892 0.000240508 -38.86 -61.528 1.7314
-38.6255 -61.6627 1.71636 1.91593e-07 -38.86 -61.528 1.7314
-39.4098 -61.639 1.73794 6.56333e-08 -38.86 -61.528 1.7314
-39.5165 -61.3272 1.73484 8.43803e-09 -38.86 -61.528 1.7314
-39.1634 -61.5863 1.72237 0.0376751 -38.86 -61.528 1.7314
-38.5295 -60.9592 1.72471 1.54461e-07 -38.86 -61.528 1.7314
-38.8125 -60.5323 1.72782 5.42624e-14 -38.86 -61.528 1.7314
-38.9005 -61.5485 1.73457 0.0514349 -38.86 -61.528 1.7314
-38.9065 -60.9772 1.74775 3.86763e-15 -38.86 -61.528 1.7314
-38.9619 -61.342 1.71487 0.00136453 -38.86 -61.528 1.7314
-38.7899 -61.2801 1.7236 0.0307895 -38.86 -61.528 1.7314
-38.6046 -61.5282 1.72157 0.000199979 -38.86 -61.528 1.7314
-38.5217 -62.0091 1.73939 2.79454e-07 -38.86 -61.528 1.7314
-39.1959 -61.4904 1.73108 0.01602 -38.86 -61.528 1.7314
-39.2637 -61.3396 1.73697 6.32031e-06 -38.86 -61.528 1.7314
-38.7199 -61.6536 1.71481 4.36486e-07 -38.86 -61.528 1.7314
-38.4378 -61.4762 1.71214 3.97402e-12 -38.86 -61.528 1.7314
-38.9953 -61.427 1.7416 1.76932e-05 -38.86 -61.528 1.7314
-38.1734 -61.6798 1.72876 2.29338e-10 -38.86 -61.528 1.7314
-38.9949 -61.3905 1.71794 0.0212327 -38.86 -61.528 1.7314
-39.0082 -61.5642 1.74478 5.20438e-07 -38.86 -61.528 1.7314
-38.5525 -61.6093 1.73927 0.000215432 -38.86 -61.528 1.7314
-38.7772 -60.7881 1.74021 3.94151e-13 -38.86 -61.528 1.7314
-38.2079 -61.7598 1.70417 9.89677e-29 -38.86 -61.528 1.7314
-38.8483 -61.5921 1.71233 9.15335e-07 -38.86 -61.528 1.7314
-38.9842 -61.2218 1.74269 8.68739e-08 -38.86 -61.528 1.7314
-39.4432 -61.3189 1.71693 0.0002235 -38.86 -61.528 1.7314
-38.3624 -61.3389 1.73208 3.76849e-06 -38.86 -61.528 1.7314
-38.4298 -61.5452 1.73471 7.95024e-05 -38.86 -61.528 1.7314
-38.5724 -61.6985 1.72487 9.75913e-05 -38.86 -61.528 1.7314
-39.4934 -61.737 1.72 1.99297e-06 -38.86 -61.528 1.7314
-38.5484 -61.6098 1.72625 0.000395413 -38.86 -61.528 1.7314
-38.9429 -61.873 1.71959 1.26059e-05 -38.86 -61.528 1.7314
-38.6766 -61.4002 1.7302 0.027391 -38.86 -61.528 1.7314
-38.7471 -61.5726 1.73229 0.0607862 -38.86 -61.528 1.7314
-39.2154 -61.1699 1.72063 0.00851622 -38.86 -61.528 1.7314
-38.4327 -61.5187 1.71516 2.3705e-10 -38.86 -61.528 1.7314
-38.6574 -61.409 1.73448 0.00722779 -38.86 -61.528 1.7314
-39.0557 -61.7325 1.73542 0.00279761 -38.86 -61.528 1.7314
-38.6537 -61.6327 1.71384 2.43884e-08 -38.86 -61.528 1.7314
-39.3684 -61.2629 1.7274 0.000445662 -38.86 -61.528 1.7314
-38.095 -61.3172 1.73969 6.1141e-12 -38.86 -61.528 1.7314
-38.8231 -61.4477 1.71339 1.79438e-05 -38.86 -61.528 1.7314
-39.3562 -61.1978 1.72021 0.00127382 -38.86 -61.528 1.7314
-38.3681 -61.5003 1.73373 1.22373e-05 -38.86 -61.528 1.7314
-38.8734 -61.8163 1.72453 0.00144424 -38.86 -61.528 1.7314
-38.4861 -61.4181 1.72318 2.47592e-05 -38.86 -61.528 1.7314
-39.4284 -61.5032 1.72112 0.000585899 -38.86 -61.528 1.7314
-39.1489 -61.7403 1.73712 0.000150949 -38.86 -61.528 1.7314
-38.8108 -60.9128 1.71705 1.8901e-06 -38.86 -61.528 1.7314
-38.8861 -61.4404 1.73135 0.1792 -38.86 -61.528 1.7314
-38.527 -61.184 1.73345 2.84406e-05 -38.86 -61.528 1.7314
-39.1443 -62.0838 1.7393 1.14886e-08 -38.86 -61.528 1.7314
-38.3615 -61.9907 1.72284 2.0103e-12 -38.86 -61.528 1.7314
-38.0615 -61.5983 1.71064 3.30686e-24 -38.86 -61.528 1.7314
-39.0202 -60.7965 1.72243 8.22295e-07 -38.86 -61.528 1.7314
-38.9307 -61.2984 1.7185 0.0169316 -38.86 -61.528 1.7314
-38.2874 -61.3622 1.71946 1.46517e-10 -38.86 -61.528 1.7314
-39.2139 -61.9945 1.72444 1.69398e-06 -38.86 -61.528 1.7314
-38.6919 -61.6935 1.74084 0.000264907 -38.86 -61.528 1.7314
-38.9054 -61.4287 1.72459 0.266074 -38.86 -61.528 1.7314
-39.3738 -61.2354 1.73013 4.32412e-05 -38.86 -61.528 1.7314
-38.4009 -61.4904 1.72613 6.08792e-06 -38.86 -61.528 1.7314
-39.2719 -61.4227 1.72019 0.0170886 -38.86 -61.528 1.7314
-38.8856 -61.662 1.73463 0.0298505 -38.86 -61.528 1.7314
-38.6757 -61.8357 1.7139 1.89499e-10 -38.86 -61.528 1.7314
-38.5632 -61.9576 1.73247 4.57785e-06 -38.86 -61.528 1.7314
-38.772 -61.7105 1.71168 3.6267e-09 -38.86 -61.528 1.7314
-39.3446 -62.0579 1.70444 6.28933e-19 -38.86 -61.528 1.7314
-38.6802 -61.7895 1.73156 0.00219851 -38.86 -61.528 1.7314
-38.7437 -62.0023 1.71378 1.32548e-12 -38.86 -61.528 1.7314
-38.8423 -61.5533 1.74473 3.96465e-06 -38.86 -61.528 1.7314
-38.986 -61.5296 1.70758 1.86109e-08 -38.86 -61.528 1.7314
-38.7385 -61.5442 1.72978 0.0797866 -38.86 -61.528 1.7314
-38.6162 -61.5844 1.72724 0.004425 -38.86 -61.528 1.7314
-38.7763 -61.8203 1.72653 0.00122436 -38.86 -61.528 1.7314
-38.9969 -61.9259 1.75631 8.16946e-17 -38.86 -61.528 1.7314
-38.8285 -61.6338 1.73847 0.00355285 -38.86 -61.528 1.7314
-38.6404 -61.4848 1.72711 0.0122216 -38.86 -61.528 1.7314
-38.9719 -61.3025 1.74072 1.0621e-05 -38.86 -61.528 1.7314
-38.3629 -61.2082 1.7363 1.4268e-07 -38.86 -61.528 1.7314
