-18.5129 -4.36854 0.645314 8.06915e-14
-19.1698 -4.71002 0.64561 6.45621e-11
-18.7553 -5.22579 0.641369 0.0453866
-18.8388 -4.93022 0.64957 9.13849e-05
-19.4857 -4.70585 0.644637 3.63754e-19
-18.9616 -4.88616 0.630191 1.2221e-05
-18.2133 -5.1624 0.678277 1.18138e-33
-19.0594 -5.33222 0.652338 2.87537e-06
-19.0512 -5.37996 0.634491 6.0016e-09
-18.9425 -5.37408 0.657399 1.69713e-06
-18.6847 -4.71543 0.656082 1.04873e-11
-19.1122 -5.84715 0.657068 1.081e-13
-18.6873 -5.33871 0.637791 0.0043551
-18.7677 -5.01401 0.64663 0.00895424
-18.9251 -5.6223 0.654277 1.51367e-07
-18.747 -5.33395 0.637455 0.0020193
-18.8948 -5.15907 0.646846 0.00309664
-19.143 -4.83314 0.647306 5.635e-09
-18.4825 -4.99466 0.62719 0.0149833
-18.446 -4.94041 0.643813 0.00662583
-18.8687 -4.49551 0.650703 6.00885e-14
-18.7081 -4.73348 0.633352 0.00529863
-18.1665 -5.29385 0.627684 2.57627e-07
-18.1127 -4.62317 0.640469 7.65109e-10
-18.7117 -5.60496 0.666847 1.07732e-11
-18.343 -4.86539 0.645102 5.2693e-05
-18.6171 -5.59203 0.650398 7.63181e-06
-18.6148 -4.82834 0.643354 0.00378379
-18.4572 -4.88945 0.643831 0.00302638
-19.0141 -4.85065 0.642865 9.98475e-06
-19.1574 -5.44359 0.649112 2.57019e-08
-18.401 -4.70582 0.628662 0.00504024
-18.8622 -5.30447 0.646862 0.00254919
-18.5786 -5.12314 0.642258 0.196754
-19.5095 -5.68419 0.64104 6.52014e-24
-19.1176 -4.73761 0.651178 2.02013e-11
-18.7421 -4.55825 0.657988 2.55148e-17
-19.1183 -5.24529 0.639375 3.80551e-07
-18.4072 -5.13236 0.643102 0.0204264
-18.9891 -5.1364 0.657933 1.00586e-07
-18.4884 -4.24594 0.633092 1.31595e-11
-18.8034 -5.0749 0.654949 1.39746e-05
-18.4959 -4.83667 0.665765 3.41288e-19
-18.292 -4.65094 0.636807 2.38941e-05
-18.3501 -4.772 0.649672 1.34556e-08
-17.9592 -5.30535 0.66061 4.76433e-20
-18.7948 -5.2714 0.653297 0.000385846
-18.7546 -5.10756 0.63676 0.0638855
-18.6441 -4.86854 0.642855 0.0132268
-18.8498 -5.1417 0.656211 6.79448e-06
-18.8629 -5.07541 0.629319 8.35751e-05
-19.2904 -5.08709 0.652537 7.27722e-11
-19.5042 -4.781 0.635198 1.93433e-19
-19.0366 -5.56186 0.650706 1.06143e-07
-18.5376 -4.99922 0.633786 0.271339
-19.2047 -4.98836 0.655392 6.15213e-11
-18.8239 -4.81322 0.640018 0.00182759
-18.2064 -5.19266 0.628974 3.77941e-05
-19.0073 -4.8671 0.633576 1.05857e-05
-18.6599 -5.17848 0.652644 0.000663111
-19.1182 -4.79892 0.628329 9.92717e-10
-18.9016 -4.88896 0.625683 3.08975e-06
-18.6308 -5.43178 0.654457 4.62131e-05
-19.1084 -5.06704 0.618249 1.58053e-16
-18.7853 -5.05404 0.62351 2.4067e-06
-18.7639 -4.83292 0.643538 0.0016751
-18.5196 -5.0057 0.633062 0.221037
-18.283 -5.29781 0.63504 0.000240361
-18.8831 -5.06183 0.654381 8.58101e-06
-18.4275 -5.3146 0.634463 0.00155676
-18.5301 -5.22721 0.63639 0.0526633
-18.5394 -4.4595 0.641955 2.41935e-09
-18.9354 -4.71032 0.643485 1.3295e-06
-18.9389 -5.2002 0.658201 4.74088e-07
-18.7408 -5.4353 0.643133 0.000965528
-18.6552 -5.67592 0.646305 3.58248e-07
-18.6776 -5.01151 0.654134 1.22262e-05
-18.0293 -5.11145 0.65328 2.30184e-13
-18.4279 -5.33868 0.645884 0.00152729
-19.0795 -4.98765 0.651053 2.99267e-07
-19.3426 -4.81928 0.629731 2.10522e-15
-18.3147 -5.40043 0.663024 5.53768e-13
-18.4479 -5.15465 0.644931 0.0173025
-18.2415 -5.84261 0.666265 4.3447e-20
-18.6974 -4.46227 0.653116 4.17197e-16
-18.9236 -5.06998 0.649131 0.000336463
-18.5963 -5.16124 0.651661 0.000970369
-18.8086 -4.96404 0.640705 0.0257071
-18.1648 -5.59323 0.664047 1.28616e-17
-18.7737 -5.39368 0.642659 0.00182397
-19.2389 -4.88883 0.643614 8.75837e-10
-18.6767 -4.92795 0.65443 8.73512e-07
-18.2546 -5.0542 0.666938 2.20463e-20
-19.2812 -5.4376 0.65293 7.11546e-11
-18.5763 -5.19259 0.664603 1.4744e-11
-18.615 -4.93446 0.671462 4.26728e-22
-18.7677 -5.51291 0.657237 2.25861e-06
-19.1554 -5.14292 0.642483 5.48359e-07
-18.4324 -4.56151 0.625459 0.000132656
-19.1598 -4.81193 0.645384 3.84447e-09
