5.64079 -94.9428 3.36886 0.0137398 5.9879 -95.128 3.3571
6.06902 -95.1689 3.34335 1.36047e-05 5.9879 -95.128 3.3571
5.89368 -94.527 3.36002 0.00182997 5.9879 -95.128 3.3571
6.68848 -95.3006 3.35827 5.28699e-09 5.9879 -95.128 3.3571
5.76121 -94.9111 3.35696 0.104927 5.9879 -95.128 3.3571
5.67796 -95.0989 3.37132 0.00265895 5.9879 -95.128 3.3571
6.09803 -94.3752 3.37663 0.00026249 5.9879 -95.128 3.3571
6.35625 -95.0954 3.36403 0.00253455 5.9879 -95.128 3.3571
5.72699 -95.4723 3.3607 0.000966298 5.9879 -95.128 3.3571
6.30006 -95.0589 3.35242 0.000104431 5.9879 -95.128 3.3571
6.25896 -94.2233 3.36678 6.34699e-07 5.9879 -95.128 3.3571
6.51573 -95.2401 3.36476 1.7166e-05 5.9879 -95.128 3.3571
6.16916 -95.0422 3.37137 0.0255409 5.9879 -95.128 3.3571
6.53557 -94.6403 3.34959 7.27035e-11 5.9879 -95.128 3.3571
5.2797 -94.8992 3.37267 3.17261e-07 5.9879 -95.128 3.3571
6.80542 -95.2442 3.37619 1.06911e-09 5.9879 -95.128 3.3571
6.10254 -94.4901 3.3715 0.00356052 5.9879 -95.128 3.3571
6.11664 -95.3341 3.37957 2.32563e-06 5.9879 -95.128 3.3571
5.59441 -95.3835 3.37481 2.91979e-07 5.9879 -95.128 3.3571
6.2378 -94.6915 3.34677 6.24257e-08 5.9879 -95.128 3.3571
6.4981 -94.6926 3.36115 9.20965e-06 5.9879 -95.128 3.3571
6.20198 -94.4123 3.35043 4.54914e-09 5.9879 -95.128 3.3571
6.05655 -95.5604 3.35071 3.6112e-05 5.9879 -95.128 3.3571
6.51911 -94.0134 3.35143 4.04142e-19 5.9879 -95.128 3.3571
6.24287 -95.1934 3.37243 0.00163297 5.9879 -95.128 3.3571
5.95598 -94.8115 3.36357 0.180504 5.9879 -95.128 3.3571
5.85471 -95.0229 3.36087 0.269099 5.9879 -95.128 3.3571
6.20379 -95.1857 3.34803 4.17422e-05 5.9879 -95.128 3.3571
6.14548 -94.9704 3.36151 0.0651232 5.9879 -95.128 3.3571
6.46895 -95.0068 3.3596 7.14001e-05 5.9879 -95.128 3.3571
6.24405 -95.0215 3.3863 2.7683e-06 5.9879 -95.128 3.3571
6.22255 -94.724 3.38363 0.00024585 5.9879 -95.128 3.3571
6.34368 -94.3983 3.37966 4.64991e-05 5.9879 -95.128 3.3571
5.89076 -94.7188 3.36265 0.0763684 5.9879 -95.128 3.3571
5.97465 -94.8105 3.37535 0.0216564 5.9879 -95.128 3.3571
6.23584 -94.6778 3.36408 0.00597536 5.9879 -95.128 3.3571
6.27676 -94.5897 3.35133 2.62522e-07 5.9879 -95.128 3.3571
6.39461 -94.3921 3.36783 9.34362e-06 5.9879 -95.128 3.3571
5.77537 -94.5285 3.36775 0.00410412 5.9879 -95.128 3.3571
5.87371 -94.6156 3.37672 0.00286469 5.9879 -95.128 3.3571
6.02276 -94.661 3.38046 0.00140778 5.9879 -95.128 3.3571
6.28246 -94.7117 3.35396 2.25073e-05 5.9879 -95.128 3.3571
6.20101 -94.4038 3.35883 4.09236e-06 5.9879 -95.128 3.3571
6.04955 -94.7975 3.37914 0.00390828 5.9879 -95.128 3.3571
6.45959 -94.6736 3.35322 6.65048e-08 5.9879 -95.128 3.3571
6.79388 -94.9234 3.35665 1.11663e-10 5.9879 -95.128 3.3571
6.29112 -94.7923 3.3504 3.44642e-06 5.9879 -95.128 3.3571
6.36068 -95.08 3.36955 0.00266533 5.9879 -95.128 3.3571
6.29596 -94.5513 3.35257 2.17108e-07 5.9879 -95.128 3.3571
6.19128 -94.9581 3.3611 0.0329855 5.9879 -95.128 3.3571
5.94259 -94.6547 3.34908 3.22814e-05 5.9879 -95.128 3.3571
6.17985 -95.0173 3.35986 0.0285994 5.9879 -95.128 3.3571
6.35093 -94.8012 3.37971 0.000761553 5.9879 -95.128 3.3571
6.15325 -94.462 3.3606 9.628e-05 5.9879 -95.128 3.3571
6.61535 -94.0511 3.37203 1.46579e-11 5.9879 -95.128 3.3571
5.91457 -95.0121 3.34643 0.000737481 5.9879 -95.128 3.3571
6.12257 -94.9593 3.38929 3.18112e-07 5.9879 -95.128 3.3571
6.51725 -95.2234 3.35766 2.95521e-06 5.9879 -95.128 3.3571
6.75684 -95.2676 3.38348 9.1023e-11 5.9879 -95.128 3.3571
6.61418 -95.5093 3.37483 6.01349e-10 5.9879 -95.128 3.3571
6.4741 -94.9904 3.35457 3.63269e-06 5.9879 -95.128 3.3571
6.26366 -95.1319 3.38307 6.72737e-06 5.9879 -95.128 3.3571
5.79897 -94.9236 3.37935 0.000289914 5.9879 -95.128 3.3571
6.27701 -94.9858 3.36378 0.0155073 5.9879 -95.128 3.3571
6.08448 -95.53 3.34572 4.06381e-06 5.9879 -95.128 3.3571
6.0751 -94.7093 3.38827 5.4148e-06 5.9879 -95.128 3.3571
6.53182 -95.0991 3.36706 6.27952e-05 5.9879 -95.128 3.3571
6.26989 -95.0466 3.34601 1.31094e-06 5.9879 -95.128 3.3571
6.25287 -95.1588 3.34771 1.11963e-05 5.9879 -95.128 3.3571
6.68357 -94.5117 3.36046 7.26584e-10 5.9879 -95.128 3.3571
6.62186 -95.8558 3.36212 6.94717e-14 5.9879 -95.128 3.3571
5.88269 -95.17 3.33962 7.03177e-06 5.9879 -95.128 3.3571
6.30598 -94.5908 3.34902 1.34062e-08 5.9879 -95.128 3.3571
6.68453 -95.5176 3.35706 9.15983e-11 5.9879 -95.128 3.3571
6.39239 -94.9219 3.36355 0.00168701 5.9879 -95.128 3.3571
6.40488 -94.8007 3.36678 0.00176074 5.9879 -95.128 3.3571
6.48929 -94.8408 3.37024 0.000498922 5.9879 -95.128 3.3571
5.98236 -95.1983 3.35435 0.0282984 5.9879 -95.128 3.3571
6.6439 -94.293 3.3502 1.12e-16 5.9879 -95.128 3.3571
6.23412 -94.8575 3.35821 0.00405761 5.9879 -95.128 3.3571
6.30105 -95.1305 3.35069 3.2513e-05 5.9879 -95.128 3.3571
6.29609 -95.2702 3.36086 0.000992253 5.9879 -95.128 3.3571
5.92507 -95.2476 3.36459 0.0373491 5.9879 -95.128 3.3571
6.4734 -95.2933 3.36027 1.17688e-05 5.9879 -95.128 3.3571
6.65524 -94.6653 3.36825 1.52702e-06 5.9879 -95.128 3.3571
6.00406 -94.5034 3.35893 0.000450559 5.9879 -95.128 3.3571
6.26849 -95.3769 3.37686 2.93259e-06 5.9879 -95.128 3.3571
6.50175 -95.2488 3.37259 1.04631e-05 5.9879 -95.128 3.3571
6.78469 -94.6371 3.36975 2.54915e-08 5.9879 -95.128 3.3571
6.01391 -95.1943 3.35667 0.041921 5.9879 -95.128 3.3571
6.2378 -95.1193 3.35105 0.000176344 5.9879 -95.128 3.3571
6.03261 -95.3167 3.36475 0.00980986 5.9879 -95.128 3.3571
6.8756 -94.5195 3.35074 8.7482e-18 5.9879 -95.128 3.3571
5.89188 -95.6548 3.34774 1.0182e-05 5.9879 -95.128 3.3571
6.5731 -95.0894 3.37472 1.28633e-05 5.9879 -95.128 3.3571
6.14707 -94.9661 3.35179 0.00107026 5.9879 -95.128 3.3571
6.45968 -94.9969 3.35071 3.06833e-07 5.9879 -95.128 3.3571
6.23067 -95.2526 3.37744 4.86369e-05 5.9879 -95.128 3.3571
6.35646 -94.6365 3.3652 0.000670414 5.9879 -95.128 3.3571
6.52165 -95.0143 3.36237 4.85963e-05 5.9879 -95.128 3.3571
