27.9075 -83.6709 3.84702 6.95987e-21
28.2512 -83.9648 3.80543 2.72447e-19
28.2588 -83.459 3.81933 2.52881e-12
28.3621 -84.327 3.81401 1.5829e-12
28.3682 -84.1864 3.82285 0.000255473
28.6665 -84.0449 3.81185 5.74314e-22
28.0111 -84.3377 3.82701 0.0255813
28.7021 -83.9226 3.82074 4.16467e-13
27.9626 -84.4293 3.83399 9.6616e-05
28.1341 -84.0116 3.83036 0.190051
28.4266 -84.0975 3.81014 3.34788e-17
27.6243 -84.1995 3.82306 3.04117e-05
28.3934 -84.3502 3.82699 0.00106154
28.3107 -83.9672 3.82091 8.14923e-05
28.5121 -84.4201 3.8078 5.25509e-26
28.0795 -84.0443 3.8336 0.0289145
28.3694 -83.9013 3.82108 6.53624e-06
28.2565 -83.4988 3.83184 3.08799e-09
27.6283 -84.1631 3.83823 6.26737e-13
28.0907 -84.4345 3.82611 0.0029463
27.8737 -83.7633 3.81229 2.12452e-08
28.7186 -84.0219 3.83507 1.38601e-05
28.7137 -84.0988 3.80638 1.4074e-32
28.2155 -84.2157 3.82558 0.0682893
28.7371 -84.3592 3.81459 2.04907e-22
27.5309 -84.4693 3.83305 1.81773e-10
28.3336 -84.4624 3.82456 2.21493e-05
27.9789 -84.3023 3.83256 0.00516129
27.8759 -83.785 3.8049 8.76876e-15
28.321 -84.5131 3.83519 0.000384994
28.3692 -83.7625 3.82905 0.000162732
27.6212 -84.0863 3.82432 2.86365e-05
28.4091 -83.99 3.82465 0.000466098
27.9929 -83.7872 3.80848 3.73086e-12
28.3494 -84.6501 3.82278 7.42978e-10
27.6661 -84.0153 3.8134 1.46693e-06
28.8281 -84.0155 3.82288 2.03234e-14
27.8462 -83.8264 3.81772 5.52306e-05
28.401 -84.2791 3.83182 0.0363996
27.7915 -83.7644 3.81522 9.44091e-07
28.2895 -84.2922 3.81298 6.8316e-12
28.4065 -83.9865 3.82653 0.0026524
28.556 -83.6591 3.82618 2.50253e-09
28.3368 -83.439 3.83678 2.15602e-12
27.838 -83.9431 3.79926 8.3379e-21
28.8588 -83.6423 3.8307 2.60544e-14
28.2614 -84.444 3.82568 0.000479368
28.1916 -83.9789 3.82688 0.108855
28.1701 -84.0148 3.82603 0.136067
27.9796 -84.0769 3.8213 0.0232178
28.0157 -83.7376 3.82 3.75989e-05
28.1126 -83.8976 3.82352 0.0119615
28.0159 -84.0489 3.80738 1.388e-12
28.1675 -84.0199 3.82211 0.0108158
28.1702 -84.4311 3.82464 0.000944861
28.1368 -83.9212 3.81747 2.84172e-05
28.5097 -83.8963 3.80341 3.4335e-30
28.0089 -84.5301 3.81788 7.1278e-08
28.0355 -83.6911 3.83627 7.18421e-08
28.9248 -83.7258 3.82786 3.23836e-16
28.0974 -83.8776 3.82204 0.00348776
28.7468 -84.2286 3.81411 3.3356e-22
28.1792 -84.2377 3.82804 0.219136
27.859 -84.3168 3.82329 0.00260157
28.2142 -83.86 3.80716 1.53862e-16
27.8713 -83.8786 3.81419 3.43315e-06
28.1537 -84.0614 3.82286 0.0302396
28.09 -84.5246 3.80625 4.11401e-20
27.924 -84.2754 3.81694 5.93617e-05
27.7474 -83.7706 3.8361 3.89917e-11
28.3174 -84.0617 3.79421 1.76965e-41
28.0624 -83.886 3.81929 0.000489768
28.5689 -84.8935 3.80468 2.70491e-45
28.0636 -84.2468 3.80564 1.91136e-16
28.6954 -84.6407 3.83877 6.15487e-09
28.2068 -83.797 3.83408 0.000480617
28.549 -83.78 3.84899 1.96458e-12
28.4506 -84.1207 3.82124 1.8515e-06
27.9877 -83.5392 3.82636 6.27838e-08
28.0193 -83.988 3.83479 0.00145078
28.3725 -84.3249 3.81856 2.77519e-08
27.8482 -84.0695 3.81869 0.00183637
28.043 -84.3762 3.80861 5.78939e-14
28.3314 -83.9425 3.82385 0.00101221
27.9001 -83.9856 3.81906 0.00230307
27.8363 -83.9455 3.8165 0.000119845
28.3845 -84.1971 3.80647 8.52914e-22
29.0242 -84.4454 3.83379 2.935e-14
28.7677 -83.6725 3.83091 1.64255e-11
28.44 -84.0153 3.82127 2.42772e-06
27.9795 -84.1684 3.83789 3.62656e-05
28.1834 -83.891 3.8184 2.52331e-05
27.3835 -84.4366 3.80715 8.1881e-15
27.7526 -84.7603 3.80952 2.89714e-17
28.3128 -84.4882 3.82891 0.000494495
27.9378 -84.0139 3.85227 1.71167e-22
27.7667 -83.9447 3.83486 9.35544e-08
27.8912 -83.4057 3.83039 4.04272e-13
28.267 -84.2018 3.82674 0.0811487
28.2355 -83.7579 3.81075 1.30328e-13
