85.9723 17.7329 0.0794149 0.000633072
86.3213 17.5583 0.0973301 6.64211e-07
86.4742 17.9992 0.0850701 1.06978e-08
85.9705 17.6675 0.0732956 1.13313e-05
86.0324 17.9389 0.0618985 4.3386e-14
85.9505 17.8284 0.101537 0.000106479
86.2946 17.7793 0.0919144 6.07117e-06
85.5448 18.0979 0.0920907 0.000496576
85.9667 17.7314 0.0879198 0.0109049
85.4084 18.0492 0.0701491 2.10305e-10
85.7859 17.7663 0.0994946 0.0071067
86.9273 18.2557 0.0785012 4.03981e-19
86.4022 17.5383 0.0785763 4.24278e-07
86.0299 17.54 0.0941967 0.00144977
86.54 17.4878 0.0905436 1.53517e-09
86.3439 17.9032 0.0621109 2.07265e-08
86.0515 17.2003 0.0672885 3.70866e-10
86.2032 17.2158 0.109818 2.95462e-09
85.8136 18.0909 0.108026 7.98689e-08
85.4686 17.6189 0.0920848 0.124024
85.8517 17.8561 0.0604503 1.41929e-13
85.9253 17.3087 0.0962726 0.000293243
85.3257 18.0241 0.0866338 8.53693e-05
86.1428 17.5441 0.0578192 5.46726e-09
85.9587 17.7486 0.0859902 0.00852802
85.7613 18.159 0.067786 4.72427e-12
85.8579 18.0811 0.083606 4.98953e-05
86.0548 17.5135 0.0698622 1.3789e-07
85.7235 18.1914 0.0795723 4.06288e-07
86.1555 17.9875 0.0890141 5.77385e-05
85.9228 18.1785 0.0902483 6.22783e-06
85.8783 17.4267 0.08334 0.0107721
85.6192 17.6596 0.0922335 0.252541
85.9709 17.486 0.0809253 0.00194354
85.4373 17.7207 0.0787195 0.000747245
85.9962 18.1105 0.0859012 6.55624e-06
86.0595 17.4168 0.0747241 6.37362e-06
85.8228 17.2332 0.0790571 0.000200865
85.825 17.6337 0.0785022 0.00363764
86.246 17.9089 0.081282 4.59083e-05
85.4547 17.1009 0.0813537 1.13557e-05
86.234 17.6253 0.0947652 2.30063e-05
85.3068 17.567 0.0802655 0.000377342
85.7804 17.985 0.0659176 5.98793e-11
85.9087 17.3661 0.0922074 0.004428
86.0203 17.7285 0.0810954 0.000673696
85.9374 17.3827 0.0742894 2.43122e-05
85.7104 18.1556 0.0860504 4.03716e-05
85.2164 17.7991 0.0826988 6.04543e-05
86.6013 18.2778 0.0831208 5.26609e-13
85.435 17.9134 0.0904885 0.00901546
86.0285 18.0014 0.0896464 8.56253e-05
85.2893 17.4098 0.0537808 1.83086e-20
85.6669 17.9418 0.0819778 0.00149845
85.9828 17.9524 0.0727827 1.04147e-07
85.809 17.7438 0.0897933 0.0898742
86.0527 17.5927 0.0758723 3.06344e-05
85.8241 17.7844 0.0870348 0.043761
86.133 17.7568 0.080262 0.00117155
86.001 17.3101 0.0605109 4.25266e-13
86 17.2044 0.0804912 2.29027e-05
85.6975 17.7064 0.0866281 0.152982
86.4146 17.0989 0.0796175 1.07608e-10
86.263 17.3449 0.0978514 8.23999e-07
85.9891 17.6038 0.103738 1.45754e-05
85.9728 18.1742 0.0971499 9.67353e-07
86.6065 17.4858 0.0865306 1.86368e-10
85.7072 18.657 0.0690074 9.27567e-22
85.8333 17.5878 0.0960371 0.0270946
85.7937 18.2855 0.109412 1.26823e-10
86.1684 17.7821 0.0622113 8.72583e-07
85.656 17.6615 0.0675694 9.79886e-08
85.8507 17.3343 0.0748212 5.28356e-05
85.8446 17.5495 0.0997141 0.00302993
85.4943 17.4429 0.0820187 0.010126
86.6044 18.1621 0.0600256 3.3155e-13
85.6408 17.7333 0.0763668 0.000621463
85.2912 17.4591 0.100475 0.000335577
85.7395 17.9293 0.0772947 7.98779e-05
85.8016 18.009 0.0799172 6.95071e-05
85.9875 17.4713 0.0853052 0.00486997
85.8635 17.6511 0.0902317 0.0724986
86.2062 17.6518 0.0992707 7.8408e-06
85.7251 17.6587 0.0955614 0.0929223
86.3117 17.2721 0.0776214 9.02357e-08
85.8807 18.0904 0.0754333 1.34114e-07
85.9563 17.2844 0.0777852 5.67723e-05
85.4754 17.4248 0.0885664 0.0430169
85.56 18.08 0.0748735 1.43362e-07
86.1296 17.4851 0.0945262 6.94027e-05
85.4802 17.4124 0.0821625 0.00706602
85.6808 17.9655 0.0831929 0.00171422
85.9031 17.4818 0.0618168 2.68846e-11
85.4776 18.0623 0.0694154 1.629e-10
85.8524 17.6687 0.10201 0.000836431
86.0016 17.5461 0.0730929 8.2504e-06
86.4624 17.7034 0.0821101 1.61777e-07
85.3786 17.6411 0.0990417 0.00765797
85.652 17.8322 0.0680334 2.38313e-08
86.1262 17.4092 0.0909161 0.000103655
