99.2723 17.6592 0.0487109 2.25439e-32 99.77 18.199 0.074378
100.259 17.9792 0.0878647 0.000400765 99.77 18.199 0.074378
99.8395 17.4214 0.0962484 4.18129e-12 99.77 18.199 0.074378
100.061 18.2434 0.0724298 0.0402847 99.77 18.199 0.074378
100.124 18.1495 0.0716483 0.0144347 99.77 18.199 0.074378
99.6623 17.9614 0.0711767 4.78706e-06 99.77 18.199 0.074378
99.5768 17.4402 0.072461 3.1025e-14 99.77 18.199 0.074378
100.192 17.9017 0.072901 0.000367452 99.77 18.199 0.074378
99.8581 17.4616 0.0979203 7.66898e-12 99.77 18.199 0.074378
99.8348 17.8978 0.0810407 0.00253564 99.77 18.199 0.074378
100.352 18.0279 0.071652 0.000458159 99.77 18.199 0.074378
100.012 17.9962 0.0762413 0.0131886 99.77 18.199 0.074378
99.68 17.8185 0.0869434 8.87402e-05 99.77 18.199 0.074378
99.8479 17.7536 0.0785069 3.56592e-05 99.77 18.199 0.074378
99.7124 17.3781 0.070017 4.56583e-15 99.77 18.199 0.074378
100.268 17.9474 0.0701903 0.000152825 99.77 18.199 0.074378
99.9234 18.2994 0.0602152 3.60969e-07 99.77 18.199 0.074378
100.785 18.1092 0.0776034 8.65927e-09 99.77 18.199 0.074378
100.277 17.6807 0.0818689 9.23508e-07 99.77 18.199 0.074378
99.5967 18.1832 0.0818698 0.00501187 99.77 18.199 0.074378
99.9559 18.2439 0.0603264 5.56369e-07 99.77 18.199 0.074378
99.4978 18.5635 0.0815022 8.09543e-05 99.77 18.199 0.074378
99.4492 17.5478 0.101868 7.00293e-13 99.77 18.199 0.074378
99.8177 18.4567 0.066185 2.95024e-05 99.77 18.199 0.074378
100.552 18.2056 0.0706247 4.18285e-05 99.77 18.199 0.074378
99.7282 18.2624 0.0737469 0.00339681 99.77 18.199 0.074378
99.8658 18.6981 0.0737754 0.000420259 99.77 18.199 0.074378
98.9616 17.7604 0.0753455 2.35901e-19 99.77 18.199 0.074378
99.0715 17.906 0.077285 3.21177e-14 99.77 18.199 0.074378
99.8657 18.2174 0.0743345 0.0294266 99.77 18.199 0.074378
100.047 17.7809 0.0799844 0.000204329 99.77 18.199 0.074378
100.514 17.6883 0.065537 1.91782e-10 99.77 18.199 0.074378
99.5472 18.1056 0.0990659 1.58623e-05 99.77 18.199 0.074378
100.019 17.6345 0.0782261 1.27915e-06 99.77 18.199 0.074378
100.071 17.8767 0.0758592 0.00100158 99.77 18.199 0.074378
100.345 18.268 0.058796 4.18424e-07 99.77 18.199 0.074378
99.845 17.7528 0.0651772 3.27786e-09 99.77 18.199 0.074378
99.6347 17.1563 0.0838188 5.99734e-18 99.77 18.199 0.074378
100.192 17.7837 0.0664113 3.2811e-07 99.77 18.199 0.074378
99.3226 17.6919 0.0772754 8.34894e-12 99.77 18.199 0.074378
99.9501 18.0317 0.0695046 0.000494447 99.77 18.199 0.074378
100.211 18.4277 0.0631359 4.97651e-05 99.77 18.199 0.074378
99.6416 18.0384 0.0771834 0.000554367 99.77 18.199 0.074378
99.5436 17.869 0.0916013 1.53556e-05 99.77 18.199 0.074378
99.0789 17.7814 0.0746193 1.75267e-16 99.77 18.199 0.074378
99.8017 18.7489 0.0841151 0.000503565 99.77 18.199 0.074378
100.349 17.7321 0.0787681 1.68959e-06 99.77 18.199 0.074378
99.1709 18.2029 0.0837533 9.97845e-09 99.77 18.199 0.074378
100.133 18.5902 0.0683094 0.000568558 99.77 18.199 0.074378
100.008 18.1472 0.0741632 0.0433877 99.77 18.199 0.074378
99.6432 18.0419 0.0757201 0.000281884 99.77 18.199 0.074378
100.064 18.3536 0.0847088 0.184906 99.77 18.199 0.074378
99.3211 17.9656 0.0854591 3.80409e-07 99.77 18.199 0.074378
99.2507 18.3857 0.0772128 1.09205e-08 99.77 18.199 0.074378
99.9243 18.4517 0.080027 0.164008 99.77 18.199 0.074378
100.06 17.9778 0.0880113 0.00563258 99.77 18.199 0.074378
101.001 17.5359 0.0634413 1.35183e-20 99.77 18.199 0.074378
99.9597 18.2175 0.0632286 1.44461e-05 99.77 18.199 0.074378
100.113 17.8944 0.0903871 0.000220182 99.77 18.199 0.074378
100.197 17.8528 0.0914295 1.30221e-05 99.77 18.199 0.074378
99.6934 17.6105 0.0798559 5.45978e-08 99.77 18.199 0.074378
99.9907 17.8718 0.0641038 2.24487e-07 99.77 18.199 0.074378
99.4839 17.9729 0.0723881 1.03806e-07 99.77 18.199 0.074378
99.8006 17.9495 0.0690569 1.09983e-05 99.77 18.199 0.074378
100.134 18.1928 0.0612864 5.78557e-06 99.77 18.199 0.074378
100.056 17.2238 0.0757339 1.23623e-15 99.77 18.199 0.074378
99.6789 17.9349 0.0842679 0.0012631 99.77 18.199 0.074378
100.126 17.4887 0.0802879 3.01388e-09 99.77 18.199 0.074378
100.402 18.1595 0.0784894 0.0026314 99.77 18.199 0.074378
99.3913 17.9667 0.0951178 1.2436e-06 99.77 18.199 0.074378
100.107 17.6046 0.0975017 3.21161e-10 99.77 18.199 0.074378
99.7269 18.2742 0.0660306 5.94388e-06 99.77 18.199 0.074378
99.982 17.8501 0.0740468 0.000225114 99.77 18.199 0.074378
99.7508 17.9897 0.0721388 0.0001095 99.77 18.199 0.074378
99.8196 18.2501 0.080704 0.162192 99.77 18.199 0.074378
99.6683 18.2972 0.0721313 0.000355105 99.77 18.199 0.074378
99.7916 17.8546 0.0616042 3.18565e-10 99.77 18.199 0.074378
100.075 17.9988 0.0795258 0.0248947 99.77 18.199 0.074378
99.9025 18.1407 0.0719277 0.00648952 99.77 18.199 0.074378
99.9445 17.8761 0.0747522 0.000489721 99.77 18.199 0.074378
100.219 17.7398 0.0930722 1.37143e-07 99.77 18.199 0.074378
99.2966 17.8783 0.0750357 1.15282e-10 99.77 18.199 0.074378
99.4921 17.7993 0.0835689 1.02106e-06 99.77 18.199 0.074378
99.5539 18.1456 0.0869213 0.00252955 99.77 18.199 0.074378
100.169 18.2594 0.0713313 0.0207762 99.77 18.199 0.074378
99.6789 18.6021 0.0876441 0.00192066 99.77 18.199 0.074378
100.105 17.4492 0.0617629 6.24293e-15 99.77 18.199 0.074378
100.252 17.5462 0.0795116 9.11124e-09 99.77 18.199 0.074378
99.4439 18.3713 0.0719621 4.06208e-07 99.77 18.199 0.074378
100.055 18.8394 0.0696012 4.74199e-06 99.77 18.199 0.074378
99.5106 17.9894 0.0740393 1.22598e-06 99.77 18.199 0.074378
99.6346 17.5065 0.104283 1.36198e-13 99.77 18.199 0.074378
99.847 17.1663 0.0708456 4.73606e-19 99.77 18.199 0.074378
99.7128 17.3481 0.0881726 1.34454e-12 99.77 18.199 0.074378
99.7003 17.4263 0.0842299 5.79504e-11 99.77 18.199 0.074378
100.348 17.8348 0.0839998 1.41201e-05 99.77 18.199 0.074378
100.023 17.2669 0.0863594 5.2446e-14 99.77 18.199 0.074378
100.309 17.9456 0.0795338 0.000804094 99.77 18.199 0.074378
100.101 17.7996 0.0850031 0.00019139 99.77 18.199 0.074378
100.042 18.2924 0.0841851 0.262844 99.77 18.199 0.074378
