189.676 -10.0993 3.1703 0.00375965 189.3 -10.399 3.1598
189.424 -10.9545 3.16584 9.14897e-07 189.3 -10.399 3.1598
189.546 -9.83534 3.17234 3.64914e-06 189.3 -10.399 3.1598
189.255 -10.1978 3.17001 0.00781995 189.3 -10.399 3.1598
189.376 -11.637 3.16703 3.6676e-28 189.3 -10.399 3.1598
189.337 -10.5959 3.18326 5.56668e-10 189.3 -10.399 3.1598
189.737 -10.1681 3.15568 5.76918e-09 189.3 -10.399 3.1598
190.061 -9.8117 3.1772 4.78236e-10 189.3 -10.399 3.1598
189.545 -10.2142 3.15535 9.40614e-06 189.3 -10.399 3.1598
190.165 -10.366 3.17187 1.8148e-08 189.3 -10.399 3.1598
189.493 -10.4171 3.1514 1.42607e-06 189.3 -10.399 3.1598
190.509 -10.7925 3.1542 2.40304e-36 189.3 -10.399 3.1598
188.963 -10.6207 3.17849 1.92771e-13 189.3 -10.399 3.1598
189.823 -10.0593 3.17904 9.73054e-05 189.3 -10.399 3.1598
189.779 -10.4666 3.14773 2.43794e-15 189.3 -10.399 3.1598
189.047 -10.2918 3.15369 0.00172834 189.3 -10.399 3.1598
189.543 -10.542 3.1729 0.0153992 189.3 -10.399 3.1598
189.545 -10.8303 3.16689 5.58295e-05 189.3 -10.399 3.1598
189.383 -10.8519 3.164 7.83581e-05 189.3 -10.399 3.1598
189.758 -9.97438 3.17203 6.65333e-05 189.3 -10.399 3.1598
189.276 -10.4249 3.15367 0.00256399 189.3 -10.399 3.1598
189.653 -10.6754 3.16278 0.00023843 189.3 -10.399 3.1598
189.067 -10.6876 3.16657 6.65842e-05 189.3 -10.399 3.1598
189.507 -10.0018 3.1756 0.000211356 189.3 -10.399 3.1598
189.695 -10.4894 3.17382 0.0113779 189.3 -10.399 3.1598
189.269 -10.4763 3.17292 0.00149959 189.3 -10.399 3.1598
188.993 -9.82721 3.16097 1.02948e-08 189.3 -10.399 3.1598
189.158 -10.4008 3.15287 0.0028232 189.3 -10.399 3.1598
189.132 -10.5884 3.17632 5.76153e-08 189.3 -10.399 3.1598
188.783 -10.5583 3.16059 3.82934e-06 189.3 -10.399 3.1598
189.229 -10.5565 3.15015 8.78637e-05 189.3 -10.399 3.1598
189.737 -10.576 3.16659 0.0012281 189.3 -10.399 3.1598
189.762 -10.4759 3.16172 5.76383e-05 189.3 -10.399 3.1598
188.943 -10.319 3.1508 0.000164709 189.3 -10.399 3.1598
189.795 -10.3796 3.16507 0.000417552 189.3 -10.399 3.1598
189.306 -10.1859 3.17242 0.0036552 189.3 -10.399 3.1598
189.029 -10.5111 3.15102 0.0006944 189.3 -10.399 3.1598
189.323 -10.4033 3.16712 0.190468 189.3 -10.399 3.1598
189.579 -10.4436 3.16889 0.113659 189.3 -10.399 3.1598
189.151 -9.8811 3.13136 1.07342e-27 189.3 -10.399 3.1598
189.028 -9.99909 3.1568 7.86334e-06 189.3 -10.399 3.1598
189.515 -10.375 3.16643 0.207062 189.3 -10.399 3.1598
189.338 -10.7582 3.16748 0.00062223 189.3 -10.399 3.1598
189.387 -10.578 3.15611 0.00235055 189.3 -10.399 3.1598
188.713 -10.1723 3.16296 1.02167e-08 189.3 -10.399 3.1598
189.688 -10.1147 3.15902 1.42777e-06 189.3 -10.399 3.1598
188.904 -10.6111 3.1723 8.38708e-10 189.3 -10.399 3.1598
189.259 -10.3507 3.16497 0.168532 189.3 -10.399 3.1598
189.21 -10.3591 3.17549 3.93829e-05 189.3 -10.399 3.1598
189.705 -10.702 3.14649 1.70623e-15 189.3 -10.399 3.1598
189.635 -10.4706 3.17013 0.0507026 189.3 -10.399 3.1598
189.58 -9.81473 3.17357 1.27462e-06 189.3 -10.399 3.1598
189.685 -10.6818 3.17406 0.000271416 189.3 -10.399 3.1598
189.54 -10.6999 3.16584 0.00292414 189.3 -10.399 3.1598
190.169 -10.1946 3.18461 7.40151e-08 189.3 -10.399 3.1598
189.619 -10.9345 3.16171 8.91268e-08 189.3 -10.399 3.1598
189.714 -10.3627 3.1688 0.0214157 189.3 -10.399 3.1598
189.565 -10.6594 3.1636 0.00307486 189.3 -10.399 3.1598
189.65 -10.5251 3.17826 0.000618089 189.3 -10.399 3.1598
189.533 -11.0033 3.16545 4.89899e-08 189.3 -10.399 3.1598
189.161 -11.1215 3.14976 1.07662e-11 189.3 -10.399 3.1598
189.371 -9.90678 3.16992 3.8759e-05 189.3 -10.399 3.1598
189.071 -9.94662 3.17435 3.73866e-09 189.3 -10.399 3.1598
189.698 -10.6348 3.15931 8.3799e-06 189.3 -10.399 3.1598
189.536 -10.0061 3.1537 5.23107e-09 189.3 -10.399 3.1598
189.029 -10.3808 3.13766 3.84994e-12 189.3 -10.399 3.1598
189.413 -10.1336 3.15862 0.00100128 189.3 -10.399 3.1598
189.821 -10.2952 3.14802 9.70881e-17 189.3 -10.399 3.1598
188.986 -10.6855 3.17136 2.50512e-08 189.3 -10.399 3.1598
189.448 -10.3158 3.17256 0.0555836 189.3 -10.399 3.1598
189.21 -9.88713 3.1611 3.49713e-06 189.3 -10.399 3.1598
189.516 -10.0582 3.16857 0.00542108 189.3 -10.399 3.1598
189.883 -10.7769 3.15806 3.05733e-11 189.3 -10.399 3.1598
189.741 -10.4398 3.14707 4.81557e-15 189.3 -10.399 3.1598
189.787 -10.8589 3.15731 9.01553e-11 189.3 -10.399 3.1598
188.978 -10.3721 3.16653 0.00018525 189.3 -10.399 3.1598
189.295 -10.1218 3.1703 0.00410327 189.3 -10.399 3.1598
189.016 -10.1945 3.146 2.09631e-07 189.3 -10.399 3.1598
189.465 -10.702 3.17126 0.000999849 189.3 -10.399 3.1598
189.608 -10.1949 3.17331 0.0251562 189.3 -10.399 3.1598
189.123 -10.0509 3.17069 1.42279e-05 189.3 -10.399 3.1598
189.245 -10.1483 3.16602 0.0145651 189.3 -10.399 3.1598
189.631 -10.3538 3.15186 1.30289e-08 189.3 -10.399 3.1598
189.949 -10.6142 3.17781 6.16797e-06 189.3 -10.399 3.1598
189.648 -10.5327 3.17668 0.00183245 189.3 -10.399 3.1598
189.792 -10.6458 3.16466 2.57046e-05 189.3 -10.399 3.1598
189.52 -10.3099 3.17288 0.0678003 189.3 -10.399 3.1598
189.509 -9.84736 3.15502 1.40427e-10 189.3 -10.399 3.1598
189.882 -9.89441 3.15253 9.1768e-19 189.3 -10.399 3.1598
189.474 -10.3279 3.15258 7.95054e-06 189.3 -10.399 3.1598
188.933 -10.3263 3.16906 2.90544e-06 189.3 -10.399 3.1598
189.535 -10.542 3.15964 0.00355604 189.3 -10.399 3.1598
189.42 -10.4083 3.15633 0.00357986 189.3 -10.399 3.1598
189.653 -10.0655 3.1603 5.58147e-06 189.3 -10.399 3.1598
189.972 -10.3336 3.16682 2.08634e-06 189.3 -10.399 3.1598
188.845 -10.5829 3.163 5.66211e-06 189.3 -10.399 3.1598
189.41 -10.653 3.15505 0.000222822 189.3 -10.399 3.1598
190.385 -10.7469 3.15119 5.31937e-34 189.3 -10.399 3.1598
189.522 -10.7475 3.18139 1.5991e-08 189.3 -10.399 3.1598
189.427 -10.2547 3.15246 9.51453e-06 189.3 -10.399 3.1598
