-14.4263 -2.22695 0.553592 0.0227217
-14.5134 -2.58597 0.549469 0.00206295
-14.4762 -2.49871 0.531586 8.03537e-07
-14.2562 -2.04215 0.546854 0.0207481
-14.4272 -2.07524 0.564367 6.46391e-09
-14.2641 -2.40572 0.554251 0.00141338
-14.1587 -2.56401 0.544986 0.000224422
-14.5356 -2.27058 0.539111 0.0330881
-13.9055 -2.44958 0.553047 4.60136e-09
-14.371 -2.39949 0.549384 0.0778965
-14.8454 -2.44104 0.5405 3.68346e-07
-13.9395 -2.09525 0.529283 7.67954e-05
-14.1894 -2.09777 0.564201 2.38417e-11
-14.1136 -2.18228 0.552624 6.93565e-05
-14.0545 -2.63061 0.524662 2.16996e-12
-13.7376 -2.3912 0.539347 4.56801e-09
-13.5791 -2.21152 0.557621 1.44903e-21
-14.9624 -2.07477 0.550605 3.74414e-07
-14.1172 -1.79229 0.541443 3.35138e-05
-13.3028 -2.05288 0.541491 5.40154e-23
-14.2144 -2.09491 0.548951 0.00678238
-14.0275 -1.29389 0.542867 2.84457e-19
-14.1577 -1.50736 0.551058 3.81967e-15
-14.5201 -2.4289 0.558926 0.000838231
-14.683 -2.47387 0.54232 0.000228624
-14.2361 -2.16386 0.559927 4.86468e-07
-14.3687 -1.92635 0.562523 1.95556e-10
-13.8205 -2.16495 0.533616 4.51172e-06
-14.6139 -2.75189 0.537138 2.63193e-10
-14.4586 -2.12598 0.557963 0.000164667
-14.3925 -2.25271 0.568146 4.29301e-10
-14.5766 -2.30798 0.548676 0.111881
-14.7391 -2.51672 0.553964 0.000411261
-14.5129 -2.14559 0.538882 0.0711971
-13.792 -2.11581 0.55656 1.94255e-14
-14.4713 -2.6287 0.52089 4.31726e-17
-14.4303 -1.9174 0.540534 0.0155351
-14.4403 -2.03627 0.55507 0.000328747
-14.4344 -1.94251 0.561289 7.92376e-09
-14.0342 -2.39265 0.550252 2.8784e-05
-14.3376 -2.22096 0.564399 3.07223e-08
-13.8429 -2.18101 0.569153 2.49158e-23
-13.9783 -2.39722 0.551295 1.2889e-06
-13.992 -2.13437 0.530685 0.000446469
-14.1019 -2.27451 0.548645 0.00160877
-14.2364 -1.99754 0.530277 0.00408313
-14.1723 -2.22418 0.539931 0.0962201
-14.1516 -1.97142 0.541936 0.00755693
-14.3584 -2.34418 0.556434 0.00186998
-14.1456 -2.49462 0.553848 2.79027e-05
-14.2496 -2.50982 0.52971 7.48461e-07
-14.093 -2.14335 0.535661 0.0179119
-14.5916 -1.72855 0.545334 1.72563e-06
-14.2285 -2.58042 0.579637 6.41165e-22
-14.4894 -2.25428 0.555425 0.0101488
-14.1119 -2.28655 0.534754 0.00596229
-13.8419 -2.29142 0.539992 2.98779e-06
-14.761 -1.61263 0.540389 1.48884e-10
-13.861 -2.19419 0.537457 2.0402e-05
-14.3256 -1.84867 0.54552 0.000606738
-14.0233 -1.7893 0.540335 4.8888e-06
-14.7399 -1.87403 0.543089 1.31006e-05
-14.2744 -2.11219 0.550512 0.00921256
-14.6544 -1.90544 0.530965 1.01205e-06
-14.8996 -1.81149 0.532733 7.80789e-12
-14.3251 -2.323 0.554071 0.00722198
-14.6692 -1.93596 0.558851 2.06825e-07
-14.2113 -1.86945 0.572913 1.64011e-23
-14.9597 -2.46344 0.531574 4.41514e-15
-14.4542 -2.38515 0.545311 0.149254
-14.0807 -2.1446 0.549334 0.000275582
-14.5485 -2.71676 0.537457 1.11691e-08
-13.7657 -1.47043 0.527466 4.37606e-14
-14.1108 -1.90311 0.53032 0.000733598
-14.7817 -1.91564 0.538133 1.68946e-06
-14.0429 -2.51218 0.54343 5.3336e-05
-14.4159 -2.43289 0.568878 1.40749e-09
-14.4685 -2.42252 0.55319 0.0250697
-14.0103 -2.46044 0.545317 4.52046e-05
-14.4126 -2.59921 0.533196 2.74672e-07
-14.8102 -2.01303 0.527278 2.91375e-11
-14.8843 -2.01567 0.554941 5.99234e-07
-14.5557 -2.59486 0.543293 0.00017652
-14.6046 -2.20484 0.539886 0.0176096
-14.5563 -2.35245 0.565989 5.34e-07
-14.4343 -2.03595 0.543808 0.126689
-13.9177 -2.09069 0.541498 5.24059e-05
-14.4789 -2.24052 0.550495 0.143348
-13.8415 -2.31731 0.560441 1.0525e-14
-14.2041 -2.59211 0.542661 0.000164243
-14.4877 -2.23376 0.53185 0.000529997
-14.5998 -2.07129 0.533694 0.000338098
-14.7303 -2.50613 0.540683 6.922e-06
-14.6115 -2.41417 0.563043 2.46166e-05
-14.0583 -1.47522 0.529875 1.3191e-10
-14.3103 -2.23429 0.553573 0.00637587
-14.2551 -1.6643 0.547005 3.82524e-08
-13.9887 -2.27679 0.545362 0.000206633
-13.9636 -2.29649 0.538101 0.000348414
-14.0258 -2.43392 0.533943 3.413e-05
