15.2556 -91.6352 3.57976 1.3555e-06 15.206 -92.063 3.6019
14.7792 -92.4104 3.59083 0.0133794 15.206 -92.063 3.6019
14.9096 -91.8749 3.59477 0.0120403 15.206 -92.063 3.6019
14.2166 -91.6301 3.59532 9.8428e-10 15.206 -92.063 3.6019
15.6461 -91.7903 3.60311 0.000846281 15.206 -92.063 3.6019
14.7201 -91.6922 3.56759 9.70714e-08 15.206 -92.063 3.6019
14.4817 -91.8468 3.57509 1.76392e-05 15.206 -92.063 3.6019
14.8006 -91.8243 3.59535 0.00262192 15.206 -92.063 3.6019
14.7434 -91.535 3.58179 1.47011e-06 15.206 -92.063 3.6019
14.6526 -91.9738 3.60694 2.44812e-05 15.206 -92.063 3.6019
14.7873 -92.1493 3.57684 0.00819753 15.206 -92.063 3.6019
14.9184 -92.2306 3.57386 0.0046151 15.206 -92.063 3.6019
15.2371 -92.0665 3.57845 0.000795228 15.206 -92.063 3.6019
15.0472 -91.8265 3.59987 0.0135013 15.206 -92.063 3.6019
14.8204 -92.0716 3.58994 0.0292329 15.206 -92.063 3.6019
14.198 -91.5645 3.60346 7.30788e-12 15.206 -92.063 3.6019
15.2682 -91.5594 3.597 0.000260318 15.206 -92.063 3.6019
14.9247 -91.6152 3.5766 1.65837e-06 15.206 -92.063 3.6019
14.9331 -91.4592 3.60168 1.99486e-05 15.206 -92.063 3.6019
14.9302 -91.878 3.59284 0.0140145 15.206 -92.063 3.6019
15.1482 -91.5486 3.60011 0.000379349 15.206 -92.063 3.6019
14.9369 -91.9626 3.59462 0.0296213 15.206 -92.063 3.6019
15.791 -92.0977 3.61149 0.000386023 15.206 -92.063 3.6019
15.2296 -91.4882 3.60441 0.000171195 15.206 -92.063 3.6019
15.0236 -91.079 3.61432 1.1039e-09 15.206 -92.063 3.6019
14.6813 -92.3253 3.59254 0.00496485 15.206 -92.063 3.6019
15.164 -92.0643 3.5889 0.0435346 15.206 -92.063 3.6019
14.899 -91.2953 3.58869 3.444e-08 15.206 -92.063 3.6019
15.2302 -91.5625 3.58907 3.23748e-05 15.206 -92.063 3.6019
14.512 -91.8027 3.60382 1.54761e-06 15.206 -92.063 3.6019
14.7933 -91.8505 3.579 0.000520501 15.206 -92.063 3.6019
15.052 -91.7907 3.59751 0.0101588 15.206 -92.063 3.6019
14.5627 -91.8765 3.62063 2.47417e-10 15.206 -92.063 3.6019
14.931 -91.7081 3.59842 0.0017378 15.206 -92.063 3.6019
15.4326 -91.9524 3.57783 7.78103e-06 15.206 -92.063 3.6019
14.8245 -91.5733 3.60248 4.60934e-05 15.206 -92.063 3.6019
15.145 -91.6495 3.60558 0.00179174 15.206 -92.063 3.6019
14.4857 -92.343 3.59024 0.000361919 15.206 -92.063 3.6019
14.6058 -92.1033 3.59987 0.000234054 15.206 -92.063 3.6019
15.0214 -91.5324 3.5959 0.000128833 15.206 -92.063 3.6019
14.6408 -92.4013 3.61104 1.23839e-07 15.206 -92.063 3.6019
15.53 -91.525 3.59079 1.05372e-06 15.206 -92.063 3.6019
14.9656 -92.2699 3.58864 0.0819488 15.206 -92.063 3.6019
15.1023 -92.4166 3.58312 0.0258796 15.206 -92.063 3.6019
15.5568 -92.2092 3.61303 0.00154834 15.206 -92.063 3.6019
14.946 -92.3173 3.59409 0.0459049 15.206 -92.063 3.6019
15.1094 -92.3351 3.60352 0.0108657 15.206 -92.063 3.6019
15.0088 -92.1478 3.58403 0.0427657 15.206 -92.063 3.6019
15.0637 -91.2412 3.62265 1.06078e-08 15.206 -92.063 3.6019
15.1138 -91.8806 3.58523 0.00421687 15.206 -92.063 3.6019
15.0125 -91.8435 3.60265 0.00928082 15.206 -92.063 3.6019
14.5777 -91.9621 3.59702 0.00022462 15.206 -92.063 3.6019
15.1599 -92.13 3.59257 0.0875899 15.206 -92.063 3.6019
14.5436 -91.546 3.59992 3.20307e-07 15.206 -92.063 3.6019
15.3075 -91.8265 3.59636 0.0106646 15.206 -92.063 3.6019
15.1432 -92.0042 3.61745 0.000307781 15.206 -92.063 3.6019
15.4046 -91.4344 3.60746 5.70657e-05 15.206 -92.063 3.6019
15.435 -92.0148 3.58321 0.000284539 15.206 -92.063 3.6019
15.449 -92.0963 3.58468 0.00079492 15.206 -92.063 3.6019
15.3906 -92.2306 3.59348 0.0233042 15.206 -92.063 3.6019
14.7603 -91.1221 3.60048 2.85118e-10 15.206 -92.063 3.6019
15.1184 -91.5564 3.59649 0.000282633 15.206 -92.063 3.6019
14.4556 -91.4021 3.58938 4.69633e-09 15.206 -92.063 3.6019
14.8767 -91.8568 3.59985 0.00477396 15.206 -92.063 3.6019
15.0006 -91.9882 3.58939 0.0370641 15.206 -92.063 3.6019
15.8504 -91.7188 3.59515 5.66071e-07 15.206 -92.063 3.6019
14.9683 -91.7774 3.59493 0.00572088 15.206 -92.063 3.6019
14.6177 -91.676 3.59993 1.26069e-05 15.206 -92.063 3.6019
14.687 -92.7269 3.60206 4.96762e-07 15.206 -92.063 3.6019
15.5249 -92.2827 3.6128 0.000993613 15.206 -92.063 3.6019
15.2518 -92.5681 3.59263 0.00567743 15.206 -92.063 3.6019
15.4881 -92.0708 3.57836 1.30236e-05 15.206 -92.063 3.6019
15.0847 -91.8081 3.5714 1.98035e-06 15.206 -92.063 3.6019
15.0955 -91.622 3.59619 0.00089651 15.206 -92.063 3.6019
15.4277 -91.4169 3.60137 1.42349e-05 15.206 -92.063 3.6019
15.0959 -91.9009 3.59551 0.0322825 15.206 -92.063 3.6019
14.9185 -91.6508 3.60036 0.000600824 15.206 -92.063 3.6019
14.5711 -92.4619 3.61526 2.38466e-10 15.206 -92.063 3.6019
15.5404 -91.751 3.59297 0.00015491 15.206 -92.063 3.6019
15.5031 -91.9777 3.60499 0.0137914 15.206 -92.063 3.6019
14.5575 -92.2819 3.5748 0.0030214 15.206 -92.063 3.6019
15.0534 -91.2003 3.59013 3.63572e-09 15.206 -92.063 3.6019
15.3804 -92.1792 3.59091 0.0176289 15.206 -92.063 3.6019
15.3413 -92.2284 3.59904 0.0422445 15.206 -92.063 3.6019
14.7213 -91.7422 3.60492 5.10922e-05 15.206 -92.063 3.6019
15.1726 -92.1929 3.59721 0.0852058 15.206 -92.063 3.6019
15.0238 -91.9066 3.58349 0.00476146 15.206 -92.063 3.6019
15.1589 -91.5263 3.58651 7.69129e-06 15.206 -92.063 3.6019
14.6675 -92.0658 3.60898 1.17778e-05 15.206 -92.063 3.6019
15.2377 -91.9007 3.60685 0.0190713 15.206 -92.063 3.6019
14.4789 -91.4691 3.59289 4.09458e-08 15.206 -92.063 3.6019
15.0898 -92.0818 3.59455 0.087988 15.206 -92.063 3.6019
14.2432 -91.5907 3.5961 8.51955e-10 15.206 -92.063 3.6019
14.7212 -91.6082 3.58634 2.20536e-05 15.206 -92.063 3.6019
15.3325 -91.9562 3.58517 0.00160765 15.206 -92.063 3.6019
15.0654 -92.4184 3.57517 0.00422005 15.206 -92.063 3.6019
14.4806 -91.4151 3.58698 8.8088e-09 15.206 -92.063 3.6019
15.111 -91.9545 3.60022 0.0426528 15.206 -92.063 3.6019
14.9483 -92.0635 3.5882 0.0495814 15.206 -92.063 3.6019
15.4942 -92.1598 3.58386 0.00035241 15.206 -92.063 3.6019
