32.9077 10.7615 0.167994 1.1556e-07 33.044 10.711 0.14799
32.8886 11.3743 0.169164 3.42087e-06 33.044 10.711 0.14799
32.6508 10.9965 0.151332 1.2709e-05 33.044 10.711 0.14799
33.2213 10.538 0.161614 4.90586e-08 33.044 10.711 0.14799
32.5609 11.1637 0.138315 9.83025e-20 33.044 10.711 0.14799
32.8597 10.6989 0.172914 2.06201e-12 33.044 10.711 0.14799
33.3145 11.3981 0.141926 5.17059e-10 33.044 10.711 0.14799
32.4812 10.6048 0.144812 1.84715e-14 33.044 10.711 0.14799
32.8471 10.7982 0.156066 0.0239288 33.044 10.711 0.14799
33.2254 10.9475 0.144546 0.0296133 33.044 10.711 0.14799
33.2683 11.4005 0.148354 3.15215e-07 33.044 10.711 0.14799
32.1522 11.3703 0.139713 3.03383e-38 33.044 10.711 0.14799
32.8764 10.4417 0.142345 3.16596e-07 33.044 10.711 0.14799
33.0424 10.777 0.146045 0.0827639 33.044 10.711 0.14799
32.9991 10.8306 0.140031 2.57179e-05 33.044 10.711 0.14799
33.3559 11.0143 0.140135 0.000200932 33.044 10.711 0.14799
32.8711 10.7836 0.138413 1.10494e-08 33.044 10.711 0.14799
32.968 11.1707 0.159045 0.0444636 33.044 10.711 0.14799
33.3741 11.2123 0.144695 4.82376e-05 33.044 10.711 0.14799
32.8353 10.957 0.16067 0.00204865 33.044 10.711 0.14799
32.7635 10.8781 0.156175 0.0037058 33.044 10.711 0.14799
32.8333 10.5823 0.167013 1.39512e-08 33.044 10.711 0.14799
32.707 10.7937 0.158989 0.000602458 33.044 10.711 0.14799
33.1547 11.0323 0.150675 0.0289126 33.044 10.711 0.14799
32.6319 11.4927 0.170609 5.50031e-09 33.044 10.711 0.14799
32.6339 11.0522 0.153643 2.17878e-05 33.044 10.711 0.14799
32.6548 10.9898 0.163707 0.0013201 33.044 10.711 0.14799
32.96 11.0686 0.165126 0.0121498 33.044 10.711 0.14799
33.4165 10.9643 0.155059 5.85622e-05 33.044 10.711 0.14799
32.956 10.4912 0.140339 2.30607e-06 33.044 10.711 0.14799
33.3211 11.049 0.130338 6.05471e-12 33.044 10.711 0.14799
33.0593 11.4105 0.150177 5.28865e-07 33.044 10.711 0.14799
32.9041 10.9822 0.152497 0.014215 33.044 10.711 0.14799
32.8561 10.9153 0.137633 1.07309e-10 33.044 10.711 0.14799
33.8126 11.646 0.151285 4.69141e-21 33.044 10.711 0.14799
32.6228 11.3258 0.153641 6.84003e-09 33.044 10.711 0.14799
32.7982 10.5642 0.133378 2.40805e-15 33.044 10.711 0.14799
33.2924 10.2188 0.131741 1.35784e-10 33.044 10.711 0.14799
32.9834 11.4832 0.146589 4.6439e-11 33.044 10.711 0.14799
33.0918 10.7619 0.143079 0.0229249 33.044 10.711 0.14799
33.4205 10.9288 0.156545 1.26787e-05 33.044 10.711 0.14799
32.5676 10.5285 0.144205 1.02347e-12 33.044 10.711 0.14799
33.1673 10.9811 0.161312 5.69273e-05 33.044 10.711 0.14799
33.4207 11.2162 0.141483 1.72957e-06 33.044 10.711 0.14799
32.8487 11.1551 0.146632 4.42548e-06 33.044 10.711 0.14799
33.3866 10.7092 0.147258 0.0939353 33.044 10.711 0.14799
33.5824 11.0699 0.141074 2.8481e-06 33.044 10.711 0.14799
32.7728 11.1761 0.144577 5.81075e-09 33.044 10.711 0.14799
32.4827 10.9901 0.158351 1.0637e-06 33.044 10.711 0.14799
32.7577 11.0575 0.170863 6.43912e-05 33.044 10.711 0.14799
32.6717 11.7373 0.154981 1.28039e-17 33.044 10.711 0.14799
33.0683 11.0232 0.159626 0.00137 33.044 10.711 0.14799
32.8463 10.9316 0.135373 2.05872e-13 33.044 10.711 0.14799
32.3794 10.801 0.144719 6.90696e-18 33.044 10.711 0.14799
32.8606 9.9952 0.149363 5.19167e-16 33.044 10.711 0.14799
32.2317 10.6443 0.156375 8.22557e-16 33.044 10.711 0.14799
33.5156 11.2179 0.166371 1.29047e-18 33.044 10.711 0.14799
32.811 10.5947 0.131793 1.08013e-16 33.044 10.711 0.14799
33.1141 10.7639 0.14199 0.0126272 33.044 10.711 0.14799
33.1982 10.5206 0.146278 0.0352259 33.044 10.711 0.14799
33.0725 10.496 0.167487 4.20524e-12 33.044 10.711 0.14799
32.2513 11.2504 0.162461 7.45203e-13 33.044 10.711 0.14799
33.1487 10.6628 0.159936 0.000140663 33.044 10.711 0.14799
33.2053 11.5173 0.148991 8.79438e-10 33.044 10.711 0.14799
32.4198 10.9281 0.160906 1.5675e-07 33.044 10.711 0.14799
33.5003 10.942 0.166445 3.12419e-16 33.044 10.711 0.14799
32.882 11.6435 0.14442 1.11368e-18 33.044 10.711 0.14799
33.2551 10.775 0.147389 0.503857 33.044 10.711 0.14799
32.9472 10.6861 0.170567 5.86184e-11 33.044 10.711 0.14799
33.2122 11.536 0.147501 6.61171e-11 33.044 10.711 0.14799
32.8437 10.3345 0.149863 3.37199e-07 33.044 10.711 0.14799
33.6545 10.8957 0.163836 4.3402e-18 33.044 10.711 0.14799
33.222 10.7714 0.175521 3.93602e-21 33.044 10.711 0.14799
32.9834 11.5627 0.157113 7.27246e-09 33.044 10.711 0.14799
33.0114 10.7796 0.14564 0.032968 33.044 10.711 0.14799
33.5454 11.4412 0.137071 9.73484e-15 33.044 10.711 0.14799
33.362 10.686 0.154536 0.000800063 33.044 10.711 0.14799
32.9636 10.6078 0.121585 4.72211e-26 33.044 10.711 0.14799
32.9934 10.9976 0.126821 2.71068e-21 33.044 10.711 0.14799
33.1905 10.91 0.13049 3.18796e-11 33.044 10.711 0.14799
33.2465 10.4263 0.151478 0.0002896 33.044 10.711 0.14799
33.2185 11.0041 0.150147 0.0407293 33.044 10.711 0.14799
33.0813 10.9518 0.168506 3.2979e-09 33.044 10.711 0.14799
33.115 10.1871 0.163294 4.17356e-16 33.044 10.711 0.14799
32.7543 11.5716 0.161436 1.4142e-09 33.044 10.711 0.14799
33.5498 10.7756 0.138243 0.00120584 33.044 10.711 0.14799
32.9925 11.3375 0.152539 4.58932e-05 33.044 10.711 0.14799
33.1433 10.6946 0.140744 0.0073626 33.044 10.711 0.14799
33.4249 10.6484 0.151196 0.00208533 33.044 10.711 0.14799
33.376 10.8503 0.157597 2.64135e-05 33.044 10.711 0.14799
32.3735 10.3575 0.159846 2.72646e-15 33.044 10.711 0.14799
33.2311 11.3639 0.141738 2.06973e-09 33.044 10.711 0.14799
33.6457 10.8088 0.157462 2.55284e-11 33.044 10.711 0.14799
33.1578 10.8577 0.16743 1.97809e-09 33.044 10.711 0.14799
32.7105 10.9785 0.153704 0.000123199 33.044 10.711 0.14799
32.5263 11.2728 0.150362 5.75329e-12 33.044 10.711 0.14799
33.1966 10.3622 0.159514 2.69954e-09 33.044 10.711 0.14799
33.386 10.5357 0.133943 3.89305e-05 33.044 10.711 0.14799
32.3093 10.7842 0.156575 1.62665e-12 33.044 10.711 0.14799
32.4018 11.0839 0.156686 1.57541e-09 33.044 10.711 0.14799
