186.234 -9.11812 3.18136 2.16156e-29
186.077 -10.1367 3.21547 4.67482e-26
186.233 -10.0586 3.19462 8.0792e-07
186.477 -9.97191 3.18481 1.54543e-12
185.701 -9.74086 3.1844 0.000102676
186.181 -9.29409 3.18898 8.71945e-19
185.857 -10.4476 3.20253 1.79276e-14
185.81 -9.91452 3.19481 8.38683e-06
186.392 -10.4089 3.20633 2.59413e-18
186.427 -9.59969 3.19238 1.02786e-14
185.189 -9.32601 3.20527 2.66911e-38
185.733 -9.18841 3.20922 8.55897e-33
185.987 -9.91145 3.18655 0.00117238
186.331 -10.2117 3.17513 1.69845e-12
185.539 -10.2829 3.18111 0.50104
185.915 -9.94836 3.18418 0.0100303
186.359 -9.92736 3.20465 1.11318e-13
186.319 -9.62619 3.18824 1.61493e-12
185.691 -9.74293 3.17344 7.69719e-07
185.663 -9.89555 3.18552 0.00778702
186.374 -9.96475 3.17984 4.61344e-12
185.852 -9.52784 3.18492 1.9576e-09
185.336 -10.1786 3.1894 5.99577e-07
186.123 -9.69764 3.20388 1.32794e-13
186.041 -8.98022 3.18268 2.32265e-31
186.007 -9.70744 3.1917 4.57962e-07
185.325 -9.80018 3.18239 2.93815e-06
185.979 -9.94646 3.20261 1.03124e-10
186.285 -10.057 3.19748 1.60222e-08
186.218 -10.2673 3.20551 1.60952e-14
186.115 -9.535 3.20836 7.27155e-20
185.42 -9.64039 3.1881 1.14184e-09
186.664 -10.3569 3.18511 2.49662e-18
186.537 -10.0169 3.1852 6.91695e-14
185.739 -10.0957 3.19504 9.88181e-06
185.68 -10.1429 3.19501 3.06269e-06
185.395 -9.72093 3.20224 1.80773e-20
185.652 -9.36916 3.18464 9.58598e-14
185.941 -9.72563 3.20358 2.23659e-13
186.045 -9.35946 3.19584 5.3656e-16
186.137 -10.3117 3.19398 2.19649e-06
185.367 -9.84446 3.20009 2.10454e-17
186.01 -10.2201 3.18611 0.0110185
185.851 -9.47371 3.20357 3.81108e-18
185.944 -9.87652 3.22817 2.02691e-50
185.905 -9.9138 3.21011 1.6049e-19
184.921 -9.63052 3.18658 9.53375e-21
186.704 -10.4074 3.19984 6.88046e-20
185.9 -10.488 3.1839 0.00216682
186.156 -9.04243 3.20331 6.79228e-30
185.915 -9.663 3.18988 4.80834e-07
185.801 -9.642 3.18818 6.12407e-07
185.981 -9.56938 3.20101 1.4309e-13
186.265 -9.54001 3.18339 7.06609e-15
185.856 -9.83711 3.18532 0.00134009
186.474 -9.56207 3.18128 5.16591e-21
186.581 -10.1482 3.18513 7.52607e-15
185.653 -9.73961 3.19301 1.1169e-07
185.973 -9.253 3.20838 5.07301e-27
185.989 -10.1144 3.16998 4.94614e-08
185.961 -9.15001 3.17182 4.47945e-30
186.173 -9.8536 3.19254 9.48169e-07
186.099 -10.0372 3.19852 1.53739e-07
185.204 -9.52356 3.18112 1.27708e-13
185.884 -9.61952 3.20042 1.2453e-12
186.054 -10.0187 3.18907 0.0010415
186.563 -9.74949 3.19678 2.2438e-15
186.142 -9.81764 3.19874 4.7352e-09
185.744 -10.1467 3.21065 3.38713e-23
185.774 -9.81503 3.19477 7.57728e-07
186.471 -10.3563 3.18531 4.16816e-12
185.686 -10.3227 3.19848 2.87897e-10
185.897 -9.87506 3.19234 8.69513e-05
185.7 -9.47351 3.1919 5.05362e-12
186.46 -10.249 3.19596 2.43088e-11
186.323 -9.86677 3.19143 1.04615e-08
186.028 -9.81622 3.19563 4.98203e-07
186.027 -9.74294 3.17635 2.48058e-09
185.501 -9.69214 3.21772 9.3789e-42
185.924 -9.80083 3.18734 0.000151213
186.27 -9.52022 3.19139 1.50476e-13
185.542 -9.98227 3.19142 1.56903e-05
185.694 -9.90378 3.19072 0.000242434
185.753 -9.50075 3.18977 1.92643e-10
185.837 -10.1729 3.17995 0.274974
185.666 -10.1847 3.19121 0.000688217
186.506 -9.96038 3.18433 1.09855e-13
186.229 -9.9199 3.19075 1.18655e-06
185.388 -9.59522 3.18861 2.63135e-11
186.03 -9.05173 3.17842 2.29064e-30
185.966 -10.0612 3.18744 0.0140178
186.091 -9.61906 3.16324 3.9152e-26
185.926 -10.3688 3.17496 0.000804096
185.813 -9.41889 3.18175 1.0083e-12
185.648 -10.4446 3.17809 0.171989
185.713 -9.56626 3.18405 3.09289e-08
185.542 -9.35776 3.19107 2.70174e-16
185.793 -9.616 3.19284 8.5485e-09
185.99 -10.2424 3.19075 0.00129781
186.637 -9.64251 3.19622 8.43465e-19
