209.695 26.002 0.0655579 3.80272e-10
209.813 25.6464 0.0619137 2.05891e-10
209.032 25.8309 0.0612275 0.008799
209.701 25.7607 0.0510178 4.8054e-11
209.572 25.8324 0.065137 3.64927e-06
208.852 25.3774 0.0613235 0.000522199
209.282 25.8673 0.056296 6.41427e-05
209.443 26.1783 0.0868388 7.14763e-16
209.565 25.8375 0.0677795 3.26653e-06
208.733 25.9829 0.0602864 7.9769e-07
209.297 25.749 0.0548791 9.27531e-05
209.347 26.0593 0.070431 7.64348e-06
209.007 25.9476 0.0750129 0.00194289
208.659 25.5744 0.0633803 0.000104415
209.37 25.7315 0.0725308 0.00129058
210.058 25.3501 0.0830669 3.70952e-27
209.141 25.7137 0.0557572 0.000711998
209.564 25.9474 0.071354 1.08134e-07
209.339 25.3677 0.0731607 0.000155793
209.572 25.4881 0.0659017 8.15043e-06
209.169 25.7185 0.0787692 0.00123081
209.205 24.9548 0.0869365 1.05288e-16
209.692 25.7442 0.0828226 4.59767e-14
208.864 25.2972 0.0622258 0.000185407
208.88 26.0568 0.062601 1.30616e-05
209.796 25.6461 0.0589491 2.81469e-10
209.323 25.3123 0.0719162 0.000119051
209.196 26.443 0.0618369 2.43268e-13
209.446 25.9484 0.0593884 4.37722e-06
209.336 25.7358 0.0555823 0.000119383
209.174 25.4511 0.100906 1.33075e-21
209.372 25.5003 0.0657037 0.0047368
209.155 25.9596 0.0707566 0.00311274
209.873 25.82 0.0592074 9.09323e-13
209.564 25.5838 0.0536149 1.99249e-07
208.948 25.6696 0.0747988 0.0651877
209.273 26.5522 0.0620764 7.22465e-17
208.921 25.9572 0.0654259 0.00170675
208.946 25.7568 0.0711289 0.120699
208.846 25.4374 0.0776293 0.00114525
209.004 25.3686 0.0825714 6.12309e-06
209.096 25.7309 0.0511233 2.52101e-06
209.569 25.6768 0.0603891 9.03093e-06
208.716 25.632 0.0585686 1.75056e-05
208.953 26.1804 0.0713134 2.33599e-06
209.303 26.0725 0.0677108 1.97647e-05
208.936 25.6873 0.0504274 1.76772e-07
209.3 25.4159 0.0867622 3.33349e-10
208.828 25.3523 0.064425 0.000946294
209.499 25.97 0.0812244 1.87863e-10
209.089 25.537 0.0805431 0.00042779
209.37 25.9113 0.0778507 2.5978e-06
209.136 25.3633 0.0805279 1.6148e-05
209.328 25.2477 0.0557451 1.60872e-06
209.066 25.2046 0.0802261 4.80102e-07
209.484 25.8262 0.0634908 7.75376e-05
209.531 25.6507 0.0534473 4.4255e-07
209.015 25.9225 0.0746991 0.00395046
208.851 26.4136 0.0666967 2.66051e-12
209.021 25.7676 0.0733796 0.0772099
209.216 25.9246 0.0490329 5.65833e-09
209.431 25.8692 0.0782963 5.27992e-07
209.619 25.3807 0.0570973 4.45165e-08
209.12 25.5717 0.0861252 3.92055e-07
209.217 26.2081 0.0558803 9.72034e-10
209.142 25.655 0.074177 0.0522482
209.235 25.702 0.0900143 8.08944e-11
209.2 25.6512 0.0714559 0.0855185
209.228 26.2709 0.0628529 5.42968e-09
208.931 25.6051 0.0430399 4.27492e-13
208.974 25.7713 0.0864701 8.4319e-07
208.657 25.8017 0.0780672 6.66485e-05
208.982 25.0802 0.0603497 2.25468e-07
208.838 25.5821 0.0662196 0.0374142
209.198 26.1182 0.065293 1.35582e-05
208.516 26.0436 0.0586851 6.12262e-12
209.485 25.5908 0.0661189 0.000362991
209.313 25.8252 0.0696867 0.00523755
209.105 25.4917 0.0710862 0.10009
209.714 25.614 0.0601686 2.47265e-08
209.76 26.2132 0.0738848 1.49028e-16
208.862 26.1807 0.0629521 1.00656e-07
209.053 25.43 0.0633179 0.0327671
209.374 25.5632 0.0571485 0.000352892
209.045 25.7591 0.0595937 0.0086082
209.453 25.6862 0.0801089 2.07587e-07
209.418 26.4448 0.0888009 1.08181e-22
208.908 25.5469 0.0533511 6.37298e-06
208.422 25.4434 0.0613174 2.56599e-10
208.817 25.9483 0.0578451 2.00426e-06
209 25.3242 0.0498575 1.4691e-08
209.588 25.6086 0.0365428 3.48844e-19
208.676 25.8581 0.070816 0.000295615
209.871 25.3329 0.0721993 4.6251e-15
208.999 25.5766 0.0687324 0.29909
208.953 25.8344 0.0784607 0.00198726
209.175 25.8398 0.0682209 0.0415365
209.382 25.4259 0.076651 1.13179e-05
209.477 25.6169 0.0690163 0.000287553
209.177 25.8125 0.0710561 0.0394416
