58.2043 14.2617 0.144556 0.000332161 57.728 14.365 0.14511
57.6485 14.8044 0.160559 5.99529e-08 57.728 14.365 0.14511
57.8972 14.3407 0.145902 0.162429 57.728 14.365 0.14511
57.9125 14.566 0.134808 1.54431e-05 57.728 14.365 0.14511
57.5628 14.8022 0.145836 8.69906e-06 57.728 14.365 0.14511
57.984 14.7603 0.143657 2.94096e-05 57.728 14.365 0.14511
58.1096 13.95 0.145402 1.70234e-05 57.728 14.365 0.14511
57.5198 14.3239 0.153958 0.00325216 57.728 14.365 0.14511
57.6449 14.2837 0.14982 0.07352 57.728 14.365 0.14511
58.2363 14.5091 0.153755 5.90997e-08 57.728 14.365 0.14511
58.3297 14.5769 0.137432 2.06311e-06 57.728 14.365 0.14511
57.8553 14.8889 0.162821 1.36569e-11 57.728 14.365 0.14511
58.0119 14.7279 0.138085 2.17549e-06 57.728 14.365 0.14511
57.8439 14.3831 0.151743 0.024936 57.728 14.365 0.14511
58.0375 14.7114 0.128674 5.76354e-12 57.728 14.365 0.14511
57.6196 14.256 0.154024 0.00413687 57.728 14.365 0.14511
57.8676 13.9691 0.13658 0.000201928 57.728 14.365 0.14511
57.9379 14.1821 0.143606 0.0580183 57.728 14.365 0.14511
58.2603 14.3039 0.136005 1.55362e-05 57.728 14.365 0.14511
57.4195 14.0031 0.153923 1.77469e-06 57.728 14.365 0.14511
57.7349 14.0374 0.1565 2.92262e-06 57.728 14.365 0.14511
57.8968 15.0326 0.123036 9.47358e-26 57.728 14.365 0.14511
58.1862 14.0006 0.157267 4.46498e-12 57.728 14.365 0.14511
57.59 14.435 0.152968 0.0142821 57.728 14.365 0.14511
58.2046 14.5729 0.14265 3.29613e-05 57.728 14.365 0.14511
57.7337 14.8232 0.153385 1.27608e-05 57.728 14.365 0.14511
57.9995 14.6798 0.151733 5.95577e-05 57.728 14.365 0.14511
57.7855 13.8511 0.147981 1.31048e-05 57.728 14.365 0.14511
58.19 14.1102 0.123587 7.43367e-12 57.728 14.365 0.14511
57.5852 14.4201 0.145267 0.0418921 57.728 14.365 0.14511
57.9323 14.1996 0.144248 0.0716677 57.728 14.365 0.14511
58.1361 14.9852 0.131377 3.21804e-16 57.728 14.365 0.14511
57.9323 14.4473 0.150094 0.0177944 57.728 14.365 0.14511
57.6114 13.9455 0.160788 2.41709e-10 57.728 14.365 0.14511
58.0965 14.7529 0.132659 5.3111e-10 57.728 14.365 0.14511
58.1842 14.683 0.139982 1.51134e-06 57.728 14.365 0.14511
57.8853 14.7794 0.13892 1.54332e-06 57.728 14.365 0.14511
57.7164 14.285 0.161832 1.87431e-07 57.728 14.365 0.14511
57.8262 14.3083 0.143295 0.208988 57.728 14.365 0.14511
57.66 14.5794 0.147671 0.0203845 57.728 14.365 0.14511
57.0319 14.4528 0.137998 4.99214e-15 57.728 14.365 0.14511
58.534 14.2931 0.151404 2.33659e-11 57.728 14.365 0.14511
57.6273 14.7484 0.158044 4.26003e-06 57.728 14.365 0.14511
57.87 14.288 0.141448 0.109602 57.728 14.365 0.14511
57.996 15.0804 0.147795 2.25932e-11 57.728 14.365 0.14511
57.8463 14.6265 0.14198 0.00228713 57.728 14.365 0.14511
57.9688 14.6153 0.142012 0.00139686 57.728 14.365 0.14511
58.3057 14.4315 0.153601 7.92183e-08 57.728 14.365 0.14511
57.8958 14.4654 0.146366 0.0812556 57.728 14.365 0.14511
58.2277 14.1516 0.130483 2.33135e-07 57.728 14.365 0.14511
57.8464 14.7758 0.139704 3.77816e-06 57.728 14.365 0.14511
57.7586 14.7797 0.151744 9.60509e-05 57.728 14.365 0.14511
57.5322 14.8675 0.129756 2.33382e-17 57.728 14.365 0.14511
57.9277 14.5159 0.1509 0.00668016 57.728 14.365 0.14511
57.413 14.6831 0.155852 1.23173e-05 57.728 14.365 0.14511
57.8017 14.4612 0.134185 3.93838e-05 57.728 14.365 0.14511
57.5944 14.1093 0.146509 0.0105729 57.728 14.365 0.14511
57.5718 14.7642 0.15937 6.71121e-07 57.728 14.365 0.14511
57.666 14.561 0.158851 4.06478e-05 57.728 14.365 0.14511
58.2386 14.8842 0.157071 1.10915e-12 57.728 14.365 0.14511
57.7109 14.5626 0.148728 0.0338938 57.728 14.365 0.14511
58.044 15.3177 0.142902 1.56816e-19 57.728 14.365 0.14511
57.783 14.437 0.135377 0.000228525 57.728 14.365 0.14511
58.4746 14.0496 0.136227 1.76819e-08 57.728 14.365 0.14511
58.2301 15.0443 0.148597 2.74054e-12 57.728 14.365 0.14511
58.077 14.793 0.172329 2.3082e-23 57.728 14.365 0.14511
58.4708 14.6996 0.154241 2.67484e-13 57.728 14.365 0.14511
57.8317 14.4335 0.137052 0.00212968 57.728 14.365 0.14511
58.068 14.4075 0.142897 0.010671 57.728 14.365 0.14511
58.1461 14.9863 0.158053 4.83725e-14 57.728 14.365 0.14511
57.8053 14.3946 0.162643 3.66883e-08 57.728 14.365 0.14511
58.2063 13.7571 0.144863 1.18261e-09 57.728 14.365 0.14511
58.0492 14.4848 0.136207 0.000176201 57.728 14.365 0.14511
58.1308 14.7973 0.148558 3.12045e-07 57.728 14.365 0.14511
57.1231 14.5079 0.140411 1.87633e-11 57.728 14.365 0.14511
57.7462 14.6847 0.148328 0.00287335 57.728 14.365 0.14511
57.8901 14.7512 0.139873 1.03316e-05 57.728 14.365 0.14511
57.4172 13.9369 0.144124 2.90448e-06 57.728 14.365 0.14511
58.1503 14.343 0.160277 7.6165e-11 57.728 14.365 0.14511
58.1005 14.1618 0.132176 1.39064e-05 57.728 14.365 0.14511
57.6535 14.0341 0.147228 0.0037866 57.728 14.365 0.14511
57.7482 14.5713 0.140652 0.00269218 57.728 14.365 0.14511
57.7099 14.5108 0.138852 0.00136026 57.728 14.365 0.14511
57.7302 14.5137 0.135253 2.70781e-05 57.728 14.365 0.14511
57.5053 14.1358 0.146071 0.00345119 57.728 14.365 0.14511
58.5282 14.703 0.154755 5.73497e-15 57.728 14.365 0.14511
58.3167 14.9154 0.171572 9.74875e-27 57.728 14.365 0.14511
57.2253 14.8549 0.138947 1.00654e-14 57.728 14.365 0.14511
58.1972 14.2208 0.119671 8.91703e-16 57.728 14.365 0.14511
58.3795 14.5132 0.157217 1.61369e-11 57.728 14.365 0.14511
57.181 14.2582 0.15894 9.90238e-09 57.728 14.365 0.14511
57.9698 14.0972 0.139082 0.00596693 57.728 14.365 0.14511
57.7719 14.7473 0.153132 0.000122255 57.728 14.365 0.14511
58.3278 14.6788 0.140886 4.58628e-07 57.728 14.365 0.14511
58.3648 14.7518 0.122678 1.14932e-14 57.728 14.365 0.14511
58.6823 15.0453 0.157331 3.53337e-26 57.728 14.365 0.14511
57.723 14.6641 0.14118 0.00031539 57.728 14.365 0.14511
58.0678 14.5767 0.138912 0.000170079 57.728 14.365 0.14511
57.8419 14.4214 0.13794 0.00587388 57.728 14.365 0.14511
57.7365 14.396 0.153727 0.0121898 57.728 14.365 0.14511
