55.914 -54.788 3.90774 1.2169e-05 55.625 -54.945 3.9031
55.5216 -55.2474 3.90912 0.0001537 55.625 -54.945 3.9031
55.8019 -55.3082 3.89624 2.05894e-05 55.625 -54.945 3.9031
55.3505 -54.4363 3.91371 1.85388e-11 55.625 -54.945 3.9031
54.9139 -54.8235 3.89706 5.98594e-10 55.625 -54.945 3.9031
55.4465 -54.7866 3.89387 0.000505381 55.625 -54.945 3.9031
54.8072 -54.9367 3.91337 6.89098e-20 55.625 -54.945 3.9031
55.2702 -55.0331 3.91832 1.75356e-11 55.625 -54.945 3.9031
55.5534 -54.2925 3.90426 3.51765e-13 55.625 -54.945 3.9031
55.4451 -54.9017 3.91163 0.00062034 55.625 -54.945 3.9031
55.3441 -54.9741 3.91093 0.000142201 55.625 -54.945 3.9031
55.8994 -54.5804 3.92376 7.73666e-14 55.625 -54.945 3.9031
55.5627 -54.603 3.92597 3.08164e-15 55.625 -54.945 3.9031
55.9378 -54.5823 3.91323 2.62842e-09 55.625 -54.945 3.9031
55.5887 -54.3947 3.90786 8.40278e-10 55.625 -54.945 3.9031
55.2139 -54.7469 3.91587 2.3583e-10 55.625 -54.945 3.9031
55.1087 -54.9753 3.92493 2.64018e-22 55.625 -54.945 3.9031
56.0384 -54.446 3.88471 6.60763e-30 55.625 -54.945 3.9031
55.5294 -55.1107 3.90762 0.0199584 55.625 -54.945 3.9031
55.1424 -54.5979 3.91873 1.2095e-15 55.625 -54.945 3.9031
55.4702 -54.6625 3.88877 3.00696e-09 55.625 -54.945 3.9031
55.8845 -54.9489 3.90073 0.00014133 55.625 -54.945 3.9031
55.7508 -54.8422 3.92878 7.09637e-17 55.625 -54.945 3.9031
55.5218 -54.3955 3.89653 3.09341e-12 55.625 -54.945 3.9031
54.9004 -54.691 3.91551 2.83163e-19 55.625 -54.945 3.9031
55.6808 -54.8888 3.91069 0.00330541 55.625 -54.945 3.9031
56.1272 -54.7967 3.89869 1.76011e-12 55.625 -54.945 3.9031
55.3895 -54.9948 3.90225 0.244873 55.625 -54.945 3.9031
55.6434 -55.3302 3.90637 9.18166e-05 55.625 -54.945 3.9031
56.0084 -55.5493 3.91296 9.84835e-17 55.625 -54.945 3.9031
55.19 -54.4804 3.91468 1.06917e-13 55.625 -54.945 3.9031
55.4165 -54.9751 3.92101 2.34324e-11 55.625 -54.945 3.9031
55.5669 -54.9919 3.9139 0.000108311 55.625 -54.945 3.9031
55.8423 -54.084 3.89541 5.75483e-29 55.625 -54.945 3.9031
54.9423 -55.0729 3.90729 2.84068e-11 55.625 -54.945 3.9031
55.2279 -54.8624 3.90233 0.00160181 55.625 -54.945 3.9031
56.0301 -55.0191 3.91371 8.29032e-09 55.625 -54.945 3.9031
55.4972 -54.5786 3.91014 4.02667e-06 55.625 -54.945 3.9031
55.6902 -54.913 3.90184 0.0578356 55.625 -54.945 3.9031
56.1752 -54.4451 3.90914 3.19474e-17 55.625 -54.945 3.9031
55.1222 -54.9835 3.91959 1.02195e-15 55.625 -54.945 3.9031
55.74 -55.1279 3.90853 0.00148161 55.625 -54.945 3.9031
55.1751 -54.9327 3.90872 4.65348e-06 55.625 -54.945 3.9031
55.0328 -54.974 3.9234 1.14808e-22 55.625 -54.945 3.9031
55.4492 -54.4921 3.9091 7.34392e-08 55.625 -54.945 3.9031
55.3244 -55.1254 3.88715 0.00018051 55.625 -54.945 3.9031
55.5608 -54.9712 3.89685 0.144286 55.625 -54.945 3.9031
55.5491 -54.9496 3.91099 0.00400395 55.625 -54.945 3.9031
55.9064 -54.374 3.90679 2.47539e-13 55.625 -54.945 3.9031
55.3249 -54.9006 3.89502 0.011831 55.625 -54.945 3.9031
55.9438 -55.031 3.91104 2.76312e-06 55.625 -54.945 3.9031
55.1787 -54.5269 3.91259 6.18834e-12 55.625 -54.945 3.9031
55.5909 -55.0162 3.9201 2.40679e-09 55.625 -54.945 3.9031
55.1359 -55.0162 3.90432 5.26075e-05 55.625 -54.945 3.9031
55.408 -55.2654 3.91785 4.38281e-12 55.625 -54.945 3.9031
55.5042 -55.2025 3.89702 0.134981 55.625 -54.945 3.9031
55.868 -55.2419 3.92754 1.2288e-17 55.625 -54.945 3.9031
55.655 -54.2112 3.90159 2.62153e-17 55.625 -54.945 3.9031
55.3733 -54.9125 3.92244 4.43902e-13 55.625 -54.945 3.9031
55.0274 -55.0084 3.90629 3.38709e-08 55.625 -54.945 3.9031
55.3823 -54.966 3.91251 5.14479e-05 55.625 -54.945 3.9031
55.3293 -54.9664 3.91381 1.7094e-06 55.625 -54.945 3.9031
55.8546 -55.2834 3.88867 2.79992e-08 55.625 -54.945 3.9031
55.4785 -54.665 3.9079 0.000259513 55.625 -54.945 3.9031
55.3561 -55.1057 3.8999 0.186465 55.625 -54.945 3.9031
55.2313 -54.9015 3.89631 0.0033062 55.625 -54.945 3.9031
55.336 -54.6888 3.90861 2.83216e-05 55.625 -54.945 3.9031
56.1159 -54.5739 3.9101 8.26482e-13 55.625 -54.945 3.9031
55.0433 -54.8582 3.90814 6.17143e-09 55.625 -54.945 3.9031
55.3822 -54.48 3.91456 1.66746e-10 55.625 -54.945 3.9031
55.6039 -55.0771 3.90666 0.0599328 55.625 -54.945 3.9031
55.2499 -54.7865 3.90862 2.11546e-05 55.625 -54.945 3.9031
55.4901 -55.3528 3.89325 0.00163164 55.625 -54.945 3.9031
55.865 -54.5234 3.90642 6.38507e-09 55.625 -54.945 3.9031
55.2228 -54.6786 3.91055 9.17206e-08 55.625 -54.945 3.9031
55.7045 -54.6679 3.9084 0.00013027 55.625 -54.945 3.9031
55.766 -55.8247 3.89483 3.19539e-17 55.625 -54.945 3.9031
55.5936 -54.1512 3.93059 4.00306e-28 55.625 -54.945 3.9031
55.5158 -54.7051 3.9051 0.00279691 55.625 -54.945 3.9031
55.5096 -54.668 3.90386 0.000835623 55.625 -54.945 3.9031
55.5767 -54.7075 3.88258 2.26275e-14 55.625 -54.945 3.9031
55.8915 -54.4632 3.91434 4.15304e-11 55.625 -54.945 3.9031
55.3907 -54.6579 3.89034 3.23516e-08 55.625 -54.945 3.9031
55.2912 -53.9815 3.89502 2.14367e-31 55.625 -54.945 3.9031
55.5399 -54.6627 3.92652 1.5543e-15 55.625 -54.945 3.9031
55.612 -54.6375 3.91004 5.628e-05 55.625 -54.945 3.9031
55.4789 -54.846 3.90237 0.111389 55.625 -54.945 3.9031
55.2051 -54.5974 3.91314 1.78273e-10 55.625 -54.945 3.9031
55.0883 -54.5435 3.91062 9.61087e-13 55.625 -54.945 3.9031
55.4588 -54.7611 3.92057 3.46518e-10 55.625 -54.945 3.9031
56.0288 -54.505 3.89141 1.58095e-20 55.625 -54.945 3.9031
55.6581 -54.7435 3.90581 0.00391457 55.625 -54.945 3.9031
55.5859 -54.5629 3.91386 2.51311e-07 55.625 -54.945 3.9031
55.4797 -55.3256 3.90372 0.00116543 55.625 -54.945 3.9031
55.2103 -54.8187 3.89933 0.000525927 55.625 -54.945 3.9031
55.5773 -54.3098 3.9046 1.41089e-12 55.625 -54.945 3.9031
55.1103 -55.2397 3.91759 5.42044e-17 55.625 -54.945 3.9031
55.5507 -54.7611 3.91134 0.000567837 55.625 -54.945 3.9031
55.9543 -55.0783 3.90271 1.00663e-05 55.625 -54.945 3.9031
55.3834 -54.7962 3.90918 0.000711842 55.625 -54.945 3.9031
