-15.1816 -92.1723 2.8395 3.35251e-07
-15.1106 -92.463 2.85204 0.000606141
-15.4422 -92.059 2.85258 0.000940777
-15.3684 -92.5834 2.86985 1.19842e-05
-14.9761 -92.9286 2.84466 4.00863e-10
-15.1804 -92.7004 2.84979 0.000399841
-15.4387 -92.3245 2.85094 0.0633881
-15.4994 -92.527 2.85768 0.0477168
-15.5381 -92.6316 2.86856 1.06193e-05
-15.4998 -92.1513 2.85234 0.00865124
-15.899 -92.3985 2.84384 0.0202867
-15.325 -91.9117 2.85094 5.14109e-06
-15.8987 -92.4988 2.84739 0.0234967
-15.0241 -92.2584 2.87195 3.65281e-08
-15.4409 -92.6234 2.85053 0.0621989
-16.2274 -92.5112 2.84535 1.44815e-05
-15.7675 -92.4653 2.85871 0.00290003
-15.2481 -92.8223 2.86628 1.45774e-05
-15.2522 -92.1616 2.8504 0.000621963
-15.5084 -92.7379 2.84777 0.0167489
-15.2577 -92.2548 2.83991 1.23313e-05
-16.1147 -92.1195 2.86851 3.39425e-14
-15.0175 -92.6603 2.86017 4.1262e-05
-15.2697 -92.7374 2.84922 0.00127407
-15.3028 -92.3081 2.84739 0.00464312
-15.3465 -92.2959 2.84669 0.0068775
-15.4039 -92.4333 2.85702 0.0458273
-15.4412 -92.4823 2.85001 0.110598
-15.867 -92.0301 2.85696 4.25567e-06
-15.1835 -92.3148 2.85424 0.00202318
-15.2778 -92.0119 2.86702 1.54376e-07
-15.5767 -91.99 2.85472 0.000133854
-15.1952 -92.4169 2.85779 0.00395721
-15.3505 -92.0523 2.85032 0.00032029
-14.9457 -92.5424 2.85861 1.36597e-05
-15.4003 -92.6526 2.85049 0.0326176
-15.1571 -92.7287 2.87485 1.63764e-08
-15.7463 -92.6081 2.83822 0.00353856
-16.0108 -92.5918 2.83526 0.00016313
-15.6885 -91.8511 2.84862 4.35569e-06
-14.9069 -92.3964 2.8474 7.90965e-08
-15.5798 -92.0892 2.86655 5.47528e-07
-16.2158 -92.8627 2.87218 1.95383e-18
-15.0631 -92.3802 2.85527 0.000235712
-14.8842 -92.236 2.86999 7.99112e-09
-15.562 -92.5283 2.8542 0.126117
-15.4124 -91.8943 2.86104 4.34048e-07
-15.4021 -93.0969 2.86258 2.27777e-07
-16.1108 -92.1775 2.86677 1.7179e-12
-15.4287 -91.7954 2.86389 1.67724e-09
-15.2251 -92.0428 2.85722 3.17967e-05
-15.1034 -92.5064 2.86905 7.49239e-06
-15.5848 -92.7515 2.86541 3.84199e-05
-15.7965 -91.9835 2.83184 3.04936e-07
-15.8047 -92.7799 2.86565 4.21826e-07
-15.1927 -92.9345 2.84367 1.88168e-07
-15.2118 -91.9973 2.84041 5.23416e-08
-15.4695 -92.6034 2.87008 4.87585e-06
-14.8338 -92.6592 2.84936 5.77167e-09
-15.906 -92.863 2.83864 3.73033e-05
-15.4396 -92.3901 2.8447 0.0226089
-15.0012 -92.5575 2.85589 5.55357e-05
-15.1696 -93.0684 2.86889 3.43606e-09
-14.9969 -92.9977 2.83767 8.04498e-14
-15.7816 -92.0816 2.84788 0.00153887
-15.9575 -92.6138 2.85765 7.12178e-05
-15.5345 -92.135 2.84619 0.00537258
-16.0179 -91.6952 2.87597 2.49057e-24
-15.2615 -92.3887 2.85124 0.0105173
-15.9114 -92.5431 2.85023 0.0105046
-15.183 -92.3683 2.851 0.00190463
-14.983 -92.0601 2.85439 2.10178e-07
-15.6834 -92.5768 2.83978 0.0100225
-15.2765 -92.3293 2.8545 0.0110094
-15.5948 -92.1256 2.8625 4.03173e-05
-15.6632 -92.6542 2.84214 0.0149978
-15.2912 -92.5727 2.86003 0.00729345
-15.6449 -92.1984 2.84029 0.0032231
-15.6054 -92.7693 2.86213 0.000315785
-15.5099 -92.3518 2.84873 0.104867
-15.7591 -92.3786 2.861 0.000449019
-15.3184 -92.5245 2.8526 0.0342698
-15.4692 -92.2631 2.86625 4.79945e-05
-16.0776 -92.7121 2.86599 1.28529e-10
-15.4411 -93.2432 2.83204 9.44022e-15
-15.6743 -92.631 2.86857 1.3718e-06
-15.3863 -92.3417 2.85972 0.00947711
-15.3041 -92.6258 2.85121 0.0136622
-15.5683 -92.2945 2.81683 7.49001e-16
-15.4788 -91.6224 2.86609 9.48873e-14
-15.7192 -92.1073 2.85709 0.00027127
-15.5602 -92.3527 2.84817 0.123379
-15.9487 -92.6159 2.84171 0.00388484
-15.466 -92.7363 2.86705 3.12412e-05
-15.3084 -92.6458 2.84884 0.00692278
-15.5154 -92.4693 2.85998 0.0164446
-15.8032 -92.7363 2.83351 2.25665e-05
-15.2065 -92.5758 2.84505 0.00025407
-15.1443 -92.168 2.86834 7.49463e-07
-16.0363 -92.4464 2.8643 1.46498e-08
