266.482 26.3746 5.78226 4.62215e-08
266.285 26.1684 5.78275 5.41623e-06
266.918 25.5485 5.74786 1.90183e-07
266.446 25.6504 5.76574 0.00166868
266.449 26.3857 5.75594 1.3072e-07
266.093 26.0244 5.7765 2.36433e-06
266.947 25.9929 5.78577 4.30248e-10
266.495 25.8429 5.76548 0.0631943
266.656 25.683 5.7579 0.00355926
265.936 25.5864 5.77376 1.92318e-11
265.769 25.8542 5.76662 2.59396e-15
265.954 25.9407 5.7575 1.33346e-12
266.599 25.984 5.76388 0.130937
266.24 25.8357 5.76163 4.03611e-05
266.241 25.7616 5.75354 7.13041e-08
266.753 26.4209 5.75351 2.02597e-07
266.013 25.9275 5.78444 2.34349e-08
266.465 25.9539 5.76933 0.0635114
265.915 25.9887 5.7569 4.74388e-14
266.794 25.4586 5.77666 5.26106e-08
266.641 25.6948 5.77648 0.000995291
266.495 25.9328 5.8013 2.47601e-13
266.083 25.9258 5.77237 2.67159e-06
266.213 25.0914 5.77924 9.26722e-18
265.971 25.9644 5.76538 9.94509e-10
265.973 26.4194 5.78132 1.27441e-13
266.078 25.9611 5.75335 5.34087e-11
266.049 25.5672 5.74489 8.06631e-19
266.797 26.193 5.76522 0.00180156
266.959 25.8652 5.76218 0.00173172
266.319 25.5594 5.78527 1.5242e-07
266.392 26.5357 5.75984 1.87757e-10
266.668 25.9542 5.76477 0.1525
266.66 25.6858 5.77201 0.00449427
266.432 26.2139 5.76983 0.000939204
266.389 25.7576 5.79331 1.34188e-08
266.414 26.085 5.77015 0.0098585
266.489 25.6644 5.76815 0.00474707
266.903 26.0486 5.77404 6.57485e-05
266.307 25.869 5.75751 5.52088e-05
266.787 25.9758 5.77871 0.000131585
265.95 25.6638 5.76968 1.12748e-10
266.629 26.2395 5.76789 0.00166833
266.028 25.8174 5.767 3.26198e-08
266.698 25.7609 5.77094 0.0158543
266.388 25.7502 5.77797 0.00121567
266.46 26.0446 5.7881 2.60941e-06
266.355 25.9859 5.78061 0.000659359
266.147 25.8046 5.77634 1.65153e-05
266.602 26.0169 5.76979 0.0786953
266.394 25.9106 5.74329 2.64184e-09
266.662 25.5312 5.75659 2.91189e-05
265.86 25.6229 5.78338 7.06009e-13
266.673 25.8159 5.75992 0.0530792
266.583 25.6619 5.75907 0.00217264
266.483 25.2816 5.78042 4.25943e-11
266.402 25.8983 5.79134 2.81665e-07
266.337 25.8911 5.76306 0.00226558
266.247 26.2183 5.74798 3.57943e-11
265.809 25.8067 5.77044 2.31503e-13
266.63 26.0622 5.76469 0.0723956
266.446 25.8916 5.75687 0.00209815
266.402 25.2145 5.76283 1.99572e-12
266.312 25.8264 5.75707 3.66728e-05
266.421 25.8298 5.7642 0.0150433
266.434 25.7858 5.78174 0.000414045
266.159 25.7758 5.75883 1.4248e-07
266.932 25.7103 5.77697 1.03848e-06
266.6 25.79 5.76691 0.0764894
266.173 26.151 5.76898 5.51848e-06
266.311 25.587 5.77337 2.97645e-05
266.271 25.7185 5.74552 2.94652e-11
266.542 26.2229 5.7742 0.000609548
266.047 25.6404 5.74627 4.23883e-17
266.515 25.3847 5.78202 3.13258e-09
266.239 25.9279 5.76422 0.000166463
266.333 25.9691 5.76677 0.00492849
266.418 25.51 5.74403 5.25697e-12
266.19 25.9191 5.77526 0.000132292
265.838 25.9668 5.78821 1.43683e-12
265.747 25.9298 5.77409 1.98093e-14
266.929 25.5914 5.76603 1.72871e-05
266.396 25.5408 5.74932 2.25412e-09
266.56 25.6031 5.76161 0.000830009
265.988 25.687 5.76543 2.53766e-10
266.6 25.9662 5.75737 0.0284366
266.165 25.9851 5.76079 1.46003e-06
265.969 25.9911 5.76265 1.60324e-10
266.199 25.9408 5.76133 9.7984e-06
266.382 25.3301 5.76398 1.48569e-09
266.348 26.039 5.76899 0.00537494
266.635 25.8955 5.76969 0.106595
266.344 26.3647 5.76713 1.23968e-06
265.69 26.0139 5.75317 6.80619e-24
266.198 25.4695 5.77627 2.05838e-08
266.434 25.9576 5.77242 0.0307439
265.705 25.5925 5.75335 2.98266e-25
266.807 25.8902 5.77041 0.0101332
266.295 25.9315 5.76026 0.000198956
266.536 25.8027 5.7633 0.0494062
