46.2298 12.9086 0.153864 0.000935013 46.385 12.799 0.14354
45.9038 12.7047 0.14166 1.24584e-06 46.385 12.799 0.14354
45.9804 13.0728 0.167669 3.63363e-13 46.385 12.799 0.14354
46.2051 13.419 0.149161 1.64473e-10 46.385 12.799 0.14354
46.0613 13.2978 0.149868 1.65816e-08 46.385 12.799 0.14354
46.5514 13.4013 0.141056 4.92205e-11 46.385 12.799 0.14354
46.8069 12.4275 0.145056 8.9621e-06 46.385 12.799 0.14354
45.9069 12.7212 0.143285 5.82388e-06 46.385 12.799 0.14354
45.9133 12.4045 0.125995 4.22474e-19 46.385 12.799 0.14354
45.8589 12.5339 0.150495 4.88202e-06 46.385 12.799 0.14354
46.1216 12.4766 0.146395 0.00464541 46.385 12.799 0.14354
45.5766 12.6729 0.173864 1.95069e-20 46.385 12.799 0.14354
46.1416 12.9902 0.153844 0.000157399 46.385 12.799 0.14354
45.9731 13.0847 0.13773 2.79879e-11 46.385 12.799 0.14354
46.3179 12.5653 0.153397 0.00109002 46.385 12.799 0.14354
46.3874 12.9683 0.141527 0.00431776 46.385 12.799 0.14354
46.0386 12.6598 0.14437 0.00201705 46.385 12.799 0.14354
46.3473 13.1165 0.153064 5.06508e-06 46.385 12.799 0.14354
46.0882 12.6521 0.113746 2.54264e-31 46.385 12.799 0.14354
46.047 13.1451 0.1639 3.62323e-11 46.385 12.799 0.14354
45.814 12.9222 0.14893 2.64781e-07 46.385 12.799 0.14354
45.9425 13.0411 0.151949 2.68114e-06 46.385 12.799 0.14354
46.0653 12.9881 0.145892 9.97145e-05 46.385 12.799 0.14354
46.6378 12.5724 0.139587 0.098242 46.385 12.799 0.14354
46.2834 12.573 0.149372 0.0438766 46.385 12.799 0.14354
46.4433 12.9333 0.138278 0.00263428 46.385 12.799 0.14354
46.2879 12.5539 0.170621 2.45735e-19 46.385 12.799 0.14354
46.4126 12.4875 0.145516 0.0790486 46.385 12.799 0.14354
46.0516 12.9898 0.156755 9.21548e-06 46.385 12.799 0.14354
46.1666 13.0387 0.151045 0.000200929 46.385 12.799 0.14354
45.8616 13.7449 0.162135 2.4369e-23 46.385 12.799 0.14354
45.951 13.005 0.153183 7.38179e-06 46.385 12.799 0.14354
46.1388 12.7394 0.141171 0.00446696 46.385 12.799 0.14354
46.0569 12.7794 0.151576 0.00325131 46.385 12.799 0.14354
45.8418 13.1721 0.148727 3.40316e-10 46.385 12.799 0.14354
46.5356 13.0306 0.148256 0.000134098 46.385 12.799 0.14354
45.8588 12.593 0.157616 4.63248e-07 46.385 12.799 0.14354
45.8772 12.7975 0.140496 3.62453e-08 46.385 12.799 0.14354
46.0308 12.9482 0.147616 0.000199588 46.385 12.799 0.14354
45.5638 12.9504 0.165838 2.10426e-14 46.385 12.799 0.14354
46.718 13.3436 0.130283 1.36059e-13 46.385 12.799 0.14354
46.1503 12.5762 0.144657 0.0281118 46.385 12.799 0.14354
45.7108 12.6203 0.152613 2.60946e-08 46.385 12.799 0.14354
46.3411 12.8142 0.142738 0.132641 46.385 12.799 0.14354
46.0122 12.87 0.158182 1.01188e-05 46.385 12.799 0.14354
46.1591 13.0488 0.155408 1.31126e-05 46.385 12.799 0.14354
46.3173 12.9821 0.150923 0.00135609 46.385 12.799 0.14354
46.1067 13.1874 0.141025 4.27919e-09 46.385 12.799 0.14354
45.7207 12.6215 0.147883 1.28545e-08 46.385 12.799 0.14354
45.9927 12.8819 0.129718 1.18659e-14 46.385 12.799 0.14354
46.1695 13.1109 0.143877 6.55297e-06 46.385 12.799 0.14354
46.2911 12.9324 0.162223 4.19718e-09 46.385 12.799 0.14354
46.6503 13.095 0.156336 5.88819e-11 46.385 12.799 0.14354
45.7186 13.0327 0.146716 2.98464e-11 46.385 12.799 0.14354
46.0698 12.8314 0.15726 5.88987e-05 46.385 12.799 0.14354
46.2136 13.0015 0.165192 1.94424e-11 46.385 12.799 0.14354
46.3172 13.4612 0.138443 5.07919e-13 46.385 12.799 0.14354
46.0706 13.0424 0.151561 4.60635e-05 46.385 12.799 0.14354
46.0863 13.3243 0.138959 6.69157e-11 46.385 12.799 0.14354
46.4617 13.1248 0.153642 3.65618e-07 46.385 12.799 0.14354
46.2745 13.2775 0.15301 4.74507e-08 46.385 12.799 0.14354
45.7443 12.3928 0.139094 6.01784e-13 46.385 12.799 0.14354
46.1011 12.8321 0.153835 0.001338 46.385 12.799 0.14354
45.8479 12.724 0.145676 2.26562e-06 46.385 12.799 0.14354
46.6714 12.7195 0.151375 1.56884e-05 46.385 12.799 0.14354
46.0061 12.6078 0.139553 1.68621e-05 46.385 12.799 0.14354
46.152 12.654 0.154682 0.00106985 46.385 12.799 0.14354
46.0055 12.4497 0.155085 4.95346e-06 46.385 12.799 0.14354
46.0493 12.7494 0.150176 0.00472829 46.385 12.799 0.14354
46.0683 12.3976 0.142162 9.19075e-05 46.385 12.799 0.14354
46.1845 13.0637 0.16405 8.50889e-11 46.385 12.799 0.14354
45.9068 12.9504 0.137126 4.20588e-11 46.385 12.799 0.14354
46.4641 13.2464 0.150698 9.19362e-08 46.385 12.799 0.14354
46.4383 12.8616 0.145993 0.0620098 46.385 12.799 0.14354
45.5494 13.003 0.151119 9.43199e-14 46.385 12.799 0.14354
46.4219 12.7244 0.135532 0.0145504 46.385 12.799 0.14354
46.3272 12.9212 0.151074 0.00427114 46.385 12.799 0.14354
46.5552 12.7316 0.133293 0.00459043 46.385 12.799 0.14354
45.9209 12.8728 0.141393 2.457e-07 46.385 12.799 0.14354
46.6333 12.6573 0.15305 4.45398e-06 46.385 12.799 0.14354
45.9138 12.3523 0.14957 5.34448e-07 46.385 12.799 0.14354
46.4605 12.7536 0.141356 0.290987 46.385 12.799 0.14354
46.7715 12.6968 0.154764 6.91658e-10 46.385 12.799 0.14354
46.558 13.1429 0.156102 6.13039e-10 46.385 12.799 0.14354
45.8534 12.3086 0.138863 4.6135e-11 46.385 12.799 0.14354
46.2599 12.8338 0.150528 0.0239362 46.385 12.799 0.14354
46.4153 12.9447 0.15151 0.000849398 46.385 12.799 0.14354
46.3275 13.2453 0.137328 6.23608e-08 46.385 12.799 0.14354
46.1926 12.81 0.152515 0.00747064 46.385 12.799 0.14354
45.5778 12.5521 0.167984 1.28012e-16 46.385 12.799 0.14354
46.0034 12.9965 0.144196 4.3859e-06 46.385 12.799 0.14354
46.0163 12.5102 0.145692 0.000498535 46.385 12.799 0.14354
46.3944 12.5307 0.139737 0.175137 46.385 12.799 0.14354
46.7595 12.8583 0.142353 0.000603031 46.385 12.799 0.14354
46.6657 12.9039 0.130682 7.18238e-06 46.385 12.799 0.14354
45.4627 12.4753 0.145611 1.03796e-17 46.385 12.799 0.14354
46.5217 12.7312 0.160104 8.72503e-10 46.385 12.799 0.14354
46.1939 13.0049 0.142273 0.000176524 46.385 12.799 0.14354
46.0553 12.9978 0.142777 7.94142e-06 46.385 12.799 0.14354
46.3541 12.4979 0.15523 1.97426e-05 46.385 12.799 0.14354
