-29.6418 -15.6089 0.940166 1.80105e-19
-30.0553 -15.0822 0.960074 1.3276e-13
-29.8038 -14.8306 0.956418 2.05927e-10
-28.9326 -15.2805 0.952222 2.61314e-05
-29.4803 -15.1771 0.950973 0.131374
-29.4632 -15.2445 0.966455 9.07792e-06
-29.6332 -15.5894 0.945124 1.71599e-12
-29.3528 -15.7152 0.952327 2.55063e-07
-29.5349 -15.1242 0.941078 2.40025e-07
-30.1011 -15.455 0.953162 1.14323e-14
-29.8022 -15.064 0.958682 3.61846e-07
-29.7135 -15.2718 0.959379 0.000464007
-29.7189 -15.5337 0.972597 5.24922e-10
-29.1696 -15.6129 0.950327 8.41756e-07
-28.9486 -15.2414 0.96581 1.68333e-11
-29.0361 -15.1992 0.956706 0.000390882
-28.9593 -14.8208 0.953941 6.40074e-09
-28.9485 -15.6854 0.963431 3.10161e-10
-28.7648 -15.6815 0.94818 9.69163e-17
-29.2387 -15.5239 0.964162 0.000242529
-29.7912 -15.2779 0.959571 2.12451e-05
-29.6302 -15.5797 0.951657 1.07228e-06
-29.0556 -15.0796 0.952446 0.00200577
-29.7786 -15.3667 0.945568 1.18178e-08
-30.1821 -15.1808 0.974206 7.55085e-25
-29.3421 -15.2244 0.946977 0.0145174
-29.0559 -14.8043 0.967318 9.19782e-21
-29.4188 -15.5622 0.94142 1.85024e-13
-29.4324 -15.4213 0.980163 6.70602e-20
-29.2088 -15.3222 0.960597 0.00694901
-29.1848 -15.3781 0.955845 0.0430359
-29.591 -14.6667 0.943673 5.89502e-09
-29.3915 -14.8985 0.951691 0.00409806
-29.1704 -15.1358 0.957827 0.00407346
-29.4153 -15.2687 0.974302 5.38736e-14
-29.6089 -14.8217 0.935217 1.33248e-11
-29.1172 -15.7357 0.946738 3.93524e-13
-29.0289 -15.4288 0.959648 3.67198e-05
-29.4297 -15.1253 0.939475 1.20269e-07
-28.9709 -15.5336 0.963955 1.21436e-08
-29.623 -15.5926 0.971664 2.4116e-08
-29.5805 -15.2225 0.955596 0.0575181
-29.6557 -15.2245 0.948829 0.000926153
-29.9204 -15.5344 0.96922 5.52284e-11
-29.3355 -15.4075 0.935803 3.23531e-16
-29.5103 -14.9397 0.943856 6.73005e-05
-28.9784 -15.2138 0.949409 0.000179927
-29.8867 -15.1924 0.958191 1.27661e-07
-29.3117 -15.3054 0.957706 0.266285
-28.8565 -14.7361 0.927375 5.93384e-20
-29.2958 -15.028 0.947559 0.0436654
-29.5814 -15.5568 0.963709 0.000792947
-29.6489 -15.4857 0.949532 3.60244e-05
-29.2678 -15.1841 0.960862 0.00271822
-29.5334 -15.283 0.948542 0.00240384
-29.8691 -15.2217 0.945501 5.70503e-10
-29.4123 -15.2216 0.942637 1.19001e-05
-29.501 -15.4869 0.947082 1.13986e-06
-29.3454 -15.1007 0.937131 3.82388e-09
-29.181 -15.0775 0.95238 0.0505268
-29.481 -14.6928 0.95158 2.21829e-07
-29.2727 -15.6519 0.958149 0.000292321
-29.3476 -15.3423 0.960127 0.0891137
-29.4047 -15.0797 0.972998 2.10971e-16
-29.1061 -15.4836 0.954915 0.000775815
-29.3461 -15.7445 0.963536 1.63686e-05
-29.3529 -15.4101 0.936537 2.37274e-15
-29.2939 -15.2875 0.938339 3.58219e-10
-29.3083 -15.8982 0.949533 4.4862e-15
-29.4972 -15.7932 0.964133 3.05969e-06
-29.6114 -15.0348 0.967153 4.85219e-10
-29.3123 -15.291 0.964404 0.000282025
-29.1072 -15.4447 0.948425 3.02405e-05
-29.8421 -15.3232 0.972714 2.80845e-13
-29.5199 -15.5896 0.950833 3.67595e-06
-29.5118 -15.6963 0.953476 8.26712e-07
-29.5759 -15.3079 0.943785 1.99886e-07
-29.448 -15.3406 0.959183 0.176963
-29.2879 -15.7835 0.962612 2.21401e-06
-29.1795 -15.5319 0.951845 0.000183657
-29.6399 -15.5317 0.960799 0.00111225
-29.4003 -15.5641 0.962725 0.00391275
-29.062 -15.7731 0.955777 2.1302e-09
-29.4653 -15.3835 0.949481 0.00299783
-29.4046 -15.4193 0.93868 4.37751e-13
-29.2143 -15.4286 0.957932 0.0282106
-29.1217 -15.3042 0.94424 1.4132e-05
-29.2342 -15.4641 0.971883 2.56752e-10
-29.7854 -15.3874 0.956203 5.11387e-05
-29.1783 -15.4737 0.959786 0.00320228
-29.1229 -15.527 0.961272 0.000116044
-29.4517 -15.1707 0.963969 8.83275e-05
-29.2174 -14.9299 0.958017 1.47518e-05
-29.6352 -14.6446 0.962334 1.73929e-16
-29.2375 -15.3468 0.958603 0.0598881
-29.3432 -14.8012 0.947827 0.000341185
-29.5788 -15.2242 0.944361 4.58523e-06
-29.6049 -15.5538 0.945475 8.40366e-11
-29.1138 -16.071 0.947784 4.41886e-25
-29.3037 -15.9102 0.960564 3.37205e-09
