118.775 18.5114 0.0838797 1.12173e-10
118.461 18.8676 0.0504141 2.09506e-08
118.407 18.771 0.0661867 0.00197188
118.709 18.6412 0.0702169 1.16376e-06
118.489 18.7626 0.066062 0.000462396
118.404 18.2189 0.0864425 8.21451e-09
118.818 18.5805 0.0567359 3.74741e-10
118.648 18.7501 0.0684534 1.51102e-05
117.933 18.445 0.0734257 0.00175546
118.392 19.3268 0.057346 2.48122e-08
119.084 19.0371 0.0470916 4.42258e-17
117.998 19.1953 0.0764431 0.00241213
118.859 18.2683 0.0834151 1.24659e-14
118.583 18.8737 0.0820198 5.02781e-06
118.12 18.4471 0.0643517 0.000100329
118.105 18.8705 0.0760159 0.137165
118.317 18.5116 0.0676945 0.00073306
118.442 19.4339 0.0675925 5.13414e-08
118.723 18.613 0.0461182 8.49001e-13
118.909 18.9282 0.0796749 2.10195e-11
118.704 18.5638 0.0745659 3.18091e-07
118.548 18.6625 0.0770228 7.31949e-05
118.875 19.0647 0.0619742 5.70458e-10
118.446 19.244 0.0610489 1.07583e-06
118.558 18.5155 0.0861861 1.14341e-07
118.105 19.1787 0.0631882 7.8828e-05
118.353 18.5545 0.0809513 0.00072087
117.904 18.2599 0.0745265 1.62256e-05
118 18.5118 0.0586855 1.93308e-06
118.713 18.96 0.0621049 4.00839e-07
118.907 18.4753 0.0694501 5.14153e-11
118.829 19.0043 0.0867063 2.43394e-12
118.116 18.7493 0.0732616 0.108448
118.807 18.4769 0.0706845 2.98888e-09
118.536 18.3854 0.0603473 8.504e-08
118.622 18.8054 0.1107 3.51398e-22
118.184 18.9911 0.0776276 0.0345761
118.52 18.9884 0.0899701 5.20343e-08
118.212 18.8768 0.067733 0.0206499
118.648 18.5444 0.0566467 2.17588e-08
118.278 19.1626 0.0823071 0.000223274
118.174 18.66 0.0754416 0.0589336
118.447 18.936 0.0613415 0.000108242
118.732 18.4743 0.0625595 1.38342e-08
118.462 19.2455 0.0630348 2.06799e-06
118.262 18.8305 0.0749275 0.0496556
117.879 18.7736 0.078149 0.085201
118.298 18.6646 0.075806 0.0174152
118.769 18.7494 0.0664797 2.58347e-07
118.892 18.5961 0.0641693 5.19222e-10
118.376 18.7325 0.0816948 0.0016219
118.028 18.8585 0.0876884 0.00982434
118.429 18.7711 0.0849033 0.000104308
118.065 18.8796 0.0778348 0.138664
118.313 18.835 0.083124 0.00334727
118.234 18.9196 0.0807503 0.0192974
119.315 18.6561 0.0851942 1.74992e-24
118.167 18.8805 0.0779262 0.0848327
118.202 18.472 0.0541093 4.8238e-08
118.586 18.0217 0.0757167 2.0915e-12
117.897 18.72 0.092644 0.000751923
118.924 18.9378 0.0814847 2.71677e-12
118.083 19.1071 0.0648063 0.000646021
118.536 18.6304 0.0719668 0.000154861
117.669 19.0526 0.0557873 2.64227e-10
118.076 19.0353 0.0649701 0.00183832
118.229 18.6199 0.0767527 0.0243701
118.129 18.6933 0.0759359 0.0968747
119.125 18.7678 0.0723362 9.70386e-15
118.717 18.7569 0.0620756 5.03138e-07
119.059 18.6808 0.055317 5.23441e-14
118.502 18.8727 0.0730424 0.000763701
118.207 18.8248 0.0687174 0.0320475
118.429 19.3413 0.0688863 1.46053e-06
118.419 18.8828 0.0607746 0.00014481
118.388 18.7049 0.0854935 0.000163015
118.641 18.6007 0.0786943 1.26849e-06
118.935 18.8846 0.0775167 2.42753e-11
118.407 18.1675 0.0668333 1.81185e-08
118.299 18.4621 0.0745441 0.00112128
118.791 18.4355 0.0571682 8.12293e-11
118.349 18.4104 0.0464817 1.72711e-12
118.369 18.0304 0.0774702 4.29931e-10
118.223 19.2036 0.0608508 1.2758e-05
118.21 18.9887 0.0786269 0.0238587
118.545 18.2359 0.0529458 3.72144e-12
118.43 18.8541 0.0692766 0.002976
118.613 18.2736 0.0703947 1.46425e-08
118.133 18.6429 0.066785 0.00754088
118.079 18.3977 0.0724052 0.000894669
118.462 18.9113 0.0824079 0.000119954
118.243 19.0016 0.0675124 0.00710384
118.257 18.6659 0.0676119 0.00865445
118.534 18.6234 0.0754922 0.000106423
118.771 18.5712 0.0809728 2.04971e-09
118.731 18.4826 0.0593157 4.18997e-09
117.95 18.8981 0.0648815 0.00188155
118.104 18.69 0.0663698 0.00894516
118.886 18.7887 0.076491 4.93385e-10
118.378 18.5914 0.0813283 0.000605918
