150.2 -12.9642 3.31133 2.42338e-06
151.666 -13.4634 3.33314 2.59534e-09
151.138 -13.3885 3.33964 0.0236729
151.444 -13.5697 3.33082 3.42693e-07
150.722 -13.2277 3.3125 5.35367e-08
151.164 -13.4167 3.33313 0.029706
150.79 -13.2183 3.33671 0.00147954
151.532 -14.3795 3.3287 1.85135e-30
151.096 -13.5046 3.33571 0.0214324
151.068 -13.5389 3.32546 4.90353e-05
150.739 -13.5675 3.32774 0.0287241
150.927 -13.8445 3.32981 2.67918e-05
151.498 -12.7174 3.33105 3.16426e-11
151.057 -13.9679 3.33927 1.11155e-07
150.895 -13.231 3.32668 0.0553552
150.437 -12.6936 3.31612 1.69424e-07
150.985 -13.4667 3.32248 3.62246e-05
151.089 -12.8749 3.34244 1.71953e-07
150.853 -12.9716 3.34248 4.01063e-08
150.475 -13.1353 3.32483 0.00900292
150.525 -13.1788 3.31671 0.00708581
151.432 -13.8704 3.33585 3.05372e-09
150.881 -13.2234 3.33054 0.112587
151.398 -13.3512 3.33196 0.000165687
150.427 -12.9253 3.33655 2.105e-09
150.6 -13.2247 3.34865 7.21175e-13
150.82 -13.5774 3.32925 0.0354628
150.741 -13.3703 3.35294 1.16084e-13
150.722 -12.9107 3.31457 1.03243e-06
150.975 -13.3767 3.33305 0.0979539
151.241 -13.1351 3.34303 0.000369329
150.72 -13.631 3.32479 0.00458678
151.368 -13.1395 3.31458 2.86388e-16
150.841 -13.3638 3.32402 0.00480898
150.728 -12.7111 3.31448 1.27207e-08
151.158 -13.8107 3.33442 2.16518e-06
151.2 -13.4203 3.33334 0.0192489
150.92 -12.4775 3.31537 1.40766e-13
151.16 -13.4741 3.34376 0.0010502
151.086 -13.5919 3.31158 7.04114e-18
150.426 -13.1395 3.33816 1.59211e-08
150.412 -13.296 3.32406 0.0060335
151.211 -13.2868 3.33535 0.0493581
151.116 -13.7451 3.31025 2.05447e-23
151.001 -13.7861 3.32339 1.18481e-09
151.283 -13.9057 3.33626 2.00317e-08
150.618 -14.4042 3.3201 2.37407e-15
151.081 -13.4078 3.34466 0.000219312
150.712 -13.0007 3.31906 0.000299856
150.277 -13.4239 3.33208 1.85255e-07
151.026 -13.596 3.31791 1.85557e-10
150.911 -13.2186 3.34452 1.90642e-06
151.442 -13.6187 3.34173 8.91363e-05
150.563 -13.3353 3.31602 0.00416258
151.353 -13.6937 3.33062 1.57401e-07
151.011 -13.6342 3.31401 1.23032e-14
150.858 -13.2625 3.33622 0.0113433
150.745 -13.5583 3.31706 0.000165045
151.237 -14.2913 3.32883 2.30278e-22
151.818 -13.1549 3.33909 2.97698e-10
150.972 -13.3665 3.32705 0.0184792
150.745 -13.2873 3.32992 0.0279368
151.345 -13.8828 3.31773 2.55264e-22
150.905 -13.6697 3.32031 2.83655e-05
150.862 -13.9454 3.33981 3.19565e-08
150.606 -13.5319 3.32076 0.00598095
151.334 -12.8722 3.33207 3.67935e-06
150.846 -13.5975 3.32163 0.00117255
150.863 -13.2549 3.32434 0.0159709
150.702 -13.0536 3.30774 3.34364e-11
150.738 -14.2356 3.31764 1.65054e-11
150.902 -13.7255 3.34967 7.36864e-10
150.633 -13.2337 3.32562 0.145249
151.148 -13.3229 3.33354 0.0756086
149.989 -13.5694 3.31391 3.98144e-09
151.051 -12.7656 3.34471 2.72249e-11
150.968 -14.0198 3.33083 1.99835e-08
150.439 -13.6893 3.33609 2.7179e-08
150.895 -12.7259 3.32754 5.81115e-06
151.476 -13.5229 3.31849 1.18808e-17
151.698 -13.6214 3.33054 3.08025e-13
151.399 -13.0895 3.31874 8.40107e-13
150.984 -13.5041 3.3303 0.010397
151.012 -13.1036 3.3468 7.21115e-08
151.265 -13.9125 3.31873 3.16235e-20
150.828 -13.5564 3.32448 0.0167487
150.77 -13.2478 3.32556 0.0284211
150.768 -13.3183 3.3324 0.0183927
151.306 -13.171 3.33474 0.00566159
151.099 -13.3315 3.34319 0.00125054
150.937 -13.0143 3.34938 3.31396e-12
150.879 -13.8233 3.34657 2.93084e-09
150.717 -13.2664 3.31372 0.000217412
150.895 -13.731 3.31919 1.78228e-06
150.438 -12.8375 3.31651 1.85936e-05
150.873 -12.596 3.33987 2.46816e-13
150.807 -13.198 3.32855 0.0656954
150.788 -12.6849 3.32294 9.4969e-07
151.231 -13.344 3.34536 0.000441164
150.506 -13.2911 3.32297 0.037832
