185.711 -10.9987 3.17247 0.000977973
185.899 -10.3563 3.1901 1.76569e-06
186.457 -10.4891 3.1757 5.6634e-08
186.421 -10.2062 3.1918 2.43212e-08
185.755 -10.6927 3.18184 0.00463102
185.871 -10.6249 3.18413 0.00714128
185.835 -10.8586 3.17123 0.0274184
185.715 -10.6822 3.16961 0.0384034
185.691 -11.149 3.17934 5.05028e-08
186.494 -11.115 3.19005 4.57455e-13
185.944 -10.2505 3.18241 0.000286727
186.183 -10.3969 3.17145 5.2857e-06
185.462 -10.3415 3.17529 1.57551e-06
185.805 -10.1228 3.18928 8.79564e-10
185.694 -10.3506 3.18306 2.86368e-05
185.406 -10.7941 3.16511 3.69097e-05
185.852 -10.8257 3.1699 0.0204627
185.608 -10.3513 3.18608 3.74056e-08
185.605 -9.70876 3.1735 2.41525e-20
186.085 -10.3639 3.19413 1.28789e-07
186.375 -10.7633 3.17784 2.26204e-05
185.821 -10.8643 3.17323 0.0410191
185.248 -10.9078 3.17347 2.32854e-09
185.757 -10.139 3.16282 3.70664e-12
185.458 -10.6616 3.17817 1.19629e-05
185.944 -10.5856 3.16884 0.003166
185.525 -10.7989 3.19679 8.88907e-22
185.298 -10.6345 3.18476 1.07098e-13
185.939 -10.4644 3.18261 0.0249817
185.884 -10.4425 3.17207 0.00952986
186.593 -10.3471 3.16692 2.94178e-20
186.004 -10.7784 3.17776 0.101067
186.058 -10.4822 3.18541 0.00875178
185.82 -10.8996 3.15337 1.60452e-13
185.942 -10.4894 3.17572 0.0884904
185.417 -10.6888 3.17335 6.65518e-05
186.09 -10.2845 3.16022 2.09757e-15
185.787 -11.0895 3.18264 1.40168e-07
185.942 -10.6062 3.18058 0.161222
185.693 -10.3729 3.17469 0.00182874
185.64 -10.0168 3.18681 6.02789e-13
184.582 -10.7227 3.18965 1.39115e-52
185.869 -10.3864 3.18197 0.00529243
185.735 -10.8254 3.17459 0.0407069
186.337 -10.7726 3.17945 0.000157572
185.556 -10.8748 3.17987 6.33963e-06
186.056 -10.6342 3.18599 0.00673943
185.834 -9.96428 3.18474 1.00135e-10
185.71 -10.8823 3.18587 2.75954e-07
185.867 -10.3709 3.18435 0.000772414
185.971 -10.4883 3.18316 0.0288218
185.929 -10.3777 3.18417 0.00233359
185.102 -10.5507 3.16952 3.65004e-11
185.932 -10.1477 3.16346 9.37574e-13
185.449 -10.6302 3.17679 2.76434e-05
186.387 -10.641 3.18536 0.000135043
185.853 -10.4873 3.18182 0.02109
185.47 -11.074 3.17869 1.89992e-09
185.384 -10.9059 3.17302 1.95744e-06
185.442 -10.3352 3.17218 1.23805e-06
186.21 -11.0001 3.18427 4.30609e-06
185.242 -10.254 3.17959 5.39169e-14
185.991 -10.7112 3.15901 2.66926e-10
185.713 -10.8087 3.17924 0.00407556
185.685 -11.1626 3.19864 3.20877e-27
185.766 -10.7918 3.18118 0.0032399
186.415 -10.4902 3.1678 2.01392e-12
186.211 -10.9819 3.1861 2.02046e-06
185.755 -10.4863 3.20932 3.08651e-32
186.657 -10.2044 3.18445 4.13287e-12
185.677 -10.0202 3.19831 1.559e-21
185.947 -10.8356 3.16259 1.07919e-06
185.781 -10.6894 3.17817 0.0918874
185.833 -10.809 3.18784 2.57477e-06
185.775 -10.7385 3.20574 1.08577e-27
186.165 -10.7065 3.15614 4.26214e-17
185.649 -10.5526 3.18732 2.26208e-07
185.835 -10.1207 3.17432 5.30551e-07
185.873 -10.8858 3.174 0.0301782
185.96 -10.7358 3.20277 3.73744e-19
186.174 -10.1131 3.16797 4.12594e-13
186.079 -10.251 3.1808 0.000326284
185.597 -10.3052 3.18279 4.90295e-07
185.603 -11.0593 3.17185 3.43491e-05
185.821 -10.4888 3.17487 0.0728911
185.47 -10.7126 3.17421 0.000276608
185.819 -10.7511 3.17885 0.0667441
185.726 -10.6605 3.15435 8.99638e-12
186.509 -10.5913 3.16054 1.94897e-22
185.484 -10.9796 3.15873 8.25056e-08
185.347 -10.3127 3.16271 4.14086e-10
186.125 -10.603 3.18151 0.0602557
185.942 -10.3517 3.17918 0.0090382
185.906 -10.5602 3.15381 1.48296e-15
185.948 -10.9032 3.17422 0.0153864
185.415 -10.4185 3.15775 1.22909e-10
185.59 -10.471 3.18758 7.9006e-09
185.49 -10.4281 3.1609 3.90199e-08
185.793 -10.3206 3.16277 1.0413e-08
186.19 -10.5577 3.19204 1.47339e-05
