11.1631 -93.981 3.51286 1.00242e-07
12.3542 -94.2947 3.50352 0.00160551
11.1618 -94.3469 3.49234 2.13543e-06
11.6138 -94.0109 3.48612 4.89089e-05
10.5677 -93.5097 3.49118 6.55322e-17
12.2593 -94.0117 3.52388 0.384578
11.0496 -94.3556 3.50518 1.16945e-08
11.8026 -93.9611 3.49024 0.000253802
11.2355 -93.9984 3.50189 1.14977e-05
12.0941 -94.2991 3.48861 1.83825e-05
11.7951 -93.6814 3.49878 0.000540743
11.805 -93.9563 3.49504 0.00224851
11.9439 -93.8977 3.50892 0.0959679
11.7611 -94.0668 3.48994 0.000428038
11.5307 -93.6268 3.49344 7.48506e-06
11.5814 -93.0476 3.4805 1.89979e-16
11.5131 -93.9944 3.48898 0.000105006
11.6881 -93.9118 3.52186 0.00205716
11.2417 -93.2966 3.51148 2.66371e-10
10.9458 -93.9437 3.49599 8.30386e-09
10.9604 -93.4676 3.49593 1.3283e-11
11.8408 -93.629 3.50384 0.00151933
11.7072 -93.882 3.50105 0.00630712
11.7196 -93.9889 3.50532 0.0230044
11.8431 -93.7814 3.50752 0.0218869
12.603 -93.9483 3.51097 0.00187131
11.8531 -93.8712 3.5012 0.0113252
11.3481 -93.5709 3.48802 5.16475e-08
10.8449 -93.7233 3.51421 1.03218e-13
11.7732 -93.4822 3.5058 0.0001393
11.0381 -94.1087 3.50441 3.91558e-08
11.3851 -93.7581 3.51122 2.27369e-05
12.0971 -93.4327 3.50868 0.000280898
11.3021 -93.718 3.51021 2.4997e-06
12.2425 -93.8107 3.49842 0.000233128
11.4649 -94.0082 3.50115 0.000910498
11.6878 -94.1041 3.50399 0.0172431
11.9261 -93.7445 3.50807 0.0247629
11.9547 -94.4205 3.49251 0.000283875
12.1841 -94.3356 3.5131 0.0452792
11.5442 -92.993 3.5073 2.11383e-11
11.1803 -92.64 3.49078 4.00486e-23
11.2765 -94.2212 3.48907 1.71796e-05
11.114 -93.7765 3.51529 3.06093e-09
11.4484 -94.4728 3.52957 4.05987e-10
12.3716 -93.7226 3.49141 5.08852e-08
11.9164 -94.4371 3.50869 0.00920563
11.4347 -94.0366 3.52373 1.9761e-06
11.9104 -94.0177 3.48174 7.50409e-07
11.7782 -94.274 3.49888 0.00836767
11.3487 -93.5111 3.49025 3.43834e-08
11.9403 -93.7857 3.51517 0.0841676
12.0485 -94.3379 3.46907 1.57863e-12
11.5556 -93.7459 3.48471 1.06142e-06
12.0168 -94.1927 3.49212 0.000433101
11.506 -93.642 3.51984 1.59616e-05
11.875 -94.2237 3.48264 4.60312e-06
11.7535 -93.7473 3.50155 0.00262846
11.1441 -93.9386 3.48433 2.23404e-07
11.598 -94.5248 3.51538 2.10196e-05
11.3765 -94.1313 3.49069 8.76159e-05
10.9838 -93.6286 3.50746 1.19007e-10
11.2282 -94.3766 3.51285 8.20555e-08
11.626 -93.9985 3.4964 0.00241086
11.7644 -93.3726 3.52118 3.77841e-05
11.3169 -94.4287 3.50994 1.53131e-06
11.4391 -93.9829 3.49608 0.000333768
11.4344 -93.7875 3.50602 0.000145588
11.9303 -93.4258 3.50771 0.000164091
11.3241 -94.1241 3.50195 8.76959e-05
11.5052 -93.5611 3.49253 1.23685e-06
11.2571 -94.4314 3.50093 3.91922e-06
11.4179 -93.9492 3.50492 0.000331408
11.1823 -94.0231 3.50477 2.147e-06
11.2219 -93.7612 3.50831 6.91248e-07
11.9252 -93.7109 3.49434 9.55313e-05
12.1075 -93.502 3.5167 0.00769145
11.7503 -93.4448 3.50868 9.7909e-05
11.2942 -93.6595 3.49461 9.32359e-07
11.516 -94.1051 3.50504 0.00218369
11.8573 -93.9082 3.51996 0.0454999
11.6145 -93.9998 3.51556 0.00297967
11.6851 -94.1401 3.50269 0.0143159
11.6517 -94.3805 3.51153 0.00125092
11.9745 -94.1211 3.51419 0.171816
12.0571 -94.3337 3.49322 0.000331197
12.0462 -93.7344 3.48979 2.98817e-06
11.8649 -93.5748 3.48474 1.99007e-08
11.5933 -93.8901 3.49101 0.000158265
11.5317 -94.0836 3.49771 0.00178415
11.4062 -94.0817 3.50481 0.000346331
11.2395 -93.9422 3.49013 4.66181e-06
11.3194 -93.902 3.5124 8.62527e-06
11.7606 -94.22 3.47267 6.21961e-09
12.3547 -93.9371 3.49449 8.87176e-06
11.4176 -93.32 3.49578 4.97296e-09
11.0858 -94.0666 3.49315 6.47092e-07
11.0554 -93.1759 3.50106 9.68133e-14
12.1954 -93.9144 3.48952 2.81141e-06
11.1506 -93.5436 3.50207 1.07214e-08
