278.181 9.32964 4.85568 0.321693 278.15 9.1379 4.8586
278.548 9.10072 4.83541 2.47172e-08 278.15 9.1379 4.8586
278.646 8.67106 4.87343 1.20538e-14 278.15 9.1379 4.8586
278.771 8.66027 4.84376 3.1816e-16 278.15 9.1379 4.8586
277.722 8.96146 4.85553 8.2334e-07 278.15 9.1379 4.8586
278.666 9.07307 4.83067 2.58673e-12 278.15 9.1379 4.8586
278.407 8.50292 4.8432 8.11389e-14 278.15 9.1379 4.8586
277.869 8.29713 4.85104 6.01097e-20 278.15 9.1379 4.8586
278.303 8.98408 4.86662 0.000191896 278.15 9.1379 4.8586
278.838 9.61644 4.85407 1.15184e-10 278.15 9.1379 4.8586
278.714 8.94655 4.85544 5.86965e-09 278.15 9.1379 4.8586
277.938 9.15046 4.83516 0.000360573 278.15 9.1379 4.8586
278.91 8.82012 4.85173 1.43005e-15 278.15 9.1379 4.8586
278.482 9.24495 4.86269 0.00770469 278.15 9.1379 4.8586
277.91 9.29417 4.81767 6.87679e-10 278.15 9.1379 4.8586
278.243 9.03339 4.85578 0.00715354 278.15 9.1379 4.8586
277.969 9.23369 4.8344 0.000354799 278.15 9.1379 4.8586
278.017 9.21489 4.83679 0.00142802 278.15 9.1379 4.8586
277.846 8.71236 4.84599 1.47929e-08 278.15 9.1379 4.8586
278.043 8.88848 4.83584 1.32193e-05 278.15 9.1379 4.8586
277.833 8.85905 4.84447 3.19078e-06 278.15 9.1379 4.8586
277.764 9.1135 4.85077 0.000197044 278.15 9.1379 4.8586
277.687 8.82525 4.85338 4.49538e-09 278.15 9.1379 4.8586
278.275 9.61679 4.85575 0.00930916 278.15 9.1379 4.8586
277.913 9.28186 4.86684 0.00280524 278.15 9.1379 4.8586
278.671 9.11924 4.85347 1.27059e-06 278.15 9.1379 4.8586
277.959 9.19052 4.85982 0.0172057 278.15 9.1379 4.8586
278.552 9.24953 4.84378 7.65574e-06 278.15 9.1379 4.8586
277.871 8.82363 4.84969 1.53214e-06 278.15 9.1379 4.8586
278.207 8.86874 4.83435 1.52389e-06 278.15 9.1379 4.8586
278.085 8.84429 4.82996 2.88146e-07 278.15 9.1379 4.8586
278.593 8.7278 4.84 5.54501e-12 278.15 9.1379 4.8586
278.305 9.03372 4.86659 0.00087125 278.15 9.1379 4.8586
278.588 8.51817 4.85945 7.50902e-16 278.15 9.1379 4.8586
278.183 9.07009 4.85389 0.0208654 278.15 9.1379 4.8586
277.803 8.8845 4.84908 2.95452e-06 278.15 9.1379 4.8586
277.997 8.77788 4.83484 3.18179e-07 278.15 9.1379 4.8586
277.692 8.80611 4.84852 7.97495e-09 278.15 9.1379 4.8586
278.075 8.78126 4.86239 2.04436e-07 278.15 9.1379 4.8586
278.139 8.37363 4.85287 1.88311e-16 278.15 9.1379 4.8586
277.587 9.19119 4.8357 2.2153e-07 278.15 9.1379 4.8586
277.949 8.00705 4.84448 1.66763e-29 278.15 9.1379 4.8586
277.934 9.30242 4.86211 0.0195549 278.15 9.1379 4.8586
277.942 8.65081 4.85403 1.00561e-09 278.15 9.1379 4.8586
278.736 8.74697 4.8574 1.24947e-12 278.15 9.1379 4.8586
278.121 8.98769 4.84587 0.00196223 278.15 9.1379 4.8586
278.13 8.77402 4.86623 4.29676e-08 278.15 9.1379 4.8586
278.274 9.10518 4.85488 0.0243259 278.15 9.1379 4.8586
278.038 8.51571 4.83569 3.90566e-12 278.15 9.1379 4.8586
278.086 9.21404 4.85034 0.105606 278.15 9.1379 4.8586
278.267 9.09055 4.8437 0.00249063 278.15 9.1379 4.8586
279.044 8.73986 4.83357 3.96235e-25 278.15 9.1379 4.8586
278.424 9.13377 4.85582 0.00456889 278.15 9.1379 4.8586
278.678 9.48197 4.83852 1.38076e-10 278.15 9.1379 4.8586
278.837 8.63405 4.86812 6.68616e-18 278.15 9.1379 4.8586
277.866 8.96369 4.85024 0.000113797 278.15 9.1379 4.8586
278.118 8.75489 4.84839 1.32526e-06 278.15 9.1379 4.8586
278.256 8.92867 4.85298 0.000395008 278.15 9.1379 4.8586
278.702 9.37764 4.86496 2.37237e-05 278.15 9.1379 4.8586
277.865 8.60555 4.83327 6.71271e-11 278.15 9.1379 4.8586
278.174 8.66959 4.84748 2.53308e-08 278.15 9.1379 4.8586
278.35 9.54318 4.84966 0.00200383 278.15 9.1379 4.8586
278.53 8.48458 4.84669 1.19725e-15 278.15 9.1379 4.8586
277.878 8.99389 4.86359 1.38236e-05 278.15 9.1379 4.8586
278.498 8.39412 4.84656 8.56946e-18 278.15 9.1379 4.8586
278.636 9.02964 4.85228 6.66906e-07 278.15 9.1379 4.8586
278.081 8.88201 4.84161 5.85596e-05 278.15 9.1379 4.8586
278.333 9.44809 4.86185 0.135169 278.15 9.1379 4.8586
277.716 9.57822 4.83779 2.27832e-07 278.15 9.1379 4.8586
278.214 8.01547 4.87152 1.12125e-35 278.15 9.1379 4.8586
277.754 8.67496 4.84127 4.32576e-10 278.15 9.1379 4.8586
278.174 9.25245 4.83863 0.00224107 278.15 9.1379 4.8586
278.719 9.59432 4.87565 4.06751e-06 278.15 9.1379 4.8586
278.263 9.1522 4.84312 0.00422989 278.15 9.1379 4.8586
278.027 9.61192 4.85759 0.010723 278.15 9.1379 4.8586
277.945 9.25517 4.84633 0.0207344 278.15 9.1379 4.8586
278.064 9.39118 4.85677 0.212541 278.15 9.1379 4.8586
278.8 9.39959 4.86166 2.17119e-07 278.15 9.1379 4.8586
277.92 9.45281 4.86546 0.00751917 278.15 9.1379 4.8586
277.873 9.40634 4.8597 0.00828541 278.15 9.1379 4.8586
278.798 9.02523 4.83905 6.93927e-13 278.15 9.1379 4.8586
278.464 9.24248 4.8542 0.00495081 278.15 9.1379 4.8586
277.944 9.42855 4.83761 0.00029125 278.15 9.1379 4.8586
278.133 9.34653 4.81739 5.7162e-11 278.15 9.1379 4.8586
279.071 8.72461 4.85745 2.22963e-21 278.15 9.1379 4.8586
277.9 8.56175 4.83745 2.39947e-11 278.15 9.1379 4.8586
278.867 8.93108 4.86036 3.94814e-12 278.15 9.1379 4.8586
277.669 9.43682 4.86175 6.66081e-06 278.15 9.1379 4.8586
277.903 9.1615 4.84606 0.00643484 278.15 9.1379 4.8586
277.985 8.55207 4.86406 7.98283e-14 278.15 9.1379 4.8586
278.117 9.06946 4.84909 0.0160775 278.15 9.1379 4.8586
278.035 8.67028 4.84761 2.32145e-08 278.15 9.1379 4.8586
278.297 9.22475 4.84541 0.00955811 278.15 9.1379 4.8586
278.29 8.84505 4.84491 7.98339e-06 278.15 9.1379 4.8586
277.578 8.82394 4.847 2.81547e-10 278.15 9.1379 4.8586
278.396 8.91082 4.84224 3.50575e-06 278.15 9.1379 4.8586
278.01 9.16131 4.84189 0.0080152 278.15 9.1379 4.8586
278.559 9.30507 4.86486 0.00186761 278.15 9.1379 4.8586
278.408 8.9279 4.85465 4.63789e-05 278.15 9.1379 4.8586
278.36 8.66253 4.85041 2.22697e-09 278.15 9.1379 4.8586
