273.161 22.8807 5.58891 0.000321946
273.309 22.3928 5.60045 8.02903e-10
273.034 22.8192 5.57773 0.0124539
273.069 23.372 5.59741 1.82225e-14
272.807 22.6215 5.59579 0.00193129
272.699 22.7823 5.60135 6.66186e-06
273.092 22.8394 5.57545 0.00305662
272.706 22.6197 5.58594 0.0136647
272.929 22.4607 5.58816 0.0545358
273.116 22.8573 5.57298 0.000626088
272.197 23.1777 5.58775 5.25156e-19
272.482 22.9016 5.58921 1.47702e-07
272.633 22.6271 5.58752 0.00178246
272.372 23.1271 5.58759 1.81733e-13
273.047 22.6396 5.58528 0.167667
272.35 22.7403 5.58717 7.34532e-09
272.976 22.7384 5.5859 0.0794502
273.021 22.3221 5.5877 0.00431939
272.199 22.9658 5.59559 7.49827e-15
273.074 22.3029 5.59036 0.000345796
273.32 23.3822 5.58817 2.54065e-16
272.852 23.0063 5.57265 6.79129e-07
272.716 22.5411 5.58241 0.0215393
272.432 22.402 5.60039 7.32913e-10
272.995 22.6805 5.58969 0.0462838
272.731 22.4954 5.60173 3.35569e-06
273.127 23.3949 5.58739 1.28083e-14
272.521 22.8488 5.6043 6.24774e-09
272.976 23.2021 5.5778 1.24438e-09
272.614 22.4321 5.57897 0.000459817
273.185 22.7796 5.58618 0.00384706
272.802 22.6774 5.57166 0.00302878
272.302 22.8658 5.60342 1.49145e-12
272.734 22.1079 5.6001 5.67715e-11
272.772 22.7224 5.58506 0.0233396
273.45 23.4269 5.5928 1.80189e-20
272.937 22.8887 5.58171 0.0034086
272.818 22.5628 5.58462 0.121925
272.936 22.8724 5.58387 0.00608021
272.77 22.7744 5.58839 0.00740519
273.01 22.3088 5.56965 0.0143283
272.891 22.506 5.59222 0.012297
272.777 22.6377 5.5653 4.3627e-05
272.949 22.4596 5.59215 0.00739751
273.202 23.2507 5.59314 9.43349e-12
272.925 22.3546 5.5879 0.0103885
272.511 22.7776 5.55916 7.48824e-14
273.393 22.7112 5.58749 1.22398e-05
272.916 22.9244 5.58098 0.000911485
273.1 22.7507 5.58905 0.0104521
272.586 23.0308 5.58625 7.47649e-08
272.93 22.7228 5.5852 0.10654
272.142 23.3916 5.58083 2.76807e-28
273.235 23.2226 5.59273 2.14867e-11
272.427 23.0144 5.59815 1.27797e-10
273.032 22.6861 5.5897 0.0344162
272.665 22.9049 5.57926 1.29672e-05
272.559 22.3557 5.5683 3.49132e-07
273.306 23.0077 5.58247 5.18215e-07
272.886 22.7814 5.58606 0.0323345
272.792 22.6347 5.58713 0.0518526
272.663 23.0876 5.59162 6.96709e-08
272.802 22.6267 5.56994 0.00234701
272.615 23.0583 5.57411 3.42635e-10
272.921 22.1674 5.57286 0.000677336
273.103 22.7262 5.57448 0.0300409
273.05 23.0034 5.60845 8.36578e-11
272.611 22.6947 5.58682 0.00065106
272.543 22.5263 5.59877 9.4687e-07
272.7 21.9497 5.57076 1.0339e-09
273.458 22.534 5.59415 8.63745e-09
272.598 22.9937 5.58593 4.35349e-07
273.091 22.6901 5.58727 0.0429997
272.484 22.3024 5.57892 3.57058e-07
273.038 22.1915 5.59485 4.17919e-07
272.731 22.7582 5.57689 0.00147904
273.118 22.9625 5.60195 3.80133e-08
273.015 23.2064 5.59543 1.13895e-09
272.354 23.0203 5.58373 2.32889e-12
272.943 23.1806 5.58676 3.05368e-08
272.717 22.9663 5.60074 4.47586e-07
272.598 23.2691 5.61122 2.76297e-16
272.899 22.3107 5.57736 0.0304344
272.827 22.968 5.5864 0.000152562
272.384 22.8011 5.59721 3.74049e-09
272.79 22.7569 5.60171 1.74285e-05
272.585 22.4007 5.58709 9.6614e-05
272.659 22.7447 5.58729 0.00134591
273.665 22.7622 5.6034 1.45712e-18
273.042 22.7069 5.59613 0.000781743
273.016 22.8053 5.58452 0.0267613
273.31 22.1158 5.59386 7.17225e-11
272.452 22.6688 5.59523 4.44372e-07
272.363 22.3305 5.58586 2.27177e-09
272.247 22.5099 5.59151 2.49579e-11
272.699 23.1412 5.57252 2.13588e-11
272.652 23.2294 5.59027 5.72881e-11
272.178 22.6979 5.57854 1.80641e-14
272.762 22.6298 5.59368 0.00373372
272.954 22.8143 5.56421 7.02534e-06
