271.76 21.8474 5.56782 3.17047e-07
271.988 22.2014 5.58948 1.37422e-11
271.636 21.9106 5.57999 2.57486e-08
271.798 22.2268 5.57494 0.00280239
272.003 22.0545 5.58553 8.10112e-12
271.701 22.0828 5.57728 8.89087e-05
271.773 21.8548 5.58073 1.45713e-10
271.3 22.5013 5.57159 0.00286834
271.72 22.0943 5.56715 0.00595393
271.557 21.9479 5.55173 3.18091e-06
272.179 22.2653 5.58723 6.06214e-14
271.909 22.2654 5.57902 2.87713e-05
271.865 21.7912 5.57782 6.77716e-12
271.942 21.584 5.56633 2.11594e-15
271.858 22.5039 5.57566 0.00257559
271.498 22.1346 5.57715 0.000644896
272.091 22.1447 5.57457 5.91394e-08
271.691 22.1102 5.58193 8.34507e-06
270.725 22.1739 5.56991 1.44155e-17
271.902 22.6232 5.58468 6.26383e-07
271.851 21.767 5.55803 6.64078e-09
271.44 21.703 5.57709 9.00463e-13
271.261 22.005 5.5691 1.1539e-06
271.669 21.9054 5.54963 6.73668e-07
271.19 21.8709 5.57374 1.4617e-10
271.609 21.9367 5.57042 1.79437e-05
271.47 21.7542 5.59618 6.48324e-20
271.902 21.9075 5.59238 7.94433e-17
271.201 22.1283 5.58118 2.1565e-07
271.86 22.3358 5.58222 2.56696e-05
271.486 22.155 5.57692 0.00111442
271.124 22.2022 5.5789 2.47384e-07
271.582 22.1994 5.58511 1.66621e-05
271.934 22.2397 5.57608 6.28394e-05
272.297 22.145 5.58787 8.03824e-19
271.305 22.262 5.57404 0.00113689
272.219 21.7613 5.58854 6.80515e-25
271.749 22.6455 5.56527 0.0124872
271.652 21.9168 5.57269 2.84148e-06
271.674 22.0612 5.57461 0.000255295
271.691 22.3596 5.58419 0.000204252
272.118 21.8003 5.58365 1.7273e-18
271.306 22.2135 5.567 0.000933133
271.882 22.1954 5.57242 0.00083617
271.566 21.8114 5.57667 1.91516e-09
271.412 22.5556 5.58015 0.00257884
271.54 21.62 5.57012 3.28179e-13
271.636 22.4385 5.57071 0.300665
272.035 21.3525 5.57512 7.64149e-28
271.243 22.2359 5.58706 2.22634e-07
271.817 22.0576 5.58268 7.83391e-08
271.894 22.0187 5.57395 2.05224e-06
271.861 22.3362 5.56341 0.0475425
271.516 21.8518 5.57926 2.57946e-09
272.157 21.8217 5.55879 1.38288e-11
271.929 21.5515 5.56974 4.68245e-17
271.838 21.9073 5.56984 7.0844e-07
272.208 22.1218 5.57285 3.37422e-10
271.913 22.4605 5.586 3.60855e-07
271.841 21.4471 5.58616 1.17826e-26
272.091 22.0881 5.58868 9.65829e-15
271.859 21.8578 5.57431 3.84492e-09
271.858 21.9252 5.58872 1.1908e-13
271.738 22.3504 5.56447 0.266584
270.981 22.2412 5.56945 1.62395e-09
271.669 22.1543 5.56415 0.0403645
271.53 21.6419 5.56711 3.68845e-12
271.9 22.7135 5.56886 0.000169143
271.536 22.2487 5.57838 0.00512553
271.647 22.6087 5.57521 0.0206448
271.543 22.6554 5.58951 3.57136e-06
271.957 21.9304 5.56888 1.50507e-07
271.371 22.6076 5.57071 0.0040564
271.542 22.4513 5.57275 0.171873
271.42 22.199 5.5673 0.0114282
271.8 21.533 5.59473 2.28657e-28
271.786 22.3656 5.55744 0.0507974
272.36 22.0833 5.56658 4.67173e-13
271.313 21.7925 5.58049 2.73494e-12
272.054 22.41 5.57019 6.81412e-05
272.01 22.1132 5.57373 1.17917e-06
271.475 21.7749 5.55228 7.84606e-10
271.874 22.4402 5.57335 0.00617623
271.965 21.8815 5.58853 3.72526e-16
271.735 21.6187 5.56534 1.3659e-12
271.952 21.8931 5.57844 6.74755e-11
272.134 22.2483 5.5708 5.70688e-07
271.659 21.7038 5.57615 3.2998e-12
271.987 21.878 5.57609 6.45405e-11
271.889 22.2813 5.57159 0.00378389
271.528 21.5729 5.58738 1.03557e-20
271.822 22.4792 5.5849 1.51049e-05
271.784 22.4297 5.57362 0.0356155
271.364 22.1136 5.56358 0.000432398
271.201 21.3626 5.57418 2.76707e-26
271.986 21.8785 5.57136 1.72101e-09
271.852 21.7353 5.55331 6.57923e-10
272.048 21.5477 5.57632 3.40018e-21
271.249 21.7849 5.56289 4.56829e-11
271.941 22.0293 5.5772 8.60865e-08
