71.0762 -42.0676 3.78793 1.94584e-05 70.743 -41.794 3.7983
70.6301 -42.2556 3.79706 2.24568e-07 70.743 -41.794 3.7983
71.2291 -41.5047 3.80667 1.53206e-05 70.743 -41.794 3.7983
71.1844 -41.8071 3.80118 0.000329675 70.743 -41.794 3.7983
71.1837 -41.9648 3.78884 3.96468e-06 70.743 -41.794 3.7983
70.8877 -41.9075 3.80394 0.00606631 70.743 -41.794 3.7983
70.8916 -42.3656 3.80306 4.27225e-12 70.743 -41.794 3.7983
71.0124 -42.0197 3.79745 0.00162874 70.743 -41.794 3.7983
71.0309 -41.6724 3.80001 0.0440192 70.743 -41.794 3.7983
71.0768 -42.0993 3.80623 2.85548e-08 70.743 -41.794 3.7983
70.6476 -42.0724 3.8028 1.45157e-05 70.743 -41.794 3.7983
70.6868 -41.8592 3.80661 0.000916223 70.743 -41.794 3.7983
71.0325 -42.1615 3.8084 1.26403e-10 70.743 -41.794 3.7983
70.8544 -41.8647 3.78432 2.87524e-05 70.743 -41.794 3.7983
70.9374 -41.9357 3.801 0.0116322 70.743 -41.794 3.7983
71.3571 -41.813 3.80452 3.64767e-08 70.743 -41.794 3.7983
71.1625 -41.3505 3.81358 5.89463e-07 70.743 -41.794 3.7983
70.6871 -41.0076 3.79054 6.34108e-19 70.743 -41.794 3.7983
71.1762 -42.2848 3.7947 2.14475e-09 70.743 -41.794 3.7983
70.9577 -41.8866 3.79734 0.0549905 70.743 -41.794 3.7983
71.1907 -42.3151 3.79567 1.75862e-10 70.743 -41.794 3.7983
70.5951 -41.9159 3.79593 0.00667995 70.743 -41.794 3.7983
70.424 -41.792 3.81895 3.39986e-14 70.743 -41.794 3.7983
71.0268 -41.9586 3.805 9.96025e-05 70.743 -41.794 3.7983
71.0672 -41.9862 3.80525 1.28615e-05 70.743 -41.794 3.7983
70.9689 -42.1812 3.80454 2.73556e-08 70.743 -41.794 3.7983
71.2084 -42.0853 3.79871 5.19607e-07 70.743 -41.794 3.7983
71.0968 -42.06 3.79223 8.71796e-05 70.743 -41.794 3.7983
70.9797 -41.8474 3.80558 0.00290011 70.743 -41.794 3.7983
71.2692 -41.4675 3.83382 9.27382e-26 70.743 -41.794 3.7983
70.9135 -41.262 3.79797 1.84331e-06 70.743 -41.794 3.7983
71.2093 -42.4544 3.78829 3.08432e-13 70.743 -41.794 3.7983
70.281 -41.8174 3.79672 9.85256e-08 70.743 -41.794 3.7983
71.0994 -42.2347 3.78589 6.7139e-08 70.743 -41.794 3.7983
70.978 -41.9827 3.82024 4.03544e-16 70.743 -41.794 3.7983
70.8068 -41.6404 3.80241 0.270917 70.743 -41.794 3.7983
71.0664 -42.103 3.80257 1.58101e-06 70.743 -41.794 3.7983
70.8513 -41.7975 3.79346 0.0825303 70.743 -41.794 3.7983
70.9668 -41.8533 3.79514 0.0508859 70.743 -41.794 3.7983
71.3779 -42.1077 3.79692 1.65381e-10 70.743 -41.794 3.7983
70.4764 -42.2147 3.78701 4.88373e-08 70.743 -41.794 3.7983
71.1076 -42.1497 3.77887 2.06382e-10 70.743 -41.794 3.7983
71.0889 -41.851 3.7965 0.00553379 70.743 -41.794 3.7983
70.9529 -42.0674 3.79891 0.000591056 70.743 -41.794 3.7983
70.7013 -41.8636 3.80214 0.0248687 70.743 -41.794 3.7983
71.1468 -42.2072 3.80108 4.72016e-09 70.743 -41.794 3.7983
70.8 -42.2698 3.79419 2.81545e-06 70.743 -41.794 3.7983
70.2621 -41.8561 3.79842 2.36808e-08 70.743 -41.794 3.7983
71.5261 -41.8635 3.81099 7.54554e-16 70.743 -41.794 3.7983
71.4788 -41.6639 3.79712 9.11802e-11 70.743 -41.794 3.7983
71.0123 -42.2349 3.81179 3.35184e-15 70.743 -41.794 3.7983
71.3452 -42.3025 3.80657 4.21888e-18 70.743 -41.794 3.7983
71.6515 -41.8027 3.80941 2.19312e-18 70.743 -41.794 3.7983
71.2158 -42.2445 3.81114 2.2653e-17 70.743 -41.794 3.7983
71.0844 -41.9223 3.78654 1.41336e-05 70.743 -41.794 3.7983
70.9105 -41.6746 3.78636 9.95701e-06 70.743 -41.794 3.7983
70.6634 -42.1308 3.81313 2.31366e-13 70.743 -41.794 3.7983
71.397 -41.2838 3.78623 8.08707e-21 70.743 -41.794 3.7983
71.1058 -42.0926 3.79512 3.459e-05 70.743 -41.794 3.7983
70.9129 -42.3765 3.79232 1.64414e-08 70.743 -41.794 3.7983
70.7211 -42.2726 3.7891 2.50649e-06 70.743 -41.794 3.7983
70.7045 -42.063 3.8039 1.80013e-05 70.743 -41.794 3.7983
70.6175 -41.6989 3.8005 0.0415317 70.743 -41.794 3.7983
71.198 -41.9307 3.77916 1.01226e-11 70.743 -41.794 3.7983
71.1557 -42.1348 3.80764 7.38924e-11 70.743 -41.794 3.7983
71.3444 -42.2308 3.79462 1.61054e-11 70.743 -41.794 3.7983
71.1008 -41.9361 3.82158 1.91758e-17 70.743 -41.794 3.7983
70.6128 -41.8399 3.79735 0.0236007 70.743 -41.794 3.7983
70.6166 -41.9624 3.78916 0.000639351 70.743 -41.794 3.7983
70.6604 -42.2816 3.78436 1.38023e-07 70.743 -41.794 3.7983
70.9923 -42.0942 3.81888 7.69844e-18 70.743 -41.794 3.7983
70.8197 -41.8401 3.78697 0.000610925 70.743 -41.794 3.7983
71.1818 -41.9111 3.78915 6.89503e-06 70.743 -41.794 3.7983
71.0171 -42.1808 3.79408 1.74356e-05 70.743 -41.794 3.7983
70.8704 -42.2797 3.79835 1.57594e-07 70.743 -41.794 3.7983
70.9291 -41.4812 3.79144 1.60452e-05 70.743 -41.794 3.7983
70.7968 -41.9044 3.79326 0.0565311 70.743 -41.794 3.7983
70.9474 -42.0248 3.79615 0.00500045 70.743 -41.794 3.7983
70.8789 -42.064 3.80312 7.16916e-05 70.743 -41.794 3.7983
70.72 -41.7953 3.80407 0.0344895 70.743 -41.794 3.7983
70.7082 -42.2265 3.78791 8.09465e-06 70.743 -41.794 3.7983
70.8428 -42.0207 3.80182 0.00111755 70.743 -41.794 3.7983
70.5944 -42.2044 3.80366 3.54035e-09 70.743 -41.794 3.7983
71.4712 -42.2604 3.79282 3.66052e-15 70.743 -41.794 3.7983
70.6248 -42.1368 3.80616 1.05915e-08 70.743 -41.794 3.7983
71.084 -41.9734 3.77601 2.10219e-12 70.743 -41.794 3.7983
70.9643 -41.4766 3.79805 0.00355569 70.743 -41.794 3.7983
71.4234 -41.9693 3.80144 1.43566e-10 70.743 -41.794 3.7983
70.7597 -42.7447 3.79239 5.74448e-20 70.743 -41.794 3.7983
71.2554 -41.8762 3.78455 2.27392e-09 70.743 -41.794 3.7983
71.0125 -42.2909 3.78909 2.69107e-07 70.743 -41.794 3.7983
70.9407 -41.5476 3.78905 6.62061e-06 70.743 -41.794 3.7983
71.1689 -42.0776 3.80096 8.01771e-07 70.743 -41.794 3.7983
71.0804 -41.6937 3.81667 2.12012e-08 70.743 -41.794 3.7983
71.0597 -42.4089 3.79947 1.46033e-12 70.743 -41.794 3.7983
70.8051 -41.7326 3.79691 0.267847 70.743 -41.794 3.7983
71.2282 -41.582 3.8027 6.67907e-05 70.743 -41.794 3.7983
71.0574 -41.6943 3.81719 1.47549e-08 70.743 -41.794 3.7983
71.3201 -41.5551 3.80951 8.77256e-08 70.743 -41.794 3.7983
71.0939 -41.9122 3.8065 2.27545e-05 70.743 -41.794 3.7983
