269.5 23.8383 5.63498 2.62397e-07 269.99 23.608 5.6378
269.766 23.9424 5.62689 6.51917e-05 269.99 23.608 5.6378
269.701 23.799 5.62381 3.66083e-05 269.99 23.608 5.6378
269.842 23.2705 5.63086 3.92321e-05 269.99 23.608 5.6378
270.005 22.9168 5.6201 2.37401e-12 269.99 23.608 5.6378
269.651 23.9807 5.62236 4.16114e-08 269.99 23.608 5.6378
270.482 23.682 5.63194 4.01505e-05 269.99 23.608 5.6378
270.264 23.6033 5.61862 0.00715221 269.99 23.608 5.6378
269.507 23.5403 5.61547 2.48606e-11 269.99 23.608 5.6378
269.995 23.5293 5.6273 0.0798506 269.99 23.608 5.6378
269.85 23.8404 5.6186 6.79801e-05 269.99 23.608 5.6378
270.269 23.7377 5.64273 0.000173441 269.99 23.608 5.6378
269.811 23.4292 5.6235 0.000350657 269.99 23.608 5.6378
269.405 23.6574 5.64346 5.66823e-09 269.99 23.608 5.6378
270.103 23.3812 5.62384 0.00513026 269.99 23.608 5.6378
269.909 23.7595 5.61518 7.85556e-05 269.99 23.608 5.6378
270.487 23.8751 5.61579 1.24252e-06 269.99 23.608 5.6378
269.888 23.7855 5.64687 0.000591926 269.99 23.608 5.6378
269.928 23.1118 5.615 2.98297e-09 269.99 23.608 5.6378
269.711 23.2059 5.6267 7.70016e-08 269.99 23.608 5.6378
269.756 23.9585 5.61877 2.88636e-07 269.99 23.608 5.6378
270.356 24.2539 5.63706 1.81029e-10 269.99 23.608 5.6378
269.658 23.467 5.64501 5.01453e-06 269.99 23.608 5.6378
269.481 23.5207 5.65027 2.59461e-09 269.99 23.608 5.6378
270.097 23.0154 5.62087 1.70876e-09 269.99 23.608 5.6378
269.81 23.772 5.61632 1.29722e-05 269.99 23.608 5.6378
270.274 23.4128 5.63962 3.99213e-05 269.99 23.608 5.6378
270.247 23.7702 5.63897 0.00215136 269.99 23.608 5.6378
269.575 23.5035 5.63816 5.18354e-06 269.99 23.608 5.6378
269.884 23.208 5.65193 1.54489e-10 269.99 23.608 5.6378
269.41 23.5629 5.64975 3.31671e-10 269.99 23.608 5.6378
269.604 24.4091 5.6403 4.4849e-15 269.99 23.608 5.6378
270.28 23.9693 5.63546 0.00013704 269.99 23.608 5.6378
270.042 23.8175 5.63284 0.0764827 269.99 23.608 5.6378
270.093 24.0921 5.61125 3.67171e-09 269.99 23.608 5.6378
270.106 23.4469 5.6373 0.00493948 269.99 23.608 5.6378
270.299 23.6025 5.63296 0.00758499 269.99 23.608 5.6378
269.645 23.9563 5.63843 8.73385e-06 269.99 23.608 5.6378
269.501 23.4985 5.61871 2.08435e-10 269.99 23.608 5.6378
269.664 23.9567 5.62386 3.51272e-07 269.99 23.608 5.6378
270.283 24.1385 5.6417 3.64251e-08 269.99 23.608 5.6378
270.123 23.8507 5.63414 0.0276768 269.99 23.608 5.6378
269.835 23.4524 5.61512 8.77055e-06 269.99 23.608 5.6378
269.618 24.1702 5.64675 6.09519e-10 269.99 23.608 5.6378
269.306 23.9786 5.63501 3.23018e-13 269.99 23.608 5.6378
269.656 24.0928 5.63861 1.90045e-07 269.99 23.608 5.6378
269.877 23.2504 5.63284 2.965e-05 269.99 23.608 5.6378
269.195 23.5176 5.62536 3.79808e-17 269.99 23.608 5.6378
270.041 23.6826 5.62116 0.0338895 269.99 23.608 5.6378
269.667 23.3602 5.6222 4.18562e-07 269.99 23.608 5.6378
269.896 23.3778 5.6344 0.00170752 269.99 23.608 5.6378
269.982 23.5902 5.63631 0.0770623 269.99 23.608 5.6378
270.04 24.0021 5.65391 3.87021e-08 269.99 23.608 5.6378
270.125 23.69 5.62128 0.0424467 269.99 23.608 5.6378
270.212 23.8778 5.62776 0.00920864 269.99 23.608 5.6378
270.374 23.7316 5.64664 2.71762e-07 269.99 23.608 5.6378
270.159 23.9865 5.6285 0.00116423 269.99 23.608 5.6378
269.916 23.0672 5.62523 1.37627e-08 269.99 23.608 5.6378
269.895 23.507 5.61578 0.000126888 269.99 23.608 5.6378
269.656 23.7417 5.62364 1.19459e-05 269.99 23.608 5.6378
270.027 23.4905 5.63237 0.0545593 269.99 23.608 5.6378
269.197 23.7512 5.62205 3.7224e-18 269.99 23.608 5.6378
269.363 23.1926 5.61178 2.54287e-20 269.99 23.608 5.6378
270.426 23.4586 5.63264 3.63299e-05 269.99 23.608 5.6378
269.767 24.1324 5.64332 2.78221e-07 269.99 23.608 5.6378
269.694 23.5355 5.6334 0.000550379 269.99 23.608 5.6378
269.188 23.7323 5.63448 4.26248e-15 269.99 23.608 5.6378
270.11 23.6765 5.62977 0.206832 269.99 23.608 5.6378
269.864 23.2571 5.62797 3.14924e-05 269.99 23.608 5.6378
270.111 23.8244 5.64294 0.00176388 269.99 23.608 5.6378
269.835 23.9821 5.64127 0.000185641 269.99 23.608 5.6378
269.897 24.1886 5.63908 4.10593e-07 269.99 23.608 5.6378
270.156 24.1097 5.61544 6.6847e-08 269.99 23.608 5.6378
270.205 24.0354 5.61998 1.5323e-05 269.99 23.608 5.6378
270.115 23.3611 5.61066 6.84314e-06 269.99 23.608 5.6378
269.72 23.5838 5.62734 0.000687578 269.99 23.608 5.6378
269.512 23.4119 5.61943 1.68898e-10 269.99 23.608 5.6378
269.778 23.6105 5.62871 0.00575687 269.99 23.608 5.6378
270.398 23.495 5.63666 2.89381e-05 269.99 23.608 5.6378
269.918 23.4037 5.63133 0.00560284 269.99 23.608 5.6378
269.853 23.2833 5.63522 4.68978e-05 269.99 23.608 5.6378
270.139 23.0981 5.63629 1.85712e-08 269.99 23.608 5.6378
269.915 23.7341 5.6179 0.000819882 269.99 23.608 5.6378
270.035 23.6823 5.62769 0.193313 269.99 23.608 5.6378
270.357 23.4244 5.64436 1.27841e-07 269.99 23.608 5.6378
270.162 23.6343 5.64114 0.00433532 269.99 23.608 5.6378
270.112 23.7019 5.62255 0.0622828 269.99 23.608 5.6378
269.675 23.6579 5.64217 0.000243174 269.99 23.608 5.6378
269.464 23.487 5.63401 2.88996e-08 269.99 23.608 5.6378
270.23 23.8318 5.62462 0.011268 269.99 23.608 5.6378
270.115 23.4973 5.6259 0.0572158 269.99 23.608 5.6378
269.948 24.0269 5.6184 2.76754e-06 269.99 23.608 5.6378
270.369 23.6359 5.63861 0.000109876 269.99 23.608 5.6378
269.786 23.8052 5.62355 0.000409472 269.99 23.608 5.6378
270.244 23.6906 5.63725 0.00704563 269.99 23.608 5.6378
270.405 23.944 5.63111 2.36849e-05 269.99 23.608 5.6378
269.862 23.7513 5.64177 0.0077166 269.99 23.608 5.6378
269.679 23.6809 5.63484 0.000828485 269.99 23.608 5.6378
269.604 23.478 5.61895 3.65158e-08 269.99 23.608 5.6378
269.507 23.2659 5.6379 6.14565e-10 269.99 23.608 5.6378
