132.011 20.1208 0.0485472 4.90784e-07
131.538 20.9376 0.0568094 4.04018e-10
131.704 20.5083 0.0583728 0.0155519
131.449 20.2576 0.0936297 3.63588e-20
131.694 20.5952 0.0788919 3.76463e-08
131.428 19.6733 0.082761 3.21401e-14
131.003 20.1152 0.056889 3.24565e-13
131.826 20.2268 0.0753639 0.000418046
131.469 20.4359 0.0537588 2.0135e-05
131.227 20.4088 0.0529049 1.31651e-09
131.516 20.0446 0.0561014 0.00010409
131.391 20.3411 0.0782497 5.46763e-07
131.569 20.641 0.0723623 1.56245e-05
131.162 20.2164 0.0451257 6.64166e-17
131.159 20.8116 0.0702386 1.62699e-12
131.376 20.5762 0.0641876 5.26901e-05
131.301 20.4659 0.0899902 2.2006e-18
131.108 20.6483 0.0682865 1.36424e-10
130.898 20.2319 0.0605944 2.73912e-14
131.5 20.1544 0.0781155 6.53825e-06
131.523 20.6249 0.0649116 0.000480228
131.632 20.7437 0.0714109 1.6956e-06
131.734 19.7525 0.0710235 3.04036e-06
131.568 19.815 0.0694532 2.47294e-05
131.345 20.2118 0.0681328 0.000564573
131.409 20.7665 0.0616077 2.65873e-07
131.397 20.3281 0.0585913 0.000366523
131.124 20.5973 0.0585392 1.27031e-10
131.29 20.2813 0.0710932 3.30048e-05
131.359 20.5605 0.0701671 1.08555e-05
131.546 20.5609 0.0833393 2.5423e-11
131.104 20.1274 0.0720273 7.1752e-09
131.403 20.4857 0.068461 0.000368435
131.592 20.6502 0.0569833 8.19331e-05
131.608 19.8891 0.0867722 1.14458e-13
131.273 20.4104 0.0742472 7.52066e-07
131.817 20.2912 0.0621526 0.42915
131.197 20.7695 0.0778681 4.39955e-14
131.003 20.2272 0.0618738 4.8986e-11
130.99 20.6355 0.0725027 6.62782e-14
131.412 20.3387 0.0636588 0.00419584
131.209 20.3263 0.0597994 7.05213e-07
131.716 19.8971 0.0547679 1.2513e-05
131.458 19.9895 0.067822 0.000736086
131.086 20.4672 0.0664684 3.88351e-09
131.11 20.2085 0.0687869 4.96944e-08
131.265 20.5054 0.0734511 2.22322e-07
131.226 20.0084 0.0621298 3.09599e-07
131.543 20.3213 0.0458835 1.87752e-09
131.188 20.5536 0.0455539 1.68058e-16
131.699 21.225 0.0685501 2.50351e-17
131.407 20.4646 0.0672139 0.000853231
131.08 20.4724 0.0640568 2.07871e-09
131.28 20.5653 0.073289 1.03351e-07
131.502 20.4998 0.0645848 0.00568727
131.818 20.3598 0.0641285 0.342908
131.364 20.7559 0.0532051 3.06233e-10
131.243 20.3533 0.0590626 1.67305e-06
131.15 20.349 0.0697022 1.86578e-07
131.316 19.7265 0.0871997 8.44371e-18
131.682 20.8566 0.082227 3.28344e-15
131.513 20.2064 0.070517 0.0107449
130.826 20.1386 0.0559059 7.2197e-19
131.423 20.2817 0.0728519 0.000425226
131.905 20.2456 0.0673354 0.0988074
131.736 20.5983 0.0550692 0.000357765
131.64 20.0393 0.0695622 0.0138635
131.258 20.0486 0.0702745 3.51138e-06
131.191 20.6915 0.0619332 1.37027e-09
131.529 20.1406 0.0537911 6.13731e-05
130.881 20.0441 0.0534011 2.98523e-19
131.706 19.934 0.062819 0.00485284
131.114 19.8524 0.0620808 2.50604e-11
131.651 20.4588 0.0686732 0.0271957
131.637 20.5223 0.0539638 0.000236297
131.77 20.5464 0.0660726 0.018882
131.634 19.6242 0.075984 2.16296e-10
131.614 19.9642 0.043527 3.78696e-13
131.522 19.8261 0.062443 1.81072e-05
132.043 20.4063 0.0615756 0.0128599
131.3 20.3644 0.0660296 0.000130456
131.222 20.0495 0.0514807 1.45307e-11
131.243 20.3342 0.076544 6.5927e-08
131.284 20.4063 0.0698332 2.0285e-05
131.401 20.6003 0.0666914 4.76118e-05
131.525 19.9967 0.0746857 6.02527e-05
131.25 20.1585 0.0583374 7.85197e-07
131.527 20.0407 0.0654451 0.00954242
131.239 20.4305 0.0482094 1.52588e-12
130.447 20.2046 0.0797077 1.72669e-31
131.654 19.7382 0.060825 1.99764e-06
131.465 20.5357 0.0767586 6.27674e-07
130.821 20.0807 0.0617227 5.66898e-17
130.999 19.9104 0.076636 4.08729e-14
131.526 20.3348 0.0798205 5.87052e-07
131.717 20.5779 0.0734093 7.26498e-05
131.335 20.0862 0.0720267 3.14126e-05
131.606 20.0903 0.0537686 0.000124474
131.068 20.5291 0.0582725 2.20483e-11
131.584 19.7542 0.0644268 5.4194e-06
