-32.3161 -81.7865 2.3497 5.36819e-18
-31.7471 -81.3068 2.32481 8.10085e-13
-32.5955 -82.0307 2.32593 0.00745663
-32.1054 -81.9225 2.31787 0.0807827
-32.3077 -81.4518 2.34031 2.66586e-16
-32.191 -82.5869 2.32455 0.000254794
-32.3282 -81.2662 2.3134 2.30773e-06
-31.8773 -81.7876 2.34033 1.36751e-11
-32.1344 -81.8569 2.30799 0.00219302
-32.132 -81.6926 2.32706 0.000182023
-32.5912 -81.6938 2.33521 1.34913e-07
-32.6001 -81.8384 2.29603 2.40707e-05
-32.1892 -82.1932 2.31682 0.0347545
-32.2765 -82.0079 2.32268 0.30129
-32.4996 -82.0386 2.32893 0.0103198
-32.3451 -81.2501 2.33083 9.17214e-11
-32.1422 -82.0451 2.33874 3.62027e-06
-32.3062 -81.6689 2.32209 0.0058039
-32.4368 -82.3521 2.31912 0.00829658
-32.159 -81.2144 2.32069 1.99909e-09
-32.8165 -81.6429 2.34184 5.57684e-14
-31.9441 -81.7263 2.32747 2.08026e-05
-32.1268 -81.8193 2.33343 1.11087e-05
-32.1082 -81.5216 2.32417 1.00226e-05
-31.7741 -82.3129 2.33646 8.93355e-07
-32.2616 -82.0693 2.3367 8.10093e-05
-32.8277 -81.3085 2.32505 4.65443e-11
-32.3173 -81.7225 2.31632 0.0689944
-32.3591 -81.8615 2.30524 0.00107674
-32.427 -81.6938 2.33284 1.30309e-05
-32.26 -81.9965 2.33118 0.00486372
-32.4801 -81.5252 2.32331 6.05074e-05
-32.0796 -81.5428 2.3172 0.000424145
-32.2501 -81.4656 2.32444 3.35033e-06
-32.948 -81.4287 2.3298 1.13504e-12
-32.4182 -81.7674 2.34523 1.60613e-14
-32.5991 -81.6863 2.32136 0.00101083
-32.4469 -81.7872 2.32365 0.0151012
-32.3583 -82.1403 2.33639 0.000210389
-32.2089 -82.4261 2.34394 4.58361e-07
-32.4487 -81.2776 2.34342 3.16677e-17
-31.7987 -81.4291 2.30787 4.64375e-08
-31.8907 -81.4065 2.32698 3.10514e-10
-32.0608 -81.4934 2.33112 1.84546e-09
-31.7338 -81.5472 2.30768 3.42808e-08
-32.4389 -82.0266 2.33326 0.000613905
-32.0322 -81.508 2.3514 2.01224e-26
-31.8473 -82.1383 2.33012 0.000155894
-31.7783 -81.9639 2.30754 2.3329e-07
-32.5707 -81.5961 2.31856 0.00073022
-32.6386 -81.6374 2.35202 1.81343e-18
-32.3065 -81.9136 2.3254 0.0650844
-32.4177 -81.4638 2.3364 6.93795e-10
-32.1078 -82.0166 2.3354 7.0779e-05
-31.8856 -81.8595 2.34936 1.67418e-17
-32.7968 -82.1222 2.3167 0.00107129
-32.3013 -81.628 2.31554 0.0179512
-32.252 -81.6949 2.33606 1.70744e-08
-31.6348 -82.025 2.31755 4.58827e-07
-31.8596 -81.2779 2.3249 4.59174e-12
-32.5077 -81.6315 2.3207 0.00148523
-32.2581 -82.1658 2.34686 3.62812e-10
-31.3619 -81.9719 2.35214 1.60688e-25
-32.5635 -81.955 2.31803 0.0559662
-31.8662 -81.6253 2.34101 6.16744e-15
-32.4846 -81.557 2.33889 4.07315e-10
-31.8726 -81.7368 2.30091 2.78026e-08
-32.8921 -81.7556 2.34646 1.49115e-16
-32.2075 -81.2603 2.32553 1.86639e-10
-32.7624 -82.0293 2.32845 7.68787e-05
-32.7982 -82.2059 2.30972 0.000186668
-31.9214 -81.7374 2.32454 0.000105567
-32.406 -81.8376 2.32725 0.00541084
-32.4002 -82.1 2.30606 9.47607e-05
-31.7754 -81.3809 2.32954 3.05128e-13
-32.4006 -81.3979 2.33199 6.0841e-09
-32.4369 -81.2225 2.3243 2.79865e-09
-32.513 -82.4916 2.32552 0.00127507
-32.0164 -81.7593 2.32742 0.000162903
-32.4908 -81.4847 2.34452 2.2028e-14
-31.7342 -81.4248 2.31642 6.81637e-09
-32.1256 -81.3781 2.33248 3.22141e-12
-32.0928 -81.5647 2.32307 6.55154e-05
-32.1149 -81.228 2.33317 3.3935e-16
-31.9188 -81.3347 2.30689 1.28641e-07
-31.7739 -81.7793 2.31629 2.12458e-05
-32.5372 -81.4952 2.33708 1.65618e-10
-31.8528 -81.8382 2.34103 1.46174e-11
-31.9386 -81.7879 2.31584 0.00172034
-31.9703 -81.7603 2.31769 0.00277569
-32.555 -82.0386 2.3482 1.26861e-10
-32.2635 -81.8229 2.32327 0.0494677
-32.0381 -81.9022 2.30212 1.29029e-06
-31.9724 -81.4306 2.31763 3.06496e-06
-32.6106 -81.3309 2.32803 1.00769e-09
-32.3762 -82.1033 2.33629 0.000137616
-31.93 -81.7647 2.32398 0.000280386
-32.543 -81.9676 2.33179 0.000534541
-32.2669 -81.8698 2.31217 0.0685648
-32.4392 -82.0378 2.31692 0.182738
