-22.9566 -89.2406 2.62607 7.95274e-12
-22.5015 -88.8906 2.64841 2.23165e-08
-23.0671 -88.4031 2.66615 2.40917e-15
-23.1792 -89.1993 2.65271 0.141236
-22.8731 -88.6626 2.62436 2.57841e-14
-23.4395 -89.0846 2.64174 0.00480266
-22.6225 -89.3275 2.65978 0.000173068
-23.2884 -89.3952 2.65327 0.043885
-23.3244 -88.7091 2.66718 4.15475e-11
-23.0421 -88.9868 2.63539 2.37231e-05
-22.6366 -89.2408 2.64432 2.64979e-06
-23.2815 -88.5992 2.63675 8.31988e-07
-23.3651 -89.4397 2.65734 0.00478024
-23.243 -89.2727 2.64981 0.117159
-22.7544 -88.7607 2.64696 2.44269e-06
-22.992 -88.8257 2.64154 0.000131921
-23.1058 -88.6578 2.63756 2.07925e-06
-22.8906 -89.0972 2.64323 0.000966129
-23.4792 -89.5779 2.65177 0.000302756
-23.3398 -88.8176 2.64343 0.000894181
-23.2033 -89.3933 2.6596 0.0174794
-23.1574 -90.0326 2.65003 1.88378e-09
-22.5686 -89.0642 2.65026 4.62579e-06
-23.1282 -88.3294 2.65413 4.21694e-12
-23.0064 -88.2762 2.65375 2.16646e-13
-23.2111 -89.0068 2.6589 0.002037
-23.0875 -89.7558 2.65522 0.000194065
-23.177 -88.9361 2.63042 7.16971e-07
-22.8462 -88.9771 2.65003 0.00178426
-22.5904 -88.6861 2.65577 4.40487e-09
-23.0524 -88.8243 2.66552 3.11653e-07
-23.2707 -89.1706 2.65915 0.00750737
-22.9554 -89.212 2.65287 0.0641991
-23.235 -89.0306 2.64626 0.0393264
-22.6934 -88.9019 2.64591 5.52506e-06
-23.0265 -89.2191 2.65846 0.0415721
-22.6579 -89.8742 2.65832 5.7707e-08
-23.2324 -88.7832 2.64915 0.000720617
-23.1213 -89.3527 2.65307 0.119161
-22.8044 -88.8356 2.66068 5.24374e-06
-22.7948 -88.7765 2.65072 1.4527e-05
-23.513 -89.1722 2.65928 8.52811e-05
-23.1131 -88.5894 2.64158 1.78391e-06
-23.1345 -89.7403 2.65574 0.000296063
-23.3194 -89.0518 2.64471 0.0250703
-22.4517 -88.8106 2.66192 4.16175e-10
-23.2522 -88.5531 2.64001 6.88185e-07
-22.9955 -89.0705 2.63145 1.79504e-07
-23.0119 -89.129 2.65476 0.0573679
-22.9683 -88.7957 2.64114 4.38794e-05
-22.9813 -89.1573 2.64182 0.00202194
-22.9398 -89.5115 2.65706 0.0118775
-22.9249 -89.403 2.6527 0.0248742
-22.8487 -88.8569 2.67422 2.64144e-11
-23.1856 -89.2876 2.66228 0.00513052
-22.8502 -88.8708 2.64098 1.43943e-05
-23.1158 -89.6889 2.64942 0.000273807
-23.3341 -88.6764 2.65177 8.75889e-06
-23.0176 -89.2497 2.66318 0.00497444
-22.69 -88.7811 2.64372 1.98782e-07
-22.9058 -89.9541 2.65124 1.81654e-08
-23.2878 -89.2601 2.65806 0.0170424
-23.5323 -89.2583 2.66434 1.25182e-06
-22.988 -89.0713 2.65359 0.034133
-22.4865 -89.0998 2.64643 4.76753e-08
-23.4826 -89.0041 2.65069 0.00197585
-22.3043 -89.1386 2.66941 7.65719e-11
-23.3613 -89.3568 2.64788 0.0245751
-22.5329 -88.8709 2.63866 8.84621e-11
-22.6255 -89.2363 2.64794 1.9173e-05
-22.8671 -89.0055 2.65039 0.00384155
-22.8184 -89.0123 2.65772 0.00103748
-22.9062 -88.8766 2.65078 0.000899445
-22.9348 -88.794 2.64087 2.10618e-05
-23.1924 -88.929 2.65945 0.000370615
-23.1149 -88.5893 2.64537 3.25785e-06
-22.0058 -89.4244 2.63335 3.85664e-28
-23.7469 -88.9527 2.6682 3.83761e-14
-23.5838 -89.578 2.65351 2.53716e-05
-23.1089 -88.8819 2.63968 0.000471844
-23.0662 -88.7847 2.65599 0.000106034
-23.0158 -89.1828 2.65434 0.0869089
-22.9577 -89.0025 2.66313 0.000204997
-23.087 -89.5912 2.66652 0.000183079
-23.4217 -89.0737 2.65132 0.00989141
-23.449 -88.7735 2.65518 4.55589e-06
-22.9901 -89.1518 2.6542 0.0633397
-23.3792 -89.0817 2.66885 5.12124e-08
-23.3064 -89.1848 2.66035 0.00257529
-23.2373 -88.6906 2.65215 2.53301e-05
-23.2698 -88.9023 2.65156 0.00466584
-22.8592 -89.0348 2.6551 0.00458708
-22.7753 -88.6609 2.65707 8.40772e-08
-23.4077 -88.3075 2.65866 1.77246e-15
-23.467 -89.5686 2.64758 0.000275812
-22.8593 -89.4363 2.6421 2.48374e-05
-22.915 -89.4014 2.64617 0.00208501
-22.6763 -89.4897 2.65722 0.000259978
-22.8012 -89.5429 2.62882 1.26884e-14
-23.0876 -88.6735 2.64365 2.69527e-05
