146.346 -15.213 3.3256 5.23856e-08 146.3 -14.982 3.3389
146.338 -15.2846 3.33167 1.25848e-05 146.3 -14.982 3.3389
146.451 -15.3296 3.33461 1.97359e-05 146.3 -14.982 3.3389
146.264 -14.8485 3.33611 0.00226884 146.3 -14.982 3.3389
146.631 -15.6791 3.33705 2.42527e-10 146.3 -14.982 3.3389
145.753 -15.094 3.33921 1.01458e-06 146.3 -14.982 3.3389
146.208 -15.3792 3.33551 2.859e-05 146.3 -14.982 3.3389
146.244 -15.3169 3.35362 1.2381e-05 146.3 -14.982 3.3389
145.849 -15.2534 3.32865 2.23837e-07 146.3 -14.982 3.3389
145.509 -14.8608 3.32954 5.38092e-11 146.3 -14.982 3.3389
146.435 -14.8483 3.32023 7.14259e-13 146.3 -14.982 3.3389
146.565 -15.0632 3.3381 0.0014925 146.3 -14.982 3.3389
146.523 -14.8829 3.34837 0.271068 146.3 -14.982 3.3389
146.551 -14.8968 3.34946 0.273152 146.3 -14.982 3.3389
146.451 -15.3973 3.3326 1.10873e-06 146.3 -14.982 3.3389
146.554 -15.5388 3.33055 9.6798e-10 146.3 -14.982 3.3389
146.368 -15.079 3.35012 0.0400913 146.3 -14.982 3.3389
146.443 -15.2806 3.35342 0.000453574 146.3 -14.982 3.3389
146.5 -15.1852 3.35033 0.0133148 146.3 -14.982 3.3389
146.063 -15.3829 3.32164 5.28551e-10 146.3 -14.982 3.3389
146.261 -14.4391 3.34401 0.000154091 146.3 -14.982 3.3389
146.263 -14.9374 3.33556 0.00241939 146.3 -14.982 3.3389
146.688 -15.2699 3.35257 0.000767978 146.3 -14.982 3.3389
146.514 -15.205 3.35163 0.00685686 146.3 -14.982 3.3389
146.271 -14.7184 3.34458 0.0308502 146.3 -14.982 3.3389
146.578 -15.5869 3.3302 9.80098e-11 146.3 -14.982 3.3389
146.402 -15.6258 3.33615 2.12858e-08 146.3 -14.982 3.3389
146.306 -15.3317 3.34179 0.000569113 146.3 -14.982 3.3389
146.015 -15.0611 3.33801 0.000702552 146.3 -14.982 3.3389
146.686 -15.2238 3.34155 0.000326594 146.3 -14.982 3.3389
145.612 -15.6219 3.32458 8.18121e-14 146.3 -14.982 3.3389
146.522 -14.9995 3.3244 4.94604e-10 146.3 -14.982 3.3389
146.52 -15.1004 3.31333 5.31483e-19 146.3 -14.982 3.3389
145.971 -15.23 3.34077 5.70394e-05 146.3 -14.982 3.3389
146.392 -14.9783 3.32531 2.48289e-08 146.3 -14.982 3.3389
145.666 -14.8085 3.33044 7.62717e-09 146.3 -14.982 3.3389
146.172 -14.7254 3.35247 0.00359378 146.3 -14.982 3.3389
146.76 -15.194 3.34689 0.00131282 146.3 -14.982 3.3389
145.92 -15.0417 3.3308 9.13334e-06 146.3 -14.982 3.3389
146.404 -15.2433 3.34471 0.00579274 146.3 -14.982 3.3389
146.812 -15.046 3.32755 1.11566e-11 146.3 -14.982 3.3389
146.696 -15.7128 3.34639 2.32676e-10 146.3 -14.982 3.3389
145.812 -15.1815 3.34259 1.16853e-06 146.3 -14.982 3.3389
146.256 -15.1191 3.33175 0.000110843 146.3 -14.982 3.3389
145.702 -14.9368 3.33615 3.10276e-07 146.3 -14.982 3.3389
145.8 -15.0526 3.33798 5.79722e-06 146.3 -14.982 3.3389
146.526 -14.5696 3.32611 7.45805e-12 146.3 -14.982 3.3389
146.204 -15.1079 3.33506 0.00111834 146.3 -14.982 3.3389
146.742 -15.5096 3.34326 2.08188e-07 146.3 -14.982 3.3389
146.069 -14.9934 3.3438 0.00391502 146.3 -14.982 3.3389
146.113 -15.7961 3.34201 6.49294e-12 146.3 -14.982 3.3389
145.661 -15.3298 3.33372 3.06195e-09 146.3 -14.982 3.3389
146.067 -14.9348 3.33948 0.00300356 146.3 -14.982 3.3389
146.435 -14.5334 3.36256 0.000390547 146.3 -14.982 3.3389
146.359 -14.9169 3.33623 0.00302211 146.3 -14.982 3.3389
146.817 -15.0864 3.34457 0.000769114 146.3 -14.982 3.3389
146.456 -14.472 3.3318 8.08597e-09 146.3 -14.982 3.3389
145.81 -15.3065 3.35247 1.05363e-10 146.3 -14.982 3.3389
146.408 -15.2227 3.3214 4.74064e-11 146.3 -14.982 3.3389
146.118 -15.3039 3.33323 2.84959e-05 146.3 -14.982 3.3389
145.99 -15.5676 3.32978 4.20174e-09 146.3 -14.982 3.3389
145.9 -15.1412 3.3407 3.71067e-05 146.3 -14.982 3.3389
145.475 -15.7399 3.31769 1.10001e-18 146.3 -14.982 3.3389
146.486 -15.1954 3.32272 7.58272e-11 146.3 -14.982 3.3389
145.674 -14.3405 3.33487 9.89017e-13 146.3 -14.982 3.3389
146.349 -14.9236 3.33612 0.00296938 146.3 -14.982 3.3389
146.073 -15.3734 3.31653 6.92691e-13 146.3 -14.982 3.3389
146.195 -14.9382 3.32641 6.08295e-07 146.3 -14.982 3.3389
145.986 -15.2044 3.34157 0.000108228 146.3 -14.982 3.3389
146.302 -15.5905 3.32821 9.81645e-10 146.3 -14.982 3.3389
146.524 -15.2636 3.30893 1.64188e-23 146.3 -14.982 3.3389
146.444 -14.9279 3.32545 8.68577e-09 146.3 -14.982 3.3389
146.241 -14.8031 3.32268 5.76643e-10 146.3 -14.982 3.3389
145.669 -15.186 3.33643 3.25325e-08 146.3 -14.982 3.3389
146.225 -15.4371 3.33549 7.60786e-06 146.3 -14.982 3.3389
145.775 -14.8312 3.35555 7.89183e-10 146.3 -14.982 3.3389
146.05 -14.6464 3.33473 1.68117e-05 146.3 -14.982 3.3389
146.383 -14.7003 3.3439 0.036624 146.3 -14.982 3.3389
146.16 -15.1327 3.3313 7.38564e-05 146.3 -14.982 3.3389
146.038 -14.5596 3.33233 3.57293e-07 146.3 -14.982 3.3389
146.624 -15.063 3.32559 2.53205e-10 146.3 -14.982 3.3389
146.075 -14.8755 3.33756 0.00157007 146.3 -14.982 3.3389
146.252 -14.4392 3.33635 1.38475e-06 146.3 -14.982 3.3389
146.403 -14.7079 3.35113 0.116746 146.3 -14.982 3.3389
146.336 -14.9655 3.32849 2.93679e-06 146.3 -14.982 3.3389
146.066 -14.8228 3.33646 0.000612508 146.3 -14.982 3.3389
146.496 -15.4791 3.33351 1.68344e-07 146.3 -14.982 3.3389
146.655 -14.4577 3.33347 1.28469e-09 146.3 -14.982 3.3389
146.209 -15.1274 3.32965 1.98629e-05 146.3 -14.982 3.3389
146.509 -15.3952 3.33396 1.52252e-06 146.3 -14.982 3.3389
146.971 -15.6058 3.34752 9.23946e-11 146.3 -14.982 3.3389
146.386 -15.0249 3.34738 0.113146 146.3 -14.982 3.3389
146.746 -15.6111 3.33716 2.71354e-10 146.3 -14.982 3.3389
146.298 -14.9601 3.35364 0.0169064 146.3 -14.982 3.3389
146.912 -15.2375 3.33655 1.38698e-08 146.3 -14.982 3.3389
146.674 -15.1902 3.33634 1.75272e-05 146.3 -14.982 3.3389
146.841 -14.6174 3.35619 0.0150633 146.3 -14.982 3.3389
146.044 -15.0697 3.32453 1.35734e-07 146.3 -14.982 3.3389
146.653 -14.9385 3.34426 0.0283746 146.3 -14.982 3.3389
146.766 -14.4375 3.3436 6.29777e-06 146.3 -14.982 3.3389
