33.7403 9.25451 0.187919 1.0159e-19 34.132 9.4312 0.20359
34.1176 9.05205 0.215714 2.80586e-10 34.132 9.4312 0.20359
34.0828 9.00732 0.208727 3.93105e-06 34.132 9.4312 0.20359
33.765 9.90252 0.207111 3.28203e-11 34.132 9.4312 0.20359
33.8485 10.062 0.195991 3.45969e-20 34.132 9.4312 0.20359
33.655 9.0501 0.200805 4.13289e-12 34.132 9.4312 0.20359
33.6672 9.59465 0.213335 3.7361e-07 34.132 9.4312 0.20359
34.0944 9.5341 0.201728 0.0242116 34.132 9.4312 0.20359
34.4823 9.31766 0.199096 0.134716 34.132 9.4312 0.20359
34.186 9.19086 0.219572 9.30291e-13 34.132 9.4312 0.20359
34.3915 9.75802 0.201164 2.04071e-05 34.132 9.4312 0.20359
33.9306 9.25441 0.212605 9.8261e-05 34.132 9.4312 0.20359
33.6902 9.41333 0.205485 5.99394e-07 34.132 9.4312 0.20359
34.1171 9.75764 0.200095 6.56556e-06 34.132 9.4312 0.20359
33.6863 9.22969 0.197196 7.04257e-12 34.132 9.4312 0.20359
34.0381 9.06981 0.205156 0.00043637 34.132 9.4312 0.20359
34.0541 10.0628 0.209231 2.03176e-12 34.132 9.4312 0.20359
34.2838 8.71785 0.20775 7.45937e-14 34.132 9.4312 0.20359
34.0204 9.57741 0.185473 1.1329e-16 34.132 9.4312 0.20359
34.5138 9.05967 0.20527 1.36376e-06 34.132 9.4312 0.20359
33.4912 9.54377 0.205889 7.00791e-13 34.132 9.4312 0.20359
34.3928 9.78259 0.200207 5.59567e-06 34.132 9.4312 0.20359
34.1323 9.08931 0.210426 1.21434e-05 34.132 9.4312 0.20359
33.7348 9.1775 0.195109 2.96085e-12 34.132 9.4312 0.20359
33.4805 9.70853 0.211439 1.65026e-12 34.132 9.4312 0.20359
33.6661 10.0282 0.201822 6.94446e-19 34.132 9.4312 0.20359
34.0669 8.96109 0.208718 4.26651e-07 34.132 9.4312 0.20359
33.818 9.27177 0.190203 3.84269e-14 34.132 9.4312 0.20359
33.7487 9.9597 0.202041 8.05576e-16 34.132 9.4312 0.20359
34.0973 9.08293 0.201065 0.00339161 34.132 9.4312 0.20359
33.1177 9.54974 0.199216 2.88429e-36 34.132 9.4312 0.20359
34.1547 9.18344 0.216569 3.44962e-09 34.132 9.4312 0.20359
33.7591 9.37032 0.195711 7.97941e-11 34.132 9.4312 0.20359
34.2298 9.61213 0.187134 1.18992e-10 34.132 9.4312 0.20359
34.3224 9.3693 0.198814 0.595123 34.132 9.4312 0.20359
33.7267 9.76968 0.193338 7.12412e-20 34.132 9.4312 0.20359
33.9091 9.24237 0.212479 6.86703e-05 34.132 9.4312 0.20359
34.4512 9.03809 0.201643 0.000380637 34.132 9.4312 0.20359
33.7175 9.44786 0.19463 1.31144e-13 34.132 9.4312 0.20359
33.9825 9.51273 0.219685 2.95959e-08 34.132 9.4312 0.20359
34.4767 9.17329 0.192129 0.0298862 34.132 9.4312 0.20359
33.8756 9.67477 0.200976 2.74304e-07 34.132 9.4312 0.20359
33.9324 9.54497 0.200759 0.00010624 34.132 9.4312 0.20359
34.1019 9.22877 0.221409 3.63251e-13 34.132 9.4312 0.20359
34.461 9.92747 0.192419 0 34.132 9.4312 0.20359
33.5972 9.5385 0.201176 1.50594e-12 34.132 9.4312 0.20359
33.9229 9.18213 0.21729 1.81054e-08 34.132 9.4312 0.20359
33.937 9.90092 0.187973 6.51603e-24 34.132 9.4312 0.20359
34.3103 9.15521 0.205653 0.00360233 34.132 9.4312 0.20359
33.9066 9.35052 0.201844 0.00093019 34.132 9.4312 0.20359
33.7019 9.51421 0.196423 5.66249e-13 34.132 9.4312 0.20359
34.0422 9.44032 0.209537 0.0161274 34.132 9.4312 0.20359
34.0362 9.90521 0.207178 3.20415e-08 34.132 9.4312 0.20359
33.4563 9.06949 0.198358 1.0686e-20 34.132 9.4312 0.20359
33.7065 9.41074 0.198891 5.13133e-10 34.132 9.4312 0.20359
34.1252 9.3665 0.211677 0.00128721 34.132 9.4312 0.20359
33.8178 9.51731 0.220839 1.01301e-08 34.132 9.4312 0.20359
33.7945 9.74497 0.205832 7.77708e-08 34.132 9.4312 0.20359
34.3463 9.21218 0.205573 0.00725316 34.132 9.4312 0.20359
34.1771 8.65568 0.219431 1.9571e-27 34.132 9.4312 0.20359
33.8514 9.55764 0.200076 1.07869e-06 34.132 9.4312 0.20359
34.2037 9.5425 0.206748 0.0275458 34.132 9.4312 0.20359
34.451 9.94659 0.195435 0 34.132 9.4312 0.20359
34.2857 9.09637 0.226121 2.23751e-26 34.132 9.4312 0.20359
33.9773 9.4249 0.190942 1.64583e-09 34.132 9.4312 0.20359
34.0542 9.68824 0.200994 7.00119e-05 34.132 9.4312 0.20359
33.9653 9.54713 0.20201 0.000929182 34.132 9.4312 0.20359
33.7924 9.21061 0.213174 2.22127e-06 34.132 9.4312 0.20359
34.2801 9.02786 0.210287 1.16173e-07 34.132 9.4312 0.20359
34.1649 9.23255 0.189903 9.89398e-06 34.132 9.4312 0.20359
34.3455 9.44174 0.167091 6.49603e-36 34.132 9.4312 0.20359
34.4394 9.0124 0.205712 1.42227e-06 34.132 9.4312 0.20359
33.695 9.06017 0.196667 2.62225e-13 34.132 9.4312 0.20359
34.229 9.4572 0.205381 0.14089 34.132 9.4312 0.20359
33.6471 9.86209 0.203666 1.13573e-14 34.132 9.4312 0.20359
33.7021 9.611 0.222038 4.46168e-10 34.132 9.4312 0.20359
34.7765 9.21242 0.207953 2.08638e-13 34.132 9.4312 0.20359
33.9549 9.02282 0.193331 7.588e-09 34.132 9.4312 0.20359
33.7752 9.79626 0.214557 2.81729e-08 34.132 9.4312 0.20359
33.8513 9.4256 0.211821 0.00039956 34.132 9.4312 0.20359
33.9632 9.48165 0.198869 0.000168184 34.132 9.4312 0.20359
33.6663 9.28272 0.214906 9.52823e-08 34.132 9.4312 0.20359
33.9573 9.46628 0.190133 3.09609e-11 34.132 9.4312 0.20359
33.8786 9.70708 0.213061 6.75451e-06 34.132 9.4312 0.20359
33.8931 9.3023 0.219351 1.28269e-08 34.132 9.4312 0.20359
33.8385 9.40935 0.210646 0.000507445 34.132 9.4312 0.20359
34.209 9.47965 0.186543 1.73703e-09 34.132 9.4312 0.20359
34.0874 9.46259 0.192538 3.86057e-06 34.132 9.4312 0.20359
33.8896 9.5513 0.202715 0.000106761 34.132 9.4312 0.20359
33.6285 9.1587 0.190112 1.44552e-21 34.132 9.4312 0.20359
33.7335 9.29274 0.216481 1.77178e-07 34.132 9.4312 0.20359
33.9474 9.0837 0.197069 2.99383e-06 34.132 9.4312 0.20359
33.9512 9.33138 0.211936 0.000805864 34.132 9.4312 0.20359
33.9504 9.59182 0.203321 0.000496038 34.132 9.4312 0.20359
34.2072 8.96104 0.19998 0.000230405 34.132 9.4312 0.20359
33.9373 9.36419 0.204971 0.0101271 34.132 9.4312 0.20359
33.8712 9.45555 0.215546 2.37899e-05 34.132 9.4312 0.20359
33.827 9.43972 0.224522 3.37941e-12 34.132 9.4312 0.20359
33.7802 10.024 0.185632 1.92275e-32 34.132 9.4312 0.20359
34.469 9.53668 0.211236 9.25934e-08 34.132 9.4312 0.20359
