90.8106 16.3687 0.0910647 0.000766162 90.953 16.785 0.07994
91.2524 16.3524 0.0919563 1.51728e-07 90.953 16.785 0.07994
91.4881 16.0814 0.0762806 4.84518e-14 90.953 16.785 0.07994
91.1752 16.4095 0.0763221 6.01257e-06 90.953 16.785 0.07994
90.7986 15.0376 0.0746387 2.48284e-35 90.953 16.785 0.07994
90.5237 16.1807 0.0509777 3.61515e-14 90.953 16.785 0.07994
91.2276 16.9284 0.0774088 0.000468194 90.953 16.785 0.07994
90.9508 15.6918 0.0888945 2.09094e-15 90.953 16.785 0.07994
90.4382 16.5022 0.0781489 0.0036707 90.953 16.785 0.07994
90.5048 16.13 0.0664167 2.05675e-09 90.953 16.785 0.07994
91.0171 16.4938 0.0820882 0.00127052 90.953 16.785 0.07994
90.6587 16.6939 0.0642571 0.000662043 90.953 16.785 0.07994
91.2125 15.9756 0.0782206 4.16422e-12 90.953 16.785 0.07994
91.1414 16.4177 0.0748382 1.05651e-05 90.953 16.785 0.07994
90.9515 16.2256 0.0801455 4.6362e-06 90.953 16.785 0.07994
91.0167 16.1831 0.0678512 1.07477e-08 90.953 16.785 0.07994
90.8559 16.2795 0.0687298 1.56773e-06 90.953 16.785 0.07994
90.7579 16.8089 0.0736049 0.107113 90.953 16.785 0.07994
90.7736 15.7562 0.0709109 5.0934e-15 90.953 16.785 0.07994
90.671 16.9104 0.0698346 0.0379157 90.953 16.785 0.07994
90.9479 16.0891 0.0735302 1.02908e-08 90.953 16.785 0.07994
90.7468 16.6405 0.0777599 0.0809111 90.953 16.785 0.07994
90.9421 16.0897 0.0927536 4.80449e-08 90.953 16.785 0.07994
91.2113 16.3835 0.0855109 2.59194e-06 90.953 16.785 0.07994
90.6405 16.5833 0.0858444 0.102565 90.953 16.785 0.07994
91.1866 16.6574 0.0699461 5.40175e-05 90.953 16.785 0.07994
91.118 17.0011 0.0768401 0.003959 90.953 16.785 0.07994
91.2837 15.7953 0.071805 3.30478e-17 90.953 16.785 0.07994
90.9979 16.2432 0.0748157 1.3466e-06 90.953 16.785 0.07994
90.517 16.2232 0.080386 1.61862e-05 90.953 16.785 0.07994
91.2952 16.2873 0.0731437 7.34659e-09 90.953 16.785 0.07994
91.1878 16.4824 0.0682738 1.79491e-06 90.953 16.785 0.07994
90.5648 16.4329 0.0989929 0.00085831 90.953 16.785 0.07994
90.7411 16.9917 0.0612554 0.00041326 90.953 16.785 0.07994
91.2948 16.2814 0.068022 1.0371e-09 90.953 16.785 0.07994
91.2627 16.348 0.0755273 1.51763e-07 90.953 16.785 0.07994
90.6855 16.5573 0.0801162 0.045759 90.953 16.785 0.07994
91.9426 16.8668 0.084202 6.7577e-17 90.953 16.785 0.07994
90.1667 16.5027 0.078348 4.3211e-05 90.953 16.785 0.07994
90.6553 16.6133 0.0710642 0.00767871 90.953 16.785 0.07994
91.096 16.8644 0.0699495 0.00134241 90.953 16.785 0.07994
91.6496 15.6736 0.0833709 1.35611e-24 90.953 16.785 0.07994
90.8782 16.4739 0.0886397 0.00459586 90.953 16.785 0.07994
91.1229 15.8255 0.0666176 4.65136e-16 90.953 16.785 0.07994
91.1074 16.0826 0.0855564 4.66584e-09 90.953 16.785 0.07994
91.1536 16.1032 0.0676279 6.34795e-11 90.953 16.785 0.07994
91.0586 16.7513 0.0879409 0.00906742 90.953 16.785 0.07994
91.2711 16.5724 0.0866167 1.40141e-05 90.953 16.785 0.07994
90.6381 16.2823 0.0845884 0.000239534 90.953 16.785 0.07994
91.1402 15.9056 0.0566875 1.87291e-17 90.953 16.785 0.07994
90.9862 16.811 0.0813628 0.0570342 90.953 16.785 0.07994
91.1737 16.5359 0.0739753 4.24513e-05 90.953 16.785 0.07994
90.9879 16.0589 0.0625545 8.41346e-12 90.953 16.785 0.07994
90.3671 16.839 0.0856667 0.124131 90.953 16.785 0.07994
90.5231 15.9496 0.0716799 3.78885e-11 90.953 16.785 0.07994
91.14 16.3478 0.0899676 3.61063e-06 90.953 16.785 0.07994
90.4603 16.6226 0.079995 0.0415655 90.953 16.785 0.07994
91.2199 16.5709 0.0750412 3.3254e-05 90.953 16.785 0.07994
91.0974 16.3899 0.0652521 3.14334e-07 90.953 16.785 0.07994
91.0758 16.4731 0.0816515 0.000313408 90.953 16.785 0.07994
90.7731 16.5858 0.0753349 0.0204809 90.953 16.785 0.07994
91.1356 16.3826 0.101397 1.67053e-07 90.953 16.785 0.07994
91.164 16.5236 0.0660334 2.33095e-06 90.953 16.785 0.07994
90.4931 16.6108 0.0657343 0.000186859 90.953 16.785 0.07994
91.0549 16.7054 0.0721431 0.00210542 90.953 16.785 0.07994
91.3907 15.9498 0.0814337 1.42464e-14 90.953 16.785 0.07994
91.0543 16.1799 0.0654828 1.66856e-09 90.953 16.785 0.07994
91.4358 15.9893 0.0830011 1.67532e-14 90.953 16.785 0.07994
91.5553 16.5563 0.0826363 1.09361e-09 90.953 16.785 0.07994
90.7563 16.1183 0.0783244 4.97546e-07 90.953 16.785 0.07994
91.1036 16.5339 0.0589586 1.31604e-07 90.953 16.785 0.07994
90.8009 16.681 0.0774764 0.0937426 90.953 16.785 0.07994
90.7318 15.8306 0.0763322 2.12203e-12 90.953 16.785 0.07994
91.1285 15.8869 0.0757827 3.22202e-13 90.953 16.785 0.07994
90.3825 17.0003 0.102326 0.00207684 90.953 16.785 0.07994
91.2936 16.515 0.0807627 4.11631e-06 90.953 16.785 0.07994
90.9707 16.3794 0.0892143 0.00019985 90.953 16.785 0.07994
91.2354 16.5591 0.0683885 2.59631e-06 90.953 16.785 0.07994
90.4852 16.752 0.0706729 0.0100771 90.953 16.785 0.07994
90.8736 16.391 0.0685651 2.36763e-05 90.953 16.785 0.07994
90.9649 16.5005 0.0814525 0.00294856 90.953 16.785 0.07994
90.8184 16.6352 0.0854425 0.101471 90.953 16.785 0.07994
90.5295 16.1893 0.0674379 3.59353e-08 90.953 16.785 0.07994
90.9945 16.4498 0.0791286 0.000590209 90.953 16.785 0.07994
91.2183 16.2197 0.0680219 1.02914e-09 90.953 16.785 0.07994
90.5015 15.9466 0.095169 1.13796e-09 90.953 16.785 0.07994
91.251 16.6003 0.0793176 4.27925e-05 90.953 16.785 0.07994
90.7286 15.7656 0.0783342 1.6366e-13 90.953 16.785 0.07994
90.9854 16.2825 0.0704665 1.09105e-06 90.953 16.785 0.07994
91.0719 16.7862 0.0713293 0.00229218 90.953 16.785 0.07994
90.8022 16.6467 0.089209 0.0949955 90.953 16.785 0.07994
90.8818 16.2573 0.0988165 3.05395e-06 90.953 16.785 0.07994
91.636 16.9752 0.0822734 3.95379e-10 90.953 16.785 0.07994
91.4034 16.4013 0.0732317 5.75176e-09 90.953 16.785 0.07994
91.2379 16.7852 0.0794907 0.000324031 90.953 16.785 0.07994
90.8351 16.5681 0.0820566 0.0354472 90.953 16.785 0.07994
90.776 16.3445 0.0934176 0.000370245 90.953 16.785 0.07994
91.311 16.3739 0.0836274 1.54456e-07 90.953 16.785 0.07994
90.9637 16.3422 0.078582 7.44724e-05 90.953 16.785 0.07994
91.0374 16.1339 0.0908865 6.33096e-08 90.953 16.785 0.07994
