131.032 -18.254 3.37657 0.0424705
130.889 -18.4596 3.39794 1.03898e-06
130.857 -18.1674 3.38282 0.0464512
131.057 -18.0095 3.40438 1.26137e-10
131.08 -18.64 3.38843 0.00705043
130.872 -18.434 3.37906 0.0894952
130.547 -17.7617 3.3906 6.1545e-12
131.299 -18.4665 3.3705 1.13063e-06
131.131 -18.3347 3.39527 0.00205236
131.094 -18.3033 3.4 5.35369e-06
131.026 -18.3687 3.39647 0.000184996
131.151 -18.4366 3.37049 4.26588e-05
130.926 -18.3614 3.40581 5.68224e-12
131.3 -18.2488 3.37771 0.00262778
130.609 -18.1866 3.3946 1.3018e-08
131.031 -18.7106 3.38645 0.00241048
130.56 -18.4613 3.38319 7.48836e-05
130.815 -18.9529 3.38084 2.96691e-07
131.542 -18.2906 3.38401 0.000206516
130.927 -18.2125 3.38854 0.0279594
130.845 -18.2755 3.38916 0.00712152
130.785 -18.2107 3.38608 0.00834777
130.8 -18.223 3.40702 4.6675e-15
130.238 -18.1266 3.38297 2.59355e-11
130.357 -17.8715 3.39342 7.66563e-16
131 -18.4924 3.37656 0.0309146
131.676 -18.3753 3.36667 2.47047e-16
131.151 -18.7217 3.38975 0.000631569
130.964 -18.5202 3.39473 0.000142366
131.242 -18.6246 3.39911 2.27613e-06
131.661 -17.6781 3.38415 1.78795e-12
131.256 -18.0386 3.40128 2.84725e-07
131.471 -18.2502 3.37984 0.000145554
131.384 -17.9505 3.38468 0.000120143
130.653 -18.5777 3.37642 0.00045471
131.247 -17.6108 3.38188 1.75159e-09
131.751 -18.333 3.3761 3.3626e-11
131.043 -18.561 3.39502 0.000178602
130.592 -17.818 3.38188 6.19405e-08
130.825 -17.8974 3.4019 1.69807e-12
131.081 -18.3614 3.39202 0.0219332
130.6 -18.6139 3.37875 9.23531e-05
131.096 -18.0654 3.38127 0.0238847
130.866 -18.2501 3.37375 0.00728876
131.143 -18.241 3.3925 0.0170018
131.383 -18.4689 3.38898 0.0100758
130.315 -18.4193 3.38605 4.37685e-10
130.985 -18.4433 3.39081 0.0142732
131.108 -17.904 3.38818 0.000440911
130.647 -18.1853 3.39083 4.72547e-06
130.754 -17.9601 3.39695 2.3513e-09
130.941 -18.415 3.39064 0.0110563
131.033 -18.0484 3.37464 0.000757264
130.811 -18.5221 3.3949 3.96612e-06
131.154 -19.0481 3.37321 9.43318e-11
131.481 -18.4589 3.38342 0.00065623
130.641 -18.5228 3.40543 4.39321e-17
131.266 -18.8033 3.36957 1.37422e-09
131.012 -18.234 3.36528 2.03525e-07
131.177 -18.0151 3.38719 0.0079537
131.116 -18.1365 3.3991 8.15026e-06
130.868 -17.9388 3.39694 3.80655e-08
130.8 -17.7217 3.3915 2.13509e-09
131.079 -18.2708 3.40057 1.80581e-06
131.197 -18.7898 3.39082 4.9277e-05
130.785 -18.1348 3.39226 4.19567e-05
130.625 -17.9804 3.37778 2.23984e-05
130.644 -18.3348 3.39058 1.07281e-05
131.372 -18.4757 3.40658 4.75227e-10
131.017 -17.9004 3.3827 0.000667689
131.165 -17.9241 3.38384 0.00101973
131.591 -18.2984 3.4002 7.88186e-07
130.973 -18.1459 3.40105 5.18727e-08
131.045 -18.2143 3.38527 0.226412
130.859 -17.7144 3.39664 2.82884e-11
130.24 -18.2932 3.3768 1.75389e-09
131.22 -18.6259 3.37924 0.00282112
131.281 -18.4816 3.38903 0.0335298
130.834 -18.0779 3.38831 0.00130517
130.652 -18.4559 3.3713 0.000162531
130.619 -18.07 3.37891 0.0001415
131.341 -18.4732 3.3811 0.00664935
130.537 -18.2219 3.39349 3.75887e-09
131.17 -18.3235 3.3831 0.266904
130.372 -17.9898 3.39823 1.17309e-17
131.384 -18.1345 3.39961 7.51891e-06
130.594 -18.3261 3.37326 0.000245958
131.079 -18.2245 3.39378 0.00397876
131.052 -18.7072 3.39375 3.3178e-05
131.231 -18.1587 3.40209 4.55401e-07
130.615 -18.4723 3.39974 3.51544e-12
130.421 -18.6154 3.38077 1.6679e-07
130.775 -18.3327 3.40842 7.4189e-17
131.326 -18.3064 3.37185 4.55431e-06
131.231 -18.1823 3.38775 0.070251
130.98 -18.6993 3.38959 0.000492479
131.307 -18.4122 3.36986 5.07228e-07
130.669 -18.2235 3.3926 2.01043e-06
130.95 -18.6558 3.39125 0.000284063
131.247 -18.7332 3.38145 0.000434879
