271.197 23.4326 5.60725 1.44254e-05
271.335 23.8216 5.6061 5.45879e-15
271.332 23.2303 5.59466 0.0128749
270.962 23.5386 5.60602 5.4313e-09
271.272 23.3895 5.59231 3.4832e-05
271.162 23.4397 5.58828 1.49387e-07
271.346 23.1281 5.59211 0.0584019
271.36 23.251 5.59235 0.00408774
271.25 23.1302 5.58682 0.00429744
271.61 23.6904 5.60088 4.2327e-13
271.444 22.7541 5.57966 0.000393134
271.184 23.5425 5.57589 9.50883e-15
271.453 23.3894 5.59761 5.19741e-05
270.878 23.3459 5.59084 9.59899e-09
271.119 22.0536 5.59894 6.94402e-18
271.183 23.271 5.59899 0.00449529
271.281 23.2575 5.58938 0.000976776
271.249 22.6501 5.6184 3.39192e-08
271.118 23.236 5.60057 0.00542448
271.159 23.1158 5.59806 0.0706525
271.978 22.5759 5.58839 1.2045e-11
271.299 23.6893 5.57748 2.66884e-17
271.103 23.5113 5.59753 1.35002e-07
271.423 23.2339 5.58111 1.61181e-05
270.944 22.6986 5.58966 9.96127e-06
271.129 23.2362 5.58249 2.20712e-06
271.857 23.3336 5.60249 2.49033e-10
271.111 23.0134 5.58197 7.71189e-05
270.706 23.3215 5.59829 3.26832e-10
271.394 22.5801 5.59031 0.000583624
271.757 23.4717 5.58161 4.69153e-12
271.951 23.7404 5.59424 7.13575e-21
271.406 23.257 5.57839 8.35835e-07
271.154 22.8533 5.58817 0.0117955
271.704 23.7152 5.59661 3.90319e-15
271.139 22.9616 5.61447 0.000702196
271.733 22.9488 5.6065 1.87103e-06
271.649 23.6342 5.61029 1.82924e-13
271.724 22.6833 5.60199 6.24622e-07
271.084 23.2819 5.61533 2.19677e-05
271.563 23.5246 5.59379 1.10029e-08
271.51 23.7353 5.60891 6.28539e-14
271.738 23.4316 5.6021 2.36487e-09
271.362 23.4717 5.60645 2.2122e-06
271.26 23.4884 5.58617 1.27625e-08
271.413 22.9097 5.61084 0.00115644
271.383 23.1008 5.58978 0.0408805
271.57 23.2223 5.59416 0.000873814
271.582 22.5702 5.59214 3.58628e-05
271.713 22.9667 5.59707 0.000255228
271.071 23.6135 5.58935 4.53455e-12
271.234 23.5806 5.6024 3.25573e-08
271.732 22.5577 5.58776 3.84605e-07
271.131 23.4055 5.5872 1.85175e-07
271.645 23.1864 5.61387 8.72109e-08
271.52 23.0472 5.58174 0.000708228
270.967 23.0543 5.61628 3.02732e-05
271.975 23.6825 5.58674 1.90776e-20
271.187 23.4715 5.60984 1.44339e-06
270.755 23.8805 5.59009 1.75088e-25
270.978 23.4385 5.59546 9.58169e-08
271.462 23.0995 5.59861 0.0569251
270.864 23.1266 5.60875 3.69218e-05
271.708 22.5947 5.6061 5.27919e-09
270.946 23.1712 5.59527 0.000131961
271.436 23.1568 5.60405 0.0128632
270.957 23.1397 5.58787 8.54683e-06
272.045 23.5308 5.61251 1.55067e-21
271.263 23.4933 5.58848 4.62609e-08
271.166 23.2669 5.599 0.00418855
271.297 23.2879 5.58693 0.000117322
271.197 23.8033 5.59737 6.93115e-15
271.476 23.3723 5.60744 1.09069e-05
271.046 23.1338 5.59647 0.00578143
271.76 23.4985 5.59505 1.16278e-10
271.51 23.0703 5.5938 0.0390052
271.203 23.0896 5.60083 0.14981
271.963 22.7949 5.58008 7.07225e-10
271.673 23.5413 5.62433 2.58791e-17
271.027 22.8479 5.60293 0.00733515
271.842 23.0114 5.61316 4.16947e-11
271.388 22.6926 5.57485 4.59547e-06
271.322 23.0144 5.58692 0.0351312
271.245 23.6444 5.57451 7.85164e-18
271.843 23.0231 5.58759 1.33619e-06
271.2 23.7522 5.58701 8.64577e-16
271.815 23.0135 5.59732 3.28518e-06
271.691 23.4519 5.6002 9.61951e-09
271.5 23.282 5.60929 3.45101e-05
271.285 22.957 5.59547 0.413838
271.518 23.4292 5.61774 7.27139e-10
271.019 23.1911 5.59127 0.00015312
271.652 23.1807 5.59564 0.000261842
271.534 23.2661 5.60143 0.00043196
272.207 23.0046 5.59629 9.38397e-17
271.51 23.0454 5.59672 0.0501959
271.326 23.1576 5.58442 0.00104026
271.606 23.1023 5.59381 0.00352098
271.077 22.6725 5.58978 0.000306214
271.589 22.336 5.59417 7.6775e-10
