68.0945 -43.3889 3.80866 2.19642e-08 68.313 -43.721 3.8171
67.4723 -43.9388 3.81143 4.19312e-19 68.313 -43.721 3.8171
68.4408 -43.6232 3.8149 0.0777351 68.313 -43.721 3.8171
67.8616 -43.605 3.81148 6.91755e-08 68.313 -43.721 3.8171
67.8986 -43.877 3.81155 1.49507e-06 68.313 -43.721 3.8171
68.2589 -43.6815 3.82438 0.0680419 68.313 -43.721 3.8171
68.0536 -43.2136 3.81234 1.17689e-10 68.313 -43.721 3.8171
68.3236 -43.9635 3.80908 0.0033783 68.313 -43.721 3.8171
67.7175 -43.7441 3.82635 3.34794e-12 68.313 -43.721 3.8171
68.4108 -43.6727 3.82894 0.0074852 68.313 -43.721 3.8171
68.1163 -43.5612 3.805 1.5433e-07 68.313 -43.721 3.8171
67.7669 -43.6059 3.8216 3.14662e-09 68.313 -43.721 3.8171
67.7293 -43.7167 3.82017 4.51168e-10 68.313 -43.721 3.8171
68.341 -43.8885 3.80868 0.00560739 68.313 -43.721 3.8171
68.6381 -43.6573 3.8027 3.59216e-09 68.313 -43.721 3.8171
68.4157 -43.7733 3.78199 4.01456e-28 68.313 -43.721 3.8171
67.6264 -43.8932 3.81055 1.24634e-13 68.313 -43.721 3.8171
68.3153 -43.8248 3.81405 0.120553 68.313 -43.721 3.8171
67.7763 -43.4663 3.80759 3.95292e-13 68.313 -43.721 3.8171
68.5509 -43.3501 3.80462 6.86604e-12 68.313 -43.721 3.8171
68.1181 -43.961 3.8153 0.00120306 68.313 -43.721 3.8171
68.7784 -43.4574 3.8211 1.70675e-05 68.313 -43.721 3.8171
67.7292 -43.9011 3.80882 5.24988e-11 68.313 -43.721 3.8171
68.7056 -43.8606 3.80413 5.12314e-08 68.313 -43.721 3.8171
68.184 -43.7106 3.81214 0.0138847 68.313 -43.721 3.8171
68.1367 -44.0331 3.82003 4.42847e-05 68.313 -43.721 3.8171
68.4247 -43.4901 3.79684 4.6064e-15 68.313 -43.721 3.8171
68.545 -43.4525 3.80735 9.63172e-08 68.313 -43.721 3.8171
68.1089 -43.3037 3.80145 1.24684e-15 68.313 -43.721 3.8171
68.258 -43.2153 3.79923 1.15746e-19 68.313 -43.721 3.8171
68.3187 -43.9648 3.81246 0.0130384 68.313 -43.721 3.8171
67.9419 -44.1143 3.80901 5.03873e-08 68.313 -43.721 3.8171
68.5401 -44.0653 3.79812 9.19505e-10 68.313 -43.721 3.8171
68.5459 -43.8694 3.82022 0.0140309 68.313 -43.721 3.8171
67.9847 -44.1541 3.80524 1.70853e-08 68.313 -43.721 3.8171
68.4135 -43.2061 3.80226 5.77838e-17 68.313 -43.721 3.8171
67.8762 -44.8871 3.80857 8.35578e-32 68.313 -43.721 3.8171
68.7684 -43.6471 3.81483 2.80908e-05 68.313 -43.721 3.8171
68.2565 -44.3061 3.81732 4.29949e-09 68.313 -43.721 3.8171
68.195 -43.7881 3.81135 0.0139944 68.313 -43.721 3.8171
67.9326 -43.1738 3.81327 4.73956e-13 68.313 -43.721 3.8171
68.1745 -43.7775 3.8014 3.37285e-07 68.313 -43.721 3.8171
68.0688 -43.8196 3.81709 0.00295545 68.313 -43.721 3.8171
67.8448 -43.8234 3.80632 6.09179e-09 68.313 -43.721 3.8171
68.307 -43.269 3.82851 0.000247378 68.313 -43.721 3.8171
67.7112 -43.7456 3.81086 5.69124e-11 68.313 -43.721 3.8171
68.4234 -43.6169 3.80079 3.88935e-09 68.313 -43.721 3.8171
67.677 -44.2366 3.80902 5.67467e-16 68.313 -43.721 3.8171
68.2702 -43.8434 3.81049 0.0178122 68.313 -43.721 3.8171
68.0682 -43.6534 3.80018 3.94674e-10 68.313 -43.721 3.8171
68.6458 -43.9742 3.80942 3.19524e-05 68.313 -43.721 3.8171
67.4742 -43.9342 3.81721 2.31025e-19 68.313 -43.721 3.8171
67.6252 -43.7852 3.80173 7.82226e-17 68.313 -43.721 3.8171
68.2243 -44.2153 3.81253 2.40856e-06 68.313 -43.721 3.8171
67.6811 -43.984 3.81932 2.55953e-13 68.313 -43.721 3.8171
67.8407 -43.8213 3.83114 3.7406e-12 68.313 -43.721 3.8171
68.1548 -44.0705 3.82956 4.07191e-10 68.313 -43.721 3.8171
67.9702 -43.2182 3.80754 1.09197e-14 68.313 -43.721 3.8171
68.2907 -43.2316 3.82193 4.93195e-05 68.313 -43.721 3.8171
68.6551 -43.6097 3.80983 1.44419e-05 68.313 -43.721 3.8171
68.4856 -43.2392 3.80629 9.25681e-13 68.313 -43.721 3.8171
67.9518 -43.6508 3.80364 2.40978e-09 68.313 -43.721 3.8171
67.6135 -44.5176 3.81145 3.46106e-25 68.313 -43.721 3.8171
68.0364 -43.5857 3.81886 0.00114709 68.313 -43.721 3.8171
67.8679 -44.1193 3.81831 2.34054e-10 68.313 -43.721 3.8171
68.1958 -43.8541 3.79699 8.66749e-10 68.313 -43.721 3.8171
68.3567 -43.4383 3.80936 7.95447e-06 68.313 -43.721 3.8171
68.2223 -43.7377 3.81906 0.143009 68.313 -43.721 3.8171
68.6992 -43.998 3.82752 3.81273e-08 68.313 -43.721 3.8171
68.5257 -43.4333 3.79264 4.19038e-22 68.313 -43.721 3.8171
68.0201 -43.6555 3.82634 6.61403e-05 68.313 -43.721 3.8171
68.3971 -44.2269 3.83472 2.52799e-17 68.313 -43.721 3.8171
67.721 -43.5658 3.81498 8.48898e-11 68.313 -43.721 3.8171
68.1163 -43.9695 3.80334 3.27008e-06 68.313 -43.721 3.8171
67.7914 -43.6776 3.80861 6.95172e-10 68.313 -43.721 3.8171
68.3212 -43.4251 3.81379 0.000555804 68.313 -43.721 3.8171
68.1672 -43.7857 3.81303 0.0195384 68.313 -43.721 3.8171
67.8946 -43.479 3.80866 8.21843e-10 68.313 -43.721 3.8171
67.909 -43.7985 3.79545 1.63907e-14 68.313 -43.721 3.8171
68.2399 -44.2314 3.82391 5.56392e-10 68.313 -43.721 3.8171
67.668 -43.7573 3.79705 6.15484e-19 68.313 -43.721 3.8171
68.1846 -43.6667 3.81907 0.0863921 68.313 -43.721 3.8171
67.8779 -43.5011 3.81384 7.18164e-08 68.313 -43.721 3.8171
68.3851 -43.7929 3.81191 0.0553065 68.313 -43.721 3.8171
68.7558 -43.7715 3.79891 5.08774e-13 68.313 -43.721 3.8171
67.8872 -44.0606 3.79642 2.55989e-13 68.313 -43.721 3.8171
68.4793 -43.2083 3.82514 4.05414e-05 68.313 -43.721 3.8171
67.9506 -43.5048 3.82025 1.67466e-05 68.313 -43.721 3.8171
67.879 -43.7864 3.81594 2.54092e-06 68.313 -43.721 3.8171
67.5348 -44.1196 3.81498 4.04594e-19 68.313 -43.721 3.8171
68.3181 -43.7653 3.80612 0.000415891 68.313 -43.721 3.8171
68.1673 -43.6037 3.81474 0.0134103 68.313 -43.721 3.8171
68.2829 -43.7112 3.81931 0.316714 68.313 -43.721 3.8171
68.041 -43.9598 3.81218 0.000124965 68.313 -43.721 3.8171
68.0869 -43.6491 3.81223 0.00100356 68.313 -43.721 3.8171
67.9841 -43.9429 3.79637 8.28296e-12 68.313 -43.721 3.8171
68.1674 -43.8163 3.80905 0.00208871 68.313 -43.721 3.8171
67.9342 -42.9932 3.80061 2.7804e-29 68.313 -43.721 3.8171
68.1456 -43.2253 3.78984 1.14104e-31 68.313 -43.721 3.8171
67.5313 -43.6784 3.83376 4.99933e-22 68.313 -43.721 3.8171
