25.2006 -85.2183 3.83168 4.5155e-11 24.753 -84.688 3.8124
24.7417 -85.109 3.82032 2.25814e-07 24.753 -84.688 3.8124
25.0332 -84.7593 3.83824 5.32747e-12 24.753 -84.688 3.8124
25.2214 -84.8523 3.81275 6.69962e-05 24.753 -84.688 3.8124
24.655 -84.7236 3.81591 0.00484336 24.753 -84.688 3.8124
24.9348 -84.6866 3.80616 0.00059315 24.753 -84.688 3.8124
25.3996 -84.8113 3.82303 0.000135861 24.753 -84.688 3.8124
24.5244 -84.6252 3.80359 0.000142501 24.753 -84.688 3.8124
24.6903 -85.8082 3.80737 1.46592e-29 24.753 -84.688 3.8124
24.7171 -84.9103 3.79882 2.71003e-09 24.753 -84.688 3.8124
25.1942 -84.3035 3.83226 5.10307e-08 24.753 -84.688 3.8124
24.9781 -84.7093 3.81226 0.0385224 24.753 -84.688 3.8124
24.9146 -84.7178 3.80373 2.74511e-05 24.753 -84.688 3.8124
25.5571 -84.5691 3.81909 9.23002e-07 24.753 -84.688 3.8124
24.809 -84.6582 3.82564 9.56513e-05 24.753 -84.688 3.8124
24.9833 -84.5613 3.8334 3.02106e-08 24.753 -84.688 3.8124
24.9773 -85.0963 3.8109 6.35007e-07 24.753 -84.688 3.8124
24.7917 -84.7115 3.81693 0.0421995 24.753 -84.688 3.8124
25.1227 -84.7852 3.80412 8.776e-08 24.753 -84.688 3.8124
25.1622 -84.3832 3.82476 0.0011103 24.753 -84.688 3.8124
25.1192 -84.8849 3.81575 0.0018127 24.753 -84.688 3.8124
25.155 -84.6372 3.81412 0.0146601 24.753 -84.688 3.8124
25.0261 -84.6426 3.81627 0.157331 24.753 -84.688 3.8124
24.9914 -85.0758 3.81282 4.7293e-06 24.753 -84.688 3.8124
25.2175 -83.6401 3.82419 6.15859e-19 24.753 -84.688 3.8124
25.4829 -84.3989 3.81097 3.11741e-09 24.753 -84.688 3.8124
24.8561 -85.2735 3.81496 1.48306e-09 24.753 -84.688 3.8124
25.2779 -84.7874 3.8269 0.000463798 24.753 -84.688 3.8124
25.053 -84.3906 3.82635 0.000266118 24.753 -84.688 3.8124
24.4107 -84.5418 3.80542 6.0862e-05 24.753 -84.688 3.8124
25.4097 -84.7416 3.81649 2.38182e-05 24.753 -84.688 3.8124
24.735 -85.0461 3.80381 2.36458e-08 24.753 -84.688 3.8124
25.2317 -85.1425 3.82294 2.64234e-07 24.753 -84.688 3.8124
24.8401 -84.3112 3.80981 0.00489181 24.753 -84.688 3.8124
24.8816 -85.5807 3.81245 7.71979e-19 24.753 -84.688 3.8124
25.1412 -84.2747 3.81724 0.00133488 24.753 -84.688 3.8124
24.8626 -84.741 3.81632 0.0690712 24.753 -84.688 3.8124
24.9764 -85.1985 3.81409 4.82014e-08 24.753 -84.688 3.8124
24.9877 -84.688 3.82834 0.000110355 24.753 -84.688 3.8124
24.8079 -84.5462 3.81664 0.0939391 24.753 -84.688 3.8124
24.3603 -84.8274 3.80543 6.17893e-07 24.753 -84.688 3.8124
23.9737 -84.8254 3.83176 7.67178e-34 24.753 -84.688 3.8124
24.6612 -85.0373 3.82451 6.1488e-09 24.753 -84.688 3.8124
24.9754 -85.1887 3.81068 8.36814e-09 24.753 -84.688 3.8124
24.8735 -85.0739 3.80489 1.01449e-08 24.753 -84.688 3.8124
25.3949 -84.228 3.82056 2.34383e-06 24.753 -84.688 3.8124
24.5358 -85.0614 3.79598 1.60185e-13 24.753 -84.688 3.8124
24.998 -85.1312 3.8104 7.23066e-08 24.753 -84.688 3.8124
24.8948 -84.9292 3.82012 0.000976726 24.753 -84.688 3.8124
25.1253 -84.6564 3.83463 7.02595e-08 24.753 -84.688 3.8124
25.6316 -84.8091 3.83515 1.36381e-09 24.753 -84.688 3.8124
24.7286 -85.1329 3.8207 5.02156e-08 24.753 -84.688 3.8124
24.5535 -84.8929 3.83494 2.92459e-18 24.753 -84.688 3.8124
25.3267 -84.9472 3.81043 1.38253e-08 24.753 -84.688 3.8124
25.2098 -84.681 3.80983 7.33811e-05 24.753 -84.688 3.8124
24.9641 -84.8322 3.82986 2.45168e-06 24.753 -84.688 3.8124
25.0541 -84.6622 3.81644 0.118863 24.753 -84.688 3.8124
24.6486 -85.2471 3.80704 3.17677e-11 24.753 -84.688 3.8124
25.0646 -84.1092 3.81885 1.32155e-05 24.753 -84.688 3.8124
25.046 -84.95 3.83003 7.79544e-07 24.753 -84.688 3.8124
24.765 -84.3754 3.80975 0.0129591 24.753 -84.688 3.8124
24.8457 -85.213 3.83794 2.86831e-19 24.753 -84.688 3.8124
25.2023 -84.3342 3.82756 3.52023e-05 24.753 -84.688 3.8124
25.0236 -84.6988 3.82279 0.0250199 24.753 -84.688 3.8124
24.3766 -85.0656 3.84601 8.89284e-42 24.753 -84.688 3.8124
25.1761 -84.6696 3.80624 2.27385e-06 24.753 -84.688 3.8124
24.8548 -84.9305 3.83382 2.49771e-11 24.753 -84.688 3.8124
24.9635 -85.3206 3.81417 8.18826e-11 24.753 -84.688 3.8124
24.6002 -84.7315 3.81544 0.00146265 24.753 -84.688 3.8124
25.0045 -84.8633 3.81472 0.00691665 24.753 -84.688 3.8124
25.1823 -84.7952 3.82467 0.00301782 24.753 -84.688 3.8124
24.8733 -84.5654 3.81873 0.0930423 24.753 -84.688 3.8124
24.9743 -85.1956 3.82933 1.61123e-10 24.753 -84.688 3.8124
24.7563 -84.2646 3.80813 0.000869064 24.753 -84.688 3.8124
24.8474 -85.0317 3.82296 4.79374e-06 24.753 -84.688 3.8124
25.1671 -84.9093 3.83789 3.21165e-11 24.753 -84.688 3.8124
24.7237 -84.9484 3.82729 1.57135e-08 24.753 -84.688 3.8124
24.6108 -84.3497 3.81258 0.00160582 24.753 -84.688 3.8124
25.0864 -85.0923 3.82352 3.69269e-06 24.753 -84.688 3.8124
24.7021 -84.8632 3.8247 1.63528e-06 24.753 -84.688 3.8124
25.1537 -84.6009 3.82903 0.000248377 24.753 -84.688 3.8124
24.3498 -84.9214 3.81167 4.40744e-08 24.753 -84.688 3.8124
24.7739 -84.9109 3.828 6.79773e-08 24.753 -84.688 3.8124
25.5168 -84.4624 3.80774 6.42217e-12 24.753 -84.688 3.8124
25.2813 -85.3657 3.80692 1.00516e-18 24.753 -84.688 3.8124
25.0608 -84.4894 3.79589 9.23649e-13 24.753 -84.688 3.8124
24.6193 -84.0144 3.82032 2.44071e-10 24.753 -84.688 3.8124
25.0806 -84.6334 3.81141 0.010606 24.753 -84.688 3.8124
25.0327 -84.9052 3.82411 0.000584087 24.753 -84.688 3.8124
24.9121 -84.6074 3.81399 0.190857 24.753 -84.688 3.8124
24.4364 -84.5709 3.83307 1.65557e-18 24.753 -84.688 3.8124
24.6013 -85.011 3.81311 4.46303e-06 24.753 -84.688 3.8124
25.5684 -84.5838 3.81695 1.15929e-07 24.753 -84.688 3.8124
25.2463 -85.2554 3.80958 1.79428e-13 24.753 -84.688 3.8124
25.0074 -84.6379 3.81191 0.0425392 24.753 -84.688 3.8124
24.3674 -84.7718 3.83861 5.8651e-28 24.753 -84.688 3.8124
24.6337 -84.8037 3.83167 1.93313e-12 24.753 -84.688 3.8124
25.1275 -84.533 3.82045 0.0585771 24.753 -84.688 3.8124
24.4402 -85.6682 3.80727 1.16515e-25 24.753 -84.688 3.8124
25.06 -85.2158 3.82329 2.24866e-08 24.753 -84.688 3.8124
