268.296 24.763 5.70192 3.38384e-10 267.73 25.231 5.7217
268.281 24.7755 5.72599 3.75784e-12 267.73 25.231 5.7217
268.098 25.144 5.714 0.00720801 267.73 25.231 5.7217
268.1 25.0438 5.73103 5.81677e-07 267.73 25.231 5.7217
267.984 24.8323 5.71136 4.81251e-05 267.73 25.231 5.7217
267.727 24.8308 5.72568 4.05958e-05 267.73 25.231 5.7217
268.035 25.1308 5.72337 0.00251253 267.73 25.231 5.7217
267.763 24.8593 5.71646 0.000508166 267.73 25.231 5.7217
267.697 25.1592 5.72535 0.0767101 267.73 25.231 5.7217
267.501 25.1291 5.71648 0.00427797 267.73 25.231 5.7217
267.968 25.3823 5.72041 0.0268492 267.73 25.231 5.7217
267.339 25.0443 5.70206 2.76475e-10 267.73 25.231 5.7217
268.549 25.52 5.72791 3.67626e-17 267.73 25.231 5.7217
267.598 25.6626 5.72378 3.90392e-05 267.73 25.231 5.7217
268.343 24.6596 5.71104 8.52526e-13 267.73 25.231 5.7217
268.374 25.1113 5.72798 4.47974e-11 267.73 25.231 5.7217
267.994 25.307 5.7387 8.03257e-08 267.73 25.231 5.7217
268.024 25.221 5.72063 0.0171227 267.73 25.231 5.7217
267.759 25.7532 5.71281 2.33364e-06 267.73 25.231 5.7217
267.357 25.0765 5.72481 6.80063e-05 267.73 25.231 5.7217
267.623 24.5546 5.71391 3.80684e-11 267.73 25.231 5.7217
268.122 24.9871 5.74048 2.44701e-12 267.73 25.231 5.7217
267.332 24.9303 5.71828 5.18899e-07 267.73 25.231 5.7217
267.9 24.7953 5.7338 1.19101e-08 267.73 25.231 5.7217
267.961 24.7533 5.71789 2.22709e-06 267.73 25.231 5.7217
267.989 25.1134 5.72173 0.0116954 267.73 25.231 5.7217
267.763 25.3779 5.72636 0.0373303 267.73 25.231 5.7217
267.643 25.104 5.71276 0.0251381 267.73 25.231 5.7217
267.314 25.0129 5.74883 8.48848e-12 267.73 25.231 5.7217
267.912 25.5028 5.7159 0.0133165 267.73 25.231 5.7217
267.569 25.3012 5.72079 0.0530842 267.73 25.231 5.7217
268.313 25.2318 5.70858 1.27104e-05 267.73 25.231 5.7217
268.021 24.9409 5.70987 0.000745548 267.73 25.231 5.7217
268.015 24.9579 5.74226 1.00869e-11 267.73 25.231 5.7217
267.766 24.9143 5.70434 6.63289e-05 267.73 25.231 5.7217
267.844 25.3571 5.7342 0.000186013 267.73 25.231 5.7217
268.419 25.2612 5.72434 1.5834e-10 267.73 25.231 5.7217
267.952 25.7168 5.74276 2.30581e-13 267.73 25.231 5.7217
267.611 24.8214 5.72848 6.29517e-06 267.73 25.231 5.7217
267.257 25 5.74183 9.45053e-10 267.73 25.231 5.7217
268.086 25.0847 5.71366 0.00495252 267.73 25.231 5.7217
267.913 24.9454 5.72601 0.000290915 267.73 25.231 5.7217
267.41 25.2386 5.72166 0.00131345 267.73 25.231 5.7217
267.45 24.8493 5.72211 3.51295e-06 267.73 25.231 5.7217
268.049 25.3347 5.71884 0.0120555 267.73 25.231 5.7217
267.939 24.6352 5.73652 1.69252e-13 267.73 25.231 5.7217
267.956 25.2054 5.73499 1.14413e-05 267.73 25.231 5.7217
267.725 25.187 5.72999 0.0133268 267.73 25.231 5.7217
267.89 25.3426 5.72061 0.117061 267.73 25.231 5.7217
267.803 24.994 5.72259 0.0117777 267.73 25.231 5.7217
267.603 25.1309 5.73456 0.000508064 267.73 25.231 5.7217
267.927 25.7456 5.70892 1.15358e-06 267.73 25.231 5.7217
267.899 24.936 5.72191 0.00142541 267.73 25.231 5.7217
268.297 25.5847 5.72929 1.85016e-11 267.73 25.231 5.7217
267.81 24.9059 5.71911 0.00211972 267.73 25.231 5.7217
268.669 24.6792 5.72297 4.78132e-24 267.73 25.231 5.7217
267.969 25.2016 5.73077 0.000270984 267.73 25.231 5.7217
267.543 25.5688 5.71809 0.000300598 267.73 25.231 5.7217
267.225 24.8798 5.7225 2.61971e-09 267.73 25.231 5.7217
267.835 25.2014 5.72433 0.0922466 267.73 25.231 5.7217
268.186 24.5833 5.72651 1.11576e-14 267.73 25.231 5.7217
267.45 24.674 5.72257 1.77893e-09 267.73 25.231 5.7217
268.503 25.273 5.72966 4.2158e-15 267.73 25.231 5.7217
267.778 25.4666 5.72624 0.00948956 267.73 25.231 5.7217
267.931 24.874 5.72306 8.96574e-05 267.73 25.231 5.7217
267.449 25.2962 5.71325 0.000482771 267.73 25.231 5.7217
267.621 24.8852 5.72577 0.000162573 267.73 25.231 5.7217
267.848 24.9495 5.7196 0.00572325 267.73 25.231 5.7217
267.955 25.1512 5.71703 0.0928975 267.73 25.231 5.7217
267.543 24.7993 5.7363 2.04903e-08 267.73 25.231 5.7217
267.905 25.1132 5.71474 0.121302 267.73 25.231 5.7217
267.524 24.9419 5.72597 0.000234638 267.73 25.231 5.7217
267.672 24.958 5.72862 0.000672913 267.73 25.231 5.7217
268.23 25.084 5.73019 9.39185e-09 267.73 25.231 5.7217
267.608 24.8731 5.73552 8.13408e-07 267.73 25.231 5.7217
267.681 25.1065 5.74764 7.5257e-10 267.73 25.231 5.7217
267.896 24.6297 5.70238 3.87437e-10 267.73 25.231 5.7217
267.257 24.8446 5.70716 2.1056e-12 267.73 25.231 5.7217
267.771 24.7695 5.72502 4.04279e-06 267.73 25.231 5.7217
268.3 24.8525 5.72533 4.82041e-11 267.73 25.231 5.7217
267.932 24.9406 5.7163 0.00310611 267.73 25.231 5.7217
267.955 24.9554 5.71744 0.00301447 267.73 25.231 5.7217
268.443 25.278 5.73533 3.61399e-16 267.73 25.231 5.7217
267.622 24.6693 5.73141 1.78038e-09 267.73 25.231 5.7217
268.115 25.1342 5.73306 1.90372e-07 267.73 25.231 5.7217
267.795 25.2604 5.70853 0.0754688 267.73 25.231 5.7217
267.985 24.5136 5.72236 7.964e-13 267.73 25.231 5.7217
268.269 24.8017 5.72525 3.52182e-11 267.73 25.231 5.7217
267.945 25.0252 5.7259 0.00111941 267.73 25.231 5.7217
268.001 25.9085 5.73143 4.03678e-13 267.73 25.231 5.7217
267.681 24.3172 5.71638 4.81149e-18 267.73 25.231 5.7217
267.238 25.3311 5.72092 1.12755e-06 267.73 25.231 5.7217
267.674 24.8915 5.72815 0.000119503 267.73 25.231 5.7217
267.663 25.4438 5.73493 0.000177455 267.73 25.231 5.7217
267.571 24.878 5.72483 8.92704e-05 267.73 25.231 5.7217
267.74 25.1354 5.72203 0.151199 267.73 25.231 5.7217
267.227 24.9699 5.74501 1.4757e-11 267.73 25.231 5.7217
267.96 24.8001 5.70291 1.30837e-06 267.73 25.231 5.7217
267.929 24.58 5.71453 5.997e-10 267.73 25.231 5.7217
267.298 25.1634 5.73251 6.393e-06 267.73 25.231 5.7217
