115.086 19.0634 0.0501161 0.00282882 115.11 19.227 0.064603
115.093 19.1158 0.0692217 0.0839128 115.11 19.227 0.064603
114.906 18.9715 0.0664104 0.0255118 115.11 19.227 0.064603
115.321 19.3196 0.0619939 0.0467513 115.11 19.227 0.064603
114.797 19.2926 0.0779208 2.1152e-05 115.11 19.227 0.064603
114.998 19.0879 0.0598826 0.0653288 115.11 19.227 0.064603
115.17 19.426 0.0446566 1.85767e-05 115.11 19.227 0.064603
114.723 18.5421 0.0760883 2.81404e-07 115.11 19.227 0.064603
115.156 19.3143 0.0701684 0.00926134 115.11 19.227 0.064603
114.875 19.3334 0.0684193 0.00177634 115.11 19.227 0.064603
114.856 18.6911 0.0536741 2.57797e-06 115.11 19.227 0.064603
114.696 19.2322 0.0460994 3.94232e-09 115.11 19.227 0.064603
115.448 19.0515 0.0638932 0.0487651 115.11 19.227 0.064603
114.91 18.9621 0.074164 0.00454006 115.11 19.227 0.064603
115.585 19.2066 0.0542348 0.00659268 115.11 19.227 0.064603
114.868 18.8647 0.0595088 0.00166477 115.11 19.227 0.064603
114.917 19.554 0.0755908 9.41692e-07 115.11 19.227 0.064603
114.925 19.1567 0.0459022 5.05191e-06 115.11 19.227 0.064603
114.723 19.2918 0.0573718 2.59416e-05 115.11 19.227 0.064603
115.417 18.6519 0.0826688 1.14016e-08 115.11 19.227 0.064603
114.823 19.2514 0.0539691 0.000111026 115.11 19.227 0.064603
114.854 19.7343 0.0458282 4.63102e-11 115.11 19.227 0.064603
114.765 19.9389 0.0594955 1.12336e-12 115.11 19.227 0.064603
114.446 18.7234 0.0740801 1.00011e-08 115.11 19.227 0.064603
114.786 18.9807 0.0709641 0.002146 115.11 19.227 0.064603
114.951 19.2074 0.0586864 0.0167382 115.11 19.227 0.064603
114.766 18.3535 0.0719587 3.3677e-09 115.11 19.227 0.064603
114.433 19.0342 0.0515811 1.06375e-11 115.11 19.227 0.064603
115.261 18.7746 0.0755476 0.000423637 115.11 19.227 0.064603
114.657 18.8882 0.0703974 7.48149e-05 115.11 19.227 0.064603
114.686 19.5117 0.0712835 5.14109e-07 115.11 19.227 0.064603
114.713 19.1219 0.0653709 0.000568948 115.11 19.227 0.064603
115.084 18.2057 0.0658613 2.80022e-10 115.11 19.227 0.064603
115.193 19.3779 0.0545034 0.0109491 115.11 19.227 0.064603
114.923 19.0737 0.0632117 0.0378843 115.11 19.227 0.064603
115.168 18.5875 0.0564514 8.71152e-05 115.11 19.227 0.064603
115.218 19.2995 0.0555228 0.0445827 115.11 19.227 0.064603
115.029 19.1038 0.0574647 0.0514001 115.11 19.227 0.064603
114.887 19.1364 0.0658776 0.0203568 115.11 19.227 0.064603
114.631 18.9074 0.0640778 2.39955e-05 115.11 19.227 0.064603
114.456 18.9984 0.066079 1.35159e-07 115.11 19.227 0.064603
114.928 19.0661 0.0700645 0.024031 115.11 19.227 0.064603
114.864 19.0347 0.045521 4.81331e-07 115.11 19.227 0.064603
115.576 19.2426 0.0684063 0.000283539 115.11 19.227 0.064603
115.045 19.1688 0.0764384 0.00167962 115.11 19.227 0.064603
114.82 19.2624 0.0644247 0.00234446 115.11 19.227 0.064603
114.908 19.4818 0.0709678 6.50088e-05 115.11 19.227 0.064603
115.237 18.9828 0.0768768 0.00104849 115.11 19.227 0.064603
115.038 18.88 0.0529542 0.00180178 115.11 19.227 0.064603
115.106 19.4314 0.0532685 0.00148568 115.11 19.227 0.064603
115 18.6399 0.0599178 0.000266464 115.11 19.227 0.064603
115.162 19.0771 0.0543954 0.0621286 115.11 19.227 0.064603
114.517 19.2229 0.0573454 3.25006e-08 115.11 19.227 0.064603
114.894 18.8184 0.0572537 0.000580938 115.11 19.227 0.064603
114.794 19.6959 0.0275584 4.81072e-22 115.11 19.227 0.064603
115.169 19.1241 0.0553108 0.093093 115.11 19.227 0.064603
115.4 19.3934 0.0468849 0.000437972 115.11 19.227 0.064603
114.595 18.9596 0.0631618 8.64335e-06 115.11 19.227 0.064603
114.928 18.5145 0.0627677 6.48975e-06 115.11 19.227 0.064603
114.703 19.3322 0.0500764 8.76214e-08 115.11 19.227 0.064603
115.08 19.3594 0.0545934 0.00576517 115.11 19.227 0.064603
114.746 19.0501 0.0685854 0.0014578 115.11 19.227 0.064603
114.692 19.063 0.0810908 4.74339e-06 115.11 19.227 0.064603
114.44 18.5178 0.0613469 2.41416e-12 115.11 19.227 0.064603
114.709 18.8549 0.0696267 0.00020884 115.11 19.227 0.064603
115.271 18.9664 0.0794409 8.66232e-05 115.11 19.227 0.064603
114.973 19.3082 0.0686099 0.00826163 115.11 19.227 0.064603
115.446 18.882 0.0504828 0.00261722 115.11 19.227 0.064603
114.889 18.9342 0.0592524 0.00482598 115.11 19.227 0.064603
114.872 18.8111 0.0515126 9.15346e-06 115.11 19.227 0.064603
114.719 18.5345 0.0591868 2.89196e-08 115.11 19.227 0.064603
114.946 19.1461 0.0813304 4.04082e-05 115.11 19.227 0.064603
114.598 18.7378 0.0662212 1.41938e-06 115.11 19.227 0.064603
114.451 18.8049 0.0765209 2.52864e-08 115.11 19.227 0.064603
114.877 19.3005 0.0739904 0.000461493 115.11 19.227 0.064603
114.587 18.6638 0.0726331 3.61586e-07 115.11 19.227 0.064603
115.088 18.8308 0.0737123 0.00541966 115.11 19.227 0.064603
115.147 19.2292 0.0734966 0.00527605 115.11 19.227 0.064603
115.578 18.7899 0.042666 1.17702e-06 115.11 19.227 0.064603
114.95 19.4454 0.0649407 0.00107128 115.11 19.227 0.064603
114.884 18.9352 0.0693758 0.0115682 115.11 19.227 0.064603
114.332 19.0768 0.0657452 6.49502e-10 115.11 19.227 0.064603
114.794 18.5329 0.0593626 2.24801e-07 115.11 19.227 0.064603
115.562 19.1327 0.0607696 0.0126838 115.11 19.227 0.064603
115.22 18.8766 0.0306633 8.45311e-13 115.11 19.227 0.064603
115.038 19.2301 0.0489453 0.000531732 115.11 19.227 0.064603
114.616 19.0503 0.0683314 5.08527e-05 115.11 19.227 0.064603
115.025 18.6881 0.044159 2.26123e-08 115.11 19.227 0.064603
114.613 18.717 0.0643286 9.57102e-07 115.11 19.227 0.064603
114.514 18.681 0.0727902 5.20584e-08 115.11 19.227 0.064603
114.824 18.8542 0.0709538 0.00181839 115.11 19.227 0.064603
114.744 19.1862 0.0884546 5.69295e-09 115.11 19.227 0.064603
115.086 18.8071 0.0447145 1.81072e-06 115.11 19.227 0.064603
114.955 19.1536 0.0549896 0.00573979 115.11 19.227 0.064603
114.991 18.7817 0.0628241 0.00856596 115.11 19.227 0.064603
115.317 19.2712 0.0589545 0.0960052 115.11 19.227 0.064603
115.1 19.4419 0.0796092 1.4151e-06 115.11 19.227 0.064603
114.924 19.0586 0.0677821 0.035322 115.11 19.227 0.064603
114.951 18.9428 0.0757836 0.00279373 115.11 19.227 0.064603
115.19 19.0024 0.056563 0.117789 115.11 19.227 0.064603
