72.1 -40.4278 3.77832 2.18437e-17
71.5322 -41.0124 3.79435 0.000116308
71.6988 -41.0079 3.77964 3.95166e-05
71.6907 -41.2011 3.7837 0.00126831
71.5384 -40.7628 3.79478 9.83644e-05
72.1529 -40.9751 3.80608 3.73577e-07
72.1408 -40.7437 3.78236 8.62968e-07
72.415 -41.089 3.78095 9.47778e-09
72.1154 -40.9616 3.78815 0.0235314
72.2462 -41.241 3.78339 2.77076e-05
71.6239 -41.308 3.77942 5.66318e-06
71.6274 -41.1695 3.78076 5.52685e-05
71.2574 -40.9546 3.79185 1.62135e-10
72.3426 -40.7916 3.79855 7.99363e-06
72.215 -40.966 3.78301 6.77184e-05
72.1718 -40.5875 3.79672 0.00013902
71.3814 -40.8844 3.7714 8.0146e-18
71.2472 -40.8076 3.78999 1.64353e-11
71.9503 -40.8712 3.80287 0.00249375
71.6918 -40.8177 3.79636 0.0138331
71.9267 -40.8415 3.78926 0.0865987
71.182 -41.2126 3.77167 2.09603e-19
71.239 -41.0971 3.80552 3.08987e-17
72.058 -41.6015 3.79044 3.00371e-10
71.7384 -40.8536 3.80666 7.99175e-06
71.4945 -40.5417 3.81215 1.54179e-11
72.3561 -40.8605 3.76918 4.28415e-19
71.9109 -41.5836 3.7914 1.00229e-09
71.6888 -41.2467 3.7756 1.36096e-06
71.5707 -40.7664 3.77844 2.24254e-10
72.0813 -41.3544 3.79434 3.13272e-06
72.5101 -41.2973 3.78166 2.25565e-11
71.73 -40.7708 3.79977 0.00700071
71.2637 -40.6284 3.7909 8.39016e-13
71.7658 -41.2709 3.76644 1.78284e-12
72.1248 -41.2075 3.79158 0.00154305
71.5924 -40.8469 3.78541 4.45772e-05
71.4107 -41.543 3.7939 2.36466e-15
71.8346 -41.4102 3.77759 1.12688e-05
71.8129 -40.9988 3.80482 1.2219e-05
72.3728 -41.1134 3.77904 1.19827e-08
71.9073 -40.9271 3.79158 0.355741
72.4818 -40.6491 3.79601 1.68824e-09
71.4622 -40.8163 3.78651 3.76399e-07
71.8457 -40.7905 3.79749 0.0837558
71.9208 -40.7943 3.79063 0.0744561
72.3956 -40.874 3.79413 2.82201e-06
71.7657 -40.8587 3.78743 0.0141994
72.0508 -40.5654 3.79275 0.000171915
71.7062 -40.5066 3.78957 3.25743e-07
71.4802 -41.1136 3.79942 4.82441e-08
71.9394 -41.1236 3.77164 1.35248e-08
71.7304 -40.6739 3.80425 0.00023718
71.3119 -40.5009 3.79283 4.66727e-13
72.0407 -41.3039 3.77579 5.82847e-06
72.3863 -40.603 3.78191 1.46358e-13
72.0263 -41.0819 3.78951 0.0988167
72.128 -40.9541 3.80965 3.00135e-09
72.051 -40.7056 3.79092 0.00487318
71.964 -40.8761 3.78044 5.39886e-05
72.5518 -40.8409 3.79484 3.68349e-10
71.4214 -40.8232 3.78586 3.78977e-08
72.2487 -41.2738 3.78867 2.19974e-05
72.1222 -41.0847 3.78975 0.0206415
71.7481 -41.1307 3.78048 0.000657758
72.0883 -41.0146 3.78127 0.000492951
72.2278 -40.693 3.78469 2.475e-07
71.4646 -41.048 3.79985 9.04044e-08
71.7674 -41.2339 3.77224 5.33452e-08
71.7499 -40.4979 3.79924 8.13198e-05
71.7367 -41.4565 3.79186 1.85649e-07
72.0773 -40.3653 3.79096 1.59563e-09
72.4406 -41.0307 3.79295 2.06983e-07
72.0001 -41.2439 3.7752 5.97228e-06
71.8091 -40.5797 3.79627 0.0016033
71.7582 -40.2098 3.80076 2.72346e-10
72.1506 -40.7622 3.81047 3.41625e-08
72.282 -41.1442 3.78149 5.57838e-06
71.9823 -40.7973 3.80068 0.0194755
72.1944 -40.9018 3.77804 6.81395e-08
71.889 -40.7387 3.7955 0.0812487
72.0386 -41.2335 3.81247 3.74506e-17
71.3368 -40.5154 3.79405 7.79087e-12
71.5853 -41.3197 3.79586 5.74208e-08
71.499 -40.765 3.78781 1.46241e-06
71.9746 -40.8037 3.78896 0.032158
72.0463 -40.637 3.79348 0.00267294
71.3091 -41.2462 3.80597 1.18678e-18
71.6719 -40.8919 3.80059 0.000844203
71.7587 -40.784 3.79328 0.0401208
72.3733 -40.6307 3.81722 3.32948e-16
71.478 -40.5345 3.80405 1.70663e-08
72.1474 -41.231 3.81201 2.13211e-17
72.128 -40.915 3.78786 0.0111465
71.7145 -41.1118 3.7787 5.75741e-05
71.7363 -40.75 3.79299 0.0152403
71.9912 -40.7936 3.78659 0.00429961
71.783 -40.4808 3.78019 1.58824e-13
71.4606 -40.7168 3.75536 3.39978e-43
72.1665 -41.1567 3.80352 2.71243e-08
