21.7194 -89.3799 3.71613 0.0328262 21.54 -88.985 3.7193
21.2538 -88.8854 3.72026 1.85812e-05 21.54 -88.985 3.7193
21.3258 -88.7836 3.72568 2.54775e-09 21.54 -88.985 3.7193
21.809 -89.1862 3.71179 2.48875e-06 21.54 -88.985 3.7193
21.566 -88.8421 3.70039 7.01997e-13 21.54 -88.985 3.7193
21.4646 -88.8376 3.72169 1.90461e-05 21.54 -88.985 3.7193
21.6993 -89.3546 3.72854 0.00132531 21.54 -88.985 3.7193
22.0407 -89.1155 3.71167 1.93198e-11 21.54 -88.985 3.7193
21.2799 -88.1473 3.7208 7.43072e-25 21.54 -88.985 3.7193
20.9352 -88.9074 3.72398 1.49566e-12 21.54 -88.985 3.7193
21.841 -88.8117 3.73312 5.21808e-11 21.54 -88.985 3.7193
21.6623 -88.7845 3.71129 1.2133e-07 21.54 -88.985 3.7193
21.8257 -88.8265 3.72089 8.83193e-07 21.54 -88.985 3.7193
21.4598 -88.4797 3.72791 6.32925e-17 21.54 -88.985 3.7193
22.1023 -89.1088 3.70785 1.09127e-16 21.54 -88.985 3.7193
21.545 -88.7202 3.71023 9.00451e-08 21.54 -88.985 3.7193
21.8173 -89.3645 3.7273 0.00273053 21.54 -88.985 3.7193
21.7773 -88.5515 3.72744 9.0243e-14 21.54 -88.985 3.7193
21.5298 -88.7481 3.7246 5.88125e-08 21.54 -88.985 3.7193
21.7579 -88.8575 3.72204 8.89881e-06 21.54 -88.985 3.7193
22.0005 -89.7407 3.72604 1.26793e-06 21.54 -88.985 3.7193
21.8143 -89.4702 3.73382 3.87688e-06 21.54 -88.985 3.7193
21.8125 -89.5813 3.70947 4.69915e-07 21.54 -88.985 3.7193
21.5538 -89.1226 3.733 8.35004e-08 21.54 -88.985 3.7193
20.9181 -88.5884 3.72536 1.70837e-20 21.54 -88.985 3.7193
21.4746 -89.2235 3.71356 0.277909 21.54 -88.985 3.7193
21.3311 -88.7612 3.73798 2.96671e-22 21.54 -88.985 3.7193
21.1461 -88.8168 3.68647 3.17573e-22 21.54 -88.985 3.7193
21.338 -89.0494 3.71976 0.00667895 21.54 -88.985 3.7193
22.3709 -88.9965 3.72253 2.93365e-14 21.54 -88.985 3.7193
21.8955 -88.7785 3.70864 2.43167e-13 21.54 -88.985 3.7193
20.9496 -88.8056 3.72686 1.27909e-16 21.54 -88.985 3.7193
21.7112 -89.4377 3.72858 0.000988877 21.54 -88.985 3.7193
21.9623 -88.6782 3.72416 3.62734e-11 21.54 -88.985 3.7193
21.6923 -88.6857 3.72899 3.48737e-11 21.54 -88.985 3.7193
22.0974 -88.6707 3.71001 3.85327e-19 21.54 -88.985 3.7193
20.8579 -89.0086 3.71754 1.88695e-08 21.54 -88.985 3.7193
21.9723 -88.8139 3.72067 7.69482e-09 21.54 -88.985 3.7193
21.8208 -89.0995 3.70376 2.25236e-13 21.54 -88.985 3.7193
21.4653 -88.6814 3.71339 3.28923e-07 21.54 -88.985 3.7193
21.7674 -89.3028 3.72055 0.0500913 21.54 -88.985 3.7193
21.1161 -88.7597 3.71065 3.10177e-06 21.54 -88.985 3.7193
21.0727 -89.3497 3.71995 5.46142e-05 21.54 -88.985 3.7193
21.7064 -88.5587 3.72431 4.03628e-12 21.54 -88.985 3.7193
21.6499 -89.0513 3.72726 0.000203726 21.54 -88.985 3.7193
21.7151 -89.097 3.73397 1.13248e-07 21.54 -88.985 3.7193
21.5376 -88.8044 3.75014 3.24371e-36 21.54 -88.985 3.7193
21.4313 -90.1691 3.70632 2.66169e-17 21.54 -88.985 3.7193
21.3583 -89.4315 3.722 0.00682118 21.54 -88.985 3.7193
21.6364 -89.3828 3.72252 0.0614882 21.54 -88.985 3.7193
20.9188 -89.2574 3.71442 2.59723e-05 21.54 -88.985 3.7193
21.4186 -89.3118 3.7182 0.186873 21.54 -88.985 3.7193
21.4691 -89.5652 3.71838 0.012925 21.54 -88.985 3.7193
21.0316 -88.8487 3.72346 5.47408e-11 21.54 -88.985 3.7193
21.6839 -89.2269 3.72934 0.000490399 21.54 -88.985 3.7193
21.3766 -89.2774 3.71394 0.253329 21.54 -88.985 3.7193
21.5694 -89.1878 3.73032 2.9261e-05 21.54 -88.985 3.7193
22.1089 -89.7268 3.70488 3.23333e-18 21.54 -88.985 3.7193
21.4917 -89.236 3.68406 1.00676e-23 21.54 -88.985 3.7193
21.7245 -88.8785 3.71451 5.64435e-06 21.54 -88.985 3.7193
21.5762 -88.564 3.70242 2.0373e-15 21.54 -88.985 3.7193
21.7548 -89.1616 3.72788 0.00086961 21.54 -88.985 3.7193
21.2943 -88.8384 3.72456 5.56491e-08 21.54 -88.985 3.7193
21.8047 -89.0186 3.72522 0.000184628 21.54 -88.985 3.7193
21.3581 -88.7218 3.71413 3.0699e-06 21.54 -88.985 3.7193
21.7244 -88.6792 3.72547 1.06425e-09 21.54 -88.985 3.7193
21.6423 -88.9211 3.73832 1.39468e-14 21.54 -88.985 3.7193
21.3935 -89.0793 3.73879 1.2396e-16 21.54 -88.985 3.7193
20.8847 -88.6736 3.70238 7.46067e-10 21.54 -88.985 3.7193
21.6601 -88.7691 3.72179 1.06719e-06 21.54 -88.985 3.7193
21.4069 -88.9337 3.72728 3.91175e-07 21.54 -88.985 3.7193
21.682 -89.0357 3.73062 3.15858e-06 21.54 -88.985 3.7193
21.3685 -89.5116 3.71661 0.0218625 21.54 -88.985 3.7193
21.0792 -89.7253 3.69883 4.08535e-11 21.54 -88.985 3.7193
21.3473 -88.6881 3.70982 3.28139e-07 21.54 -88.985 3.7193
21.6871 -89.1376 3.72332 0.0124629 21.54 -88.985 3.7193
22.1512 -89.0461 3.7243 2.71311e-08 21.54 -88.985 3.7193
21.5691 -89.5912 3.7291 3.88516e-05 21.54 -88.985 3.7193
21.0579 -89.1022 3.71328 0.00191964 21.54 -88.985 3.7193
21.3419 -88.4681 3.70874 4.57735e-12 21.54 -88.985 3.7193
21.4432 -88.7038 3.71905 4.08427e-07 21.54 -88.985 3.7193
21.5836 -88.782 3.71832 8.88095e-06 21.54 -88.985 3.7193
21.1891 -88.9742 3.71601 0.00116532 21.54 -88.985 3.7193
21.6379 -89.1173 3.71986 0.0273349 21.54 -88.985 3.7193
21.2916 -89.092 3.72018 0.00516955 21.54 -88.985 3.7193
21.6363 -88.6164 3.71611 2.78431e-09 21.54 -88.985 3.7193
21.9741 -88.6761 3.71131 6.06458e-15 21.54 -88.985 3.7193
21.4205 -88.9383 3.73663 1.87489e-15 21.54 -88.985 3.7193
20.9494 -89.0291 3.70858 0.000120522 21.54 -88.985 3.7193
21.847 -88.846 3.72078 1.05719e-06 21.54 -88.985 3.7193
21.0882 -89.3417 3.73181 1.67959e-12 21.54 -88.985 3.7193
21.9928 -89.6021 3.71004 8.3664e-10 21.54 -88.985 3.7193
21.2278 -89.2141 3.73234 1.16005e-10 21.54 -88.985 3.7193
21.6136 -89.1081 3.72592 0.00194805 21.54 -88.985 3.7193
21.239 -89.2575 3.71719 0.0306896 21.54 -88.985 3.7193
21.4162 -89.1229 3.73295 2.31808e-09 21.54 -88.985 3.7193
21.6659 -88.4702 3.71014 2.14007e-14 21.54 -88.985 3.7193
21.5131 -89.6029 3.72372 0.0013543 21.54 -88.985 3.7193
21.3124 -88.7877 3.71877 5.50306e-06 21.54 -88.985 3.7193
21.3124 -88.6639 3.73817 2.92579e-25 21.54 -88.985 3.7193
