122.637 -20.0778 3.40588 1.82649e-05
122.878 -19.903 3.41823 3.39715e-09
122.181 -20.3187 3.40685 1.21737e-11
122.555 -20.0068 3.41851 2.69909e-13
123.303 -20.2963 3.40922 0.145339
122.681 -20.2585 3.42989 2.36894e-18
123.225 -20.6826 3.42233 8.52894e-05
123.325 -20.0847 3.39464 1.36589e-07
123.094 -19.8885 3.40928 9.49781e-05
123.272 -20.7495 3.39783 2.49732e-07
122.378 -20.0931 3.42164 1.46812e-15
122.482 -20.0729 3.38835 3.79425e-10
123.341 -19.8894 3.39678 2.50751e-08
123.519 -20.1837 3.40684 0.000385907
123.165 -20.5186 3.41397 0.118754
123.007 -19.8642 3.40988 1.83398e-05
122.871 -20.476 3.42886 1.64682e-12
122.672 -20.0072 3.39433 1.30889e-06
122.79 -20.2736 3.40602 0.0101688
123.615 -20.1767 3.41279 0.000149008
122.641 -20.1592 3.40283 0.000136916
122.923 -20.6283 3.40526 0.00988605
122.873 -20.5118 3.40103 0.00646453
123.418 -20.093 3.42178 8.17283e-06
123.69 -19.8507 3.42219 4.46453e-11
122.779 -20.0209 3.40049 0.000196063
122.735 -20.1186 3.39586 5.37526e-05
123.152 -20.5799 3.41131 0.124967
123.713 -20.3815 3.41615 6.36927e-05
122.825 -20.4394 3.38977 1.07142e-07
122.795 -20.2628 3.40304 0.0102854
122.542 -19.8556 3.41561 8.55838e-14
123.443 -20.1167 3.41531 0.00111941
122.018 -20.7395 3.41331 1.76546e-20
122.878 -19.8766 3.40531 2.38205e-05
122.833 -20.1962 3.42135 2.52554e-08
123.07 -20.8002 3.41533 0.000382191
123.219 -20.5014 3.40256 0.0126894
122.391 -20.0589 3.42002 1.97375e-14
123.295 -20.0796 3.41218 0.00609501
122.934 -19.7639 3.41062 9.8158e-08
123.083 -19.8314 3.39529 1.09699e-07
122.727 -20.4117 3.41226 0.000202339
123.533 -20.203 3.40509 0.000110054
122.936 -20.3875 3.39617 0.000606174
123.022 -20.1295 3.40528 0.0362424
122.749 -20.3876 3.40056 0.00263211
122.849 -20.3541 3.39966 0.00718801
122.621 -20.5517 3.42241 6.48027e-12
123.172 -20.3448 3.39914 0.00308447
122.724 -20.2086 3.40233 0.00165023
123.286 -20.913 3.38735 6.92192e-19
123.067 -19.8945 3.40772 0.000149514
123.249 -19.6863 3.42367 6.03068e-14
123.08 -20.7796 3.41137 0.00227807
122.773 -20.3244 3.39854 0.00162524
123.112 -19.6986 3.39627 1.77792e-09
122.816 -20.0295 3.44149 2.81843e-33
122.582 -20.2417 3.41486 2.60674e-08
122.898 -20.9802 3.41907 4.21635e-09
122.478 -19.5611 3.4054 5.86055e-16
123.065 -19.7492 3.40725 7.47035e-07
122.481 -20.7119 3.40548 2.24655e-08
123.613 -20.3565 3.41254 0.000860592
123.274 -19.6419 3.40432 1.85488e-09
123.714 -20.1786 3.42429 1.03202e-07
123.127 -20.3211 3.39645 0.000319253
122.643 -20.6759 3.42339 1.10675e-12
123.264 -20.0447 3.41428 0.00136522
122.842 -20.3861 3.42858 5.52523e-13
122.593 -20.6152 3.39858 2.5802e-06
122.748 -19.655 3.39018 2.36556e-12
122.496 -19.6654 3.43182 2.43055e-35
122.528 -19.9934 3.40831 1.49104e-08
122.812 -20.2107 3.40776 0.00637869
123.218 -20.4927 3.42893 2.4457e-08
123.428 -20.262 3.41808 0.00372956
123.067 -20.0313 3.42181 1.21286e-07
123.382 -20.2034 3.41177 0.024744
122.424 -19.9381 3.40744 6.9459e-11
123.196 -20.2744 3.41756 0.00946021
122.576 -19.1775 3.39932 4.71883e-24
122.955 -20.1929 3.42534 1.29265e-09
122.9 -20.4622 3.40509 0.0569254
123.624 -20.2514 3.41998 5.9118e-05
122.611 -20.4071 3.40534 0.000138282
122.71 -19.5144 3.41376 5.1e-17
123.057 -20.9828 3.40392 2.78913e-07
122.884 -20.0379 3.40657 0.00170278
122.776 -19.9189 3.41946 3.99229e-11
123.978 -20.9029 3.4024 3.30012e-19
123.214 -20.7027 3.42017 0.000440809
122.867 -20.1569 3.40273 0.010339
123.239 -20.372 3.39717 0.00011217
123.081 -20.3825 3.40728 0.367013
123.125 -20.6641 3.4266 9.66804e-08
123.229 -20.7624 3.4182 0.000657742
122.945 -20.5705 3.42427 9.22861e-08
123.264 -20.2408 3.40273 0.0125886
123.305 -19.9896 3.41947 5.78614e-06
