49.6346 -60.6368 3.90701 5.59809e-10 49.679 -60.784 3.9253
49.5759 -60.7286 3.93253 0.0414321 49.679 -60.784 3.9253
49.8681 -60.6669 3.94042 0.00392077 49.679 -60.784 3.9253
49.715 -60.8895 3.94156 0.000404926 49.679 -60.784 3.9253
49.5728 -60.9213 3.93601 0 49.679 -60.784 3.9253
49.4022 -60.9719 3.94388 0 49.679 -60.784 3.9253
49.7034 -60.6427 3.94921 2.27623e-09 49.679 -60.784 3.9253
50.0218 -60.189 3.93615 2.14317e-10 49.679 -60.784 3.9253
49.3375 -60.5154 3.92136 0 49.679 -60.784 3.9253
49.6586 -60.6801 3.92764 0.252345 49.679 -60.784 3.9253
49.7233 -60.3509 3.91388 8.33277e-10 49.679 -60.784 3.9253
49.3488 -60.6568 3.92631 0 49.679 -60.784 3.9253
50.0557 -60.5474 3.94135 5.45027e-05 49.679 -60.784 3.9253
49.3998 -61.0546 3.93349 0 49.679 -60.784 3.9253
50.474 -60.6359 3.93283 1.49907e-11 49.679 -60.784 3.9253
49.9532 -60.6913 3.92108 0.000422123 49.679 -60.784 3.9253
49.5705 -61.1925 3.92601 0 49.679 -60.784 3.9253
49.9717 -61.2704 3.91281 2.1776e-13 49.679 -60.784 3.9253
49.7394 -59.8203 3.93512 2.28585e-22 49.679 -60.784 3.9253
50.0751 -60.9152 3.93682 0.00385165 49.679 -60.784 3.9253
49.1151 -61.0057 3.91482 0 49.679 -60.784 3.9253
50.1117 -60.4889 3.93997 8.05581e-06 49.679 -60.784 3.9253
49.4558 -61.0482 3.92609 0 49.679 -60.784 3.9253
49.6786 -60.101 3.91766 4.52949e-14 49.679 -60.784 3.9253
49.8527 -60.7034 3.92417 0.0510855 49.679 -60.784 3.9253
49.8338 -60.9064 3.92337 0.0458335 49.679 -60.784 3.9253
49.4828 -60.5826 3.91435 8.67732e-06 49.679 -60.784 3.9253
50.1128 -60.3478 3.93796 8.13326e-08 49.679 -60.784 3.9253
49.5764 -60.9699 3.93444 0 49.679 -60.784 3.9253
49.4221 -60.5745 3.92836 0.000311286 49.679 -60.784 3.9253
50.2751 -60.8685 3.94752 3.09112e-08 49.679 -60.784 3.9253
49.8674 -61.0503 3.92722 0.0142449 49.679 -60.784 3.9253
49.7052 -60.5193 3.93403 0.00399173 49.679 -60.784 3.9253
50.0091 -60.9361 3.95288 3.56957e-10 49.679 -60.784 3.9253
49.6625 -60.5116 3.92387 0.00320224 49.679 -60.784 3.9253
49.926 -61.2657 3.91593 1.70757e-10 49.679 -60.784 3.9253
49.6426 -61.0991 3.91626 0 49.679 -60.784 3.9253
49.9777 -61.0888 3.92286 4.08369e-05 49.679 -60.784 3.9253
50.0878 -60.5855 3.92242 2.19414e-06 49.679 -60.784 3.9253
49.6105 -60.2168 3.93926 3.44077e-11 49.679 -60.784 3.9253
50.0063 -60.8249 3.93149 0.0552183 49.679 -60.784 3.9253
49.4812 -60.5738 3.91292 1.50975e-06 49.679 -60.784 3.9253
49.522 -61.0855 3.93499 0 49.679 -60.784 3.9253
49.6009 -60.7701 3.92592 0.262256 49.679 -60.784 3.9253
50.4298 -60.7798 3.92751 2.21341e-11 49.679 -60.784 3.9253
49.4124 -60.0028 3.92744 0 49.679 -60.784 3.9253
49.6331 -60.4749 3.91592 3.19565e-06 49.679 -60.784 3.9253
49.614 -60.4272 3.93646 9.92112e-06 49.679 -60.784 3.9253
49.8961 -60.6402 3.91296 3.32237e-08 49.679 -60.784 3.9253
49.5818 -60.5378 3.93174 0.00259529 49.679 -60.784 3.9253
50.683 -60.8471 3.94445 1.0822e-16 49.679 -60.784 3.9253
50.0159 -60.7789 3.95255 1.99187e-09 49.679 -60.784 3.9253
49.9179 -61.0084 3.9241 0.00330894 49.679 -60.784 3.9253
50.1761 -61.1166 3.93743 2.53413e-06 49.679 -60.784 3.9253
49.5167 -60.5711 3.93949 2.34894e-06 49.679 -60.784 3.9253
49.8844 -61.2859 3.93299 3.03381e-06 49.679 -60.784 3.9253
49.559 -60.2679 3.91859 3.39248e-09 49.679 -60.784 3.9253
49.8687 -60.9123 3.9237 0.0298339 49.679 -60.784 3.9253
49.3772 -61.35 3.9234 0 49.679 -60.784 3.9253
49.6895 -60.6501 3.90843 3.7258e-09 49.679 -60.784 3.9253
49.6833 -61.0173 3.9311 0.0499529 49.679 -60.784 3.9253
49.9939 -60.6321 3.91695 3.36485e-07 49.679 -60.784 3.9253
50.2312 -60.4266 3.9166 3.62072e-15 49.679 -60.784 3.9253
50.0768 -60.288 3.95783 4.42464e-19 49.679 -60.784 3.9253
49.6981 -60.8406 3.92201 0.103695 49.679 -60.784 3.9253
49.9354 -60.531 3.92592 0.00105789 49.679 -60.784 3.9253
49.6629 -60.2605 3.91383 1.63072e-11 49.679 -60.784 3.9253
49.7331 -61.2942 3.93428 0 49.679 -60.784 3.9253
49.6891 -61.4647 3.90732 0 49.679 -60.784 3.9253
49.9087 -60.4982 3.92204 5.18098e-05 49.679 -60.784 3.9253
49.6371 -60.3458 3.93772 2.08184e-07 49.679 -60.784 3.9253
49.779 -60.488 3.93119 0.00509684 49.679 -60.784 3.9253
49.7054 -60.9874 3.91852 0.00170991 49.679 -60.784 3.9253
49.4773 -59.5213 3.93604 0 49.679 -60.784 3.9253
49.6925 -60.9364 3.93828 0.00417769 49.679 -60.784 3.9253
49.178 -61.1233 3.94591 0 49.679 -60.784 3.9253
49.7545 -60.4824 3.95245 5.49639e-13 49.679 -60.784 3.9253
49.7544 -60.743 3.91892 0.00560462 49.679 -60.784 3.9253
50.0927 -60.8224 3.93286 0.00671394 49.679 -60.784 3.9253
50.2921 -60.5918 3.92342 2.25196e-10 49.679 -60.784 3.9253
49.9372 -61.1133 3.94183 1.64552e-05 49.679 -60.784 3.9253
49.3747 -60.8116 3.91625 0 49.679 -60.784 3.9253
49.7291 -60.9339 3.94498 4.08378e-06 49.679 -60.784 3.9253
49.6861 -60.9647 3.91454 4.53996e-05 49.679 -60.784 3.9253
49.6441 -61.022 3.93413 0 49.679 -60.784 3.9253
49.5264 -60.415 3.91564 2.25095e-07 49.679 -60.784 3.9253
50.1843 -60.2079 3.93989 4.0015e-12 49.679 -60.784 3.9253
49.3441 -61.2215 3.92707 0 49.679 -60.784 3.9253
49.8684 -61.0732 3.91802 1.14032e-05 49.679 -60.784 3.9253
50.1308 -60.5353 3.93655 5.6601e-05 49.679 -60.784 3.9253
49.9518 -60.9861 3.91868 1.50728e-05 49.679 -60.784 3.9253
49.4406 -60.9077 3.91403 0 49.679 -60.784 3.9253
50.055 -60.408 3.93777 4.06698e-06 49.679 -60.784 3.9253
49.9213 -61.0247 3.91523 2.21565e-07 49.679 -60.784 3.9253
49.3564 -61.0345 3.94177 0 49.679 -60.784 3.9253
50.2301 -61.0225 3.9432 4.27182e-07 49.679 -60.784 3.9253
49.8815 -60.1487 3.92505 3.25727e-11 49.679 -60.784 3.9253
49.6671 -61.0022 3.93193 0.0447656 49.679 -60.784 3.9253
49.9529 -60.8781 3.92259 0.0026234 49.679 -60.784 3.9253
49.9436 -60.0215 3.94068 5.82993e-16 49.679 -60.784 3.9253
