263.156 27.8755 6.02154 0.0194932 263.23 27.773 6.0168
263.471 27.8972 5.99831 1.4881e-05 263.23 27.773 6.0168
263.414 27.9134 6.0156 0.000146489 263.23 27.773 6.0168
262.885 27.8331 6.01395 0.10373 263.23 27.773 6.0168
263.26 27.5133 6.01237 0.000429331 263.23 27.773 6.0168
263.203 28.1486 6.02211 2.01865e-05 263.23 27.773 6.0168
263.006 28.0102 6.01241 0.0414625 263.23 27.773 6.0168
262.925 27.6291 6.01792 0.0709707 263.23 27.773 6.0168
262.637 28.1057 6.01487 8.90024e-06 263.23 27.773 6.0168
263.368 27.741 6.02972 1.11452e-07 263.23 27.773 6.0168
262.994 28.0035 6.01058 0.0307884 263.23 27.773 6.0168
262.975 28.2223 6.01566 0.000137041 263.23 27.773 6.0168
263.672 27.6463 6.03061 4.49645e-16 263.23 27.773 6.0168
263.071 27.636 6.02052 0.0483947 263.23 27.773 6.0168
263.101 28.308 6.00991 5.15827e-06 263.23 27.773 6.0168
262.478 27.5802 6.01805 3.71694e-07 263.23 27.773 6.0168
263.175 28.0102 6.01102 0.02138 263.23 27.773 6.0168
263.197 27.7752 5.99393 5.14446e-06 263.23 27.773 6.0168
262.864 27.9422 6.00705 0.00245681 263.23 27.773 6.0168
262.852 27.2601 6.00357 3.08434e-11 263.23 27.773 6.0168
263.422 28.1942 6.01335 6.37595e-07 263.23 27.773 6.0168
262.499 27.3463 6.02024 2.84674e-09 263.23 27.773 6.0168
262.926 27.664 6.01494 0.0761987 263.23 27.773 6.0168
263.232 28.4098 6.01191 1.0975e-08 263.23 27.773 6.0168
263.236 28.3924 5.99716 1.67729e-09 263.23 27.773 6.0168
263.731 27.9418 6.01149 1.73939e-10 263.23 27.773 6.0168
262.804 27.6891 6.01621 0.0275256 263.23 27.773 6.0168
263.509 28.0334 6.01074 3.88534e-06 263.23 27.773 6.0168
263.071 27.6557 6.01538 0.0927282 263.23 27.773 6.0168
262.796 28.0463 6.03474 4.42084e-06 263.23 27.773 6.0168
263.001 27.4092 6.00966 3.16857e-05 263.23 27.773 6.0168
262.541 27.6118 6.02575 6.00323e-05 263.23 27.773 6.0168
263.011 27.9781 6.02741 0.00172288 263.23 27.773 6.0168
263.052 27.9057 6.01986 0.100271 263.23 27.773 6.0168
262.63 27.5036 6.03033 5.85137e-05 263.23 27.773 6.0168
263.349 27.8588 6.00643 0.0032111 263.23 27.773 6.0168
263.107 27.9039 6.02584 0.00372087 263.23 27.773 6.0168
262.581 27.9143 6.04313 1.09613e-08 263.23 27.773 6.0168
263.623 28.2361 6.02504 7.19661e-16 263.23 27.773 6.0168
263.188 27.1898 6.0081 3.57333e-10 263.23 27.773 6.0168
262.697 27.3848 6.00419 1.47794e-10 263.23 27.773 6.0168
263.188 28.2008 6.0185 2.93169e-05 263.23 27.773 6.0168
263.242 28.0428 6.0207 0.000329095 263.23 27.773 6.0168
263.018 28.3912 6.0039 1.98593e-08 263.23 27.773 6.0168
263.055 27.8927 6.02658 0.0063571 263.23 27.773 6.0168
263.627 27.7595 6.01801 3.42049e-09 263.23 27.773 6.0168
263.708 27.6959 6.00335 2.1695e-09 263.23 27.773 6.0168
263.566 27.8815 6.03555 3.61144e-16 263.23 27.773 6.0168
263.248 28.0371 6.03745 2.84223e-11 263.23 27.773 6.0168
262.618 28.2271 6.02735 6.78715e-08 263.23 27.773 6.0168
263.531 27.7512 6.03554 1.14797e-14 263.23 27.773 6.0168
262.444 27.7196 6.01894 7.04631e-07 263.23 27.773 6.0168
263.249 28.35 6.01375 1.02021e-07 263.23 27.773 6.0168
263.328 27.9254 6.02222 8.56562e-05 263.23 27.773 6.0168
262.719 27.4998 6.02919 0.000313153 263.23 27.773 6.0168
262.898 28.0826 6.02059 0.00387363 263.23 27.773 6.0168
263.197 27.8386 6.01856 0.033722 263.23 27.773 6.0168
263.191 27.7938 6.01398 0.084215 263.23 27.773 6.0168
263.012 27.1531 6.01179 3.76413e-10 263.23 27.773 6.0168
263.525 27.7219 6.02216 4.13441e-08 263.23 27.773 6.0168
263.303 27.9698 6.01924 0.000549399 263.23 27.773 6.0168
263.337 27.7601 6.02529 2.03905e-05 263.23 27.773 6.0168
263.318 28.0239 6.02798 1.85167e-07 263.23 27.773 6.0168
263.209 27.8615 6.01502 0.05292 263.23 27.773 6.0168
263.279 27.8918 6.02446 0.000143991 263.23 27.773 6.0168
263.231 28.1374 6.01516 0.000335869 263.23 27.773 6.0168
263.435 27.5846 6.03287 4.67284e-11 263.23 27.773 6.0168
262.92 27.8011 6.0272 0.029181 263.23 27.773 6.0168
262.851 28.132 6.02034 0.000693452 263.23 27.773 6.0168
263.442 28.0001 6.00659 0.000108845 263.23 27.773 6.0168
262.9 27.8847 6.02472 0.0453577 263.23 27.773 6.0168
262.531 28.1822 6.01873 4.76691e-08 263.23 27.773 6.0168
263.532 28.3531 6.00431 2.23707e-10 263.23 27.773 6.0168
263.184 28.1347 6.01589 0.000664589 263.23 27.773 6.0168
262.981 28.2076 6.01886 0.000139338 263.23 27.773 6.0168
262.908 27.8697 6.03725 1.05376e-05 263.23 27.773 6.0168
263.127 27.4738 6.01593 0.00122325 263.23 27.773 6.0168
262.924 27.4417 6.02566 0.000580167 263.23 27.773 6.0168
262.987 27.9273 6.02251 0.0520595 263.23 27.773 6.0168
263.597 27.7287 6.0125 2.14358e-07 263.23 27.773 6.0168
263.252 28.4938 6.00649 1.32735e-10 263.23 27.773 6.0168
263.409 27.9816 6.01609 6.1521e-05 263.23 27.773 6.0168
263.361 28.323 6.02608 3.66602e-12 263.23 27.773 6.0168
262.971 27.5056 6.02935 0.000544079 263.23 27.773 6.0168
262.811 27.9803 6.01763 0.0167975 263.23 27.773 6.0168
262.975 27.8641 6.03869 9.02063e-07 263.23 27.773 6.0168
263.63 28.4889 6.00835 1.33088e-15 263.23 27.773 6.0168
262.709 27.7794 6.02016 0.0132955 263.23 27.773 6.0168
263.111 28.5964 6.02149 1.00472e-14 263.23 27.773 6.0168
263.109 28.4942 6.00314 1.33645e-10 263.23 27.773 6.0168
263.021 28.0831 6.00924 0.00575373 263.23 27.773 6.0168
263.332 27.9756 6.01094 0.00250058 263.23 27.773 6.0168
263.408 27.8542 6.02055 2.46216e-05 263.23 27.773 6.0168
263.352 28.2478 6.01414 6.12794e-07 263.23 27.773 6.0168
263.479 28.3167 6.02462 1.10535e-13 263.23 27.773 6.0168
262.951 27.3583 6.01034 3.85582e-06 263.23 27.773 6.0168
263.524 27.5506 6.00757 4.65879e-07 263.23 27.773 6.0168
263.486 27.7394 5.99199 6.42408e-08 263.23 27.773 6.0168
262.743 27.606 6.02877 0.00307458 263.23 27.773 6.0168
262.759 28.1536 6.02417 4.59347e-05 263.23 27.773 6.0168
