249.958 -19.3349 3.02458 0.0404636
249.948 -19.894 3.02332 3.50959e-08
249.805 -19.5808 3.01278 1.04386e-05
249.793 -19.6164 2.99581 7.0607e-17
249.496 -18.6389 3.01053 7.8367e-05
250.205 -18.9838 3.02103 0.000166879
249.558 -18.983 3.02523 0.00491558
250.299 -19.3437 3.02758 0.000438763
249.809 -19.0754 3.02646 0.0645827
249.268 -19.4415 3.03619 3.15068e-12
249.761 -19.1091 3.03332 0.000879183
249.48 -19.4676 3.01882 0.00259454
249.779 -19.8079 3.01984 7.65053e-07
249.655 -18.8757 3.00684 0.000204038
249.444 -19.2119 3.0196 0.0237173
249.258 -19.6151 3.02359 1.97524e-07
249.799 -19.302 3.02345 0.0953769
249.676 -18.9297 3.01593 0.033278
249.57 -19.4558 3.0205 0.00680644
249.977 -18.9052 3.02558 0.00866772
249.519 -18.8866 3.01585 0.0176929
249.609 -18.7486 3.01928 0.0017772
250.04 -19.4403 3.03049 0.00655612
249.593 -18.8197 3.01184 0.0034352
249.866 -19.5632 3.00798 2.99958e-08
249.951 -19.1018 3.04077 7.45787e-06
250.259 -19.5939 3.01802 2.06175e-08
249.437 -19.0035 3.03134 1.62172e-06
249.512 -18.7872 3.00131 3.55397e-06
249.878 -19.2075 3.01066 0.00019584
250.354 -18.6303 3.03447 2.02018e-08
249.786 -18.6797 3.01716 0.000260175
249.541 -18.917 3.02459 0.00241784
249.366 -19.0602 3.00319 0.000351015
250.057 -19.0495 3.01773 0.00128559
250.147 -19.1255 3.02804 0.0117748
249.699 -19.46 3.01855 0.00851147
249.907 -19.1027 3.02552 0.0898369
249.773 -19.6549 3.02357 0.000221161
249.942 -19.757 3.02351 5.85216e-06
250.189 -19.2199 3.01225 1.11101e-07
250.011 -18.9985 3.0382 6.06952e-05
249.881 -19.0054 3.02031 0.0455223
249.415 -19.4109 3.0093 0.000554399
249.766 -19.2776 3.0333 0.00135605
249.8 -19.4007 3.02348 0.0351451
249.51 -18.437 3.00672 4.46769e-08
249.722 -19.2289 3.0129 0.012023
250.19 -19.2559 3.01382 5.60612e-07
250.26 -18.8425 3.03567 1.61492e-05
250.341 -19.543 3.00865 2.62081e-15
250.022 -19.3025 3.03737 0.00077599
249.219 -18.9343 3.0187 0.000138326
250.688 -18.991 3.02158 1.75137e-12
249.862 -19.1257 3.00693 7.8483e-06
249.549 -19.0696 3.00838 0.00539284
249.847 -19.6295 3.00216 1.20941e-12
249.072 -19.8227 3.0031 3.17819e-12
249.788 -19.1959 3.01826 0.090092
249.579 -19.3371 3.01191 0.00615922
249.853 -18.897 3.0004 8.89236e-10
250.076 -19.3211 3.00644 6.86309e-10
249.663 -19.0625 3.034 5.17978e-05
250.002 -19.139 2.98661 2.38866e-26
249.752 -18.9726 3.01682 0.0422176
250.099 -18.7788 3.01969 4.95983e-05
249.474 -19.5308 3.01658 0.000642837
249.322 -19.4528 2.98632 5.19925e-17
249.811 -19.3062 3.02332 0.0918808
250.04 -19.2759 3.01701 0.00076646
249.51 -19.4382 3.02358 0.00214052
249.643 -18.8401 3.02708 0.000590879
249.742 -18.656 3.03141 6.80235e-07
249.56 -18.8653 3.01958 0.0109597
249.816 -19.4177 3.03993 2.1713e-06
249.998 -19.6208 3.02206 9.7418e-05
249.479 -19.1422 3.00426 0.000330632
249.834 -18.6958 3.01105 1.34844e-05
249.711 -18.9968 2.999 1.27272e-08
248.978 -19.508 3.00843 1.46753e-07
250.257 -18.5151 3.0193 4.10697e-10
249.666 -19.3953 3.00251 1.2123e-07
250.155 -19.0271 3.02854 0.00544018
250.007 -18.9811 3.02373 0.0169568
249.816 -19.5057 3.03937 1.56957e-06
249.086 -18.888 3.00909 0.000111998
249.755 -19.3823 3.02023 0.0359971
249.859 -18.6584 3.02001 0.000118529
249.436 -18.9943 3.02457 0.000894911
249.557 -19.4112 3.03156 4.21605e-05
249.866 -19.1412 3.02061 0.098397
249.488 -19.2107 3.0346 5.34837e-07
249.319 -19.0981 3.02479 9.06023e-05
249.92 -18.884 3.01499 0.000907886
249.776 -19.1912 3.02757 0.0537414
250.302 -19.488 3.01553 2.60193e-09
249.108 -18.4594 3.02559 1.62963e-14
249.729 -19.2282 3.01317 0.0133157
250.126 -19.7279 3.03496 5.54284e-06
249.199 -19.1921 3.0054 0.000472599
