74.3002 15.9212 0.0972435 0.0604423
74.41 15.8755 0.11712 0.00218108
74.2049 15.5783 0.0822856 7.51094e-05
74.0062 16.3247 0.114123 3.98003e-05
74.2895 15.7976 0.109945 0.0457302
74.1454 15.5209 0.0923814 0.0021962
74.571 16.5031 0.115648 8.50485e-08
74.072 16.1555 0.103523 0.00358726
74.7825 15.3368 0.116963 8.50597e-09
74.2917 16.2287 0.0825581 2.43458e-06
74.3664 15.2489 0.108069 2.25104e-05
74.3743 15.9927 0.100256 0.0511832
74.5829 15.7987 0.0981488 0.0198735
73.8412 15.7692 0.0965426 0.000358192
74.2487 15.8523 0.0869795 0.00240618
74.2973 15.8453 0.102943 0.115316
74.2483 15.7355 0.107099 0.0640493
74.3608 16.2967 0.0949355 0.000224139
74.6756 15.0885 0.11728 5.26306e-11
73.5686 15.5303 0.0945009 1.81953e-08
74.4168 15.4401 0.0905876 0.00106071
74.468 16.1291 0.114572 0.000830062
73.989 16.0177 0.116425 0.0011085
74.2791 15.9646 0.088933 0.00354395
74.3314 16.1883 0.101398 0.00576213
74.4889 16.0024 0.0835642 0.000169617
74.6497 16.346 0.111792 4.3578e-06
74.1015 16.347 0.0942016 1.58153e-05
74.7098 15.9098 0.104215 0.00191368
73.8729 15.7339 0.0912621 0.000106949
74.7329 16.158 0.112738 1.67192e-05
74.0416 15.6685 0.101878 0.0152329
74.2848 16.0715 0.101269 0.0284949
74.3368 16.7579 0.115403 1.64564e-10
73.5347 16.4001 0.0777774 3.15074e-17
73.9772 15.8291 0.108623 0.00993906
74.436 16.183 0.0925495 0.000855977
74.6316 16.125 0.100032 0.00135829
74.3726 15.7182 0.09825 0.0720415
74.0804 15.9336 0.0985928 0.0197561
74.5457 15.373 0.102804 0.000306173
74.4007 16.7354 0.0972249 3.58967e-10
74.4848 15.4367 0.114116 6.95707e-05
73.8871 16.1307 0.104696 0.000423183
73.7812 16.3306 0.0881683 3.23912e-09
74.3888 15.4891 0.09657 0.00728742
73.8054 15.44 0.114035 4.4449e-06
74.6901 15.4654 0.108785 4.67063e-05
74.9039 15.9508 0.105792 1.33875e-05
74.2631 15.7687 0.0908878 0.0146709
75.2214 15.6218 0.112312 5.70289e-12
74.078 15.3692 0.0822332 1.19723e-06
74.2319 15.5009 0.094171 0.00491347
74.6329 15.9776 0.103888 0.00519958
74.2968 15.5453 0.0984746 0.0193512
73.9805 16.1412 0.112872 0.000814579
73.7877 16.9955 0.123152 9.56258e-18
74.4023 16.3424 0.112461 8.17646e-05
74.4152 16.1034 0.0941666 0.00505415
74.1627 15.6814 0.0996482 0.0428948
74.2345 15.743 0.094094 0.0324278
74.1734 16.3827 0.101538 7.41988e-05
74.5818 15.778 0.0991776 0.0205129
74.2608 16.1186 0.103366 0.0172189
74.5272 14.9868 0.0856926 1.70086e-09
73.5364 15.9027 0.101107 1.91989e-07
74.42 16.1775 0.105426 0.00492624
74.5133 15.0992 0.0846053 4.68047e-08
74.5076 15.2534 0.0820863 8.90138e-07
73.9095 16.2546 0.109548 8.6422e-05
74.1717 16.2138 0.0920152 0.000233897
74.3883 16.1513 0.0761515 1.28143e-07
74.3556 15.887 0.095136 0.0473488
74.3719 15.3701 0.0925392 0.000559629
74.2573 15.8352 0.107997 0.0719988
74.6804 15.6295 0.108187 0.000591904
74.1067 15.6907 0.0986196 0.025662
73.7231 15.9517 0.0924295 2.66007e-06
74.337 15.7791 0.0970753 0.0778316
73.8051 16.2807 0.101522 4.3338e-06
74.3729 15.3692 0.114485 3.80344e-05
74.3553 16.3875 0.106415 9.76384e-05
74.25 16.1287 0.0857967 8.91975e-05
74.0175 16.1792 0.109375 0.00127099
74.3648 16.21 0.0976493 0.00234751
74.5094 15.5405 0.109905 0.00151121
74.7409 15.9326 0.100054 0.00134051
74.5355 15.869 0.0709863 4.3797e-08
74.1843 16.201 0.100961 0.0032778
74.3033 16.7174 0.10827 2.95053e-09
74.5355 16.3553 0.0956094 2.82805e-05
73.5424 16.1061 0.106253 1.06988e-07
74.5391 15.8542 0.0991035 0.0323839
74.2093 16.0965 0.0987962 0.0127699
74.4107 15.8464 0.12407 3.66676e-05
74.1513 16.0958 0.0744618 1.31484e-08
74.106 16.0736 0.086208 6.8383e-05
73.9592 15.6419 0.0935977 0.000869797
73.9348 15.7304 0.112539 0.00200233
74.5272 15.8094 0.109432 0.0113546
