191.848 -9.70064 3.15844 4.34533e-09 191.58 -10.357 3.1472
192.15 -10.8535 3.14089 9.79386e-13 191.58 -10.357 3.1472
191.655 -11.1456 3.16874 1.41268e-22 191.58 -10.357 3.1472
191.403 -10.7142 3.14859 0.00064478 191.58 -10.357 3.1472
191.528 -10.3997 3.1463 0.135838 191.58 -10.357 3.1472
191.616 -10.3012 3.14372 0.0278324 191.58 -10.357 3.1472
191.335 -10.9345 3.12623 1.36505e-10 191.58 -10.357 3.1472
191.138 -10.5811 3.16454 8.71546e-18 191.58 -10.357 3.1472
191.858 -10.6821 3.13935 2.17241e-06 191.58 -10.357 3.1472
191.394 -10.1436 3.15502 5.09538e-05 191.58 -10.357 3.1472
191.476 -10.2525 3.17066 8.39337e-14 191.58 -10.357 3.1472
191.56 -10.9138 3.15964 2.45624e-10 191.58 -10.357 3.1472
191.541 -10.4803 3.1466 0.1317 191.58 -10.357 3.1472
191.921 -10.2421 3.14356 3.42163e-05 191.58 -10.357 3.1472
191.68 -10.372 3.15069 0.189445 191.58 -10.357 3.1472
192.064 -10.8247 3.1577 3.39443e-07 191.58 -10.357 3.1472
191.285 -10.4427 3.16799 2.67523e-16 191.58 -10.357 3.1472
191.431 -10.5159 3.14498 0.0516454 191.58 -10.357 3.1472
191.712 -10.1027 3.14497 0.000612128 191.58 -10.357 3.1472
191.247 -10.8221 3.17445 7.66077e-31 191.58 -10.357 3.1472
191.442 -10.788 3.15345 4.32511e-06 191.58 -10.357 3.1472
191.583 -9.93768 3.14519 8.60407e-06 191.58 -10.357 3.1472
191.821 -10.186 3.16134 0.00156748 191.58 -10.357 3.1472
191.891 -10.7599 3.15645 4.76019e-05 191.58 -10.357 3.1472
191.87 -10.5345 3.15621 0.0116912 191.58 -10.357 3.1472
191.85 -10.8484 3.14599 8.22073e-06 191.58 -10.357 3.1472
191.357 -10.5327 3.14541 0.0170658 191.58 -10.357 3.1472
190.997 -10.5509 3.1418 3.0278e-06 191.58 -10.357 3.1472
191.498 -9.92341 3.14465 3.41463e-06 191.58 -10.357 3.1472
191.801 -11.1044 3.15191 1.76297e-10 191.58 -10.357 3.1472
191.541 -10.4958 3.1562 0.00170189 191.58 -10.357 3.1472
191.865 -9.72809 3.14867 4.29281e-10 191.58 -10.357 3.1472
191.54 -10.1851 3.14732 0.0188013 191.58 -10.357 3.1472
191.388 -10.7132 3.15471 2.53828e-06 191.58 -10.357 3.1472
191.275 -10.8166 3.14237 4.94326e-05 191.58 -10.357 3.1472
191.79 -10.7776 3.13519 1.8757e-08 191.58 -10.357 3.1472
191.66 -10.3187 3.13823 0.000184997 191.58 -10.357 3.1472
191.934 -10.2375 3.17541 5.93682e-11 191.58 -10.357 3.1472
191.179 -10.1666 3.14018 3.16357e-05 191.58 -10.357 3.1472
191.553 -10.7227 3.17376 8.18136e-20 191.58 -10.357 3.1472
191.045 -10.5246 3.17029 3.14958e-27 191.58 -10.357 3.1472
191.36 -10.3319 3.14825 0.00988317 191.58 -10.357 3.1472
191.483 -10.128 3.15755 5.27381e-05 191.58 -10.357 3.1472
191.908 -10.5543 3.16037 0.000744118 191.58 -10.357 3.1472
191.296 -10.5295 3.12656 5.21295e-08 191.58 -10.357 3.1472
191.714 -10.5942 3.14387 0.00987922 191.58 -10.357 3.1472
191.675 -10.2455 3.13888 9.09814e-05 191.58 -10.357 3.1472
191.914 -10.5174 3.15391 0.016481 191.58 -10.357 3.1472
191.419 -10.1089 3.16254 1.11029e-08 191.58 -10.357 3.1472
191.6 -10.151 3.15025 0.01624 191.58 -10.357 3.1472
191.21 -10.3025 3.14721 0.00025906 191.58 -10.357 3.1472
191.155 -10.5412 3.14165 0.000500617 191.58 -10.357 3.1472
191.753 -10.8918 3.15081 8.73514e-06 191.58 -10.357 3.1472
191.491 -10.6793 3.15258 0.000535321 191.58 -10.357 3.1472
191.668 -10.1748 3.14741 0.0163355 191.58 -10.357 3.1472
191.614 -10.1189 3.16051 6.9513e-05 191.58 -10.357 3.1472
192.24 -10.4377 3.17497 2.77507e-10 191.58 -10.357 3.1472
191.78 -10.0414 3.15532 0.00167179 191.58 -10.357 3.1472
191.396 -10.5841 3.14483 0.0195615 191.58 -10.357 3.1472
191.64 -10.4842 3.15196 0.0921441 191.58 -10.357 3.1472
191.572 -9.90598 3.15336 1.02228e-05 191.58 -10.357 3.1472
191.367 -10.2982 3.16541 2.42947e-11 191.58 -10.357 3.1472
191.292 -10.7179 3.16503 5.37442e-16 191.58 -10.357 3.1472
191.145 -10.1704 3.13928 1.36739e-05 191.58 -10.357 3.1472
191.896 -10.4384 3.13671 5.08621e-08 191.58 -10.357 3.1472
191.38 -10.4445 3.13408 0.000231878 191.58 -10.357 3.1472
191.651 -10.5765 3.15202 0.0325934 191.58 -10.357 3.1472
191.683 -10.3834 3.14278 0.0153066 191.58 -10.357 3.1472
191.257 -10.4502 3.13074 1.07402e-05 191.58 -10.357 3.1472
191.521 -10.3619 3.16349 3.65835e-07 191.58 -10.357 3.1472
191.707 -10.4133 3.15995 0.00192362 191.58 -10.357 3.1472
192.313 -10.3819 3.1572 3.03447e-06 191.58 -10.357 3.1472
191.761 -10.369 3.15648 0.0447243 191.58 -10.357 3.1472
191.995 -10.3102 3.15462 0.0111524 191.58 -10.357 3.1472
191.761 -10.7965 3.14499 0.000144084 191.58 -10.357 3.1472
191.239 -10.339 3.14371 0.00218628 191.58 -10.357 3.1472
191.122 -10.2475 3.16309 2.44445e-15 191.58 -10.357 3.1472
191.442 -10.3805 3.14434 0.0607718 191.58 -10.357 3.1472
191.891 -10.5002 3.13311 1.31344e-10 191.58 -10.357 3.1472
192.009 -10.0164 3.14955 5.07123e-06 191.58 -10.357 3.1472
191.872 -10.3607 3.15943 0.0115255 191.58 -10.357 3.1472
192.065 -10.0779 3.15217 3.8044e-05 191.58 -10.357 3.1472
191.924 -9.80947 3.15979 3.88397e-07 191.58 -10.357 3.1472
191.452 -10.6211 3.14385 0.0206838 191.58 -10.357 3.1472
191.846 -10.514 3.12519 2.04789e-17 191.58 -10.357 3.1472
191.378 -10.4106 3.14929 0.0116204 191.58 -10.357 3.1472
191.803 -10.5026 3.15776 0.00922671 191.58 -10.357 3.1472
191.908 -10.3466 3.1447 0.000534757 191.58 -10.357 3.1472
191.571 -10.0699 3.15094 0.0021708 191.58 -10.357 3.1472
190.708 -10.2445 3.16237 5.95122e-29 191.58 -10.357 3.1472
191.295 -10.9114 3.16892 6.8849e-24 191.58 -10.357 3.1472
192.07 -10.4816 3.15128 0.000510885 191.58 -10.357 3.1472
191.531 -10.1546 3.16483 4.22071e-08 191.58 -10.357 3.1472
191.718 -9.83576 3.13629 4.51038e-13 191.58 -10.357 3.1472
191.143 -10.669 3.16039 1.66112e-14 191.58 -10.357 3.1472
191.713 -10.3778 3.16352 5.44473e-05 191.58 -10.357 3.1472
191.092 -10.2072 3.14279 7.67293e-06 191.58 -10.357 3.1472
191.832 -10.7588 3.15745 3.31408e-05 191.58 -10.357 3.1472
191.508 -10.2975 3.13816 0.00105659 191.58 -10.357 3.1472
192.062 -10.7108 3.15378 2.50421e-05 191.58 -10.357 3.1472
