-34.1941 -26.0514 1.18942 3.10065e-07
-34.4457 -26.531 1.19035 0.000478275
-34.6239 -26.6472 1.19774 0.00201814
-34.4936 -26.1511 1.17044 2.25115e-17
-34.2759 -26.336 1.18721 5.23159e-05
-33.6258 -25.9811 1.23514 6.26143e-48
-34.5479 -26.8636 1.21359 0.00818323
-33.9309 -26.6957 1.20653 0.000773184
-34.0085 -26.5188 1.20186 0.00452548
-34.4798 -26.3151 1.21399 2.1165e-07
-34.4884 -26.6789 1.18807 5.66406e-06
-34.0841 -26.3688 1.20033 0.00201489
-34.5862 -26.2568 1.19015 2.26972e-06
-33.9572 -26.343 1.20451 1.29119e-05
-34.2609 -26.5613 1.18434 2.10816e-06
-33.9225 -26.5772 1.21642 5.97803e-08
-34.4802 -26.2016 1.1788 8.24992e-11
-33.5653 -26.5241 1.189 4.13464e-12
-34.6463 -26.7824 1.19742 0.000317414
-34.49 -26.1946 1.2077 5.02543e-07
-33.9893 -26.0759 1.19428 8.87627e-08
-34.1661 -26.3273 1.20739 9.43369e-05
-34.2984 -26.5361 1.19973 0.170939
-34.1026 -26.4092 1.20265 0.00391868
-34.3618 -27.0065 1.18068 2.87133e-15
-34.4128 -26.4666 1.1953 0.0151751
-34.9679 -26.5683 1.21081 4.26632e-09
-34.7989 -26.589 1.1856 5.02152e-11
-34.5036 -26.5374 1.19947 0.0337903
-34.8415 -26.6949 1.20638 1.3848e-05
-34.5409 -26.3928 1.18909 1.84714e-05
-34.8087 -25.9671 1.20081 1.43662e-13
-34.8666 -26.2904 1.1917 5.17035e-10
-34.7564 -26.5109 1.20376 6.5327e-05
-34.5745 -26.4742 1.17389 6.4722e-16
-34.1383 -26.8178 1.20054 0.0403285
-34.535 -26.293 1.20508 6.30615e-05
-34.4701 -26.4076 1.2012 0.00996692
-34.156 -26.1129 1.2053 6.98721e-08
-33.8183 -26.1121 1.20278 7.52018e-11
-34.5255 -26.2675 1.20246 8.8612e-05
-34.0295 -26.0375 1.20766 1.39985e-11
-34.5743 -26.9542 1.19229 2.54717e-07
-34.5947 -26.1729 1.19931 1.80002e-06
-34.1127 -26.5829 1.16901 2.26906e-19
-34.9686 -26.4178 1.21504 3.49599e-12
-34.9082 -26.8792 1.1792 7.51557e-22
-34.6432 -26.8368 1.17876 1.55836e-16
-33.6697 -26.5867 1.19393 1.18485e-08
-34.46 -26.5001 1.21437 0.000103199
-33.5535 -26.2326 1.19711 3.00748e-13
-34.327 -26.218 1.19232 0.000129504
-34.8936 -26.7583 1.19144 1.24763e-10
-33.6647 -25.9543 1.20397 7.7646e-18
-34.4215 -26.1551 1.1812 2.79408e-09
-34.4452 -26.4903 1.18713 2.07586e-05
-34.4032 -27.0186 1.21218 0.0150052
-34.2324 -26.6219 1.20571 0.198842
-34.7234 -26.8197 1.20226 0.000290584
-34.5358 -26.5556 1.19089 0.000150962
-34.5772 -26.0875 1.20273 2.4516e-08
-34.5581 -26.6102 1.19667 0.00561702
-34.3588 -26.509 1.20206 0.126794
-34.357 -26.3989 1.18923 0.000331435
-34.1582 -26.2432 1.19763 0.000314922
-33.2051 -26.4715 1.20426 5.10904e-23
-34.351 -26.1807 1.19837 7.35211e-05
-34.6311 -26.7601 1.2032 0.00840371
-34.2845 -26.609 1.18056 3.25872e-09
-34.0765 -26.4372 1.18308 3.65505e-07
-34.3551 -26.552 1.21692 4.02528e-05
-34.4987 -26.6404 1.19001 7.39947e-05
-34.4092 -26.1965 1.19928 7.60736e-05
-34.4195 -26.3034 1.19488 0.00105331
-33.9007 -26.2599 1.18876 4.32238e-07
-34.8272 -26.0982 1.19546 5.99179e-11
-34.3053 -26.6065 1.20816 0.105618
-34.0299 -26.9065 1.20325 0.00344841
-34.1541 -27.1057 1.21252 0.000682864
-34.465 -26.0843 1.19758 7.89169e-07
-34.3107 -26.5959 1.19912 0.213781
-34.2378 -26.9926 1.20484 0.0195187
-34.6571 -26.3755 1.16469 3.11026e-26
-34.5024 -26.6328 1.1946 0.00423513
-34.4356 -25.7674 1.18739 1.77793e-13
-34.3852 -26.4707 1.19095 0.00149308
-33.712 -27.1145 1.21728 2.25632e-11
-34.5123 -26.2751 1.18398 7.05265e-08
-34.7092 -26.6258 1.19594 6.13025e-05
-34.45 -26.0496 1.21918 4.81595e-17
-35.2037 -26.862 1.19053 2.20604e-20
-34.3537 -26.3833 1.18628 2.10538e-05
-34.2598 -26.2605 1.21538 3.68269e-09
-34.592 -26.6441 1.21435 0.000465742
-34.0483 -25.9708 1.19961 4.96763e-10
-34.122 -26.0822 1.20773 9.5213e-10
-34.1753 -26.4119 1.21004 0.000194535
-34.3117 -26.2242 1.19917 0.000306321
-35.0172 -26.3 1.21232 4.46536e-14
-34.1748 -25.8652 1.19438 8.67615e-11
