-21.6881 -89.3447 2.63224 0.000225607
-22.0867 -89.4635 2.64931 6.23998e-08
-21.7716 -89.8406 2.64344 0.0233288
-22.1405 -89.9032 2.64453 0.000379095
-22.2509 -89.7755 2.65255 3.92068e-09
-21.6024 -89.7538 2.63087 0.00659325
-21.9697 -89.245 2.64369 1.51148e-07
-21.8186 -89.5162 2.63407 0.0188799
-21.5512 -90.0701 2.60838 2.18946e-16
-22.2189 -89.5992 2.64457 7.24305e-06
-22.1774 -89.6993 2.63038 0.0227096
-21.4213 -89.8266 2.64746 0.000125814
-22.7386 -90.0959 2.6302 9.60344e-11
-22.5982 -90.2612 2.63955 5.93647e-11
-21.755 -89.6964 2.64083 0.0301363
-22.4586 -89.4059 2.64534 2.92387e-11
-21.6294 -89.7093 2.61936 4.48437e-06
-21.7394 -89.3966 2.6477 1.7062e-06
-21.4289 -90.0433 2.64808 7.93675e-05
-21.9894 -89.9695 2.63815 0.0415092
-21.6421 -89.4294 2.62748 0.000230249
-21.8314 -89.6722 2.62862 0.0461904
-22.2796 -89.583 2.62797 0.00222754
-22.7251 -89.2201 2.62995 1.66177e-12
-21.8563 -89.2507 2.64766 1.09312e-08
-21.9357 -89.9732 2.63226 0.0535394
-21.6089 -89.949 2.66496 1.76435e-11
-22.6142 -89.9846 2.64182 4.50991e-10
-21.5486 -90.1759 2.64345 0.000354765
-22.434 -89.3671 2.64663 5.0896e-12
-21.9159 -89.8815 2.63022 0.0766317
-21.9264 -90.2148 2.64185 0.000896453
-22.2768 -90.3309 2.65498 4.21486e-12
-22.1211 -89.8634 2.63195 0.040413
-21.6387 -89.4975 2.641 0.000789473
-22.0448 -89.1931 2.64649 5.30252e-10
-22.3828 -90.2389 2.61548 1.17885e-10
-22.2821 -90.1948 2.63183 2.81041e-05
-22.1426 -89.7977 2.65792 5.70314e-11
-22.3418 -90.0417 2.63072 0.000144184
-21.8735 -89.6404 2.61539 7.30612e-06
-22.1601 -89.6152 2.61993 0.000827916
-22.0201 -89.4424 2.62694 0.00477147
-21.8342 -89.6779 2.65464 3.79907e-07
-22.0434 -89.9122 2.65068 1.26735e-05
-21.8772 -89.9754 2.63029 0.0291756
-22.0855 -89.4585 2.63777 0.000781525
-21.3285 -89.4294 2.64636 7.62417e-08
-21.5189 -89.5669 2.64308 0.000272602
-22.2058 -90.0324 2.62422 0.000253568
-21.9318 -89.591 2.63773 0.0262757
-21.9974 -89.8171 2.63481 0.126631
-21.3909 -90.1631 2.63768 1.31401e-05
-22.0813 -89.9137 2.64051 0.00998093
-21.6149 -89.7035 2.63287 0.0130224
-21.8573 -90.1812 2.63812 0.00374309
-22.2133 -89.8241 2.64257 0.000295658
-21.4814 -90.4839 2.64434 5.00983e-08
-21.8894 -89.8741 2.6396 0.0813216
-22.4504 -89.6992 2.62948 8.45333e-05
-22.3554 -89.5687 2.64965 2.60325e-10
-22.0873 -89.5166 2.6317 0.0121596
-22.4204 -90.1324 2.62815 2.83708e-06
-22.1365 -89.6827 2.63002 0.0346643
-21.8246 -89.5721 2.63995 0.0112295
-21.8122 -89.2562 2.65507 2.09358e-12
-22.1065 -89.6946 2.62681 0.0282455
-21.0891 -89.869 2.65222 2.75977e-09
-21.8067 -89.7788 2.64557 0.00579913
-21.7967 -89.8943 2.65169 8.87871e-05
-22.4551 -89.4609 2.63444 1.25327e-06
-21.681 -89.8246 2.63781 0.0580236
-21.7275 -89.7224 2.63775 0.0653003
-21.9847 -90.1752 2.63777 0.00264216
-22.0397 -89.5337 2.6397 0.00206195
-22.7309 -89.6296 2.64811 2.69201e-16
-21.9981 -89.9293 2.63215 0.0682911
-22.3568 -89.8542 2.63085 0.000711128
-22.404 -89.7492 2.64405 2.72106e-07
-22.0731 -89.2957 2.65343 1.95058e-12
-21.4656 -89.6741 2.63911 0.00103878
-21.5553 -89.7961 2.63729 0.0108188
-22.2158 -89.6164 2.63215 0.0068608
-22.4143 -89.9624 2.61915 1.74854e-06
-21.8745 -89.8978 2.62408 0.00306876
-21.9423 -89.7338 2.65064 2.17721e-05
-21.8736 -89.6981 2.62475 0.0126531
-22.3298 -90.1582 2.62721 9.51448e-06
-21.436 -89.7336 2.64305 0.000476792
-22.0188 -90.1324 2.63562 0.00496079
-22.5743 -89.495 2.63752 4.78447e-09
-21.9354 -89.2 2.64777 7.32317e-10
-21.7204 -89.0085 2.65514 3.16525e-17
-21.9824 -89.2186 2.66491 6.17237e-22
-22.2201 -89.6648 2.65004 5.98042e-08
-21.6542 -89.8297 2.64983 0.000374171
-22.2408 -89.8885 2.62464 0.0015443
-21.7831 -90.029 2.62444 0.000244961
-22.0753 -89.3464 2.64507 2.77024e-07
-21.768 -89.8397 2.6461 0.00580657
