-13.7143 -92.8911 2.90975 0.000678142
-13.6668 -92.9785 2.8898 0.0123668
-14.0034 -93.0637 2.91199 1.49612e-08
-13.3662 -93.0514 2.9172 1.1199e-06
-13.5964 -93.0935 2.91118 4.532e-05
-14.3022 -93.558 2.91223 1.67636e-20
-13.3049 -92.7707 2.92098 2.60209e-07
-13.5339 -92.6027 2.88301 8.41903e-05
-14.4289 -92.7698 2.88392 3.58285e-07
-13.9338 -92.2145 2.9003 5.56704e-06
-13.8806 -92.4477 2.89409 0.00893735
-13.6523 -92.9724 2.90157 0.0355835
-14.4309 -92.9274 2.87085 7.62861e-11
-13.1052 -92.6261 2.90279 0.000161848
-13.8989 -92.1049 2.89724 7.39186e-07
-13.6646 -93.0821 2.89874 0.0100845
-13.5361 -92.2975 2.898 0.000814695
-13.8195 -93.4323 2.90656 5.48224e-09
-13.8281 -92.7372 2.89373 0.144824
-14.032 -92.8088 2.8931 0.0107204
-13.5597 -93.6259 2.8927 2.74354e-11
-14.1933 -92.5793 2.89546 9.402e-05
-13.7722 -92.7717 2.89301 0.170892
-13.1929 -93.3067 2.89976 1.93687e-07
-13.1918 -93.3928 2.908 8.2344e-09
-13.7375 -92.5957 2.90009 0.0819584
-13.5073 -92.4594 2.86531 6.08102e-17
-13.9398 -93.3713 2.90299 5.24889e-08
-13.816 -93.0189 2.90045 0.00789322
-13.6824 -93.3057 2.88253 7.91315e-08
-14.3127 -92.9017 2.89175 6.63235e-06
-13.7852 -93.3281 2.91387 6.27926e-10
-13.7561 -93.8428 2.89563 4.89288e-16
-14.1915 -93.2265 2.89397 4.2255e-07
-13.8922 -93.202 2.89117 0.00016957
-13.7398 -92.9563 2.904 0.0101529
-14.2981 -93.0156 2.88332 1.45567e-06
-13.8959 -93.388 2.89479 6.71736e-07
-13.1505 -93.2285 2.90003 7.0242e-07
-14.2078 -92.8958 2.8965 4.4305e-05
-14.4258 -93.0493 2.88359 2.41453e-08
-13.6873 -92.1646 2.88503 6.18872e-07
-13.4985 -93.4959 2.89383 8.17708e-09
-13.8057 -93.1416 2.89663 0.00186628
-13.5468 -92.9027 2.88729 0.00230098
-13.7841 -93.2344 2.89057 0.000106094
-13.0125 -92.7997 2.88993 1.28868e-08
-14.1312 -92.5968 2.87769 7.52297e-06
-14.1117 -93.3601 2.90153 2.7537e-09
-13.2432 -93.0039 2.89187 2.59071e-05
-14.0909 -92.3772 2.90253 2.53617e-06
-13.3931 -92.4395 2.89582 0.00229277
-13.34 -93.1023 2.90226 0.000720379
-13.4454 -93.2108 2.88764 2.23737e-06
-13.3702 -93.2861 2.91717 4.74625e-09
-14.3541 -92.8915 2.91612 1.54258e-16
-13.5904 -93.6444 2.88631 4.84024e-13
-13.5041 -92.9503 2.8703 8.76654e-13
-13.8931 -92.818 2.88849 0.0290746
-13.679 -93.1148 2.9024 0.00231118
-13.9421 -92.543 2.88976 0.0115793
-13.8829 -93.4307 2.90421 8.75743e-09
-13.3883 -92.3466 2.88412 2.57377e-07
-13.836 -92.9681 2.8787 1.53659e-05
-13.5835 -92.9942 2.89842 0.0408923
-14.2745 -93.2089 2.87857 4.34573e-09
-13.8902 -93.0763 2.89093 0.00271706
-14.654 -92.7425 2.8989 7.52926e-14
-13.4273 -92.3936 2.89247 0.000529515
-13.9741 -93.4033 2.88391 1.13387e-08
-13.4956 -92.579 2.89186 0.0150952
-13.8066 -92.6161 2.90225 0.0241092
-13.4 -93.7718 2.89273 1.35027e-15
-13.9895 -92.9786 2.87997 3.89907e-05
-13.9334 -92.9269 2.90327 0.00114447
-13.8666 -93.017 2.89078 0.00865735
-13.9212 -92.6779 2.88587 0.00977069
-13.6025 -93.0336 2.89783 0.0239152
-13.8867 -93.1525 2.87915 9.2527e-07
-13.2963 -93.2992 2.91239 1.01556e-07
-13.9034 -93.4884 2.89806 7.98974e-09
-13.7035 -93.0064 2.90147 0.018289
-13.7746 -92.8969 2.89809 0.0873221
-13.8627 -93.1706 2.90926 9.87581e-07
-13.6796 -92.694 2.88872 0.0391113
-13.83 -93.1567 2.90147 0.00032989
-13.4961 -92.9844 2.88 4.73031e-07
-14.1661 -93.1128 2.90577 1.71716e-08
-13.9044 -93.0644 2.90197 0.000570122
-13.851 -93.3961 2.89582 7.59257e-07
-14.161 -93.1986 2.89468 1.67184e-06
-13.7196 -92.8438 2.89071 0.0772391
-14.2279 -92.7714 2.89483 8.41912e-05
-13.7069 -92.5606 2.89421 0.0954837
-13.6898 -93.0738 2.88713 0.000801237
-13.5719 -92.6438 2.88681 0.00401992
-13.4892 -92.8729 2.88765 0.00155339
-13.8223 -92.7325 2.88136 0.000714662
-14.0277 -92.5649 2.88566 0.0017685
-13.8876 -93.1522 2.88188 8.59706e-06
