83.9773 -33.9232 3.62465 8.76812e-05
83.1335 -33.3846 3.626 5.189e-09
83.3 -33.6905 3.62056 6.70038e-05
83.6804 -33.9013 3.62336 0.015396
83.9981 -33.6123 3.64086 5.73293e-13
83.957 -33.1032 3.64353 1.60283e-12
83.5088 -33.2316 3.62685 0.000188834
83.581 -33.4726 3.63216 0.00496206
83.6989 -33.1303 3.63886 3.05072e-07
83.5531 -33.9313 3.62546 0.000438563
84.1019 -33.2614 3.6289 1.01057e-06
83.7021 -33.0302 3.63344 1.04756e-06
83.8458 -33.096 3.62338 9.67324e-08
83.0468 -33.1882 3.63962 8.50555e-16
83.2933 -33.341 3.63235 1.76373e-06
84.3713 -33.6286 3.63993 1.72268e-20
83.7595 -33.2951 3.62471 0.00317056
83.6901 -33.0797 3.63965 4.12121e-08
83.7582 -33.8563 3.61767 0.0512549
83.6772 -33.5028 3.62119 0.0777887
83.7604 -33.0574 3.61623 9.18381e-14
84.0311 -33.816 3.6278 1.82952e-05
83.727 -32.9462 3.63771 4.55365e-09
84.1637 -33.0883 3.64063 6.35916e-14
83.658 -33.9245 3.62196 0.0145923
83.422 -33.6746 3.63172 3.83341e-05
83.1676 -33.7202 3.6278 3.06032e-08
83.7643 -34.0605 3.62789 2.04406e-07
83.9284 -33.6356 3.62165 0.0400998
83.3434 -33.4988 3.62126 9.00498e-05
83.5984 -33.1776 3.63553 1.93857e-05
84.1659 -32.9277 3.62221 3.34237e-17
83.8546 -32.9782 3.64161 4.49255e-11
84.2613 -33.2153 3.62912 1.18049e-10
83.5443 -34.0177 3.64392 2.13731e-25
83.652 -33.7655 3.62785 0.0138634
83.0772 -33.54 3.64529 2.79287e-22
83.5262 -33.3176 3.6337 0.000320985
83.7264 -33.5159 3.64052 4.22561e-09
83.273 -33.8399 3.62942 4.46168e-08
83.736 -33.4807 3.62191 0.0810563
84.0508 -33.2292 3.63836 1.98516e-09
83.7174 -33.6776 3.63109 0.00280611
83.5162 -33.3301 3.62985 0.00288281
83.8356 -33.3962 3.629 0.0182453
83.6599 -33.1433 3.62505 1.21019e-05
83.3686 -33.9653 3.62511 2.04712e-06
83.9269 -33.3444 3.62993 0.00113099
83.3243 -33.5807 3.64178 9.94549e-14
83.6333 -33.5903 3.62803 0.121777
83.6824 -33.3373 3.61415 2.65402e-08
82.8999 -33.6611 3.63209 3.34244e-17
83.2525 -33.384 3.61289 2.50215e-13
83.7643 -33.5845 3.63594 9.12108e-06
84.0308 -33.4329 3.62305 0.000324358
83.9609 -33.4215 3.63038 0.000881236
83.2697 -33.6202 3.63295 1.24244e-07
83.7376 -33.1648 3.62768 0.000134753
83.2038 -33.2479 3.63179 1.02665e-08
83.4902 -33.826 3.64772 6.44314e-26
83.6848 -33.576 3.62756 0.204827
83.9043 -33.0141 3.61246 3.40216e-20
83.5099 -33.2927 3.64486 2.18234e-12
83.7327 -33.0192 3.62014 1.94795e-11
83.6451 -33.8102 3.6436 3.12257e-18
83.577 -33.9594 3.6239 0.000846505
83.8081 -33.3559 3.65318 9.38263e-25
83.5404 -33.161 3.62781 3.77868e-05
84.0679 -33.1778 3.61797 1.93612e-11
83.6278 -33.2792 3.61605 4.08954e-08
83.4028 -34.2161 3.62247 6.71701e-10
83.6959 -32.9344 3.62454 5.51379e-11
83.446 -32.8854 3.63879 1.50336e-11
83.0506 -33.7976 3.63782 5.48374e-19
83.7385 -33.346 3.64438 8.25574e-12
83.6435 -33.1925 3.63568 2.98449e-05
83.3761 -34.011 3.63512 1.34428e-14
83.3092 -33.2004 3.63166 3.35083e-07
83.2876 -33.0499 3.63341 8.21464e-10
83.9447 -33.5061 3.63339 6.74952e-05
84.1321 -33.19 3.62704 2.59576e-08
83.3309 -33.4961 3.63055 5.15127e-05
83.3337 -32.7633 3.63059 2.86573e-16
84.0764 -34.1516 3.63451 2.08843e-19
83.8909 -33.6945 3.62513 0.0507505
83.3197 -33.146 3.62097 7.80181e-11
83.6403 -33.8951 3.61831 0.0305902
83.5323 -33.3415 3.63952 1.79413e-07
83.349 -33.2393 3.62402 5.77796e-07
83.7638 -33.6057 3.62868 0.070067
83.5977 -33.3646 3.62921 0.018435
83.6343 -32.9769 3.62628 4.71836e-09
83.0824 -33.5516 3.64083 3.29542e-17
83.6744 -33.7106 3.64869 8.51836e-24
83.8815 -33.2995 3.63278 0.000289525
83.4169 -33.1398 3.6287 1.51582e-06
83.3978 -32.9394 3.62223 1.98571e-14
83.6937 -33.5506 3.63406 0.000482564
83.6356 -33.4834 3.62449 0.171834
83.5384 -33.3198 3.61972 2.39643e-05
