261.371 28.5135 6.02113 0.000718329
260.912 28.2453 6.03076 1.2179e-06
261.271 28.1687 6.01765 0.0131334
260.37 28.1247 6.02061 1.38449e-25
261.503 28.2131 6.01947 0.266716
261.266 27.947 6.01572 0.000333687
261.639 27.909 6.02588 0.00305572
260.586 28.4242 6.01076 7.00627e-23
261.378 28.5581 6.02138 0.000170622
260.55 27.8862 6.0159 2.13484e-22
262.066 28.401 6.03042 1.24864e-12
261.416 28.187 6.02151 0.241056
261.404 27.8808 6.00989 1.70043e-05
261.523 28.2527 6.03366 0.00103603
261.591 28.3362 6.02062 0.0541364
261.062 27.9394 6.01818 1.76505e-06
261.018 27.9811 6.02368 1.37336e-05
260.634 28.1949 6.02655 1.07013e-13
260.402 27.9294 6.02171 9.76286e-25
260.764 28.0214 6.01628 1.22734e-13
261.911 28.2232 6.01025 0.000482312
261.754 28.0199 6.04958 8.43788e-15
261.805 28.1292 5.99809 1.93208e-06
261.227 28.2237 6.02543 0.0204949
261.563 28.3726 6.01795 0.0453377
261.828 28.482 6.00321 2.49682e-05
261.164 28.388 6.02421 0.000454688
261.413 28.1298 6.00694 0.000279657
261.208 28.1897 6.00654 6.63849e-07
261.109 28.0109 6.03265 0.000954416
261.193 28.5833 6.02643 1.76e-06
261.349 28.1895 6.01586 0.0316546
261.255 27.8633 6.00831 4.58597e-08
261.579 28.1969 6.01354 0.0955424
261.862 28.291 6.01253 0.00164487
261.672 28.5708 6.01726 0.000124933
261.931 27.913 6.02255 1.78457e-06
260.76 28.1133 6.02964 1.326e-09
261.612 27.9058 6.00726 4.12725e-05
261.716 28.0608 6.01818 0.0243753
261.415 27.8442 6.02647 0.00425606
261.219 28.4389 6.02988 0.000155447
260.966 27.9331 6.01447 7.75553e-10
260.711 28.3721 6.01494 6.42253e-16
261.301 28.1712 6.00637 1.29898e-05
260.853 27.8427 6.0132 1.92584e-14
261.018 28.2276 6.02467 4.7822e-05
261.091 28.395 6.0255 5.10255e-05
261.103 28.1215 6.0003 8.03063e-13
261.552 28.7913 6.03167 5.02736e-12
261.678 28.5408 6.00769 0.000135686
261.064 28.2876 6.01712 8.33051e-06
261.691 28.3279 6.02256 0.00898327
260.977 28.1349 6.03349 2.71379e-05
262.003 28.5131 6.01783 6.95171e-08
261.017 27.7769 6.00713 1.05474e-14
261.044 28.4271 6.02725 5.11609e-06
261.523 28.0564 6.01338 0.029765
260.915 27.7971 6.01787 2.48126e-11
262.083 28.2175 5.9864 6.52738e-13
260.872 28.303 5.99806 1.47142e-20
261.431 28.7304 6.03327 1.68043e-10
261.213 28.3742 6.04889 1.12734e-10
261.296 28.3734 5.99835 1.08087e-09
260.909 28.658 6.01943 1.13453e-12
261.372 28.6017 6.02183 2.98456e-05
261.329 28.152 6.01601 0.0216254
261.713 27.8915 6.01572 0.000847419
261.252 28.1516 6.03299 0.0096963
261.346 28.2081 6.03024 0.0350333
261.182 28.6367 6.02628 1.50333e-07
261.283 28.1802 6.02354 0.0646245
261.635 27.7971 6.02098 0.000294606
261.104 27.902 6.00634 3.12132e-11
261.218 28.6825 6.02053 7.63382e-08
261.858 28.2228 6.01443 0.00244728
261.498 28.4508 6.0258 0.00201265
261.483 28.5715 6.00936 4.80024e-05
261.169 28.0871 6.01336 3.36272e-05
261.167 28.5545 6.00619 1.49432e-09
261.266 28.1718 6.00996 0.000109913
261.121 28.1991 6.01218 4.01463e-06
261.817 28.2157 6.02314 0.000914824
261.472 28.8968 6.00727 9.69006e-12
261.334 28.7208 6.02167 9.85075e-08
261.899 28.0757 6.03289 3.92649e-08
261.245 28.3494 6.01637 0.00131992
261.162 28.0997 6.00131 5.26803e-11
261.679 27.6404 6.02307 3.27965e-07
261.12 28.236 6.01324 8.74262e-06
261.888 28.2748 6.02365 3.67098e-05
261.345 28.1474 6.01453 0.0143023
261.081 28.1013 6.01568 7.33168e-06
261.119 28.6644 6.02586 9.44045e-09
261.247 28.5632 6.00249 8.47288e-10
261.108 28.0224 6.03126 0.00123237
261.619 28.6744 6.01751 3.63188e-06
261.145 28.4414 6.00969 1.67533e-07
261.033 28.394 6.01294 3.23457e-08
261.439 28.3148 6.00469 0.000109756
