273.299 21.2158 5.47788 0.154198
272.646 21.4349 5.478 3.24358e-12
273.547 21.1005 5.48789 0.00428473
272.699 21.3254 5.49351 5.90832e-09
273.812 21.2777 5.49927 3.89525e-11
273.116 21.3756 5.47506 0.000369776
272.804 21.4528 5.48178 2.67835e-08
272.887 21.2959 5.46438 1.97443e-09
272.743 21.2686 5.48551 2.48097e-07
273.398 21.6922 5.47154 2.36151e-10
272.955 21.3233 5.47728 6.61149e-05
272.624 21.263 5.48165 2.46992e-10
273.429 20.7239 5.48006 0.000939077
273.414 21.2176 5.46918 0.005581
273.452 21.5807 5.48494 3.44471e-06
272.82 20.8697 5.48219 2.54482e-06
273.413 21.5267 5.49948 3.32159e-07
273.166 21.2501 5.47673 0.0276234
273.167 21.1931 5.48058 0.123913
273.469 21.1072 5.47665 0.117121
273.285 21.2234 5.50032 9.91856e-05
273.94 21.504 5.4708 2.58143e-13
273.162 21.162 5.45041 3.12744e-11
273.1 21.1009 5.46783 0.00104836
273.948 21.3988 5.44944 1.66075e-19
272.699 21.5121 5.47171 5.48819e-14
272.715 21.5411 5.47077 1.63197e-14
273.276 20.6448 5.46929 0.000106349
272.938 21.0541 5.46798 1.36866e-05
273.442 21.8285 5.46408 2.75678e-17
273.157 21.2566 5.48297 0.0568241
273.303 21.2928 5.48166 0.0667194
272.969 21.4789 5.4974 1.02734e-06
272.825 20.6634 5.4906 5.17165e-10
272.656 20.9721 5.457 4.43357e-16
272.989 21.3589 5.48856 0.000332982
272.938 21.1604 5.46645 1.62914e-06
273.51 21.1923 5.46651 0.00076621
273.294 21.5611 5.48215 2.11962e-05
273.273 21.7833 5.47521 9.15179e-12
273.06 21.6508 5.48091 2.09146e-08
273.333 20.9837 5.46348 0.00202493
272.893 21.0328 5.47533 9.47786e-05
273.231 21.4917 5.46309 4.52752e-09
273.853 21.7429 5.4718 9.31002e-17
273.575 20.8831 5.47017 0.00275052
273.04 20.985 5.47193 0.002741
273.525 21.3806 5.46947 2.86873e-05
273.325 21.2371 5.48585 0.106308
272.852 21.3631 5.47629 3.57577e-07
273.601 20.9803 5.47085 0.00387434
273.013 21.0224 5.47175 0.00130794
273.518 20.9703 5.47477 0.0392767
273.324 20.862 5.47191 0.0394525
273.268 20.3806 5.46897 8.1845e-10
272.529 21.3381 5.47194 6.19133e-16
273.122 21.9244 5.45438 1.00683e-27
273.516 21.5627 5.48408 2.33916e-06
273.625 21.5143 5.48419 9.49568e-07
273.098 21.6901 5.48039 4.56957e-09
273.522 21.144 5.4878 0.00810518
273.164 21.5877 5.47067 1.28027e-08
273.146 20.8103 5.4758 0.00718835
272.95 20.9301 5.47984 0.000775091
272.738 21.268 5.4788 4.80261e-08
273.144 21.0406 5.4735 0.0477127
273.058 20.9803 5.47558 0.0130007
273.708 21.0625 5.46756 6.27061e-05
273.634 21.4744 5.48472 2.7686e-06
272.959 21.2463 5.49371 0.000205644
272.855 21.3024 5.46647 2.84551e-09
274.357 20.6919 5.49017 4.88398e-29
273.074 21.4108 5.46871 1.0343e-06
272.73 20.8035 5.46499 2.79521e-11
272.766 21.2265 5.46949 2.67508e-09
273.112 21.0678 5.4907 0.0148729
273.416 20.9353 5.48398 0.0487421
273.439 20.7592 5.44912 1.37006e-09
272.639 21.5399 5.47565 9.34064e-15
273.134 21.5412 5.47328 4.15402e-07
273.685 21.3293 5.48186 3.49152e-05
272.866 21.0573 5.47049 3.60057e-06
273.704 21.6148 5.45511 2.08409e-17
273.054 21.3925 5.4867 0.000762553
273.165 20.9419 5.47285 0.0368837
273.854 20.9899 5.45319 3.14346e-11
272.7 20.8751 5.48333 9.51377e-09
273.418 21.425 5.47712 0.000622885
273.047 21.4395 5.47414 6.61428e-06
273.005 21.2643 5.46569 1.14178e-06
272.895 21.4952 5.49054 5.27131e-07
273.197 21.7091 5.46659 6.07484e-13
272.94 21.6997 5.48569 2.9589e-10
273.959 21.5032 5.479 6.08931e-13
273.178 21.6156 5.47873 3.63002e-07
273.1 21.9163 5.47516 8.5836e-17
273.316 21.5915 5.46725 2.86449e-09
273.575 21.4993 5.4757 2.17258e-06
273.122 21.1945 5.48022 0.0631119
272.879 21.6849 5.47704 2.42075e-12
