-14.2509 -93.4134 2.80534 0.000150232 -13.925 -92.959 2.803
-14.2409 -93.1407 2.80374 0.00739024 -13.925 -92.959 2.803
-13.4081 -93.0039 2.80104 3.31693e-05 -13.925 -92.959 2.803
-13.6176 -92.8701 2.81364 0.00496561 -13.925 -92.959 2.803
-13.7439 -93.3697 2.81345 0.00220707 -13.925 -92.959 2.803
-13.7144 -93.3194 2.804 0.0096681 -13.925 -92.959 2.803
-13.8335 -93.5828 2.81723 1.83079e-06 -13.925 -92.959 2.803
-14.9674 -93.1174 2.79461 6.92818e-13 -13.925 -92.959 2.803
-13.9895 -93.1701 2.80086 0.0854595 -13.925 -92.959 2.803
-13.2607 -92.6408 2.80662 4.0213e-08 -13.925 -92.959 2.803
-13.6383 -93.6583 2.78858 1.15908e-11 -13.925 -92.959 2.803
-14.3404 -92.9598 2.79882 0.00174086 -13.925 -92.959 2.803
-13.8275 -93.1628 2.81334 0.0218678 -13.925 -92.959 2.803
-14.5429 -93.1814 2.80203 3.71981e-06 -13.925 -92.959 2.803
-14.0755 -93.3108 2.78793 2.41556e-05 -13.925 -92.959 2.803
-14.1208 -92.5475 2.81972 2.03216e-09 -13.925 -92.959 2.803
-13.9572 -93.2091 2.80308 0.0879432 -13.925 -92.959 2.803
-14.2482 -93.2253 2.80301 0.00414219 -13.925 -92.959 2.803
-13.5489 -93.1217 2.7966 7.53049e-05 -13.925 -92.959 2.803
-13.2914 -92.9589 2.81294 3.55016e-05 -13.925 -92.959 2.803
-13.4807 -93.0364 2.79796 3.70271e-05 -13.925 -92.959 2.803
-13.7693 -92.525 2.79716 3.87629e-06 -13.925 -92.959 2.803
-13.901 -93.0392 2.80022 0.0985591 -13.925 -92.959 2.803
-13.8684 -92.7189 2.79012 9.90547e-06 -13.925 -92.959 2.803
-13.6032 -92.9083 2.78415 2.21813e-10 -13.925 -92.959 2.803
-14.0894 -92.7767 2.79594 0.00293919 -13.925 -92.959 2.803
-13.6893 -92.7985 2.79214 9.54021e-06 -13.925 -92.959 2.803
-13.8884 -93.5122 2.8047 0.000620895 -13.925 -92.959 2.803
-13.6997 -92.9598 2.81119 0.0366686 -13.925 -92.959 2.803
-13.7163 -92.9225 2.80812 0.0495963 -13.925 -92.959 2.803
-13.7782 -92.9044 2.82798 4.97201e-08 -13.925 -92.959 2.803
-13.7535 -93.27 2.82064 0.000109072 -13.925 -92.959 2.803
-14.0292 -92.9933 2.81179 0.0106175 -13.925 -92.959 2.803
-13.8331 -92.5874 2.80213 0.000244506 -13.925 -92.959 2.803
-13.7092 -93.6448 2.81318 2.58521e-06 -13.925 -92.959 2.803
-13.701 -93.2563 2.80782 0.0267859 -13.925 -92.959 2.803
-14.3273 -92.6536 2.78807 1.08484e-06 -13.925 -92.959 2.803
-13.796 -93.6338 2.80236 9.58622e-06 -13.925 -92.959 2.803
-13.8004 -93.092 2.80352 0.118082 -13.925 -92.959 2.803
-13.5047 -93.5411 2.80654 6.66381e-06 -13.925 -92.959 2.803
-14.3135 -92.6487 2.78683 4.78626e-07 -13.925 -92.959 2.803
-13.9025 -92.9269 2.80852 0.0707742 -13.925 -92.959 2.803
-13.8881 -93.0581 2.80982 0.088072 -13.925 -92.959 2.803
-14.1354 -92.5133 2.81278 2.54668e-07 -13.925 -92.959 2.803
-14.0661 -92.7134 2.80144 0.0034679 -13.925 -92.959 2.803
-13.8276 -92.9525 2.82005 0.000233631 -13.925 -92.959 2.803
-13.5486 -92.9748 2.78958 7.48262e-08 -13.925 -92.959 2.803
-13.8961 -92.4803 2.77477 6.89993e-17 -13.925 -92.959 2.803
-13.3559 -93.4012 2.81675 5.8715e-06 -13.925 -92.959 2.803
-14.2209 -93.2186 2.78794 7.04345e-05 -13.925 -92.959 2.803
-14.2415 -92.5406 2.79877 7.65668e-06 -13.925 -92.959 2.803
-13.385 -93.2185 2.79932 2.59791e-06 -13.925 -92.959 2.803
-14.522 -93.3915 2.79101 4.67174e-07 -13.925 -92.959 2.803
-14.2912 -92.9542 2.83058 9.9039e-16 -13.925 -92.959 2.803
-14.3306 -93.4875 2.81447 1.46161e-08 -13.925 -92.959 2.803
-13.9352 -93.3135 2.80634 0.0264874 -13.925 -92.959 2.803
-14.3242 -93.254 2.81173 9.21579e-06 -13.925 -92.959 2.803
-13.433 -93.289 2.7885 7.3789e-11 -13.925 -92.959 2.803
-13.8358 -92.5302 2.81594 2.28555e-06 -13.925 -92.959 2.803
-14.4644 -92.9717 2.79947 9.51488e-05 -13.925 -92.959 2.803
-14.1611 -92.6864 2.81843 9.58717e-08 -13.925 -92.959 2.803
-13.3682 -93.0474 2.82344 6.01494e-06 -13.925 -92.959 2.803
-13.561 -92.7433 2.8101 0.000820551 -13.925 -92.959 2.803
-13.9037 -93.083 2.81618 0.0034456 -13.925 -92.959 2.803
-14.0894 -92.5941 2.81835 6.23389e-08 -13.925 -92.959 2.803
-13.9116 -93.1294 2.79762 0.0363555 -13.925 -92.959 2.803
-13.3789 -93.0923 2.79623 3.19147e-07 -13.925 -92.959 2.803
-14.222 -93.3812 2.8047 0.00056734 -13.925 -92.959 2.803
-13.917 -93.1625 2.81173 0.0290061 -13.925 -92.959 2.803
-13.7 -93.5954 2.80554 2.43052e-05 -13.925 -92.959 2.803
-13.9405 -92.2081 2.7992 1.76409e-10 -13.925 -92.959 2.803
-13.4898 -92.768 2.79115 8.92388e-09 -13.925 -92.959 2.803
-13.7909 -92.9415 2.80704 0.0928931 -13.925 -92.959 2.803
-13.8481 -92.5335 2.79574 5.68626e-06 -13.925 -92.959 2.803
-13.9326 -93.2048 2.77979 1.22488e-09 -13.925 -92.959 2.803
-14.0107 -93.3976 2.80264 0.00555624 -13.925 -92.959 2.803
-13.9642 -92.5548 2.79159 1.9714e-06 -13.925 -92.959 2.803
-14.5746 -92.9704 2.79541 5.18357e-06 -13.925 -92.959 2.803
-14.3244 -93.1943 2.8153 7.11181e-07 -13.925 -92.959 2.803
-14.005 -92.86 2.81787 7.51602e-05 -13.925 -92.959 2.803
-14.3062 -93.0532 2.80438 0.00199428 -13.925 -92.959 2.803
-14.2906 -92.6283 2.82156 1.19192e-11 -13.925 -92.959 2.803
-13.9201 -93.2433 2.79925 0.030071 -13.925 -92.959 2.803
-13.2181 -93.4595 2.81496 7.71708e-08 -13.925 -92.959 2.803
-13.6644 -93.0005 2.79975 0.00680441 -13.925 -92.959 2.803
-13.736 -92.8238 2.80632 0.0210911 -13.925 -92.959 2.803
-13.7705 -93.0283 2.78154 1.02157e-09 -13.925 -92.959 2.803
-14.6696 -93.1653 2.81779 1.74153e-14 -13.925 -92.959 2.803
-13.8561 -92.8529 2.79635 0.00512035 -13.925 -92.959 2.803
-13.7769 -93.653 2.80288 4.99435e-06 -13.925 -92.959 2.803
-13.9737 -93.0649 2.79234 0.00319468 -13.925 -92.959 2.803
-13.503 -93.1828 2.79067 4.35398e-08 -13.925 -92.959 2.803
-13.7907 -92.4156 2.8059 1.34449e-06 -13.925 -92.959 2.803
-13.6582 -93.1002 2.79735 0.00161662 -13.925 -92.959 2.803
-14.5559 -92.624 2.79842 5.22418e-08 -13.925 -92.959 2.803
-13.9155 -93.2806 2.79399 0.00150763 -13.925 -92.959 2.803
-13.8459 -92.6013 2.79997 0.000220332 -13.925 -92.959 2.803
-14.1968 -92.8359 2.82346 1.04322e-09 -13.925 -92.959 2.803
-13.4962 -93.0473 2.80083 0.000367216 -13.925 -92.959 2.803
-13.818 -93.1776 2.78148 1.7621e-09 -13.925 -92.959 2.803
