263.969 -16.0948 3.63401 1.0954e-06
264.618 -16.0491 3.63124 0.00538921
264.306 -16.3873 3.63565 5.89676e-06
264.77 -16.3243 3.63587 6.08275e-05
264.29 -16.3074 3.61913 3.46518e-09
264.748 -16.1887 3.64881 0.0107257
265.132 -16.211 3.6503 0.0153692
264.92 -15.678 3.62951 3.52986e-08
264.894 -16.0567 3.61621 5.26068e-21
264.882 -16.5465 3.64786 3.20942e-06
264.864 -16.2428 3.64771 0.0210245
265.203 -16.1981 3.63032 4.01288e-15
264.737 -15.716 3.63303 0.00134889
263.861 -15.5221 3.64092 1.17904e-16
264.986 -15.7197 3.64431 0.00340051
264.682 -16.1739 3.6448 0.0305177
265.161 -16.156 3.63521 3.26345e-09
264.226 -16.2623 3.656 6.65022e-18
265.208 -16.5089 3.6653 2.51922e-07
264.561 -15.7656 3.62958 0.00596618
265.457 -16.1186 3.65484 0.000535081
264.313 -16.0721 3.64501 5.71573e-06
265.278 -15.7259 3.62935 4.14828e-17
265.15 -16.4674 3.64588 1.73679e-06
265.06 -16.3131 3.65017 0.00457361
264.137 -15.8841 3.64029 1.78222e-06
264.741 -16.4627 3.65471 2.61185e-07
264.462 -16.4406 3.66576 8.29451e-23
264.392 -16.4516 3.63136 4.97406e-07
265.098 -16.5111 3.63582 2.45185e-12
265.058 -15.5573 3.66084 1.7525e-09
264.736 -16.1626 3.63871 0.0273523
265.348 -15.7266 3.64092 2.24509e-09
264.755 -15.9978 3.63411 0.00721486
264.731 -16.0494 3.64345 0.184956
264.847 -15.893 3.63605 0.00575874
265.316 -16.3592 3.64414 4.27804e-08
265.097 -16.2396 3.63563 2.2466e-08
264.745 -16.4864 3.65169 1.6974e-06
265.656 -15.9598 3.64853 2.30124e-10
264.612 -16.1562 3.63786 0.0385696
264.072 -15.8575 3.62668 0.00572289
264.56 -16.455 3.6339 1.31698e-06
264.616 -16.532 3.65951 2.32199e-13
264.762 -15.8667 3.64276 0.142464
264.931 -16.1935 3.64192 0.00864266
265.384 -16.394 3.63257 1.19402e-20
264.976 -16.8125 3.64465 4.85828e-13
264.579 -16.7092 3.6278 1.69045e-15
264.779 -16.4892 3.63604 1.38527e-07
264.539 -16.0923 3.64584 0.00311846
264.812 -16.4911 3.66044 1.27954e-09
264.741 -16.113 3.6446 0.104677
264.062 -16.4646 3.62653 3.02249e-09
264.802 -16.725 3.64559 3.13136e-10
265.036 -16.58 3.65121 1.26449e-06
264.603 -16.1653 3.63901 0.0388296
265.132 -16.4319 3.6585 7.92546e-05
265.176 -16.5536 3.66461 6.45572e-08
265.103 -16.1695 3.63982 2.7923e-05
265.172 -15.8743 3.64265 0.000177665
265.113 -15.9485 3.66807 1.35353e-08
264.972 -15.911 3.65509 0.00386683
264.392 -16.2169 3.62396 5.78067e-06
265.113 -16.5399 3.63118 2.07941e-17
264.826 -16.1369 3.61812 1.868e-17
264.603 -16.3751 3.6351 4.71362e-05
264.935 -15.867 3.63036 3.41132e-07
264.78 -16.1104 3.63739 0.0178514
264.636 -16.508 3.64197 2.92548e-06
264.957 -16.2811 3.65966 3.20386e-05
264.396 -16.1763 3.63772 0.00501015
264.995 -16.1289 3.63737 9.96288e-05
265.072 -15.9205 3.65302 0.0271501
264.993 -16.6156 3.62998 1.22691e-17
264.426 -15.6307 3.63722 0.00174579
264.655 -16.1342 3.63611 0.0250628
265.229 -16.0531 3.64804 0.00381756
265.224 -16.472 3.62861 7.19617e-22
264.694 -16.4714 3.63775 3.29279e-06
264.62 -16.3126 3.6372 0.000910213
264.749 -16.3984 3.63959 9.70767e-05
264.68 -16.4265 3.63317 5.87228e-07
265.049 -16.4568 3.63506 5.15789e-11
264.708 -16.709 3.64701 3.44081e-10
264.874 -15.9325 3.6428 0.131258
264.52 -16.1018 3.6364 0.0593675
265.186 -16.3912 3.64585 8.69052e-06
265.115 -16.1603 3.65222 0.0376299
264.777 -16.345 3.63496 1.1657e-05
263.927 -16.3748 3.6387 8.18528e-13
264.605 -16.0788 3.62222 4.79436e-08
264.416 -16.965 3.64772 8.85732e-21
264.072 -16.2016 3.62031 4.75898e-06
264.556 -16.1003 3.65046 4.50016e-05
264.597 -16.0329 3.64912 0.000864503
264.69 -16.2072 3.64518 0.0180829
264.457 -16.4182 3.62474 2.623e-09
264.729 -16.1875 3.63346 0.000495883
264.462 -16.5209 3.64054 2.06569e-07
