127.449 -19.5003 3.40025 2.04751e-17
127.736 -20.3044 3.39232 6.18533e-07
127.253 -19.6577 3.3791 0.000128546
127.356 -20.1089 3.35871 2.32628e-07
127.577 -20.1258 3.39202 2.60452e-06
127.779 -20.045 3.38052 0.0591824
127.901 -20.1442 3.39099 3.7935e-05
127.625 -19.717 3.38814 0.000134242
127.755 -19.722 3.36303 4.38914e-07
127.256 -19.5859 3.38577 6.78884e-08
127.253 -20.323 3.37737 3.96642e-05
127.948 -19.8341 3.37902 0.0037384
127.741 -19.9857 3.39807 3.96885e-09
127.656 -19.9649 3.3805 0.144173
127.156 -20.4078 3.37464 6.65601e-07
127.049 -19.6696 3.37135 8.90009e-06
127.755 -19.6165 3.3797 0.00270064
128.397 -19.9349 3.37205 4.62926e-13
127.521 -20.1308 3.40079 9.23167e-14
127.641 -19.3002 3.39716 7.79857e-16
127.772 -20.1494 3.38728 0.00129314
127.293 -20.6133 3.38011 1.26824e-09
128.031 -20.3442 3.38388 6.33271e-06
127.697 -19.6217 3.38354 0.00106102
127.032 -19.5443 3.38893 2.41394e-14
127.613 -20.0727 3.38416 0.0161232
127.552 -20.6353 3.37869 2.49806e-08
127.333 -20.1633 3.37467 0.00731394
128.039 -19.8477 3.37925 0.000456038
127.368 -20.2269 3.39626 2.68737e-12
127.625 -20.0644 3.3782 0.13883
127.842 -20.3004 3.39277 5.44006e-07
127.423 -19.7772 3.38143 0.00611861
127.476 -20.2556 3.38017 0.00287982
127.465 -19.9555 3.37832 0.109175
127.688 -20.2418 3.37438 0.00451877
127.846 -20.1566 3.38002 0.00915485
127.922 -20.1242 3.38703 0.000759804
127.287 -20.3799 3.38913 9.19743e-10
127.663 -19.7489 3.35935 2.03909e-08
127.661 -19.8612 3.37238 0.0484112
127.932 -19.9391 3.37926 0.00840845
127.36 -19.9631 3.38183 0.00426551
127.492 -20.174 3.37427 0.0259659
128.073 -19.4429 3.3902 2.21371e-09
127.972 -19.5527 3.39094 1.65993e-07
128.067 -19.3856 3.37747 4.70436e-09
127.766 -20.6552 3.37471 1.58767e-09
127.862 -19.9014 3.39095 0.000108586
127.335 -19.6158 3.37883 0.000373765
127.581 -19.9122 3.37774 0.222392
128.024 -20.0591 3.3711 3.8469e-06
127.77 -20.1064 3.36599 1.41241e-05
128.267 -19.4562 3.37655 1.54208e-11
127.282 -19.6739 3.37105 0.00168617
127.611 -19.6365 3.39063 1.36905e-06
127.643 -19.6605 3.39363 5.43359e-08
127.203 -20.0289 3.3966 1.1228e-14
127.832 -20.0677 3.37913 0.0285029
127.672 -20.1922 3.39362 4.79993e-07
127.729 -20.0821 3.38526 0.0103709
127.402 -20.0781 3.3721 0.0335505
127.72 -20.1253 3.36971 0.00129688
127.546 -20.0239 3.38813 0.000378273
128.033 -20.1139 3.38813 8.96949e-05
127.776 -19.7529 3.36572 1.20273e-05
127.485 -20.395 3.38364 1.6732e-05
127.955 -19.9483 3.40181 1.68258e-11
127.812 -19.7773 3.35814 4.23909e-11
127.218 -20.5986 3.38983 1.50633e-14
127.822 -20.1336 3.39046 9.6163e-05
127.777 -20.4318 3.40258 1.56879e-15
127.823 -20.3242 3.38154 0.000440257
127.598 -19.793 3.38136 0.0427993
128.33 -20.2751 3.40576 3.1151e-17
127.782 -20.2148 3.36292 2.6654e-08
127.521 -20.0403 3.3644 0.000248206
127.709 -19.4135 3.38469 1.17537e-06
127.251 -20.375 3.39122 1.3478e-11
127.547 -20.2858 3.39366 1.19511e-08
127.343 -20.1752 3.3708 0.00382507
127.155 -20.0101 3.38428 1.20091e-06
127.857 -20.0347 3.38187 0.0223588
127.697 -19.9815 3.39443 9.14262e-07
127.663 -19.9427 3.3842 0.0300203
127.483 -19.7303 3.38334 0.00219719
127.617 -19.9843 3.39165 1.68081e-05
128.005 -20.5006 3.37679 2.12523e-08
127.286 -19.6452 3.38982 2.71735e-09
127.852 -20.2229 3.3674 1.41459e-06
128.086 -19.4887 3.38235 1.92618e-07
127.433 -19.7489 3.38198 0.00353658
127.894 -20.2697 3.40566 3.41564e-16
127.877 -19.4718 3.37918 1.21572e-05
127.489 -19.7643 3.38947 8.30343e-06
127.453 -20.0744 3.39503 2.16695e-09
127.992 -19.8914 3.40234 4.70428e-12
127.562 -20.1825 3.38678 0.00040891
127.456 -19.8224 3.39266 7.90783e-08
128.011 -19.856 3.38696 0.000338522
