0.582367 -95.8889 3.17465 0.000868485 0.2362 -95.691 3.1777
0.219484 -95.2646 3.1943 0.000132555 0.2362 -95.691 3.1777
-0.398111 -95.5875 3.18472 3.70466e-06 0.2362 -95.691 3.1777
-0.144845 -95.7901 3.18856 0.000170695 0.2362 -95.691 3.1777
0.550086 -95.6388 3.17686 0.00519163 0.2362 -95.691 3.1777
-0.226724 -95.8704 3.17262 0.00384938 0.2362 -95.691 3.1777
0.998419 -95.6958 3.1598 6.69747e-15 0.2362 -95.691 3.1777
0.149055 -95.2658 3.18256 0.00234448 0.2362 -95.691 3.1777
-0.0979466 -95.6716 3.1991 1.8625e-07 0.2362 -95.691 3.1777
1.05688 -95.6248 3.19415 1.89417e-07 0.2362 -95.691 3.1777
0.356091 -96.1739 3.19532 1.11908e-06 0.2362 -95.691 3.1777
0.282986 -95.7647 3.16718 0.00435701 0.2362 -95.691 3.1777
0.573475 -96.0703 3.20533 2.56353e-09 0.2362 -95.691 3.1777
0.572785 -95.7453 3.18312 0.0106063 0.2362 -95.691 3.1777
0.430167 -95.8562 3.18067 0.0301142 0.2362 -95.691 3.1777
-0.0986645 -95.5775 3.19239 6.1099e-05 0.2362 -95.691 3.1777
0.286228 -95.6839 3.17581 0.0873157 0.2362 -95.691 3.1777
-0.121968 -96.3217 3.1809 1.41044e-06 0.2362 -95.691 3.1777
0.251782 -95.8174 3.15697 3.92496e-06 0.2362 -95.691 3.1777
-0.0956746 -96.1243 3.17396 0.0010176 0.2362 -95.691 3.1777
0.397058 -95.282 3.15704 3.35056e-10 0.2362 -95.691 3.1777
0.360154 -95.7486 3.16155 3.33707e-05 0.2362 -95.691 3.1777
0.834694 -95.2404 3.16567 6.00991e-12 0.2362 -95.691 3.1777
0.33671 -95.4835 3.16688 0.000294053 0.2362 -95.691 3.1777
0.502227 -95.3593 3.16127 1.71696e-08 0.2362 -95.691 3.1777
0.293205 -95.3538 3.18453 0.0106719 0.2362 -95.691 3.1777
-0.0233116 -96.2288 3.17097 0.000238248 0.2362 -95.691 3.1777
0.584592 -95.7488 3.17785 0.00411429 0.2362 -95.691 3.1777
0.218411 -96.351 3.19669 8.48633e-10 0.2362 -95.691 3.1777
0.802799 -94.9735 3.19408 1.2201e-08 0.2362 -95.691 3.1777
-0.222484 -95.7482 3.17609 0.00491608 0.2362 -95.691 3.1777
0.259619 -96.2128 3.1745 0.000442331 0.2362 -95.691 3.1777
0.340748 -95.3737 3.17758 0.00684482 0.2362 -95.691 3.1777
-0.0258022 -95.4189 3.18449 0.00353789 0.2362 -95.691 3.1777
0.693542 -96.0077 3.16799 7.28978e-07 0.2362 -95.691 3.1777
-0.428475 -96.1397 3.17584 1.24014e-06 0.2362 -95.691 3.1777
0.13657 -96.4452 3.16981 9.72999e-07 0.2362 -95.691 3.1777
0.828853 -95.982 3.17308 3.55742e-07 0.2362 -95.691 3.1777
0.38759 -95.7788 3.19546 0.000850693 0.2362 -95.691 3.1777
0.078232 -95.624 3.18402 0.0460741 0.2362 -95.691 3.1777
0.36725 -95.8047 3.1715 0.0117991 0.2362 -95.691 3.1777
0.234669 -95.9388 3.17829 0.0434925 0.2362 -95.691 3.1777
0.100765 -95.8992 3.1684 0.0154737 0.2362 -95.691 3.1777
0.313707 -95.5102 3.18178 0.0610117 0.2362 -95.691 3.1777
-0.426197 -95.9138 3.1834 1.03541e-06 0.2362 -95.691 3.1777
0.946221 -95.9099 3.1776 1.36392e-07 0.2362 -95.691 3.1777
0.651654 -95.3851 3.18284 0.000492551 0.2362 -95.691 3.1777
0.647717 -95.6004 3.17392 0.000191962 0.2362 -95.691 3.1777
0.224034 -95.941 3.17394 0.0318192 0.2362 -95.691 3.1777
-0.0802469 -95.1266 3.19038 1.26505e-06 0.2362 -95.691 3.1777
0.507332 -95.3722 3.17317 0.000173074 0.2362 -95.691 3.1777
0.236168 -95.2162 3.19647 2.19546e-05 0.2362 -95.691 3.1777
0.277131 -95.5616 3.18306 0.0875435 0.2362 -95.691 3.1777
0.277773 -95.795 3.18463 0.0635718 0.2362 -95.691 3.1777
0.151486 -95.6944 3.20009 7.85075e-06 0.2362 -95.691 3.1777
0.388875 -95.7597 3.19788 0.000204897 0.2362 -95.691 3.1777
0.375426 -94.9429 3.1887 6.52014e-07 0.2362 -95.691 3.1777
-0.367933 -96.5388 3.17014 5.23461e-10 0.2362 -95.691 3.1777
0.647429 -95.0547 3.15815 2.05603e-15 0.2362 -95.691 3.1777
0.244248 -95.5676 3.17515 0.0566813 0.2362 -95.691 3.1777
0.219288 -95.6897 3.18458 0.0869258 0.2362 -95.691 3.1777
0.616099 -95.5687 3.16988 3.08182e-05 0.2362 -95.691 3.1777
0.0841953 -96.1625 3.14515 2.01794e-11 0.2362 -95.691 3.1777
0.463116 -95.9272 3.17532 0.00567265 0.2362 -95.691 3.1777
-0.207948 -95.902 3.18095 0.000840068 0.2362 -95.691 3.1777
0.111145 -95.3869 3.17988 0.014813 0.2362 -95.691 3.1777
0.197218 -95.6593 3.19813 8.64966e-05 0.2362 -95.691 3.1777
0.395996 -95.6819 3.17767 0.0530844 0.2362 -95.691 3.1777
0.557857 -95.572 3.1761 0.00253551 0.2362 -95.691 3.1777
0.0421253 -95.9213 3.17761 0.0358067 0.2362 -95.691 3.1777
0.0604239 -95.5042 3.17059 0.0116231 0.2362 -95.691 3.1777
-1.0053 -95.7889 3.16104 4.95927e-13 0.2362 -95.691 3.1777
0.137249 -96.4727 3.15884 6.75071e-09 0.2362 -95.691 3.1777
0.425915 -95.4242 3.16875 0.000117341 0.2362 -95.691 3.1777
-0.201867 -95.26 3.18857 3.23728e-06 0.2362 -95.691 3.1777
-0.249625 -95.3341 3.1774 0.000106924 0.2362 -95.691 3.1777
-0.0138499 -95.4825 3.18045 0.0172217 0.2362 -95.691 3.1777
0.829619 -95.6119 3.20589 1.3851e-07 0.2362 -95.691 3.1777
0.563531 -95.895 3.16199 5.54366e-07 0.2362 -95.691 3.1777
0.864542 -95.6009 3.17663 2.21459e-06 0.2362 -95.691 3.1777
1.10702 -96.1008 3.16517 3.04727e-15 0.2362 -95.691 3.1777
0.318729 -95.9323 3.17845 0.0337877 0.2362 -95.691 3.1777
0.540636 -95.8411 3.1874 0.00625186 0.2362 -95.691 3.1777
0.407995 -95.4048 3.18205 0.0127336 0.2362 -95.691 3.1777
0.303267 -95.6812 3.16855 0.00600671 0.2362 -95.691 3.1777
0.310607 -95.5102 3.17689 0.0369366 0.2362 -95.691 3.1777
0.202861 -95.6383 3.17072 0.027986 0.2362 -95.691 3.1777
0.361414 -95.6379 3.16834 0.00218807 0.2362 -95.691 3.1777
0.432126 -96.0917 3.15009 1.55429e-11 0.2362 -95.691 3.1777
-0.133489 -95.4462 3.18854 0.000155381 0.2362 -95.691 3.1777
0.0275048 -95.73 3.16512 0.00576933 0.2362 -95.691 3.1777
0.561538 -96.1955 3.17297 1.09909e-05 0.2362 -95.691 3.1777
0.452959 -95.2696 3.1731 5.90626e-05 0.2362 -95.691 3.1777
0.553709 -94.8077 3.16895 2.43285e-13 0.2362 -95.691 3.1777
0.411873 -95.4802 3.16388 9.61174e-06 0.2362 -95.691 3.1777
-0.188219 -95.2453 3.18267 2.97262e-05 0.2362 -95.691 3.1777
-0.0260039 -95.7707 3.17946 0.0418767 0.2362 -95.691 3.1777
-0.461256 -95.62 3.18511 4.48679e-07 0.2362 -95.691 3.1777
-0.615495 -95.3064 3.17966 1.51682e-09 0.2362 -95.691 3.1777
0.480183 -95.7382 3.19596 0.00077853 0.2362 -95.691 3.1777
