140.546 20.7797 0.0652571 0.0493917
140.597 20.6987 0.0764365 0.00101428
140.349 20.9247 0.0884209 1.0226e-08
140.552 20.6673 0.058632 6.78636e-05
140.79 20.8389 0.0726236 0.00146567
140.158 20.6908 0.0741021 0.000292577
140.917 20.4151 0.0708776 3.5908e-09
140.695 20.6784 0.0828824 1.26371e-07
139.881 20.9667 0.0548833 1.0815e-14
140.08 20.7588 0.0764259 7.19873e-05
140.464 20.8596 0.068669 0.177382
140.928 20.9293 0.0745763 5.21544e-06
140.549 20.7718 0.0387564 2.34863e-19
140.945 20.411 0.079876 1.22882e-12
140.701 20.4898 0.0730523 7.20199e-06
140.48 21.4645 0.0404513 2.74679e-17
141.164 20.8527 0.0706639 3.27404e-09
140.829 20.4798 0.0650514 6.90438e-07
139.9 21.0395 0.0802389 2.79823e-08
140.655 20.4225 0.0711842 2.00161e-06
140.926 21.0617 0.0584056 0.000386288
140.125 20.7312 0.0600356 1.23761e-07
140.811 20.2023 0.0803767 1.32106e-14
140.671 20.0812 0.0604189 6.62415e-17
140.391 21.2074 0.0606877 0.00176809
140.862 21.1644 0.083153 1.99497e-11
140.887 21.2038 0.0566227 0.000125006
141.34 20.5365 0.0751594 2.98861e-18
140.408 20.5115 0.0707977 0.00012438
140.804 20.6478 0.0680285 0.000292626
140.684 21.0254 0.0704564 0.0394555
140.727 20.3816 0.0558836 4.22032e-11
140.765 20.6589 0.0739101 0.000111218
140.519 20.8995 0.0710214 0.169315
140.877 20.4091 0.0709284 9.69204e-09
140.8 20.1323 0.0577263 4.7521e-17
140.791 20.9817 0.0483076 1.05688e-07
140.445 19.942 0.065615 1.31943e-19
140.065 20.6142 0.0701129 2.35488e-06
140.547 20.8623 0.0747111 0.0257207
140.296 21.035 0.0786494 0.000742362
140.413 20.6565 0.085814 2.16079e-07
140.069 20.7736 0.0644022 2.58977e-06
140.059 20.3774 0.0572214 2.99382e-16
140.596 20.9035 0.0700106 0.150303
141.128 20.9743 0.0525238 2.85871e-08
141.1 20.7156 0.047973 3.26029e-12
140.83 20.3745 0.0531312 3.75534e-13
140.601 20.712 0.0730724 0.00792171
140.946 20.5146 0.0557244 9.18128e-10
140.185 20.9973 0.048529 8.2456e-13
140.528 20.1839 0.0545064 2.28154e-17
140.859 20.5705 0.0803615 2.46145e-09
140.697 20.1295 0.0590155 4.0819e-16
140.955 20.8985 0.0664859 0.000270505
140.804 20.4245 0.065189 1.23075e-07
140.677 20.5109 0.0663747 3.42689e-05
140.028 21.1889 0.0712706 4.43189e-06
140.233 20.826 0.0875804 6.33925e-08
140.729 20.7589 0.0560037 5.68195e-05
140.707 21.203 0.03882 2.08058e-15
139.915 20.7488 0.0653921 4.37979e-09
140.626 20.9159 0.0657177 0.172327
140.895 20.3878 0.0696803 3.13171e-09
140.811 20.7568 0.0745557 0.000102934
140.66 20.6525 0.0558899 3.57596e-06
141.021 20.6867 0.0588446 4.24297e-07
140.733 20.5684 0.0510747 3.01435e-10
141.273 20.2406 0.0758445 9.60069e-22
140.906 19.8977 0.0757706 3.30551e-23
140.385 20.8209 0.0810273 0.000284911
140.76 20.9041 0.0783749 2.34938e-05
140.384 20.587 0.0880694 3.57219e-09
140.896 20.3154 0.0703532 9.43083e-11
140.757 20.7961 0.0298284 8.04738e-29
140.433 20.3204 0.0670163 1.7103e-08
140.457 21.3727 0.075714 4.35895e-06
140.603 20.7318 0.0764873 0.00143678
140.565 20.9649 0.0703957 0.173247
140.946 20.4639 0.0490348 1.96961e-14
140.925 20.6476 0.0739966 6.28946e-07
140.469 20.4364 0.0678921 5.95169e-06
140.843 20.4361 0.0764367 4.17947e-09
140.796 20.9017 0.0560688 0.000388354
140.806 20.7661 0.0691758 0.00221193
140.758 20.3205 0.063854 1.14609e-09
141.033 21.3952 0.0865059 1.45278e-21
140.545 20.6729 0.0656598 0.00690557
139.953 20.582 0.0630893 4.29681e-11
140.837 20.7931 0.0763536 1.39707e-05
141.328 20.3227 0.0613155 7.55231e-19
140.914 20.9484 0.0585425 0.00043541
140.824 20.6631 0.0509305 4.96223e-09
140.885 20.6812 0.0548352 4.43907e-07
140.602 20.455 0.0738824 7.0202e-06
140.496 21.1591 0.0723878 0.0147585
140.92 20.4545 0.0658834 2.92554e-08
140.562 20.5138 0.0570007 6.38587e-08
140.346 21.2845 0.0676234 0.00146698
140.585 21.4527 0.0622799 3.53898e-05
