135.764 20.9582 0.0675051 0.000308979 135.72 20.851 0.060632
136.291 21.0318 0.052623 2.10734e-08 135.72 20.851 0.060632
136.231 20.8141 0.0670444 8.41082e-08 135.72 20.851 0.060632
136.236 20.4446 0.0604082 2.65524e-06 135.72 20.851 0.060632
135.82 20.3681 0.0465878 4.34857e-06 135.72 20.851 0.060632
136.111 20.8415 0.0465997 8.12676e-06 135.72 20.851 0.060632
135.418 20.4466 0.0702034 0.00503499 135.72 20.851 0.060632
135.914 21.0735 0.0560997 0.000123844 135.72 20.851 0.060632
136.28 20.5672 0.05318 1.02874e-06 135.72 20.851 0.060632
135.752 20.6568 0.0689689 0.0175177 135.72 20.851 0.060632
135.916 20.9551 0.0543678 0.00159265 135.72 20.851 0.060632
135.986 21.9258 0.0573988 4.70486e-26 135.72 20.851 0.060632
135.716 20.3307 0.0690867 0.00523295 135.72 20.851 0.060632
136.319 20.9616 0.0677765 4.59167e-11 135.72 20.851 0.060632
135.765 20.99 0.0541534 0.00258991 135.72 20.851 0.060632
135.778 20.7195 0.0523665 0.0263754 135.72 20.851 0.060632
136.134 20.7284 0.0566656 0.00027975 135.72 20.851 0.060632
136.151 20.9076 0.0651444 1.15049e-06 135.72 20.851 0.060632
135.962 20.9124 0.0532331 0.00132726 135.72 20.851 0.060632
135.352 20.5643 0.0734942 0.000433613 135.72 20.851 0.060632
135.934 20.6094 0.0438096 7.7889e-06 135.72 20.851 0.060632
136.033 21.206 0.0459424 2.76455e-08 135.72 20.851 0.060632
135.445 21.4574 0.0590669 8.35038e-12 135.72 20.851 0.060632
136.39 20.3553 0.053796 5.69492e-10 135.72 20.851 0.060632
136.116 20.6681 0.0561322 0.000520541 135.72 20.851 0.060632
136.318 20.749 0.054858 4.12562e-07 135.72 20.851 0.060632
135.875 20.6422 0.0574082 0.0673111 135.72 20.851 0.060632
136.302 20.462 0.0461654 2.42495e-09 135.72 20.851 0.060632
135.64 20.9041 0.0472596 0.000190299 135.72 20.851 0.060632
135.553 21.0093 0.0621871 0.0010725 135.72 20.851 0.060632
136.049 20.4687 0.061366 0.00108387 135.72 20.851 0.060632
136.249 20.2254 0.0544347 6.77401e-09 135.72 20.851 0.060632
135.718 20.9178 0.0571339 0.0184011 135.72 20.851 0.060632
136.019 20.4364 0.0616713 0.00151191 135.72 20.851 0.060632
136.443 20.7608 0.0464743 1.54912e-10 135.72 20.851 0.060632
136.077 21.1781 0.0417161 1.50204e-09 135.72 20.851 0.060632
135.992 20.9852 0.0552562 0.000288901 135.72 20.851 0.060632
135.709 21.3239 0.0587696 4.79862e-08 135.72 20.851 0.060632
135.921 20.6698 0.0406584 3.87306e-07 135.72 20.851 0.060632
136.025 21.3195 0.053359 3.85087e-09 135.72 20.851 0.060632
135.691 20.785 0.0510368 0.00996033 135.72 20.851 0.060632
136.245 20.9451 0.0599069 2.64118e-07 135.72 20.851 0.060632
135.519 20.4125 0.0546744 0.00222838 135.72 20.851 0.060632
135.956 20.8622 0.0415747 1.06837e-06 135.72 20.851 0.060632
136.143 20.3944 0.0551494 1.59436e-05 135.72 20.851 0.060632
135.365 21.1261 0.0613563 2.85855e-06 135.72 20.851 0.060632
135.413 21.0337 0.0411615 9.52434e-10 135.72 20.851 0.060632
135.67 20.9281 0.0391669 3.21399e-08 135.72 20.851 0.060632
136.276 20.5974 0.0593905 2.07965e-06 135.72 20.851 0.060632
135.222 21.3683 0.0709129 1.94247e-14 135.72 20.851 0.060632
135.763 20.4099 0.0542581 0.00587533 135.72 20.851 0.060632
135.957 20.5754 0.0588092 0.0190442 135.72 20.851 0.060632
136.485 20.8272 0.0529916 1.12109e-10 135.72 20.851 0.060632
136.018 20.6919 0.0420774 8.64815e-07 135.72 20.851 0.060632
136.1 21.2191 0.0701672 2.42071e-12 135.72 20.851 0.060632
135.521 20.5145 0.0468736 1.40698e-05 135.72 20.851 0.060632
135.69 20.8569 0.0506269 0.00451629 135.72 20.851 0.060632
135.693 20.9907 0.0508675 0.000757598 135.72 20.851 0.060632
136.034 20.8129 0.0692104 1.2559e-05 135.72 20.851 0.060632
135.881 21.0571 0.0435992 1.20609e-06 135.72 20.851 0.060632
136.383 20.8524 0.0717954 3.41149e-13 135.72 20.851 0.060632
135.909 20.8557 0.0533524 0.00597238 135.72 20.851 0.060632
136.164 20.6833 0.0705233 3.1436e-07 135.72 20.851 0.060632
135.931 20.6528 0.0541706 0.0150662 135.72 20.851 0.060632
135.432 20.7866 0.0556151 0.00559545 135.72 20.851 0.060632
136.224 21.1856 0.0346443 3.56633e-14 135.72 20.851 0.060632
135.332 20.6156 0.0678231 0.00408036 135.72 20.851 0.060632
135.54 20.6255 0.0607756 0.161652 135.72 20.851 0.060632
136.12 20.7664 0.0656039 2.44092e-05 135.72 20.851 0.060632
135.443 21.0378 0.0449692 1.40846e-07 135.72 20.851 0.060632
136.483 20.8116 0.0570645 1.06947e-10 135.72 20.851 0.060632
136.301 20.84 0.0646042 1.72794e-08 135.72 20.851 0.060632
135.872 20.025 0.0698278 2.643e-07 135.72 20.851 0.060632
135.587 20.7966 0.0694746 0.00495552 135.72 20.851 0.060632
135.785 20.7763 0.0468833 0.000593633 135.72 20.851 0.060632
135.871 20.7437 0.0552342 0.0373894 135.72 20.851 0.060632
135.775 20.7302 0.0339469 2.62586e-11 135.72 20.851 0.060632
135.681 20.9257 0.065308 0.00379609 135.72 20.851 0.060632
136.109 20.652 0.0442808 1.25771e-06 135.72 20.851 0.060632
136.124 20.7832 0.0691401 1.31749e-06 135.72 20.851 0.060632
136.293 20.5066 0.0463232 8.33119e-09 135.72 20.851 0.060632
136.625 20.8734 0.0593674 6.18326e-15 135.72 20.851 0.060632
135.091 20.4042 0.05513 2.22157e-08 135.72 20.851 0.060632
135.609 20.8942 0.0442496 9.36343e-06 135.72 20.851 0.060632
135.679 21.2333 0.0392709 1.32883e-10 135.72 20.851 0.060632
135.815 20.6017 0.0723705 0.00098049 135.72 20.851 0.060632
135.301 20.4542 0.0548162 5.57152e-05 135.72 20.851 0.060632
135.839 20.7852 0.054526 0.0327235 135.72 20.851 0.060632
135.833 20.4916 0.0562989 0.031631 135.72 20.851 0.060632
136.551 20.4463 0.0418717 1.04037e-15 135.72 20.851 0.060632
135.828 20.677 0.0473709 0.000755123 135.72 20.851 0.060632
136.002 21.0463 0.0681137 2.45707e-07 135.72 20.851 0.060632
136.002 20.4846 0.0456983 4.16994e-06 135.72 20.851 0.060632
135.985 20.8631 0.0469143 8.46664e-05 135.72 20.851 0.060632
135.51 20.6978 0.0597897 0.0928815 135.72 20.851 0.060632
135.916 21.5406 0.0553917 2.95967e-13 135.72 20.851 0.060632
135.705 20.5737 0.0634311 0.220974 135.72 20.851 0.060632
136.779 20.7683 0.0637042 4.07706e-20 135.72 20.851 0.060632
135.759 20.6508 0.0579193 0.187114 135.72 20.851 0.060632
135.187 20.8445 0.0529169 9.63872e-07 135.72 20.851 0.060632
