52.237 -60.1465 3.95132 9.00561e-09
51.2427 -59.0779 3.93103 2.24287e-20
51.7397 -59.6574 3.9475 0.000191018
51.6816 -59.6816 3.92722 0.000531674
52.1121 -60.117 3.94199 3.07793e-05
51.9931 -60.1546 3.93421 1.47424e-05
51.8875 -60.0716 3.93589 0.000662442
51.4301 -60.0669 3.9319 1.16039e-08
52.1357 -58.7357 3.93793 2.83559e-23
51.859 -59.564 3.92428 1.31677e-05
51.6305 -59.5045 3.94712 9.30804e-07
51.8623 -60.0847 3.92725 8.55821e-06
51.527 -60.4379 3.9337 2.63305e-15
51.2618 -60.1447 3.96621 1.07083e-39
51.8065 -59.3542 3.94002 0.000117119
51.634 -59.7198 3.93747 0.00299603
51.6335 -59.8283 3.94857 5.56559e-07
51.9447 -59.9453 3.9359 0.0228199
51.9873 -60.3795 3.9513 2.48347e-14
51.9511 -59.751 3.93538 0.191017
51.9783 -60.0838 3.93448 0.000274129
51.9768 -59.8882 3.93644 0.0655838
51.79 -59.3823 3.95003 5.88698e-07
52.1842 -59.3027 3.93758 2.00076e-06
51.8506 -59.6697 3.94612 0.00929427
51.6379 -59.919 3.95175 1.71788e-09
51.7251 -59.8153 3.93653 0.0234685
52.2969 -59.2626 3.93796 1.42941e-08
51.6488 -59.9101 3.93248 0.00103426
51.9165 -59.8796 3.93074 0.00975033
51.8137 -59.4941 3.92896 0.000294938
52.2351 -60.03 3.93993 6.55909e-05
52.2145 -60.0396 3.9114 2.05252e-21
52.4619 -59.8276 3.95565 1.45933e-08
51.6228 -59.5647 3.93164 0.000387047
52.3044 -60.1242 3.94857 4.79562e-08
51.8964 -59.9433 3.93393 0.0153241
51.7759 -59.9743 3.9453 9.22195e-05
51.4993 -59.852 3.94061 1.71718e-06
51.8963 -59.2839 3.94505 5.78287e-06
52.2013 -59.5143 3.93686 0.00075957
51.9704 -59.6916 3.93006 0.00819961
51.0988 -59.9736 3.94822 4.63055e-24
51.7252 -59.6447 3.94687 0.000206198
51.7505 -60.3111 3.9349 2.85943e-09
51.2621 -60.0802 3.92828 1.30023e-12
51.4976 -60.3624 3.93375 1.25488e-13
52.0688 -59.7905 3.93951 0.141973
52.2137 -59.9641 3.93835 0.000526085
52.0413 -59.9268 3.94249 0.0182893
52.0846 -59.7794 3.95234 0.000269771
51.9941 -60.0322 3.9187 1.21747e-10
52.1954 -59.664 3.93282 0.000555481
52.0707 -60.2932 3.94925 9.08044e-11
51.7766 -59.5705 3.94564 0.00119837
51.9933 -59.6655 3.93507 0.109449
51.8966 -60.3001 3.95178 6.48595e-13
52.0148 -59.6478 3.94798 0.013655
51.7248 -59.8179 3.94156 0.00552909
51.3463 -59.4798 3.94218 1.65764e-11
51.4306 -59.9041 3.93342 5.63294e-07
52.2196 -60.2347 3.92938 9.51427e-11
51.8565 -58.945 3.93271 1.46465e-15
51.6269 -59.8255 3.94145 0.000272183
51.7099 -60.0848 3.95014 1.70159e-09
51.8137 -59.4186 3.93208 0.00025342
51.5126 -59.7633 3.93733 3.51302e-05
51.7139 -59.8818 3.92494 7.52318e-05
51.7356 -60.4111 3.93839 1.8615e-12
51.4202 -60.616 3.93949 5.97253e-25
51.5398 -60.0883 3.94587 2.11059e-10
52.3484 -59.4047 3.93922 1.0432e-06
51.9076 -59.8243 3.94311 0.0602371
51.4842 -60.0788 3.92643 2.05352e-08
52.2598 -60.3011 3.93922 1.66854e-10
52.0654 -59.9518 3.93941 0.0128822
52.2743 -59.7126 3.91024 3.20535e-23
51.6185 -59.9287 3.9473 2.07339e-07
51.9923 -59.7537 3.93562 0.163385
52.2449 -60.5946 3.91714 3.49483e-29
51.9208 -59.8184 3.93333 0.0719923
52.3675 -59.5299 3.93364 2.13347e-07
51.7727 -59.5033 3.94618 0.000240405
51.9859 -59.9928 3.94512 0.00117814
51.4229 -59.7421 3.94054 8.77477e-08
52.1676 -59.7798 3.954 3.93247e-05
51.9113 -59.342 3.94124 0.000206482
52.3486 -60.1598 3.93497 1.46076e-09
51.7735 -59.9315 3.95809 7.31876e-12
51.2215 -60.2307 3.9538 1.21956e-28
51.7745 -59.5858 3.92228 2.13615e-06
52.0224 -58.9139 3.93043 5.81482e-18
52.1168 -60.0013 3.9366 0.00112159
51.8076 -59.5009 3.94013 0.00836678
51.7395 -60.135 3.94109 2.54577e-06
51.9576 -59.366 3.94057 0.000626081
51.7328 -59.5569 3.94286 0.00182115
51.5326 -60.1772 3.93671 4.33416e-09
51.8785 -59.8795 3.93297 0.0326665
51.5377 -60.2433 3.95125 6.55826e-17
