240.584 28.6747 0.0834403 6.77453e-09
239.877 28.6803 0.0714038 2.42832e-11
240.271 28.6937 0.0848931 7.40753e-10
240.162 28.3977 0.0793318 1.17335e-06
240.273 28.6988 0.0713935 0.0064771
240.351 28.4301 0.063518 0.000133162
240.487 28.8618 0.068187 0.0219648
240.514 28.1093 0.0887451 2.09195e-16
240.591 28.563 0.0920809 3.95281e-19
240.674 28.5961 0.0750668 0.0037181
240.331 29.1702 0.0779827 4.11357e-13
240.435 28.8091 0.08062 4.7066e-07
240.083 29.0537 0.0696149 1.46013e-10
240.703 28.4789 0.0841668 2.0383e-10
239.883 28.7669 0.0599894 6.14882e-17
240.525 28.7307 0.0692494 0.260837
240.468 28.1656 0.0847475 2.4218e-11
239.958 28.5707 0.0813469 8.78426e-11
240.025 28.5034 0.0775828 7.09728e-08
240.214 29.4835 0.066658 4.09278e-21
240.629 29.0606 0.070203 4.29451e-06
240.379 28.8882 0.0898821 1.44687e-18
240.331 28.785 0.0902733 3.96719e-17
239.987 28.8367 0.0811776 2.39208e-12
240.102 28.4272 0.0717178 3.39349e-06
240.349 28.8066 0.0769959 7.92538e-05
240.23 28.7477 0.0730178 0.000587213
240.452 29.0713 0.071723 1.10447e-06
240.516 28.6283 0.0688157 0.490603
240.091 28.9848 0.0800467 2.03489e-12
240.581 28.755 0.0693727 0.170042
240.457 28.6315 0.0875471 3.649e-12
240.768 28.3936 0.0766547 7.73588e-06
240.197 28.6642 0.066471 0.000166374
240.456 28.4043 0.0967849 1.26161e-24
239.988 29.1653 0.0766955 3.89066e-17
241.016 28.6422 0.0638708 8.04449e-06
240.296 28.7515 0.0705538 0.00673451
240.749 29.005 0.0592696 7.92042e-06
240.597 28.3019 0.0756703 0.000135012
239.92 28.3231 0.0744825 2.19982e-11
240.835 28.5261 0.0746344 4.11958e-05
240.891 29.1205 0.0978375 2.27142e-48
240.292 29.4687 0.0721013 9.98229e-21
240.413 29.2303 0.0483613 5.15221e-20
240.611 29.1778 0.0727888 5.22026e-10
240.302 28.8883 0.094558 1.23298e-25
239.85 28.7177 0.068616 5.63985e-13
240.557 28.4024 0.0689315 0.0313622
240.546 28.8709 0.0845794 2.42916e-12
240.023 28.7674 0.0801068 4.22639e-10
240.347 29.0555 0.0788646 1.48342e-10
240.57 28.8491 0.0818612 2.67173e-09
240.469 28.4142 0.0890148 2.01445e-13
240.626 28.3511 0.0751137 0.000538596
240.593 28.4012 0.0582795 2.32604e-06
240.174 29.383 0.0817587 2.95978e-25
240.552 29.1213 0.0725302 3.72037e-08
240.056 28.8193 0.095931 1.65025e-27
240.965 28.9145 0.0538815 2.50122e-09
240.106 28.6313 0.0771003 2.94479e-06
240.52 28.8773 0.0769304 1.56951e-05
240.283 28.7337 0.0753253 0.000721765
240.615 28.0451 0.0814112 2.9105e-12
239.78 28.3841 0.0737531 4.20273e-15
240.492 29.0013 0.058167 1.13306e-06
240.684 28.7736 0.073324 0.00261255
240.893 28.3224 0.0641575 1.66222e-06
240.28 29.0213 0.0646139 7.10496e-07
240.619 29.3459 0.0598596 3.39999e-13
240.105 28.7503 0.0814826 2.4619e-09
240.706 28.826 0.0831783 7.5295e-12
240.355 29.2454 0.0546919 2.69591e-15
240.584 28.6792 0.0926263 6.15042e-21
240.191 28.9099 0.0504983 7.84397e-18
240.322 29.0598 0.0718552 2.88062e-07
240.071 28.9629 0.0702581 4.05205e-09
240.088 28.4432 0.0716071 2.39356e-06
240.698 28.9393 0.0510698 2.88253e-10
241.201 29.2861 0.0807866 8.9755e-34
240.979 28.9224 0.0677596 2.65604e-07
240.03 28.565 0.0746598 4.381e-07
240.817 28.2834 0.0658026 7.42182e-06
240.284 29.1726 0.0708846 3.42393e-10
240.565 28.8358 0.0854901 5.76328e-13
241.116 28.4659 0.0590011 3.64093e-10
239.932 28.2146 0.0672091 5.09815e-15
240.717 28.5038 0.0512952 5.36902e-11
240.87 28.6354 0.0718111 0.000208388
240.487 28.7865 0.0817415 8.04699e-08
240.315 28.4932 0.0764044 0.00179777
240.08 28.938 0.0780099 1.80667e-10
240.001 29.3451 0.0642438 3.38785e-21
240.851 29.1427 0.069366 7.00235e-10
240.602 28.9476 0.062927 0.00113888
240.333 28.0167 0.0764871 1.65255e-10
240.118 28.4747 0.0727444 1.71764e-05
240.522 28.4437 0.0836165 5.26284e-08
240.656 28.5882 0.0803275 2.41937e-06
240.538 29.0746 0.0673915 1.22702e-05
