112.457 -23.1451 3.42006 0.0336622
112.058 -23.0529 3.4048 0.0079235
112.131 -23.408 3.42683 2.67837e-06
112.645 -23.4061 3.4303 2.0993e-05
111.949 -22.1661 3.39731 9.41303e-09
112.591 -22.8704 3.4226 0.0601934
112.136 -23.4825 3.41263 3.19666e-05
112.542 -23.6007 3.41637 9.08985e-07
112.611 -22.9074 3.41355 0.0164144
112.194 -23.3209 3.43087 2.43648e-06
112.362 -23.6887 3.41473 9.60979e-08
112.366 -23.4012 3.41157 0.00022684
112.589 -22.6454 3.40169 4.65988e-06
112.283 -23.0659 3.42053 0.0488267
112.395 -23.1754 3.42149 0.0196933
112.357 -23.3135 3.40537 0.000102463
112.956 -23.4182 3.41004 9.70303e-10
111.779 -23.0304 3.4092 0.000767318
112.499 -23.1948 3.41032 0.0021862
112.325 -23.2076 3.41528 0.0186117
112.409 -23.7041 3.40185 6.06952e-11
111.89 -22.8263 3.4247 1.64461e-05
112.717 -22.9798 3.41693 0.00778684
112.353 -22.7622 3.41868 0.119318
112.17 -23.0225 3.40354 0.00593662
112.137 -23.2136 3.41536 0.00814013
112.801 -22.9765 3.40247 6.4367e-08
112.626 -23.7491 3.41869 3.3562e-09
112.693 -22.7359 3.4134 0.00260809
111.857 -22.9225 3.4343 3.33254e-10
112.635 -23.7644 3.4016 5.12934e-14
112.228 -23.2369 3.41416 0.00984037
112.91 -23.5421 3.42071 5.19053e-08
112.817 -23.2676 3.42258 0.000220493
111.955 -23.3593 3.42378 1.5914e-06
112.52 -23.0397 3.4129 0.0242907
112.255 -23.5958 3.42923 2.59172e-08
112.369 -23.0081 3.41178 0.0707812
112.008 -23.5235 3.40652 1.62052e-06
112.887 -23.4096 3.42993 3.19105e-06
111.873 -23.8767 3.42592 2.68887e-15
112.309 -23.4275 3.41954 0.000223448
112.332 -23.1922 3.41335 0.0184898
112.327 -22.9795 3.41598 0.158597
112.024 -22.9999 3.42458 0.000381543
112.346 -22.5882 3.39917 2.47701e-05
112.145 -23.148 3.41035 0.0172967
112.918 -23.7636 3.41815 9.58195e-12
112.263 -22.9656 3.41111 0.101765
111.724 -22.9054 3.42291 5.64636e-07
111.738 -24.0077 3.42077 4.58822e-18
112.416 -23.0043 3.42906 0.0050377
112.383 -23.6397 3.41825 6.50167e-07
112.734 -23.4144 3.417 1.50012e-05
112.551 -22.6261 3.4309 0.000700427
112.383 -23.5875 3.42115 2.70406e-06
112.411 -23.7185 3.39455 1.88094e-14
112.106 -23.4113 3.42029 4.66069e-05
112.426 -23.0446 3.40033 4.41873e-05
112.562 -23.0644 3.41532 0.0252458
111.724 -23.0634 3.42501 5.01269e-08
112.361 -23.2348 3.41047 0.00429795
112.03 -23.5811 3.40357 1.09516e-07
112.137 -23.2097 3.41624 0.00772686
112.482 -23.2421 3.42071 0.00815287
112.647 -22.8696 3.40012 6.46872e-07
112.116 -23.3272 3.40703 0.000394708
112.039 -23.2802 3.4171 0.000695819
111.901 -23.6591 3.41285 9.79447e-09
111.76 -23.3785 3.41162 2.27514e-06
112.503 -23.3287 3.42314 0.00124625
112.376 -23.0975 3.41298 0.0454586
112.244 -23.3353 3.41215 0.00140441
112.699 -23.3389 3.41542 8.24673e-05
112.093 -23.3014 3.41 0.00118786
112.299 -23.2658 3.38394 3.59512e-14
112.441 -23.0466 3.40232 0.00017949
112.199 -22.9741 3.42177 0.0277282
112.651 -23.7816 3.4457 1.16079e-15
112.679 -22.9715 3.40854 0.00032207
112.602 -23.7078 3.43185 1.72097e-09
112.949 -23.3615 3.4099 4.02734e-09
112.092 -23.2515 3.41452 0.00325603
112.486 -23.5047 3.40939 2.37396e-06
111.779 -23.3081 3.40851 2.07985e-05
111.781 -23.4576 3.41871 4.52171e-08
112.384 -23.1208 3.40357 0.000489937
112.445 -23.1833 3.42658 0.00431563
112.085 -23.185 3.41244 0.0089784
112.667 -23.4907 3.41922 9.98077e-06
112.357 -22.8689 3.39725 1.79606e-05
112.67 -23.4954 3.41199 7.17743e-07
112.015 -22.4687 3.4072 0.000726759
112.361 -23.0073 3.42078 0.0930289
112.976 -23.8974 3.41134 8.95355e-17
112.571 -23.3307 3.39726 1.29934e-09
113.233 -22.987 3.41908 1.73421e-08
112.364 -23.4193 3.40172 7.20726e-07
112.186 -23.5422 3.40515 8.39663e-07
111.917 -23.0742 3.41121 0.00478192
