111.564 -23.9119 3.42131 0.00043145 111.84 -24.224 3.4185
112.436 -23.6592 3.43171 3.6808e-09 111.84 -24.224 3.4185
111.71 -23.7888 3.41079 0.00014873 111.84 -24.224 3.4185
112.38 -24.4416 3.41761 0.000315025 111.84 -24.224 3.4185
111.817 -24.0111 3.41132 0.00704008 111.84 -24.224 3.4185
112.148 -23.8577 3.4415 2.07429e-07 111.84 -24.224 3.4185
112.107 -23.5189 3.40254 5.35803e-10 111.84 -24.224 3.4185
111.961 -24.2019 3.42194 0.0254995 111.84 -24.224 3.4185
111.946 -24.5251 3.42398 0.0383345 111.84 -24.224 3.4185
111.546 -23.8552 3.43644 2.44958e-07 111.84 -24.224 3.4185
112.501 -24.1033 3.42223 5.38633e-06 111.84 -24.224 3.4185
111.51 -24.115 3.42012 0.00591261 111.84 -24.224 3.4185
111.558 -23.8263 3.4232 5.22754e-05 111.84 -24.224 3.4185
112.142 -24.0541 3.41603 0.00128035 111.84 -24.224 3.4185
111.43 -23.6092 3.43728 9.52435e-11 111.84 -24.224 3.4185
111.559 -24.2455 3.40473 0.0416801 111.84 -24.224 3.4185
112.172 -24.0549 3.41299 0.000576587 111.84 -24.224 3.4185
111.366 -23.6313 3.4418 1.96247e-12 111.84 -24.224 3.4185
111.368 -23.6491 3.40984 8.12416e-07 111.84 -24.224 3.4185
111.802 -24.1421 3.41927 0.0327159 111.84 -24.224 3.4185
112.478 -23.7716 3.42028 3.44031e-08 111.84 -24.224 3.4185
111.894 -23.6802 3.40586 2.21363e-06 111.84 -24.224 3.4185
111.727 -24.2712 3.40942 0.101306 111.84 -24.224 3.4185
112.451 -24.2127 3.41691 2.67119e-05 111.84 -24.224 3.4185
111.31 -24.1155 3.43322 1.23662e-06 111.84 -24.224 3.4185
112.618 -23.7371 3.4028 7.99882e-13 111.84 -24.224 3.4185
111.573 -24.2728 3.41517 0.0744979 111.84 -24.224 3.4185
112.108 -24.0048 3.42872 0.000359133 111.84 -24.224 3.4185
111.813 -24.6675 3.42056 0.0428496 111.84 -24.224 3.4185
112.162 -23.4661 3.41551 1.60453e-09 111.84 -24.224 3.4185
112.782 -23.7767 3.41886 5.90009e-12 111.84 -24.224 3.4185
112.304 -23.6534 3.43409 1.31214e-08 111.84 -24.224 3.4185
112.097 -24.034 3.42322 0.00149505 111.84 -24.224 3.4185
112.04 -24.4062 3.42237 0.0340487 111.84 -24.224 3.4185
112.192 -23.9317 3.41651 0.000110187 111.84 -24.224 3.4185
111.897 -23.6988 3.4266 4.70532e-06 111.84 -24.224 3.4185
111.513 -23.757 3.41047 4.03566e-05 111.84 -24.224 3.4185
112.352 -23.6115 3.43278 3.26755e-09 111.84 -24.224 3.4185
113.047 -23.7356 3.41079 3.39493e-18 111.84 -24.224 3.4185
112.358 -23.8941 3.42182 5.08961e-06 111.84 -24.224 3.4185
111.451 -23.6173 3.43428 1.03415e-09 111.84 -24.224 3.4185
111.791 -24.2436 3.42267 0.0425285 111.84 -24.224 3.4185
112.036 -23.8137 3.42074 7.57512e-05 111.84 -24.224 3.4185
112.101 -23.9159 3.41587 0.000261997 111.84 -24.224 3.4185
111.747 -24.6211 3.41859 0.0787592 111.84 -24.224 3.4185
112.441 -23.5149 3.41613 4.95856e-11 111.84 -24.224 3.4185
111.594 -24.2792 3.40509 0.0589302 111.84 -24.224 3.4185
111.692 -24.1295 3.41411 0.0388304 111.84 -24.224 3.4185
112.301 -23.5215 3.42419 1.76199e-09 111.84 -24.224 3.4185
111.677 -23.7827 3.44215 7.54052e-09 111.84 -24.224 3.4185
111.692 -23.5672 3.41907 4.60559e-07 111.84 -24.224 3.4185
112.244 -23.9829 3.40573 8.32406e-06 111.84 -24.224 3.4185
111.777 -24.2616 3.43167 0.00263624 111.84 -24.224 3.4185
111.467 -24.5803 3.42826 0.000716087 111.84 -24.224 3.4185
112.082 -24.2225 3.4318 0.00160099 111.84 -24.224 3.4185
112.717 -23.5219 3.44083 2.70447e-14 111.84 -24.224 3.4185
111.955 -24.0504 3.43052 0.000816425 111.84 -24.224 3.4185
112.842 -23.8904 3.41552 2.79132e-12 111.84 -24.224 3.4185
112.008 -24.0275 3.42464 0.00217511 111.84 -24.224 3.4185
111.321 -24.409 3.41907 0.00391344 111.84 -24.224 3.4185
111.398 -23.901 3.41691 0.000163238 111.84 -24.224 3.4185
111.907 -23.6962 3.41085 8.50787e-06 111.84 -24.224 3.4185
112.221 -24.2803 3.4248 0.00291689 111.84 -24.224 3.4185
112.266 -23.9667 3.41614 5.76925e-05 111.84 -24.224 3.4185
112.4 -23.7165 3.43469 1.34461e-08 111.84 -24.224 3.4185
112.203 -23.6619 3.41493 2.42175e-07 111.84 -24.224 3.4185
111.547 -24.1504 3.39469 0.00105409 111.84 -24.224 3.4185
111.638 -24.0756 3.43133 0.000267947 111.84 -24.224 3.4185
111.595 -23.6966 3.42603 1.76925e-06 111.84 -24.224 3.4185
112.141 -23.6909 3.40993 4.86278e-07 111.84 -24.224 3.4185
111.607 -23.7819 3.44388 8.79799e-10 111.84 -24.224 3.4185
112.242 -24.2483 3.40525 0.000139387 111.84 -24.224 3.4185
112.188 -23.3978 3.42043 1.69021e-10 111.84 -24.224 3.4185
112.09 -24.0445 3.44153 4.11828e-06 111.84 -24.224 3.4185
111.485 -23.6355 3.42598 1.23396e-07 111.84 -24.224 3.4185
112.135 -24.3557 3.41309 0.0105255 111.84 -24.224 3.4185
112.757 -23.8658 3.41739 5.81971e-11 111.84 -24.224 3.4185
111.908 -23.6834 3.43598 1.22604e-07 111.84 -24.224 3.4185
112.024 -23.9759 3.42631 0.000704991 111.84 -24.224 3.4185
112.208 -23.959 3.42452 0.00013595 111.84 -24.224 3.4185
111.973 -23.537 3.41706 1.18015e-07 111.84 -24.224 3.4185
111.766 -24.3602 3.4078 0.112157 111.84 -24.224 3.4185
111.875 -23.7664 3.4272 1.95006e-05 111.84 -24.224 3.4185
112.324 -23.5658 3.4181 3.459e-09 111.84 -24.224 3.4185
111.873 -23.7399 3.4244 2.04576e-05 111.84 -24.224 3.4185
111.816 -24.6074 3.40719 0.0616785 111.84 -24.224 3.4185
111.848 -24.0656 3.4281 0.00226609 111.84 -24.224 3.4185
112.03 -23.6924 3.40981 2.09376e-06 111.84 -24.224 3.4185
111.912 -23.8075 3.4263 5.53579e-05 111.84 -24.224 3.4185
111.475 -24.1404 3.43239 4.53817e-05 111.84 -24.224 3.4185
111.626 -24.5639 3.41165 0.135441 111.84 -24.224 3.4185
111.697 -23.3629 3.41418 8.038e-10 111.84 -24.224 3.4185
111.434 -24.1198 3.42044 0.0025447 111.84 -24.224 3.4185
112.159 -23.96 3.40966 8.86434e-05 111.84 -24.224 3.4185
112.086 -24.7163 3.42052 0.00700319 111.84 -24.224 3.4185
112.16 -22.8508 3.43214 3.38596e-21 111.84 -24.224 3.4185
112.221 -24.074 3.42424 0.00056664 111.84 -24.224 3.4185
111.59 -23.4531 3.4312 2.52054e-10 111.84 -24.224 3.4185
111.692 -24.4638 3.39934 0.0221371 111.84 -24.224 3.4185
112.11 -22.9486 3.42965 1.21428e-18 111.84 -24.224 3.4185
