30.258 10.265 0.160709 1.57627e-08
31.0228 9.89145 0.175436 1.34728e-24
31.1971 10.1709 0.158497 5.05146e-07
31.1117 11.4294 0.153807 2.00578e-20
30.5795 10.875 0.133443 1.7219e-20
30.9293 10.7392 0.153086 0.00697722
30.9241 11.2088 0.146797 2.36821e-14
30.3959 11.0889 0.149698 9.86986e-16
30.418 10.7156 0.149547 1.76039e-08
30.8662 10.0669 0.165325 5.03775e-09
31.114 9.81092 0.147639 9.89364e-09
30.718 10.286 0.170298 5.93673e-08
30.7606 10.3212 0.157125 0.0275713
30.9336 10.4492 0.157347 0.0578272
31.0992 10.4183 0.15455 0.0181062
30.916 10.8119 0.158064 0.00068123
31.1667 10.234 0.133448 7.79807e-06
30.5871 11.0522 0.145312 4.77369e-14
31.3108 9.98249 0.14672 7.02834e-07
30.434 10.2599 0.169411 3.69264e-08
30.4084 10.5531 0.134592 1.20665e-18
30.8079 10.9782 0.153107 1.05624e-06
30.9202 10.4611 0.156887 0.0853596
30.7394 10.5347 0.140276 2.29316e-06
31.0558 10.4641 0.146582 0.0843627
31.4882 10.6998 0.157212 4.86653e-11
30.6835 10.2654 0.136343 4.46445e-09
30.5133 10.7101 0.144715 3.08099e-09
30.6652 10.5138 0.154018 0.0295364
31.0661 10.56 0.13937 0.000216966
30.2354 11.3114 0.135986 2.33575e-41
31.0065 10.4091 0.16144 0.000514357
30.2781 10.3376 0.126381 1.03532e-31
30.7832 10.1288 0.156595 0.000421521
31.2765 10.3009 0.156406 5.90921e-06
30.9027 10.6375 0.153038 0.0601579
30.9512 9.97169 0.154159 3.53575e-06
30.5641 10.2817 0.144621 2.01713e-06
30.6978 10.5071 0.128615 8.63676e-17
30.3307 10.2647 0.1371 1.98495e-17
30.6717 10.6028 0.16356 0.00361286
30.8685 10.4131 0.150355 0.202965
30.5852 10.4457 0.160649 0.00497498
30.8842 10.3639 0.136663 6.48631e-06
30.8275 10.6529 0.150918 0.021301
30.8826 10.4031 0.16655 1.42996e-05
30.9221 11.2206 0.158959 4.45491e-12
30.1698 9.9481 0.159446 1.77531e-15
31.2766 10.4785 0.143826 0.0022574
30.9244 10.71 0.152285 0.0129508
30.359 10.9676 0.133761 9.10798e-29
30.8844 10.3438 0.137498 2.1296e-05
30.9375 10.1445 0.155556 0.000937447
30.0126 10.9264 0.149914 6.44287e-23
31.0614 10.2905 0.149207 0.0630553
30.7118 10.1881 0.156708 0.00132928
30.8412 10.6488 0.1525 0.0402526
30.31 10.1147 0.149226 2.85089e-11
30.5224 10.8466 0.147297 1.56168e-09
30.6206 10.5138 0.162271 0.00565507
31.1382 10.1899 0.157332 2.12114e-05
31.3668 10.079 0.140182 1.05045e-05
30.471 10.9617 0.143156 9.45003e-16
30.8293 10.4769 0.143175 0.00161297
30.9306 10.2905 0.15435 0.0486099
30.7995 9.95977 0.149354 5.60836e-06
30.8945 10.6428 0.144721 0.00121399
30.3187 10.392 0.173139 2.33528e-09
31.4764 10.3031 0.14301 9.68888e-06
31.1066 10.5101 0.150767 0.0520181
30.6608 10.3961 0.156203 0.0268585
30.5623 10.6636 0.155443 0.000941186
30.8663 10.4506 0.148004 0.0939792
30.7102 10.959 0.142524 8.51681e-12
31.1664 10.4557 0.167304 8.67578e-10
30.7025 10.3584 0.147394 0.00368474
30.8577 10.3773 0.158187 0.0373818
30.3627 10.923 0.148297 1.23956e-13
30.6733 11.0629 0.131369 9.83307e-26
31.2222 10.7116 0.151614 0.000174046
30.8946 10.1673 0.141332 0.000399419
30.8984 10.4077 0.169797 8.30787e-08
30.6728 10.94 0.159863 8.13739e-06
30.2777 10.2687 0.166091 1.0816e-08
30.9159 10.7369 0.144008 6.08427e-05
30.709 10.1584 0.160509 7.26341e-05
29.9523 10.5687 0.168258 7.67312e-14
30.9326 10.0325 0.164373 1.29276e-09
29.9175 11.0318 0.15602 7.15026e-24
31.5925 9.92689 0.141084 4.39359e-11
30.4827 9.86742 0.142398 7.80318e-14
30.5499 10.2496 0.145778 2.52896e-06
30.835 10.3177 0.176541 1.07018e-13
30.115 10.1928 0.140664 4.32533e-22
31.0001 10.2682 0.163844 2.64129e-06
30.9133 10.3329 0.131931 1.04464e-08
30.5198 10.4538 0.159466 0.00184202
30.9883 10.9161 0.166954 1.40192e-08
30.7353 10.94 0.142301 3.53212e-11
31.197 10.3862 0.163435 5.85606e-08
