158.435 22.9551 0.0704335 1.92396e-11 157.66 22.411 0.080762
157.901 22.9198 0.0967417 8.12793e-18 157.66 22.411 0.080762
158.422 22.0431 0.0839453 1.28758e-11 157.66 22.411 0.080762
157.368 22.7855 0.0840785 1.20692e-08 157.66 22.411 0.080762
157.683 22.9987 0.0691901 1.4572e-08 157.66 22.411 0.080762
157.511 22.9877 0.0772493 1.78152e-09 157.66 22.411 0.080762
157.475 22.7931 0.0777552 1.9052e-06 157.66 22.411 0.080762
157.779 22.3488 0.0559 4.71104e-13 157.66 22.411 0.080762
157.122 22.4362 0.0483158 6.84285e-39 157.66 22.411 0.080762
157.381 22.8658 0.0732329 1.06065e-09 157.66 22.411 0.080762
157.852 22.7904 0.0555897 6.63132e-12 157.66 22.411 0.080762
157.724 22.9134 0.0567034 1.73994e-13 157.66 22.411 0.080762
157.958 22.3672 0.0651276 0.000138428 157.66 22.411 0.080762
157.312 22.3409 0.0880935 9.57307e-07 157.66 22.411 0.080762
158.474 22.9872 0.072126 4.1509e-13 157.66 22.411 0.080762
157.952 22.5975 0.0711481 0.0348327 157.66 22.411 0.080762
158.063 21.7459 0.0808406 1.82008e-10 157.66 22.411 0.080762
157.982 22.5163 0.0779598 0.129779 157.66 22.411 0.080762
157.797 23.0668 0.0672863 1.49132e-09 157.66 22.411 0.080762
158.002 22.1638 0.0636713 1.40146e-07 157.66 22.411 0.080762
157.574 22.7778 0.101966 9.67821e-19 157.66 22.411 0.080762
157.452 22.1503 0.0926879 7.02087e-07 157.66 22.411 0.080762
157.437 22.2302 0.0857819 0.00010855 157.66 22.411 0.080762
157.505 21.9718 0.0748673 3.35101e-08 157.66 22.411 0.080762
157.055 22.2815 0.070179 1.64306e-17 157.66 22.411 0.080762
157.163 22.5181 0.0927646 5.64363e-12 157.66 22.411 0.080762
157.303 22.1536 0.082645 3.13976e-07 157.66 22.411 0.080762
157.307 22.4581 0.0640506 1.21106e-13 157.66 22.411 0.080762
157.732 22.3103 0.0783772 0.163247 157.66 22.411 0.080762
157.351 22.4125 0.0733268 3.95533e-07 157.66 22.411 0.080762
157.46 22.8792 0.0774411 4.69115e-08 157.66 22.411 0.080762
157.769 22.1777 0.0787513 0.0319617 157.66 22.411 0.080762
157.964 22.6668 0.0721683 0.0178565 157.66 22.411 0.080762
157.835 22.1528 0.092223 8.74612e-06 157.66 22.411 0.080762
157.634 22.6162 0.062168 2.21426e-08 157.66 22.411 0.080762
157.804 22.2879 0.078157 0.205539 157.66 22.411 0.080762
157.442 22.6547 0.0840516 9.52658e-06 157.66 22.411 0.080762
157.09 22.4993 0.0719441 1.468e-14 157.66 22.411 0.080762
157.573 22.421 0.0679155 9.96843e-06 157.66 22.411 0.080762
157.463 22.4363 0.0841274 0.000597348 157.66 22.411 0.080762
157.528 22.7519 0.0598295 1.4064e-12 157.66 22.411 0.080762
158.057 22.1407 0.0846588 0.000217368 157.66 22.411 0.080762
157.442 22.2372 0.0788739 0.000113873 157.66 22.411 0.080762
157.33 22.6055 0.0579103 1.79377e-18 157.66 22.411 0.080762
157.842 22.7507 0.0833001 0.000160352 157.66 22.411 0.080762
157.326 22.5633 0.0799816 1.66576e-06 157.66 22.411 0.080762
158.408 21.9882 0.086153 6.95989e-13 157.66 22.411 0.080762
157.899 22.7568 0.098483 6.84665e-16 157.66 22.411 0.080762
157.969 22.5173 0.0969515 1.97883e-11 157.66 22.411 0.080762
157.364 22.4287 0.0720233 2.26923e-07 157.66 22.411 0.080762
157.528 23.0886 0.0756138 1.42692e-11 157.66 22.411 0.080762
157.669 22.7265 0.0486462 1.58801e-21 157.66 22.411 0.080762
157.996 22.2417 0.0591644 7.30921e-10 157.66 22.411 0.080762
157.758 22.5949 0.0676263 0.000762729 157.66 22.411 0.080762
157.991 22.3533 0.0731806 0.0751013 157.66 22.411 0.080762
157.731 22.8748 0.0659008 3.62209e-07 157.66 22.411 0.080762
157.722 22.2263 0.0695573 0.000162708 157.66 22.411 0.080762
157.57 22.2926 0.0958578 1.44711e-07 157.66 22.411 0.080762
157.512 21.9185 0.0666564 3.69299e-14 157.66 22.411 0.080762
157.847 22.4823 0.0710504 0.0540244 157.66 22.411 0.080762
158.208 22.1423 0.0674671 6.31051e-07 157.66 22.411 0.080762
158.205 22.6853 0.0842237 2.44337e-07 157.66 22.411 0.080762
158.059 22.8815 0.0728945 2.09194e-05 157.66 22.411 0.080762
157.803 23.3415 0.0946238 4.40789e-29 157.66 22.411 0.080762
158.36 23.1659 0.096449 2.36512e-33 157.66 22.411 0.080762
157.652 23.0208 0.0589518 2.66723e-14 157.66 22.411 0.080762
157.581 22.6787 0.0869594 1.49236e-05 157.66 22.411 0.080762
157.801 22.8658 0.0851005 3.38141e-07 157.66 22.411 0.080762
157.696 23.1037 0.0509876 5.00432e-22 157.66 22.411 0.080762
157.646 22.9565 0.0686483 2.56724e-08 157.66 22.411 0.080762
157.374 22.2017 0.0785112 3.91108e-06 157.66 22.411 0.080762
158.29 22.4628 0.07241 0.00016575 157.66 22.411 0.080762
157.553 22.6248 0.101739 1.39855e-15 157.66 22.411 0.080762
157.594 22.7634 0.0726871 4.58059e-05 157.66 22.411 0.080762
157.598 22.8389 0.0695876 8.89008e-07 157.66 22.411 0.080762
158.007 22.7626 0.0704918 0.00105895 157.66 22.411 0.080762
157.752 22.7896 0.0792489 0.000436617 157.66 22.411 0.080762
157.603 23.0073 0.0614495 3.78634e-13 157.66 22.411 0.080762
157.864 22.6464 0.0825915 0.00508031 157.66 22.411 0.080762
157.759 22.4745 0.0751784 0.185205 157.66 22.411 0.080762
157.845 22.126 0.0851433 0.00323244 157.66 22.411 0.080762
158.162 22.499 0.0591342 4.69769e-08 157.66 22.411 0.080762
157.628 22.7066 0.0737607 0.000674519 157.66 22.411 0.080762
157.54 22.4365 0.0851344 0.0025878 157.66 22.411 0.080762
157.893 22.6685 0.092571 7.94235e-09 157.66 22.411 0.080762
157.846 22.2642 0.0709595 0.00652653 157.66 22.411 0.080762
157.299 22.5001 0.0793856 9.06166e-07 157.66 22.411 0.080762
158.144 22.6173 0.0760581 0.00284763 157.66 22.411 0.080762
157.693 22.8181 0.0607666 8.83777e-10 157.66 22.411 0.080762
157.883 22.6212 0.0522018 2.07809e-14 157.66 22.411 0.080762
158.3 22.8082 0.0761905 1.68648e-07 157.66 22.411 0.080762
157.841 22.8091 0.0739002 0.000793305 157.66 22.411 0.080762
158.412 22.2219 0.0814831 7.57522e-09 157.66 22.411 0.080762
158.003 22.5004 0.0831015 0.00860432 157.66 22.411 0.080762
157.543 22.7927 0.0881072 4.10932e-08 157.66 22.411 0.080762
158.007 22.5674 0.0673286 0.00317065 157.66 22.411 0.080762
157.692 23.0184 0.0804215 4.97546e-09 157.66 22.411 0.080762
158.012 22.4073 0.0722495 0.0628604 157.66 22.411 0.080762
158.516 22.4511 0.0829336 1.03577e-11 157.66 22.411 0.080762
157.551 22.3438 0.0750086 0.00202917 157.66 22.411 0.080762
