255.723 -18.7439 3.31432 7.33477e-20 256.05 -18.498 3.2896
255.759 -18.4696 3.27884 0.00115041 256.05 -18.498 3.2896
256.351 -18.0995 3.30371 1.70966e-06 256.05 -18.498 3.2896
256.139 -18.7089 3.3009 0.0224451 256.05 -18.498 3.2896
255.64 -18.4797 3.28218 0.0187401 256.05 -18.498 3.2896
255.591 -18.6841 3.29434 3.79256e-05 256.05 -18.498 3.2896
255.96 -18.6125 3.28716 0.0525403 256.05 -18.498 3.2896
255.54 -18.7313 3.27609 2.09685e-06 256.05 -18.498 3.2896
255.65 -19.2778 3.28329 2.07089e-14 256.05 -18.498 3.2896
255.638 -18.9522 3.28932 2.77919e-06 256.05 -18.498 3.2896
256.171 -18.87 3.28345 2.36694e-08 256.05 -18.498 3.2896
255.734 -18.6658 3.29203 0.0126497 256.05 -18.498 3.2896
255.724 -18.1423 3.28601 0.00269714 256.05 -18.498 3.2896
255.95 -18.2684 3.29789 0.0026114 256.05 -18.498 3.2896
256.3 -18.755 3.27603 1.77687e-16 256.05 -18.498 3.2896
255.993 -18.4834 3.28731 0.102019 256.05 -18.498 3.2896
256.034 -19.1686 3.29558 2.99311e-08 256.05 -18.498 3.2896
255.837 -18.1416 3.27792 1.57398e-05 256.05 -18.498 3.2896
255.5 -19.5027 3.29759 5.43429e-24 256.05 -18.498 3.2896
255.917 -18.6953 3.30199 0.000227229 256.05 -18.498 3.2896
256.703 -18.5624 3.28703 5.22187e-14 256.05 -18.498 3.2896
255.88 -18.5498 3.28494 0.0444745 256.05 -18.498 3.2896
255.937 -18.893 3.28568 2.96165e-05 256.05 -18.498 3.2896
255.695 -18.8292 3.28735 0.00040732 256.05 -18.498 3.2896
255.972 -19.3411 3.28416 1.76836e-16 256.05 -18.498 3.2896
256.283 -18.7594 3.29751 0.0155622 256.05 -18.498 3.2896
255.186 -17.9888 3.30793 1.63952e-36 256.05 -18.498 3.2896
255.486 -18.9468 3.30059 1.60391e-13 256.05 -18.498 3.2896
255.762 -19.2626 3.2956 3.63105e-12 256.05 -18.498 3.2896
256.486 -18.6651 3.30831 0.000524886 256.05 -18.498 3.2896
255.798 -19.1451 3.3013 5.67773e-11 256.05 -18.498 3.2896
256.106 -18.8759 3.29875 0.00208012 256.05 -18.498 3.2896
256.553 -19.051 3.29908 3.98124e-08 256.05 -18.498 3.2896
256.099 -18.7119 3.28199 2.03724e-06 256.05 -18.498 3.2896
255.868 -18.6123 3.27671 1.61005e-06 256.05 -18.498 3.2896
256.431 -18.2588 3.28946 1.73456e-06 256.05 -18.498 3.2896
255.975 -18.5864 3.29796 0.0586156 256.05 -18.498 3.2896
255.293 -18.7192 3.30434 4.62321e-21 256.05 -18.498 3.2896
255.589 -18.0092 3.2882 3.18417e-06 256.05 -18.498 3.2896
256.069 -18.5519 3.26378 1.06519e-24 256.05 -18.498 3.2896
256.114 -18.5987 3.30161 0.0238112 256.05 -18.498 3.2896
255.985 -18.7417 3.25805 2.14818e-34 256.05 -18.498 3.2896
255.71 -18.9036 3.29148 4.37164e-05 256.05 -18.498 3.2896
256.059 -18.3791 3.30505 4.58891e-05 256.05 -18.498 3.2896
255.783 -18.7764 3.30974 4.93212e-13 256.05 -18.498 3.2896
255.608 -18.4998 3.30828 8.39797e-16 256.05 -18.498 3.2896
256.388 -19.1066 3.30412 3.06542e-07 256.05 -18.498 3.2896
256.377 -18.8074 3.29491 0.000350258 256.05 -18.498 3.2896
256.329 -18.2456 3.28897 3.42895e-05 256.05 -18.498 3.2896
255.87 -18.7829 3.29499 0.00570959 256.05 -18.498 3.2896
256.235 -18.9111 3.30453 0.00012606 256.05 -18.498 3.2896
256.007 -18.7699 3.29461 0.0301075 256.05 -18.498 3.2896
256.275 -18.6651 3.28812 0.000121266 256.05 -18.498 3.2896
256.208 -19.1297 3.28116 5.95893e-16 256.05 -18.498 3.2896
255.862 -18.6492 3.29519 0.0349551 256.05 -18.498 3.2896
256.182 -18.1023 3.28192 6.88921e-08 256.05 -18.498 3.2896
255.772 -19.032 3.29751 9.84203e-08 256.05 -18.498 3.2896
256.07 -18.4057 3.29163 0.234748 256.05 -18.498 3.2896
256.44 -18.3946 3.29326 0.000290121 256.05 -18.498 3.2896
255.85 -18.3145 3.30338 4.49161e-07 256.05 -18.498 3.2896
255.521 -18.4444 3.28914 0.00106902 256.05 -18.498 3.2896
256.401 -19.5756 3.31059 5.75806e-20 256.05 -18.498 3.2896
256.363 -18.2229 3.29075 3.68694e-05 256.05 -18.498 3.2896
256.212 -18.7308 3.28391 6.82082e-07 256.05 -18.498 3.2896
256.237 -18.6134 3.28202 9.80186e-08 256.05 -18.498 3.2896
255.962 -18.8591 3.29066 0.00181511 256.05 -18.498 3.2896
255.961 -18.7648 3.30074 0.000963017 256.05 -18.498 3.2896
256.464 -18.8873 3.30777 4.99793e-05 256.05 -18.498 3.2896
256.39 -18.6858 3.30188 0.0139802 256.05 -18.498 3.2896
256.376 -18.5722 3.28717 2.80082e-06 256.05 -18.498 3.2896
255.87 -19.0797 3.30036 2.17138e-08 256.05 -18.498 3.2896
255.994 -18.187 3.27657 7.6084e-08 256.05 -18.498 3.2896
256.075 -18.1728 3.29341 0.00534134 256.05 -18.498 3.2896
255.399 -18.9305 3.29346 9.94508e-11 256.05 -18.498 3.2896
256.222 -18.5749 3.28038 1.47205e-08 256.05 -18.498 3.2896
255.74 -18.7682 3.31427 2.24814e-19 256.05 -18.498 3.2896
256.211 -18.5355 3.29611 0.200929 256.05 -18.498 3.2896
255.654 -18.9958 3.27911 2.81636e-09 256.05 -18.498 3.2896
256.09 -18.629 3.28436 0.00035934 256.05 -18.498 3.2896
255.944 -18.1267 3.31225 2.66728e-16 256.05 -18.498 3.2896
256.327 -18.8292 3.30395 0.00144825 256.05 -18.498 3.2896
255.979 -18.8554 3.30574 9.89736e-07 256.05 -18.498 3.2896
255.57 -18.9072 3.28145 7.3377e-07 256.05 -18.498 3.2896
255.961 -18.8478 3.28152 7.19732e-07 256.05 -18.498 3.2896
256.546 -18.8432 3.28255 1.03634e-16 256.05 -18.498 3.2896
255.029 -18.1962 3.28442 3.66634e-12 256.05 -18.498 3.2896
256.173 -19.0412 3.29884 1.2403e-05 256.05 -18.498 3.2896
255.628 -19.2614 3.27668 2.40256e-17 256.05 -18.498 3.2896
255.993 -18.8168 3.3024 0.000164729 256.05 -18.498 3.2896
256.359 -18.2771 3.2888 1.73242e-05 256.05 -18.498 3.2896
255.977 -19.2111 3.28317 1.9655e-13 256.05 -18.498 3.2896
255.832 -18.2422 3.28757 0.0355609 256.05 -18.498 3.2896
256.239 -18.5053 3.31188 3.1661e-07 256.05 -18.498 3.2896
256.586 -18.1183 3.29918 1.8938e-07 256.05 -18.498 3.2896
255.81 -18.0201 3.28623 0.000116277 256.05 -18.498 3.2896
255.865 -18.4592 3.30805 1.09039e-09 256.05 -18.498 3.2896
255.503 -18.9321 3.30073 4.97351e-13 256.05 -18.498 3.2896
256.086 -18.9964 3.30209 1.05788e-05 256.05 -18.498 3.2896
255.877 -18.3179 3.29893 0.000592036 256.05 -18.498 3.2896
255.744 -18.5652 3.29039 0.0703401 256.05 -18.498 3.2896
