144.239 -15.3835 3.35173 0.00583781 144.27 -15.4 3.3445
144.069 -16.0516 3.33047 7.46532e-06 144.27 -15.4 3.3445
144.629 -16.0689 3.37665 9.46741e-19 144.27 -15.4 3.3445
144.476 -15.5691 3.33196 0.00112249 144.27 -15.4 3.3445
144.072 -15.9117 3.34345 0.00016168 144.27 -15.4 3.3445
144.534 -15.8549 3.33398 0.000518477 144.27 -15.4 3.3445
144.01 -15.0109 3.3305 1.29841e-08 144.27 -15.4 3.3445
144.291 -15.5914 3.35105 0.0202087 144.27 -15.4 3.3445
144.264 -15.6687 3.3442 0.0843013 144.27 -15.4 3.3445
143.556 -16.471 3.32177 2.79659e-17 144.27 -15.4 3.3445
144.478 -15.6304 3.33277 0.00227157 144.27 -15.4 3.3445
144.267 -15.8176 3.33528 0.00801161 144.27 -15.4 3.3445
144.155 -15.3398 3.33804 0.00693275 144.27 -15.4 3.3445
144.121 -15.9909 3.32622 3.34168e-06 144.27 -15.4 3.3445
144.736 -15.7544 3.34725 0.0221904 144.27 -15.4 3.3445
144.029 -15.682 3.34114 0.00300585 144.27 -15.4 3.3445
144.086 -15.8296 3.34325 0.00104197 144.27 -15.4 3.3445
144.086 -15.4011 3.34894 0.00088161 144.27 -15.4 3.3445
144.157 -15.9598 3.33856 0.000611358 144.27 -15.4 3.3445
144.215 -15.6275 3.34279 0.0730346 144.27 -15.4 3.3445
144.254 -15.8581 3.34459 0.00620375 144.27 -15.4 3.3445
143.755 -15.78 3.35255 2.76397e-11 144.27 -15.4 3.3445
145.116 -15.057 3.35514 2.37246e-06 144.27 -15.4 3.3445
144.142 -16.324 3.34513 4.55882e-10 144.27 -15.4 3.3445
143.788 -15.5997 3.34466 9.62401e-07 144.27 -15.4 3.3445
144.499 -15.9671 3.337 0.000570311 144.27 -15.4 3.3445
143.804 -16.1644 3.31827 1.98825e-11 144.27 -15.4 3.3445
144.486 -15.9331 3.34299 0.00492581 144.27 -15.4 3.3445
144.265 -16.3676 3.33988 2.13524e-09 144.27 -15.4 3.3445
144.245 -16.161 3.35362 4.19737e-09 144.27 -15.4 3.3445
144.211 -15.9635 3.34909 4.44026e-05 144.27 -15.4 3.3445
143.362 -15.3205 3.33642 4.4261e-14 144.27 -15.4 3.3445
144.292 -15.9129 3.327 1.35119e-05 144.27 -15.4 3.3445
143.938 -15.5249 3.3425 0.000373804 144.27 -15.4 3.3445
144.76 -16.1264 3.34495 2.24656e-06 144.27 -15.4 3.3445
144.197 -16.333 3.34128 3.83153e-09 144.27 -15.4 3.3445
144.145 -15.81 3.33756 0.00654676 144.27 -15.4 3.3445
144.392 -15.0319 3.33318 5.98693e-07 144.27 -15.4 3.3445
143.955 -15.7135 3.34569 6.35947e-05 144.27 -15.4 3.3445
144.381 -15.386 3.35381 0.0207134 144.27 -15.4 3.3445
144.212 -15.4403 3.33467 0.00940706 144.27 -15.4 3.3445
143.713 -15.597 3.32964 1.18017e-06 144.27 -15.4 3.3445
143.878 -15.7579 3.35127 3.37082e-08 144.27 -15.4 3.3445
144.109 -16.0793 3.3358 1.83615e-05 144.27 -15.4 3.3445
144.01 -15.4623 3.33737 0.00243183 144.27 -15.4 3.3445
144.313 -15.545 3.33045 0.0012282 144.27 -15.4 3.3445
144.109 -15.9417 3.32552 4.48592e-06 144.27 -15.4 3.3445
144.016 -15.7499 3.35012 1.29907e-05 144.27 -15.4 3.3445
144.195 -15.6204 3.32973 0.00113576 144.27 -15.4 3.3445
144.209 -15.1753 3.33661 0.000336591 144.27 -15.4 3.3445
144.581 -15.1776 3.3296 6.11879e-08 144.27 -15.4 3.3445
144.446 -16.0311 3.36377 2.42954e-10 144.27 -15.4 3.3445
143.971 -15.4135 3.34149 0.000678241 144.27 -15.4 3.3445
144.088 -16.0385 3.34411 7.93102e-06 144.27 -15.4 3.3445
144.291 -16.4062 3.35329 2.15012e-13 144.27 -15.4 3.3445
144.763 -15.0942 3.3572 0.00102846 144.27 -15.4 3.3445
143.656 -15.8135 3.3342 8.97559e-08 144.27 -15.4 3.3445
145.092 -15.8964 3.35346 1.95753e-06 144.27 -15.4 3.3445
144.103 -15.7461 3.35121 6.80651e-05 144.27 -15.4 3.3445
144.146 -15.5861 3.33169 0.00320444 144.27 -15.4 3.3445
144.629 -15.8267 3.34684 0.0202741 144.27 -15.4 3.3445
144.476 -16.092 3.33438 1.04453e-05 144.27 -15.4 3.3445
144.149 -15.6965 3.33447 0.00955407 144.27 -15.4 3.3445
143.809 -15.3135 3.346 3.14627e-07 144.27 -15.4 3.3445
144.005 -15.3651 3.33517 0.000557768 144.27 -15.4 3.3445
143.967 -16.3089 3.36032 1.1572e-19 144.27 -15.4 3.3445
144.429 -15.706 3.33952 0.090353 144.27 -15.4 3.3445
144.414 -15.1987 3.34814 0.0204529 144.27 -15.4 3.3445
144.553 -15.6131 3.33301 0.000982566 144.27 -15.4 3.3445
143.778 -16.0962 3.34372 2.28492e-10 144.27 -15.4 3.3445
144.276 -15.9562 3.35232 1.86155e-05 144.27 -15.4 3.3445
143.719 -16.1544 3.33165 8.25611e-10 144.27 -15.4 3.3445
144.768 -15.0932 3.34021 8.33023e-06 144.27 -15.4 3.3445
144.113 -15.9366 3.34448 0.000144789 144.27 -15.4 3.3445
144.052 -15.7021 3.35 7.56726e-05 144.27 -15.4 3.3445
144.398 -15.5145 3.34937 0.190757 144.27 -15.4 3.3445
144.149 -15.7607 3.34233 0.0104169 144.27 -15.4 3.3445
144.649 -15.0914 3.33682 4.1906e-06 144.27 -15.4 3.3445
144.273 -15.5681 3.341 0.148072 144.27 -15.4 3.3445
143.876 -16.0172 3.34704 5.66968e-09 144.27 -15.4 3.3445
144.204 -15.4575 3.31201 2.49445e-14 144.27 -15.4 3.3445
144.17 -15.2839 3.34042 0.00600217 144.27 -15.4 3.3445
144.344 -15.9644 3.34886 0.000348102 144.27 -15.4 3.3445
143.864 -15.7308 3.3368 8.0264e-05 144.27 -15.4 3.3445
144.235 -15.8672 3.33955 0.00771826 144.27 -15.4 3.3445
144.176 -15.8239 3.34023 0.00829979 144.27 -15.4 3.3445
144.318 -15.6199 3.3227 5.04751e-07 144.27 -15.4 3.3445
144.864 -16.0927 3.32183 2.90758e-16 144.27 -15.4 3.3445
144.005 -15.6128 3.36261 2.52584e-11 144.27 -15.4 3.3445
143.992 -15.1611 3.33784 2.03814e-05 144.27 -15.4 3.3445
143.869 -15.5643 3.34225 5.5365e-05 144.27 -15.4 3.3445
144.172 -16.0948 3.3302 4.07897e-06 144.27 -15.4 3.3445
144.63 -16.0867 3.34159 2.88917e-05 144.27 -15.4 3.3445
144.107 -15.9358 3.33552 0.000466217 144.27 -15.4 3.3445
144.715 -16.006 3.33734 1.1249e-05 144.27 -15.4 3.3445
144.238 -15.5066 3.35361 0.00221307 144.27 -15.4 3.3445
144.634 -15.5094 3.34465 0.193821 144.27 -15.4 3.3445
144.385 -15.4533 3.32654 6.51391e-06 144.27 -15.4 3.3445
144.211 -15.9805 3.32809 1.49922e-05 144.27 -15.4 3.3445
144.61 -16.0449 3.33895 5.60648e-05 144.27 -15.4 3.3445
