200.431 -10.6077 3.11865 3.88781e-19
200.922 -10.1252 3.09197 5.27404e-05
200.057 -10.8413 3.09513 1.12619e-08
200.402 -10.6507 3.08097 0.0545825
200.495 -10.8619 3.09597 0.00043722
200.794 -10.2634 3.11213 2.01343e-06
200.116 -10.0133 3.11129 1.15053e-18
200.248 -10.481 3.09188 0.00465062
200.355 -10.7403 3.10461 6.05569e-09
200.197 -10.4011 3.06821 4.95463e-08
199.931 -10.5854 3.07372 5.82932e-05
200.222 -10.8993 3.091 6.33887e-05
199.872 -10.2387 3.10658 4.74142e-20
200.008 -10.2303 3.10246 5.08673e-13
200.393 -10.6589 3.11665 2.472e-18
199.951 -10.2431 3.09041 4.4533e-08
200.079 -10.6047 3.11194 2.06087e-20
200.751 -10.4012 3.09161 0.0897007
200.503 -10.0575 3.09892 4.88257e-05
200.077 -10.3762 3.09838 2.18239e-08
200.495 -10.3421 3.10619 4.35386e-06
199.86 -10.6516 3.08566 1.12985e-06
200.554 -10.3144 3.1127 1.69107e-09
199.966 -10.9627 3.09132 1.90749e-09
200.408 -10.702 3.08515 0.143616
200.004 -10.2879 3.11058 7.03428e-20
200.545 -10.6091 3.0992 0.00582757
200.507 -11.2319 3.1013 4.598e-13
200.67 -10.3536 3.12462 1.11735e-18
200.716 -9.71322 3.11141 9.48539e-12
200.975 -10.6821 3.09698 0.00389557
199.716 -10.1395 3.09577 6.10947e-17
200.159 -10.4694 3.08643 0.00507789
200.325 -10.473 3.10848 1.72204e-10
199.876 -10.7461 3.09395 8.64056e-11
200.22 -10.5685 3.09255 0.00152903
200.127 -10.4919 3.08175 0.00463625
200.451 -10.6514 3.08042 0.032296
200.264 -10.5864 3.08701 0.0489642
200.485 -10.6143 3.09802 0.00555773
200.572 -10.3269 3.0866 0.0206379
200.094 -10.8625 3.092 1.37503e-06
200.214 -9.90525 3.08643 3.5253e-09
200.223 -10.9435 3.10387 2.78509e-13
200.71 -10.5472 3.08759 0.0760213
200.931 -10.6306 3.09102 0.00510546
199.585 -11.0773 3.0879 2.3466e-17
199.531 -10.5366 3.11516 1.44341e-44
199.731 -10.5198 3.08393 1.2202e-08
200.208 -10.69 3.11668 2.5145e-23
200.313 -11.007 3.09315 3.43153e-06
199.597 -10.3683 3.08673 1.7708e-13
199.704 -10.9335 3.09515 6.88565e-18
200.063 -10.6238 3.08591 0.000969284
200.068 -11.006 3.08922 2.54306e-07
200.287 -10.655 3.10765 1.08952e-11
200.092 -10.5733 3.07836 0.00301528
200.316 -10.4797 3.09113 0.0274758
200.848 -9.93107 3.10921 5.73134e-07
200.198 -10.2341 3.08404 0.000195962
200.642 -10.6305 3.0915 0.244437
199.506 -10.5961 3.0911 4.25524e-18
200.609 -10.3104 3.08981 0.0452309
199.884 -11.0974 3.09449 3.12114e-15
200.468 -10.6955 3.09283 0.051162
199.933 -10.2393 3.09041 1.92859e-08
200.04 -11.0672 3.10772 1.4717e-23
200.112 -10.5533 3.08288 0.00577637
200.421 -10.3972 3.08703 0.0736063
199.702 -11.0763 3.07322 8.88284e-09
199.958 -11.0031 3.08279 1.78188e-06
200.244 -10.8643 3.11012 1.74156e-17
199.942 -10.5069 3.10362 2.48088e-15
200.344 -10.8633 3.10372 6.26201e-10
199.7 -10.3535 3.09657 1.79491e-16
200.567 -11.1397 3.09684 2.93635e-08
199.767 -10.7663 3.08279 1.05641e-07
200.42 -10.0908 3.09811 3.37404e-05
200.317 -10.9478 3.08186 0.00328061
199.851 -10.6199 3.06543 1.12089e-07
200.647 -10.2548 3.09154 0.0236772
200.25 -10.2063 3.0997 8.37993e-07
200.387 -10.9248 3.10848 4.45055e-14
200.276 -10.9374 3.09159 5.08635e-05
200.389 -10.6034 3.10209 9.08013e-06
199.917 -10.7526 3.09944 6.70325e-14
200.425 -10.9842 3.11989 3.88177e-27
200.684 -10.8454 3.09776 0.000856651
199.791 -10.8109 3.09419 1.76433e-13
200.217 -10.8116 3.09701 7.04322e-07
200.039 -10.8441 3.10699 6.77695e-19
200.178 -10.8208 3.07753 0.004907
200.461 -10.684 3.07446 0.000224417
200.547 -10.2491 3.08884 0.0122777
200.125 -10.5729 3.09357 3.58871e-05
199.995 -10.5263 3.09229 9.91513e-07
200.527 -11.1695 3.11308 1.755e-21
200.295 -11.0458 3.11771 7.59276e-29
200.058 -10.7874 3.10969 1.53129e-20
200.308 -11.3145 3.09372 2.87549e-12
