268.99 -13.3456 3.88797 1.7369e-08
268.132 -12.7985 3.87302 6.2424e-12
268.759 -12.6796 3.85427 5.04773e-05
267.971 -13.1208 3.8578 9.63728e-06
268.245 -12.7122 3.85001 0.0411896
267.89 -13.2517 3.86914 5.14455e-16
268.258 -12.9401 3.87474 7.65776e-10
269.422 -12.7841 3.87329 8.34191e-08
268.48 -13.0971 3.84435 7.0716e-06
268.702 -12.9534 3.85268 0.00041876
268.599 -12.6763 3.87221 0.000136479
268.53 -13.3906 3.84642 3.9738e-09
268.073 -12.9555 3.85568 0.0056213
268.306 -12.8582 3.86411 0.00347938
268.478 -12.5128 3.87374 8.52061e-09
268.199 -12.8482 3.85324 0.116289
268.902 -12.3835 3.86764 1.11628e-07
268.685 -12.9554 3.85716 0.0228477
268.127 -13.1119 3.85323 0.00968384
268.367 -12.4915 3.85571 0.00029403
268.97 -12.8151 3.8551 1.76972e-07
268.943 -13.2542 3.86153 1.37149e-05
268.49 -12.834 3.84072 2.86737e-07
267.973 -12.256 3.84375 1.27417e-08
268.392 -12.6625 3.86528 0.000566946
268.806 -12.7582 3.85916 0.00194944
268.15 -13.1659 3.87469 5.78768e-13
268.174 -12.9419 3.86059 0.00250146
268.743 -13.1692 3.85563 0.000152778
268.162 -13.1435 3.85569 0.00480797
268.088 -13.4556 3.8609 3.05769e-09
268.398 -12.8339 3.84228 5.78269e-05
268.238 -12.5987 3.85031 0.00541329
268.174 -13.1096 3.85291 0.019398
269.231 -13.4411 3.87008 5.73081e-09
268.02 -12.6709 3.86146 3.72714e-07
268.52 -13.2947 3.86736 0.000372945
268.309 -13.0814 3.86321 0.00452325
268.805 -12.8802 3.86236 0.0302572
268.338 -13.1183 3.85913 0.0318437
267.973 -13.3606 3.86893 8.45216e-15
268.507 -12.9408 3.86414 0.136227
268.846 -12.4255 3.85709 2.8465e-08
268.194 -12.5973 3.85727 0.000622577
268.785 -13.2497 3.86239 0.00108416
268.031 -12.7354 3.86315 2.07006e-07
268.749 -12.9879 3.85916 0.0178438
268.967 -13.1311 3.85569 9.80336e-08
269.011 -12.6268 3.87225 0.000158726
268.431 -13.0451 3.86319 0.0567829
268.122 -13.0741 3.86353 1.32567e-05
267.578 -13.7243 3.85986 1.847e-26
268.763 -12.9062 3.87421 0.00917564
268.512 -12.8684 3.8562 0.17113
268.278 -13.4187 3.84173 3.07331e-09
268.809 -12.4047 3.84351 1.41262e-15
268.874 -12.6304 3.8368 2.05424e-21
268.473 -12.7496 3.86038 0.0803766
268.563 -12.2456 3.84465 1.34034e-12
268.263 -12.4162 3.84142 4.286e-07
268.841 -12.7722 3.86472 0.0139702
269.311 -12.4658 3.87136 3.16349e-10
268.211 -13.1581 3.88366 5.62026e-20
268.095 -13.0895 3.86886 2.34337e-09
268.031 -12.9064 3.86273 1.73448e-06
268.011 -13.4406 3.87819 1.9465e-23
269.009 -13.0228 3.86583 0.00174088
268.323 -13.4034 3.83921 6.95417e-11
268.134 -12.5244 3.85013 0.000542425
268.11 -13.1603 3.852 0.00397619
268.238 -13.016 3.86321 0.00133412
268.67 -13.3236 3.85732 5.82007e-05
268.973 -13.0759 3.867 0.00507451
268.645 -13.2218 3.85582 0.000577639
268.622 -13.2875 3.84329 4.7518e-11
268.324 -12.9822 3.87991 1.49515e-12
267.628 -12.7769 3.86741 4.71743e-22
268.828 -13.139 3.86011 0.00111368
268.797 -12.6462 3.8732 0.000395474
268.505 -13.0857 3.85129 0.00456114
269.032 -13.3382 3.86602 3.67064e-06
268.684 -12.8432 3.84422 1.40004e-08
269.027 -12.5729 3.86958 2.10405e-05
268.809 -13.3278 3.84632 2.96801e-13
268.61 -13.1338 3.86961 0.00964989
268.238 -12.7245 3.83261 1.31227e-08
268.809 -13.4999 3.89338 3.8157e-17
268.145 -13.5015 3.84201 7.11462e-10
268.626 -13.3311 3.84686 2.59091e-09
268.389 -12.942 3.84127 1.68678e-05
268.55 -13.4064 3.85751 1.84379e-05
268.093 -12.2943 3.85412 1.05219e-08
268.434 -13.2468 3.84719 1.74691e-05
268.683 -12.9825 3.86764 0.124219
268.987 -12.9021 3.85703 1.43408e-06
268.281 -13.2273 3.86191 0.00047446
268.595 -12.7334 3.8644 0.0378527
268.455 -12.8421 3.84995 0.0174758
268.242 -13.236 3.85822 0.00107905
269.032 -12.6898 3.87133 0.000521482
