-28.7244 -85.2262 2.44463 3.24555e-13 -28.711 -85.15 2.4622
-28.9897 -85.1822 2.45807 0.000147055 -28.711 -85.15 2.4622
-29.0175 -85.2618 2.48343 0.000201207 -28.711 -85.15 2.4622
-28.4597 -85.1697 2.44968 7.20312e-11 -28.711 -85.15 2.4622
-28.1361 -85.6191 2.47002 5.62139e-11 -28.711 -85.15 2.4622
-28.7591 -84.3058 2.46395 6.37686e-06 -28.711 -85.15 2.4622
-28.7531 -85.4975 2.44659 2.33224e-16 -28.711 -85.15 2.4622
-29.0994 -85.181 2.46194 0.000688767 -28.711 -85.15 2.4622
-28.9261 -85.096 2.45949 0.00291905 -28.711 -85.15 2.4622
-28.8121 -85.5411 2.46086 8.55627e-08 -28.711 -85.15 2.4622
-28.1143 -85.5757 2.45408 2.87042e-19 -28.711 -85.15 2.4622
-28.9363 -84.5327 2.4556 0.000435509 -28.711 -85.15 2.4622
-28.7469 -85.1273 2.48128 0.0126087 -28.711 -85.15 2.4622
-28.858 -85.096 2.44727 3.93673e-09 -28.711 -85.15 2.4622
-28.6214 -85.5946 2.47093 1.18819e-05 -28.711 -85.15 2.4622
-28.6083 -85.1446 2.47134 0.0877807 -28.711 -85.15 2.4622
-28.7283 -84.9849 2.46849 0.26818 -28.711 -85.15 2.4622
-28.4603 -85.2696 2.46389 7.88483e-05 -28.711 -85.15 2.4622
-28.6535 -84.8102 2.45682 0.00144883 -28.711 -85.15 2.4622
-29.3611 -84.4357 2.46373 1.12859e-07 -28.711 -85.15 2.4622
-28.8813 -85.1074 2.46403 0.039657 -28.711 -85.15 2.4622
-28.3478 -85.111 2.4732 0.00175584 -28.711 -85.15 2.4622
-28.7417 -84.7376 2.47235 0.0240059 -28.711 -85.15 2.4622
-28.3181 -84.3462 2.46668 1.63245e-08 -28.711 -85.15 2.4622
-28.7599 -85.3967 2.45537 2.2847e-08 -28.711 -85.15 2.4622
-28.0573 -84.5894 2.47595 2.41256e-10 -28.711 -85.15 2.4622
-28.8809 -84.8597 2.45058 1.8155e-05 -28.711 -85.15 2.4622
-28.9855 -84.8893 2.44705 1.73407e-07 -28.711 -85.15 2.4622
-28.5808 -84.5567 2.46722 0.00088388 -28.711 -85.15 2.4622
-28.8476 -84.5114 2.47162 0.000186933 -28.711 -85.15 2.4622
-28.667 -84.9031 2.44916 4.12372e-07 -28.711 -85.15 2.4622
-29.1717 -85.4362 2.45145 4.21179e-12 -28.711 -85.15 2.4622
-28.4704 -85.0608 2.45133 1.35122e-08 -28.711 -85.15 2.4622
-28.505 -84.6915 2.46452 0.00270178 -28.711 -85.15 2.4622
-28.3566 -85.0725 2.46234 5.08578e-05 -28.711 -85.15 2.4622
-28.85 -85.026 2.48623 5.67222e-05 -28.711 -85.15 2.4622
-28.9769 -85.631 2.4701 1.62866e-06 -28.711 -85.15 2.4622
-28.7529 -85.3805 2.46469 0.000342245 -28.711 -85.15 2.4622
-28.5345 -84.8037 2.44558 8.78951e-10 -28.711 -85.15 2.4622
-29.3851 -85.1679 2.47607 1.24364e-06 -28.711 -85.15 2.4622
-28.2278 -84.535 2.45605 6.02537e-09 -28.711 -85.15 2.4622
-28.4226 -85.2833 2.44951 6.54565e-13 -28.711 -85.15 2.4622
-28.5565 -85.3343 2.44575 2.9243e-15 -28.711 -85.15 2.4622
-28.3366 -85.3469 2.46613 4.16129e-06 -28.711 -85.15 2.4622
-28.0984 -85.5942 2.44942 8.20339e-24 -28.711 -85.15 2.4622
-28.7042 -85.5436 2.47346 0.000243208 -28.711 -85.15 2.4622
-28.945 -85.4479 2.46404 2.41653e-05 -28.711 -85.15 2.4622
-29.4796 -85.0268 2.45247 1.18519e-09 -28.711 -85.15 2.4622
-28.9962 -84.6393 2.46235 0.00811979 -28.711 -85.15 2.4622
-29.0181 -84.9343 2.46529 0.0604628 -28.711 -85.15 2.4622
-28.3691 -85.023 2.46357 0.000240138 -28.711 -85.15 2.4622
-28.9297 -85.125 2.45799 0.000573045 -28.711 -85.15 2.4622
-28.9641 -85.6705 2.4477 4.9799e-19 -28.711 -85.15 2.4622
-28.305 -85.5112 2.47265 1.34181e-06 -28.711 -85.15 2.4622
-28.5766 -85.4243 2.46706 0.000122201 -28.711 -85.15 2.4622
-28.7269 -85.3346 2.44967 4.16988e-11 -28.711 -85.15 2.4622
-28.7169 -85.2207 2.44314 2.15702e-14 -28.711 -85.15 2.4622
-28.6623 -85.4321 2.46887 0.000640322 -28.711 -85.15 2.4622
-28.0875 -85.099 2.44444 7.172e-20 -28.711 -85.15 2.4622
-28.1442 -84.8094 2.45053 2.59785e-12 -28.711 -85.15 2.4622
-28.6346 -85.2167 2.43723 2.2465e-20 -28.711 -85.15 2.4622
-28.9347 -84.8099 2.45945 0.018869 -28.711 -85.15 2.4622
-28.626 -85.1391 2.46585 0.0250423 -28.711 -85.15 2.4622
-28.9247 -84.6052 2.46041 0.00612864 -28.711 -85.15 2.4622
-29.1373 -84.8525 2.45307 4.29068e-05 -28.711 -85.15 2.4622
-27.9742 -85.3347 2.45307 1.06786e-18 -28.711 -85.15 2.4622
-29.1128 -85.3993 2.45819 1.34263e-07 -28.711 -85.15 2.4622
-28.4755 -84.5608 2.45168 4.04027e-07 -28.711 -85.15 2.4622
-28.8632 -85.57 2.47975 0.000121727 -28.711 -85.15 2.4622
-28.2049 -84.99 2.48795 3.31651e-08 -28.711 -85.15 2.4622
-28.9556 -85.0423 2.48183 0.00109528 -28.711 -85.15 2.4622
-28.4687 -85.2413 2.45829 1.14003e-06 -28.711 -85.15 2.4622
-28.8908 -84.9883 2.44357 1.67736e-10 -28.711 -85.15 2.4622
-28.6466 -85.4837 2.45675 1.941e-09 -28.711 -85.15 2.4622
-28.8156 -84.8148 2.45305 0.000243778 -28.711 -85.15 2.4622
-28.514 -84.8987 2.45791 0.000284451 -28.711 -85.15 2.4622
-28.735 -85.4235 2.45684 4.78885e-08 -28.711 -85.15 2.4622
-28.8598 -85.0807 2.46484 0.0770672 -28.711 -85.15 2.4622
-28.0459 -85.0621 2.45839 2.69982e-11 -28.711 -85.15 2.4622
-28.904 -84.7101 2.44927 1.08656e-05 -28.711 -85.15 2.4622
-28.8919 -85.2039 2.47011 0.0705174 -28.711 -85.15 2.4622
-28.6088 -85.5175 2.45252 5.62453e-13 -28.711 -85.15 2.4622
-28.8706 -85.5356 2.46018 5.24339e-08 -28.711 -85.15 2.4622
-28.9046 -85.115 2.46518 0.0526199 -28.711 -85.15 2.4622
-29.0316 -84.7618 2.46526 0.0252766 -28.711 -85.15 2.4622
-28.4402 -84.6249 2.47289 0.000109067 -28.711 -85.15 2.4622
-27.7086 -85.3438 2.46351 3.88181e-19 -28.711 -85.15 2.4622
-28.7158 -85.0646 2.44845 1.63485e-08 -28.711 -85.15 2.4622
-28.3633 -85.1329 2.46693 0.000451926 -28.711 -85.15 2.4622
-28.8367 -84.9092 2.45608 0.00194819 -28.711 -85.15 2.4622
-29.2083 -84.466 2.46804 2.62637e-06 -28.711 -85.15 2.4622
-27.7103 -85.2361 2.47345 3.91443e-15 -28.711 -85.15 2.4622
-28.3061 -85.018 2.46026 4.49306e-06 -28.711 -85.15 2.4622
-28.629 -85.473 2.4659 2.56565e-05 -28.711 -85.15 2.4622
-28.4529 -85.2311 2.46121 1.72162e-05 -28.711 -85.15 2.4622
-28.8798 -85.1404 2.46461 0.0345608 -28.711 -85.15 2.4622
-28.7566 -84.7357 2.47439 0.00968335 -28.711 -85.15 2.4622
-28.2121 -85.1009 2.46888 1.81107e-05 -28.711 -85.15 2.4622
-28.4741 -85.2183 2.44039 6.12132e-19 -28.711 -85.15 2.4622
-28.6455 -84.9464 2.46848 0.161256 -28.711 -85.15 2.4622
