190.68 24.052 0.0698021 8.60684e-06 190.91 24.314 0.073924
190.62 24.8292 0.0622478 2.57134e-16 190.91 24.314 0.073924
190.794 24.3506 0.0819239 0.000557715 190.91 24.314 0.073924
190.737 24.4456 0.0845729 6.93901e-06 190.91 24.314 0.073924
191.015 24.4803 0.0604695 3.31259e-05 190.91 24.314 0.073924
190.878 24.6791 0.0789045 5.98674e-06 190.91 24.314 0.073924
191.031 24.1953 0.0826436 0.004103 190.91 24.314 0.073924
190.567 23.7807 0.0528172 1.17341e-21 190.91 24.314 0.073924
190.631 24.4038 0.0857474 2.64724e-07 190.91 24.314 0.073924
191.09 24.6184 0.0700442 0.00114359 190.91 24.314 0.073924
190.958 24.3988 0.0634653 0.000942509 190.91 24.314 0.073924
190.83 24.6306 0.0728128 2.48017e-05 190.91 24.314 0.073924
190.841 24.3253 0.0815933 0.00201257 190.91 24.314 0.073924
190.708 24.1937 0.0762631 0.000528782 190.91 24.314 0.073924
190.875 24.346 0.0681838 0.00736101 190.91 24.314 0.073924
190.847 23.8373 0.0726666 1.84586e-05 190.91 24.314 0.073924
191.083 24.448 0.0662573 0.0227679 190.91 24.314 0.073924
191.209 24.6295 0.0722088 0.000761635 190.91 24.314 0.073924
191.267 24.2525 0.0617113 0.0149313 190.91 24.314 0.073924
191.571 23.8486 0.0696147 2.9729e-07 190.91 24.314 0.073924
190.933 24.126 0.0791028 0.0192451 190.91 24.314 0.073924
190.551 24.1468 0.0649168 8.04712e-10 190.91 24.314 0.073924
190.764 24.2773 0.0964771 3.22369e-12 190.91 24.314 0.073924
190.473 23.9469 0.0817203 1.84475e-10 190.91 24.314 0.073924
191.374 23.8939 0.0601217 1.39495e-05 190.91 24.314 0.073924
191.46 23.7912 0.0763236 5.12426e-08 190.91 24.314 0.073924
190.725 24.0869 0.0702363 0.000109959 190.91 24.314 0.073924
190.944 24.4803 0.0711986 0.0130839 190.91 24.314 0.073924
191.35 24.3911 0.0608896 0.00145923 190.91 24.314 0.073924
190.651 24.3532 0.075497 4.69647e-05 190.91 24.314 0.073924
191.182 24.217 0.0636262 0.0617487 190.91 24.314 0.073924
190.956 23.723 0.0790027 2.08058e-07 190.91 24.314 0.073924
191.733 24.1076 0.0671835 1.774e-07 190.91 24.314 0.073924
191.143 24.0745 0.078623 0.0183904 190.91 24.314 0.073924
191.019 23.9281 0.0703733 0.00507214 190.91 24.314 0.073924
190.529 24.7154 0.0585061 7.65669e-19 190.91 24.314 0.073924
190.889 24.7236 0.050371 8.64786e-18 190.91 24.314 0.073924
191.096 25.1563 0.0795979 8.18059e-18 190.91 24.314 0.073924
191.054 24.0223 0.0579349 9.21692e-06 190.91 24.314 0.073924
191.129 24.7234 0.0553543 7.48683e-11 190.91 24.314 0.073924
190.791 24.5054 0.0805005 0.000107166 190.91 24.314 0.073924
191.472 24.5405 0.0636694 4.67673e-05 190.91 24.314 0.073924
190.528 25.0072 0.0796383 3.07701e-18 190.91 24.314 0.073924
190.806 24.4854 0.055832 4.85366e-11 190.91 24.314 0.073924
191.188 24.2151 0.0778782 0.0744559 190.91 24.314 0.073924
190.852 24.3839 0.0863345 2.25014e-05 190.91 24.314 0.073924
190.631 24.0313 0.0784177 3.47371e-06 190.91 24.314 0.073924
190.384 24.4506 0.0761844 1.87127e-11 190.91 24.314 0.073924
191.154 24.6007 0.063635 0.000135615 190.91 24.314 0.073924
191.052 24.1111 0.085281 0.000105504 190.91 24.314 0.073924
190.99 24.4254 0.0662999 0.0102834 190.91 24.314 0.073924
190.637 24.3672 0.0884854 3.4142e-08 190.91 24.314 0.073924
190.908 24.5564 0.0694133 0.000555051 190.91 24.314 0.073924
191.029 23.8911 0.0647332 0.000187132 190.91 24.314 0.073924
190.458 24.1927 0.072637 2.44965e-09 190.91 24.314 0.073924
191.556 24.3116 0.0735313 8.35802e-05 190.91 24.314 0.073924
190.176 24.8255 0.0578688 3.76586e-34 190.91 24.314 0.073924
191.028 24.7758 0.0879243 7.94033e-11 190.91 24.314 0.073924
191.061 24.563 0.0674828 0.00218251 190.91 24.314 0.073924
190.888 23.8668 0.0629931 9.20256e-07 190.91 24.314 0.073924
191.133 24.8819 0.0851764 4.78326e-12 190.91 24.314 0.073924
190.361 24.0048 0.0544975 5.46398e-24 190.91 24.314 0.073924
190.951 24.2439 0.0565855 6.77931e-07 190.91 24.314 0.073924
190.73 24.4988 0.0948775 3.93311e-12 190.91 24.314 0.073924
190.904 24.0001 0.0622574 2.44176e-05 190.91 24.314 0.073924
190.638 24.4391 0.0812872 3.33806e-06 190.91 24.314 0.073924
191.395 23.8851 0.0775065 4.65213e-06 190.91 24.314 0.073924
190.995 24.1545 0.077441 0.0974117 190.91 24.314 0.073924
191.082 23.9716 0.0792939 0.00194455 190.91 24.314 0.073924
190.952 24.01 0.0626482 0.000152488 190.91 24.314 0.073924
190.477 24.4435 0.0747657 3.2767e-09 190.91 24.314 0.073924
190.908 23.3337 0.0724068 1.07317e-17 190.91 24.314 0.073924
191.266 24.4787 0.08197 7.25202e-05 190.91 24.314 0.073924
191.506 23.7449 0.0656612 5.57365e-08 190.91 24.314 0.073924
191.218 23.6868 0.0830853 2.81166e-10 190.91 24.314 0.073924
191.258 24.5666 0.0715467 0.0037285 190.91 24.314 0.073924
190.274 23.8457 0.0966281 1.35072e-22 190.91 24.314 0.073924
191.275 24.3384 0.0575134 0.000151328 190.91 24.314 0.073924
190.704 25.0718 0.0817477 1.30677e-17 190.91 24.314 0.073924
190.725 24.2421 0.0743148 0.00100716 190.91 24.314 0.073924
191.327 24.2662 0.0587197 0.000774852 190.91 24.314 0.073924
191.387 24.3889 0.0824241 6.9915e-06 190.91 24.314 0.073924
190.909 24.4003 0.0792257 0.0102317 190.91 24.314 0.073924
191.088 24.1214 0.0698496 0.331611 190.91 24.314 0.073924
190.687 24.4077 0.0786595 6.9623e-05 190.91 24.314 0.073924
190.985 24.1985 0.0772612 0.129678 190.91 24.314 0.073924
190.663 24.1087 0.0716106 2.19469e-05 190.91 24.314 0.073924
190.892 24.0233 0.0623783 3.06729e-05 190.91 24.314 0.073924
191.098 24.4369 0.0686514 0.0863749 190.91 24.314 0.073924
190.583 24.1311 0.065494 8.00405e-09 190.91 24.314 0.073924
190.893 24.2411 0.0721314 0.0733643 190.91 24.314 0.073924
190.496 23.7955 0.0653039 1.30893e-14 190.91 24.314 0.073924
190.675 24.5683 0.0649139 5.13133e-09 190.91 24.314 0.073924
190.993 24.6228 0.0840049 3.36067e-06 190.91 24.314 0.073924
190.664 24.7096 0.0853126 3.10372e-10 190.91 24.314 0.073924
190.776 24.3946 0.0874588 1.90835e-06 190.91 24.314 0.073924
190.767 24.4093 0.0784664 0.000771033 190.91 24.314 0.073924
190.78 24.206 0.0588291 4.03467e-08 190.91 24.314 0.073924
190.596 23.9483 0.0681927 7.19201e-09 190.91 24.314 0.073924
190.557 24.5286 0.0832127 1.02239e-08 190.91 24.314 0.073924
