102.15 18.4566 0.0438712 2.62107e-20 102.64 18.4 0.069218
102.036 18.4798 0.0584135 1.24805e-10 102.64 18.4 0.069218
102.557 18.3611 0.0819105 0.000832819 102.64 18.4 0.069218
102.544 18.5408 0.0585307 0.00158349 102.64 18.4 0.069218
102.081 18.7377 0.0722567 1.02917e-06 102.64 18.4 0.069218
102.504 18.3468 0.0636793 0.0162258 102.64 18.4 0.069218
102.893 18.9056 0.0535669 1.76777e-06 102.64 18.4 0.069218
102.808 18.6055 0.0831548 1.57454e-06 102.64 18.4 0.069218
102.141 18.0263 0.0462081 5.86692e-23 102.64 18.4 0.069218
102.928 18.4503 0.0734538 0.0063463 102.64 18.4 0.069218
102.517 18.505 0.0680058 0.19592 102.64 18.4 0.069218
102.715 18.0086 0.0654415 0.000106044 102.64 18.4 0.069218
102.692 18.7497 0.0436821 3.35679e-12 102.64 18.4 0.069218
102.986 19.2328 0.0640122 2.62828e-10 102.64 18.4 0.069218
102.172 18.7131 0.0564428 2.12621e-09 102.64 18.4 0.069218
102.009 18.6278 0.0911325 5.90717e-13 102.64 18.4 0.069218
102.832 18.5792 0.057262 0.00253083 102.64 18.4 0.069218
102.496 18.046 0.0871511 1.40493e-07 102.64 18.4 0.069218
102.66 18.1585 0.0618248 0.000726108 102.64 18.4 0.069218
103.372 18.8415 0.0676843 3.11335e-10 102.64 18.4 0.069218
102.808 18.2728 0.0579024 0.000366905 102.64 18.4 0.069218
102.384 18.9768 0.0627827 1.92827e-06 102.64 18.4 0.069218
102.544 17.951 0.0596905 4.88249e-08 102.64 18.4 0.069218
102.956 18.6311 0.0503223 8.5691e-07 102.64 18.4 0.069218
102.84 18.2224 0.0569378 4.71667e-05 102.64 18.4 0.069218
102.814 18.5149 0.0640496 0.119908 102.64 18.4 0.069218
103.738 18.5683 0.0721101 1.43049e-19 102.64 18.4 0.069218
102.415 18.2331 0.0730315 0.0161852 102.64 18.4 0.069218
103.325 18.3156 0.0640505 1.53748e-07 102.64 18.4 0.069218
102.375 18.2596 0.0726703 0.013016 102.64 18.4 0.069218
102.359 18.7364 0.0616268 0.000125297 102.64 18.4 0.069218
102.94 18.0647 0.0681603 0.000121064 102.64 18.4 0.069218
102.436 18.5422 0.0424519 3.92757e-16 102.64 18.4 0.069218
103.034 18.7465 0.0586439 0.000191443 102.64 18.4 0.069218
102.34 17.9639 0.0659986 5.92549e-07 102.64 18.4 0.069218
102.6 18.5586 0.0722513 0.181338 102.64 18.4 0.069218
102.684 18.4424 0.0495781 6.16191e-08 102.64 18.4 0.069218
102.543 18.2216 0.0528921 2.87211e-08 102.64 18.4 0.069218
103.103 18.3868 0.0728845 7.14861e-05 102.64 18.4 0.069218
102.998 18.4658 0.0649634 0.0111285 102.64 18.4 0.069218
103.142 18.5266 0.0483637 5.16811e-09 102.64 18.4 0.069218
102.727 18.158 0.0655648 0.00646297 102.64 18.4 0.069218
102.517 18.7521 0.0557768 1.76256e-05 102.64 18.4 0.069218
102.787 18.4298 0.0430904 8.42815e-13 102.64 18.4 0.069218
102.758 18.1483 0.071702 0.00914986 102.64 18.4 0.069218
102.949 18.825 0.0551844 2.1863e-05 102.64 18.4 0.069218
102.495 18.7247 0.0527967 4.08382e-07 102.64 18.4 0.069218
102.236 18.7121 0.0645212 3.51789e-05 102.64 18.4 0.069218
102.433 18.5365 0.0797002 0.00197471 102.64 18.4 0.069218
102.962 18.3975 0.0686202 0.0161052 102.64 18.4 0.069218
102.313 18.5598 0.077478 0.0016146 102.64 18.4 0.069218
102.615 17.9702 0.0578414 2.86454e-08 102.64 18.4 0.069218
103.154 17.9618 0.0589686 8.75746e-10 102.64 18.4 0.069218
102.1 18.3684 0.0591667 2.60027e-09 102.64 18.4 0.069218
102.99 18.6529 0.0736981 0.000250072 102.64 18.4 0.069218
102.634 18.1312 0.0810114 0.000182211 102.64 18.4 0.069218
102.778 18.5493 0.0498117 4.44128e-07 102.64 18.4 0.069218
102.684 18.2852 0.0682058 0.12776 102.64 18.4 0.069218
102.977 18.3712 0.0580147 0.000452173 102.64 18.4 0.069218
103.074 18.5186 0.0730686 0.0001378 102.64 18.4 0.069218
102.469 18.1335 0.0711941 0.00526603 102.64 18.4 0.069218
102.616 17.9562 0.0587469 4.83916e-08 102.64 18.4 0.069218
102.994 19.054 0.0611567 4.55238e-07 102.64 18.4 0.069218
102.557 18.5931 0.0638276 0.0593089 102.64 18.4 0.069218
102.891 19.0452 0.0736393 4.45035e-08 102.64 18.4 0.069218
102.89 18.32 0.0543093 1.51332e-05 102.64 18.4 0.069218
102.957 18.5091 0.0449507 1.42924e-10 102.64 18.4 0.069218
102.945 18.4141 0.064252 0.0211392 102.64 18.4 0.069218
101.93 18.3076 0.0476092 6.35256e-23 102.64 18.4 0.069218
102.722 18.8027 0.066117 0.011328 102.64 18.4 0.069218
102.862 17.98 0.0561811 1.16124e-08 102.64 18.4 0.069218
102.889 18.4362 0.07797 0.000531023 102.64 18.4 0.069218
102.902 18.8035 0.0600053 0.00091556 102.64 18.4 0.069218
102.812 18.0314 0.0401138 1.00519e-20 102.64 18.4 0.069218
102.326 18.1848 0.0560265 5.86437e-09 102.64 18.4 0.069218
103.015 17.8983 0.0569278 1.91216e-10 102.64 18.4 0.069218
102.521 18.7548 0.0589171 0.000345335 102.64 18.4 0.069218
102.915 18.6278 0.0428081 5.1523e-12 102.64 18.4 0.069218
102.798 18.7012 0.0840287 8.24409e-08 102.64 18.4 0.069218
103.266 18.9133 0.0677339 4.46502e-09 102.64 18.4 0.069218
102.942 18.487 0.063689 0.0252732 102.64 18.4 0.069218
102.539 18.7649 0.0672046 0.0143551 102.64 18.4 0.069218
102.364 18.8201 0.0509437 2.49195e-10 102.64 18.4 0.069218
102.019 18.2492 0.0553491 2.56788e-14 102.64 18.4 0.069218
102.338 18.099 0.0758038 0.000369502 102.64 18.4 0.069218
102.671 18.4575 0.0602783 0.0187905 102.64 18.4 0.069218
102.197 18.5639 0.0781978 0.000101145 102.64 18.4 0.069218
102.636 18.2876 0.0657568 0.0679776 102.64 18.4 0.069218
103.371 18.4455 0.07977 5.04527e-13 102.64 18.4 0.069218
103.266 18.701 0.069163 2.31046e-07 102.64 18.4 0.069218
102.566 18.5952 0.0596405 0.00495958 102.64 18.4 0.069218
102.728 18.7688 0.0657921 0.0214395 102.64 18.4 0.069218
102.315 19.0605 0.0692497 7.49148e-08 102.64 18.4 0.069218
103.187 18.4862 0.0796092 4.3234e-09 102.64 18.4 0.069218
103.01 18.3157 0.0768494 5.04012e-05 102.64 18.4 0.069218
103.082 18.9958 0.0516968 4.83613e-09 102.64 18.4 0.069218
101.998 18.4822 0.0790672 3.32781e-07 102.64 18.4 0.069218
103.346 18.3779 0.0701141 2.15844e-08 102.64 18.4 0.069218
102.918 18.3717 0.0418996 5.11584e-14 102.64 18.4 0.069218
102.834 18.7449 0.0661064 0.0168884 102.64 18.4 0.069218
