-2.07766 -95.7967 3.11972 0.000197367
-2.3843 -95.9302 3.0945 0.00480978
-1.9775 -96.2069 3.08432 7.16409e-08
-2.06721 -95.4733 3.10938 0.0570074
-2.69019 -96.635 3.11044 7.07307e-17
-1.5597 -95.4187 3.12146 4.4136e-05
-1.95198 -96.2321 3.10856 1.06966e-05
-2.17026 -95.8219 3.09659 0.0411201
-2.2465 -96.0134 3.0906 0.000916527
-2.58496 -96.0433 3.10398 1.33527e-05
-1.66891 -95.798 3.10874 0.00192872
-2.75639 -95.2578 3.11108 1.75308e-08
-2.20979 -95.8391 3.07873 2.72266e-06
-2.10818 -95.2673 3.11846 0.000201263
-1.91841 -95.9242 3.1131 0.00193054
-1.62305 -95.7114 3.12354 2.42265e-05
-2.2847 -95.4415 3.09118 0.00525031
-1.73318 -96.1171 3.10562 3.52249e-05
-1.66285 -95.7697 3.10884 0.0022056
-2.27168 -95.4546 3.10242 0.0499632
-2.05128 -95.803 3.09236 0.00717613
-1.59728 -95.2517 3.09239 5.89093e-08
-1.72911 -96.0731 3.0851 8.98284e-09
-2.13126 -95.1382 3.10871 0.000708713
-1.80262 -96.5766 3.1155 1.19853e-12
-1.3679 -96.2374 3.10994 5.47345e-10
-2.06462 -95.5477 3.09198 0.00782202
-1.90189 -95.5031 3.10607 0.0581971
-1.44929 -95.6177 3.09397 7.03624e-08
-2.37254 -95.9707 3.09873 0.00377607
-1.4224 -96.2984 3.09316 1.70609e-12
-1.87498 -95.7715 3.10608 0.0329393
-2.04299 -95.3652 3.09837 0.0155391
-2.14211 -95.5447 3.09115 0.00864656
-2.29444 -96.1017 3.10574 0.000217603
-1.72755 -95.8174 3.11316 0.00200773
-1.79748 -95.6546 3.0925 0.000334874
-1.99565 -95.5901 3.11528 0.0125312
-1.99913 -95.242 3.09591 0.000763811
-1.30737 -95.5006 3.08303 1.82942e-15
-1.91182 -95.8288 3.08393 3.80292e-06
-2.64189 -95.4444 3.10387 0.000111737
-1.59571 -96.3106 3.10798 1.62024e-08
-1.59762 -95.4863 3.10577 0.000675776
-1.8437 -95.5704 3.10716 0.0437319
-2.1083 -95.5116 3.09886 0.0816999
-1.67073 -95.9001 3.09329 8.7984e-06
-2.09029 -95.8494 3.09639 0.0252013
-2.09849 -95.8411 3.10706 0.0336445
-2.30859 -96.027 3.09862 0.00254078
-1.91537 -96.4343 3.10279 2.85059e-08
-1.408 -96.4287 3.11503 1.49269e-12
-2.27657 -96.1436 3.1122 5.96072e-06
-2.11745 -95.7293 3.10291 0.124111
-1.90508 -95.7966 3.10216 0.0299116
-1.72732 -96.0112 3.10444 0.000255124
-1.44505 -95.8572 3.10328 2.93279e-06
-2.0427 -95.7762 3.10002 0.0697937
-2.01655 -95.8394 3.09543 0.0130878
-1.59496 -95.6908 3.10343 0.000470343
-1.99303 -96.2423 3.1053 1.7798e-05
-1.64375 -96.0761 3.10144 9.55204e-06
-1.72113 -95.8948 3.10354 0.00118694
-2.22085 -95.1893 3.08547 3.16423e-06
-1.55714 -95.1922 3.09771 2.43781e-07
-2.51524 -95.6314 3.10229 0.00469823
-1.88499 -95.8563 3.11299 0.00454673
-1.64943 -95.7019 3.09305 1.54773e-05
-2.31781 -95.8934 3.12567 6.76384e-09
-1.97033 -95.3661 3.12041 0.000431685
-1.84641 -95.5596 3.10494 0.0410368
-1.94933 -95.0825 3.10688 0.000225739
-1.50813 -96.5895 3.094 1.9625e-15
-1.836 -95.534 3.10268 0.0251877
-1.81119 -95.3037 3.09377 5.64291e-05
-2.13341 -95.4083 3.10346 0.059214
-1.31612 -96.1665 3.10302 1.91865e-10
-2.56034 -95.0861 3.12209 8.55808e-11
-1.16996 -95.6162 3.10053 1.26092e-10
-1.96237 -95.7219 3.11572 0.00644936
-2.45406 -95.5583 3.10978 0.0011483
-2.60501 -96.0494 3.11475 9.73262e-09
-1.72205 -95.6824 3.10677 0.00880612
-1.85378 -95.5958 3.0997 0.0188181
-1.7356 -95.0984 3.1112 5.29133e-05
-2.10693 -95.6502 3.09442 0.0371309
-2.17951 -96.2355 3.10675 1.35513e-05
-2.22373 -95.5534 3.12393 4.4905e-06
-1.74412 -95.4083 3.11378 0.00396444
-2.34071 -95.8408 3.10249 0.0177882
-1.60527 -95.8236 3.11266 0.000372507
-2.39029 -95.8571 3.11909 1.50563e-06
-2.3325 -96.2381 3.11343 9.67255e-08
-2.50961 -95.7702 3.10042 0.00455839
-1.77919 -95.5438 3.09869 0.00377837
-2.34441 -96.2411 3.11499 2.41628e-08
-1.66295 -95.2327 3.0856 5.9191e-10
-2.14589 -95.9376 3.10647 0.00986952
-2.40073 -95.8396 3.10252 0.00903438
-1.94472 -95.9067 3.07739 7.3809e-09
