-27.0533 -12.518 0.89111 5.08608e-33
-25.7331 -12.7011 0.876661 0.000538327
-26.2084 -13.1546 0.878559 0.0204041
-26.1578 -12.9656 0.893953 3.54392e-05
-25.3894 -13.1614 0.892003 8.20108e-10
-26.4633 -12.6366 0.859208 1.59322e-11
-26.3524 -12.8495 0.862391 6.77543e-09
-26.5413 -12.6387 0.871378 1.23642e-08
-26.0397 -12.8612 0.872827 0.0461295
-26.297 -12.7126 0.886182 2.52409e-06
-26.5539 -12.5362 0.888548 1.79048e-15
-25.3485 -13.1414 0.874725 3.65998e-11
-25.754 -13.5348 0.866277 6.39461e-18
-25.4822 -12.9945 0.896126 3.16033e-11
-25.4809 -12.7909 0.870087 4.57441e-08
-25.8104 -12.8949 0.881477 0.032676
-25.6052 -13.0206 0.887054 7.60145e-05
-26.7581 -13.04 0.888056 2.46885e-12
-25.7386 -12.8573 0.875723 0.00533506
-26.3477 -12.831 0.876373 0.000813291
-25.9521 -12.9512 0.872183 0.018955
-26.072 -13.4882 0.881632 0.000115841
-26.5552 -12.8041 0.875856 1.65927e-07
-26.3575 -12.2836 0.876034 6.56787e-12
-25.7077 -12.8238 0.879418 0.00174104
-26.428 -12.8523 0.860438 2.02483e-11
-25.9773 -13.1799 0.884293 0.436952
-26.3963 -12.8491 0.886618 8.72276e-06
-26.3535 -13.1451 0.875255 7.37764e-05
-26.3032 -13.0702 0.890197 0.00104254
-26.1978 -12.7825 0.875081 0.0132306
-25.7146 -12.9367 0.879592 0.00739246
-25.333 -13.3307 0.868402 4.65002e-18
-26.2036 -12.9536 0.865219 1.92824e-06
-26.1069 -13.2204 0.883883 0.217459
-26.1905 -13.0746 0.88782 0.0453992
-26.3279 -12.8643 0.868442 1.93079e-05
-25.9587 -13.5285 0.871071 4.88525e-12
-26.1777 -12.8844 0.870251 0.00222688
-26.0002 -13.5268 0.881386 2.22454e-05
-26.3951 -12.4329 0.886556 4.45391e-14
-25.927 -12.5751 0.877447 0.000270646
-26.159 -12.9888 0.888372 0.0149795
-26.17 -13.1332 0.877668 0.0310084
-25.7449 -13.2205 0.871136 9.29157e-07
-26.2972 -12.8468 0.873436 0.00154121
-26.1009 -12.7 0.87353 0.0112758
-25.6935 -12.7621 0.874054 0.000508714
-26.4363 -12.4619 0.874078 7.35227e-09
-26.4166 -13.1909 0.876831 1.25745e-05
-25.9357 -11.8322 0.863254 1.74192e-18
-26.3197 -12.8621 0.879503 0.00276489
-25.7806 -12.8565 0.860964 2.03852e-08
-25.1508 -13.312 0.864504 2.9635e-26
-26.4427 -12.677 0.881369 3.59963e-07
-25.7515 -13.8654 0.886405 3.77143e-12
-26.2238 -12.9635 0.884397 0.0302757
-25.6575 -12.6989 0.880847 1.2957e-05
-25.896 -12.7666 0.860431 2.43509e-07
-26.2262 -13.3978 0.881748 0.000448638
-25.7622 -12.709 0.871295 0.000743605
-25.5026 -13.0821 0.885084 4.0926e-06
-26.2518 -13.5057 0.888872 0.000386546
-26.0956 -12.797 0.883664 0.00815877
-26.1032 -12.7169 0.89825 3.68104e-13
-25.6527 -13.2023 0.870613 6.94082e-08
-26.4375 -12.6259 0.885022 2.79289e-09
-26.4116 -12.9506 0.885048 0.000122889
-26.2176 -12.7945 0.876705 0.0127215
-26.5555 -12.9393 0.87611 3.60899e-07
-26.1202 -12.6433 0.882931 7.3372e-05
-26.5228 -13.1943 0.878093 3.92838e-07
-26.6583 -12.5234 0.87857 2.34155e-13
-25.959 -13.3976 0.872018 3.86867e-08
-26.2793 -13.1974 0.883259 0.0158646
-25.6622 -13.0107 0.869944 6.62398e-06
-26.5122 -12.3136 0.869755 2.53465e-12
-26.1722 -12.507 0.876678 1.38491e-05
-26.3471 -12.4827 0.875864 1.6463e-07
-25.7973 -13.2099 0.870012 8.55473e-07
-26.0552 -12.7413 0.866226 0.000436524
-26.0255 -12.7704 0.86689 0.000818272
-26.2783 -12.87 0.873968 0.00327674
-26.703 -12.8547 0.870783 6.0904e-12
-26.0684 -13.6367 0.90737 5.61007e-08
-26.159 -12.4446 0.8707 1.02411e-05
-26.9602 -13.0178 0.882409 2.80937e-18
-26.1598 -12.594 0.87766 0.000238269
-25.785 -12.9628 0.891955 7.35603e-05
-26.388 -12.9992 0.885005 0.000539237
-25.847 -13.2523 0.878892 0.00660279
-25.9029 -12.9759 0.871262 0.00485249
-25.7821 -13.2653 0.894929 0.000764538
-26.6141 -12.8341 0.862964 2.65782e-13
-26.2131 -13.4876 0.872086 6.27821e-11
-25.8906 -13.462 0.857861 1.607e-24
-25.3371 -12.9752 0.870893 1.27516e-11
-25.7959 -12.8724 0.869208 0.000538249
-25.345 -13.1804 0.901175 2.62114e-15
-26.445 -12.9711 0.859484 5.76097e-14
