192.751 24.5461 0.0757604 8.3327e-10
192.425 24.6808 0.0750684 7.2809e-10
192.784 24.8295 0.0709263 0.000803622
192.869 25.0753 0.0679279 0.106154
192.463 25.1458 0.0806593 7.60487e-05
192.792 24.8051 0.0636861 2.99054e-05
192.98 25.3205 0.072749 0.0604379
192.645 25.3274 0.0722232 0.0101716
192.934 25.3231 0.089528 1.36919e-08
192.933 25.1076 0.0722143 0.176882
193.348 25.0309 0.0791729 7.68051e-09
192.606 25.0571 0.0787746 0.00209258
192.245 25.0968 0.0634167 1.44307e-12
192.892 25.1611 0.0750583 0.131559
193.3 25.1204 0.0805063 3.90896e-08
193.17 25.0242 0.0847071 7.29728e-09
192.876 25.0117 0.0580828 4.08476e-05
193.041 25.0764 0.0655498 0.0353864
193.309 24.9402 0.0631384 1.64071e-05
193.13 24.873 0.0775406 6.17785e-06
192.806 25.1914 0.0673568 0.0750143
192.802 24.9818 0.0542486 3.32845e-08
192.677 25.1005 0.0627707 0.000238966
192.415 24.8677 0.0617994 9.92549e-11
193.088 25.4879 0.0680999 0.000538294
193.205 24.8288 0.0682351 2.7624e-05
193.136 25.1514 0.0737217 0.00629125
193.085 24.7015 0.0823946 1.60209e-10
192.88 25.431 0.0829789 5.97668e-05
192.794 25.3309 0.0666101 0.0135825
192.563 25.2341 0.0885223 7.0289e-07
192.591 24.842 0.0883223 1.67213e-09
192.667 25.2712 0.0698886 0.0155306
192.514 25.625 0.0805712 1.38306e-07
192.573 24.6852 0.0702609 6.38482e-08
192.846 25.1932 0.0811499 0.00403551
192.922 24.8726 0.0658834 0.00202305
192.307 24.7059 0.059716 6.8881e-17
192.684 25.2697 0.0545056 1.68219e-09
192.38 24.9528 0.0857642 1.20074e-08
192.457 25.2215 0.0853667 3.28907e-06
193.378 25.0102 0.0512435 4.80762e-10
193.099 24.5218 0.059638 2.94471e-11
192.367 24.8671 0.0800985 3.10433e-08
192.92 25.4529 0.07005 0.00794209
192.909 25.2671 0.0753004 0.0865385
192.751 24.9041 0.0583733 9.80956e-07
192.586 24.82 0.0694808 1.109e-05
192.802 24.6614 0.0689811 1.30552e-06
192.631 25.361 0.0780679 0.00315853
192.502 25.2095 0.0718222 0.000504658
192.96 24.9625 0.0657877 0.0137975
192.697 24.6561 0.0807779 7.60856e-09
193.219 24.7909 0.0681583 5.71708e-06
192.901 24.4185 0.0873433 3.87072e-19
192.754 24.7391 0.0726642 2.34814e-05
192.594 25.1051 0.0617577 6.42255e-06
192.824 24.8915 0.0630838 0.000318467
192.803 25.2218 0.060128 0.000214307
192.289 24.7916 0.0885767 2.20357e-13
193.42 25.1696 0.0759292 2.29375e-08
192.991 24.525 0.0750571 1.74178e-10
192.633 25.3143 0.0741568 0.0114706
192.623 24.9975 0.0812555 0.00024649
192.592 25.0826 0.0774795 0.00357854
192.847 25.4511 0.0645085 0.0005325
192.745 25.0598 0.0715306 0.0649084
193.231 24.7644 0.0613122 5.75087e-07
192.729 25.6148 0.0742708 2.86713e-05
193.38 24.3783 0.0779568 2.55505e-21
192.532 25.0954 0.0651051 1.97775e-05
192.927 24.9181 0.0851018 3.64194e-07
192.647 24.4223 0.049759 6.12544e-23
193.261 25.2963 0.0865235 2.75171e-11
193.132 24.6575 0.0701946 1.47953e-07
192.799 25.3241 0.0500231 4.31428e-12
192.577 24.6147 0.0784927 8.69955e-10
192.981 25.1907 0.0731085 0.127787
192.791 25.3299 0.0858133 2.33365e-05
192.516 25.1011 0.0806613 0.000215725
193.049 24.933 0.0770672 0.000310197
192.262 24.9385 0.0712494 7.83746e-10
192.641 24.7252 0.0728829 2.4221e-06
192.745 25.0129 0.0646145 0.00243781
192.748 25.2701 0.053007 8.42113e-10
193.243 25.0972 0.0775757 9.52988e-06
192.896 25.4906 0.0729823 0.00345772
192.939 25.2337 0.077896 0.0204066
193.183 25.2538 0.0643315 0.00277582
192.798 25.4616 0.0760151 0.00410737
192.598 25.2457 0.0504123 1.95342e-14
192.272 25.3894 0.0499016 1.11628e-24
192.484 25.1171 0.0712447 0.000194638
192.548 25.0154 0.0599798 6.14192e-08
193.295 25.1543 0.0671512 0.000347842
193.229 25.486 0.0562387 2.46763e-08
193.003 25.3495 0.0501101 1.53134e-10
192.929 24.9871 0.0453103 1.51179e-14
193.009 24.9737 0.0758262 0.00360811
192.876 25.2585 0.0867818 4.24061e-06
