47.9483 -65.1566 3.95033 5.55161e-06 47.945 -65.39 3.9375
48.4282 -65.4668 3.94701 5.41849e-08 47.945 -65.39 3.9375
48.4419 -65.0242 3.95992 3.17929e-14 47.945 -65.39 3.9375
47.8165 -65.0033 3.93278 0.000722428 47.945 -65.39 3.9375
48.259 -65.1327 3.93227 0.000108266 47.945 -65.39 3.9375
47.6123 -65.4396 3.94274 2.3859e-06 47.945 -65.39 3.9375
47.2105 -65.7075 3.9205 3.26721e-13 47.945 -65.39 3.9375
47.4718 -65.1199 3.93606 5.82257e-07 47.945 -65.39 3.9375
47.4754 -65.2376 3.93725 1.92122e-06 47.945 -65.39 3.9375
48.0627 -65.2997 3.93624 0.230022 47.945 -65.39 3.9375
47.9534 -64.7501 3.93721 3.58621e-08 47.945 -65.39 3.9375
47.9855 -64.9464 3.93082 3.97933e-05 47.945 -65.39 3.9375
47.8366 -65.6402 3.93911 0.000243782 47.945 -65.39 3.9375
48.5358 -65.2228 3.90512 3.53096e-34 47.945 -65.39 3.9375
48.0941 -65.4683 3.95508 2.77819e-10 47.945 -65.39 3.9375
48.3103 -65.2506 3.9354 0.000435309 47.945 -65.39 3.9375
48.525 -65.4523 3.93785 1.95919e-08 47.945 -65.39 3.9375
47.9191 -65.6646 3.92754 0.00215104 47.945 -65.39 3.9375
48.4956 -65.6336 3.93865 1.40461e-09 47.945 -65.39 3.9375
47.7427 -65.5536 3.95154 1.93998e-11 47.945 -65.39 3.9375
48.4664 -65.756 3.93865 5.34339e-11 47.945 -65.39 3.9375
47.6662 -65.3037 3.93337 0.0170995 47.945 -65.39 3.9375
47.7055 -65.0504 3.92022 1.03335e-07 47.945 -65.39 3.9375
48.0537 -65.5524 3.94454 0.00010509 47.945 -65.39 3.9375
47.8663 -65.4956 3.93127 0.153273 47.945 -65.39 3.9375
48.72 -65.1814 3.9269 9.53101e-19 47.945 -65.39 3.9375
47.8769 -64.7687 3.94368 1.76028e-08 47.945 -65.39 3.9375
47.6529 -64.7966 3.94628 2.31855e-11 47.945 -65.39 3.9375
47.6633 -65.4568 3.95954 1.3439e-19 47.945 -65.39 3.9375
47.3987 -65.6513 3.95531 4.78354e-25 47.945 -65.39 3.9375
47.8051 -65.0085 3.92188 2.49928e-07 47.945 -65.39 3.9375
47.9476 -65.6931 3.93873 0.000122026 47.945 -65.39 3.9375
47.8535 -65.5169 3.96146 2.71104e-19 47.945 -65.39 3.9375
47.7705 -65.0198 3.9317 0.000542479 47.945 -65.39 3.9375
47.5446 -65.879 3.93433 1.28882e-10 47.945 -65.39 3.9375
47.9706 -65.3138 3.95035 5.51882e-06 47.945 -65.39 3.9375
47.4967 -65.4712 3.93244 3.71493e-05 47.945 -65.39 3.9375
47.7584 -65.7776 3.94325 1.93277e-09 47.945 -65.39 3.9375
47.9508 -65.6027 3.93884 0.00251986 47.945 -65.39 3.9375
48.2625 -65.1216 3.9342 0.000213416 47.945 -65.39 3.9375
48.5496 -64.7434 3.94248 9.56449e-15 47.945 -65.39 3.9375
48.4792 -64.9739 3.93697 1.25218e-09 47.945 -65.39 3.9375
48.6231 -65.8688 3.93211 9.94118e-18 47.945 -65.39 3.9375
47.3457 -65.6171 3.93832 7.23246e-12 47.945 -65.39 3.9375
47.9704 -65.137 3.92184 7.22621e-06 47.945 -65.39 3.9375
47.9403 -65.6551 3.93701 0.00131115 47.945 -65.39 3.9375
48.4264 -65.5679 3.96251 4.51973e-20 47.945 -65.39 3.9375
48.2352 -65.7209 3.9275 5.38879e-07 47.945 -65.39 3.9375
47.7187 -65.2858 3.93148 0.0544734 47.945 -65.39 3.9375
47.9277 -64.9318 3.95014 1.00409e-07 47.945 -65.39 3.9375
48.1002 -65.6323 3.91772 2.34518e-08 47.945 -65.39 3.9375
48.2835 -65.3256 3.94575 0.000101584 47.945 -65.39 3.9375
48.2168 -64.6062 3.93796 1.97673e-13 47.945 -65.39 3.9375
47.6932 -65.4091 3.93727 0.00634186 47.945 -65.39 3.9375
47.7817 -65.7888 3.94344 1.51292e-09 47.945 -65.39 3.9375
47.7997 -65.2078 3.92797 0.0206235 47.945 -65.39 3.9375
48.2558 -65.3697 3.9275 5.93167e-05 47.945 -65.39 3.9375
47.868 -65.0183 3.9301 0.000591827 47.945 -65.39 3.9375
47.6596 -65.5572 3.93102 0.00307319 47.945 -65.39 3.9375
47.8079 -65.6727 3.95038 1.19145e-11 47.945 -65.39 3.9375
47.72 -65.2935 3.93487 0.0434815 47.945 -65.39 3.9375
48.1953 -64.9279 3.93714 1.12592e-05 47.945 -65.39 3.9375
47.9702 -65.3871 3.93666 0.324127 47.945 -65.39 3.9375
47.9928 -65.6087 3.94369 4.17793e-05 47.945 -65.39 3.9375
48.1807 -65.2361 3.92643 9.13415e-05 47.945 -65.39 3.9375
47.8581 -65.5441 3.93073 0.066777 47.945 -65.39 3.9375
48.2604 -65.3246 3.96095 3.95034e-14 47.945 -65.39 3.9375
48.1385 -65.0982 3.95825 5.2961e-11 47.945 -65.39 3.9375
47.9541 -64.7349 3.9173 6.23382e-18 47.945 -65.39 3.9375
48.2162 -65.5842 3.93423 0.000488718 47.945 -65.39 3.9375
48.2497 -65.079 3.95465 8.66051e-09 47.945 -65.39 3.9375
47.4363 -64.9973 3.93844 1.12207e-09 47.945 -65.39 3.9375
47.9326 -64.7936 3.93639 3.28439e-07 47.945 -65.39 3.9375
47.8772 -65.0249 3.94227 0.000609079 47.945 -65.39 3.9375
47.8035 -65.3283 3.93882 0.0474634 47.945 -65.39 3.9375
48.1151 -65.0248 3.92851 1.75481e-05 47.945 -65.39 3.9375
48.0928 -64.6728 3.94048 2.69676e-10 47.945 -65.39 3.9375
47.6953 -65.5441 3.92893 0.00884437 47.945 -65.39 3.9375
48.3293 -65.3795 3.9219 3.18913e-09 47.945 -65.39 3.9375
47.2093 -65.3483 3.95474 5.10464e-27 47.945 -65.39 3.9375
48.0898 -65.5327 3.94388 0.000288929 47.945 -65.39 3.9375
47.6151 -65.8045 3.93954 5.6617e-10 47.945 -65.39 3.9375
47.9298 -64.9804 3.93629 0.00113547 47.945 -65.39 3.9375
47.7503 -65.1134 3.92338 4.67034e-05 47.945 -65.39 3.9375
47.606 -65.5494 3.94513 6.34982e-09 47.945 -65.39 3.9375
48.2175 -65.78 3.92292 3.74374e-09 47.945 -65.39 3.9375
48.3778 -64.7574 3.94157 4.34483e-11 47.945 -65.39 3.9375
48.5354 -64.9159 3.93968 2.4416e-11 47.945 -65.39 3.9375
48.4291 -65.3181 3.93147 4.58477e-07 47.945 -65.39 3.9375
47.8414 -64.6767 3.93831 2.23483e-10 47.945 -65.39 3.9375
47.7639 -65.5914 3.93824 0.000599669 47.945 -65.39 3.9375
48.0382 -65.6512 3.92291 3.64172e-05 47.945 -65.39 3.9375
48.5737 -65.4761 3.96132 2.28191e-19 47.945 -65.39 3.9375
47.7825 -65.4249 3.92411 0.0105891 47.945 -65.39 3.9375
49.0625 -65.6364 3.94519 4.0764e-29 47.945 -65.39 3.9375
48.4522 -65.1636 3.94505 4.71699e-07 47.945 -65.39 3.9375
47.5638 -65.3543 3.93198 0.00108741 47.945 -65.39 3.9375
47.8018 -65.6441 3.91962 2.61818e-05 47.945 -65.39 3.9375
47.7698 -65.3258 3.94979 1.68028e-07 47.945 -65.39 3.9375
48.3396 -65.5634 3.96003 8.37012e-17 47.945 -65.39 3.9375
