-6.10512 -95.026 3.05972 1.00178e-13
-5.36583 -94.7554 3.05879 4.63918e-08
-4.95899 -94.1769 3.05058 5.43947e-19
-5.16863 -94.9669 3.03114 1.37265e-06
-5.29272 -95.2194 3.06458 7.783e-05
-4.89369 -95.2822 3.03379 8.65866e-06
-5.28844 -95.2511 3.03544 0.00862791
-5.58692 -94.9865 3.02948 8.43586e-06
-5.03888 -95.0857 3.03457 1.96453e-05
-5.08106 -96.0513 3.04935 0.000168139
-5.23912 -94.6299 3.02652 2.4736e-12
-5.47052 -95.0319 3.04045 0.00128253
-5.73862 -95.3116 3.03607 0.00401603
-4.67511 -95.2889 3.05219 8.01375e-05
-4.87665 -94.9403 3.05018 1.11903e-05
-5.26034 -95.0234 3.0622 2.08252e-05
-4.87772 -95.1854 3.03293 9.16163e-07
-5.73603 -95.0733 3.04219 0.000187612
-5.75119 -95.4894 3.03451 0.00607703
-5.066 -95.7567 3.04551 0.0232075
-5.0152 -95.3998 3.04338 0.0258032
-5.46572 -94.9132 3.03928 6.40838e-05
-5.07662 -95.1794 3.0534 0.010226
-5.37039 -95.089 3.04092 0.00527939
-5.16528 -94.9792 3.04955 0.000588344
-5.73815 -95.5831 3.04677 0.00422427
-5.1724 -95.5305 3.02717 5.60429e-05
-4.99473 -94.7022 3.0597 9.98699e-09
-5.02042 -95.341 3.04129 0.010349
-4.82946 -95.2736 3.05854 0.000920376
-4.91343 -95.0101 3.05898 3.81803e-05
-5.23937 -94.6597 3.04925 4.66478e-08
-5.69946 -95.3571 3.04918 0.00306969
-4.91043 -95.385 3.04522 0.00704263
-5.04972 -95.5811 3.04683 0.0834188
-4.95067 -95.4373 3.05468 0.0244592
-4.93967 -95.7613 3.03516 5.11989e-05
-5.68458 -95.8425 3.03421 0.00109126
-5.42758 -95.1163 3.0302 0.000175758
-5.34866 -95.3529 3.05301 0.0690523
-5.68447 -94.8801 3.04067 4.62388e-06
-4.38531 -95.3629 3.05451 2.89298e-08
-5.53212 -95.2741 3.03885 0.0333319
-4.44037 -95.5621 3.05101 1.3023e-07
-4.92485 -95.5756 3.05326 0.0199846
-5.14271 -95.0055 3.02545 2.30726e-08
-5.23046 -95.2908 3.04937 0.112436
-4.76296 -94.7756 3.04615 4.39546e-09
-5.30192 -95.7989 3.04962 0.0388625
-5.38526 -95.4586 3.06504 8.61663e-05
-5.02978 -95.1677 3.05334 0.00624237
-5.56821 -94.5614 3.04514 2.53705e-10
-5.35325 -95.1609 3.0432 0.0242409
-5.55848 -95.6147 3.04699 0.0584884
-4.93921 -95.0524 3.04896 0.000328966
-4.94063 -95.0681 3.04131 6.85802e-05
-5.5568 -94.4492 3.0482 1.30348e-12
-5.42955 -95.3501 3.03722 0.0632361
-4.90676 -94.3837 3.06202 3.3598e-15
-5.04846 -95.098 3.04428 0.00163528
-4.99584 -94.8451 3.05529 3.1012e-06
-4.96285 -94.8866 3.06954 1.24664e-08
-4.49698 -95.4239 3.03294 1.44395e-11
-5.4383 -95.1456 3.03217 0.000840301
-5.64653 -94.804 3.03811 6.33591e-07
-5.30828 -95.1137 3.05789 0.000834937
-5.26095 -95.4727 3.05787 0.0264426
-5.75344 -95.1458 3.0446 0.000354604
-4.86149 -95.3458 3.04375 0.00138327
-4.43161 -94.4891 3.04577 1.66862e-18
-5.02046 -95.0378 3.03669 1.83783e-05
-4.68566 -94.8043 3.0685 2.1799e-10
-5.37509 -95.417 3.0361 0.0609177
-4.91242 -95.6143 3.05743 0.00716902
-5.27675 -95.4713 3.01945 1.93238e-07
-5.18948 -95.6519 3.03664 0.0175131
-5.03264 -95.1707 3.04856 0.00807459
-5.54581 -95.0893 3.04438 0.00275119
-5.14138 -95.1117 3.04946 0.0076379
-5.46578 -95.0268 3.03448 0.000246508
-5.35451 -95.1623 3.03629 0.00509044
-5.07437 -95.1068 3.04919 0.00441383
-4.72244 -95.6131 3.05355 0.000503309
-4.69332 -95.0066 3.0464 4.2844e-07
-5.36256 -95.6279 3.03673 0.0648336
-4.7389 -95.407 3.04939 0.00054827
-5.08287 -95.5235 3.05623 0.0498314
-4.97195 -95.2844 3.03735 0.000478142
-4.87469 -95.4159 3.05709 0.00596742
-5.09215 -95.2463 3.06572 0.000146397
-5.16033 -94.6036 3.05978 3.72286e-10
-5.09434 -94.9206 3.02913 2.76315e-08
-5.78083 -95.5697 3.04881 0.00090737
-5.13976 -95.3599 3.03451 0.00318688
-5.33855 -95.4919 3.03632 0.0704484
-5.30099 -95.294 3.0641 0.000217055
-4.75486 -95.2072 3.05503 0.000204411
-4.79089 -95.546 3.0678 3.11414e-05
-5.37895 -95.4725 3.0652 8.33105e-05
-5.48937 -95.8514 3.03895 0.0102679
