59.797 -54.11 3.9148 8.673e-06
59.8516 -53.8481 3.9228 0.000346107
60.1335 -53.6202 3.88614 2.71012e-18
59.1297 -54.3276 3.90604 1.65011e-11
59.468 -53.7262 3.90821 0.0328658
59.9624 -53.8013 3.9099 0.00187608
59.477 -53.8718 3.90378 0.10103
59.4164 -53.49 3.89837 6.40901e-07
59.1971 -53.3022 3.89399 3.55294e-16
59.7999 -54.1547 3.90272 0.000799405
60.033 -53.8433 3.90696 9.97542e-05
59.8247 -53.62 3.91484 0.00382485
59.2821 -53.9816 3.89944 0.000519226
60.4544 -54.5537 3.91308 9.40055e-24
59.7228 -53.3644 3.91959 1.23477e-06
59.2684 -53.3026 3.90885 3.39757e-10
59.7127 -53.7736 3.91321 0.157249
60.1517 -53.9639 3.89312 1.23476e-11
59.5223 -53.5274 3.89766 5.27175e-06
59.9804 -54.3814 3.91001 1.41181e-08
58.9887 -54.208 3.90238 7.04569e-12
59.5436 -54.2042 3.91161 7.50502e-06
59.0189 -53.8013 3.90126 4.51881e-09
59.8714 -53.9241 3.91058 0.0254846
59.021 -53.7463 3.89053 2.13494e-12
59.7286 -54.0413 3.90817 0.0130942
59.5671 -53.7345 3.89716 0.0023593
59.6554 -53.1646 3.91078 1.36296e-10
59.3781 -54.2331 3.90673 5.90156e-06
59.321 -53.7415 3.90386 0.00158334
59.5357 -53.6022 3.88177 7.25661e-16
60.0585 -53.8607 3.91536 6.88265e-05
59.8113 -53.8241 3.9033 0.0253798
60.0321 -54.0444 3.91903 6.27703e-06
59.8327 -53.5127 3.90652 7.89512e-05
59.5616 -53.9274 3.91026 0.0399713
59.5887 -53.5136 3.89947 7.10932e-05
59.6385 -53.4638 3.90849 0.000300035
59.4488 -53.7465 3.91561 0.000551265
59.404 -53.8328 3.93275 2.06674e-17
58.8466 -54.0767 3.89774 2.19189e-14
59.5422 -54.2462 3.90746 3.37226e-05
59.8489 -54.0686 3.88473 7.44996e-10
59.1497 -54.1591 3.90428 8.23135e-08
59.9457 -53.8452 3.89295 1.80152e-07
59.0507 -53.5844 3.91439 2.37555e-11
59.8149 -53.9397 3.91576 0.0193894
59.7366 -53.9726 3.88457 1.18312e-09
59.4653 -53.765 3.90452 0.0529917
59.5728 -54.0323 3.90071 0.0512133
60.1386 -53.2578 3.87965 1.47433e-32
59.1991 -54.2421 3.909 1.55471e-09
59.2709 -53.6069 3.91493 1.43597e-06
59.6195 -54.2117 3.90578 0.000423167
60.1483 -53.8377 3.90217 3.96203e-08
59.5492 -53.2972 3.88814 1.9202e-14
60.2453 -53.3595 3.92182 6.74649e-13
60.079 -53.9933 3.92472 8.90283e-08
59.3118 -53.8998 3.91111 0.000185147
59.5224 -54.2386 3.88827 5.69096e-07
59.9002 -54.2057 3.89902 1.52992e-05
59.7873 -53.868 3.89765 0.00294727
59.4791 -53.7658 3.90566 0.0695779
59.9431 -53.7084 3.92179 0.000108465
59.3564 -53.3246 3.90773 1.43746e-08
59.7485 -53.2157 3.89268 1.33085e-15
59.4959 -53.9885 3.89416 0.00183572
59.661 -54.0709 3.88514 2.01243e-08
59.1873 -53.3554 3.90454 6.71145e-11
59.6627 -53.9711 3.90781 0.0791311
59.6668 -53.7836 3.90896 0.156516
59.7285 -53.6972 3.90586 0.0503406
59.2749 -54.1093 3.91379 3.87525e-08
58.9809 -54.0128 3.91059 3.27736e-12
60.3675 -54.413 3.89993 2.79518e-19
60.0609 -54.1752 3.90804 1.14443e-06
59.4483 -53.722 3.9013 0.00964508
59.0574 -53.9667 3.90218 4.7952e-08
59.9696 -53.9593 3.93317 2.47652e-10
59.4186 -54.0155 3.91136 0.000470395
59.7854 -54.3198 3.92138 2.99559e-14
59.5006 -53.2346 3.89576 3.32006e-12
59.642 -54.0529 3.90342 0.0469982
59.6719 -54.4005 3.92077 6.24831e-16
58.8123 -54.0784 3.91526 5.8541e-21
59.2792 -53.8572 3.91132 7.28724e-05
59.7805 -54.0666 3.88608 8.14413e-09
60.2153 -54.2008 3.905 1.36618e-10
59.5167 -53.7154 3.91288 0.0114881
59.8179 -53.5498 3.9166 0.000594776
59.3745 -54.0172 3.90418 0.00505546
59.9096 -53.7 3.90463 0.000627869
59.3864 -54.1449 3.91095 7.59974e-06
59.733 -54.0709 3.91483 5.90074e-05
59.9606 -53.8387 3.91886 0.000486222
59.4636 -53.5419 3.92843 2.04889e-11
60.1634 -53.9996 3.903 2.94181e-08
59.6548 -53.6576 3.91715 0.0129019
59.9171 -53.5431 3.91862 4.90487e-05
59.847 -53.782 3.9151 0.0192434
