54.0928 -56.9445 3.93542 8.14326e-12 53.842 -56.671 3.9124
54.1847 -56.368 3.91282 2.6928e-05 53.842 -56.671 3.9124
54.0456 -56.9431 3.92238 0.000168794 53.842 -56.671 3.9124
54.2539 -56.7823 3.91286 0.000187236 53.842 -56.671 3.9124
53.8872 -56.3155 3.92834 4.72001e-08 53.842 -56.671 3.9124
54.001 -56.1577 3.90581 2.23165e-10 53.842 -56.671 3.9124
54.7195 -56.3138 3.90902 1.22878e-21 53.842 -56.671 3.9124
53.8585 -56.5441 3.91148 0.251136 53.842 -56.671 3.9124
54.4255 -56.5047 3.92633 9.15949e-09 53.842 -56.671 3.9124
54.3176 -56.0595 3.90994 6.18892e-16 53.842 -56.671 3.9124
54.1232 -56.7449 3.91719 0.0175713 53.842 -56.671 3.9124
54.0578 -55.9945 3.91047 1.2323e-13 53.842 -56.671 3.9124
54.0325 -56.332 3.92303 6.35703e-05 53.842 -56.671 3.9124
54.1467 -56.3191 3.92164 2.50728e-05 53.842 -56.671 3.9124
54.3607 -57.0869 3.93263 6.78047e-15 53.842 -56.671 3.9124
54.4549 -57.1 3.93285 6.35243e-17 53.842 -56.671 3.9124
53.7391 -56.4759 3.91998 0.000960647 53.842 -56.671 3.9124
54.0886 -56.8923 3.93188 1.47736e-08 53.842 -56.671 3.9124
54.3325 -56.2627 3.92014 1.7265e-08 53.842 -56.671 3.9124
54.0924 -56.5021 3.90107 1.47136e-07 53.842 -56.671 3.9124
53.6168 -56.0225 3.90605 1.70998e-14 53.842 -56.671 3.9124
54.0353 -56.1972 3.92584 5.24611e-08 53.842 -56.671 3.9124
54.625 -55.6567 3.90739 8.90911e-44 53.842 -56.671 3.9124
54.8777 -56.2547 3.91029 1.201e-28 53.842 -56.671 3.9124
53.8244 -56.4547 3.91298 0.0416089 53.842 -56.671 3.9124
54.3005 -57.0763 3.90733 2.35585e-09 53.842 -56.671 3.9124
54.1867 -56.6077 3.89781 8.89785e-11 53.842 -56.671 3.9124
54.0237 -56.6543 3.93055 6.28902e-08 53.842 -56.671 3.9124
54.4275 -56.8633 3.89564 1.04442e-16 53.842 -56.671 3.9124
54.1042 -56.8548 3.93062 2.07708e-07 53.842 -56.671 3.9124
54.1956 -56.7254 3.91301 0.0033621 53.842 -56.671 3.9124
54.6006 -56.6088 3.93212 3.10683e-14 53.842 -56.671 3.9124
54.2737 -56.7785 3.929 2.51237e-07 53.842 -56.671 3.9124
54.3288 -57.0303 3.91138 2.22218e-08 53.842 -56.671 3.9124
53.7955 -56.3428 3.90964 0.000413634 53.842 -56.671 3.9124
54.2059 -56.1184 3.92032 1.33495e-09 53.842 -56.671 3.9124
54.1575 -56.2643 3.90833 2.21197e-08 53.842 -56.671 3.9124
53.9522 -56.5143 3.93235 2.19729e-09 53.842 -56.671 3.9124
53.9821 -55.689 3.92916 1.4897e-24 53.842 -56.671 3.9124
54.1292 -56.3115 3.92465 4.40455e-06 53.842 -56.671 3.9124
54.0519 -55.8629 3.9085 1.85616e-19 53.842 -56.671 3.9124
54.7397 -56.4111 3.92382 1.79918e-17 53.842 -56.671 3.9124
54.2892 -56.4463 3.91277 4.59265e-06 53.842 -56.671 3.9124
54.0425 -56.8186 3.92305 0.000191905 53.842 -56.671 3.9124
53.646 -56.3453 3.91412 6.1826e-05 53.842 -56.671 3.9124
54.0706 -56.549 3.90879 0.00671746 53.842 -56.671 3.9124
53.9892 -56.6965 3.92842 1.17274e-06 53.842 -56.671 3.9124
54.1557 -56.5692 3.92482 0.000156244 53.842 -56.671 3.9124
54.1307 -56.2583 3.92065 5.38084e-06 53.842 -56.671 3.9124
53.6643 -56.4926 3.91257 0.00825749 53.842 -56.671 3.9124
53.8853 -56.2575 3.92951 1.4455e-09 53.842 -56.671 3.9124
54.9567 -56.8544 3.91053 2.01877e-28 53.842 -56.671 3.9124
53.6505 -56.6356 3.91691 0.00378496 53.842 -56.671 3.9124
54.5964 -56.6394 3.9209 1.11205e-11 53.842 -56.671 3.9124
54.1221 -56.4242 3.93357 3.89603e-10 53.842 -56.671 3.9124
54.2927 -56.8077 3.91407 3.94857e-05 53.842 -56.671 3.9124
53.8698 -56.8331 3.92993 4.64502e-10 53.842 -56.671 3.9124
54.2071 -56.4565 3.90973 2.11441e-05 53.842 -56.671 3.9124
53.8923 -56.8116 3.91163 0.318949 53.842 -56.671 3.9124
54.5518 -56.4063 3.91487 1.40555e-12 53.842 -56.671 3.9124
53.8328 -56.4083 3.92978 1.00915e-08 53.842 -56.671 3.9124
54.2417 -57.0016 3.91069 1.9548e-06 53.842 -56.671 3.9124
53.4631 -56.1375 3.92259 8.05218e-15 53.842 -56.671 3.9124
53.698 -56.5074 3.92921 9.2465e-10 53.842 -56.671 3.9124
54.4133 -57.1203 3.92739 8.10846e-14 53.842 -56.671 3.9124
53.8354 -56.3658 3.90878 0.000740766 53.842 -56.671 3.9124
53.9334 -56.2259 3.91094 3.53532e-06 53.842 -56.671 3.9124
54.1408 -56.4014 3.90924 2.83764e-05 53.842 -56.671 3.9124
54.3584 -56.662 3.92652 4.07438e-07 53.842 -56.671 3.9124
54.0142 -56.6145 3.90404 0.00108308 53.842 -56.671 3.9124
54.2234 -55.9009 3.93301 4.67453e-19 53.842 -56.671 3.9124
54.2284 -55.9627 3.92344 2.82287e-14 53.842 -56.671 3.9124
53.9876 -56.7404 3.91332 0.340057 53.842 -56.671 3.9124
54.0431 -56.7341 3.92358 0.000581805 53.842 -56.671 3.9124
54.113 -57.033 3.93543 1.86526e-13 53.842 -56.671 3.9124
53.8311 -57.1987 3.93127 1.31647e-14 53.842 -56.671 3.9124
54.1814 -56.3807 3.90808 1.07115e-06 53.842 -56.671 3.9124
54.6045 -56.7858 3.91305 4.7844e-13 53.842 -56.671 3.9124
54.2108 -56.6562 3.93712 5.28161e-14 53.842 -56.671 3.9124
53.8197 -56.8367 3.95145 6.69247e-42 53.842 -56.671 3.9124
54.1654 -56.4574 3.88188 9.66712e-33 53.842 -56.671 3.9124
53.9565 -56.4676 3.90523 0.000504164 53.842 -56.671 3.9124
54.5459 -56.6185 3.92854 1.4129e-11 53.842 -56.671 3.9124
54.23 -56.4247 3.91556 9.37549e-05 53.842 -56.671 3.9124
54.6042 -56.5402 3.91987 3.45087e-12 53.842 -56.671 3.9124
53.8864 -55.9741 3.91982 2.90062e-12 53.842 -56.671 3.9124
54.3959 -56.289 3.91502 4.83711e-10 53.842 -56.671 3.9124
54.3515 -56.7582 3.934 7.92665e-11 53.842 -56.671 3.9124
53.9757 -56.3677 3.91376 0.00314076 53.842 -56.671 3.9124
53.4579 -56.3352 3.90688 3.60434e-08 53.842 -56.671 3.9124
53.6662 -56.2047 3.92645 2.7651e-11 53.842 -56.671 3.9124
54.3554 -56.4275 3.93453 2.44821e-12 53.842 -56.671 3.9124
54.3273 -56.9902 3.91945 1.09036e-07 53.842 -56.671 3.9124
53.7889 -56.5597 3.92873 5.74749e-08 53.842 -56.671 3.9124
54.1895 -56.4263 3.91088 4.27738e-05 53.842 -56.671 3.9124
53.9849 -56.1892 3.90534 1.18733e-09 53.842 -56.671 3.9124
54.471 -56.8122 3.93283 1.15526e-12 53.842 -56.671 3.9124
53.6118 -56.0773 3.90119 3.98648e-15 53.842 -56.671 3.9124
54.5403 -56.7176 3.91853 3.51949e-10 53.842 -56.671 3.9124
54.157 -56.2972 3.90161 6.9686e-12 53.842 -56.671 3.9124
