-13.1212 -2.88979 0.559679 1.90206e-08 -13.608 -2.6903 0.56163
-13.2877 -2.11747 0.557804 7.14865e-09 -13.608 -2.6903 0.56163
-13.2885 -2.84255 0.553901 4.82633e-06 -13.608 -2.6903 0.56163
-13.5287 -2.96065 0.544837 1.08485e-10 -13.608 -2.6903 0.56163
-12.9396 -2.58392 0.541019 1.20478e-13 -13.608 -2.6903 0.56163
-13.4715 -2.60166 0.5489 9.23458e-05 -13.608 -2.6903 0.56163
-13.1014 -2.93762 0.546569 2.41051e-12 -13.608 -2.6903 0.56163
-13.1245 -2.70402 0.569504 4.379e-09 -13.608 -2.6903 0.56163
-13.8958 -2.71085 0.557961 0.0017126 -13.608 -2.6903 0.56163
-13.2597 -2.92279 0.558268 1.70132e-06 -13.608 -2.6903 0.56163
-14.2007 -2.58806 0.574783 1.61805e-05 -13.608 -2.6903 0.56163
-13.9655 -2.53369 0.559694 0.0010034 -13.608 -2.6903 0.56163
-13.307 -2.71665 0.560908 0.000426614 -13.608 -2.6903 0.56163
-13.5303 -2.27436 0.545641 5.85922e-07 -13.608 -2.6903 0.56163
-13.8189 -2.98514 0.556044 3.49571e-06 -13.608 -2.6903 0.56163
-14.2522 -2.57405 0.553341 9.70265e-12 -13.608 -2.6903 0.56163
-13.7006 -2.75789 0.562032 0.123327 -13.608 -2.6903 0.56163
-13.3619 -1.97859 0.557833 5.36966e-11 -13.608 -2.6903 0.56163
-13.4812 -2.46318 0.549215 0.000134965 -13.608 -2.6903 0.56163
-13.8435 -2.44243 0.577882 3.70876e-05 -13.608 -2.6903 0.56163
-14.2463 -2.24226 0.574858 6.61977e-11 -13.608 -2.6903 0.56163
-13.4728 -2.6739 0.546953 6.02625e-06 -13.608 -2.6903 0.56163
-13.4629 -2.91548 0.548147 5.48948e-08 -13.608 -2.6903 0.56163
-13.6862 -2.9609 0.574122 0.00509705 -13.608 -2.6903 0.56163
-13.198 -2.77149 0.575673 7.68505e-10 -13.608 -2.6903 0.56163
-13.7579 -2.82447 0.560582 0.0196057 -13.608 -2.6903 0.56163
-13.5183 -2.63986 0.562319 0.0732278 -13.608 -2.6903 0.56163
-13.9186 -2.42639 0.579371 4.60649e-06 -13.608 -2.6903 0.56163
-13.4058 -3.05557 0.565071 8.31263e-06 -13.608 -2.6903 0.56163
-13.4647 -3.05528 0.562457 1.98743e-05 -13.608 -2.6903 0.56163
-13.2156 -2.87277 0.567484 4.70128e-07 -13.608 -2.6903 0.56163
-13.0178 -2.70201 0.556262 2.21145e-09 -13.608 -2.6903 0.56163
-13.6426 -2.65204 0.563851 0.261488 -13.608 -2.6903 0.56163
-12.9899 -2.71587 0.57436 4.97947e-15 -13.608 -2.6903 0.56163
-13.7015 -2.86223 0.55982 0.00899988 -13.608 -2.6903 0.56163
-13.6528 -2.43379 0.559551 0.0225652 -13.608 -2.6903 0.56163
-13.7857 -3.1008 0.554968 1.70406e-08 -13.608 -2.6903 0.56163
-13.4636 -2.73996 0.570329 0.00346928 -13.608 -2.6903 0.56163
-13.5588 -2.66183 0.540176 4.5476e-10 -13.608 -2.6903 0.56163
-14.0099 -3.19691 0.556154 1.92866e-12 -13.608 -2.6903 0.56163
-13.1794 -2.59058 0.559432 5.77973e-06 -13.608 -2.6903 0.56163
-13.8286 -2.92259 0.558418 0.000198301 -13.608 -2.6903 0.56163
-13.3433 -3.05542 0.579222 1.32945e-09 -13.608 -2.6903 0.56163
-13.3516 -2.78826 0.544824 1.85842e-08 -13.608 -2.6903 0.56163
-13.6582 -2.81403 0.567331 0.133988 -13.608 -2.6903 0.56163
-13.3119 -2.14426 0.548491 2.12492e-08 -13.608 -2.6903 0.56163
-13.6133 -2.61087 0.543168 5.62529e-08 -13.608 -2.6903 0.56163
-13.998 -2.69656 0.573795 0.0116837 -13.608 -2.6903 0.56163
-13.0934 -3.01288 0.552677 1.13364e-11 -13.608 -2.6903 0.56163
-12.9466 -2.8943 0.564539 2.77876e-13 -13.608 -2.6903 0.56163
-13.8686 -2.92977 0.55315 2.65807e-07 -13.608 -2.6903 0.56163
-13.3743 -2.81717 0.573164 2.52143e-05 -13.608 -2.6903 0.56163
-13.642 -2.37727 0.539249 1.98507e-10 -13.608 -2.6903 0.56163
-13.2113 -2.3076 0.553581 5.56544e-07 -13.608 -2.6903 0.56163
-13.5868 -3.19464 0.562695 3.39274e-07 -13.608 -2.6903 0.56163
-13.3459 -2.13388 0.548635 2.89827e-08 -13.608 -2.6903 0.56163
-13.3194 -2.76254 0.544261 1.18258e-08 -13.608 -2.6903 0.56163
-13.4427 -2.80327 0.545898 1.02464e-07 -13.608 -2.6903 0.56163
-13.2496 -2.50214 0.553466 3.0361e-05 -13.608 -2.6903 0.56163
-13.415 -2.3617 0.559134 0.000477498 -13.608 -2.6903 0.56163
-12.9853 -2.7867 0.559712 9.86279e-11 -13.608 -2.6903 0.56163
-13.321 -2.60141 0.549383 2.14076e-05 -13.608 -2.6903 0.56163
-13.5904 -3.06797 0.549712 7.84685e-10 -13.608 -2.6903 0.56163
-13.7144 -2.70512 0.55727 0.019128 -13.608 -2.6903 0.56163
-13.2687 -2.82043 0.561552 3.50438e-05 -13.608 -2.6903 0.56163
-13.6144 -3.07038 0.550497 1.75918e-09 -13.608 -2.6903 0.56163
-13.0558 -2.48029 0.562332 2.00355e-09 -13.608 -2.6903 0.56163
-13.4717 -2.75588 0.536343 1.01486e-13 -13.608 -2.6903 0.56163
-13.0077 -2.32568 0.552311 1.66379e-10 -13.608 -2.6903 0.56163
-14.2194 -2.41266 0.571178 3.19523e-07 -13.608 -2.6903 0.56163
-13.6429 -2.67961 0.56856 0.172367 -13.608 -2.6903 0.56163
-13.7877 -2.85242 0.561807 0.0171537 -13.608 -2.6903 0.56163
-13.856 -2.94043 0.553755 5.42625e-07 -13.608 -2.6903 0.56163
-12.9964 -2.41333 0.551813 3.91743e-10 -13.608 -2.6903 0.56163
-13.7781 -2.78621 0.560116 0.0225926 -13.608 -2.6903 0.56163
-13.7412 -2.66951 0.549495 1.66247e-05 -13.608 -2.6903 0.56163
-13.8387 -2.8171 0.549677 1.50556e-07 -13.608 -2.6903 0.56163
-13.5365 -2.85207 0.548934 1.29141e-06 -13.608 -2.6903 0.56163
-13.5874 -2.48406 0.560431 0.0447211 -13.608 -2.6903 0.56163
-13.6291 -2.45689 0.565051 0.0308812 -13.608 -2.6903 0.56163
-13.8927 -2.17115 0.568653 3.33014e-07 -13.608 -2.6903 0.56163
-13.5331 -2.62483 0.55639 0.0203106 -13.608 -2.6903 0.56163
-13.2281 -2.35384 0.54571 9.58882e-08 -13.608 -2.6903 0.56163
-13.5655 -2.98194 0.540643 2.41703e-14 -13.608 -2.6903 0.56163
-13.4731 -2.59318 0.542833 1.11527e-07 -13.608 -2.6903 0.56163
-13.0347 -3.03312 0.558465 2.75611e-12 -13.608 -2.6903 0.56163
-13.9431 -2.8947 0.542048 5.75785e-16 -13.608 -2.6903 0.56163
-13.34 -2.40278 0.562355 9.34653e-05 -13.608 -2.6903 0.56163
-13.5202 -2.92548 0.568131 0.00362245 -13.608 -2.6903 0.56163
-13.3621 -2.70789 0.551441 6.7189e-05 -13.608 -2.6903 0.56163
-13.4338 -2.23164 0.559346 1.60375e-05 -13.608 -2.6903 0.56163
-13.7775 -2.90762 0.551733 6.97225e-07 -13.608 -2.6903 0.56163
-13.7587 -2.62446 0.54127 1.17353e-10 -13.608 -2.6903 0.56163
-13.5116 -2.58079 0.578514 3.62169e-06 -13.608 -2.6903 0.56163
-13.8896 -2.44794 0.554221 7.8036e-05 -13.608 -2.6903 0.56163
-13.2984 -2.79489 0.549068 5.74341e-07 -13.608 -2.6903 0.56163
-13.3704 -3.3125 0.559862 2.77509e-12 -13.608 -2.6903 0.56163
-13.581 -2.83331 0.555431 0.00108016 -13.608 -2.6903 0.56163
-14.2459 -2.56912 0.555369 1.79509e-10 -13.608 -2.6903 0.56163
-13.845 -2.79903 0.555257 0.000144206 -13.608 -2.6903 0.56163
