262.023 -17.0635 3.51546 0.0193405 261.75 -17.271 3.5142
261.854 -17.7391 3.51301 3.24438e-06 261.75 -17.271 3.5142
261.767 -17.4972 3.52111 0.00486759 261.75 -17.271 3.5142
261.932 -17.5557 3.51634 0.00233848 261.75 -17.271 3.5142
262.499 -17.3476 3.51628 3.85214e-10 261.75 -17.271 3.5142
262.143 -17.6317 3.51933 1.58055e-05 261.75 -17.271 3.5142
262.007 -16.9626 3.52297 0.00652929 261.75 -17.271 3.5142
261.331 -17.0125 3.53182 1.24726e-17 261.75 -17.271 3.5142
262.396 -17.9762 3.51911 4.77672e-16 261.75 -17.271 3.5142
262.686 -17.5137 3.52198 7.55712e-13 261.75 -17.271 3.5142
261.368 -17.3549 3.52818 3.58421e-12 261.75 -17.271 3.5142
261.705 -16.9532 3.53086 6.66474e-09 261.75 -17.271 3.5142
261.722 -17.2986 3.52075 0.0603841 261.75 -17.271 3.5142
262.188 -17.1257 3.52268 0.00751404 261.75 -17.271 3.5142
261.877 -17.8375 3.53286 6.07613e-13 261.75 -17.271 3.5142
261.966 -16.7124 3.51142 1.2405e-06 261.75 -17.271 3.5142
262.376 -17.1064 3.52926 7.0361e-05 261.75 -17.271 3.5142
262.203 -17.8901 3.50179 2.20518e-22 261.75 -17.271 3.5142
261.31 -17.089 3.52135 9.61669e-08 261.75 -17.271 3.5142
262.407 -17.2926 3.52664 6.50102e-05 261.75 -17.271 3.5142
261.182 -17.8574 3.53298 1.41429e-29 261.75 -17.271 3.5142
261.855 -16.7217 3.52328 3.48618e-06 261.75 -17.271 3.5142
261.979 -17.407 3.53962 1.06726e-11 261.75 -17.271 3.5142
261.944 -17.1298 3.52613 0.00844381 261.75 -17.271 3.5142
262.079 -16.8958 3.5222 0.00101314 261.75 -17.271 3.5142
261.816 -16.8535 3.51666 0.0047891 261.75 -17.271 3.5142
262.07 -17.5881 3.53854 3.26465e-11 261.75 -17.271 3.5142
261.551 -17.1671 3.52176 0.000792749 261.75 -17.271 3.5142
261.672 -16.7415 3.52016 9.83775e-06 261.75 -17.271 3.5142
262.193 -17.3483 3.52018 0.00295083 261.75 -17.271 3.5142
262.238 -17.6842 3.52463 9.98029e-07 261.75 -17.271 3.5142
262.412 -17.2551 3.51173 1.03553e-10 261.75 -17.271 3.5142
261.915 -17.2797 3.51848 0.29861 261.75 -17.271 3.5142
262.457 -17.7075 3.529 2.69781e-09 261.75 -17.271 3.5142
263.034 -17.3206 3.52725 7.05295e-19 261.75 -17.271 3.5142
261.677 -17.6541 3.51828 9.95662e-05 261.75 -17.271 3.5142
261.976 -17.4959 3.52698 0.000430001 261.75 -17.271 3.5142
262.732 -17.5995 3.5192 8.71389e-17 261.75 -17.271 3.5142
262.307 -16.9943 3.52576 0.000118683 261.75 -17.271 3.5142
262.049 -17.374 3.51801 0.0235794 261.75 -17.271 3.5142
261.407 -16.9672 3.53173 8.49659e-16 261.75 -17.271 3.5142
261.84 -17.025 3.52713 0.000262122 261.75 -17.271 3.5142
262.051 -17.9007 3.52284 9.51209e-10 261.75 -17.271 3.5142
262.067 -17.585 3.51784 0.000191718 261.75 -17.271 3.5142
261.037 -17.2324 3.50992 1.77539e-06 261.75 -17.271 3.5142
262.166 -17.6928 3.50499 2.934e-14 261.75 -17.271 3.5142
262.403 -17.8737 3.52497 4.79146e-12 261.75 -17.271 3.5142
261.912 -17.7386 3.52712 1.32852e-07 261.75 -17.271 3.5142
261.114 -17.291 3.51109 1.13828e-05 261.75 -17.271 3.5142
262.16 -17.5818 3.50923 3.15322e-09 261.75 -17.271 3.5142
262.003 -17.0242 3.51913 0.0395759 261.75 -17.271 3.5142
261.486 -17.2617 3.51492 0.0593139 261.75 -17.271 3.5142
262.445 -17.054 3.52909 8.14317e-06 261.75 -17.271 3.5142
262.42 -17.7468 3.5123 1.64534e-15 261.75 -17.271 3.5142
262.136 -17.0818 3.51209 6.49655e-05 261.75 -17.271 3.5142
261.831 -17.5235 3.50595 2.21961e-05 261.75 -17.271 3.5142
261.808 -17.672 3.5196 8.78756e-05 261.75 -17.271 3.5142
262.105 -17.2147 3.5229 0.0381808 261.75 -17.271 3.5142
261.636 -16.8405 3.52362 3.5471e-06 261.75 -17.271 3.5142
261.586 -17.8207 3.51784 3.59904e-08 261.75 -17.271 3.5142
262.112 -17.0716 3.51578 0.00290131 261.75 -17.271 3.5142
261.33 -17.6241 3.53048 6.54092e-18 261.75 -17.271 3.5142
261.52 -16.8517 3.52103 4.65793e-06 261.75 -17.271 3.5142
261.41 -16.4868 3.51779 1.47017e-12 261.75 -17.271 3.5142
262.056 -17.0621 3.50889 2.66419e-05 261.75 -17.271 3.5142
261.411 -17.3744 3.52589 2.89514e-09 261.75 -17.271 3.5142
260.869 -17.2325 3.52696 1.49207e-26 261.75 -17.271 3.5142
261.687 -16.9447 3.51844 0.0134635 261.75 -17.271 3.5142
262.048 -17.0759 3.53196 2.75883e-05 261.75 -17.271 3.5142
262.393 -16.9564 3.51246 1.1821e-10 261.75 -17.271 3.5142
261.821 -16.5246 3.50079 1.50095e-13 261.75 -17.271 3.5142
262.655 -17.3253 3.51731 1.56189e-13 261.75 -17.271 3.5142
262.047 -17.0314 3.53067 6.86059e-05 261.75 -17.271 3.5142
262.016 -17.592 3.50235 1.20251e-11 261.75 -17.271 3.5142
262.204 -17.1616 3.51695 0.000763738 261.75 -17.271 3.5142
262.092 -17.6198 3.51427 4.17038e-06 261.75 -17.271 3.5142
262.172 -17.343 3.52378 0.00753016 261.75 -17.271 3.5142
261.469 -17.3008 3.52832 7.92497e-10 261.75 -17.271 3.5142
261.778 -16.9236 3.51402 0.0323042 261.75 -17.271 3.5142
261.862 -17.1432 3.50747 0.00392252 261.75 -17.271 3.5142
262.244 -17.0433 3.52563 0.000919895 261.75 -17.271 3.5142
261.216 -17.3589 3.53261 1.2159e-21 261.75 -17.271 3.5142
262.078 -16.7886 3.5252 1.5747e-05 261.75 -17.271 3.5142
262.093 -17.3185 3.51534 0.00446531 261.75 -17.271 3.5142
261.666 -17.4715 3.51891 0.00925173 261.75 -17.271 3.5142
261.67 -17.0986 3.50789 0.118054 261.75 -17.271 3.5142
261.634 -17.6222 3.5218 1.15019e-05 261.75 -17.271 3.5142
261.498 -17.7421 3.52966 9.12889e-15 261.75 -17.271 3.5142
261.703 -16.9413 3.53108 3.24446e-09 261.75 -17.271 3.5142
262.05 -17.0437 3.50557 2.56218e-07 261.75 -17.271 3.5142
262.349 -17.5778 3.5183 6.25001e-08 261.75 -17.271 3.5142
262.116 -17.2232 3.52965 0.00122448 261.75 -17.271 3.5142
261.903 -16.5821 3.51586 8.72374e-08 261.75 -17.271 3.5142
261.812 -17.3352 3.51202 0.139469 261.75 -17.271 3.5142
262.096 -17.2102 3.5186 0.0320652 261.75 -17.271 3.5142
262.175 -17.5907 3.53846 2.50034e-10 261.75 -17.271 3.5142
262.059 -18.1992 3.53427 8.72853e-22 261.75 -17.271 3.5142
261.775 -17.7199 3.53979 7.97115e-19 261.75 -17.271 3.5142
261.458 -17.1924 3.51432 0.0538095 261.75 -17.271 3.5142
261.278 -16.9373 3.53294 2.79926e-21 261.75 -17.271 3.5142
