107.481 -25.5228 3.44423 1.05195e-08 107.02 -24.769 3.4297
107.196 -24.3842 3.40707 2.02339e-06 107.02 -24.769 3.4297
106.803 -25.294 3.4356 0.000549984 107.02 -24.769 3.4297
106.362 -24.9468 3.42104 0.00571785 107.02 -24.769 3.4297
107.119 -25.2903 3.42 8.84347e-05 107.02 -24.769 3.4297
107.191 -24.9863 3.42705 0.00401023 107.02 -24.769 3.4297
106.669 -24.8022 3.44135 0.000906179 107.02 -24.769 3.4297
106.651 -24.8763 3.4252 0.06692 107.02 -24.769 3.4297
106.461 -24.7994 3.40412 0.00141765 107.02 -24.769 3.4297
106.653 -25.1793 3.41457 0.00227009 107.02 -24.769 3.4297
107.181 -25.1909 3.43346 0.000738706 107.02 -24.769 3.4297
107.406 -24.8613 3.42971 0.000249136 107.02 -24.769 3.4297
106.805 -25.0753 3.43461 0.00917021 107.02 -24.769 3.4297
106.953 -25.4802 3.42359 2.06113e-05 107.02 -24.769 3.4297
106.406 -24.7477 3.41414 0.0127573 107.02 -24.769 3.4297
106.82 -25.0726 3.41042 0.0015054 107.02 -24.769 3.4297
106.489 -25.0459 3.43709 0.000395791 107.02 -24.769 3.4297
106.8 -24.6628 3.43008 0.0433198 107.02 -24.769 3.4297
106.814 -24.5779 3.40407 0.000486538 107.02 -24.769 3.4297
106.77 -24.9856 3.42571 0.0538044 107.02 -24.769 3.4297
106.408 -25.1392 3.4056 0.000117587 107.02 -24.769 3.4297
106.934 -25.0194 3.42652 0.0304889 107.02 -24.769 3.4297
106.641 -25.1516 3.43376 0.00240604 107.02 -24.769 3.4297
106.797 -24.5062 3.42881 0.0162455 107.02 -24.769 3.4297
106.699 -25.1734 3.42265 0.00802229 107.02 -24.769 3.4297
106.916 -25.1603 3.41634 0.00187716 107.02 -24.769 3.4297
106.276 -24.5202 3.45099 1.7882e-10 107.02 -24.769 3.4297
107.234 -24.801 3.42798 0.00412923 107.02 -24.769 3.4297
107.036 -25.2268 3.43232 0.00167249 107.02 -24.769 3.4297
107.468 -25.1468 3.42671 6.88905e-06 107.02 -24.769 3.4297
106.971 -25.3275 3.44518 1.95258e-05 107.02 -24.769 3.4297
106.382 -25.2259 3.42024 0.000430053 107.02 -24.769 3.4297
107.268 -25.1239 3.40524 7.46962e-08 107.02 -24.769 3.4297
107.009 -24.8168 3.43097 0.035234 107.02 -24.769 3.4297
107.767 -25.1666 3.42077 1.62655e-10 107.02 -24.769 3.4297
106.735 -24.7834 3.41609 0.0549436 107.02 -24.769 3.4297
106.927 -25.0251 3.43415 0.0151887 107.02 -24.769 3.4297
106.772 -25.2153 3.42765 0.00504949 107.02 -24.769 3.4297
107.179 -24.7214 3.42989 0.00749105 107.02 -24.769 3.4297
106.732 -25.0624 3.41721 0.0155612 107.02 -24.769 3.4297
107.495 -25.7899 3.42204 4.70166e-13 107.02 -24.769 3.4297
107.175 -25.2001 3.42724 0.000638338 107.02 -24.769 3.4297
106.678 -25.2529 3.41432 0.000696005 107.02 -24.769 3.4297
106.6 -24.6021 3.42758 0.0213126 107.02 -24.769 3.4297
107.127 -25.3551 3.43664 7.70457e-05 107.02 -24.769 3.4297
107.094 -25.0442 3.42443 0.00646321 107.02 -24.769 3.4297
106.683 -24.8133 3.41867 0.0765751 107.02 -24.769 3.4297
107.113 -25.3951 3.42853 5.76537e-05 107.02 -24.769 3.4297
107.115 -25.3132 3.43436 0.00022233 107.02 -24.769 3.4297
107.108 -25.3097 3.43891 0.000124133 107.02 -24.769 3.4297
106.968 -24.6124 3.43128 0.02051 107.02 -24.769 3.4297
107.246 -24.7689 3.41937 0.000884537 107.02 -24.769 3.4297
107.02 -25.0003 3.42495 0.0188454 107.02 -24.769 3.4297
107.109 -24.7805 3.44415 0.000724902 107.02 -24.769 3.4297
106.73 -24.7168 3.41486 0.0430727 107.02 -24.769 3.4297
106.922 -24.6755 3.41796 0.0297332 107.02 -24.769 3.4297
107.179 -25.3793 3.44226 1.09936e-05 107.02 -24.769 3.4297
106.906 -24.4661 3.41993 0.0104666 107.02 -24.769 3.4297
107.152 -24.7334 3.4155 0.00130713 107.02 -24.769 3.4297
107.304 -25.2815 3.43939 2.74016e-05 107.02 -24.769 3.4297
107.144 -24.7196 3.43016 0.0109291 107.02 -24.769 3.4297
106.767 -24.9306 3.42825 0.0601578 107.02 -24.769 3.4297
106.612 -24.9659 3.42328 0.0418887 107.02 -24.769 3.4297
107.352 -25.4916 3.42077 3.74673e-08 107.02 -24.769 3.4297
106.494 -25.3234 3.4186 0.000226098 107.02 -24.769 3.4297
106.801 -24.2437 3.42947 0.000320441 107.02 -24.769 3.4297
106.715 -24.7262 3.43208 0.0294051 107.02 -24.769 3.4297
106.866 -24.4693 3.44264 0.000145043 107.02 -24.769 3.4297
107.023 -24.7275 3.43525 0.0141958 107.02 -24.769 3.4297
106.625 -24.1118 3.42553 2.5198e-05 107.02 -24.769 3.4297
106.597 -24.611 3.43537 0.00251387 107.02 -24.769 3.4297
106.918 -24.1851 3.418 0.000118075 107.02 -24.769 3.4297
107.124 -24.9494 3.4327 0.00977454 107.02 -24.769 3.4297
106.943 -24.8741 3.41722 0.0208833 107.02 -24.769 3.4297
106.957 -25.8686 3.43854 2.19032e-10 107.02 -24.769 3.4297
107.408 -24.9472 3.42848 0.000163636 107.02 -24.769 3.4297
107.008 -25.1954 3.44152 0.00043164 107.02 -24.769 3.4297
106.953 -24.9527 3.43574 0.01527 107.02 -24.769 3.4297
107.192 -25.4458 3.41796 7.35634e-07 107.02 -24.769 3.4297
106.722 -24.8184 3.44209 0.00102146 107.02 -24.769 3.4297
106.885 -24.6746 3.425 0.064948 107.02 -24.769 3.4297
107.186 -25.3212 3.41961 1.78541e-05 107.02 -24.769 3.4297
107.123 -25.1282 3.43587 0.00191978 107.02 -24.769 3.4297
107.005 -24.8717 3.42279 0.0325759 107.02 -24.769 3.4297
107.116 -25.1413 3.45038 1.3967e-05 107.02 -24.769 3.4297
106.387 -25.3518 3.43394 6.53455e-06 107.02 -24.769 3.4297
107.129 -25.1857 3.41671 0.000143727 107.02 -24.769 3.4297
107.258 -24.7675 3.41208 5.22253e-05 107.02 -24.769 3.4297
106.987 -25.5074 3.4285 1.38091e-05 107.02 -24.769 3.4297
107.17 -24.8554 3.43908 0.00279034 107.02 -24.769 3.4297
106.625 -24.7049 3.43816 0.00187453 107.02 -24.769 3.4297
106.691 -24.9712 3.41432 0.0194111 107.02 -24.769 3.4297
106.363 -24.7839 3.4245 0.0060193 107.02 -24.769 3.4297
106.361 -24.7502 3.42494 0.00525896 107.02 -24.769 3.4297
107.196 -24.7509 3.40895 4.00856e-05 107.02 -24.769 3.4297
106.542 -25.8166 3.43968 8.01677e-11 107.02 -24.769 3.4297
107.434 -24.767 3.43488 0.000145794 107.02 -24.769 3.4297
106.749 -24.8746 3.43561 0.0150274 107.02 -24.769 3.4297
106.524 -25.1082 3.42409 0.0070408 107.02 -24.769 3.4297
106.15 -24.6479 3.41979 0.000265887 107.02 -24.769 3.4297
