-38.2414 -38.4744 1.4011 0.00696445
-38.0397 -38.4941 1.40875 6.61278e-06
-38.8314 -38.317 1.39159 6.40865e-09
-38.8223 -39.015 1.40583 1.35912e-13
-38.1969 -39.1279 1.4046 1.82479e-05
-38.6419 -38.3649 1.39071 6.3536e-05
-37.7623 -38.7631 1.37969 6.50147e-12
-37.6223 -38.4837 1.40603 6.56974e-08
-38.3584 -38.2956 1.3937 0.00868096
-38.1994 -38.4559 1.38126 0.00177358
-38.1607 -38.1631 1.39302 0.00199493
-38.087 -38.3001 1.4057 1.14446e-06
-37.7548 -38.468 1.38535 5.83142e-06
-37.9467 -38.4872 1.38092 1.87938e-05
-38.7549 -38.2121 1.39765 9.16781e-10
-38.0859 -38.9921 1.39001 5.11271e-06
-38.4696 -38.395 1.39479 0.00289575
-38.7881 -38.5026 1.4022 4.17752e-10
-38.5004 -38.6783 1.40442 1.10767e-05
-38.1569 -38.5043 1.40584 0.000225295
-38.5089 -38.773 1.39743 0.000424358
-37.8131 -38.5695 1.39765 0.00359928
-38.5172 -38.3902 1.42163 2.64646e-24
-38.8177 -38.537 1.39862 1.70607e-09
-38.0077 -38.2227 1.38438 0.00167829
-38.1656 -38.9166 1.41342 1.16823e-06
-38.2702 -38.096 1.42249 8.65933e-30
-38.1981 -38.4054 1.38683 0.100329
-38.1639 -38.8565 1.39736 0.0226419
-37.5064 -38.1365 1.39575 1.42179e-11
-38.3568 -38.2224 1.39657 0.000227685
-38.5722 -38.5072 1.40596 1.5613e-08
-38.5576 -38.6612 1.39282 0.000631143
-37.9827 -38.8781 1.40848 0.000354933
-37.9745 -38.3728 1.39691 0.0118207
-38.3812 -38.5691 1.40089 0.00288442
-38.066 -38.6129 1.39137 0.116431
-38.3577 -38.3813 1.40815 1.56061e-08
-38.3126 -38.9616 1.40819 1.8318e-05
-38.2319 -38.5362 1.41629 8.28115e-12
-38.2704 -38.4642 1.39611 0.098407
-38.033 -38.0979 1.38129 9.35274e-05
-38.7335 -38.8336 1.39152 3.36048e-08
-38.1939 -38.1715 1.39439 0.00116627
-37.9853 -38.4737 1.38631 0.00739048
-38.6894 -38.5945 1.40357 2.70692e-08
-38.9826 -38.1724 1.39547 9.24419e-15
-37.9772 -38.254 1.40394 1.40969e-06
-38.1062 -38.9691 1.38953 9.15128e-06
-37.6748 -38.5746 1.39166 1.20006e-05
-38.1537 -38.1451 1.40666 2.61993e-10
-38.4162 -38.4606 1.38014 0.000298003
-38.97 -38.1037 1.39448 7.24924e-15
-38.0572 -38.1626 1.41968 1.97239e-22
-37.9816 -38.1608 1.39256 0.000529849
-38.2303 -38.2426 1.41548 1.56155e-16
-38.5954 -38.3715 1.41467 4.28943e-18
-38.8096 -38.2333 1.38926 1.40308e-08
-38.5729 -38.3669 1.41187 5.82553e-15
-38.291 -38.5391 1.38877 0.112269
-38.0697 -38.1236 1.40514 1.46925e-09
-38.3596 -38.215 1.40573 1.56873e-09
-38.3452 -38.5756 1.39511 0.0893632
-38.3325 -38.648 1.4107 3.45769e-07
-38.3661 -38.8115 1.39955 0.00462018
-38.6078 -38.5262 1.39289 0.000255509
-38.2674 -38.456 1.39532 0.125934
-38.8429 -38.8517 1.40888 3.94222e-14
-37.7014 -38.281 1.38202 4.04798e-08
-38.5112 -38.4315 1.41047 1.20917e-11
-38.1645 -38.346 1.40706 5.69459e-07
-37.5078 -38.3025 1.40043 3.25506e-10
-38.585 -38.4885 1.38546 0.000313033
-37.6589 -38.4544 1.39341 1.12239e-05
-37.8485 -38.3749 1.36147 9.31051e-23
-38.4458 -39.0702 1.39994 1.68479e-06
-38.4652 -38.9071 1.38369 2.91413e-08
-38.5745 -38.4071 1.3701 1.50525e-10
-38.6274 -38.783 1.39887 2.70685e-06
-38.4942 -38.3108 1.39296 0.00110011
-38.1469 -38.1848 1.39076 0.00780454
-38.3901 -38.5539 1.38934 0.0422406
-38.3789 -38.2153 1.38976 0.0057146
-38.5757 -38.6467 1.39761 9.90714e-05
-37.9413 -38.3241 1.40814 4.83314e-08
-37.6875 -38.943 1.39414 1.37124e-07
-38.1877 -38.767 1.40766 0.000502435
-38.5382 -38.8213 1.39062 4.81718e-05
-38.4404 -37.9061 1.40417 2.51266e-16
-38.2792 -38.0701 1.38533 0.000937313
-38.2278 -38.1652 1.40716 1.38781e-10
-38.0158 -38.6448 1.39721 0.132103
-38.5132 -38.2732 1.39213 0.000512088
-37.6662 -38.4745 1.41115 6.84504e-10
-38.413 -37.5995 1.39205 3.66803e-16
-37.9849 -38.5669 1.39862 0.0662549
-38.6524 -38.238 1.41125 2.10678e-18
-37.4295 -39.0609 1.39587 7.25807e-14
-37.8727 -38.7249 1.40837 0.00012084
-38.4591 -38.4568 1.39069 0.0181753
