-28.7229 -84.9875 2.45202 9.75321e-10 -29.231 -84.693 2.4421
-29.288 -84.4571 2.46014 1.39938e-12 -29.231 -84.693 2.4421
-29.9149 -85.0392 2.4437 3.92402e-09 -29.231 -84.693 2.4421
-29.0272 -85.0991 2.43739 2.43492e-06 -29.231 -84.693 2.4421
-29.3737 -84.8756 2.42674 0.000494168 -29.231 -84.693 2.4421
-29.058 -84.3147 2.43574 0.0189537 -29.231 -84.693 2.4421
-29.2663 -84.6269 2.43403 0.331325 -29.231 -84.693 2.4421
-29.7801 -84.4389 2.46587 2.62212e-22 -29.231 -84.693 2.4421
-29.4981 -84.2321 2.466 1.76017e-22 -29.231 -84.693 2.4421
-30.0466 -84.7114 2.43814 9.27055e-08 -29.231 -84.693 2.4421
-29.647 -85.0512 2.44107 8.23116e-06 -29.231 -84.693 2.4421
-29.5073 -84.2616 2.44027 0.00246622 -29.231 -84.693 2.4421
-28.5914 -84.8587 2.44873 3.3325e-10 -29.231 -84.693 2.4421
-29.6088 -84.6949 2.44187 0.00287925 -29.231 -84.693 2.4421
-28.9393 -84.2692 2.43623 0.000909802 -29.231 -84.693 2.4421
-29.0272 -84.6499 2.44509 0.000668142 -29.231 -84.693 2.4421
-29.8943 -84.058 2.46293 1.87638e-27 -29.231 -84.693 2.4421
-29.6649 -84.3346 2.42217 0.0523274 -29.231 -84.693 2.4421
-28.9788 -84.3748 2.44235 0.000305688 -29.231 -84.693 2.4421
-29.1062 -84.9569 2.45529 8.48518e-08 -29.231 -84.693 2.4421
-29.0712 -84.2574 2.45401 1.54435e-10 -29.231 -84.693 2.4421
-29.3728 -84.9705 2.44647 0.00012408 -29.231 -84.693 2.4421
-29.9403 -84.845 2.45062 8.7464e-11 -29.231 -84.693 2.4421
-29.8049 -85.1982 2.44272 2.07633e-09 -29.231 -84.693 2.4421
-29.3766 -84.7667 2.45059 2.92486e-05 -29.231 -84.693 2.4421
-29.2449 -84.3792 2.44975 3.33136e-06 -29.231 -84.693 2.4421
-29.0066 -84.7275 2.44541 0.000345485 -29.231 -84.693 2.4421
-29.7639 -84.5419 2.46163 8.66948e-17 -29.231 -84.693 2.4421
-29.7402 -84.425 2.45595 8.27366e-13 -29.231 -84.693 2.4421
-29.8122 -84.699 2.42366 8.74004e-05 -29.231 -84.693 2.4421
-30.1909 -84.7127 2.44116 2.6904e-11 -29.231 -84.693 2.4421
-29.4189 -84.4176 2.4524 9.4725e-08 -29.231 -84.693 2.4421
-29.3554 -83.761 2.461 6.72336e-27 -29.231 -84.693 2.4421
-29.7893 -84.4302 2.45505 1.0512e-12 -29.231 -84.693 2.4421
-29.7611 -84.9071 2.44464 2.66853e-06 -29.231 -84.693 2.4421
-29.1514 -85.0219 2.4558 3.5028e-08 -29.231 -84.693 2.4421
-29.5847 -85.0891 2.4354 7.76729e-06 -29.231 -84.693 2.4421
-28.9658 -84.7052 2.44591 0.000136353 -29.231 -84.693 2.4421
-29.3838 -84.6145 2.44574 0.00226463 -29.231 -84.693 2.4421
-29.3316 -84.0785 2.43217 0.0250457 -29.231 -84.693 2.4421
-29.1715 -84.5856 2.43703 0.144146 -29.231 -84.693 2.4421
-29.3839 -84.4418 2.42153 0.085307 -29.231 -84.693 2.4421
-29.4824 -83.8737 2.45205 6.05091e-16 -29.231 -84.693 2.4421
-28.8508 -84.4635 2.45256 4.63694e-09 -29.231 -84.693 2.4421
-29.3936 -84.2987 2.44286 0.00111729 -29.231 -84.693 2.4421
-28.8018 -84.8919 2.46151 6.01027e-13 -29.231 -84.693 2.4421
-28.7804 -84.597 2.44316 8.12616e-06 -29.231 -84.693 2.4421
-29.8122 -83.9623 2.43567 4.97133e-07 -29.231 -84.693 2.4421
-29.2738 -84.5589 2.45783 6.90702e-10 -29.231 -84.693 2.4421
-29.3151 -84.7558 2.44493 0.0040436 -29.231 -84.693 2.4421
-29.4399 -84.7919 2.42739 0.00634817 -29.231 -84.693 2.4421
-28.9013 -83.8417 2.44298 1.09303e-11 -29.231 -84.693 2.4421
-29.2226 -84.3017 2.44705 1.6883e-05 -29.231 -84.693 2.4421
-30.186 -84.7157 2.44814 4.60741e-14 -29.231 -84.693 2.4421
-29.6777 -84.8706 2.44081 0.00021527 -29.231 -84.693 2.4421
-28.9577 -84.8165 2.43939 0.0004994 -29.231 -84.693 2.4421
-29.6571 -84.8058 2.45378 1.17897e-08 -29.231 -84.693 2.4421
-29.2075 -84.5021 2.44117 0.0342658 -29.231 -84.693 2.4421
-29.4196 -84.7169 2.44193 0.0199109 -29.231 -84.693 2.4421
-29.5544 -84.7772 2.44181 0.00356507 -29.231 -84.693 2.4421
-29.4071 -84.7164 2.43676 0.121514 -29.231 -84.693 2.4421
-29.1952 -84.619 2.42438 0.0111508 -29.231 -84.693 2.4421
-29.0342 -84.5425 2.45303 1.94224e-07 -29.231 -84.693 2.4421
-28.9965 -84.8761 2.43334 0.00018255 -29.231 -84.693 2.4421
-30.0091 -84.7516 2.46788 2.09552e-25 -29.231 -84.693 2.4421
-29.0574 -84.214 2.45655 4.62296e-13 -29.231 -84.693 2.4421
-29.3857 -84.6051 2.44399 0.0086748 -29.231 -84.693 2.4421
-29.119 -84.8937 2.43595 0.00175392 -29.231 -84.693 2.4421
-28.9262 -84.9348 2.43737 2.71695e-05 -29.231 -84.693 2.4421
-28.8037 -84.1325 2.45345 6.38969e-14 -29.231 -84.693 2.4421
-29.0922 -85.0341 2.45764 2.94305e-09 -29.231 -84.693 2.4421
-29.3454 -85.1407 2.45504 1.10853e-08 -29.231 -84.693 2.4421
-29.7699 -84.9134 2.44437 2.28637e-06 -29.231 -84.693 2.4421
-29.2407 -84.9409 2.44658 0.000213211 -29.231 -84.693 2.4421
-28.9009 -84.4717 2.44648 8.62847e-06 -29.231 -84.693 2.4421
-29.3857 -84.6351 2.44077 0.0610408 -29.231 -84.693 2.4421
-29.0281 -84.4498 2.43397 0.0367838 -29.231 -84.693 2.4421
-29.1084 -84.7366 2.45893 8.53117e-10 -29.231 -84.693 2.4421
-29.0309 -83.4898 2.43398 8.44176e-14 -29.231 -84.693 2.4421
-29.1687 -85.0199 2.4578 4.06471e-09 -29.231 -84.693 2.4421
-29.1267 -84.2323 2.45142 5.99756e-09 -29.231 -84.693 2.4421
-29.8133 -85.1596 2.44909 2.23142e-10 -29.231 -84.693 2.4421
-29.1342 -85.0113 2.44805 1.75872e-05 -29.231 -84.693 2.4421
-30.0479 -83.9959 2.44678 3.02197e-16 -29.231 -84.693 2.4421
-29.5364 -84.9212 2.45879 1.17864e-10 -29.231 -84.693 2.4421
-29.2053 -84.3339 2.45403 2.68128e-09 -29.231 -84.693 2.4421
-28.5325 -83.9322 2.44575 1.22256e-16 -29.231 -84.693 2.4421
-29.3387 -84.565 2.44672 0.000919859 -29.231 -84.693 2.4421
-29.7218 -84.51 2.45725 7.6101e-13 -29.231 -84.693 2.4421
-28.9731 -84.267 2.44655 1.01268e-06 -29.231 -84.693 2.4421
-29.3416 -84.9333 2.45128 7.00101e-06 -29.231 -84.693 2.4421
-29.4387 -84.8303 2.44562 0.000831723 -29.231 -84.693 2.4421
-29.2337 -84.7648 2.44243 0.0125592 -29.231 -84.693 2.4421
-29.3341 -84.4504 2.44575 0.00082531 -29.231 -84.693 2.4421
-29.9522 -84.5837 2.47088 4.45855e-29 -29.231 -84.693 2.4421
-29.278 -85.1161 2.45675 4.04708e-09 -29.231 -84.693 2.4421
-29.2074 -85.3694 2.45113 5.29611e-10 -29.231 -84.693 2.4421
-29.068 -84.2664 2.44754 1.34871e-06 -29.231 -84.693 2.4421
-29.5184 -84.3763 2.45722 3.61602e-12 -29.231 -84.693 2.4421
-29.3872 -84.9032 2.43858 0.00565429 -29.231 -84.693 2.4421
