108.242 19.3971 0.0655603 0.00351192 108.17 19.24 0.061604
108.521 19.3962 0.042389 1.34957e-08 108.17 19.24 0.061604
107.87 19.3132 0.0416292 2.27179e-12 108.17 19.24 0.061604
107.491 19.6834 0.0458419 3.14435e-21 108.17 19.24 0.061604
107.483 19.1655 0.0583258 3.208e-09 108.17 19.24 0.061604
108.535 19.3475 0.0676682 1.79464e-05 108.17 19.24 0.061604
108.597 19.0003 0.0410857 1.94169e-08 108.17 19.24 0.061604
108.248 19.5624 0.0563676 4.26072e-05 108.17 19.24 0.061604
108.087 19.6202 0.0537677 6.01534e-07 108.17 19.24 0.061604
108.044 19.4553 0.0386782 1.14285e-13 108.17 19.24 0.061604
108.342 19.3634 0.0609173 0.00963233 108.17 19.24 0.061604
108.137 19.4804 0.0691321 0.000104311 108.17 19.24 0.061604
107.602 19.0924 0.0645191 1.66245e-05 108.17 19.24 0.061604
108.053 19.2298 0.0611467 0.0985713 108.17 19.24 0.061604
107.848 19.4446 0.0541965 1.59688e-06 108.17 19.24 0.061604
107.587 19.2486 0.0489516 6.19655e-12 108.17 19.24 0.061604
108.066 19.4151 0.0572626 0.00150216 108.17 19.24 0.061604
108.689 19.2642 0.0599356 3.83253e-05 108.17 19.24 0.061604
107.834 18.9862 0.0432707 4.67325e-11 108.17 19.24 0.061604
108.156 18.8727 0.0657128 0.108509 108.17 19.24 0.061604
108.087 19.1615 0.05335 0.00864884 108.17 19.24 0.061604
108.813 19.5529 0.0517882 6.97035e-10 108.17 19.24 0.061604
108.128 19.2994 0.0525179 0.00168044 108.17 19.24 0.061604
107.755 19.4285 0.0473174 3.97979e-11 108.17 19.24 0.061604
107.562 19.039 0.0574575 8.97159e-08 108.17 19.24 0.061604
108.363 19.7551 0.0486743 1.96549e-10 108.17 19.24 0.061604
108.698 19.7026 0.065541 5.23615e-12 108.17 19.24 0.061604
107.347 19.5013 0.0607742 3.0506e-14 108.17 19.24 0.061604
108.416 18.9654 0.0488505 0.000559057 108.17 19.24 0.061604
108.236 19.5746 0.0799554 1.05424e-11 108.17 19.24 0.061604
108.138 19.4291 0.0414365 2.45416e-10 108.17 19.24 0.061604
107.471 19.5312 0.0323982 5.08316e-33 108.17 19.24 0.061604
108.368 19.5975 0.0654789 2.1583e-06 108.17 19.24 0.061604
107.768 19.3481 0.0508481 3.61263e-08 108.17 19.24 0.061604
108.122 19.4964 0.0517985 1.21159e-05 108.17 19.24 0.061604
107.841 19.0879 0.0725216 0.00143045 108.17 19.24 0.061604
107.829 19.9317 0.0627052 6.17357e-14 108.17 19.24 0.061604
107.683 19.4685 0.0595479 1.69974e-07 108.17 19.24 0.061604
108.464 19.4616 0.0590247 0.000204262 108.17 19.24 0.061604
108.068 19.4897 0.0520394 8.72195e-06 108.17 19.24 0.061604
108.223 19.7246 0.059932 1.52964e-07 108.17 19.24 0.061604
107.891 19.7858 0.0584232 2.17988e-10 108.17 19.24 0.061604
108.035 19.7369 0.0552153 6.16262e-09 108.17 19.24 0.061604
108.044 20.0349 0.0610159 3.01694e-15 108.17 19.24 0.061604
108.337 19.5627 0.0515902 3.44142e-06 108.17 19.24 0.061604
107.989 19.5706 0.0658199 1.41725e-05 108.17 19.24 0.061604
107.692 19.3786 0.0684895 7.38282e-06 108.17 19.24 0.061604
107.997 19.4603 0.0570193 0.000172098 108.17 19.24 0.061604
108.31 18.8601 0.057951 0.0612331 108.17 19.24 0.061604
107.944 19.4022 0.0553972 0.000109255 108.17 19.24 0.061604
107.835 19.675 0.0607683 1.91176e-08 108.17 19.24 0.061604
107.644 19.0428 0.0633243 5.88606e-05 108.17 19.24 0.061604
108.141 19.4158 0.048162 3.66003e-06 108.17 19.24 0.061604
108.081 19.6761 0.0616867 8.83736e-07 108.17 19.24 0.061604
108.216 18.642 0.0621633 0.0017841 108.17 19.24 0.061604
108.066 19.482 0.0448382 3.12307e-09 108.17 19.24 0.061604
107.803 19.3056 0.057933 0.000110157 108.17 19.24 0.061604
107.772 19.7252 0.0708453 1.45438e-10 108.17 19.24 0.061604
107.908 19.0623 0.0492958 5.78329e-06 108.17 19.24 0.061604
107.908 19.4503 0.0628113 0.000249549 108.17 19.24 0.061604
108.608 19.6717 0.0572269 8.70535e-09 108.17 19.24 0.061604
107.833 19.6362 0.0624717 1.20421e-07 108.17 19.24 0.061604
108.01 19.888 0.0540848 1.13819e-12 108.17 19.24 0.061604
108.471 19.7734 0.0772594 4.46371e-16 108.17 19.24 0.061604
108.747 18.9827 0.0558414 2.69231e-05 108.17 19.24 0.061604
108.175 19.5408 0.0587037 0.000147729 108.17 19.24 0.061604
107.938 19.2719 0.0568741 0.00254319 108.17 19.24 0.061604
107.713 19.5606 0.0548429 1.23628e-09 108.17 19.24 0.061604
108.362 19.1505 0.0485513 0.00067193 108.17 19.24 0.061604
107.638 19.352 0.0576724 1.56016e-07 108.17 19.24 0.061604
107.648 19.6643 0.0735838 2.32975e-11 108.17 19.24 0.061604
108.07 19.0446 0.054001 0.0147084 108.17 19.24 0.061604
108.161 19.7616 0.0598049 2.68528e-08 108.17 19.24 0.061604
108.208 19.2456 0.0635838 0.118233 108.17 19.24 0.061604
107.819 19.0468 0.0567829 0.000604051 108.17 19.24 0.061604
107.94 18.7698 0.0563601 0.00047719 108.17 19.24 0.061604
108.38 19.6742 0.0580354 4.63038e-07 108.17 19.24 0.061604
108.168 19.5545 0.0578069 7.49854e-05 108.17 19.24 0.061604
107.297 19.31 0.0458013 3.33857e-22 108.17 19.24 0.061604
107.69 19.6479 0.0683834 1.47926e-09 108.17 19.24 0.061604
108.124 19.4752 0.0718609 1.74765e-05 108.17 19.24 0.061604
107.955 18.9343 0.0627394 0.0676719 108.17 19.24 0.061604
107.996 18.4451 0.0458825 8.1789e-13 108.17 19.24 0.061604
108.482 19.718 0.0677567 3.69578e-10 108.17 19.24 0.061604
108.634 19.6027 0.0521575 2.5571e-08 108.17 19.24 0.061604
108.02 18.9965 0.0632375 0.218207 108.17 19.24 0.061604
107.796 19.293 0.0524335 1.36462e-06 108.17 19.24 0.061604
108.324 19.3441 0.0392395 3.4752e-10 108.17 19.24 0.061604
107.692 19.0502 0.0585829 3.60815e-05 108.17 19.24 0.061604
108.292 19.0437 0.0639126 0.239111 108.17 19.24 0.061604
108.205 19.5229 0.056901 0.000174104 108.17 19.24 0.061604
108.299 19.2246 0.0412943 3.8787e-08 108.17 19.24 0.061604
108.478 19.5823 0.0383632 3.35706e-13 108.17 19.24 0.061604
108.258 19.289 0.0645541 0.0379651 108.17 19.24 0.061604
108.499 19.3535 0.0560869 0.00107779 108.17 19.24 0.061604
107.538 19.7562 0.0504514 2.13965e-18 108.17 19.24 0.061604
107.315 19.7433 0.0440723 1.10278e-28 108.17 19.24 0.061604
107.953 18.4516 0.067261 6.15518e-07 108.17 19.24 0.061604
108.454 19.5941 0.04779 3.51725e-08 108.17 19.24 0.061604
108.194 19.5242 0.0495014 1.4621e-06 108.17 19.24 0.061604
