83.546 16.8467 0.0737274 4.36479e-07 83.626 16.815 0.095586
84.1294 16.7054 0.108032 6.75499e-08 83.626 16.815 0.095586
83.3732 16.7444 0.0974424 0.0691372 83.626 16.815 0.095586
83.4125 16.5769 0.0972183 0.0830383 83.626 16.815 0.095586
83.9138 16.521 0.0833291 0.000414925 83.626 16.815 0.095586
83.5513 16.6974 0.076483 2.75998e-05 83.626 16.815 0.095586
83.7273 16.8581 0.0871248 0.0142834 83.626 16.815 0.095586
83.6033 17.1374 0.098304 0.000596413 83.626 16.815 0.095586
83.9426 16.7844 0.0931246 0.00480909 83.626 16.815 0.095586
84.0548 17.2481 0.103885 3.24502e-09 83.626 16.815 0.095586
82.9034 17.3771 0.100795 1.43696e-12 83.626 16.815 0.095586
84.1479 16.5629 0.0992283 5.93211e-06 83.626 16.815 0.095586
84.5075 16.2931 0.0975792 5.25744e-14 83.626 16.815 0.095586
83.4884 17.0406 0.0998341 0.00338488 83.626 16.815 0.095586
83.8376 17.0293 0.115133 4.8965e-09 83.626 16.815 0.095586
83.344 17.3299 0.0849982 1.4778e-08 83.626 16.815 0.095586
84.1272 16.7451 0.107298 1.2921e-07 83.626 16.815 0.095586
83.6771 16.4282 0.0807912 0.00034922 83.626 16.815 0.095586
83.793 16.1844 0.0889728 5.79043e-05 83.626 16.815 0.095586
83.4616 17.1105 0.0839774 2.63764e-05 83.626 16.815 0.095586
83.2263 16.9094 0.101061 0.00108358 83.626 16.815 0.095586
83.8758 16.4183 0.101988 0.000344644 83.626 16.815 0.095586
83.8324 16.7039 0.0994736 0.0161842 83.626 16.815 0.095586
83.1729 16.8055 0.0673473 2.01992e-13 83.626 16.815 0.095586
83.5824 16.6713 0.0856803 0.0328953 83.626 16.815 0.095586
83.4205 16.5106 0.0961005 0.0603723 83.626 16.815 0.095586
83.8764 16.8805 0.0874201 0.00228514 83.626 16.815 0.095586
83.688 16.4856 0.104843 0.00196806 83.626 16.815 0.095586
84.2405 16.8346 0.0899943 5.7474e-07 83.626 16.815 0.095586
83.7444 16.7845 0.0858505 0.0137232 83.626 16.815 0.095586
83.5176 17.7136 0.0801862 1.96781e-17 83.626 16.815 0.095586
83.8855 16.9653 0.0684706 2.04913e-11 83.626 16.815 0.095586
83.6473 16.6759 0.110777 9.0186e-05 83.626 16.815 0.095586
83.8201 17.5052 0.0950385 3.06857e-10 83.626 16.815 0.095586
83.5096 16.8766 0.0966281 0.0769596 83.626 16.815 0.095586
84.2057 17.5633 0.101353 3.35239e-16 83.626 16.815 0.095586
83.3385 16.678 0.0989576 0.0390744 83.626 16.815 0.095586
83.3665 16.8728 0.10789 0.000350343 83.626 16.815 0.095586
83.8865 16.6925 0.0932172 0.0187622 83.626 16.815 0.095586
83.7438 17.2737 0.0881997 1.90761e-06 83.626 16.815 0.095586
83.8012 16.8288 0.0978164 0.0230655 83.626 16.815 0.095586
84.1389 17.3413 0.0746883 6.52783e-15 83.626 16.815 0.095586
83.9652 16.939 0.0887079 0.000313962 83.626 16.815 0.095586
83.4668 16.6171 0.0940268 0.177638 83.626 16.815 0.095586
83.6356 16.8773 0.0980739 0.0582782 83.626 16.815 0.095586
83.9365 16.8513 0.0973771 0.00211527 83.626 16.815 0.095586
83.5265 16.9369 0.0832627 0.000835695 83.626 16.815 0.095586
83.9122 17.3098 0.114472 1.96869e-12 83.626 16.815 0.095586
83.1789 17.0425 0.101876 4.13415e-05 83.626 16.815 0.095586
83.5862 16.3873 0.0987288 0.0130042 83.626 16.815 0.095586
84.0227 16.8198 0.0890547 0.000382177 83.626 16.815 0.095586
84.1276 16.9803 0.0883635 2.45461e-06 83.626 16.815 0.095586
83.6477 16.6544 0.080338 0.00109233 83.626 16.815 0.095586
83.803 17.4106 0.0880301 5.87448e-09 83.626 16.815 0.095586
83.3013 16.8781 0.107481 0.000216658 83.626 16.815 0.095586
83.2982 16.8518 0.101701 0.00512733 83.626 16.815 0.095586
84.0084 17.004 0.0985466 3.9445e-05 83.626 16.815 0.095586
83.7275 17.0322 0.0894655 0.00218845 83.626 16.815 0.095586
83.2826 17.0962 0.101713 8.92041e-05 83.626 16.815 0.095586
84.0227 17.2661 0.0952412 6.96476e-08 83.626 16.815 0.095586
83.8785 16.9847 0.0857268 0.000232621 83.626 16.815 0.095586
83.5456 16.6487 0.0910973 0.192201 83.626 16.815 0.095586
83.3374 17.4661 0.0785354 2.2504e-13 83.626 16.815 0.095586
83.6987 17.103 0.0875051 0.000278358 83.626 16.815 0.095586
83.9338 16.8985 0.0743541 5.35957e-08 83.626 16.815 0.095586
83.5614 17.3432 0.092335 1.01622e-06 83.626 16.815 0.095586
83.9488 16.563 0.0760278 1.18333e-06 83.626 16.815 0.095586
84.0771 16.8163 0.0850012 2.48461e-05 83.626 16.815 0.095586
83.848 17.2666 0.101786 5.32112e-07 83.626 16.815 0.095586
83.4872 17.0793 0.0866737 0.000315324 83.626 16.815 0.095586
83.3946 17.1323 0.0744625 1.01072e-09 83.626 16.815 0.095586
84.2378 16.6536 0.0615041 3.49446e-18 83.626 16.815 0.095586
83.7141 16.9068 0.101749 0.00792337 83.626 16.815 0.095586
83.9054 17.0135 0.0918573 0.000524717 83.626 16.815 0.095586
84.1277 17.0907 0.110906 8.02077e-11 83.626 16.815 0.095586
84.2588 17.0148 0.0951623 2.46015e-08 83.626 16.815 0.095586
83.5736 17.4004 0.101104 6.58526e-08 83.626 16.815 0.095586
83.4381 17.1065 0.094329 0.00102558 83.626 16.815 0.095586
84.0984 16.4892 0.073008 1.3347e-09 83.626 16.815 0.095586
84.1708 17.1409 0.0892478 2.45359e-08 83.626 16.815 0.095586
83.3194 16.7262 0.0931262 0.0382102 83.626 16.815 0.095586
83.8195 16.7759 0.103959 0.00209746 83.626 16.815 0.095586
83.7218 17.2097 0.0992039 3.54766e-05 83.626 16.815 0.095586
84.4266 16.8721 0.106294 5.95545e-13 83.626 16.815 0.095586
83.2066 17.401 0.0938318 3.0582e-09 83.626 16.815 0.095586
83.6169 17.0155 0.100058 0.00522588 83.626 16.815 0.095586
84.185 16.5767 0.0951465 5.84253e-06 83.626 16.815 0.095586
83.7778 16.963 0.0954693 0.00891819 83.626 16.815 0.095586
83.7946 16.5238 0.112555 1.10098e-06 83.626 16.815 0.095586
83.9271 16.3886 0.0834941 8.03339e-05 83.626 16.815 0.095586
83.9773 16.8046 0.0933283 0.00202151 83.626 16.815 0.095586
83.7682 17.0704 0.0842821 7.31842e-05 83.626 16.815 0.095586
83.6785 16.7546 0.111673 2.87751e-05 83.626 16.815 0.095586
83.9867 16.6301 0.0733687 4.44446e-08 83.626 16.815 0.095586
84.1534 16.6748 0.106056 1.49281e-07 83.626 16.815 0.095586
83.7201 16.4582 0.09917 0.0161126 83.626 16.815 0.095586
83.7433 17.1511 0.10864 9.98256e-07 83.626 16.815 0.095586
83.6133 17.0084 0.112483 1.85324e-06 83.626 16.815 0.095586
84.2041 16.8453 0.10074 3.5715e-07 83.626 16.815 0.095586
83.4401 16.6126 0.070704 1.23289e-08 83.626 16.815 0.095586
