116.398 -23.4754 3.40533 7.85392e-06 115.97 -23.064 3.4033
115.902 -23.6298 3.41011 8.92158e-06 115.97 -23.064 3.4033
115.18 -22.7372 3.38624 3.79802e-05 115.97 -23.064 3.4033
115.585 -23.8303 3.41242 3.86384e-12 115.97 -23.064 3.4033
115.9 -23.6373 3.39397 3.22116e-07 115.97 -23.064 3.4033
116.304 -23.3851 3.39308 2.92572e-08 115.97 -23.064 3.4033
115.551 -23.1212 3.4262 1.42152e-15 115.97 -23.064 3.4033
117.099 -23.93 3.40492 3.68586e-27 115.97 -23.064 3.4033
116.11 -23.1412 3.40357 0.180989 115.97 -23.064 3.4033
116.472 -23.4073 3.4091 2.17981e-05 115.97 -23.064 3.4033
115.818 -22.8355 3.39246 0.0533106 115.97 -23.064 3.4033
116.053 -24.2333 3.40816 2.43539e-18 115.97 -23.064 3.4033
115.646 -23.3855 3.38534 2.61165e-06 115.97 -23.064 3.4033
115.96 -24.1374 3.41128 6.42836e-16 115.97 -23.064 3.4033
116.102 -23.7929 3.40223 1.01401e-08 115.97 -23.064 3.4033
115.485 -23.187 3.3894 0.00361476 115.97 -23.064 3.4033
116.23 -23.5412 3.41498 2.23291e-05 115.97 -23.064 3.4033
116.343 -23.5759 3.40461 1.30239e-06 115.97 -23.064 3.4033
116.203 -23.3698 3.38559 2.40351e-11 115.97 -23.064 3.4033
115.815 -22.8157 3.3952 0.165796 115.97 -23.064 3.4033
116.145 -23.0893 3.41015 0.108695 115.97 -23.064 3.4033
115.634 -23.6905 3.41303 1.80899e-09 115.97 -23.064 3.4033
116.331 -24.1817 3.41042 6.87669e-18 115.97 -23.064 3.4033
116.409 -23.3622 3.4067 0.000117799 115.97 -23.064 3.4033
116.415 -23.2033 3.40303 0.000181116 115.97 -23.064 3.4033
116.259 -23.6982 3.402 2.94098e-08 115.97 -23.064 3.4033
115.599 -23.2855 3.40841 0.000616277 115.97 -23.064 3.4033
116.59 -23.0101 3.42282 9.08728e-07 115.97 -23.064 3.4033
115.875 -23.604 3.42784 2.89362e-14 115.97 -23.064 3.4033
116.281 -23.2528 3.41154 0.00826201 115.97 -23.064 3.4033
115.739 -23.2026 3.40688 0.049374 115.97 -23.064 3.4033
115.876 -23.3241 3.39644 0.0136448 115.97 -23.064 3.4033
116.253 -23.0737 3.42081 8.66555e-05 115.97 -23.064 3.4033
116.012 -23.6212 3.41685 4.67089e-07 115.97 -23.064 3.4033
116.248 -23.4586 3.39866 7.66481e-06 115.97 -23.064 3.4033
116.108 -23.9812 3.40717 5.07408e-12 115.97 -23.064 3.4033
116.384 -22.9849 3.41436 0.00207282 115.97 -23.064 3.4033
116.256 -22.8689 3.39386 3.72084e-05 115.97 -23.064 3.4033
115.643 -23.2424 3.40493 0.0200284 115.97 -23.064 3.4033
116.248 -23.5278 3.40264 1.56887e-05 115.97 -23.064 3.4033
115.855 -23.1071 3.38149 1.54968e-07 115.97 -23.064 3.4033
115.47 -22.9721 3.41452 5.32395e-08 115.97 -23.064 3.4033
116.237 -22.7896 3.39068 1.29307e-06 115.97 -23.064 3.4033
116.218 -23.2682 3.39516 4.33179e-05 115.97 -23.064 3.4033
116.942 -23.9764 3.40178 5.43408e-26 115.97 -23.064 3.4033
116.177 -23.2877 3.42181 1.04301e-05 115.97 -23.064 3.4033
115.91 -22.944 3.41853 2.68924e-05 115.97 -23.064 3.4033
116.141 -23.4379 3.41671 9.74553e-05 115.97 -23.064 3.4033
115.912 -23.4741 3.41274 0.000164809 115.97 -23.064 3.4033
116.308 -23.36 3.40552 0.000800798 115.97 -23.064 3.4033
116.5 -23.7571 3.40491 3.26098e-11 115.97 -23.064 3.4033
115.807 -23.557 3.37445 1.26345e-17 115.97 -23.064 3.4033
115.778 -23.3651 3.39272 0.00122455 115.97 -23.064 3.4033
116.179 -22.5034 3.40354 6.99525e-05 115.97 -23.064 3.4033
116.26 -23.0978 3.40355 0.0218965 115.97 -23.064 3.4033
116.482 -23.5625 3.40362 2.2984e-08 115.97 -23.064 3.4033
115.361 -23.341 3.41729 1.69168e-12 115.97 -23.064 3.4033
115.777 -23.5772 3.403 0.000103068 115.97 -23.064 3.4033
116.299 -23.5812 3.40928 9.99381e-06 115.97 -23.064 3.4033
116.12 -23.175 3.39834 0.0165318 115.97 -23.064 3.4033
116.024 -23.1264 3.41374 0.0168628 115.97 -23.064 3.4033
115.774 -23.5602 3.39747 7.14215e-05 115.97 -23.064 3.4033
116.039 -23.1238 3.41487 0.00804849 115.97 -23.064 3.4033
116.254 -23.3823 3.41051 0.00206019 115.97 -23.064 3.4033
116.155 -23.7376 3.4148 6.64166e-08 115.97 -23.064 3.4033
115.992 -23.8449 3.42296 2.79876e-13 115.97 -23.064 3.4033
116.639 -23.8161 3.40549 3.16912e-14 115.97 -23.064 3.4033
116.244 -23.4014 3.4103 0.00164375 115.97 -23.064 3.4033
116.79 -22.9162 3.41001 1.46652e-08 115.97 -23.064 3.4033
116.427 -23.2957 3.39832 8.82581e-07 115.97 -23.064 3.4033
116.131 -23.1851 3.40472 0.119456 115.97 -23.064 3.4033
116.173 -23.6661 3.39006 4.63602e-12 115.97 -23.064 3.4033
115.486 -23.1303 3.40539 0.00160493 115.97 -23.064 3.4033
115.591 -23.2981 3.40377 0.00636065 115.97 -23.064 3.4033
115.782 -22.9894 3.41304 0.00173715 115.97 -23.064 3.4033
116.022 -23.958 3.41082 1.75822e-11 115.97 -23.064 3.4033
115.888 -23.2353 3.42525 1.24386e-09 115.97 -23.064 3.4033
116.457 -23.7905 3.41495 5.23365e-10 115.97 -23.064 3.4033
115.943 -23.4592 3.39028 1.92382e-06 115.97 -23.064 3.4033
116.042 -23.52 3.40753 0.000602783 115.97 -23.064 3.4033
116.158 -23.9049 3.39937 3.6984e-12 115.97 -23.064 3.4033
116.343 -22.9565 3.40686 0.0088939 115.97 -23.064 3.4033
116.192 -23.3649 3.41306 0.00243808 115.97 -23.064 3.4033
115.895 -23.2024 3.41761 8.53525e-05 115.97 -23.064 3.4033
116.137 -23.5348 3.40836 0.000230468 115.97 -23.064 3.4033
116.365 -23.5402 3.39838 2.19211e-08 115.97 -23.064 3.4033
116.092 -23.3083 3.39926 0.00696435 115.97 -23.064 3.4033
115.822 -23.2973 3.39225 0.00264317 115.97 -23.064 3.4033
116.44 -23.39 3.40649 2.97062e-05 115.97 -23.064 3.4033
115.968 -23.1401 3.39615 0.0659592 115.97 -23.064 3.4033
116.19 -23.5849 3.40455 1.74744e-05 115.97 -23.064 3.4033
115.53 -23.597 3.40963 4.58603e-08 115.97 -23.064 3.4033
116.532 -24.0108 3.38141 2.09889e-34 115.97 -23.064 3.4033
116.641 -22.8755 3.3896 5.09224e-15 115.97 -23.064 3.4033
116.85 -23.529 3.40184 1.21072e-15 115.97 -23.064 3.4033
116.791 -23.5204 3.38989 9.24416e-23 115.97 -23.064 3.4033
116.059 -23.2582 3.406 0.106291 115.97 -23.064 3.4033
116.138 -23.1959 3.42995 1.01289e-10 115.97 -23.064 3.4033
116.064 -23.5812 3.41045 6.03996e-05 115.97 -23.064 3.4033
116.035 -23.793 3.41053 3.5104e-08 115.97 -23.064 3.4033
