-16.7823 -91.4543 2.74383 0.000231536 -16.72 -91.794 2.7375
-16.723 -91.9642 2.73234 0.00898906 -16.72 -91.794 2.7375
-16.9467 -92.1457 2.71961 1.38348e-07 -16.72 -91.794 2.7375
-16.4248 -91.7372 2.73064 0.00964779 -16.72 -91.794 2.7375
-16.616 -92.0547 2.72662 0.000193212 -16.72 -91.794 2.7375
-16.4165 -91.5104 2.72892 0.00170505 -16.72 -91.794 2.7375
-17.0038 -92.2737 2.71161 5.40806e-13 -16.72 -91.794 2.7375
-16.7404 -92.2871 2.73192 3.50846e-06 -16.72 -91.794 2.7375
-16.3585 -92.0734 2.75848 3.32453e-08 -16.72 -91.794 2.7375
-16.9441 -91.418 2.73013 0.000815274 -16.72 -91.794 2.7375
-16.474 -91.7598 2.73737 0.0641871 -16.72 -91.794 2.7375
-16.6571 -91.9147 2.72066 3.79855e-05 -16.72 -91.794 2.7375
-16.9476 -91.5469 2.7422 8.31395e-05 -16.72 -91.794 2.7375
-16.24 -91.6655 2.71358 5.41392e-12 -16.72 -91.794 2.7375
-16.3745 -91.7856 2.74292 0.0160567 -16.72 -91.794 2.7375
-16.718 -91.6412 2.73538 0.0624874 -16.72 -91.794 2.7375
-16.7338 -91.7471 2.73373 0.0632264 -16.72 -91.794 2.7375
-16.6362 -91.5354 2.73841 0.0289884 -16.72 -91.794 2.7375
-17.1367 -91.9588 2.72835 1.62452e-05 -16.72 -91.794 2.7375
-17.5232 -91.3942 2.74549 1.89261e-17 -16.72 -91.794 2.7375
-16.6598 -91.5311 2.72716 0.00854356 -16.72 -91.794 2.7375
-16.4065 -91.5148 2.73347 0.00815556 -16.72 -91.794 2.7375
-16.6972 -91.7198 2.74026 0.0313131 -16.72 -91.794 2.7375
-16.8044 -91.7518 2.73602 0.0293312 -16.72 -91.794 2.7375
-16.9249 -91.5636 2.73804 0.001439 -16.72 -91.794 2.7375
-16.7247 -91.989 2.73859 0.00531249 -16.72 -91.794 2.7375
-16.2273 -91.8355 2.75214 6.35932e-05 -16.72 -91.794 2.7375
-15.9851 -92.0137 2.73489 1.22902e-07 -16.72 -91.794 2.7375
-16.8399 -91.6448 2.7208 0.000446461 -16.72 -91.794 2.7375
-16.7564 -92.4115 2.73288 4.33983e-08 -16.72 -91.794 2.7375
-16.6883 -91.9674 2.73881 0.00926201 -16.72 -91.794 2.7375
-16.528 -91.492 2.7444 0.00287622 -16.72 -91.794 2.7375
-16.2505 -91.621 2.74312 0.00305826 -16.72 -91.794 2.7375
-16.6732 -91.6923 2.73275 0.078462 -16.72 -91.794 2.7375
-16.5645 -92.1547 2.75874 8.83569e-10 -16.72 -91.794 2.7375
-16.6134 -92.166 2.75093 1.1097e-06 -16.72 -91.794 2.7375
-17.2605 -91.9878 2.73414 1.2738e-07 -16.72 -91.794 2.7375
-16.7015 -91.8336 2.73529 0.0503126 -16.72 -91.794 2.7375
-17.0024 -91.729 2.72929 0.00221293 -16.72 -91.794 2.7375
-16.8874 -91.2341 2.74191 1.03554e-06 -16.72 -91.794 2.7375
-16.6473 -91.5504 2.73076 0.0312112 -16.72 -91.794 2.7375
-16.8518 -92.3629 2.73725 1.06818e-07 -16.72 -91.794 2.7375
-16.6597 -91.6879 2.74258 0.0166489 -16.72 -91.794 2.7375
-16.8212 -91.2222 2.73583 3.54083e-05 -16.72 -91.794 2.7375
-17.1869 -91.6186 2.73511 7.83922e-06 -16.72 -91.794 2.7375
-16.6138 -91.5549 2.72888 0.0169461 -16.72 -91.794 2.7375
-16.5253 -91.6076 2.73004 0.0201393 -16.72 -91.794 2.7375
-16.4187 -92.0802 2.72503 3.42244e-06 -16.72 -91.794 2.7375
-17.1893 -92.0365 2.71917 4.91627e-08 -16.72 -91.794 2.7375
-17.2915 -92.0236 2.73503 1.62397e-08 -16.72 -91.794 2.7375
-17.5515 -91.6172 2.73489 1.92565e-12 -16.72 -91.794 2.7375
-16.5407 -91.7526 2.72355 0.000592372 -16.72 -91.794 2.7375
-17.1734 -91.6786 2.74195 2.66713e-07 -16.72 -91.794 2.7375
-16.6299 -91.93 2.71407 1.76288e-08 -16.72 -91.794 2.7375
-16.5563 -91.6888 2.72306 0.000599038 -16.72 -91.794 2.7375
-16.7685 -92.1008 2.71475 4.45962e-09 -16.72 -91.794 2.7375
-16.6445 -91.73 2.73355 0.0868154 -16.72 -91.794 2.7375
-16.9042 -91.2906 2.7251 5.51821e-05 -16.72 -91.794 2.7375
-15.8199 -91.4116 2.7489 1.93233e-09 -16.72 -91.794 2.7375
-17.1106 -91.7477 2.74243 1.74251e-06 -16.72 -91.794 2.7375
-16.867 -91.6858 2.74043 0.00292701 -16.72 -91.794 2.7375
-16.8392 -91.8085 2.75325 1.35701e-07 -16.72 -91.794 2.7375
-16.7161 -91.4037 2.72325 0.000327682 -16.72 -91.794 2.7375
-17.197 -91.6506 2.73897 8.63524e-07 -16.72 -91.794 2.7375
-16.9816 -91.8782 2.73249 0.00135698 -16.72 -91.794 2.7375
-16.6034 -91.6939 2.73737 0.0910079 -16.72 -91.794 2.7375
-16.0419 -91.9469 2.73651 4.69868e-06 -16.72 -91.794 2.7375
-16.2898 -91.8046 2.72377 4.2242e-06 -16.72 -91.794 2.7375
-17.5784 -91.9978 2.73057 4.35171e-13 -16.72 -91.794 2.7375
-17.2053 -91.5611 2.715 1.29663e-07 -16.72 -91.794 2.7375
-16.5322 -91.7589 2.73667 0.0837339 -16.72 -91.794 2.7375
-17.8779 -92.0327 2.75135 1.31613e-31 -16.72 -91.794 2.7375
-16.4915 -91.5544 2.74323 0.0103295 -16.72 -91.794 2.7375
-16.8453 -92.0202 2.74491 3.75131e-05 -16.72 -91.794 2.7375
-16.682 -91.682 2.73223 0.071762 -16.72 -91.794 2.7375
-16.7019 -91.6226 2.74604 0.00110085 -16.72 -91.794 2.7375
-16.7194 -91.6855 2.74318 0.00677957 -16.72 -91.794 2.7375
-17.1007 -91.8802 2.73488 5.84276e-05 -16.72 -91.794 2.7375
-16.6273 -91.5041 2.73498 0.0312705 -16.72 -91.794 2.7375
-16.4685 -91.2898 2.73327 0.000366442 -16.72 -91.794 2.7375
-16.9462 -91.5867 2.73599 0.00229584 -16.72 -91.794 2.7375
-16.652 -91.6881 2.74987 0.000151339 -16.72 -91.794 2.7375
-16.9819 -91.6654 2.74816 5.51168e-07 -16.72 -91.794 2.7375
-16.5805 -92.097 2.70055 1.20435e-20 -16.72 -91.794 2.7375
-16.397 -92.1059 2.7219 6.56671e-08 -16.72 -91.794 2.7375
-16.4286 -91.516 2.75362 6.82806e-06 -16.72 -91.794 2.7375
-16.6729 -91.532 2.72318 0.00107963 -16.72 -91.794 2.7375
-16.5376 -91.521 2.73797 0.0293288 -16.72 -91.794 2.7375
-16.8703 -91.9531 2.72711 0.00107977 -16.72 -91.794 2.7375
-16.6468 -91.6396 2.75435 1.4286e-06 -16.72 -91.794 2.7375
-16.8875 -91.331 2.75525 1.30754e-11 -16.72 -91.794 2.7375
-16.4629 -92.2434 2.7327 8.70566e-06 -16.72 -91.794 2.7375
-16.3516 -91.6629 2.73058 0.00309308 -16.72 -91.794 2.7375
-16.7953 -91.6767 2.75883 1.99316e-10 -16.72 -91.794 2.7375
-17.1821 -91.9968 2.70882 1.07383e-11 -16.72 -91.794 2.7375
-16.0659 -91.9713 2.73995 1.88142e-05 -16.72 -91.794 2.7375
-16.6702 -91.9265 2.72439 0.000609494 -16.72 -91.794 2.7375
-16.9179 -91.8356 2.72372 0.000711438 -16.72 -91.794 2.7375
-16.8723 -92.1826 2.73395 2.9036e-05 -16.72 -91.794 2.7375
-16.0276 -91.9172 2.72508 8.71552e-10 -16.72 -91.794 2.7375
