138.902 21.3144 0.0594267 5.65296e-06 138.82 21.036 0.059665
139.374 21.1731 0.052029 2.2321e-11 138.82 21.036 0.059665
138.855 20.5487 0.061705 0.00392643 138.82 21.036 0.059665
139.283 20.6733 0.0496518 2.20705e-10 138.82 21.036 0.059665
139.137 21.6682 0.0667819 3.39378e-19 138.82 21.036 0.059665
138.671 21.1291 0.0607069 0.0122721 138.82 21.036 0.059665
138.988 21.4784 0.0416372 3.87264e-14 138.82 21.036 0.059665
139.027 21.5378 0.0465612 5.44134e-13 138.82 21.036 0.059665
138.68 21.4452 0.0640992 8.52612e-08 138.82 21.036 0.059665
138.354 21.2121 0.0727226 4.21939e-06 138.82 21.036 0.059665
138.556 20.9792 0.0549468 0.00282564 138.82 21.036 0.059665
138.474 21.1258 0.0707792 0.000855549 138.82 21.036 0.059665
138.477 21.8113 0.0523552 5.57603e-17 138.82 21.036 0.059665
139.146 21.5314 0.0520701 9.16896e-13 138.82 21.036 0.059665
139.097 21.1443 0.0306114 4.2265e-21 138.82 21.036 0.059665
138.836 21.3374 0.0522139 7.27825e-07 138.82 21.036 0.059665
139.337 21.5623 0.0543502 1.33061e-16 138.82 21.036 0.059665
138.608 20.9011 0.0528541 0.000840283 138.82 21.036 0.059665
138.662 21.6361 0.0817239 8.54444e-23 138.82 21.036 0.059665
138.603 21.1801 0.0499762 2.37232e-06 138.82 21.036 0.059665
138.774 21.0956 0.0584396 0.00969436 138.82 21.036 0.059665
138.798 20.8769 0.0577656 0.0513245 138.82 21.036 0.059665
139.205 21.3124 0.0665515 6.28249e-12 138.82 21.036 0.059665
138.899 21.4225 0.0717331 1.08567e-11 138.82 21.036 0.059665
139.509 21.235 0.0637332 3.42388e-17 138.82 21.036 0.059665
138.949 21.7596 0.0658547 9.38736e-19 138.82 21.036 0.059665
138.736 21.513 0.0376512 6.65181e-18 138.82 21.036 0.059665
138.79 20.9564 0.0494579 4.31196e-05 138.82 21.036 0.059665
138.458 21.2792 0.0530746 4.32195e-07 138.82 21.036 0.059665
139.365 20.7865 0.0662465 6.81525e-11 138.82 21.036 0.059665
138.248 20.8205 0.0601378 0.00031987 138.82 21.036 0.059665
138.947 20.7925 0.0659216 0.0068405 138.82 21.036 0.059665
138.161 21.0057 0.064356 5.18544e-05 138.82 21.036 0.059665
138.451 20.9014 0.0538934 0.000204336 138.82 21.036 0.059665
139.033 21.7782 0.0468807 1.49603e-18 138.82 21.036 0.059665
139.132 21.0922 0.0787629 1.60322e-14 138.82 21.036 0.059665
138.627 21.3164 0.0508539 2.85931e-07 138.82 21.036 0.059665
139.218 21.1718 0.0559994 4.19184e-08 138.82 21.036 0.059665
138.553 20.7598 0.0655999 0.706746 138.82 21.036 0.059665
139.224 21.6047 0.057703 7.42802e-16 138.82 21.036 0.059665
138.663 21.566 0.0517371 3.6502e-11 138.82 21.036 0.059665
139.06 21.161 0.0647817 1.93664e-06 138.82 21.036 0.059665
138.765 21.17 0.0658946 0.00100054 138.82 21.036 0.059665
138.602 21.1118 0.0541497 0.000513026 138.82 21.036 0.059665
138.828 20.7317 0.0519791 0.000158183 138.82 21.036 0.059665
138.816 20.9515 0.0594267 0.0577149 138.82 21.036 0.059665
139.105 21.1864 0.0588017 1.72588e-06 138.82 21.036 0.059665
138.371 21.9579 0.0679032 1.51956e-20 138.82 21.036 0.059665
138.419 21.1674 0.0798464 1.55215e-08 138.82 21.036 0.059665
138.933 21.147 0.0502139 7.10103e-06 138.82 21.036 0.059665
139.273 20.8861 0.058385 1.47225e-07 138.82 21.036 0.059665
138.482 21.5727 0.058409 6.1573e-11 138.82 21.036 0.059665
139.029 21.0333 0.0546185 0.000115225 138.82 21.036 0.059665
138.705 21.338 0.0452897 4.74374e-10 138.82 21.036 0.059665
138.527 21.1717 0.0644688 0.00297689 138.82 21.036 0.059665
138.19 21.8167 0.0618267 4.25445e-18 138.82 21.036 0.059665
138.873 21.0873 0.0560498 0.00179363 138.82 21.036 0.059665
138.502 21.5498 0.0524387 1.54255e-11 138.82 21.036 0.059665
138.839 21.3061 0.0710935 3.2326e-08 138.82 21.036 0.059665
138.732 21.4231 0.0746513 1.01744e-11 138.82 21.036 0.059665
138.659 20.6669 0.0437281 4.35725e-11 138.82 21.036 0.059665
139.219 21.5415 0.0826621 1.12739e-30 138.82 21.036 0.059665
138.389 21.4153 0.067847 1.8118e-08 138.82 21.036 0.059665
138.576 21.2269 0.0416669 1.57997e-12 138.82 21.036 0.059665
138.85 20.739 0.0585123 0.0233762 138.82 21.036 0.059665
139.21 20.829 0.0457236 4.20297e-10 138.82 21.036 0.059665
138.32 21.469 0.0610598 8.42336e-10 138.82 21.036 0.059665
138.142 21.1477 0.0612557 3.78263e-07 138.82 21.036 0.059665
138.807 21.1712 0.0580222 0.00134044 138.82 21.036 0.059665
138.947 21.1407 0.0524387 3.60093e-05 138.82 21.036 0.059665
138.887 20.8582 0.0635227 0.0437087 138.82 21.036 0.059665
138.693 21.3867 0.0480124 2.96728e-09 138.82 21.036 0.059665
139.627 21.5747 0.0497553 8.19047e-24 138.82 21.036 0.059665
139.103 21.1986 0.0468501 6.62052e-09 138.82 21.036 0.059665
139.247 20.9988 0.0584389 2.30502e-07 138.82 21.036 0.059665
139.407 21.0901 0.0612046 6.64437e-12 138.82 21.036 0.059665
138.848 21.1578 0.0680144 0.000100543 138.82 21.036 0.059665
138.363 21.2549 0.0541056 2.02805e-07 138.82 21.036 0.059665
138.841 21.5573 0.0677562 1.82727e-12 138.82 21.036 0.059665
139.15 21.0498 0.0661686 3.31051e-07 138.82 21.036 0.059665
138.853 21.4093 0.0569281 2.66207e-07 138.82 21.036 0.059665
138.668 20.8306 0.0460454 7.62901e-08 138.82 21.036 0.059665
138.904 21.5465 0.0602773 1.20072e-10 138.82 21.036 0.059665
138.748 21.3625 0.0645875 1.9375e-06 138.82 21.036 0.059665
138.643 21.5554 0.0652111 1.45624e-10 138.82 21.036 0.059665
138.793 21.5257 0.045441 1.3576e-12 138.82 21.036 0.059665
138.569 20.9625 0.0699072 0.0708044 138.82 21.036 0.059665
139.448 21.0624 0.0642545 1.16584e-13 138.82 21.036 0.059665
139.698 20.7926 0.0426192 6.08939e-22 138.82 21.036 0.059665
138.71 21.148 0.0463504 1.20401e-07 138.82 21.036 0.059665
138.901 20.9061 0.04571 1.78496e-07 138.82 21.036 0.059665
138.379 21.8737 0.049922 1.80604e-20 138.82 21.036 0.059665
139.113 20.8206 0.0663347 1.9664e-05 138.82 21.036 0.059665
139.159 20.8884 0.0583155 1.67297e-05 138.82 21.036 0.059665
138.919 21.0868 0.0474399 1.04989e-06 138.82 21.036 0.059665
138.833 20.9181 0.0475156 3.2254e-06 138.82 21.036 0.059665
138.614 21.3778 0.0695404 1.18775e-07 138.82 21.036 0.059665
138.325 21.4868 0.0687783 8.64966e-11 138.82 21.036 0.059665
139.383 21.1351 0.0446101 2.25947e-13 138.82 21.036 0.059665
138.9 21.1391 0.0647922 0.000347695 138.82 21.036 0.059665
