81.5201 16.5899 0.0894168 0.00493131
81.5744 16.758 0.0731786 5.26912e-11
81.5086 16.4601 0.0901389 0.0105423
81.6988 16.9592 0.0775034 4.36456e-10
81.868 16.8058 0.0803844 2.33264e-07
81.7697 16.0651 0.106694 0.000419024
82.1113 16.1113 0.0944154 2.32832e-05
82.071 16.8752 0.0955758 1.74457e-05
81.8421 15.9145 0.0853105 1.67386e-07
82.0749 16.5233 0.0925142 0.000875662
81.4999 16.824 0.0901709 0.000248178
81.6879 16.6957 0.0911131 0.00879354
81.8249 17.092 0.0973234 1.72875e-06
81.9201 16.6378 0.0802863 1.4472e-06
81.6704 16.6929 0.109467 0.0025739
81.993 15.9872 0.0745398 2.85996e-12
80.833 16.8712 0.0912879 7.36424e-13
81.8792 17.0191 0.114132 1.00134e-08
81.4886 16.4054 0.09963 0.104096
81.5425 16.4565 0.0828897 6.6198e-05
82.3873 16.8016 0.0912159 1.8567e-09
82.5204 16.75 0.101 2.02255e-11
81.4862 16.2683 0.106787 0.00938492
81.7999 16.0479 0.0808824 1.46922e-07
82.0668 16.7086 0.0870355 1.62863e-05
82.2099 16.659 0.0978267 2.07486e-05
82.3793 16.5717 0.0779179 3.54464e-12
81.7749 16.7121 0.0757132 7.4177e-09
81.6456 16.1569 0.0852405 7.59219e-05
81.9815 16.8098 0.0880686 2.6781e-05
81.0379 16.3493 0.11099 2.41026e-07
81.2482 16.5858 0.0900417 7.32072e-05
81.1393 16.5743 0.0923044 1.35473e-05
82.0862 16.4398 0.0897884 0.000263339
82.0725 16.433 0.10383 0.000861156
81.9719 17.5902 0.0926037 2.79814e-18
81.9519 16.7658 0.0928892 0.000797732
81.6048 16.2893 0.105299 0.0375735
81.9236 16.472 0.101097 0.0304706
82.0243 17.0177 0.0608225 7.24692e-24
81.2958 16.7332 0.0980032 0.000712873
81.9907 16.6446 0.0788943 1.21443e-07
81.844 16.2873 0.0888548 0.0029148
82.0182 16.7455 0.110199 1.1483e-05
82.4032 17.1515 0.0950158 9.85661e-14
81.5823 16.2761 0.0897921 0.00611257
81.8738 16.6344 0.105228 0.00852712
82.1132 16.8355 0.0983503 1.76768e-05
81.6745 15.8577 0.101258 9.49995e-06
81.5897 16.6735 0.088477 0.00214442
81.7453 17.071 0.0896685 5.8033e-07
81.9554 16.8417 0.0918192 0.000123818
81.7686 16.3968 0.111201 0.00207469
81.7219 16.1113 0.10431 0.00351601
81.6333 16.6599 0.0788112 5.60908e-07
81.409 16.6128 0.0939753 0.00862134
82.5169 16.6835 0.0833704 7.2277e-13
82.0544 16.7688 0.092191 9.67678e-05
81.7671 16.383 0.0668612 3.28912e-14
81.6706 16.8026 0.101432 0.00826255
82.2034 16.4778 0.0944947 5.7855e-05
82.0497 16.8169 0.0809882 2.97977e-08
81.8467 16.3994 0.0739514 2.5785e-09
81.7846 16.706 0.0850764 0.000146441
82.1558 16.1921 0.119919 3.05098e-11
82.238 16.5912 0.102329 8.1568e-06
81.5072 16.4796 0.0976359 0.118361
81.2474 16.3576 0.105539 0.000808808
81.7477 16.943 0.0968596 0.00028031
82.0131 16.3839 0.0980688 0.00708121
81.5628 15.9184 0.114032 1.35018e-07
81.7223 16.8403 0.0962343 0.0033243
81.9771 16.2892 0.0887419 0.000553421
81.8463 16.8372 0.0916864 0.000485115
81.6456 16.4803 0.092211 0.0624534
81.7903 16.6515 0.0854937 0.000380803
82.0587 16.552 0.107592 0.000179632
81.6195 16.9213 0.0740292 8.41793e-12
81.8274 16.7958 0.10424 0.00207587
82.2025 15.8645 0.0962686 3.95706e-09
81.6632 16.2921 0.0974578 0.10776
81.71 16.5568 0.115916 5.04225e-05
82.1665 16.9186 0.111669 2.22712e-09
81.7162 16.3321 0.0939759 0.0727656
81.9129 16.7423 0.0749345 7.16798e-10
81.5757 16.5818 0.0904977 0.0144797
82.0934 16.4965 0.0815838 7.24403e-07
81.3543 16.5946 0.108124 0.00178233
81.3412 17.2809 0.089623 5.08044e-12
81.429 16.8005 0.0885528 6.20824e-05
80.9779 16.4959 0.0914543 4.51433e-08
81.6761 16.2045 0.090288 0.00449822
81.1568 16.7353 0.0826684 2.89094e-09
82.4138 16.4152 0.100355 2.82718e-08
81.6153 16.6475 0.0916117 0.0169886
81.1038 16.4747 0.102719 4.47625e-05
81.503 16.6031 0.0968601 0.0586558
81.7674 17.2135 0.0797486 8.19683e-13
81.6636 16.6209 0.0936764 0.0530467
81.664 16.439 0.0968973 0.218353
