257.097 28.4794 6.25348 1.80284e-06
256.714 29.0723 6.25979 0.000248886
257.393 29.1636 6.2585 6.55569e-16
257.278 28.5057 6.23881 1.29247e-09
256.899 29.3425 6.26051 7.73163e-11
257.122 29.4141 6.24111 6.81108e-08
256.582 28.8061 6.2444 0.00788393
257.235 29.155 6.26383 4.08808e-15
256.734 28.6957 6.27242 6.57113e-07
256.819 28.9083 6.26133 0.000790812
257.067 28.6931 6.2602 5.88172e-06
257.144 29.1047 6.27725 2.25068e-23
257.166 28.8696 6.26493 1.17555e-10
256.652 29.122 6.26726 4.15388e-08
257.01 28.6529 6.26839 1.34701e-08
257.166 28.6535 6.27816 4.11717e-19
257.228 29.3966 6.2377 2.11031e-08
256.911 28.7279 6.24741 0.0370194
256.861 28.6134 6.257 0.00618309
256.774 29.3098 6.23844 4.32405e-05
256.491 29.2723 6.25902 1.18773e-07
256.624 28.8088 6.24776 0.0729223
257.274 28.4976 6.24925 5.31046e-09
256.519 28.928 6.2687 9.13904e-06
256.999 28.4918 6.24855 4.65172e-05
256.807 28.9464 6.24711 0.157805
256.905 28.7539 6.24105 0.00831904
256.94 28.8846 6.25423 0.00963618
256.964 29.1896 6.2543 8.7224e-06
256.436 29.2657 6.25332 8.52434e-07
256.993 29.0339 6.24336 0.0136306
256.73 28.8006 6.26519 0.000536528
256.8 29.3592 6.24405 1.26443e-05
257.363 29.1203 6.24972 4.53492e-10
256.311 29.1218 6.26879 1.58031e-09
257.437 28.7944 6.25679 3.50208e-13
257.274 29.1622 6.25155 2.82838e-09
257.651 29.3395 6.25942 8.03235e-29
256.289 28.6417 6.26412 0.000123092
256.074 29.2217 6.25728 2.69373e-12
257.088 28.8118 6.26372 5.25827e-08
256.667 28.8077 6.26481 0.00141091
257.177 29.147 6.25723 1.17629e-09
257.22 29.9353 6.25392 2.1687e-31
257.602 28.5202 6.24104 2.31068e-16
257.154 28.464 6.24125 3.60014e-08
257.093 29.3956 6.25265 1.34003e-10
256.716 29.5157 6.25464 1.74839e-11
256.531 28.9191 6.26617 0.000117499
256.99 29.2324 6.25527 3.90553e-07
257.265 29.2158 6.25062 1.88012e-09
256.486 28.8952 6.26456 0.000511912
256.877 28.7363 6.25573 0.02237
256.637 29.0849 6.25166 0.00925718
256.94 28.759 6.25243 0.0217115
256.926 29.1021 6.2616 3.9433e-07
257.316 28.7655 6.26354 3.59464e-13
256.545 29.0313 6.24766 0.00689917
257.152 28.769 6.25257 4.23324e-05
256.838 28.4784 6.26551 1.49465e-05
256.86 28.6042 6.25567 0.00798828
257.563 29.0906 6.26217 4.55176e-23
256.614 29.5098 6.24451 1.76207e-09
256.461 29.0327 6.25872 0.000459663
256.393 28.6326 6.26043 0.00212656
256.674 29.0928 6.25725 0.00093344
257.212 28.9726 6.25026 6.38533e-06
256.883 29.4 6.27681 5.71617e-25
256.492 28.6628 6.26343 0.0053605
257.589 28.6456 6.24733 3.62129e-15
256.313 29.2283 6.245 2.42857e-08
256.763 28.6436 6.2538 0.0538989
257.113 29.1709 6.262 1.9238e-11
256.548 28.3543 6.2456 2.84065e-08
256.83 29.0093 6.26827 2.71042e-08
256.486 28.9665 6.24607 0.00209505
256.913 28.8579 6.2497 0.0756088
256.811 28.7837 6.27099 2.21336e-07
257.175 28.9409 6.26301 2.68562e-10
256.761 29.034 6.26256 4.03632e-05
256.484 29.1115 6.26424 1.62932e-06
256.905 28.1252 6.2614 5.73992e-11
256.648 28.6599 6.25287 0.0660158
256.661 28.9976 6.25675 0.0124586
257.27 28.8868 6.26595 4.64601e-14
256.568 28.7173 6.24971 0.02816
256.456 29.532 6.2533 1.20188e-12
257.1 29.1558 6.27208 2.07535e-18
256.58 28.8759 6.25174 0.0888384
257.081 28.738 6.25544 0.000113365
256.837 28.8656 6.24453 0.115369
256.944 28.5883 6.26035 0.00014158
257.104 29.2018 6.23624 0.00010363
256.882 29.2531 6.26105 5.34994e-09
256.673 29.1575 6.24176 0.00160744
256.683 28.6525 6.25044 0.046563
257.133 28.2095 6.26415 1.92501e-13
256.676 28.9339 6.24627 0.0918073
256.788 29.0822 6.24927 0.0227366
257.348 29.3074 6.25269 8.48116e-14
