51.4174 -60.4413 3.94762 0.0679853 51.226 -60.418 3.9432
51.0228 -60.6171 3.94348 0.000660701 51.226 -60.418 3.9432
50.7747 -60.2537 3.93272 4.81219e-07 51.226 -60.418 3.9432
51.3215 -60.5291 3.92862 4.17765e-05 51.226 -60.418 3.9432
51.4379 -60.6028 3.94612 0.0140745 51.226 -60.418 3.9432
51.6699 -60.49 3.9401 5.28853e-05 51.226 -60.418 3.9432
51.2226 -60.4536 3.93227 0.00687676 51.226 -60.418 3.9432
51.3606 -60.2818 3.94155 0.0746571 51.226 -60.418 3.9432
51.2378 -60.7343 3.95105 1.69199e-05 51.226 -60.418 3.9432
51.3555 -59.9629 3.94312 7.17966e-06 51.226 -60.418 3.9432
51.5967 -59.9665 3.93158 5.5407e-12 51.226 -60.418 3.9432
51.7282 -60.5495 3.94616 2.48231e-05 51.226 -60.418 3.9432
51.2203 -60.2316 3.94839 0.00526794 51.226 -60.418 3.9432
51.2119 -59.9547 3.94506 2.90227e-06 51.226 -60.418 3.9432
50.7882 -60.5351 3.9639 1.23487e-21 51.226 -60.418 3.9432
51.6715 -60.261 3.94234 5.54093e-05 51.226 -60.418 3.9432
50.9101 -60.3156 3.94683 6.79054e-06 51.226 -60.418 3.9432
51.3458 -60.6636 3.92517 3.4761e-08 51.226 -60.418 3.9432
51.4046 -60.1592 3.94699 0.00415631 51.226 -60.418 3.9432
50.8598 -60.4763 3.9391 7.31936e-05 51.226 -60.418 3.9432
51.67 -60.8865 3.94975 3.50701e-09 51.226 -60.418 3.9432
51.246 -60.5939 3.94698 0.0128625 51.226 -60.418 3.9432
50.9209 -60.4068 3.92194 2.85463e-08 51.226 -60.418 3.9432
51.6568 -60.6205 3.95411 7.03657e-06 51.226 -60.418 3.9432
50.9485 -60.2106 3.93677 0.000169325 51.226 -60.418 3.9432
51.1678 -60.1254 3.96131 4.84299e-11 51.226 -60.418 3.9432
51.1085 -60.5335 3.93139 0.00224093 51.226 -60.418 3.9432
51.4 -60.2588 3.94933 0.0134697 51.226 -60.418 3.9432
51.3174 -60.2718 3.95103 0.00495759 51.226 -60.418 3.9432
50.9966 -60.2383 3.95655 1.25638e-09 51.226 -60.418 3.9432
50.7921 -60.2796 3.93033 6.04256e-07 51.226 -60.418 3.9432
50.9312 -60.127 3.94577 1.00914e-06 51.226 -60.418 3.9432
50.9607 -60.0037 3.93964 3.35481e-07 51.226 -60.418 3.9432
51.2534 -60.2977 3.93807 0.0628284 51.226 -60.418 3.9432
51.0393 -60.3101 3.94015 0.00943514 51.226 -60.418 3.9432
51.8132 -60.7185 3.94451 9.31916e-09 51.226 -60.418 3.9432
51.6711 -60.6901 3.95487 4.68275e-07 51.226 -60.418 3.9432
50.8243 -61.2342 3.94232 2.0125e-20 51.226 -60.418 3.9432
50.9819 -60.3098 3.94032 0.00211206 51.226 -60.418 3.9432
51.1967 -60.6719 3.94623 0.00185854 51.226 -60.418 3.9432
51.5551 -60.2303 3.95439 0.000128952 51.226 -60.418 3.9432
51.0001 -60.3824 3.93864 0.00717817 51.226 -60.418 3.9432
51.8224 -60.8525 3.93285 3.02937e-15 51.226 -60.418 3.9432
51.3636 -60.2669 3.94809 0.0275679 51.226 -60.418 3.9432
51.5821 -60.5092 3.93189 1.01871e-06 51.226 -60.418 3.9432
50.7554 -60.4704 3.94142 2.4552e-07 51.226 -60.418 3.9432
51.4188 -60.2755 3.95379 0.000898557 51.226 -60.418 3.9432
51.6184 -60.2367 3.94106 0.00013444 51.226 -60.418 3.9432
50.9362 -60.6467 3.92184 6.57112e-09 51.226 -60.418 3.9432
51.1188 -60.7346 3.93485 0.000311154 51.226 -60.418 3.9432
51.5862 -60.233 3.9478 0.00120624 51.226 -60.418 3.9432
51.5437 -60.267 3.9467 0.00578049 51.226 -60.418 3.9432
51.6608 -60.1693 3.96518 6.76346e-11 51.226 -60.418 3.9432
51.4332 -60.7202 3.9456 0.000882382 51.226 -60.418 3.9432
50.6493 -60.2569 3.94959 4.78728e-14 51.226 -60.418 3.9432
50.9884 -60.4538 3.9462 0.000332663 51.226 -60.418 3.9432
51.1811 -60.001 3.93428 2.07399e-06 51.226 -60.418 3.9432
51.1483 -60.8202 3.9609 6.22052e-14 51.226 -60.418 3.9432
51.4847 -60.1486 3.9383 0.000179034 51.226 -60.418 3.9432
51.2884 -60.2358 3.94218 0.0500497 51.226 -60.418 3.9432
51.7509 -59.8044 3.93805 1.19169e-15 51.226 -60.418 3.9432
50.9325 -60.0258 3.95132 2.75858e-10 51.226 -60.418 3.9432
50.8567 -60.901 3.93543 1.81761e-09 51.226 -60.418 3.9432
51.3582 -60.2595 3.92193 1.15203e-10 51.226 -60.418 3.9432
51.4628 -60.4281 3.93851 0.0165917 51.226 -60.418 3.9432
51.3063 -60.2463 3.92957 3.02757e-05 51.226 -60.418 3.9432
51.3664 -60.5849 3.94565 0.0362121 51.226 -60.418 3.9432
50.9799 -60.339 3.93671 0.00288105 51.226 -60.418 3.9432
51.6262 -60.6691 3.9232 1.24587e-14 51.226 -60.418 3.9432
51.3064 -60.0325 3.92811 6.70627e-09 51.226 -60.418 3.9432
50.7575 -60.0148 3.94032 1.2285e-10 51.226 -60.418 3.9432
51.5208 -60.2998 3.93366 3.3502e-05 51.226 -60.418 3.9432
51.2053 -60.4863 3.95267 0.000380017 51.226 -60.418 3.9432
51.3047 -59.9487 3.93502 1.89453e-07 51.226 -60.418 3.9432
50.8738 -60.5733 3.9354 6.60979e-05 51.226 -60.418 3.9432
51.4528 -60.0124 3.92781 4.5201e-11 51.226 -60.418 3.9432
51.8404 -60.7277 3.94923 3.46635e-09 51.226 -60.418 3.9432
50.9687 -60.5934 3.93328 0.000430815 51.226 -60.418 3.9432
51.4096 -60.2819 3.94383 0.0592498 51.226 -60.418 3.9432
51.396 -60.2482 3.95881 2.80738e-06 51.226 -60.418 3.9432
51.2714 -60.2906 3.94133 0.112439 51.226 -60.418 3.9432
51.1968 -60.4535 3.93769 0.11888 51.226 -60.418 3.9432
51.3903 -60.9028 3.94311 1.37123e-06 51.226 -60.418 3.9432
51.2423 -60.4845 3.93713 0.0940969 51.226 -60.418 3.9432
50.8962 -60.0631 3.93302 1.69581e-07 51.226 -60.418 3.9432
51.4346 -60.2088 3.9373 0.00130858 51.226 -60.418 3.9432
51.5624 -60.3477 3.92003 2.03511e-15 51.226 -60.418 3.9432
51.4757 -60.4306 3.94122 0.0375228 51.226 -60.418 3.9432
50.5221 -59.8846 3.93573 6.15791e-19 51.226 -60.418 3.9432
50.7431 -60.597 3.93588 2.27494e-07 51.226 -60.418 3.9432
51.3841 -60.2061 3.93631 0.00162925 51.226 -60.418 3.9432
50.8152 -60.5546 3.9426 1.14314e-06 51.226 -60.418 3.9432
51.8366 -60.7187 3.93249 7.41577e-14 51.226 -60.418 3.9432
51.6827 -60.094 3.93497 1.47354e-09 51.226 -60.418 3.9432
51.1582 -60.2215 3.94017 0.0168964 51.226 -60.418 3.9432
50.5357 -60.1281 3.93349 7.26056e-14 51.226 -60.418 3.9432
51.8627 -60.7631 3.94361 1.13274e-10 51.226 -60.418 3.9432
51.3748 -60.643 3.93536 0.00153394 51.226 -60.418 3.9432
51.3113 -60.3748 3.93855 0.121118 51.226 -60.418 3.9432
51.585 -60.69 3.94484 0.00013629 51.226 -60.418 3.9432
