224.722 -13.3777 2.92569 0.0030682
225.419 -13.6505 2.91448 7.98755e-09
225.157 -13.8416 2.93681 1.80234e-08
224.897 -13.6189 2.92829 0.00164849
224.934 -13.6994 2.93031 0.000118642
224.42 -13.2828 2.92117 0.000100076
224.652 -12.6826 2.93002 1.99863e-15
225.292 -13.1678 2.90808 2.73831e-10
224.935 -13.1195 2.92194 0.00502566
225.154 -13.5789 2.94339 6.18124e-12
224.71 -12.8283 2.93411 7.14571e-15
225.448 -13.1819 2.95218 4.42019e-21
225.242 -13.523 2.93139 0.000260732
224.532 -13.0832 2.92098 6.82153e-05
225.46 -13.3531 2.92956 9.41426e-06
225.747 -14.1614 2.92012 3.93442e-20
224.537 -14.0624 2.94898 1.02937e-33
224.964 -13.0304 2.91856 0.00084072
224.966 -13.6593 2.93197 4.1825e-05
225.185 -12.4134 2.93551 4.43072e-23
224.622 -13.3888 2.92519 0.000722198
225.442 -13.4663 2.92478 2.8387e-05
225.06 -12.9317 2.94311 1.81707e-17
224.818 -13.6351 2.93221 3.73637e-06
225.301 -13.6076 2.93089 0.000121986
224.773 -13.6858 2.91909 0.0539999
224.535 -13.5459 2.91477 0.0811263
225.365 -13.1024 2.93319 1.125e-07
224.791 -13.346 2.93057 2.47713e-05
224.758 -13.4621 2.92553 0.00829433
225.5 -13.3891 2.92384 2.37235e-06
224.947 -13.3596 2.93806 2.89951e-09
225.217 -13.3899 2.94088 1.07412e-09
224.896 -13.3014 2.91641 0.168668
225.08 -13.9827 2.9231 5.97651e-06
225.257 -13.4228 2.9249 0.00318089
224.712 -13.1637 2.92993 6.7219e-07
224.514 -13.068 2.93833 8.30068e-19
224.96 -12.7517 2.93915 4.39651e-18
224.762 -13.4375 2.95579 5.21669e-35
225.109 -12.9707 2.92859 9.47878e-07
225.084 -13.4412 2.93448 1.14915e-05
224.903 -12.9878 2.9239 5.55899e-05
224.807 -12.8283 2.93058 3.94973e-11
224.648 -13.3115 2.9291 4.86746e-06
224.68 -12.8655 2.92744 1.15836e-09
225.059 -12.8158 2.93728 2.12289e-14
224.329 -13.1644 2.93837 2.40507e-22
224.919 -13.087 2.93703 6.67259e-11
225.174 -13.7451 2.92348 0.00104868
224.203 -13.1724 2.9321 2.93287e-18
224.476 -13.5479 2.94325 5.01486e-23
225.414 -13.3324 2.93952 5.21298e-09
224.632 -13.3586 2.94268 6.12095e-19
225.31 -13.7397 2.93452 1.42134e-06
225.137 -13.0995 2.91705 0.000182372
224.78 -13.3293 2.92918 0.000109086
224.849 -13.569 2.92281 0.0873515
224.517 -13.4093 2.93616 9.87086e-14
224.725 -13.4112 2.93163 1.73508e-06
225.114 -13.3897 2.92746 0.00738189
224.899 -13.3304 2.92321 0.0758053
224.669 -13.3076 2.92046 0.0504703
224.767 -13.1175 2.93103 1.61212e-07
225.494 -13.6813 2.91878 1.9343e-08
225.121 -13.6442 2.93513 3.3385e-06
224.845 -12.9003 2.93269 6.03761e-11
225.208 -13.3156 2.92246 0.0046227
225.2 -13.5821 2.92034 0.00381837
224.632 -13.146 2.94036 9.04241e-18
224.845 -13.64 2.92201 0.0597058
225.07 -13.2788 2.89862 4.20641e-13
224.581 -12.8879 2.93931 2.70206e-21
224.767 -13.3395 2.9293 8.14898e-05
224.836 -13.8955 2.93439 1.73279e-09
224.7 -13.554 2.94129 1.47512e-15
224.654 -13.0995 2.93732 1.49959e-14
224.787 -13.5483 2.9179 0.328998
224.654 -13.9194 2.92468 2.81476e-06
224.959 -13.1429 2.92086 0.0101401
224.64 -12.726 2.92186 5.99145e-10
225.103 -13.7313 2.94072 1.41291e-10
225.275 -12.4649 2.93146 1.54974e-19
225.169 -13.1875 2.92969 9.37215e-05
225.352 -13.5332 2.92915 0.000186068
224.933 -12.4651 2.95062 6.92142e-40
225.627 -13.1205 2.93318 4.66283e-10
224.975 -13.1032 2.93272 3.2417e-07
224.962 -12.93 2.92403 7.73361e-06
225.244 -13.1346 2.92628 8.40778e-05
225.047 -12.6564 2.92125 7.9415e-11
225.059 -12.7997 2.92309 4.18063e-08
224.981 -13.3688 2.92901 0.00209274
224.949 -13.534 2.96085 5.40708e-39
225.265 -13.6796 2.91582 1.06093e-05
224.411 -13.8549 2.9165 1.87137e-05
225.407 -13.1942 2.92996 3.21029e-06
224.931 -13.0062 2.92458 6.67048e-05
224.753 -13.6315 2.92181 0.0402444
224.791 -13.727 2.92929 3.15594e-05
