207.831 -10.2656 3.04988 1.08009e-06 207.22 -9.8191 3.0527
207.436 -9.5949 3.04304 0.00358056 207.22 -9.8191 3.0527
207.068 -9.30075 3.03043 1.38308e-10 207.22 -9.8191 3.0527
207.485 -9.41985 3.05034 0.000171707 207.22 -9.8191 3.0527
207.118 -9.7739 3.04932 0.0251735 207.22 -9.8191 3.0527
207.946 -9.6999 3.04686 1.57213e-07 207.22 -9.8191 3.0527
207.667 -9.75362 3.056 0.00409195 207.22 -9.8191 3.0527
207.165 -9.18549 3.05373 1.41556e-09 207.22 -9.8191 3.0527
207.11 -9.85606 3.05981 1.96106e-07 207.22 -9.8191 3.0527
207.346 -9.58395 3.04196 0.00486266 207.22 -9.8191 3.0527
207.157 -10.094 3.04926 0.0129533 207.22 -9.8191 3.0527
207.425 -9.41002 3.0541 7.27034e-05 207.22 -9.8191 3.0527
206.962 -10.2843 3.06885 5.33145e-23 207.22 -9.8191 3.0527
206.89 -9.58224 3.06721 1.28571e-18 207.22 -9.8191 3.0527
207.285 -9.22122 3.05872 1.36509e-09 207.22 -9.8191 3.0527
207.413 -9.71845 3.05421 0.0176678 207.22 -9.8191 3.0527
207.571 -10.0544 3.05796 0.000338792 207.22 -9.8191 3.0527
207.022 -10.1417 3.06026 7.10411e-11 207.22 -9.8191 3.0527
207.212 -10.1875 3.0341 0.00450591 207.22 -9.8191 3.0527
207.2 -9.90389 3.0485 0.157317 207.22 -9.8191 3.0527
207.164 -10.0197 3.0538 0.000679008 207.22 -9.8191 3.0527
207.759 -10.6001 3.06022 5.4795e-14 207.22 -9.8191 3.0527
207.286 -10.2971 3.06033 2.07e-09 207.22 -9.8191 3.0527
207.718 -9.32503 3.05373 6.58581e-07 207.22 -9.8191 3.0527
207.266 -9.76349 3.06491 5.63557e-09 207.22 -9.8191 3.0527
207.42 -8.98165 3.06141 2.13031e-14 207.22 -9.8191 3.0527
207.616 -9.8782 3.05415 0.0150145 207.22 -9.8191 3.0527
206.932 -9.64757 3.05473 3.0307e-07 207.22 -9.8191 3.0527
207.336 -9.51373 3.04077 0.00046039 207.22 -9.8191 3.0527
207.144 -10.328 3.0662 6.61997e-17 207.22 -9.8191 3.0527
207.9 -9.62142 3.0635 1.92115e-06 207.22 -9.8191 3.0527
207.426 -9.85185 3.03661 0.00179201 207.22 -9.8191 3.0527
207.115 -10.1307 3.04167 0.122204 207.22 -9.8191 3.0527
206.996 -9.56419 3.06056 1.88574e-10 207.22 -9.8191 3.0527
207.188 -9.49123 3.05934 2.11783e-07 207.22 -9.8191 3.0527
206.597 -9.37034 3.03859 3.64845e-10 207.22 -9.8191 3.0527
207.835 -9.82282 3.05703 0.000261083 207.22 -9.8191 3.0527
206.813 -10.2626 3.05755 6.27623e-14 207.22 -9.8191 3.0527
207.48 -10.1224 3.04132 0.00851641 207.22 -9.8191 3.0527
207.192 -9.07298 3.05029 4.19584e-11 207.22 -9.8191 3.0527
207.366 -9.9672 3.04593 0.361699 207.22 -9.8191 3.0527
207.316 -9.67003 3.03956 0.0108863 207.22 -9.8191 3.0527
207.198 -9.68043 3.04058 0.0476044 207.22 -9.8191 3.0527
207.064 -9.31931 3.06639 4.37788e-16 207.22 -9.8191 3.0527
206.853 -9.65478 3.04751 4.40995e-05 207.22 -9.8191 3.0527
206.654 -10.0326 3.04868 1.51752e-08 207.22 -9.8191 3.0527
207.12 -9.43213 3.05216 1.11327e-05 207.22 -9.8191 3.0527
207.564 -10.0365 3.06045 4.03189e-05 207.22 -9.8191 3.0527
207.18 -9.6948 3.05525 0.000349274 207.22 -9.8191 3.0527
207.507 -9.03392 3.04725 3.09074e-12 207.22 -9.8191 3.0527
206.826 -9.06694 3.04898 8.41907e-15 207.22 -9.8191 3.0527
207.528 -10.0405 3.03825 0.000732111 207.22 -9.8191 3.0527
207.584 -9.40681 3.05559 3.28716e-05 207.22 -9.8191 3.0527
206.892 -9.2116 3.04417 6.675e-10 207.22 -9.8191 3.0527
207.177 -10.4322 3.04785 8.05239e-06 207.22 -9.8191 3.0527
207.364 -8.86846 3.04857 4.87007e-16 207.22 -9.8191 3.0527
206.73 -9.73787 3.04968 1.47451e-07 207.22 -9.8191 3.0527
206.825 -10.4389 3.04239 7.35609e-07 207.22 -9.8191 3.0527
206.747 -9.22756 3.05014 3.52091e-13 207.22 -9.8191 3.0527
207.709 -9.8151 3.05791 0.00125778 207.22 -9.8191 3.0527
206.661 -9.40567 3.06248 2.9074e-21 207.22 -9.8191 3.0527
207.147 -9.70123 3.05101 0.00720121 207.22 -9.8191 3.0527
206.993 -9.81708 3.07425 2.36541e-24 207.22 -9.8191 3.0527
207.028 -9.7123 3.04016 0.0425702 207.22 -9.8191 3.0527
207.745 -9.99441 3.064 1.53168e-06 207.22 -9.8191 3.0527
206.974 -10.4186 3.04833 2.55104e-07 207.22 -9.8191 3.0527
207.452 -10.0656 3.04815 0.0729565 207.22 -9.8191 3.0527
207.268 -10.0884 3.08071 6.07203e-29 207.22 -9.8191 3.0527
207.712 -9.97978 3.06841 5.26668e-09 207.22 -9.8191 3.0527
207.072 -10.1001 3.07288 7.41323e-23 207.22 -9.8191 3.0527
206.713 -9.82479 3.05158 8.71291e-09 207.22 -9.8191 3.0527
207.51 -9.58463 3.08021 1.86591e-20 207.22 -9.8191 3.0527
207.921 -10.0822 3.05063 2.93427e-06 207.22 -9.8191 3.0527
206.998 -10.1922 3.05701 3.09121e-09 207.22 -9.8191 3.0527
207.395 -9.5674 3.04305 0.0032784 207.22 -9.8191 3.0527
207.125 -10.0704 3.06355 2.48357e-11 207.22 -9.8191 3.0527
207.286 -9.54568 3.03868 0.000490984 207.22 -9.8191 3.0527
207.031 -9.94628 3.04893 0.00755973 207.22 -9.8191 3.0527
207.169 -9.43523 3.07189 4.71135e-18 207.22 -9.8191 3.0527
207.181 -9.51533 3.04304 0.00226489 207.22 -9.8191 3.0527
207.289 -10.3183 3.05289 1.67064e-05 207.22 -9.8191 3.0527
207.45 -10.2698 3.03965 0.000565249 207.22 -9.8191 3.0527
207.47 -9.97002 3.034 5.83008e-05 207.22 -9.8191 3.0527
207.131 -9.32841 3.05696 9.91412e-09 207.22 -9.8191 3.0527
207.191 -9.672 3.06627 2.99186e-11 207.22 -9.8191 3.0527
207.359 -9.33178 3.05442 3.93877e-06 207.22 -9.8191 3.0527
207.21 -9.48501 3.05008 0.000582085 207.22 -9.8191 3.0527
207.072 -9.31841 3.04293 1.47674e-06 207.22 -9.8191 3.0527
206.933 -9.8827 3.07676 6.15234e-30 207.22 -9.8191 3.0527
207.477 -9.7588 3.05271 0.0497657 207.22 -9.8191 3.0527
206.795 -9.29305 3.04494 1.27066e-09 207.22 -9.8191 3.0527
207.101 -9.30121 3.06277 7.4392e-13 207.22 -9.8191 3.0527
207.337 -10.4028 3.06121 2.53846e-11 207.22 -9.8191 3.0527
207.24 -9.85689 3.05772 0.000118361 207.22 -9.8191 3.0527
207.294 -9.85188 3.05896 7.63131e-05 207.22 -9.8191 3.0527
207.349 -9.42828 3.05679 1.44271e-05 207.22 -9.8191 3.0527
207.401 -9.63721 3.04243 0.0101371 207.22 -9.8191 3.0527
206.61 -9.35089 3.05394 3.4905e-16 207.22 -9.8191 3.0527
206.893 -10.1072 3.06009 8.22521e-13 207.22 -9.8191 3.0527
206.973 -10.1769 3.05586 1.25306e-08 207.22 -9.8191 3.0527
