43.6623 11.8705 0.163068 4.40626e-13 43.624 12.399 0.15101
44.0114 12.2695 0.126819 5.53595e-12 43.624 12.399 0.15101
43.9973 12.6157 0.162241 1.67153e-12 43.624 12.399 0.15101
43.5886 12.4826 0.145485 0.0197534 43.624 12.399 0.15101
43.3659 12.7127 0.147103 5.34406e-07 43.624 12.399 0.15101
43.5472 12.31 0.151735 0.460101 43.624 12.399 0.15101
43.1966 12.0157 0.148649 8.31959e-08 43.624 12.399 0.15101
43.9365 12.9388 0.162624 3.16943e-16 43.624 12.399 0.15101
43.906 12.4621 0.148857 0.0159566 43.624 12.399 0.15101
43.1977 12.3158 0.157517 0.000339237 43.624 12.399 0.15101
43.2748 12.8423 0.14947 9.03259e-10 43.624 12.399 0.15101
43.238 12.1391 0.156065 9.28495e-05 43.624 12.399 0.15101
43.1958 12.4244 0.129393 1.64719e-26 43.624 12.399 0.15101
43.4041 12.3649 0.14435 0.000294105 43.624 12.399 0.15101
43.5516 12.0861 0.146013 0.00930834 43.624 12.399 0.15101
43.2651 12.3144 0.161356 0.000195583 43.624 12.399 0.15101
43.4536 12.8605 0.173839 4.79087e-17 43.624 12.399 0.15101
43.4466 12.6607 0.156731 0.00125461 43.624 12.399 0.15101
43.5355 12.3146 0.164562 1.86629e-06 43.624 12.399 0.15101
43.4022 12.8723 0.145006 3.72722e-11 43.624 12.399 0.15101
43.2168 12.6448 0.156013 2.63891e-05 43.624 12.399 0.15101
43.347 12.3516 0.160545 0.00151075 43.624 12.399 0.15101
43.5621 12.8345 0.164117 2.73073e-09 43.624 12.399 0.15101
43.4986 12.6818 0.145184 8.1722e-06 43.624 12.399 0.15101
43.4653 12.2316 0.155056 0.0504003 43.624 12.399 0.15101
43.4737 12.5611 0.138835 8.87313e-09 43.624 12.399 0.15101
42.6322 12.6476 0.139104 2.24509e-39 43.624 12.399 0.15101
43.7405 12.7249 0.14644 6.04986e-05 43.624 12.399 0.15101
43.472 12.3015 0.158297 0.0137668 43.624 12.399 0.15101
43.8857 12.2568 0.142011 0.0342148 43.624 12.399 0.15101
43.8902 12.497 0.150772 0.00668445 43.624 12.399 0.15101
43.2462 12.6044 0.161121 5.44656e-05 43.624 12.399 0.15101
43.3633 12.2945 0.164879 4.13919e-06 43.624 12.399 0.15101
43.3928 12.3233 0.15254 0.0613127 43.624 12.399 0.15101
43.4383 12.9234 0.168307 7.67143e-13 43.624 12.399 0.15101
43.1178 12.4417 0.154254 1.07211e-05 43.624 12.399 0.15101
43.2369 12.5562 0.162768 3.08883e-05 43.624 12.399 0.15101
44.0653 11.9741 0.168388 8.54996e-27 43.624 12.399 0.15101
43.2576 12.5943 0.160492 0.000113631 43.624 12.399 0.15101
43.45 12.5022 0.160014 0.00311398 43.624 12.399 0.15101
43.1319 13.1228 0.128468 1.44741e-41 43.624 12.399 0.15101
43.5524 12.2942 0.143084 0.00708001 43.624 12.399 0.15101
43.7181 12.5208 0.159077 0.000239929 43.624 12.399 0.15101
43.0503 12.3705 0.123854 2.06576e-42 43.624 12.399 0.15101
43.836 12.0333 0.147301 0.00486985 43.624 12.399 0.15101
43.2794 12.3564 0.148371 0.000231122 43.624 12.399 0.15101
43.8664 12.0331 0.16755 1.61191e-18 43.624 12.399 0.15101
43.6137 12.4491 0.158798 0.00471015 43.624 12.399 0.15101
43.1109 12.7474 0.142491 6.22849e-17 43.624 12.399 0.15101
43.8612 12.4474 0.147879 0.0583501 43.624 12.399 0.15101
43.2268 12.4809 0.155981 0.000720746 43.624 12.399 0.15101
43.8012 12.1319 0.160085 1.65529e-07 43.624 12.399 0.15101
43.4614 12.6841 0.155942 0.000866651 43.624 12.399 0.15101
43.8741 12.4495 0.165709 2.007e-12 43.624 12.399 0.15101
43.4083 12.5146 0.150121 0.00885686 43.624 12.399 0.15101
43.699 12.2246 0.155532 0.0123709 43.624 12.399 0.15101
43.389 11.5428 0.163001 9.53891e-22 43.624 12.399 0.15101
43.5521 13.0407 0.156818 2.93302e-11 43.624 12.399 0.15101
43.2856 12.574 0.155211 0.000834775 43.624 12.399 0.15101
43.6469 12.5517 0.144914 0.00529863 43.624 12.399 0.15101
43.7009 11.8999 0.175227 2.0206e-29 43.624 12.399 0.15101
44.1421 13.1407 0.144292 2.69325e-19 43.624 12.399 0.15101
43.197 12.4884 0.146015 6.31171e-08 43.624 12.399 0.15101
43.7635 12.7145 0.157918 4.1188e-06 43.624 12.399 0.15101
42.8694 12.0965 0.147201 5.82264e-17 43.624 12.399 0.15101
43.2661 12.1167 0.162717 7.37137e-07 43.624 12.399 0.15101
43.5783 13.0184 0.146038 8.54338e-13 43.624 12.399 0.15101
43.3182 12.5761 0.158625 0.00102769 43.624 12.399 0.15101
43.2801 12.7395 0.154036 4.30362e-06 43.624 12.399 0.15101
43.7305 12.5997 0.159705 2.24461e-05 43.624 12.399 0.15101
42.9003 12.4053 0.151894 6.44175e-12 43.624 12.399 0.15101
43.6732 12.8431 0.142498 2.58486e-09 43.624 12.399 0.15101
43.4542 12.3047 0.155159 0.0938875 43.624 12.399 0.15101
43.1096 12.2906 0.154822 9.19494e-06 43.624 12.399 0.15101
43.2882 12.2077 0.15912 0.000328908 43.624 12.399 0.15101
43.5045 12.4174 0.136856 1.90865e-08 43.624 12.399 0.15101
43.5937 12.4496 0.161906 0.000115172 43.624 12.399 0.15101
43.7568 12.3392 0.139888 0.0039479 43.624 12.399 0.15101
43.3297 12.4352 0.137171 5.90708e-12 43.624 12.399 0.15101
43.405 12.1498 0.164179 4.53803e-07 43.624 12.399 0.15101
43.0688 12.3269 0.144716 1.94062e-11 43.624 12.399 0.15101
44.1791 13.1309 0.149831 3.17879e-19 43.624 12.399 0.15101
43.5423 12.9262 0.174345 5.75488e-20 43.624 12.399 0.15101
43.616 12.7994 0.147897 3.95847e-06 43.624 12.399 0.15101
43.4708 12.7475 0.131724 1.66201e-20 43.624 12.399 0.15101
43.1751 12.212 0.1469 2.46837e-07 43.624 12.399 0.15101
43.506 12.1933 0.156832 0.0101906 43.624 12.399 0.15101
42.7023 12.1861 0.166418 1.50454e-16 43.624 12.399 0.15101
43.0799 12.58 0.162809 5.45924e-07 43.624 12.399 0.15101
43.9164 12.1296 0.14689 0.012062 43.624 12.399 0.15101
42.8512 12.1297 0.169691 2.30001e-15 43.624 12.399 0.15101
42.8411 12.9188 0.165409 4.48377e-16 43.624 12.399 0.15101
44.0078 12.3587 0.160482 2.37079e-10 43.624 12.399 0.15101
43.3589 12.0999 0.17833 1.13917e-23 43.624 12.399 0.15101
42.8615 12.2206 0.146519 5.54164e-17 43.624 12.399 0.15101
43.6536 12.1693 0.160918 7.07395e-06 43.624 12.399 0.15101
43.4265 12.3149 0.150017 0.0663323 43.624 12.399 0.15101
43.3357 12.7126 0.157044 6.62141e-05 43.624 12.399 0.15101
43.5272 12.5563 0.155854 0.0246625 43.624 12.399 0.15101
43.7333 12.6399 0.149868 0.0042856 43.624 12.399 0.15101
