246.295 28.9903 0.0638394 0.00588711
246.453 28.718 0.0678623 0.00189455
246.821 29.0695 0.0800054 1.82043e-11
246.481 28.2923 0.0702284 2.7487e-13
246.305 29.0871 0.0921337 2.76763e-15
246.558 28.5512 0.0874809 1.358e-13
246.66 28.6128 0.0653626 3.60722e-07
246.081 29.2483 0.0814115 1.28099e-07
246.532 29.3725 0.067402 0.000177063
245.749 29.5917 0.0696771 1.44237e-19
246.513 29.0472 0.082937 1.67742e-07
246.537 28.5326 0.0519645 6.13653e-19
246.14 28.466 0.0716509 7.03016e-09
245.961 28.2958 0.0683343 1.2492e-18
246.573 28.8647 0.0759628 0.00141067
246.529 29.4457 0.0680403 6.5676e-06
246.542 29.0964 0.0672932 0.098535
246.028 28.5472 0.0832794 2.06151e-08
246.42 28.8077 0.0813836 7.76676e-05
246.753 29.4335 0.0760314 2.59605e-12
246.439 29.214 0.0805409 1.05628e-06
246.407 29.2047 0.0617716 0.00204965
246.128 29.4143 0.0675643 4.52427e-07
246.281 29.0602 0.0681596 0.11097
246.038 29.1235 0.0771787 0.000114585
246.976 28.9296 0.0934853 2.72651e-33
246.555 28.7666 0.065392 0.000938095
246.308 28.886 0.0755763 0.0841044
246.506 29.0437 0.0458688 6.2553e-17
246.14 28.5308 0.0667462 1.65248e-09
246.381 29.0165 0.0543731 1.3125e-08
246.406 28.0156 0.0705254 3.18577e-24
246.743 28.9547 0.0515679 9.4352e-11
246.511 29.1477 0.0680165 0.0816689
246.052 28.6536 0.0653317 3.0922e-09
246.04 28.7558 0.0967777 2.21337e-17
246.223 29.2081 0.0576246 9.16264e-08
246.524 29.8657 0.0833169 5.20209e-31
247.004 29.1231 0.0685961 6.13482e-10
246.49 29.2514 0.0561398 2.34261e-06
246.785 28.6859 0.0532367 5.69458e-14
246.492 29.4609 0.0518018 1.0871e-11
246.33 29.1375 0.0584375 1.51823e-05
246.57 28.9208 0.0684774 0.0573497
246.275 29.4365 0.0586689 1.21359e-08
246.541 29.5252 0.0664051 1.58893e-07
246.25 28.817 0.0784115 0.00723945
245.932 28.5185 0.077571 1.74535e-09
246.607 28.5852 0.0678783 1.27039e-06
246.637 29.4775 0.0715284 1.20169e-08
246.621 29.2472 0.0557836 2.046e-06
246.138 29.3587 0.0719044 7.97896e-06
246.19 29.4731 0.0807149 1.22722e-11
246.198 29.1923 0.089776 1.76225e-13
246.428 29.5064 0.0627394 3.60142e-07
246.137 28.9301 0.0666033 0.00078366
246.18 29.2743 0.0838378 2.61417e-09
246.547 29.1755 0.0677027 0.0343951
246.064 29.2967 0.0823467 3.13752e-09
246.56 29.159 0.0803828 3.03722e-07
246.736 28.4739 0.0672691 6.17996e-11
246.245 28.4205 0.0481533 5.74564e-32
246.401 29.3361 0.0707838 0.000614432
245.932 29.4522 0.0693289 3.36235e-11
246.072 28.5746 0.0511719 3.17189e-26
246.677 29.0089 0.0708078 0.00344961
246.412 29.0748 0.0854186 9.71508e-09
246.296 29.2236 0.0599776 2.81061e-05
246.709 28.5996 0.106117 6.46013e-46
246.196 29.3257 0.0746077 3.15406e-05
246.209 29.0075 0.0697108 0.0629739
246.694 28.7205 0.0646952 9.77234e-06
247.001 29.1977 0.070363 3.76511e-11
246.945 29.0509 0.062397 1.64597e-07
246.263 28.9316 0.0719917 0.187748
246.293 29.2739 0.064593 0.000911529
246.608 28.9464 0.0529047 2.63435e-09
246.683 29.3841 0.0543176 1.19959e-08
246.704 28.7725 0.0633784 1.84208e-05
246.505 28.5564 0.0586766 1.38283e-11
246.031 28.6069 0.0838937 9.04208e-08
246.571 28.9581 0.0763864 0.00135936
246.636 28.413 0.0783462 8.55507e-12
246.468 28.6293 0.0364129 1.68684e-42
246.571 28.9881 0.06668 0.0704949
246.335 28.5854 0.0648233 2.38282e-07
246.762 28.6108 0.0620936 1.48981e-09
246.286 29.4981 0.0581841 7.59992e-10
246.389 28.116 0.077423 1.99362e-18
246.358 28.9678 0.0599061 0.000104905
245.947 28.3972 0.0794625 7.56783e-12
246.831 28.5417 0.0813632 3.42879e-15
246.012 28.5069 0.0690966 6.91057e-11
247.196 29.0394 0.0525611 9.16079e-17
246.788 28.7074 0.0748404 4.1766e-08
246.27 28.9165 0.0587839 7.78917e-07
246.599 28.9286 0.0767482 0.000387072
246.352 28.9098 0.0740562 0.184232
245.834 28.6805 0.0626342 1.71714e-16
246.716 28.4454 0.0765284 7.06017e-12
