45.1323 13.1317 0.169099 1.45741e-12 45.465 12.668 0.14622
44.5175 12.9477 0.156233 0 45.465 12.668 0.14622
44.9691 12.8328 0.163517 1.66614e-05 45.465 12.668 0.14622
45.5207 13.0784 0.140621 2.00362e-06 45.465 12.668 0.14622
45.6141 13.1841 0.159903 6.02664e-11 45.465 12.668 0.14622
45.0675 12.9305 0.145499 0.000991207 45.465 12.668 0.14622
44.8737 13.1183 0.164081 3.41603e-08 45.465 12.668 0.14622
45.1187 12.9623 0.14441 0.00050141 45.465 12.668 0.14622
45.2359 13.0408 0.139098 1.18497e-06 45.465 12.668 0.14622
44.8433 12.6067 0.152094 0.000923084 45.465 12.668 0.14622
45.1353 13.3121 0.137604 3.67469e-13 45.465 12.668 0.14622
45.2151 12.8247 0.149473 0.133918 45.465 12.668 0.14622
44.4749 12.8133 0.143481 0 45.465 12.668 0.14622
45.7967 12.6933 0.171931 2.26844e-30 45.465 12.668 0.14622
45.0673 13.0389 0.151905 0.000635266 45.465 12.668 0.14622
45.5042 12.7819 0.17525 2.27399e-25 45.465 12.668 0.14622
45.2641 12.6292 0.174844 1.07076e-19 45.465 12.668 0.14622
44.9917 13.2929 0.142211 1.44878e-11 45.465 12.668 0.14622
45.1759 12.6397 0.153371 0.0891936 45.465 12.668 0.14622
45.3083 12.3614 0.13003 4.15754e-09 45.465 12.668 0.14622
45.6482 12.9608 0.163879 1.695e-15 45.465 12.668 0.14622
44.9994 12.4172 0.146126 0.000566619 45.465 12.668 0.14622
44.9837 12.8381 0.155643 0.00895045 45.465 12.668 0.14622
45.8073 13.0029 0.138364 1.47151e-08 45.465 12.668 0.14622
45.098 12.7616 0.145113 0.0233616 45.465 12.668 0.14622
45.4826 13.2378 0.141084 5.78938e-09 45.465 12.668 0.14622
45.262 12.5484 0.142986 0.063272 45.465 12.668 0.14622
45.0625 13.191 0.144007 6.29441e-08 45.465 12.668 0.14622
45.1589 12.9494 0.162838 2.35566e-06 45.465 12.668 0.14622
44.8988 12.7005 0.145732 0.000274267 45.465 12.668 0.14622
44.9791 13.2672 0.162609 1.50907e-08 45.465 12.668 0.14622
45.6285 12.7353 0.14125 0.00188916 45.465 12.668 0.14622
44.8212 12.8381 0.143502 2.61385e-07 45.465 12.668 0.14622
44.7247 13.2177 0.141702 1.17143e-14 45.465 12.668 0.14622
45.2087 13.3065 0.155266 7.12241e-08 45.465 12.668 0.14622
45.186 12.8766 0.150909 0.0556086 45.465 12.668 0.14622
45.115 13.4912 0.150495 1.42643e-12 45.465 12.668 0.14622
45.444 13.3287 0.131147 2.40228e-16 45.465 12.668 0.14622
45.2236 12.4325 0.153588 0.00268291 45.465 12.668 0.14622
44.7445 13.0299 0.144024 9.95782e-11 45.465 12.668 0.14622
45.312 13.2875 0.146522 3.7606e-08 45.465 12.668 0.14622
44.9861 13.2122 0.158365 7.94959e-07 45.465 12.668 0.14622
45.8676 13.1021 0.14331 4.68407e-11 45.465 12.668 0.14622
44.7637 12.9543 0.150491 2.14987e-06 45.465 12.668 0.14622
45.0914 13.1257 0.144163 7.94597e-07 45.465 12.668 0.14622
45.3347 12.3675 0.159176 1.07737e-07 45.465 12.668 0.14622
45.3348 13.1279 0.155063 3.46614e-06 45.465 12.668 0.14622
44.9321 13.1818 0.144044 3.76224e-09 45.465 12.668 0.14622
45.2562 13.2758 0.158478 5.9843e-08 45.465 12.668 0.14622
45.6651 12.9878 0.168386 3.00365e-21 45.465 12.668 0.14622
45.809 12.9967 0.165606 1.44412e-22 45.465 12.668 0.14622
45.1895 13.2999 0.157961 4.69113e-08 45.465 12.668 0.14622
44.4809 12.9756 0.153802 0 45.465 12.668 0.14622
44.8307 13.5053 0.158928 5.44068e-14 45.465 12.668 0.14622
45.3953 13.5461 0.157466 8.70192e-15 45.465 12.668 0.14622
45.7179 13.0968 0.16186 7.81447e-17 45.465 12.668 0.14622
45.0523 12.4823 0.18069 4.39409e-26 45.465 12.668 0.14622
45.2135 13.4088 0.166867 2.52318e-13 45.465 12.668 0.14622
45.1459 12.9585 0.143267 0.000343002 45.465 12.668 0.14622
45.4852 12.7761 0.168382 1.09204e-15 45.465 12.668 0.14622
45.0765 13.1972 0.155689 5.01104e-06 45.465 12.668 0.14622
45.27 12.7753 0.149828 0.192648 45.465 12.668 0.14622
45.4185 12.9936 0.156289 9.40597e-06 45.465 12.668 0.14622
44.6908 13.0153 0.157631 0 45.465 12.668 0.14622
45.206 12.9679 0.158795 0.000109833 45.465 12.668 0.14622
44.7759 13.0872 0.140545 1.82871e-13 45.465 12.668 0.14622
45.3649 13.1079 0.156277 1.39914e-06 45.465 12.668 0.14622
45.4346 13.0149 0.15013 0.000275423 45.465 12.668 0.14622
44.8971 12.9038 0.159688 0.000193462 45.465 12.668 0.14622
45.0766 13.3677 0.159581 1.34622e-09 45.465 12.668 0.14622
45.1466 13.1435 0.146153 4.52027e-06 45.465 12.668 0.14622
44.9559 12.4766 0.157096 0.000353204 45.465 12.668 0.14622
45.1144 13.1172 0.162944 6.91985e-08 45.465 12.668 0.14622
45.8829 13.3677 0.144219 4.96854e-16 45.465 12.668 0.14622
45.0873 13.4643 0.162671 2.14202e-12 45.465 12.668 0.14622
45.3097 12.6734 0.166059 4.09185e-10 45.465 12.668 0.14622
45.1656 12.6311 0.151476 0.179642 45.465 12.668 0.14622
44.6814 12.901 0.159276 1.97715e-06 45.465 12.668 0.14622
44.924 13.0218 0.149512 3.77161e-05 45.465 12.668 0.14622
44.7317 12.8351 0.155918 3.24817e-05 45.465 12.668 0.14622
45.06 12.7944 0.138792 8.53175e-06 45.465 12.668 0.14622
46.0608 12.8626 0.149313 2.87839e-15 45.465 12.668 0.14622
45.6297 12.5824 0.146856 0.000819337 45.465 12.668 0.14622
45.5666 13.134 0.144718 4.32148e-07 45.465 12.668 0.14622
45.4425 13.0453 0.147375 0.000157716 45.465 12.668 0.14622
45.264 12.52 0.160548 4.04933e-06 45.465 12.668 0.14622
45.802 12.9025 0.140155 5.60714e-07 45.465 12.668 0.14622
45.2299 12.2243 0.147221 4.98468e-05 45.465 12.668 0.14622
45.6382 12.2045 0.137103 4.35655e-07 45.465 12.668 0.14622
45.2202 13.0987 0.139134 9.4066e-08 45.465 12.668 0.14622
45.4306 12.7366 0.14544 0.0933326 45.465 12.668 0.14622
45.1548 13.2967 0.161957 6.90174e-09 45.465 12.668 0.14622
45.1672 12.3382 0.132446 3.45501e-09 45.465 12.668 0.14622
45.2866 12.7986 0.158448 0.000361186 45.465 12.668 0.14622
45.2492 13.6015 0.168848 3.65243e-19 45.465 12.668 0.14622
45.0039 13.0982 0.158682 1.00946e-05 45.465 12.668 0.14622
44.9356 13.1 0.16356 1.37007e-07 45.465 12.668 0.14622
45.112 13.0553 0.133985 5.92721e-12 45.465 12.668 0.14622
45.1803 12.8005 0.158071 0.00270782 45.465 12.668 0.14622
45.1327 12.5844 0.148859 0.146091 45.465 12.668 0.14622
