91.9226 -29.2587 3.50817 1.48912e-19 92.24 -29.495 3.4887
92.5912 -29.1426 3.48152 1.63313e-05 92.24 -29.495 3.4887
92.3095 -29.3827 3.49505 0.00029259 92.24 -29.495 3.4887
92.309 -28.9204 3.48535 2.12221e-07 92.24 -29.495 3.4887
92.124 -29.3893 3.48096 0.0287295 92.24 -29.495 3.4887
92.4061 -29.2253 3.4801 0.00121646 92.24 -29.495 3.4887
92.0888 -28.9331 3.49612 8.65542e-10 92.24 -29.495 3.4887
92.5061 -28.5281 3.47647 6.31435e-24 92.24 -29.495 3.4887
92.0439 -29.6185 3.48043 0.031378 92.24 -29.495 3.4887
92.5784 -28.9972 3.48341 2.42106e-07 92.24 -29.495 3.4887
92.5525 -28.7215 3.50686 2.95414e-19 92.24 -29.495 3.4887
92.1853 -29.1895 3.48352 0.00166727 92.24 -29.495 3.4887
92.435 -29.4633 3.49152 0.0125502 92.24 -29.495 3.4887
91.8209 -29.0195 3.50185 4.45311e-16 92.24 -29.495 3.4887
92.4134 -29.512 3.47635 0.0182074 92.24 -29.495 3.4887
92.6537 -29.6279 3.51008 1.18428e-21 92.24 -29.495 3.4887
91.8372 -29.3553 3.48177 1.1862e-05 92.24 -29.495 3.4887
92.2176 -28.8968 3.48304 1.28505e-08 92.24 -29.495 3.4887
91.8048 -29.0646 3.50163 8.75702e-16 92.24 -29.495 3.4887
91.7392 -29.3234 3.47597 3.9019e-09 92.24 -29.495 3.4887
92.261 -28.8031 3.48133 2.10787e-11 92.24 -29.495 3.4887
92.4434 -29.3342 3.49029 0.0152528 92.24 -29.495 3.4887
91.66 -29.2872 3.51557 5.86433e-36 92.24 -29.495 3.4887
91.9158 -29.4842 3.48832 0.000150709 92.24 -29.495 3.4887
92.4205 -29.2671 3.48 0.00324286 92.24 -29.495 3.4887
92.4315 -28.9701 3.46644 6.82274e-19 92.24 -29.495 3.4887
92.3042 -28.7124 3.49004 7.1783e-12 92.24 -29.495 3.4887
92.4022 -28.7628 3.50142 4.18737e-14 92.24 -29.495 3.4887
92.3478 -29.1634 3.48729 0.00256117 92.24 -29.495 3.4887
92.0324 -29.6025 3.50585 4.16828e-17 92.24 -29.495 3.4887
91.6444 -29.8339 3.47909 2.0433e-09 92.24 -29.495 3.4887
92.1176 -29.5641 3.51184 5.03065e-24 92.24 -29.495 3.4887
91.7567 -29.3881 3.48775 2.53326e-07 92.24 -29.495 3.4887
92.2782 -28.9295 3.4835 1.27223e-07 92.24 -29.495 3.4887
92.159 -29.2345 3.49162 0.000513497 92.24 -29.495 3.4887
92.204 -29.2536 3.47901 0.00115306 92.24 -29.495 3.4887
92.99 -29.3639 3.50415 3.2403e-17 92.24 -29.495 3.4887
92.1692 -29.204 3.49449 2.6623e-05 92.24 -29.495 3.4887
92.3463 -29.2322 3.4905 0.00427495 92.24 -29.495 3.4887
92.1336 -29.5619 3.51032 1.43939e-21 92.24 -29.495 3.4887
92.0912 -29.0844 3.49192 4.00195e-06 92.24 -29.495 3.4887
92.5191 -29.5552 3.48295 0.163844 92.24 -29.495 3.4887
91.9945 -29.5611 3.50127 4.60442e-12 92.24 -29.495 3.4887
92.1745 -29.319 3.48721 0.0248601 92.24 -29.495 3.4887
92.4537 -29.7218 3.49395 3.11809e-05 92.24 -29.495 3.4887
92.1342 -29.4617 3.49416 0.000128006 92.24 -29.495 3.4887
91.8439 -28.6146 3.47819 2.26443e-22 92.24 -29.495 3.4887
91.7394 -29.2081 3.48986 2.17227e-09 92.24 -29.495 3.4887
92.1265 -29.3157 3.49284 0.000309185 92.24 -29.495 3.4887
91.7345 -29.35 3.49231 1.64883e-09 92.24 -29.495 3.4887
92.4426 -29.0672 3.4963 7.82889e-07 92.24 -29.495 3.4887
92.1876 -29.8676 3.49266 1.5771e-06 92.24 -29.495 3.4887
92.4322 -29.1494 3.49263 0.000156899 92.24 -29.495 3.4887
92.4917 -29.1811 3.50706 1.83702e-14 92.24 -29.495 3.4887
92.197 -29.6457 3.49465 2.51071e-05 92.24 -29.495 3.4887
92.2614 -29.8293 3.50389 4.79723e-16 92.24 -29.495 3.4887
92.3223 -29.2666 3.48466 0.0316031 92.24 -29.495 3.4887
92.4296 -29.3108 3.46877 2.49757e-09 92.24 -29.495 3.4887
92.2122 -30.0199 3.49267 5.5007e-09 92.24 -29.495 3.4887
92.7145 -29.4949 3.48796 0.000884042 92.24 -29.495 3.4887
92.1118 -29.6436 3.50372 3.76626e-14 92.24 -29.495 3.4887
92.3561 -29.6102 3.48033 0.466512 92.24 -29.495 3.4887
91.9728 -29.4126 3.50379 4.24323e-14 92.24 -29.495 3.4887
92.0206 -29.9665 3.5013 1.06459e-17 92.24 -29.495 3.4887
92.0961 -29.9216 3.47772 0.00131135 92.24 -29.495 3.4887
92.0448 -29.177 3.50343 7.67722e-13 92.24 -29.495 3.4887
92.2501 -28.9026 3.49797 4.91661e-10 92.24 -29.495 3.4887
92.0183 -28.9416 3.49843 1.37944e-11 92.24 -29.495 3.4887
92.4921 -28.8041 3.49654 3.62759e-11 92.24 -29.495 3.4887
91.8172 -29.5273 3.49088 3.90716e-07 92.24 -29.495 3.4887
92.5588 -28.998 3.48829 1.58889e-06 92.24 -29.495 3.4887
92.2246 -29.5692 3.49457 0.00012092 92.24 -29.495 3.4887
92.3464 -28.6294 3.50073 1.30647e-16 92.24 -29.495 3.4887
92.0186 -29.067 3.48174 6.64971e-07 92.24 -29.495 3.4887
92.2388 -28.9924 3.48693 5.35121e-06 92.24 -29.495 3.4887
91.7845 -29.4547 3.48473 4.86806e-06 92.24 -29.495 3.4887
92.1126 -29.1822 3.49131 0.000105872 92.24 -29.495 3.4887
92.5411 -29.1411 3.47958 8.81197e-06 92.24 -29.495 3.4887
92.3402 -29.0345 3.4834 1.46383e-05 92.24 -29.495 3.4887
92.6128 -29.5163 3.5049 1.24486e-13 92.24 -29.495 3.4887
91.5165 -29.4293 3.48187 4.14616e-12 92.24 -29.495 3.4887
91.8999 -29.6386 3.48188 0.000703313 92.24 -29.495 3.4887
92.0168 -29.3679 3.48041 0.00211708 92.24 -29.495 3.4887
91.8943 -29.1377 3.49323 2.16838e-08 92.24 -29.495 3.4887
91.6941 -29.2942 3.49413 1.62949e-11 92.24 -29.495 3.4887
91.9622 -29.0558 3.49233 4.83792e-08 92.24 -29.495 3.4887
92.4757 -28.9359 3.49649 9.30926e-09 92.24 -29.495 3.4887
92.0627 -29.2035 3.50336 1.81697e-12 92.24 -29.495 3.4887
92.5414 -29.1193 3.49778 1.80045e-07 92.24 -29.495 3.4887
91.7951 -30.3466 3.49837 3.5153e-28 92.24 -29.495 3.4887
92.1746 -29.4791 3.47555 0.00558774 92.24 -29.495 3.4887
92.3026 -29.5672 3.497 5.26409e-06 92.24 -29.495 3.4887
92.5773 -28.8316 3.48301 4.26062e-11 92.24 -29.495 3.4887
92.0813 -29.5974 3.47619 0.00877278 92.24 -29.495 3.4887
92.4094 -29.1947 3.49267 0.000444268 92.24 -29.495 3.4887
91.9883 -30.2924 3.49364 2.34199e-18 92.24 -29.495 3.4887
92.4209 -29.3273 3.49118 0.00908313 92.24 -29.495 3.4887
92.5506 -29.321 3.49014 0.00413434 92.24 -29.495 3.4887
92.2691 -29.3793 3.48708 0.130504 92.24 -29.495 3.4887
92.4383 -29.5026 3.47725 0.027467 92.24 -29.495 3.4887
