-23.2036 -8.66597 0.760518 0.0417437
-23.6537 -8.5987 0.767669 0.015233
-23.8766 -8.63598 0.765002 5.14579e-05
-22.9772 -9.31164 0.779029 3.68334e-12
-23.3516 -7.92511 0.785344 2.04059e-32
-23.5989 -8.91484 0.787969 2.94547e-09
-22.5396 -8.71931 0.756406 2.4356e-16
-23.3712 -8.67709 0.78558 1.66101e-10
-23.4935 -8.5217 0.777001 3.02736e-06
-22.9566 -8.60935 0.793112 1.00506e-25
-23.4637 -8.89349 0.76893 0.053642
-23.6692 -8.15722 0.779006 1.65117e-16
-23.3415 -8.34769 0.778985 2.23604e-11
-23.4091 -8.73544 0.761619 0.193511
-23.7557 -8.80493 0.792764 3.04458e-15
-23.4191 -8.98467 0.789509 3.72399e-10
-22.7703 -8.97566 0.743419 6.14522e-21
-22.9548 -8.11267 0.752013 1.47459e-07
-23.4384 -9.04827 0.761475 6.2597e-05
-23.6674 -8.55071 0.80135 4.19934e-31
-23.8647 -8.66353 0.759759 2.03164e-05
-23.6974 -8.87358 0.763109 0.001167
-23.4512 -8.56255 0.78433 5.37611e-11
-23.0376 -9.27388 0.765767 5.84456e-11
-23.2175 -8.29237 0.75293 0.00452335
-23.4742 -8.26523 0.780276 4.48562e-14
-23.415 -8.60632 0.765142 0.275746
-23.8299 -8.36171 0.784304 3.75846e-17
-23.6955 -8.41523 0.748812 1.2929e-05
-23.7372 -8.20339 0.7681 1.90017e-08
-22.9591 -8.91283 0.770898 4.31997e-07
-23.5626 -8.31902 0.779621 3.60705e-12
-23.8202 -8.57241 0.774257 2.09329e-06
-23.1908 -8.53167 0.762791 0.0250237
-22.8154 -9.22751 0.765627 2.37759e-14
-23.5496 -8.44341 0.775149 1.98139e-06
-23.6001 -8.70575 0.771033 0.0199607
-23.5561 -8.78974 0.784984 3.51679e-08
-23.2969 -8.55879 0.748346 0.000297029
-23.4055 -8.32453 0.756636 0.033006
-23.0405 -8.93625 0.770224 1.13476e-05
-23.9853 -8.98589 0.783145 3.632e-10
-23.1992 -8.92753 0.77272 0.000621585
-23.1245 -8.69456 0.770907 0.000300962
-23.1188 -8.58583 0.767244 0.00102402
-23.8718 -8.12869 0.767781 8.88959e-12
-23.4311 -8.82631 0.765301 0.125733
-23.7907 -8.71248 0.786021 3.64787e-11
-23.4035 -8.71392 0.783296 4.53311e-08
-23.542 -8.8525 0.776606 0.00190138
-23.697 -8.87608 0.764599 0.00212359
-23.8482 -8.75394 0.770855 8.25131e-05
-23.5063 -8.33927 0.770835 1.00213e-05
-23.0285 -8.70876 0.760487 0.000291218
-23.3509 -8.30663 0.78686 2.95097e-20
-23.2168 -9.33216 0.768086 1.7615e-09
-23.6228 -8.77828 0.758597 0.00301326
-23.5728 -8.65713 0.764911 0.145688
-23.427 -8.53825 0.773441 0.00036142
-23.2672 -8.40873 0.777813 1.05731e-09
-23.2709 -8.40093 0.751804 0.0128932
-23.1238 -8.84249 0.793062 5.63189e-18
-22.9954 -8.80282 0.779001 1.90859e-09
-23.4363 -9.01492 0.771501 0.00568265
-23.2292 -9.14954 0.774358 1.25085e-05
-23.2368 -8.95321 0.763987 0.00139409
-22.7587 -9.35452 0.769121 5.96646e-18
-23.3833 -8.25703 0.769671 1.11358e-06
-23.2616 -8.99373 0.776635 0.000146826
-22.8666 -8.50585 0.755298 6.93219e-07
-23.508 -8.68254 0.7472 1.15811e-06
-23.5001 -9.35407 0.765483 4.86919e-10
-22.834 -8.29309 0.75817 1.10413e-08
-22.8065 -8.64022 0.755482 1.45108e-08
-23.292 -8.50805 0.789112 7.45903e-18
-23.5182 -8.84572 0.785512 5.13746e-08
-23.856 -8.70451 0.748269 8.75123e-11
-23.7187 -8.8668 0.761704 0.000361297
-22.8577 -8.89891 0.758531 2.43559e-09
-23.1835 -8.86428 0.783276 1.22842e-08
-23.188 -8.45535 0.768847 0.000161864
-23.6797 -8.60469 0.763214 0.0209152
-23.6105 -8.35499 0.785347 1.04333e-16
-23.4479 -8.55529 0.782361 1.64475e-09
-23.166 -8.83746 0.763153 0.00357872
-23.5024 -8.47687 0.775464 5.24317e-06
-23.6735 -7.93196 0.777193 2.09377e-22
-23.2144 -8.55919 0.769591 0.00146264
-23.2915 -8.4337 0.768546 0.000834831
-23.816 -8.53833 0.777459 2.6196e-08
-23.1718 -9.00863 0.765851 0.000141528
-23.0141 -9.18762 0.775417 3.46419e-09
-22.9174 -8.60868 0.782793 8.10102e-16
-23.0848 -9.30983 0.78365 2.1044e-11
-23.6661 -9.11045 0.779979 1.54461e-05
-23.2644 -8.63435 0.747496 1.74821e-05
-23.2667 -8.26393 0.7728 4.53174e-09
-23.3135 -8.98519 0.764892 0.00229049
-22.7161 -8.39695 0.772809 9.71745e-17
-23.1088 -8.6248 0.75868 0.00491219
