271.671 -12.6958 3.94074 0.000159197 271.88 -12.693 3.9599
271.983 -12.2279 3.96842 0.000104982 271.88 -12.693 3.9599
271.572 -12.4748 3.94702 0.0505379 271.88 -12.693 3.9599
271.992 -12.9535 3.9386 1.07998e-13 271.88 -12.693 3.9599
271.815 -12.1995 3.96512 4.0168e-05 271.88 -12.693 3.9599
271.993 -12.8564 3.96144 0.00572678 271.88 -12.693 3.9599
272.185 -12.569 3.9604 0.004063 271.88 -12.693 3.9599
271.267 -12.298 3.95088 4.89116e-05 271.88 -12.693 3.9599
272.31 -12.5245 3.94186 3.67637e-17 271.88 -12.693 3.9599
272.175 -12.6456 3.96879 0.0201362 271.88 -12.693 3.9599
271.207 -12.6594 3.94667 0.00198663 271.88 -12.693 3.9599
271.965 -12.3266 3.96814 0.00111908 271.88 -12.693 3.9599
272.218 -12.3673 3.96945 0.00240992 271.88 -12.693 3.9599
272.071 -13.211 3.95903 5.65118e-09 271.88 -12.693 3.9599
271.366 -12.3382 3.95465 0.000115786 271.88 -12.693 3.9599
271.475 -12.8967 3.95024 0.00154278 271.88 -12.693 3.9599
272.122 -12.6351 3.95175 2.07614e-05 271.88 -12.693 3.9599
271.933 -12.7812 3.94736 2.94205e-05 271.88 -12.693 3.9599
271.421 -12.2579 3.95076 0.000544088 271.88 -12.693 3.9599
271.855 -12.7471 3.95994 0.0534981 271.88 -12.693 3.9599
271.558 -13.1902 3.9616 5.97067e-10 271.88 -12.693 3.9599
272.186 -12.3654 3.95163 2.6314e-07 271.88 -12.693 3.9599
271.258 -11.7975 3.94074 9.05711e-13 271.88 -12.693 3.9599
271.791 -12.7737 3.9643 0.00428514 271.88 -12.693 3.9599
271.392 -12.6328 3.96157 2.61294e-06 271.88 -12.693 3.9599
271.719 -13.0211 3.95687 9.34973e-05 271.88 -12.693 3.9599
271.629 -11.9983 3.95396 2.33456e-07 271.88 -12.693 3.9599
271.807 -12.778 3.96184 0.0168151 271.88 -12.693 3.9599
272.502 -13.2501 3.98176 3.82567e-12 271.88 -12.693 3.9599
272.234 -13.2898 3.96958 7.17912e-11 271.88 -12.693 3.9599
271.485 -12.4314 3.95871 0.000528561 271.88 -12.693 3.9599
271.474 -12.6834 3.95893 0.000553626 271.88 -12.693 3.9599
271.638 -12.518 3.98473 1.03645e-19 271.88 -12.693 3.9599
271.999 -12.0048 3.95469 2.18007e-08 271.88 -12.693 3.9599
271.543 -12.5398 3.94645 0.0690761 271.88 -12.693 3.9599
272.124 -12.8377 3.96721 0.00323829 271.88 -12.693 3.9599
271.471 -12.5948 3.9534 0.0268783 271.88 -12.693 3.9599
271.788 -12.1637 3.96967 1.53235e-07 271.88 -12.693 3.9599
271.711 -12.216 3.97047 2.68262e-08 271.88 -12.693 3.9599
271.601 -12.2148 3.94449 0.000121889 271.88 -12.693 3.9599
271.665 -12.4012 3.94481 0.00298491 271.88 -12.693 3.9599
271.927 -12.6358 3.94371 2.00537e-06 271.88 -12.693 3.9599
271.702 -12.2341 3.96558 7.72166e-06 271.88 -12.693 3.9599
272.13 -11.8649 3.95902 1.12192e-11 271.88 -12.693 3.9599
272.286 -11.825 3.94932 9.83501e-20 271.88 -12.693 3.9599
271.873 -12.6029 3.97129 0.00028213 271.88 -12.693 3.9599
271.511 -13.3051 3.94521 6.68737e-11 271.88 -12.693 3.9599
271.821 -12.6684 3.95617 0.125289 271.88 -12.693 3.9599
271.926 -12.3435 3.95023 0.000269695 271.88 -12.693 3.9599
271.445 -12.6012 3.96301 3.97071e-06 271.88 -12.693 3.9599
272.729 -12.5766 3.96373 2.14898e-11 271.88 -12.693 3.9599
272.175 -13.193 3.96714 1.78886e-08 271.88 -12.693 3.9599
271.827 -13.0535 3.93758 2.29296e-12 271.88 -12.693 3.9599
271.355 -12.9982 3.95272 4.22853e-06 271.88 -12.693 3.9599
271.32 -13.4776 3.95929 9.39279e-20 271.88 -12.693 3.9599
271.758 -12.399 3.96766 0.000145747 271.88 -12.693 3.9599
271.619 -12.3693 3.96013 0.00177858 271.88 -12.693 3.9599
271.477 -12.7904 3.95169 0.0101706 271.88 -12.693 3.9599
271.226 -12.0272 3.94837 1.16133e-08 271.88 -12.693 3.9599
271.591 -12.5859 3.96775 2.61565e-06 271.88 -12.693 3.9599
271.955 -13.2129 3.96124 2.80708e-08 271.88 -12.693 3.9599
271.713 -12.2805 3.97474 3.27796e-10 271.88 -12.693 3.9599
271.144 -12.8484 3.94499 7.12186e-05 271.88 -12.693 3.9599
271.844 -12.6983 3.94094 7.75459e-07 271.88 -12.693 3.9599
271.668 -12.8892 3.94315 6.05351e-05 271.88 -12.693 3.9599
271.683 -13.5971 3.94475 1.99236e-20 271.88 -12.693 3.9599
271.706 -12.8758 3.94907 0.00205418 271.88 -12.693 3.9599
271.848 -13.1435 3.97475 1.54023e-11 271.88 -12.693 3.9599
271.954 -12.4323 3.95074 0.000757596 271.88 -12.693 3.9599
271.86 -12.4055 3.96175 0.0285308 271.88 -12.693 3.9599
271.424 -12.7891 3.95402 0.00153823 271.88 -12.693 3.9599
271.627 -12.0503 3.95595 1.36597e-06 271.88 -12.693 3.9599
271.611 -12.763 3.94484 0.00580782 271.88 -12.693 3.9599
271.301 -12.5109 3.97349 4.23775e-18 271.88 -12.693 3.9599
271.487 -12.6349 3.94659 0.0710023 271.88 -12.693 3.9599
271.759 -12.394 3.94944 0.00968113 271.88 -12.693 3.9599
271.825 -12.6822 3.95773 0.119943 271.88 -12.693 3.9599
271.871 -12.9475 3.93556 2.6214e-13 271.88 -12.693 3.9599
271.933 -12.4489 3.94224 1.27629e-07 271.88 -12.693 3.9599
271.573 -12.0044 3.97078 2.38836e-14 271.88 -12.693 3.9599
271.654 -12.5177 3.95081 0.120534 271.88 -12.693 3.9599
271.455 -12.5183 3.95397 0.0129974 271.88 -12.693 3.9599
271.641 -12.0322 3.95626 6.68084e-07 271.88 -12.693 3.9599
271.776 -12.9863 3.9626 7.19967e-05 271.88 -12.693 3.9599
271.595 -12.3956 3.94692 0.0177173 271.88 -12.693 3.9599
271.724 -12.0058 3.98134 1.7869e-19 271.88 -12.693 3.9599
272.079 -12.0912 3.97476 4.43369e-08 271.88 -12.693 3.9599
271.71 -12.4049 3.95715 0.0382303 271.88 -12.693 3.9599
272.007 -12.5408 3.95411 0.00554332 271.88 -12.693 3.9599
271.995 -12.8854 3.96098 0.00287481 271.88 -12.693 3.9599
271.884 -13.1686 3.96187 2.14771e-07 271.88 -12.693 3.9599
272.147 -12.8163 3.97951 3.16561e-06 271.88 -12.693 3.9599
272.686 -13.2621 3.96379 5.77977e-18 271.88 -12.693 3.9599
272.054 -12.7992 3.96097 0.00897923 271.88 -12.693 3.9599
272.12 -12.2781 3.9671 0.000883933 271.88 -12.693 3.9599
272.326 -13.1966 3.94791 1.43599e-18 271.88 -12.693 3.9599
271.88 -12.9133 3.94814 1.82992e-05 271.88 -12.693 3.9599
271.777 -12.6476 3.95745 0.147902 271.88 -12.693 3.9599
271.66 -12.9595 3.95912 0.00017625 271.88 -12.693 3.9599
271.512 -12.3619 3.98829 2.68632e-29 271.88 -12.693 3.9599
