240.289 27.6765 0.0708241 7.73109e-06
240.729 27.7799 0.0892281 8.90678e-14
240.465 27.9368 0.0784368 0.0276944
240.102 28.0638 0.0729489 0.006167
240.385 27.9923 0.0744756 0.175089
240.408 27.2256 0.0827097 2.63334e-16
240.155 27.9124 0.0638339 1.66522e-08
240.106 27.8335 0.0711502 9.04162e-05
240.514 28.0354 0.0722146 0.0212634
239.9 27.9368 0.0894469 4.18838e-08
240.593 27.8433 0.0807821 5.90631e-05
240.452 27.6438 0.0769142 3.94677e-05
240.145 28.0968 0.0671186 3.66144e-05
240.327 28.2309 0.0549493 4.95001e-15
240.311 28.0036 0.0658359 8.15938e-05
240.408 27.908 0.069525 0.00308529
240.367 28.1169 0.0757241 0.147785
240.332 28.1991 0.0612205 4.19207e-08
240.256 27.9901 0.0654727 1.76395e-05
240.333 28.2235 0.0771916 0.0206802
240.632 27.5092 0.0643679 3.31166e-15
240.276 28.3615 0.0788137 0.000118709
240.852 27.6575 0.0759496 1.52436e-11
240.471 27.8247 0.0600462 2.78482e-11
240.031 28.114 0.077996 0.00294649
240.327 28.098 0.0745606 0.190629
240.063 28.3375 0.0759222 3.80158e-05
240.202 27.7838 0.0680716 3.36751e-06
240.141 28.3323 0.065 7.15581e-08
240.209 28.2182 0.0693308 0.000901464
240.089 27.9674 0.0673834 4.11318e-06
240.19 27.9714 0.0742574 0.0629404
240.654 28.4717 0.068934 2.69217e-08
240.259 27.4571 0.0700718 1.0783e-11
240.839 27.686 0.0581205 3.75603e-19
241.227 28.1561 0.0886599 2.91565e-33
240.968 28.3972 0.0853944 2.98289e-22
240.513 27.8636 0.0903774 7.56839e-10
240.106 28.489 0.0673155 2.51868e-09
239.844 28.2798 0.0674689 1.36847e-11
240.116 27.8989 0.0765287 0.018419
240.716 27.8705 0.0725456 9.14082e-06
240.613 27.9449 0.0655834 4.42762e-06
239.996 27.9357 0.0808225 0.00126802
239.841 27.8884 0.0706557 1.89189e-09
240.694 27.8487 0.0687519 1.62195e-06
240.676 28.0879 0.0656899 4.23794e-06
240.496 28.141 0.0604335 2.30016e-08
240.576 27.9144 0.0775309 0.0019383
240.45 27.8602 0.0599644 7.62132e-11
240.731 27.8377 0.0714242 1.62358e-06
240.235 28.1395 0.0837563 0.00109769
240.522 28.2865 0.0684073 0.000190594
240.722 28.4682 0.0701002 3.52311e-09
240.032 27.8264 0.0666374 5.71833e-09
240.595 27.9976 0.0607675 5.22947e-09
240.222 28.1351 0.0654938 1.95551e-05
240.75 28.1542 0.0706568 5.87547e-06
239.828 28.1922 0.0789985 2.40779e-07
240.68 27.7056 0.0638575 2.78855e-11
240.536 28.6431 0.0752549 1.33256e-11
240.687 27.5051 0.0641047 3.7184e-16
240.38 28.4755 0.0862564 7.04462e-12
240.327 28.1933 0.0730906 0.0446708
240.209 27.8837 0.0671487 1.5954e-05
240.405 28.2604 0.0732053 0.00920739
240.15 28.2972 0.0412586 3.51054e-42
240.481 27.9101 0.0752167 0.0284403
240.496 27.7119 0.0624992 6.11857e-11
240.1 28.1188 0.0476054 7.98936e-31
240.35 28.5983 0.0745667 4.49227e-09
240.357 28.1107 0.0714624 0.0565407
240.156 27.5618 0.05203 5.72897e-32
239.655 28.8496 0.0451444 4.40611e-59
240.411 27.6048 0.0748611 6.89636e-06
240.644 27.4936 0.0610029 6.79958e-19
240.194 27.6743 0.0814063 0.000258097
240.462 28.3087 0.0650785 8.9197e-06
240.299 28.1541 0.0759922 0.107205
240.36 27.9094 0.082923 0.00594341
240.133 27.795 0.0686501 2.23188e-06
240.573 28.3026 0.0865213 7.97759e-11
239.838 28.3833 0.0686672 3.14953e-12
240.426 28.1368 0.0324798 2.16972e-59
240.431 28.2874 0.071512 0.00263998
240.658 28.3056 0.0489386 1.25977e-22
239.938 28.4571 0.0726804 1.35575e-09
240.398 28.1881 0.0579112 5.44945e-11
241.036 28.0083 0.0740679 1.67168e-13
240.737 28.5938 0.0895513 2.82832e-25
240.847 28.6854 0.0842914 2.35606e-25
240.621 28.1967 0.0831759 1.66803e-07
240.355 28.0557 0.0822171 0.00965991
240.42 28.1307 0.0919756 1.80879e-11
240.185 27.8334 0.0718998 0.00122815
240.332 28.1484 0.079398 0.0327315
240.525 28.1034 0.0748211 0.0187693
240.569 27.4524 0.0637701 6.06127e-17
240.225 28.1786 0.0857375 3.24239e-05
239.561 28.5036 0.0856268 9.83194e-22
