206.682 25.1894 0.0668382 0.000379688 206.91 25.493 0.073835
207.345 25.6752 0.0913168 6.21459e-10 206.91 25.493 0.073835
207.04 25.7023 0.071278 0.00376328 206.91 25.493 0.073835
207.508 24.8878 0.0628371 1.56929e-15 206.91 25.493 0.073835
206.812 24.8634 0.0515616 3.77288e-12 206.91 25.493 0.073835
206.928 25.3041 0.0882174 3.52462e-05 206.91 25.493 0.073835
206.572 25.2375 0.0885981 3.09384e-05 206.91 25.493 0.073835
207.369 26.2667 0.0655592 6.28755e-16 206.91 25.493 0.073835
206.541 25.6078 0.0625775 6.74858e-05 206.91 25.493 0.073835
207.009 25.3813 0.06591 0.00151457 206.91 25.493 0.073835
207.06 25.9088 0.0755617 0.000213723 206.91 25.493 0.073835
206.961 25.8871 0.0682968 0.000144679 206.91 25.493 0.073835
206.785 26.1896 0.0698012 3.64068e-08 206.91 25.493 0.073835
206.504 25.5715 0.0791438 0.0524768 206.91 25.493 0.073835
207.214 25.3228 0.0564445 8.1326e-08 206.91 25.493 0.073835
206.971 25.3498 0.0658335 0.00178983 206.91 25.493 0.073835
206.967 25.5008 0.0579222 2.06375e-05 206.91 25.493 0.073835
206.885 25.9936 0.0766468 0.000477134 206.91 25.493 0.073835
207.29 25.6902 0.0780325 5.7857e-06 206.91 25.493 0.073835
206.91 25.5162 0.084029 0.0159948 206.91 25.493 0.073835
207.076 25.4275 0.0867533 4.44027e-05 206.91 25.493 0.073835
207.475 24.9822 0.0725706 1.10036e-13 206.91 25.493 0.073835
206.909 25.1714 0.0854616 7.66087e-06 206.91 25.493 0.073835
207.171 24.9953 0.0702424 2.20362e-08 206.91 25.493 0.073835
206.721 25.8604 0.0728327 0.00667651 206.91 25.493 0.073835
207.369 25.5779 0.089996 4.31005e-10 206.91 25.493 0.073835
207.178 25.0818 0.0634939 1.32491e-07 206.91 25.493 0.073835
207.004 24.5803 0.0701933 7.44994e-16 206.91 25.493 0.073835
207.594 25.9143 0.0641543 1.17568e-14 206.91 25.493 0.073835
207.36 25.6686 0.0811614 1.62988e-07 206.91 25.493 0.073835
207.064 25.3668 0.0702089 0.00170327 206.91 25.493 0.073835
207.106 26.0648 0.0755223 1.04947e-06 206.91 25.493 0.073835
207.372 25.8507 0.0892576 3.43883e-10 206.91 25.493 0.073835
206.76 25.4166 0.0643419 0.00351719 206.91 25.493 0.073835
206.939 25.2448 0.0722295 0.00205922 206.91 25.493 0.073835
206.949 25.1675 0.0777802 0.000138661 206.91 25.493 0.073835
206.983 25.6397 0.0855388 0.00410844 206.91 25.493 0.073835
207.194 25.2205 0.0751232 4.65329e-06 206.91 25.493 0.073835
206.751 26.0755 0.0713937 8.8795e-06 206.91 25.493 0.073835
206.58 25.2217 0.0773811 0.00139108 206.91 25.493 0.073835
206.362 25.0994 0.0709121 5.34009e-07 206.91 25.493 0.073835
206.777 25.4396 0.0856904 0.012699 206.91 25.493 0.073835
207.007 25.5228 0.0668278 0.00383822 206.91 25.493 0.073835
206.963 25.2547 0.0670141 0.000799891 206.91 25.493 0.073835
206.723 25.7034 0.0777793 0.183459 206.91 25.493 0.073835
206.827 25.1689 0.0760794 0.000717179 206.91 25.493 0.073835
206.664 25.8096 0.0762843 0.0380438 206.91 25.493 0.073835
207.415 25.5991 0.0896296 7.11539e-11 206.91 25.493 0.073835
207.166 25.915 0.0639237 1.19936e-07 206.91 25.493 0.073835
206.971 25.3138 0.0869726 4.89264e-05 206.91 25.493 0.073835
207.661 25.4817 0.0603141 2.65498e-14 206.91 25.493 0.073835
207.24 25.1283 0.0636741 8.79962e-08 206.91 25.493 0.073835
207.323 25.4853 0.0842672 9.35191e-08 206.91 25.493 0.073835
207.113 25.2209 0.0827513 2.32775e-06 206.91 25.493 0.073835
206.687 25.7583 0.0604924 9.21041e-06 206.91 25.493 0.073835
207.338 25.5124 0.0955804 3.29885e-12 206.91 25.493 0.073835
206.213 26.1108 0.0780333 5.1898e-09 206.91 25.493 0.073835
206.725 25.5828 0.0531557 6.16554e-08 206.91 25.493 0.073835
206.746 25.7944 0.0768673 0.0628899 206.91 25.493 0.073835
206.848 25.477 0.0821387 0.0465108 206.91 25.493 0.073835
207.241 25.1483 0.0612514 5.68505e-08 206.91 25.493 0.073835
206.956 25.7549 0.0657039 0.000526106 206.91 25.493 0.073835
206.831 25.4199 0.0874902 0.0022772 206.91 25.493 0.073835
207.166 26.0393 0.0671775 1.89462e-08 206.91 25.493 0.073835
207.647 25.4704 0.087045 3.23596e-16 206.91 25.493 0.073835
207.303 24.5932 0.0836489 1.21111e-22 206.91 25.493 0.073835
207.182 25.4432 0.0721766 0.000258037 206.91 25.493 0.073835
206.761 25.2914 0.0659981 0.00245423 206.91 25.493 0.073835
206.679 25.659 0.0619705 0.000160715 206.91 25.493 0.073835
206.849 25.3874 0.0671905 0.0111667 206.91 25.493 0.073835
206.772 25.7634 0.0711437 0.0196063 206.91 25.493 0.073835
206.623 25.3542 0.0768446 0.0298135 206.91 25.493 0.073835
206.349 26.2124 0.0866231 4.82111e-08 206.91 25.493 0.073835
207.171 25.5816 0.0895356 1.94723e-06 206.91 25.493 0.073835
207.092 25.4651 0.074311 0.00299794 206.91 25.493 0.073835
206.73 25.2177 0.0608531 4.01552e-05 206.91 25.493 0.073835
206.751 25.529 0.0950276 8.314e-05 206.91 25.493 0.073835
207.18 24.8894 0.0581523 3.35469e-11 206.91 25.493 0.073835
206.687 25.7523 0.0518978 3.8959e-10 206.91 25.493 0.073835
206.795 25.5518 0.0724982 0.137551 206.91 25.493 0.073835
206.645 25.4965 0.0700893 0.0384663 206.91 25.493 0.073835
207.206 25.4561 0.0725854 0.000139894 206.91 25.493 0.073835
206.767 25.437 0.0757597 0.126538 206.91 25.493 0.073835
206.829 26.2478 0.0756227 5.67865e-08 206.91 25.493 0.073835
206.841 25.339 0.0737764 0.0274571 206.91 25.493 0.073835
206.898 25.6315 0.0750384 0.0947298 206.91 25.493 0.073835
206.963 25.9498 0.0477539 5.10278e-15 206.91 25.493 0.073835
206.223 25.3655 0.0782639 9.48762e-06 206.91 25.493 0.073835
207.477 25.9352 0.0629309 8.74427e-13 206.91 25.493 0.073835
206.716 25.7146 0.0656129 0.00166195 206.91 25.493 0.073835
206.527 25.5342 0.081428 0.054743 206.91 25.493 0.073835
207.325 25.3868 0.0865186 4.7107e-09 206.91 25.493 0.073835
207.221 25.629 0.0659096 1.70005e-05 206.91 25.493 0.073835
207.193 25.6389 0.0794553 0.000151453 206.91 25.493 0.073835
206.969 25.4533 0.0650579 0.0025929 206.91 25.493 0.073835
207.331 25.8133 0.0839982 6.21259e-08 206.91 25.493 0.073835
206.91 25.4185 0.0625573 0.000961074 206.91 25.493 0.073835
207.171 26.0451 0.0685077 2.9041e-08 206.91 25.493 0.073835
207.512 25.9583 0.0717468 3.62466e-12 206.91 25.493 0.073835
207.393 24.8094 0.0697355 5.20909e-15 206.91 25.493 0.073835
