-34.7612 -25.5658 1.17935 2.80037e-12 -35.384 -25.826 1.1727
-35.6986 -25.9966 1.16792 3.40564e-05 -35.384 -25.826 1.1727
-35.4825 -25.7726 1.17284 0.223318 -35.384 -25.826 1.1727
-35.0955 -26.3583 1.1699 5.62896e-13 -35.384 -25.826 1.1727
-35.1318 -25.8109 1.1821 4.36013e-05 -35.384 -25.826 1.1727
-35.4438 -25.8524 1.17756 0.089243 -35.384 -25.826 1.1727
-35.1368 -26.0995 1.15774 5.60077e-13 -35.384 -25.826 1.1727
-35.3298 -25.7815 1.16697 0.0119897 -35.384 -25.826 1.1727
-34.904 -25.4318 1.18537 1.7368e-13 -35.384 -25.826 1.1727
-35.5439 -25.7285 1.15584 5.10509e-07 -35.384 -25.826 1.1727
-35.5709 -25.3875 1.17703 0.0018194 -35.384 -25.826 1.1727
-35.9357 -25.551 1.16736 2.58028e-05 -35.384 -25.826 1.1727
-35.2974 -25.6611 1.18214 0.00113996 -35.384 -25.826 1.1727
-35.2437 -25.6366 1.16262 0.00184791 -35.384 -25.826 1.1727
-35.3658 -25.6176 1.1784 0.0267253 -35.384 -25.826 1.1727
-35.1327 -25.2193 1.17145 2.31146e-06 -35.384 -25.826 1.1727
-35.4627 -26.0369 1.18054 0.00435097 -35.384 -25.826 1.1727
-34.8777 -25.8885 1.1797 3.88143e-09 -35.384 -25.826 1.1727
-35.2139 -25.4386 1.19405 9.5624e-15 -35.384 -25.826 1.1727
-35.131 -26.1257 1.16675 1.04085e-08 -35.384 -25.826 1.1727
-34.8441 -26.1099 1.17229 1.06613e-11 -35.384 -25.826 1.1727
-35.9573 -25.6496 1.18213 1.06774e-05 -35.384 -25.826 1.1727
-35.1173 -25.8779 1.17435 0.000271224 -35.384 -25.826 1.1727
-35.4586 -25.7709 1.15257 1.5904e-09 -35.384 -25.826 1.1727
-35.3297 -25.6314 1.14241 2.6462e-16 -35.384 -25.826 1.1727
-35.972 -25.6756 1.17653 5.53244e-05 -35.384 -25.826 1.1727
-35.5631 -25.8566 1.17246 0.0631735 -35.384 -25.826 1.1727
-35.0448 -25.8232 1.16069 1.27309e-07 -35.384 -25.826 1.1727
-34.7977 -26.0454 1.17337 9.65298e-12 -35.384 -25.826 1.1727
-35.1805 -25.1485 1.14768 4.17326e-10 -35.384 -25.826 1.1727
-35.2664 -25.5817 1.14979 1.86847e-09 -35.384 -25.826 1.1727
-34.9712 -25.5617 1.15929 3.51226e-07 -35.384 -25.826 1.1727
-35.0915 -26.0292 1.1742 5.33726e-06 -35.384 -25.826 1.1727
-34.6556 -25.7794 1.15935 2.96137e-15 -35.384 -25.826 1.1727
-35.6052 -25.8392 1.16364 0.000217798 -35.384 -25.826 1.1727
-35.2409 -26.085 1.18491 1.35956e-05 -35.384 -25.826 1.1727
-35.2619 -25.3604 1.16221 0.0017587 -35.384 -25.826 1.1727
-35.385 -25.6122 1.16349 0.0167258 -35.384 -25.826 1.1727
-35.2957 -25.7414 1.19597 4.3897e-11 -35.384 -25.826 1.1727
-35.4049 -26.1418 1.14876 7.12486e-21 -35.384 -25.826 1.1727
-34.9984 -25.3237 1.16859 1.78334e-06 -35.384 -25.826 1.1727
-35.4664 -25.8084 1.17624 0.168043 -35.384 -25.826 1.1727
-35.0887 -25.776 1.15799 8.5157e-08 -35.384 -25.826 1.1727
-34.9027 -25.3573 1.16388 1.07208e-07 -35.384 -25.826 1.1727
-35.564 -25.387 1.17221 0.0167609 -35.384 -25.826 1.1727
-35.1965 -25.8019 1.16896 0.00253915 -35.384 -25.826 1.1727
-35.1776 -25.7762 1.17783 0.00176847 -35.384 -25.826 1.1727
-35.4561 -25.8908 1.17605 0.0701994 -35.384 -25.826 1.1727
-35.0057 -26.0753 1.18096 4.43368e-08 -35.384 -25.826 1.1727
-35.7227 -25.4699 1.15706 4.86152e-06 -35.384 -25.826 1.1727
-35.4987 -26.151 1.15308 5.16231e-17 -35.384 -25.826 1.1727
-35.489 -25.8591 1.18505 0.00355684 -35.384 -25.826 1.1727
-35.1302 -25.6749 1.17168 0.00230664 -35.384 -25.826 1.1727
-34.9864 -25.4783 1.16338 6.69507e-06 -35.384 -25.826 1.1727
-35.8217 -25.4984 1.16818 0.0010512 -35.384 -25.826 1.1727
-35.121 -25.6199 1.18255 4.84362e-06 -35.384 -25.826 1.1727
-35.3141 -25.5119 1.17112 0.0555447 -35.384 -25.826 1.1727
-35.4046 -25.3132 1.17177 0.00321466 -35.384 -25.826 1.1727
-35.0493 -25.8245 1.18508 2.01641e-07 -35.384 -25.826 1.1727
-35.0404 -25.9006 1.16691 1.85275e-06 -35.384 -25.826 1.1727
-35.0507 -25.6195 1.16551 0.000102185 -35.384 -25.826 1.1727
-35.2105 -25.244 1.1642 0.00017457 -35.384 -25.826 1.1727
-35.2608 -25.5445 1.14968 3.11373e-09 -35.384 -25.826 1.1727
-35.5178 -25.6797 1.18263 0.00925383 -35.384 -25.826 1.1727
-35.6088 -25.9418 1.15781 4.17778e-09 -35.384 -25.826 1.1727
-35.2756 -25.7388 1.18788 5.576e-06 -35.384 -25.826 1.1727
-35.517 -25.6882 1.17783 0.147122 -35.384 -25.826 1.1727
-34.9792 -25.7063 1.16888 1.1207e-05 -35.384 -25.826 1.1727
-34.6317 -25.7804 1.16929 7.64861e-14 -35.384 -25.826 1.1727
-35.0629 -25.9406 1.16136 1.11105e-08 -35.384 -25.826 1.1727
-35.1454 -26.069 1.17159 3.47005e-06 -35.384 -25.826 1.1727
-34.907 -25.8666 1.16798 4.23092e-08 -35.384 -25.826 1.1727
-35.0222 -25.6833 1.17636 2.14188e-05 -35.384 -25.826 1.1727
-35.102 -25.6735 1.17402 0.000728846 -35.384 -25.826 1.1727
-35.1647 -25.3932 1.17797 9.5882e-06 -35.384 -25.826 1.1727
-35.5952 -25.2891 1.1894 1.42748e-11 -35.384 -25.826 1.1727
-35.1161 -26.0466 1.17501 8.15461e-06 -35.384 -25.826 1.1727
-34.9653 -25.3919 1.17745 1.31812e-08 -35.384 -25.826 1.1727
-34.9422 -26.3768 1.16836 1.89057e-16 -35.384 -25.826 1.1727
-35.2145 -25.8345 1.15475 2.19315e-09 -35.384 -25.826 1.1727
-35.1244 -25.9818 1.16337 1.07467e-07 -35.384 -25.826 1.1727
-35.3598 -25.8212 1.14873 2.16148e-13 -35.384 -25.826 1.1727
-35.1221 -25.979 1.18692 3.77645e-07 -35.384 -25.826 1.1727
-35.7333 -26.2179 1.17581 1.78637e-06 -35.384 -25.826 1.1727
-35.4545 -26.0554 1.17143 0.000436586 -35.384 -25.826 1.1727
-35.6168 -26.459 1.18641 2.66949e-09 -35.384 -25.826 1.1727
-35.2073 -25.5589 1.18561 6.2418e-07 -35.384 -25.826 1.1727
-35.4339 -25.7157 1.1805 0.0348018 -35.384 -25.826 1.1727
-35.5547 -25.7738 1.1867 0.000732219 -35.384 -25.826 1.1727
-35.1045 -25.7654 1.15 1.33912e-12 -35.384 -25.826 1.1727
-35.1991 -25.6364 1.17182 0.0131552 -35.384 -25.826 1.1727
-35.4822 -25.9659 1.18132 0.0124364 -35.384 -25.826 1.1727
-35.2901 -25.8363 1.18048 0.00585136 -35.384 -25.826 1.1727
-35.2628 -25.5157 1.18928 4.12261e-09 -35.384 -25.826 1.1727
-34.9351 -25.2403 1.16645 3.71724e-08 -35.384 -25.826 1.1727
-34.8232 -26.0102 1.19134 2.16092e-15 -35.384 -25.826 1.1727
-35.4987 -25.5959 1.18146 0.00705313 -35.384 -25.826 1.1727
-35.5 -26.1504 1.17886 0.000310676 -35.384 -25.826 1.1727
-35.5087 -25.9029 1.158 7.46049e-08 -35.384 -25.826 1.1727
-35.6953 -25.8892 1.1435 3.5691e-22 -35.384 -25.826 1.1727
