-38.0271 -70.4664 1.93502 0.000346608 -37.698 -70.659 1.9292
-37.5898 -70.705 1.92808 0.0322117 -37.698 -70.659 1.9292
-37.6505 -70.6191 1.911 5.05084e-07 -37.698 -70.659 1.9292
-37.7614 -70.4622 1.94067 0.000595225 -37.698 -70.659 1.9292
-37.1644 -71.0507 1.94194 5.6628e-07 -37.698 -70.659 1.9292
-37.6151 -71.6687 1.91967 2.14504e-23 -37.698 -70.659 1.9292
-37.5925 -70.4642 1.92795 0.195999 -37.698 -70.659 1.9292
-37.6615 -71.0707 1.92312 3.04151e-07 -37.698 -70.659 1.9292
-38.0796 -70.8217 1.9268 7.79958e-05 -37.698 -70.659 1.9292
-37.6025 -71.1662 1.9157 1.08527e-12 -37.698 -70.659 1.9292
-37.6293 -70.6369 1.91732 0.000278196 -37.698 -70.659 1.9292
-37.7183 -70.657 1.9375 0.0108958 -37.698 -70.659 1.9292
-37.8201 -70.266 1.92368 0.081361 -37.698 -70.659 1.9292
-38.6714 -71.0697 1.91382 2.52297e-18 -37.698 -70.659 1.9292
-37.9853 -70.9109 1.91766 7.60397e-07 -37.698 -70.659 1.9292
-38.5548 -70.9021 1.92629 1.28262e-12 -37.698 -70.659 1.9292
-38.1028 -71.5679 1.92088 1.83825e-20 -37.698 -70.659 1.9292
-37.4839 -70.9385 1.9178 2.22679e-08 -37.698 -70.659 1.9292
-37.5171 -71.056 1.93159 1.76067e-05 -37.698 -70.659 1.9292
-37.438 -71.3079 1.91287 2.72475e-19 -37.698 -70.659 1.9292
-37.9505 -70.748 1.92007 0.000393209 -37.698 -70.659 1.9292
-37.3536 -71.1296 1.91027 2.56211e-18 -37.698 -70.659 1.9292
-37.5481 -70.8953 1.92778 0.000536101 -37.698 -70.659 1.9292
-38.118 -70.9341 1.93253 9.71589e-07 -37.698 -70.659 1.9292
-37.6603 -70.9628 1.92912 0.000233387 -37.698 -70.659 1.9292
-37.8898 -70.7735 1.93338 0.00223921 -37.698 -70.659 1.9292
-38.0541 -70.7494 1.9179 3.83257e-05 -37.698 -70.659 1.9292
-37.6813 -70.8683 1.92947 0.00271005 -37.698 -70.659 1.9292
-37.8732 -70.8271 1.92334 0.000547518 -37.698 -70.659 1.9292
-37.5238 -71.1086 1.90798 1.17905e-17 -37.698 -70.659 1.9292
-38.2566 -70.6539 1.9342 3.97448e-07 -37.698 -70.659 1.9292
-37.7885 -70.8674 1.9231 0.000251767 -37.698 -70.659 1.9292
-37.5542 -70.6735 1.90754 1.35666e-10 -37.698 -70.659 1.9292
-37.728 -70.894 1.91963 1.04525e-05 -37.698 -70.659 1.9292
-38.1396 -71.1007 1.91266 7.79863e-13 -37.698 -70.659 1.9292
-37.83 -70.9616 1.92424 2.63485e-05 -37.698 -70.659 1.9292
-38.0657 -71.2686 1.92976 5.12164e-11 -37.698 -70.659 1.9292
-38.2794 -70.5525 1.9353 1.06757e-07 -37.698 -70.659 1.9292
-38.1534 -71.0451 1.91298 1.07456e-11 -37.698 -70.659 1.9292
-38.4791 -70.9283 1.92142 2.14297e-11 -37.698 -70.659 1.9292
-37.9429 -70.5934 1.92983 0.0175135 -37.698 -70.659 1.9292
-38.5453 -70.8297 1.92374 2.03818e-11 -37.698 -70.659 1.9292
-37.7321 -70.4999 1.91866 0.0109104 -37.698 -70.659 1.9292
-38.0732 -70.7485 1.93564 2.11463e-05 -37.698 -70.659 1.9292
-38.3263 -70.7782 1.94377 3.46168e-13 -37.698 -70.659 1.9292
-38.5122 -70.8356 1.92621 4.64939e-11 -37.698 -70.659 1.9292
-38.6699 -70.5445 1.91907 1.644e-11 -37.698 -70.659 1.9292
-37.8704 -69.8784 1.92197 6.898e-05 -37.698 -70.659 1.9292
-37.8338 -70.7704 1.95723 3.71389e-14 -37.698 -70.659 1.9292
-38.1052 -71.2428 1.92283 7.90324e-12 -37.698 -70.659 1.9292
-37.8215 -70.5763 1.91932 0.00873291 -37.698 -70.659 1.9292
-37.9168 -70.8151 1.91089 2.39864e-08 -37.698 -70.659 1.9292
-38.4601 -70.0907 1.92871 2.53607e-10 -37.698 -70.659 1.9292
-38.0706 -70.7518 1.92548 0.000354093 -37.698 -70.659 1.9292
-38.5227 -70.6385 1.92934 1.70622e-10 -37.698 -70.659 1.9292
-37.8665 -70.8315 1.94813 1.80265e-08 -37.698 -70.659 1.9292
-38.0828 -70.9908 1.92693 8.87815e-07 -37.698 -70.659 1.9292
-37.4922 -71.2004 1.94084 1.86286e-07 -37.698 -70.659 1.9292
-38.4686 -70.5284 1.91869 8.81759e-08 -37.698 -70.659 1.9292
-38.2825 -70.6811 1.93091 9.38273e-07 -37.698 -70.659 1.9292
-37.7504 -71.5245 1.93273 2.45474e-14 -37.698 -70.659 1.9292
-38.1273 -71.363 1.92418 2.41375e-14 -37.698 -70.659 1.9292
-38.3921 -70.837 1.92654 5.84608e-09 -37.698 -70.659 1.9292
-38.1264 -70.4323 1.90691 5.08356e-07 -37.698 -70.659 1.9292
-38.2017 -70.88 1.91992 2.7937e-07 -37.698 -70.659 1.9292
-38.0427 -70.5185 1.92954 0.00441113 -37.698 -70.659 1.9292
-37.6131 -70.7286 1.93818 0.0092215 -37.698 -70.659 1.9292
-38.0151 -70.6737 1.93329 0.000708907 -37.698 -70.659 1.9292
-37.2804 -69.9103 1.92816 7.99193e-07 -37.698 -70.659 1.9292
-37.6037 -70.6312 1.91067 1.14015e-07 -37.698 -70.659 1.9292
-37.87 -70.3034 1.9245 0.0818626 -37.698 -70.659 1.9292
-37.9026 -71.6635 1.94132 8.45388e-19 -37.698 -70.659 1.9292
-37.8577 -70.9725 1.92757 5.14159e-05 -37.698 -70.659 1.9292
-37.6976 -71.0065 1.9107 3.65945e-12 -37.698 -70.659 1.9292
-37.5627 -70.7067 1.92801 0.0261811 -37.698 -70.659 1.9292
-37.7784 -70.686 1.92641 0.0339769 -37.698 -70.659 1.9292
-37.429 -71.0606 1.92866 1.78286e-06 -37.698 -70.659 1.9292
-37.8266 -70.7472 1.90733 9.91741e-10 -37.698 -70.659 1.9292
-38.1016 -71.1898 1.92585 3.22897e-10 -37.698 -70.659 1.9292
-38.152 -70.7582 1.92367 4.7769e-05 -37.698 -70.659 1.9292
-37.8649 -70.8533 1.9147 5.1781e-07 -37.698 -70.659 1.9292
-37.6869 -70.8155 1.92568 0.00289897 -37.698 -70.659 1.9292
-37.5864 -70.6049 1.91568 5.52341e-05 -37.698 -70.659 1.9292
-37.4968 -70.765 1.92449 0.00106771 -37.698 -70.659 1.9292
-38.1118 -71.1666 1.92883 1.15361e-09 -37.698 -70.659 1.9292
-37.0978 -70.7819 1.9286 1.10416e-06 -37.698 -70.659 1.9292
-38.0227 -70.2111 1.92432 0.00658694 -37.698 -70.659 1.9292
-38.2362 -71.0707 1.91592 1.27905e-11 -37.698 -70.659 1.9292
-37.7988 -70.8379 1.93105 0.00331496 -37.698 -70.659 1.9292
-38.025 -70.4897 1.91407 0.000353702 -37.698 -70.659 1.9292
-38.2655 -70.6642 1.91574 1.78226e-06 -37.698 -70.659 1.9292
-37.6565 -71.6022 1.91143 5.92608e-27 -37.698 -70.659 1.9292
-37.7153 -70.4116 1.92651 0.23473 -37.698 -70.659 1.9292
-37.753 -70.6162 1.93088 0.09516 -37.698 -70.659 1.9292
-37.1109 -70.5856 1.9255 2.97629e-06 -37.698 -70.659 1.9292
-37.6294 -70.574 1.92705 0.128044 -37.698 -70.659 1.9292
-37.7116 -70.1087 1.93107 0.0037203 -37.698 -70.659 1.9292
-38.6578 -70.7758 1.92416 2.93219e-13 -37.698 -70.659 1.9292
-38.0825 -70.5686 1.9301 0.00121682 -37.698 -70.659 1.9292
-38.0604 -70.9395 1.92368 3.19857e-06 -37.698 -70.659 1.9292
