271.329 -10.508 3.96015 9.10217e-12 270.67 -10.996 3.9667
270.822 -10.9801 3.95442 1.05955e-06 270.67 -10.996 3.9667
270.768 -11.045 3.9932 1.05255e-11 270.67 -10.996 3.9667
270.919 -10.4471 3.98556 5.59081e-05 270.67 -10.996 3.9667
271.561 -11.2976 3.977 1.11227e-10 270.67 -10.996 3.9667
271.41 -10.852 3.98688 0.0714615 270.67 -10.996 3.9667
271.11 -11.6378 3.97513 9.70329e-15 270.67 -10.996 3.9667
270.492 -10.5906 3.99115 1.39583e-16 270.67 -10.996 3.9667
270.785 -11.0238 3.97552 0.00387324 270.67 -10.996 3.9667
270.526 -10.7752 3.97249 0.000815022 270.67 -10.996 3.9667
270.735 -10.6729 3.9719 0.105508 270.67 -10.996 3.9667
270.443 -10.5632 3.96773 0.000455878 270.67 -10.996 3.9667
271.115 -11.2138 3.97091 7.43007e-06 270.67 -10.996 3.9667
270.644 -11.1027 3.9679 0.000413311 270.67 -10.996 3.9667
271.315 -10.9054 3.95909 4.56909e-12 270.67 -10.996 3.9667
271.09 -11.5049 3.96638 2.58805e-13 270.67 -10.996 3.9667
270.73 -11.3214 3.97135 2.4453e-07 270.67 -10.996 3.9667
270.531 -11.1355 3.95989 2.67686e-05 270.67 -10.996 3.9667
270.999 -10.8088 3.94792 2.08672e-13 270.67 -10.996 3.9667
270.107 -10.7071 3.96058 1.13579e-06 270.67 -10.996 3.9667
269.712 -11.3293 3.96971 3.07091e-29 270.67 -10.996 3.9667
270.52 -10.9729 3.97994 6.21358e-08 270.67 -10.996 3.9667
271.428 -10.6411 3.97456 0.000139619 270.67 -10.996 3.9667
270.812 -11.289 3.98819 6.25318e-11 270.67 -10.996 3.9667
271.179 -11.0303 3.97343 0.00247984 270.67 -10.996 3.9667
271.13 -11.557 3.97139 2.42945e-13 270.67 -10.996 3.9667
271.261 -11.1444 3.96187 3.20275e-11 270.67 -10.996 3.9667
270.505 -11.2345 3.95486 7.76931e-08 270.67 -10.996 3.9667
270.479 -11.0911 3.97557 9.83512e-08 270.67 -10.996 3.9667
270.431 -10.9693 3.95123 3.04845e-05 270.67 -10.996 3.9667
270.985 -11.1038 3.9596 2.19922e-07 270.67 -10.996 3.9667
271.312 -11.2005 3.96719 1.06901e-09 270.67 -10.996 3.9667
270.577 -11.3881 3.97631 2.27896e-11 270.67 -10.996 3.9667
271.23 -10.7189 3.96117 4.59759e-08 270.67 -10.996 3.9667
270.869 -11.3844 3.96058 1.22469e-10 270.67 -10.996 3.9667
270.614 -11.4454 3.98445 7.50401e-16 270.67 -10.996 3.9667
270.904 -10.5536 3.97406 0.107031 270.67 -10.996 3.9667
271.141 -11.1002 3.98049 0.00381505 270.67 -10.996 3.9667
271.215 -11.5261 3.96526 4.24341e-16 270.67 -10.996 3.9667
270.829 -11.1857 3.97183 0.000139605 270.67 -10.996 3.9667
270.65 -11.1437 3.97025 8.56892e-05 270.67 -10.996 3.9667
270.704 -10.5897 3.96695 0.0684569 270.67 -10.996 3.9667
270.393 -10.9765 3.97348 2.9309e-07 270.67 -10.996 3.9667
270.532 -10.7376 3.97071 0.0032319 270.67 -10.996 3.9667
271.323 -11.4464 3.97105 8.77006e-13 270.67 -10.996 3.9667
270.774 -11.1555 3.97391 0.000157909 270.67 -10.996 3.9667
270.764 -11.0859 3.9507 2.96102e-09 270.67 -10.996 3.9667
271.644 -10.7896 3.99114 0.00562143 270.67 -10.996 3.9667
271.478 -11.2984 3.96748 1.39099e-14 270.67 -10.996 3.9667
270.422 -10.4974 3.96643 0.000176592 270.67 -10.996 3.9667
270.457 -11.1553 3.96266 7.95025e-06 270.67 -10.996 3.9667
271.326 -11.0096 3.98205 0.0115175 270.67 -10.996 3.9667
270.196 -10.8097 3.97039 5.0771e-09 270.67 -10.996 3.9667
270.449 -11.3648 3.99534 6.69155e-28 270.67 -10.996 3.9667
270.588 -10.8382 3.9686 0.0192635 270.67 -10.996 3.9667
271.012 -11.4938 3.95848 5.20994e-16 270.67 -10.996 3.9667
271.15 -10.632 3.95596 3.44524e-10 270.67 -10.996 3.9667
271.031 -10.8169 3.96043 2.88895e-05 270.67 -10.996 3.9667
271.038 -11.2744 3.96038 2.17718e-10 270.67 -10.996 3.9667
270.421 -11.0787 3.9803 2.50463e-11 270.67 -10.996 3.9667
270.89 -11.5101 3.98525 3.17097e-13 270.67 -10.996 3.9667
270.802 -11.3156 3.96441 1.24774e-07 270.67 -10.996 3.9667
271.227 -10.8663 3.96727 6.78881e-05 270.67 -10.996 3.9667
271.282 -10.9109 3.98422 0.0970281 270.67 -10.996 3.9667
271.325 -11.0397 3.99054 0.0025746 270.67 -10.996 3.9667
270.879 -11.0294 3.97225 0.0155965 270.67 -10.996 3.9667
271.314 -11.2056 3.96962 1.56811e-08 270.67 -10.996 3.9667
270.778 -11.3111 3.98143 7.96513e-09 270.67 -10.996 3.9667
271.036 -11.0979 3.96344 4.14964e-06 270.67 -10.996 3.9667
270.958 -11.3229 3.95731 6.09721e-12 270.67 -10.996 3.9667
271.106 -11.1373 3.97961 0.00136865 270.67 -10.996 3.9667
270.744 -10.8732 3.97383 0.0403825 270.67 -10.996 3.9667
271.22 -11.2499 3.97174 3.68784e-07 270.67 -10.996 3.9667
270.684 -10.9208 3.97705 0.0010453 270.67 -10.996 3.9667
270.993 -10.8867 3.96817 0.0296444 270.67 -10.996 3.9667
270.681 -10.9314 3.96904 0.0246176 270.67 -10.996 3.9667
271.096 -11.4 3.96684 1.21767e-10 270.67 -10.996 3.9667
270.99 -11.4503 3.95889 2.38459e-14 270.67 -10.996 3.9667
270.178 -10.6587 3.96645 1.59238e-07 270.67 -10.996 3.9667
271.475 -11.0789 3.96102 2.90492e-16 270.67 -10.996 3.9667
270.65 -10.8121 3.99059 3.01064e-11 270.67 -10.996 3.9667
270.801 -10.6409 3.96917 0.19468 270.67 -10.996 3.9667
270.446 -10.8971 3.97302 1.34955e-05 270.67 -10.996 3.9667
271.18 -11.216 3.98703 2.52692e-05 270.67 -10.996 3.9667
271.191 -11.0403 3.98205 0.014903 270.67 -10.996 3.9667
270.457 -11.88 3.96451 2.95168e-25 270.67 -10.996 3.9667
270.511 -10.8761 3.96131 0.0089562 270.67 -10.996 3.9667
270.553 -11.1121 3.99018 1.51895e-15 270.67 -10.996 3.9667
270.986 -11.0371 3.97681 0.0177036 270.67 -10.996 3.9667
270.553 -11.4729 3.95071 1.10408e-14 270.67 -10.996 3.9667
271.135 -10.9367 3.96273 3.37418e-06 270.67 -10.996 3.9667
270.466 -11.458 3.97941 2.00983e-16 270.67 -10.996 3.9667
271.379 -10.8841 3.98555 0.0684991 270.67 -10.996 3.9667
270.778 -10.982 3.97081 0.0237735 270.67 -10.996 3.9667
271.051 -11.4794 3.95561 3.2314e-18 270.67 -10.996 3.9667
270.422 -11.6247 3.96916 1.39468e-17 270.67 -10.996 3.9667
270.168 -11.3257 3.96383 1.13399e-12 270.67 -10.996 3.9667
270.724 -11.091 4.00015 1.81134e-19 270.67 -10.996 3.9667
271.422 -11.0745 3.99124 0.00110345 270.67 -10.996 3.9667
270.669 -10.8671 3.96825 0.0532049 270.67 -10.996 3.9667
