6.07965 2.11032 0.296323 3.88696e-22 6.6632 2.0825 0.30937
6.49772 2.33863 0.298308 4.89207e-10 6.6632 2.0825 0.30937
6.19499 2.25061 0.310122 5.35563e-06 6.6632 2.0825 0.30937
6.93169 2.45921 0.305216 6.36125e-08 6.6632 2.0825 0.30937
6.3798 2.30093 0.326256 2.19525e-06 6.6632 2.0825 0.30937
6.45979 2.32169 0.315409 0.0134333 6.6632 2.0825 0.30937
5.89502 2.9793 0.302537 1.61586e-42 6.6632 2.0825 0.30937
6.55083 2.69078 0.312782 1.71836e-10 6.6632 2.0825 0.30937
6.26274 2.77637 0.299062 3.45796e-25 6.6632 2.0825 0.30937
6.81184 2.62234 0.324723 1.97461e-17 6.6632 2.0825 0.30937
6.48714 2.53372 0.307141 1.17694e-07 6.6632 2.0825 0.30937
5.77475 1.68612 0.325368 2.03474e-17 6.6632 2.0825 0.30937
6.38332 2.18138 0.303186 2.78421e-06 6.6632 2.0825 0.30937
5.88844 1.96026 0.315731 1.99483e-11 6.6632 2.0825 0.30937
6.55547 2.39742 0.302285 5.26567e-07 6.6632 2.0825 0.30937
6.62965 2.49226 0.307578 5.18994e-06 6.6632 2.0825 0.30937
5.9661 1.87971 0.305342 1.09969e-16 6.6632 2.0825 0.30937
6.23219 2.15245 0.297623 3.2132e-15 6.6632 2.0825 0.30937
6.52131 2.66598 0.31427 9.78946e-10 6.6632 2.0825 0.30937
6.8881 2.36393 0.339355 6.01254e-36 6.6632 2.0825 0.30937
6.36598 2.14243 0.319413 0.0328644 6.6632 2.0825 0.30937
6.39191 2.24348 0.298359 7.31167e-11 6.6632 2.0825 0.30937
6.69886 2.50039 0.326731 7.99394e-14 6.6632 2.0825 0.30937
6.01101 1.7663 0.32664 8.82986e-11 6.6632 2.0825 0.30937
6.75951 2.66673 0.327349 4.27085e-20 6.6632 2.0825 0.30937
6.72292 2.52445 0.316201 1.11301e-07 6.6632 2.0825 0.30937
6.47993 2.24875 0.330887 9.62723e-11 6.6632 2.0825 0.30937
6.57427 2.31045 0.30797 0.00541615 6.6632 2.0825 0.30937
6.01921 1.78349 0.311429 1.3277e-11 6.6632 2.0825 0.30937
6.72807 2.04147 0.306435 0.0256266 6.6632 2.0825 0.30937
6.42483 1.92426 0.318758 0.0112766 6.6632 2.0825 0.30937
6.34903 1.96813 0.316631 0.0286152 6.6632 2.0825 0.30937
6.33278 2.20448 0.303874 8.37655e-07 6.6632 2.0825 0.30937
6.8029 1.79778 0.326991 8.67042e-15 6.6632 2.0825 0.30937
6.22361 1.5828 0.316814 4.06856e-10 6.6632 2.0825 0.30937
6.33837 1.92169 0.311253 0.00244482 6.6632 2.0825 0.30937
6.51261 2.14252 0.31623 0.210238 6.6632 2.0825 0.30937
6.18229 2.04827 0.308195 9.7447e-07 6.6632 2.0825 0.30937
6.44895 2.46934 0.323614 1.47174e-07 6.6632 2.0825 0.30937
6.40302 2.23946 0.318232 0.0257999 6.6632 2.0825 0.30937
6.62304 1.80447 0.316834 0.000267465 6.6632 2.0825 0.30937
6.41741 1.96232 0.314711 0.0750144 6.6632 2.0825 0.30937
6.58569 2.73526 0.311213 4.65914e-12 6.6632 2.0825 0.30937
6.85029 1.74437 0.31307 5.88898e-07 6.6632 2.0825 0.30937
6.84832 2.37907 0.303353 4.65651e-06 6.6632 2.0825 0.30937
6.00216 1.92118 0.315727 1.8878e-08 6.6632 2.0825 0.30937
6.0972 2.13625 0.324706 6.51627e-06 6.6632 2.0825 0.30937
5.95008 2.20565 0.313243 1.86407e-10 6.6632 2.0825 0.30937
6.74535 2.33454 0.29847 1.05556e-07 6.6632 2.0825 0.30937
6.37262 2.20486 0.324193 0.000248182 6.6632 2.0825 0.30937
6.57155 2.18924 0.297213 1.20829e-08 6.6632 2.0825 0.30937
6.54852 2.38699 0.307498 0.000284793 6.6632 2.0825 0.30937
6.61568 1.89499 0.327589 5.32777e-10 6.6632 2.0825 0.30937
6.72441 2.09605 0.333378 2.67685e-18 6.6632 2.0825 0.30937
6.01599 1.61687 0.309287 1.67004e-16 6.6632 2.0825 0.30937
6.52282 2.28135 0.302962 2.53819e-05 6.6632 2.0825 0.30937
6.48499 2.78389 0.318842 2.07106e-14 6.6632 2.0825 0.30937
6.34463 2.02013 0.298718 5.59926e-11 6.6632 2.0825 0.30937
6.48221 2.51393 0.31686 4.88952e-06 6.6632 2.0825 0.30937
6.67088 2.14928 0.314423 0.0745556 6.6632 2.0825 0.30937
6.26416 2.27634 0.313266 0.000707087 6.6632 2.0825 0.30937
6.27672 1.59465 0.317949 3.17975e-09 6.6632 2.0825 0.30937
6.32101 2.72081 0.315083 2.10075e-12 6.6632 2.0825 0.30937
6.52123 1.80185 0.321814 1.00473e-05 6.6632 2.0825 0.30937
6.45298 2.21025 0.31152 0.0831337 6.6632 2.0825 0.30937
6.22854 1.8824 0.326625 6.87016e-07 6.6632 2.0825 0.30937
6.84193 2.26238 0.305091 0.000429849 6.6632 2.0825 0.30937
6.64956 2.85353 0.31046 1.1592e-16 6.6632 2.0825 0.30937
5.77562 1.4911 0.302259 6.83027e-37 6.6632 2.0825 0.30937
6.59503 2.0988 0.301147 6.50725e-05 6.6632 2.0825 0.30937
6.15014 2.86847 0.318711 7.54448e-20 6.6632 2.0825 0.30937
6.45986 2.18487 0.292968 2.3212e-15 6.6632 2.0825 0.30937
6.75742 2.04477 0.301589 0.000340616 6.6632 2.0825 0.30937
5.92418 2.52222 0.329134 5.51051e-15 6.6632 2.0825 0.30937
5.75032 2.17636 0.307579 1.78443e-22 6.6632 2.0825 0.30937
6.23899 1.98842 0.306024 4.14162e-07 6.6632 2.0825 0.30937
6.02344 2.04099 0.309091 1.85589e-10 6.6632 2.0825 0.30937
6.1671 2.41597 0.302982 5.28688e-14 6.6632 2.0825 0.30937
6.49533 1.74389 0.311671 0.000168416 6.6632 2.0825 0.30937
6.58339 2.14011 0.290138 1.68712e-16 6.6632 2.0825 0.30937
6.4987 2.33153 0.312871 0.0132106 6.6632 2.0825 0.30937
6.56469 2.1486 0.317641 0.0599957 6.6632 2.0825 0.30937
6.47903 2.37385 0.301826 8.59634e-08 6.6632 2.0825 0.30937
6.37098 2.02571 0.315966 0.0867389 6.6632 2.0825 0.30937
6.32168 2.01122 0.310846 0.00456404 6.6632 2.0825 0.30937
6.30593 2.84216 0.319535 3.76216e-17 6.6632 2.0825 0.30937
6.3714 1.66692 0.323329 1.40817e-08 6.6632 2.0825 0.30937
6.48543 3.0784 0.324291 5.88156e-30 6.6632 2.0825 0.30937
6.83217 2.02681 0.307311 0.00548518 6.6632 2.0825 0.30937
6.25106 1.93062 0.324213 4.6266e-05 6.6632 2.0825 0.30937
6.49413 2.35959 0.312427 0.00509893 6.6632 2.0825 0.30937
6.27141 1.90875 0.313524 0.000881266 6.6632 2.0825 0.30937
6.41584 1.91548 0.303506 4.14589e-06 6.6632 2.0825 0.30937
6.62436 2.24374 0.299197 9.10526e-07 6.6632 2.0825 0.30937
6.52522 2.14628 0.31061 0.232972 6.6632 2.0825 0.30937
6.06036 1.70982 0.310609 2.93433e-12 6.6632 2.0825 0.30937
6.06543 1.83384 0.317371 1.3175e-07 6.6632 2.0825 0.30937
6.29842 2.07071 0.298129 1.19227e-12 6.6632 2.0825 0.30937
6.17688 2.09762 0.304491 1.54457e-09 6.6632 2.0825 0.30937
6.52457 2.5322 0.334006 2.04794e-19 6.6632 2.0825 0.30937
