-27.9115 -13.4426 0.897291 4.50787e-05
-28.0129 -13.3117 0.919396 2.37446e-07
-27.8885 -13.2761 0.894235 8.16777e-06
-27.6746 -13.8679 0.902388 4.2717e-07
-27.9529 -13.464 0.921893 1.85745e-06
-27.5922 -13.399 0.913714 0.00264598
-27.6648 -13.5537 0.916649 0.00610725
-27.4125 -12.9949 0.893001 1.52646e-07
-27.1328 -13.1978 0.893829 2.4051e-11
-27.9479 -13.6054 0.8898 1.92171e-14
-27.2813 -13.654 0.911071 6.77389e-07
-27.4193 -13.1086 0.914526 3.48551e-07
-27.8665 -12.8943 0.901933 1.51829e-06
-27.4902 -12.6886 0.914495 1.43601e-18
-27.3142 -13.1398 0.914717 5.20149e-08
-27.8646 -13.521 0.889727 4.18097e-12
-27.5199 -13.6681 0.899556 3.96977e-06
-27.8326 -13.3984 0.925074 6.14711e-10
-28.1384 -13.2833 0.897463 1.49873e-07
-27.6318 -12.8359 0.898103 6.81993e-07
-27.7535 -13.3719 0.896119 0.000169195
-27.3686 -13.6711 0.89914 3.14497e-08
-28.4246 -13.0932 0.924125 1.03921e-22
-27.2384 -13.7204 0.921948 0
-28.2401 -12.9746 0.908219 2.00062e-11
-27.4591 -13.1802 0.902338 0.00120984
-28.2709 -13.7252 0.899687 1.26039e-12
-27.35 -13.0193 0.896131 3.32536e-07
-27.9376 -12.9828 0.90242 1.05786e-05
-27.7291 -13.1679 0.906486 0.0163427
-28.0641 -12.9804 0.908366 2.61132e-08
-27.9452 -13.9712 0.896054 1.7719e-16
-27.8651 -13.3463 0.902543 0.0326315
-27.404 -13.7088 0.902439 1.39968e-06
-27.8078 -12.8243 0.917862 6.02952e-16
-27.716 -14.0685 0.905293 5.22389e-10
-27.5737 -12.9479 0.900186 2.11706e-05
-27.8104 -13.3537 0.911288 0.0478273
-28.0036 -13.5439 0.911693 0.0301334
-28.4559 -13.7039 0.905732 2.24452e-13
-27.6811 -13.0779 0.922395 1.41809e-11
-27.6632 -13.4882 0.909813 0.214775
-27.9763 -12.6598 0.899907 4.12377e-12
-27.5182 -13.4867 0.906146 0.0179462
-27.6921 -13.8653 0.910948 0.00145731
-27.1161 -13.02 0.899351 7.20738e-11
-27.3613 -12.516 0.914535 6.26496e-27
-28.1026 -13.2683 0.910697 5.65418e-05
-27.9138 -12.9751 0.903427 1.07199e-05
-27.6955 -12.853 0.9008 1.21002e-06
-28.0921 -13.0541 0.90659 5.86454e-07
-27.7372 -13.8496 0.895086 9.18686e-13
-27.5252 -13.6753 0.897227 9.83467e-08
-27.7522 -13.8613 0.907833 0.000365973
-28.1335 -13.4352 0.899231 7.51788e-07
-28.0101 -13.1721 0.909213 0.000131416
-28.3477 -13.8522 0.898972 8.41504e-18
-27.3795 -13.3235 0.91289 0.00106358
-27.8932 -14.1508 0.927741 1.08275e-09
-27.9844 -12.811 0.906923 1.19732e-10
-27.4055 -12.9506 0.904934 3.41689e-07
-27.8288 -13.3066 0.905969 0.0876981
-27.5284 -13.3296 0.8916 1.02583e-07
-27.5148 -13.4222 0.895236 5.00948e-06
-27.916 -13.4325 0.908837 0.124395
-28.0088 -13.3155 0.917433 5.3071e-06
-26.835 -13.009 0.90998 2.46166e-20
-27.4215 -13.0883 0.889135 4.1485e-09
-27.4253 -13.1062 0.917872 5.33247e-09
-28.1763 -13.5864 0.90268 7.90704e-07
-27.993 -13.3865 0.914924 0.000948208
-27.7165 -13.3234 0.894605 3.82184e-05
-27.9793 -13.4357 0.895969 1.29688e-06
-28.1223 -13.6107 0.903575 1.19435e-05
-27.6378 -13.3839 0.906438 0.128511
-27.7764 -13.527 0.905377 0.176114
-27.495 -13.6943 0.910405 0.00194947
-27.3307 -13.1625 0.909969 9.11444e-06
-27.3974 -12.7634 0.907035 3.11734e-12
-28.025 -13.3857 0.900624 0.000252315
-27.2017 -13.499 0.896751 0
-27.6274 -13.451 0.917962 0.000130649
-27.708 -13.6885 0.906484 0.0227005
-27.2165 -14.004 0.899312 0
-27.6445 -13.1445 0.910828 0.00121303
-28.0352 -13.4337 0.906836 0.00843827
-27.7858 -13.4223 0.896342 9.50474e-05
-27.8409 -13.2325 0.894582 3.39337e-05
-28.2451 -13.6672 0.913133 5.76592e-06
-27.5987 -13.118 0.902385 0.00325356
-28.66 -13.136 0.906981 4.64391e-21
-27.7213 -13.3403 0.902504 0.0696422
-28.2357 -13.0348 0.89532 1.78366e-10
-27.9296 -13.3127 0.914494 0.000539836
-27.3316 -13.5285 0.903256 1.09706e-05
-27.2171 -12.8807 0.898474 1.28749e-10
-27.8011 -13.4002 0.889333 2.37115e-10
-27.8514 -13.7393 0.904806 0.00102244
-28.3761 -13.9503 0.912379 7.52007e-12
-27.2199 -13.2169 0.897291 4.44055e-08
