110.769 18.0219 0.0778258 0.0281257
110.951 18.7699 0.0837078 1.41427e-06
110.715 17.7675 0.0732883 3.16662e-05
111.09 18.7179 0.0693363 0.000205842
111.141 17.9925 0.0697969 0.00537206
110.646 17.8431 0.0888935 0.000345833
110.998 18.2194 0.0895648 0.0019659
111.135 18.6331 0.0813313 8.85354e-05
111.755 18.5585 0.0732078 9.80799e-10
111.102 18.2644 0.074196 0.10749
111.117 18.6797 0.0718403 0.000484291
110.992 18.5164 0.0861967 0.000293041
111.115 18.4485 0.0720806 0.0275384
110.996 17.9148 0.0772266 0.0168259
111.244 19.0541 0.0734761 2.35135e-10
111.147 18.7157 0.0701515 0.000170591
111.308 18.397 0.078955 0.00131869
111.084 18.2462 0.0792118 0.0847052
111.295 18.25 0.0785889 0.00557226
111.16 18.2689 0.0676292 0.0208782
111.065 18.5646 0.0812788 0.000921367
110.703 18.4454 0.0690425 0.00102381
111.413 18.5698 0.0807449 2.58315e-06
111.153 18.1002 0.0914581 0.000100006
110.93 18.4121 0.082585 0.0150532
110.703 18.3864 0.0685562 0.00129583
111.227 18.2492 0.0877146 0.000226187
111.106 18.1338 0.0809891 0.0491165
111.708 18.4218 0.0917689 2.60922e-14
110.773 18.5473 0.0856784 0.000202163
111.25 19.4649 0.0886563 6.90119e-27
111.424 17.8682 0.0704163 1.13989e-05
111.478 18.287 0.0747622 0.000170319
111.742 18.8625 0.0757886 1.33755e-13
111.034 18.1686 0.083511 0.0428601
111.367 18.3309 0.0710453 0.00258085
111.507 18.5297 0.0750569 5.84936e-06
110.939 18.2001 0.0764498 0.178165
111.37 18.1769 0.0851584 6.21161e-05
110.721 18.3612 0.0857295 0.0036977
110.405 18.269 0.0754957 1.87715e-05
111.141 18.3099 0.0822158 0.0130307
111.318 18.546 0.0788011 0.000112819
110.884 18.6443 0.0747046 0.00100699
110.818 18.1509 0.0810451 0.0891736
111.191 18.2044 0.0823644 0.0105161
110.563 17.9196 0.0811178 0.00054321
110.546 18.5531 0.0688676 6.95149e-06
111.033 18.6773 0.0731692 0.000663644
111.028 18.629 0.0467996 8.32842e-11
111.435 18.5602 0.0809181 1.5349e-06
111.963 18.7702 0.0805828 1.00295e-18
110.715 18.6869 0.0547702 1.59922e-09
110.766 18.5114 0.0557258 1.09754e-07
110.938 17.8299 0.0868568 0.00169947
111.131 18.3021 0.066677 0.0172532
111.181 18.0727 0.0856368 0.00264359
110.937 17.9584 0.0707726 0.00544948
111.342 18.6615 0.0705042 5.58425e-05
110.627 18.2239 0.067752 0.000201953
111.16 19.0159 0.087443 2.74163e-13
111.127 18.7204 0.0588276 4.77385e-06
110.893 18.2674 0.057232 5.72811e-06
110.832 18.4058 0.081504 0.0191389
110.934 18.4767 0.0834577 0.00368139
110.933 17.9278 0.0616185 5.16635e-06
111.103 17.826 0.0725682 0.000712946
111.27 18.0732 0.0892669 4.79426e-05
111.614 18.2991 0.0609482 6.77907e-07
111.128 17.9747 0.0747196 0.0159962
111.54 17.8212 0.059474 8.19849e-10
111.343 18.8418 0.0646783 4.41286e-07
111.051 18.6155 0.0643263 0.00050862
110.851 18.7808 0.0842534 7.00663e-07
110.937 18.2074 0.086311 0.0198277
110.783 18.3441 0.0734959 0.0303636
111.063 18.0343 0.0757416 0.0561996
111.227 18.0737 0.0720505 0.0126119
110.981 18.7089 0.0571311 9.16463e-07
111.525 18.3236 0.0685567 5.93856e-05
111.613 18.3893 0.0883213 1.73442e-10
111.253 17.7716 0.0934268 1.96778e-07
111.499 18.2418 0.0623655 1.8601e-05
111.667 18.2903 0.082991 5.3859e-09
110.85 18.7039 0.0698128 0.000136448
111.046 18.448 0.082336 0.00598415
110.908 18.214 0.0603756 9.75251e-05
111.261 18.3884 0.0727818 0.0110622
110.804 18.1856 0.0843734 0.0401872
111.174 18.6099 0.0663783 0.000820917
111.44 18.1689 0.104044 3.52837e-15
111.559 17.9189 0.0673322 4.55888e-07
111.119 18.6071 0.0700517 0.00217207
111.363 18.2466 0.0594391 4.03497e-05
111.155 18.3766 0.074261 0.0408822
111.344 18.1176 0.0881811 1.72526e-05
111.207 18.6472 0.0806706 3.2738e-05
111.023 18.6165 0.0838531 9.466e-05
111.424 18.6944 0.0796636 1.63973e-07
111.32 18.361 0.0907822 5.25764e-07
