61.6242 13.6565 0.113761 5.68141e-06 61.409 13.817 0.12817
61.8865 13.9073 0.145566 3.97483e-19 61.409 13.817 0.12817
60.8414 14.0263 0.121162 1.70522e-05 61.409 13.817 0.12817
60.8991 13.678 0.142274 3.47368e-05 61.409 13.817 0.12817
61.4129 13.8942 0.144837 6.28231e-09 61.409 13.817 0.12817
61.2694 14.4363 0.130657 1.76622e-07 61.409 13.817 0.12817
60.878 14.3335 0.132765 2.75369e-06 61.409 13.817 0.12817
60.8131 13.189 0.142919 6.82205e-12 61.409 13.817 0.12817
61.0755 13.8256 0.135825 0.0256238 61.409 13.817 0.12817
61.299 14.2703 0.133274 2.52842e-05 61.409 13.817 0.12817
61.5548 13.9782 0.152735 2.88135e-18 61.409 13.817 0.12817
60.614 14.2973 0.122333 1.91384e-11 61.409 13.817 0.12817
61.7206 13.7315 0.139918 4.84678e-11 61.409 13.817 0.12817
61.2385 13.8387 0.119601 0.0121971 61.409 13.817 0.12817
61.3537 13.9224 0.129581 0.0293847 61.409 13.817 0.12817
61.8335 13.0728 0.116878 4.93948e-14 61.409 13.817 0.12817
61.5148 13.4156 0.127822 3.13485e-05 61.409 13.817 0.12817
61.4874 13.9034 0.133071 0.000471241 61.409 13.817 0.12817
61.5748 13.2673 0.140317 2.34281e-13 61.409 13.817 0.12817
60.9442 12.8562 0.143388 6.37708e-20 61.409 13.817 0.12817
60.8642 13.3768 0.132716 2.51054e-05 61.409 13.817 0.12817
61.0343 13.9165 0.131336 0.0861223 61.409 13.817 0.12817
61.5673 13.4882 0.144028 7.86761e-13 61.409 13.817 0.12817
61.5253 13.5837 0.13626 1.74926e-06 61.409 13.817 0.12817
61.4861 14.3519 0.134751 1.77269e-08 61.409 13.817 0.12817
61.6765 13.832 0.120805 5.90975e-05 61.409 13.817 0.12817
61.8565 13.5469 0.146887 3.74223e-21 61.409 13.817 0.12817
61.2879 13.8018 0.127807 0.137401 61.409 13.817 0.12817
61.1697 13.7513 0.125537 0.17418 61.409 13.817 0.12817
60.625 13.579 0.142949 7.0454e-08 61.409 13.817 0.12817
61.1108 13.494 0.153642 1.94017e-15 61.409 13.817 0.12817
61.2789 14.0473 0.125208 0.0126755 61.409 13.817 0.12817
61.2096 14.0688 0.147903 2.14521e-09 61.409 13.817 0.12817
61.4925 13.9188 0.137701 7.07645e-06 61.409 13.817 0.12817
61.2783 13.2782 0.152668 2.04824e-19 61.409 13.817 0.12817
61.3735 13.9772 0.109859 8.35608e-08 61.409 13.817 0.12817
61.5598 13.3332 0.141372 8.92661e-13 61.409 13.817 0.12817
60.787 13.7184 0.14464 1.6181e-06 61.409 13.817 0.12817
61.0029 13.8248 0.125939 0.0613268 61.409 13.817 0.12817
61.1662 13.844 0.135417 0.0234621 61.409 13.817 0.12817
60.9176 13.1804 0.144066 2.23348e-12 61.409 13.817 0.12817
61.2928 14.0233 0.150697 2.9894e-12 61.409 13.817 0.12817
61.564 14.6838 0.147483 4.06533e-18 61.409 13.817 0.12817
61.3425 13.7808 0.154557 1.1886e-16 61.409 13.817 0.12817
61.7375 13.8568 0.136467 3.29952e-09 61.409 13.817 0.12817
61.2589 13.5989 0.136595 0.000624831 61.409 13.817 0.12817
61.2662 13.474 0.138574 6.47122e-06 61.409 13.817 0.12817
61.4471 13.8348 0.123446 0.0153232 61.409 13.817 0.12817
61.2703 13.9039 0.133678 0.020158 61.409 13.817 0.12817
61.2119 13.3917 0.133312 0.000120416 61.409 13.817 0.12817
61.167 14.0003 0.129946 0.0553228 61.409 13.817 0.12817
60.9963 13.9679 0.133068 0.031781 61.409 13.817 0.12817
60.6062 13.8221 0.124256 7.84419e-07 61.409 13.817 0.12817
61.4792 14.7722 0.135099 1.73675e-14 61.409 13.817 0.12817
60.7861 13.7291 0.156625 4.89938e-15 61.409 13.817 0.12817
61.3462 13.4857 0.115961 0.00011402 61.409 13.817 0.12817
60.978 13.7142 0.13025 0.0675604 61.409 13.817 0.12817
61.1611 12.9011 0.138061 5.30048e-16 61.409 13.817 0.12817
60.7069 13.8547 0.121083 1.81845e-06 61.409 13.817 0.12817
61.6602 13.7902 0.154525 1.0108e-22 61.409 13.817 0.12817
61.426 13.6497 0.126605 0.0143861 61.409 13.817 0.12817
61.008 13.6748 0.169837 9.93572e-33 61.409 13.817 0.12817
60.8186 13.2332 0.127379 1.20804e-07 61.409 13.817 0.12817
61.3771 13.6445 0.125498 0.0301034 61.409 13.817 0.12817
60.8977 13.3911 0.134041 3.83827e-05 61.409 13.817 0.12817
61.4567 13.6826 0.141498 8.72914e-08 61.409 13.817 0.12817
61.6682 13.4611 0.136916 3.59572e-10 61.409 13.817 0.12817
60.6092 13.8187 0.149292 6.99893e-10 61.409 13.817 0.12817
61.5076 13.8717 0.137436 7.02443e-06 61.409 13.817 0.12817
60.8199 13.8577 0.123851 0.000581192 61.409 13.817 0.12817
61.1546 14.405 0.126587 6.44877e-07 61.409 13.817 0.12817
61.1208 13.825 0.146569 2.07265e-07 61.409 13.817 0.12817
61.6818 13.8417 0.124655 5.87091e-05 61.409 13.817 0.12817
61.5724 13.7563 0.146483 6.11732e-13 61.409 13.817 0.12817
61.0977 13.9565 0.127404 0.0789708 61.409 13.817 0.12817
60.9412 13.6218 0.138681 0.000543521 61.409 13.817 0.12817
61.8185 14.0925 0.138795 3.94816e-13 61.409 13.817 0.12817
60.9361 13.6899 0.134813 0.0122383 61.409 13.817 0.12817
60.9281 13.5656 0.134263 0.00276369 61.409 13.817 0.12817
61.1408 13.5958 0.11959 0.00416021 61.409 13.817 0.12817
61.5643 13.6341 0.140032 9.68406e-09 61.409 13.817 0.12817
61.6219 13.7181 0.139384 6.90787e-09 61.409 13.817 0.12817
60.7879 14.1116 0.142694 3.32404e-06 61.409 13.817 0.12817
61.2008 13.9357 0.131591 0.0705198 61.409 13.817 0.12817
61.4782 14.2031 0.1302 1.91174e-05 61.409 13.817 0.12817
60.7148 13.4318 0.134019 3.89238e-06 61.409 13.817 0.12817
61.3751 13.8347 0.109114 1.92891e-07 61.409 13.817 0.12817
61.9499 13.4579 0.157747 4.1238e-38 61.409 13.817 0.12817
61.2952 13.8406 0.167417 4.21214e-32 61.409 13.817 0.12817
61.195 13.2895 0.123897 4.66722e-05 61.409 13.817 0.12817
61.6862 13.6503 0.121907 3.99245e-05 61.409 13.817 0.12817
60.7623 13.2767 0.135033 6.17678e-08 61.409 13.817 0.12817
61.0954 13.2483 0.137795 5.32315e-08 61.409 13.817 0.12817
60.8379 13.5252 0.118446 2.25742e-06 61.409 13.817 0.12817
61.3722 13.5685 0.127198 0.0111396 61.409 13.817 0.12817
61.4046 13.8231 0.134671 0.00136239 61.409 13.817 0.12817
61.4576 13.6619 0.138003 5.84343e-06 61.409 13.817 0.12817
60.9658 13.8512 0.135879 0.0179508 61.409 13.817 0.12817
61.1142 13.2335 0.137021 5.61417e-08 61.409 13.817 0.12817
61.337 14.0132 0.135391 0.000983533 61.409 13.817 0.12817
