280.603 9.38501 4.92205 3.32444e-14
279.744 10.0722 4.91353 6.09261e-06
279.858 9.16344 4.927 3.72731e-06
280.424 9.70444 4.92673 6.76704e-09
280.195 9.10878 4.9285 4.91432e-10
280.023 9.46476 4.90262 0.000651263
280.535 9.4675 4.90338 2.37466e-14
280.442 10.2809 4.91277 2.43366e-19
280.344 9.73894 4.9461 6.80858e-10
279.785 9.34163 4.90315 0.0348675
280.248 9.6969 4.9034 3.28341e-08
279.591 9.86139 4.89852 2.27315e-05
280.011 9.50835 4.9181 0.0131391
279.988 9.80007 4.90963 0.000499287
279.976 9.16474 4.91261 0.000108601
279.94 8.95123 4.90613 1.90652e-07
280.108 10.2455 4.90471 1.21825e-14
279.956 9.26077 4.91805 0.000873315
280.183 9.33915 4.91623 1.77039e-05
280.336 9.85672 4.92254 4.81519e-08
280.219 9.19903 4.90166 2.99052e-08
280.365 9.98007 4.91 3.0362e-12
280.519 9.76866 4.91948 8.10389e-12
280.098 9.82648 4.89704 7.77659e-09
280.442 9.62602 4.91768 1.44788e-09
280.121 9.47129 4.91475 0.000613362
279.568 10.1838 4.90955 3.779e-09
279.707 9.74837 4.93192 0.00320376
280.155 9.99513 4.93578 1.04265e-06
280.173 9.726 4.92088 0.000123146
280.585 9.19859 4.93912 2.80854e-18
280.164 9.95969 4.89861 1.77678e-11
280.274 9.59518 4.91594 3.59969e-06
279.841 9.59353 4.91293 0.159636
280.316 9.37346 4.93137 1.38111e-08
279.939 9.89458 4.9138 0.000468408
279.709 9.34277 4.9115 0.0795298
279.916 9.31946 4.91369 0.0103122
280.341 9.43035 4.91317 6.53881e-08
280.18 9.48737 4.91967 0.000117479
280.09 9.42778 4.89568 2.74721e-06
279.837 9.57454 4.92293 0.0859091
279.688 10.1164 4.91943 3.3065e-06
280.064 9.56283 4.90524 0.000401583
279.809 9.29882 4.91522 0.0177669
279.784 8.92165 4.90209 6.33054e-07
280.318 9.41405 4.92544 1.53073e-07
280.402 9.69922 4.90054 1.6863e-12
280.294 9.57936 4.91264 7.73976e-07
279.792 9.56383 4.89943 0.0102411
280.145 10.0045 4.90281 1.56604e-10
280.324 8.88669 4.9076 1.79291e-14
280.401 8.68401 4.92391 3.34656e-23
280.351 9.36079 4.90594 2.72981e-09
280.299 9.29654 4.9223 5.0639e-08
279.959 9.57963 4.89069 1.73429e-06
280.141 8.9275 4.92786 4.09511e-13
279.488 9.79525 4.9174 0.00288728
280.121 9.45557 4.91025 0.000307809
279.824 9.79499 4.92617 0.0175748
279.905 10.0274 4.92226 6.8968e-05
280.366 8.98043 4.90647 1.17411e-13
279.952 10.0427 4.90696 1.22841e-07
279.624 9.49904 4.90909 0.212757
279.697 9.74442 4.90573 0.0131224
280.031 9.74409 4.91341 0.00164649
280.174 9.63558 4.90243 1.12436e-06
279.67 9.80712 4.9125 0.0166816
279.462 9.50629 4.91373 0.0203167
280.053 9.65897 4.90389 0.000115841
279.851 9.33238 4.92359 0.00300192
279.779 10.1898 4.90291 8.51746e-11
280.192 9.39765 4.92595 9.75947e-06
279.399 9.99866 4.91432 1.84728e-06
280.184 9.36872 4.90594 5.95272e-06
280.552 9.76662 4.90068 2.8796e-17
279.935 9.90947 4.91563 0.000531617
279.668 9.50214 4.89812 0.0223248
280.177 9.51986 4.91211 7.87511e-05
280.731 9.83269 4.90514 2.64102e-22
279.223 8.991 4.9072 2.202e-09
279.812 9.90363 4.89384 6.26671e-08
280.278 9.69211 4.92161 4.02154e-06
280.082 8.87672 4.89734 8.1547e-11
280.074 8.9923 4.90268 2.57382e-08
279.938 9.2922 4.92165 0.000985178
279.523 9.84972 4.90911 0.000926695
280.285 10.1311 4.90688 2.80213e-14
279.906 9.6582 4.91151 0.0377425
279.811 9.86079 4.9048 0.000260088
280.007 9.01615 4.92328 9.65756e-09
279.795 9.44645 4.90396 0.0700475
280.187 9.91572 4.90281 9.47668e-10
280.438 9.5388 4.91027 2.55364e-10
279.747 9.4012 4.90029 0.035356
280.127 9.81968 4.92444 0.000172174
280.311 9.35161 4.91467 1.2483e-07
279.825 9.57986 4.90921 0.122995
280.376 9.23203 4.91562 5.14151e-10
280.09 9.50836 4.91315 0.00154856
