113.872 -24.0593 3.39632 1.04876e-07
113.992 -23.7178 3.39904 0.000267271
114.062 -23.5568 3.42638 1.48769e-05
114.181 -23.7398 3.4325 7.37028e-08
113.737 -23.668 3.40836 0.0725251
113.704 -23.5509 3.40952 0.041483
114.166 -24.0466 3.42445 3.11086e-05
113.521 -23.616 3.40346 0.00932854
114.178 -23.8122 3.40539 0.000631776
113.992 -23.9333 3.388 6.22693e-13
114.307 -24.1376 3.41157 3.30487e-06
113.602 -23.8248 3.40746 0.00526016
113.677 -23.8044 3.39918 0.0015049
114.454 -23.7196 3.41043 4.59901e-05
113.38 -23.4467 3.41354 9.64712e-07
113.883 -23.5292 3.40547 0.0779616
113.405 -23.4745 3.40506 0.00066456
114.215 -23.2736 3.41953 7.15901e-05
113.535 -24.041 3.40685 3.61113e-05
113.045 -23.3432 3.42756 6.81408e-26
112.794 -24.0461 3.40784 1.1357e-12
113.955 -24.2631 3.41102 2.02954e-06
114.215 -23.1944 3.40445 9.12673e-06
114.085 -23.4444 3.42352 8.80401e-05
114.397 -23.777 3.40355 4.43973e-07
113.781 -23.4115 3.41265 0.00935798
113.608 -23.7092 3.41295 0.0021126
113.639 -24.3371 3.40834 3.86706e-05
113.994 -23.1456 3.4168 1.51175e-05
113.678 -23.6401 3.4119 0.0145832
113.833 -24.0708 3.43241 4.54907e-12
113.67 -23.3381 3.40903 0.00415805
113.177 -23.9032 3.41108 1.0445e-06
113.7 -23.942 3.41168 0.00163075
114.249 -23.8401 3.41101 0.00272089
113.611 -24.4963 3.4183 7.1308e-10
113.387 -23.4168 3.40704 0.000119782
114.207 -23.5229 3.4052 0.00108951
114.05 -23.6216 3.41046 0.0922544
114.152 -22.9582 3.40271 2.04654e-08
113.78 -23.6518 3.40482 0.0728496
113.935 -24.0515 3.42358 6.63436e-06
114.535 -23.614 3.39466 6.20675e-15
113.686 -23.6984 3.4193 8.00463e-05
113.86 -23.4621 3.40926 0.0710018
113.818 -23.4653 3.41483 0.00829665
113.791 -23.4412 3.40638 0.0550745
114.046 -23.8224 3.39925 3.19116e-05
113.699 -23.7602 3.4285 5.10627e-10
113.649 -23.6899 3.41558 0.000911852
113.561 -23.2368 3.4183 3.12009e-08
113.744 -23.1828 3.40795 0.000576198
113.857 -23.6903 3.40652 0.0906508
113.724 -23.9942 3.41305 0.000581517
113.794 -23.7343 3.41394 0.0228492
114.036 -23.5078 3.40599 0.0265638
113.908 -24.2588 3.42374 2.56769e-08
114.07 -23.5452 3.41585 0.0349936
113.581 -23.4932 3.40486 0.0165996
113.432 -23.5693 3.41045 0.000150132
113.888 -23.8519 3.3988 0.000155853
113.847 -23.9783 3.41328 0.00284169
113.522 -23.902 3.38982 5.08166e-08
113.937 -23.3747 3.41978 0.00023046
113.609 -23.4042 3.40737 0.00759694
114.552 -24.3769 3.42288 2.69584e-10
114.435 -23.6181 3.41345 0.000395397
113.314 -24.1645 3.40405 6.74038e-05
113.429 -23.9509 3.4079 2.30003e-05
114.068 -23.7866 3.39443 7.93659e-08
113.815 -23.64 3.42435 4.67578e-06
114.01 -23.9152 3.39585 2.04008e-07
114.188 -23.2107 3.41465 0.00012993
113.998 -23.4316 3.43892 2.52097e-16
114.053 -23.6183 3.40952 0.07891
114.033 -23.8997 3.42137 0.000999319
113.534 -23.5576 3.4173 6.89245e-06
114.031 -23.7437 3.40575 0.0162209
114.772 -23.8462 3.41409 2.29411e-09
113.573 -23.4814 3.4119 0.00108892
114.466 -23.7942 3.41276 7.36417e-05
113.319 -24.4855 3.40233 1.16506e-07
113.885 -23.6429 3.41006 0.138878
114.146 -23.3848 3.42661 1.87071e-06
114.439 -23.576 3.4197 0.000487794
113.659 -23.2445 3.41995 7.13064e-08
114.467 -23.9072 3.41793 0.000107953
113.567 -22.9429 3.41436 2.65942e-10
113.954 -23.9151 3.42297 0.000110913
113.866 -24.1573 3.38541 7.16476e-17
114.081 -23.352 3.40884 0.00774246
113.449 -23.6017 3.40151 0.00300926
113.989 -23.8254 3.39484 5.1232e-07
113.598 -23.994 3.41194 0.000100995
113.813 -24.0828 3.4008 7.23265e-06
113.132 -23.5525 3.40113 1.43984e-06
114.179 -23.3716 3.40717 0.0015671
113.515 -23.8152 3.41639 8.12547e-06
114.131 -24.2238 3.40477 4.81606e-08
114.034 -23.639 3.43911 1.42831e-14
