261.949 28.0857 6.12098 9.6975e-07 261.52 28.141 6.137
261.427 28.1253 6.14485 0.00522884 261.52 28.141 6.137
261.135 27.7372 6.15247 5.22068e-09 261.52 28.141 6.137
261.416 28.164 6.12997 0.0735057 261.52 28.141 6.137
261.44 27.5285 6.12229 1.63159e-16 261.52 28.141 6.137
261.493 27.6942 6.13363 9.364e-09 261.52 28.141 6.137
261.217 28.0207 6.14177 0.00213946 261.52 28.141 6.137
261.574 28.0303 6.13855 0.00185025 261.52 28.141 6.137
261.406 27.6648 6.13952 5.2407e-09 261.52 28.141 6.137
261.618 27.7967 6.13259 4.33594e-07 261.52 28.141 6.137
260.943 27.8469 6.14561 3.19728e-08 261.52 28.141 6.137
261.201 27.7155 6.14101 2.81769e-08 261.52 28.141 6.137
261.316 27.8494 6.1343 1.32854e-05 261.52 28.141 6.137
261.782 28.135 6.13453 0.000325791 261.52 28.141 6.137
261.732 27.5431 6.14786 2.00905e-16 261.52 28.141 6.137
261.739 27.8967 6.12973 2.57679e-06 261.52 28.141 6.137
261.414 28.6971 6.13655 0.000298433 261.52 28.141 6.137
261.215 27.1942 6.14602 3.13823e-24 261.52 28.141 6.137
261.742 27.9377 6.1308 1.15924e-05 261.52 28.141 6.137
261.171 27.9077 6.13923 4.37886e-05 261.52 28.141 6.137
261.823 27.3982 6.13974 9.95746e-21 261.52 28.141 6.137
261.809 27.9643 6.14331 2.55672e-08 261.52 28.141 6.137
261.497 27.5861 6.14266 1.82739e-11 261.52 28.141 6.137
261.279 27.7978 6.15623 4.57228e-09 261.52 28.141 6.137
261.342 28.005 6.13908 0.00466656 261.52 28.141 6.137
261.531 27.4261 6.13235 6.20508e-17 261.52 28.141 6.137
260.642 27.8019 6.15501 2.1306e-14 261.52 28.141 6.137
261.363 28.0041 6.13328 0.00339552 261.52 28.141 6.137
260.82 27.5476 6.12781 7.65398e-23 261.52 28.141 6.137
260.869 28.2175 6.13686 7.17249e-07 261.52 28.141 6.137
261.361 28.5066 6.10838 8.90587e-09 261.52 28.141 6.137
260.441 28.3707 6.15381 4.84753e-17 261.52 28.141 6.137
261.345 27.7651 6.13688 6.88373e-07 261.52 28.141 6.137
261.828 28.0619 6.12579 4.57998e-05 261.52 28.141 6.137
261.059 27.5152 6.14457 3.22735e-14 261.52 28.141 6.137
260.912 28.6403 6.13031 5.14217e-09 261.52 28.141 6.137
261.059 28.0345 6.15199 1.42268e-05 261.52 28.141 6.137
261.725 28.0579 6.14668 3.6641e-07 261.52 28.141 6.137
261.99 27.8028 6.13644 1.08509e-12 261.52 28.141 6.137
260.859 27.8063 6.14254 1.70577e-10 261.52 28.141 6.137
260.484 28.4174 6.14789 6.25897e-16 261.52 28.141 6.137
261.147 28.1449 6.11845 2.79887e-08 261.52 28.141 6.137
261.269 27.7106 6.14815 1.58536e-08 261.52 28.141 6.137
261.069 27.9584 6.14455 3.11079e-05 261.52 28.141 6.137
261.047 27.8386 6.1539 4.23714e-08 261.52 28.141 6.137
261.061 28.2854 6.13916 0.00213792 261.52 28.141 6.137
261.524 28.1271 6.1354 0.046982 261.52 28.141 6.137
261.283 28.0641 6.12454 8.80959e-05 261.52 28.141 6.137
261.049 27.9463 6.13617 3.29019e-06 261.52 28.141 6.137
261.384 28.8456 6.13827 2.72393e-07 261.52 28.141 6.137
261.157 28.1709 6.14091 0.0106958 261.52 28.141 6.137
261.17 28.2766 6.16623 1.39363e-11 261.52 28.141 6.137
261.599 28.4108 6.15818 1.4113e-11 261.52 28.141 6.137
261.562 28.4209 6.13945 0.0139643 261.52 28.141 6.137
261.682 28.0856 6.14095 0.000167659 261.52 28.141 6.137
261.296 28.231 6.12943 0.0388491 261.52 28.141 6.137
261.305 27.9776 6.12732 6.2598e-05 261.52 28.141 6.137
261.026 28.0751 6.14353 0.000145007 261.52 28.141 6.137
260.795 28.3701 6.13681 1.87944e-08 261.52 28.141 6.137
261.266 27.6795 6.10999 7.1881e-21 261.52 28.141 6.137
261.755 27.3395 6.1495 1.51945e-23 261.52 28.141 6.137
261.578 27.8983 6.14274 8.76946e-06 261.52 28.141 6.137
261.747 27.1472 6.14053 2.42977e-29 261.52 28.141 6.137
262.339 27.6197 6.12995 1.55629e-25 261.52 28.141 6.137
261.982 28.0961 6.1444 2.08989e-11 261.52 28.141 6.137
261.128 27.6859 6.14483 2.62554e-09 261.52 28.141 6.137
261.376 27.6525 6.14106 2.81136e-09 261.52 28.141 6.137
261.544 28.3806 6.12743 0.21881 261.52 28.141 6.137
261.456 28.1579 6.13465 0.120051 261.52 28.141 6.137
261.79 27.9741 6.14996 1.68805e-10 261.52 28.141 6.137
261.07 28.3659 6.15777 1.67339e-07 261.52 28.141 6.137
261.265 27.9702 6.1421 0.000923349 261.52 28.141 6.137
260.998 27.0735 6.13531 4.12605e-34 261.52 28.141 6.137
261.153 28.0317 6.15553 3.29071e-06 261.52 28.141 6.137
261.682 27.5282 6.14083 1.27174e-14 261.52 28.141 6.137
261.073 27.9352 6.1175 3.02155e-13 261.52 28.141 6.137
261.72 27.9419 6.13533 1.41929e-05 261.52 28.141 6.137
261.498 27.8551 6.13142 1.44472e-05 261.52 28.141 6.137
261.52 27.7989 6.14453 3.26352e-07 261.52 28.141 6.137
261.497 27.8118 6.1361 4.33066e-06 261.52 28.141 6.137
261.013 28.1573 6.13571 9.64873e-05 261.52 28.141 6.137
261.162 28.0031 6.15698 6.54445e-07 261.52 28.141 6.137
261.502 28.173 6.13037 0.104066 261.52 28.141 6.137
261.476 28.3458 6.13485 0.308623 261.52 28.141 6.137
261.649 27.4059 6.14186 3.82531e-18 261.52 28.141 6.137
261.786 27.6684 6.14291 6.7214e-13 261.52 28.141 6.137
261.897 27.8328 6.15115 2.83902e-15 261.52 28.141 6.137
261.047 28.247 6.13501 0.000591824 261.52 28.141 6.137
260.877 28.3992 6.12774 6.2622e-09 261.52 28.141 6.137
261.501 28.2264 6.14135 0.0286619 261.52 28.141 6.137
260.825 28.7523 6.14049 1.74561e-11 261.52 28.141 6.137
261.45 28.0391 6.16432 1.6563e-12 261.52 28.141 6.137
261.414 27.401 6.11511 4.23932e-25 261.52 28.141 6.137
261.113 28.0961 6.14036 0.00171995 261.52 28.141 6.137
261.646 27.341 6.15184 2.65813e-22 261.52 28.141 6.137
261.246 28.0666 6.13799 0.00908934 261.52 28.141 6.137
261.302 27.8437 6.13818 1.95816e-05 261.52 28.141 6.137
261.269 27.9231 6.14322 0.000204206 261.52 28.141 6.137
261.245 28.1613 6.14813 0.00242444 261.52 28.141 6.137
261.468 27.58 6.1355 1.63201e-11 261.52 28.141 6.137
