229.149 27.2595 0.084988 0.00115736 229.38 27.15 0.074029
229.329 27.3281 0.0708763 4.72242e-05 229.38 27.15 0.074029
229.529 27.3819 0.082564 2.94257e-06 229.38 27.15 0.074029
228.747 27.3771 0.0662157 1.35447e-18 229.38 27.15 0.074029
229.318 27.5037 0.0819664 9.9298e-09 229.38 27.15 0.074029
229.598 27.2362 0.0744418 0.00572194 229.38 27.15 0.074029
229.222 27.1962 0.0796016 0.00283261 229.38 27.15 0.074029
229.055 27.0681 0.0692552 2.54248e-07 229.38 27.15 0.074029
229.673 26.8792 0.0823366 0.0530108 229.38 27.15 0.074029
229.165 27.3844 0.0817097 4.96937e-05 229.38 27.15 0.074029
229.555 27.6605 0.0622971 1.97739e-13 229.38 27.15 0.074029
229.334 27.1774 0.0757228 0.0220707 229.38 27.15 0.074029
229.6 27.5227 0.100715 1.6384e-26 229.38 27.15 0.074029
229.487 27.2123 0.083235 0.00180514 229.38 27.15 0.074029
229.061 27.5042 0.0896847 2.22732e-09 229.38 27.15 0.074029
229.136 27.0292 0.0608846 7.27532e-12 229.38 27.15 0.074029
229.888 27.8586 0.0697106 1.88225e-19 229.38 27.15 0.074029
229.527 27.6375 0.0737917 2.82824e-10 229.38 27.15 0.074029
228.917 27.0739 0.0787033 4.90887e-06 229.38 27.15 0.074029
229.506 27.6432 0.0814078 3.2844e-12 229.38 27.15 0.074029
229.468 27.1794 0.068029 0.000582443 229.38 27.15 0.074029
229.647 27.9291 0.0836725 1.4593e-24 229.38 27.15 0.074029
229.147 27.461 0.0475812 1.82772e-28 229.38 27.15 0.074029
229.751 27.36 0.0707031 5.84588e-06 229.38 27.15 0.074029
229.227 27.4505 0.0708849 1.64269e-07 229.38 27.15 0.074029
228.963 26.729 0.0851594 0.000114264 229.38 27.15 0.074029
229.437 27.7363 0.0774289 1.18613e-13 229.38 27.15 0.074029
229.66 27.8715 0.0857297 7.30991e-24 229.38 27.15 0.074029
229.879 27.3377 0.0698365 3.00411e-07 229.38 27.15 0.074029
229.622 26.9877 0.0598443 4.84659e-09 229.38 27.15 0.074029
229.667 27.2768 0.0764326 0.000663384 229.38 27.15 0.074029
228.954 27.0501 0.0650816 4.83345e-12 229.38 27.15 0.074029
229.252 27.0972 0.0557664 1.7815e-15 229.38 27.15 0.074029
229.433 27.1937 0.076482 0.036352 229.38 27.15 0.074029
228.935 27.2169 0.0785487 1.16879e-06 229.38 27.15 0.074029
229.044 27.308 0.0856001 1.69466e-05 229.38 27.15 0.074029
229.53 27.4488 0.085523 3.93972e-09 229.38 27.15 0.074029
229.708 27.8884 0.0874457 1.47674e-26 229.38 27.15 0.074029
229.678 27.0592 0.0722305 0.0192846 229.38 27.15 0.074029
229.883 27.005 0.0572341 1.09695e-12 229.38 27.15 0.074029
229.507 27.5419 0.0594246 5.79372e-13 229.38 27.15 0.074029
229.537 27.6581 0.0716461 8.05084e-11 229.38 27.15 0.074029
230.23 27.243 0.0674679 9.51869e-14 229.38 27.15 0.074029
229.258 27.0903 0.0608801 3.88549e-10 229.38 27.15 0.074029
229.29 27.249 0.0669284 3.99808e-06 229.38 27.15 0.074029
228.994 27.3101 0.0601789 1.85065e-16 229.38 27.15 0.074029
229.862 26.5183 0.0787608 9.65469e-07 229.38 27.15 0.074029
229.625 27.7455 0.0775582 1.65451e-14 229.38 27.15 0.074029
229.559 27.3035 0.062243 6.90807e-08 229.38 27.15 0.074029
229.229 27.7281 0.07503 5.14604e-12 229.38 27.15 0.074029
229.961 27.8652 0.0634079 2.72011e-21 229.38 27.15 0.074029
229.346 27.0159 0.0801179 0.459846 229.38 27.15 0.074029
229.747 28.3637 0.0579407 1.92084e-40 229.38 27.15 0.074029
229.534 27.0802 0.0884225 0.000237482 229.38 27.15 0.074029
229.489 27.3969 0.0454204 9.62083e-27 229.38 27.15 0.074029
229.38 27.1653 0.0743343 0.0302405 229.38 27.15 0.074029
229.559 27.0798 0.0610629 8.15131e-08 229.38 27.15 0.074029
229.198 27.096 0.0719849 0.000746971 229.38 27.15 0.074029
229.144 27.11 0.0841369 0.0247386 229.38 27.15 0.074029
229.688 27.3684 0.0862619 4.33614e-09 229.38 27.15 0.074029
229.203 27.1676 0.0656626 2.43751e-07 229.38 27.15 0.074029
229.266 27.6123 0.0858754 1.05539e-13 229.38 27.15 0.074029
229.203 27.0386 0.0735925 0.00497604 229.38 27.15 0.074029
229.281 27.9574 0.0744412 2.17982e-18 229.38 27.15 0.074029
229.624 27.2044 0.0775356 0.00841725 229.38 27.15 0.074029
229.456 27.6049 0.0729609 1.9625e-09 229.38 27.15 0.074029
229.488 27.4 0.0741886 4.62994e-05 229.38 27.15 0.074029
228.706 27.1668 0.0747563 7.87695e-13 229.38 27.15 0.074029
229.442 27.6529 0.0838677 1.505e-13 229.38 27.15 0.074029
229.124 27.2299 0.0785356 0.000725813 229.38 27.15 0.074029
229.469 28.1447 0.0649729 2.20416e-28 229.38 27.15 0.074029
229.288 27.5085 0.0940044 1.38109e-16 229.38 27.15 0.074029
229.196 27.1956 0.0776839 0.00666626 229.38 27.15 0.074029
229.527 27.6233 0.0535474 3.49349e-19 229.38 27.15 0.074029
229.527 26.4218 0.0713052 4.71847e-08 229.38 27.15 0.074029
229.231 26.8301 0.0718165 0.00109429 229.38 27.15 0.074029
229.061 26.9538 0.0694952 4.78994e-07 229.38 27.15 0.074029
228.934 27.3735 0.0638409 1.8643e-15 229.38 27.15 0.074029
229.388 27.4908 0.0513052 8.86042e-21 229.38 27.15 0.074029
228.765 26.9318 0.0939784 1.10965e-08 229.38 27.15 0.074029
228.919 27.0661 0.0635695 4.76255e-14 229.38 27.15 0.074029
228.913 27.2731 0.0750916 1.26268e-08 229.38 27.15 0.074029
229.285 28.1456 0.0773466 4.89174e-25 229.38 27.15 0.074029
228.92 27.4673 0.0770458 1.46291e-10 229.38 27.15 0.074029
229.516 27.3662 0.0823175 8.37591e-06 229.38 27.15 0.074029
229.544 26.9829 0.0720871 0.0906523 229.38 27.15 0.074029
229.276 27.0072 0.0803498 0.226845 229.38 27.15 0.074029
228.962 27.114 0.0790892 2.60563e-05 229.38 27.15 0.074029
229.402 27.7691 0.0647421 1.23532e-15 229.38 27.15 0.074029
229.526 27.332 0.0993342 2.29786e-18 229.38 27.15 0.074029
229.643 26.7497 0.0607689 2.40106e-10 229.38 27.15 0.074029
229.29 27.4756 0.0804822 9.12495e-08 229.38 27.15 0.074029
228.997 27.4356 0.0747145 3.05425e-09 229.38 27.15 0.074029
229.354 27.881 0.0770078 9.96838e-19 229.38 27.15 0.074029
228.958 27.6462 0.073507 2.19224e-14 229.38 27.15 0.074029
228.931 27.4413 0.0799518 2.247e-09 229.38 27.15 0.074029
229.585 27.2211 0.0828093 0.000650255 229.38 27.15 0.074029
229.396 27.3224 0.0801068 0.00028658 229.38 27.15 0.074029
229.437 27.3929 0.0739045 5.30228e-05 229.38 27.15 0.074029
229.147 27.1058 0.09668 1.21639e-05 229.38 27.15 0.074029
