156.053 -13.103 3.30732 2.75094e-15 156.7 -13.069 3.2979
156.276 -12.88 3.28225 7.46777e-10 156.7 -13.069 3.2979
156.905 -12.6706 3.29466 5.26473e-07 156.7 -13.069 3.2979
156.548 -13.5795 3.29673 5.85531e-06 156.7 -13.069 3.2979
156.647 -12.4751 3.29095 5.83953e-11 156.7 -13.069 3.2979
156.336 -12.942 3.31004 2.54379e-10 156.7 -13.069 3.2979
156.472 -13.6271 3.2932 4.27818e-08 156.7 -13.069 3.2979
156.09 -13.1563 3.29561 7.12646e-09 156.7 -13.069 3.2979
156.209 -13.5219 3.29263 2.52768e-09 156.7 -13.069 3.2979
156.361 -13.0471 3.29654 0.000153613 156.7 -13.069 3.2979
156.19 -13.061 3.28194 6.64186e-10 156.7 -13.069 3.2979
156.316 -12.8235 3.29347 1.33651e-06 156.7 -13.069 3.2979
156.584 -13.0236 3.29765 0.0152668 156.7 -13.069 3.2979
156.933 -12.8691 3.28825 6.80735e-09 156.7 -13.069 3.2979
156.562 -13.5043 3.29795 0.00012184 156.7 -13.069 3.2979
155.965 -13.6967 3.25806 2.42162e-43 156.7 -13.069 3.2979
156.198 -13.1328 3.30809 1.56621e-11 156.7 -13.069 3.2979
157.05 -13.1107 3.29858 0.00734941 156.7 -13.069 3.2979
156.005 -13.2481 3.27075 6.89395e-20 156.7 -13.069 3.2979
156.696 -13.3749 3.28305 2.85762e-11 156.7 -13.069 3.2979
156.464 -13.0771 3.30988 1.27144e-06 156.7 -13.069 3.2979
156.729 -13.1428 3.28895 1.38086e-05 156.7 -13.069 3.2979
155.832 -12.7815 3.30523 1.09967e-23 156.7 -13.069 3.2979
156.219 -13.3617 3.29893 9.94119e-08 156.7 -13.069 3.2979
156.491 -13.389 3.27613 1.26639e-16 156.7 -13.069 3.2979
156.459 -12.612 3.32044 2.36619e-21 156.7 -13.069 3.2979
156.54 -12.1982 3.29732 1.41346e-17 156.7 -13.069 3.2979
156.438 -13.0074 3.31371 4.40463e-10 156.7 -13.069 3.2979
156.68 -13.1357 3.28278 6.92756e-10 156.7 -13.069 3.2979
156.406 -13.6804 3.31131 2.27542e-12 156.7 -13.069 3.2979
156.945 -12.9031 3.28622 1.59017e-10 156.7 -13.069 3.2979
156.391 -12.8452 3.28546 4.99801e-08 156.7 -13.069 3.2979
156.977 -12.8226 3.2992 0.000818599 156.7 -13.069 3.2979
156.171 -12.1804 3.28924 7.60993e-22 156.7 -13.069 3.2979
156.836 -13.1907 3.2976 0.0561885 156.7 -13.069 3.2979
156.048 -13.0142 3.29494 7.53952e-10 156.7 -13.069 3.2979
156.405 -13.4427 3.30145 1.08524e-05 156.7 -13.069 3.2979
156.614 -12.9772 3.29478 0.00398532 156.7 -13.069 3.2979
156.705 -13.4137 3.29192 2.48949e-05 156.7 -13.069 3.2979
156.691 -13.6288 3.29761 6.38793e-06 156.7 -13.069 3.2979
156.575 -12.7464 3.30359 1.68496e-05 156.7 -13.069 3.2979
156.074 -13.38 3.29602 2.65183e-10 156.7 -13.069 3.2979
155.964 -12.7719 3.30322 9.21272e-18 156.7 -13.069 3.2979
156.095 -12.7202 3.31723 1.95569e-27 156.7 -13.069 3.2979
156.072 -12.6017 3.3033 2.05749e-17 156.7 -13.069 3.2979
156.498 -13.0938 3.30042 0.00491638 156.7 -13.069 3.2979
156.78 -13.1234 3.28842 2.87222e-06 156.7 -13.069 3.2979
156.876 -12.8871 3.29457 0.000265562 156.7 -13.069 3.2979
156.72 -12.7702 3.30637 0.000189528 156.7 -13.069 3.2979
156.193 -13.4093 3.2946 3.72669e-08 156.7 -13.069 3.2979
157.035 -13.2936 3.30648 0.53461 156.7 -13.069 3.2979
156.033 -12.7715 3.31002 4.91971e-21 156.7 -13.069 3.2979
156.773 -13.3117 3.27954 3.33866e-15 156.7 -13.069 3.2979
156.867 -13.0892 3.2944 0.00220481 156.7 -13.069 3.2979
156.541 -13.2084 3.29713 0.0100208 156.7 -13.069 3.2979
156.253 -12.5382 3.28945 7.16718e-12 156.7 -13.069 3.2979
156.166 -13.1939 3.29107 1.99343e-07 156.7 -13.069 3.2979
156.392 -12.8104 3.30327 4.48572e-07 156.7 -13.069 3.2979
156.493 -12.8734 3.28336 5.3628e-09 156.7 -13.069 3.2979
156.352 -12.7402 3.29475 4.14706e-07 156.7 -13.069 3.2979
156.307 -12.666 3.29115 6.80859e-09 156.7 -13.069 3.2979
156.66 -12.9468 3.28912 1.54415e-05 156.7 -13.069 3.2979
156.446 -13.0485 3.28886 2.4603e-05 156.7 -13.069 3.2979
156.083 -12.7554 3.30064 3.7453e-13 156.7 -13.069 3.2979
156.529 -13.2038 3.27526 2.70001e-16 156.7 -13.069 3.2979
156.744 -12.9633 3.30261 0.0759412 156.7 -13.069 3.2979
156.812 -13.1329 3.30973 0.103221 156.7 -13.069 3.2979
156.827 -12.7955 3.30834 0.000795186 156.7 -13.069 3.2979
156.147 -13.7195 3.29442 1.47723e-13 156.7 -13.069 3.2979
156.312 -13.4432 3.29279 5.24851e-07 156.7 -13.069 3.2979
156.458 -12.3769 3.30248 3.70073e-14 156.7 -13.069 3.2979
157.012 -13.1302 3.28373 1.18371e-13 156.7 -13.069 3.2979
156.921 -12.8734 3.30123 0.0148699 156.7 -13.069 3.2979
156.5 -12.8313 3.29449 8.85408e-05 156.7 -13.069 3.2979
156.58 -12.93 3.317 3.54039e-10 156.7 -13.069 3.2979
156.45 -12.8146 3.29112 6.1878e-06 156.7 -13.069 3.2979
156.675 -13.7051 3.2999 8.19233e-07 156.7 -13.069 3.2979
156.548 -12.6511 3.29003 4.82436e-08 156.7 -13.069 3.2979
155.931 -12.5233 3.3066 6.25065e-26 156.7 -13.069 3.2979
155.986 -13.1525 3.30415 4.61127e-15 156.7 -13.069 3.2979
156.675 -13.5508 3.28861 6.19246e-09 156.7 -13.069 3.2979
156.559 -13.6861 3.30243 3.58138e-07 156.7 -13.069 3.2979
156.332 -13.1746 3.2973 7.50495e-05 156.7 -13.069 3.2979
156.584 -12.5844 3.29721 1.49834e-07 156.7 -13.069 3.2979
156.219 -12.8217 3.28487 1.95496e-09 156.7 -13.069 3.2979
156.874 -12.9609 3.30531 0.157285 156.7 -13.069 3.2979
156.947 -13.3149 3.29748 0.00521071 156.7 -13.069 3.2979
156.401 -12.4522 3.27769 1.56522e-18 156.7 -13.069 3.2979
156.549 -13.3434 3.29054 2.88477e-05 156.7 -13.069 3.2979
156.606 -12.774 3.29284 2.24971e-05 156.7 -13.069 3.2979
156.594 -12.5805 3.29749 1.47233e-07 156.7 -13.069 3.2979
156.314 -12.8927 3.28654 1.45263e-07 156.7 -13.069 3.2979
156.306 -13.1097 3.30582 1.16132e-07 156.7 -13.069 3.2979
156.295 -13.0427 3.29482 2.10697e-05 156.7 -13.069 3.2979
156.03 -12.7451 3.28889 7.36759e-12 156.7 -13.069 3.2979
156.289 -13.1404 3.29879 1.18939e-05 156.7 -13.069 3.2979
156.906 -13.0121 3.28558 4.77376e-10 156.7 -13.069 3.2979
155.649 -12.8622 3.2963 5.29136e-23 156.7 -13.069 3.2979
156.516 -13.0376 3.29858 0.00610624 156.7 -13.069 3.2979
156.399 -12.9345 3.29835 9.79009e-05 156.7 -13.069 3.2979
