2.09525 -96.2576 3.26357 6.95771e-08 2.5233 -95.59 3.2473
1.96764 -95.8542 3.25828 1.12782e-05 2.5233 -95.59 3.2473
2.47166 -95.6737 3.25653 0.0154061 2.5233 -95.59 3.2473
2.06421 -95.5587 3.26747 9.17446e-09 2.5233 -95.59 3.2473
1.85614 -95.8099 3.25464 5.62643e-06 2.5233 -95.59 3.2473
2.65925 -95.6791 3.25248 0.0202201 2.5233 -95.59 3.2473
2.1138 -96.096 3.24676 0.0406406 2.5233 -95.59 3.2473
2.10162 -95.4518 3.25169 4.79753e-05 2.5233 -95.59 3.2473
2.05649 -95.881 3.24284 0.0306457 2.5233 -95.59 3.2473
2.97419 -95.3699 3.25763 1.53877e-06 2.5233 -95.59 3.2473
2.40689 -95.969 3.26768 1.27758e-05 2.5233 -95.59 3.2473
2.74335 -95.1882 3.25419 2.19139e-07 2.5233 -95.59 3.2473
2.73582 -95.3613 3.26948 5.61723e-07 2.5233 -95.59 3.2473
2.42317 -95.5943 3.2515 0.0137029 2.5233 -95.59 3.2473
2.3414 -95.4101 3.24194 7.32748e-05 2.5233 -95.59 3.2473
1.8745 -94.8278 3.25954 8.46506e-18 2.5233 -95.59 3.2473
3.17953 -95.7718 3.25801 3.66977e-06 2.5233 -95.59 3.2473
3.14263 -95.1156 3.23844 7.73708e-17 2.5233 -95.59 3.2473
2.69855 -95.7671 3.2716 5.45134e-06 2.5233 -95.59 3.2473
2.52389 -94.9523 3.26326 4.35441e-11 2.5233 -95.59 3.2473
2.49307 -95.5024 3.23397 4.92636e-06 2.5233 -95.59 3.2473
2.16165 -95.926 3.26968 2.48165e-08 2.5233 -95.59 3.2473
2.03742 -95.7283 3.27305 2.09001e-11 2.5233 -95.59 3.2473
2.01027 -95.4155 3.25439 1.61682e-06 2.5233 -95.59 3.2473
2.68991 -95.7865 3.25671 0.022001 2.5233 -95.59 3.2473
2.25779 -95.3625 3.24926 5.00854e-05 2.5233 -95.59 3.2473
2.66659 -95.3415 3.25477 3.77776e-05 2.5233 -95.59 3.2473
2.00372 -95.3262 3.26714 5.30748e-11 2.5233 -95.59 3.2473
2.44277 -95.9723 3.25537 0.0617586 2.5233 -95.59 3.2473
2.43291 -96.3035 3.24454 0.0458931 2.5233 -95.59 3.2473
2.4725 -95.3124 3.24602 1.29418e-05 2.5233 -95.59 3.2473
2.82684 -95.8973 3.2407 0.000694626 2.5233 -95.59 3.2473
2.41882 -96.0229 3.25658 0.0266547 2.5233 -95.59 3.2473
2.05265 -95.359 3.25836 1.9352e-07 2.5233 -95.59 3.2473
2.33921 -95.6892 3.24838 0.0489412 2.5233 -95.59 3.2473
1.92459 -96.03 3.21885 1.25343e-06 2.5233 -95.59 3.2473
2.52955 -95.6662 3.2412 0.00650321 2.5233 -95.59 3.2473
1.92215 -95.9826 3.27409 2.80243e-14 2.5233 -95.59 3.2473
2.43177 -95.3514 3.25023 8.4478e-05 2.5233 -95.59 3.2473
2.56399 -95.7821 3.27019 1.10877e-05 2.5233 -95.59 3.2473
2.8835 -96.2381 3.2262 3.26347e-09 2.5233 -95.59 3.2473
2.42645 -95.2714 3.26169 1.40423e-06 2.5233 -95.59 3.2473
2.41781 -96.2245 3.27459 1.38474e-10 2.5233 -95.59 3.2473
3.12591 -95.5356 3.25039 2.4941e-07 2.5233 -95.59 3.2473
2.00268 -95.7182 3.23976 0.00245872 2.5233 -95.59 3.2473
1.94258 -95.7075 3.26893 1.43844e-10 2.5233 -95.59 3.2473
2.08954 -95.9369 3.24879 0.0222741 2.5233 -95.59 3.2473
1.90114 -96.2194 3.25556 1.56782e-06 2.5233 -95.59 3.2473
2.70475 -95.6694 3.25482 0.0107403 2.5233 -95.59 3.2473
2.32243 -95.3835 3.25493 7.81066e-05 2.5233 -95.59 3.2473
2.34018 -95.6012 3.23853 0.00183303 2.5233 -95.59 3.2473
2.91843 -95.9786 3.27977 2.5374e-10 2.5233 -95.59 3.2473
2.60535 -95.6569 3.25717 0.0108503 2.5233 -95.59 3.2473
2.631 -95.811 3.23838 0.00386248 2.5233 -95.59 3.2473
1.93233 -95.2346 3.23213 1.67799e-10 2.5233 -95.59 3.2473
2.27085 -95.6345 3.24424 0.0140836 2.5233 -95.59 3.2473
2.53765 -95.7804 3.25322 0.0844932 2.5233 -95.59 3.2473
2.5856 -95.0523 3.26803 3.24873e-10 2.5233 -95.59 3.2473
2.24282 -95.7899 3.26821 1.07113e-06 2.5233 -95.59 3.2473
2.45227 -95.0803 3.25217 1.53976e-08 2.5233 -95.59 3.2473
1.9733 -96.0288 3.22452 0.000121336 2.5233 -95.59 3.2473
1.81723 -95.0563 3.26039 1.01391e-14 2.5233 -95.59 3.2473
2.76233 -96.1354 3.27682 8.99581e-10 2.5233 -95.59 3.2473
2.71617 -96.05 3.232 6.74929e-05 2.5233 -95.59 3.2473
2.59558 -94.9977 3.2434 1.33447e-11 2.5233 -95.59 3.2473
2.69213 -95.8628 3.26809 8.25019e-05 2.5233 -95.59 3.2473
2.77865 -95.6865 3.24389 0.0009187 2.5233 -95.59 3.2473
2.90213 -96.5672 3.26554 5.47287e-10 2.5233 -95.59 3.2473
2.34279 -95.7569 3.25165 0.0667284 2.5233 -95.59 3.2473
2.23514 -95.7183 3.26081 0.000317278 2.5233 -95.59 3.2473
2.58581 -95.4398 3.2634 5.6452e-05 2.5233 -95.59 3.2473
2.44696 -95.6538 3.23907 0.00404515 2.5233 -95.59 3.2473
2.75571 -96.3905 3.25526 0.000133145 2.5233 -95.59 3.2473
2.6086 -95.3772 3.25276 0.0001254 2.5233 -95.59 3.2473
1.86967 -95.7483 3.23948 0.000387648 2.5233 -95.59 3.2473
2.6022 -95.7628 3.26464 0.000840414 2.5233 -95.59 3.2473
2.60976 -95.4852 3.26134 0.000289766 2.5233 -95.59 3.2473
2.71902 -95.2907 3.25209 4.75703e-06 2.5233 -95.59 3.2473
2.59471 -95.8157 3.24588 0.0805312 2.5233 -95.59 3.2473
3.0066 -95.6092 3.2316 4.5784e-11 2.5233 -95.59 3.2473
2.32014 -95.5245 3.25386 0.00176883 2.5233 -95.59 3.2473
2.36407 -95.39 3.25293 0.000169222 2.5233 -95.59 3.2473
2.80075 -95.5514 3.24726 0.000228485 2.5233 -95.59 3.2473
1.88862 -95.7035 3.22841 9.19063e-06 2.5233 -95.59 3.2473
2.89583 -95.6795 3.27145 2.83696e-06 2.5233 -95.59 3.2473
1.88454 -96.2774 3.25681 1.38039e-07 2.5233 -95.59 3.2473
2.20189 -95.9131 3.25178 0.0381464 2.5233 -95.59 3.2473
2.39211 -96.3763 3.24108 0.0179155 2.5233 -95.59 3.2473
1.98763 -95.3514 3.24383 1.00796e-06 2.5233 -95.59 3.2473
2.9107 -95.2309 3.25218 4.55801e-08 2.5233 -95.59 3.2473
2.4757 -95.8468 3.25835 0.0212708 2.5233 -95.59 3.2473
2.23078 -95.8919 3.26143 0.00029099 2.5233 -95.59 3.2473
2.52314 -96.1912 3.25735 0.00511524 2.5233 -95.59 3.2473
2.38533 -96.2477 3.25494 0.00500231 2.5233 -95.59 3.2473
2.47646 -95.3118 3.26956 6.52859e-08 2.5233 -95.59 3.2473
2.33062 -95.5278 3.26094 0.000144518 2.5233 -95.59 3.2473
2.61944 -95.8624 3.25708 0.036243 2.5233 -95.59 3.2473
3.28387 -95.8369 3.25907 2.01973e-07 2.5233 -95.59 3.2473
2.47443 -95.8569 3.24665 0.23486 2.5233 -95.59 3.2473
2.47911 -96.2416 3.26243 7.52255e-05 2.5233 -95.59 3.2473
