276.881 15.04 5.11403 8.81986e-11 276.76 14.859 5.1425
277.208 15.9582 5.14135 9.99784e-30 276.76 14.859 5.1425
276.772 15.4852 5.12612 1.41907e-13 276.76 14.859 5.1425
276.34 15.028 5.1444 0.000429539 276.76 14.859 5.1425
277.311 15.1832 5.13321 8.48081e-13 276.76 14.859 5.1425
276.504 15.7132 5.15894 7.51902e-15 276.76 14.859 5.1425
276.837 15.0359 5.12959 0.000652062 276.76 14.859 5.1425
276.272 15.3443 5.15209 4.1371e-09 276.76 14.859 5.1425
276.575 14.6276 5.14833 0.000173022 276.76 14.859 5.1425
277.06 14.6384 5.14924 3.02575e-07 276.76 14.859 5.1425
276.616 14.9919 5.12248 9.76417e-05 276.76 14.859 5.1425
276.91 15.4317 5.12464 6.18756e-14 276.76 14.859 5.1425
276.808 15.3528 5.13095 1.79593e-08 276.76 14.859 5.1425
276.665 14.9391 5.12809 0.0122864 276.76 14.859 5.1425
276.786 15.2872 5.1616 1.39975e-07 276.76 14.859 5.1425
277.199 15.2206 5.14585 4.66971e-09 276.76 14.859 5.1425
277.13 15.9622 5.13692 3.6005e-30 276.76 14.859 5.1425
276.307 15.2296 5.13703 1.54589e-06 276.76 14.859 5.1425
277.11 15.5862 5.15139 7.51193e-14 276.76 14.859 5.1425
276.469 15.1166 5.15316 9.24866e-05 276.76 14.859 5.1425
277.14 14.8863 5.14847 1.36727e-06 276.76 14.859 5.1425
277.203 15.0653 5.13984 7.77057e-08 276.76 14.859 5.1425
276.855 14.6741 5.13807 0.0132776 276.76 14.859 5.1425
276.945 15.3922 5.17545 9.5969e-16 276.76 14.859 5.1425
276.872 15.5832 5.14042 4.42908e-12 276.76 14.859 5.1425
276.729 15.0057 5.14497 0.0483572 276.76 14.859 5.1425
277.09 14.9328 5.13414 2.04121e-05 276.76 14.859 5.1425
276.563 14.98 5.13793 0.0901609 276.76 14.859 5.1425
276.859 14.796 5.1121 9.70492e-09 276.76 14.859 5.1425
276.494 14.856 5.13787 0.0937533 276.76 14.859 5.1425
276.706 15.2918 5.13312 3.95384e-06 276.76 14.859 5.1425
276.788 15.3302 5.16011 1.61085e-07 276.76 14.859 5.1425
276.609 15.4475 5.14054 7.43705e-08 276.76 14.859 5.1425
276.678 15.1838 5.11456 8.92847e-12 276.76 14.859 5.1425
277.086 15.7468 5.15858 7.26143e-18 276.76 14.859 5.1425
276.876 15.3282 5.15499 9.82233e-07 276.76 14.859 5.1425
277.275 14.8115 5.12546 1.10332e-10 276.76 14.859 5.1425
277.057 14.7242 5.12572 6.24358e-06 276.76 14.859 5.1425
277.004 15.3979 5.11939 4.02685e-17 276.76 14.859 5.1425
276.559 14.5378 5.12774 0.00578315 276.76 14.859 5.1425
276.495 15.0062 5.13563 0.0224892 276.76 14.859 5.1425
276.656 14.7118 5.13707 0.149538 276.76 14.859 5.1425
276.712 15.0518 5.13532 0.0219857 276.76 14.859 5.1425
276.81 15.4705 5.15797 5.24451e-09 276.76 14.859 5.1425
277.126 15.0269 5.14386 5.06503e-06 276.76 14.859 5.1425
276.559 15.2976 5.15047 2.80571e-05 276.76 14.859 5.1425
276.744 14.5588 5.12014 0.000245935 276.76 14.859 5.1425
276.547 14.9865 5.1496 0.00540686 276.76 14.859 5.1425
276.337 14.9793 5.14509 0.00048249 276.76 14.859 5.1425
277.134 15.1952 5.14687 1.48212e-07 276.76 14.859 5.1425
276.483 14.5424 5.14033 0.000543963 276.76 14.859 5.1425
277.253 15.1728 5.15056 5.43702e-10 276.76 14.859 5.1425
276.759 15.436 5.13957 6.71603e-08 276.76 14.859 5.1425
276.999 14.8003 5.14838 9.06798e-05 276.76 14.859 5.1425
276.347 14.733 5.15437 1.59431e-07 276.76 14.859 5.1425
276.459 14.6893 5.14368 0.0025214 276.76 14.859 5.1425
276.616 15.1179 5.14968 0.00310055 276.76 14.859 5.1425
276.815 15.1635 5.13484 0.000367805 276.76 14.859 5.1425
277.055 14.8723 5.14521 0.000102225 276.76 14.859 5.1425
276.742 15.1106 5.14484 0.011637 276.76 14.859 5.1425
276.828 15.8483 5.12302 5.04934e-29 276.76 14.859 5.1425
276.936 14.8878 5.13044 0.00134981 276.76 14.859 5.1425
276.289 15.2535 5.15926 1.2025e-09 276.76 14.859 5.1425
276.639 15.8355 5.14716 6.19216e-18 276.76 14.859 5.1425
277.161 15.0043 5.16401 1.08394e-11 276.76 14.859 5.1425
276.979 14.3013 5.13026 3.44205e-08 276.76 14.859 5.1425
276.666 15.6247 5.13096 2.24296e-15 276.76 14.859 5.1425
276.344 14.8262 5.14465 0.000630232 276.76 14.859 5.1425
276.608 15.1381 5.14136 0.00874452 276.76 14.859 5.1425
276.729 14.8092 5.14029 0.168167 276.76 14.859 5.1425
276.993 15.1097 5.14508 0.000140327 276.76 14.859 5.1425
276.985 14.7729 5.12553 6.2679e-05 276.76 14.859 5.1425
276.997 14.9123 5.14215 0.00124104 276.76 14.859 5.1425
276.732 14.9946 5.12859 0.00383454 276.76 14.859 5.1425
276.56 14.7544 5.12731 0.0361816 276.76 14.859 5.1425
277.013 15.3151 5.14633 3.38626e-07 276.76 14.859 5.1425
276.128 15.3696 5.13378 1.25264e-12 276.76 14.859 5.1425
276.857 14.7312 5.14756 0.00116027 276.76 14.859 5.1425
276.844 14.9279 5.16061 7.9589e-07 276.76 14.859 5.1425
276.928 15.5219 5.1377 1.33976e-11 276.76 14.859 5.1425
276.478 15.7494 5.13844 1.68255e-17 276.76 14.859 5.1425
277.038 15.4595 5.14764 4.7671e-10 276.76 14.859 5.1425
276.748 14.8407 5.1359 0.188465 276.76 14.859 5.1425
276.718 14.8909 5.1444 0.0892618 276.76 14.859 5.1425
276.419 15.1965 5.15942 1.4036e-07 276.76 14.859 5.1425
276.615 15.2877 5.12216 6.49731e-10 276.76 14.859 5.1425
276.813 15.4798 5.14615 2.32254e-08 276.76 14.859 5.1425
276.186 15.0177 5.15616 2.05868e-09 276.76 14.859 5.1425
276.735 15.1499 5.14855 0.0027635 276.76 14.859 5.1425
276.791 15.0705 5.12583 4.40885e-05 276.76 14.859 5.1425
276.426 15.319 5.14398 3.67188e-06 276.76 14.859 5.1425
277.146 15.4181 5.1422 1.89953e-11 276.76 14.859 5.1425
276.73 15.5991 5.14716 8.39728e-11 276.76 14.859 5.1425
276.578 14.8207 5.15241 0.000484409 276.76 14.859 5.1425
277.182 15.3033 5.14117 3.68891e-10 276.76 14.859 5.1425
276.761 15.2979 5.14258 6.24454e-05 276.76 14.859 5.1425
277.515 15.0222 5.13569 1.74784e-16 276.76 14.859 5.1425
276.593 15.3964 5.15015 1.40963e-06 276.76 14.859 5.1425
276.678 15.1606 5.12644 9.85486e-06 276.76 14.859 5.1425
276.539 14.5979 5.12792 0.0137473 276.76 14.859 5.1425
