26.6127 -83.7551 3.85503 9.64915e-10 25.952 -83.746 3.8305
25.8672 -83.8379 3.83477 0.0220698 25.952 -83.746 3.8305
26.0752 -83.5363 3.83741 0.000170147 25.952 -83.746 3.8305
25.5605 -83.7864 3.82599 4.46216e-05 25.952 -83.746 3.8305
26.1232 -83.1581 3.82997 6.09386e-12 25.952 -83.746 3.8305
25.7698 -83.4463 3.83409 3.06218e-07 25.952 -83.746 3.8305
25.4235 -84.3431 3.82478 8.0508e-10 25.952 -83.746 3.8305
25.5504 -83.7969 3.8495 1.06062e-17 25.952 -83.746 3.8305
26.0997 -83.5057 3.82489 3.72259e-06 25.952 -83.746 3.8305
25.7324 -84.0354 3.83135 0.0042626 25.952 -83.746 3.8305
25.6423 -83.7326 3.82955 0.000168007 25.952 -83.746 3.8305
26.1274 -83.4465 3.82835 4.11344e-06 25.952 -83.746 3.8305
25.8712 -83.6154 3.83322 0.000882195 25.952 -83.746 3.8305
26.1906 -84.0832 3.84839 3.28433e-05 25.952 -83.746 3.8305
25.6928 -84.2538 3.83943 2.53204e-07 25.952 -83.746 3.8305
26.1596 -83.8636 3.82696 0.00713973 25.952 -83.746 3.8305
26.2263 -84.0516 3.83512 0.140236 25.952 -83.746 3.8305
25.857 -83.9285 3.84344 1.40247e-05 25.952 -83.746 3.8305
25.7963 -83.8308 3.8294 0.0167074 25.952 -83.746 3.8305
25.8011 -83.8759 3.82398 0.00348928 25.952 -83.746 3.8305
25.7419 -83.6276 3.85796 2.15048e-24 25.952 -83.746 3.8305
25.8533 -84.0227 3.83536 0.0178168 25.952 -83.746 3.8305
25.7756 -83.8372 3.82 9.24666e-05 25.952 -83.746 3.8305
26.1777 -84.3195 3.82912 0.000104751 25.952 -83.746 3.8305
26.1255 -83.8223 3.8355 0.166123 25.952 -83.746 3.8305
25.5549 -84.1496 3.83514 3.90014e-07 25.952 -83.746 3.8305
25.8431 -83.8153 3.82846 0.0244443 25.952 -83.746 3.8305
25.2865 -84.6147 3.84514 1.64843e-27 25.952 -83.746 3.8305
25.8315 -84.0475 3.85127 4.79119e-12 25.952 -83.746 3.8305
25.1098 -84.2489 3.83049 3.42673e-17 25.952 -83.746 3.8305
26.1479 -83.7661 3.83264 0.0683285 25.952 -83.746 3.8305
26.1195 -83.7005 3.82679 0.00178343 25.952 -83.746 3.8305
26.0781 -83.9884 3.83113 0.197456 25.952 -83.746 3.8305
25.7076 -82.9794 3.81636 1.06933e-20 25.952 -83.746 3.8305
25.9793 -83.5531 3.82604 0.000107345 25.952 -83.746 3.8305
25.7117 -83.6146 3.84547 1.02613e-11 25.952 -83.746 3.8305
25.7552 -84.1964 3.82332 7.32839e-05 25.952 -83.746 3.8305
25.9528 -83.4664 3.83362 2.07448e-05 25.952 -83.746 3.8305
25.8154 -83.662 3.85242 1.84377e-15 25.952 -83.746 3.8305
26.0854 -83.6412 3.84398 2.28496e-05 25.952 -83.746 3.8305
25.8789 -83.7911 3.84938 4.01554e-10 25.952 -83.746 3.8305
26.49 -84.1969 3.82951 1.04784e-06 25.952 -83.746 3.8305
25.8015 -84.5723 3.83737 8.03874e-10 25.952 -83.746 3.8305
26.2349 -83.7976 3.82397 3.763e-05 25.952 -83.746 3.8305
26.1431 -84.0997 3.82236 1.72067e-05 25.952 -83.746 3.8305
25.8592 -84.2883 3.82907 0.000421781 25.952 -83.746 3.8305
25.9587 -83.6594 3.82486 0.000705873 25.952 -83.746 3.8305
26.0398 -83.9581 3.85839 1.15657e-15 25.952 -83.746 3.8305
25.7744 -83.9655 3.83063 0.0164845 25.952 -83.746 3.8305
25.8408 -83.7772 3.83798 0.00082923 25.952 -83.746 3.8305
26.054 -83.7503 3.84116 0.00249589 25.952 -83.746 3.8305
25.4754 -83.7346 3.83274 6.62362e-08 25.952 -83.746 3.8305
26.075 -83.6815 3.82368 0.000137042 25.952 -83.746 3.8305
26.0076 -84.2018 3.84137 0.000859631 25.952 -83.746 3.8305
25.9457 -83.8501 3.82934 0.0877865 25.952 -83.746 3.8305
25.9782 -84.0702 3.81957 8.46345e-06 25.952 -83.746 3.8305
25.5417 -84.6825 3.82385 4.48105e-15 25.952 -83.746 3.8305
26.0303 -84.2198 3.82897 0.00441604 25.952 -83.746 3.8305
26.0223 -83.7153 3.8445 2.18144e-05 25.952 -83.746 3.8305
26.1075 -83.824 3.84823 4.55124e-06 25.952 -83.746 3.8305
25.4938 -83.9268 3.8323 1.15801e-06 25.952 -83.746 3.8305
26.4268 -83.0287 3.84401 2.22634e-18 25.952 -83.746 3.8305
25.4625 -84.6989 3.82673 2.69198e-16 25.952 -83.746 3.8305
25.3274 -84.5025 3.85263 2.04762e-32 25.952 -83.746 3.8305
25.6694 -83.033 3.85275 2.79002e-33 25.952 -83.746 3.8305
25.7738 -83.9402 3.82576 0.00736372 25.952 -83.746 3.8305
25.8703 -83.9089 3.83405 0.0467475 25.952 -83.746 3.8305
25.6171 -83.3617 3.83282 1.94689e-10 25.952 -83.746 3.8305
26.4081 -84.5166 3.84604 2.20375e-08 25.952 -83.746 3.8305
26.9057 -84.2578 3.8453 1.78835e-10 25.952 -83.746 3.8305
26.2318 -83.5653 3.81872 2.27083e-10 25.952 -83.746 3.8305
25.8335 -83.2692 3.83832 1.4808e-11 25.952 -83.746 3.8305
25.2444 -83.8966 3.8129 3.22873e-12 25.952 -83.746 3.8305
26.7726 -84.2528 3.82618 8.11943e-16 25.952 -83.746 3.8305
26.4407 -83.8921 3.82338 2.12384e-08 25.952 -83.746 3.8305
25.597 -83.1988 3.83028 1.05525e-13 25.952 -83.746 3.8305
26.1041 -83.3753 3.82542 4.22233e-08 25.952 -83.746 3.8305
25.8042 -83.7123 3.84081 5.39908e-06 25.952 -83.746 3.8305
25.9466 -84.1111 3.81925 4.23892e-06 25.952 -83.746 3.8305
25.937 -83.6468 3.83532 0.00241227 25.952 -83.746 3.8305
25.7248 -83.5322 3.84941 3.95727e-16 25.952 -83.746 3.8305
25.8482 -83.6384 3.8281 0.00144262 25.952 -83.746 3.8305
26.1109 -83.8674 3.84144 0.017166 25.952 -83.746 3.8305
26.2205 -83.9173 3.82279 1.9192e-05 25.952 -83.746 3.8305
26.0304 -84.2908 3.81913 1.63176e-08 25.952 -83.746 3.8305
25.8313 -84.0365 3.82892 0.0260938 25.952 -83.746 3.8305
26.0328 -84.3391 3.84932 4.06689e-09 25.952 -83.746 3.8305
26.0994 -83.4215 3.8181 4.09722e-11 25.952 -83.746 3.8305
25.8721 -83.7994 3.82788 0.0236918 25.952 -83.746 3.8305
25.5551 -84.1267 3.82355 8.45075e-06 25.952 -83.746 3.8305
26.2077 -84.4073 3.83127 1.66479e-05 25.952 -83.746 3.8305
26.2879 -84.0404 3.829 0.0026254 25.952 -83.746 3.8305
25.9082 -84.1876 3.84717 6.85778e-08 25.952 -83.746 3.8305
26.1929 -83.9942 3.82785 0.008768 25.952 -83.746 3.8305
26.0008 -83.6585 3.83589 0.00541976 25.952 -83.746 3.8305
25.938 -83.9317 3.82772 0.0604888 25.952 -83.746 3.8305
25.5922 -83.5277 3.83681 1.32015e-09 25.952 -83.746 3.8305
26.0778 -83.6588 3.83205 0.0118988 25.952 -83.746 3.8305
26.3423 -83.5534 3.84672 5.77203e-07 25.952 -83.746 3.8305
25.9255 -83.8827 3.85437 1.51703e-13 25.952 -83.746 3.8305
