1.57619 -96.0688 3.2009 3.2556e-05
0.920408 -95.6295 3.17352 3.84291e-09
1.73682 -95.6418 3.20668 0.022268
1.26477 -96.2049 3.19774 8.08685e-07
1.28765 -96.4513 3.19781 9.87005e-11
1.77341 -96.0486 3.20765 7.1712e-06
1.61662 -95.9076 3.20531 0.00113658
1.57168 -95.3095 3.22681 0.000105693
1.7012 -95.6786 3.19321 0.000389967
1.97934 -96.1318 3.21174 1.24694e-08
1.33417 -95.7445 3.19502 0.00996832
1.41773 -96.2839 3.20396 4.07798e-08
0.705449 -95.2161 3.22062 7.72652e-12
1.46626 -95.9538 3.21785 3.43407e-06
0.856973 -95.8468 3.20034 7.10276e-06
1.34111 -95.7937 3.20257 0.0131121
1.37336 -95.7276 3.2146 0.00145064
1.21295 -95.9067 3.18486 1.6145e-05
1.49822 -95.2842 3.19849 0.0270579
1.45498 -95.9001 3.1917 0.000271814
0.924299 -96.1622 3.20117 1.57549e-08
0.960127 -96.0008 3.18907 3.30492e-06
1.75558 -95.7734 3.22191 3.01441e-05
1.17593 -95.935 3.20943 2.74883e-05
1.64331 -95.6749 3.20099 0.020247
1.66567 -95.8742 3.19023 1.5127e-05
0.863917 -95.7496 3.1864 1.00644e-05
1.70472 -96.1387 3.23541 4.64708e-16
2.20779 -95.125 3.22395 2.38025e-06
1.67167 -95.8812 3.21283 0.000346692
1.32435 -95.882 3.18909 0.00019627
1.31513 -95.7004 3.21785 0.000159455
1.02702 -95.7643 3.19755 0.000979497
1.69669 -96.28 3.20999 3.94831e-09
2.08378 -95.9896 3.22716 1.31792e-10
1.56818 -96.4513 3.17763 2.67349e-15
1.20399 -95.6701 3.19911 0.0220724
1.46454 -95.3924 3.22139 0.00167411
1.78293 -95.196 3.20415 0.00521563
1.28077 -96.1346 3.19884 7.01908e-06
1.30196 -95.8447 3.20435 0.00377638
1.68162 -96.2107 3.21213 2.674e-08
1.37297 -95.9269 3.18694 2.60566e-05
1.32185 -96.0664 3.19549 4.10277e-05
1.69127 -95.771 3.22917 8.9812e-08
1.64946 -96.0403 3.19489 8.66493e-06
1.52483 -95.6156 3.19383 0.00718551
1.33501 -95.954 3.20965 0.000107262
1.99538 -95.5827 3.20178 0.000103884
1.38467 -95.7012 3.20134 0.0477274
1.88305 -95.1926 3.21179 0.00523681
1.29549 -96.1016 3.20053 1.71924e-05
1.51982 -96.4319 3.21476 7.15242e-13
1.46607 -95.7988 3.20788 0.00889061
1.65236 -96.1428 3.21224 3.19236e-07
1.87846 -95.7611 3.20394 0.000485433
1.21882 -95.3594 3.19633 0.0194779
1.40585 -95.7332 3.20643 0.0265832
1.8732 -95.4964 3.19652 0.000162907
1.3543 -95.3542 3.18746 0.000217788
1.93068 -95.5861 3.17402 9.64345e-16
2.21744 -96.0893 3.22518 1.49871e-12
1.33289 -95.3006 3.20442 0.0964275
1.2699 -95.2043 3.19973 0.0147772
1.28383 -95.786 3.20464 0.00821513
1.55521 -95.9525 3.20145 0.000627121
1.40677 -96.2061 3.20895 1.27738e-07
1.49994 -95.6018 3.20915 0.088306
1.64588 -96.3488 3.20921 4.43967e-10
1.21985 -95.0615 3.2081 0.00203126
1.85847 -95.8361 3.22177 4.65657e-06
1.22399 -95.6291 3.19233 0.00743926
1.02899 -95.0215 3.20945 2.95281e-05
1.39284 -95.6151 3.2136 0.0123314
1.46152 -95.3767 3.21541 0.0367305
1.59815 -95.4888 3.20648 0.16625
1.19405 -95.9375 3.20529 0.000166954
1.84649 -95.4538 3.20889 0.0181391
1.45739 -96.1583 3.19604 3.09462e-06
1.31157 -95.4932 3.19772 0.0676159
1.43911 -95.9001 3.22001 2.31644e-06
1.23613 -95.4432 3.21001 0.0251093
1.49219 -96.0096 3.21384 9.50502e-06
1.94507 -95.5778 3.20039 0.00019923
1.75612 -95.6245 3.2094 0.0211623
1.24914 -96.0798 3.20598 6.75836e-06
1.70154 -96.0624 3.20307 1.35491e-05
0.962735 -96.4824 3.19645 9.34254e-13
0.983472 -95.8718 3.19178 7.39091e-05
1.52284 -95.9259 3.19187 0.000109689
1.63917 -95.6637 3.21052 0.0289797
2.01931 -96.0058 3.18457 1.44736e-12
1.18756 -95.9062 3.20459 0.000365248
1.84825 -96.0959 3.21627 6.30443e-08
1.4941 -95.8225 3.19028 0.00029187
1.6654 -96.0021 3.18788 3.79921e-07
1.36393 -95.4732 3.19441 0.0235674
1.1996 -95.9074 3.20481 0.000388489
1.34865 -95.3734 3.20245 0.133731
1.84967 -95.911 3.21354 3.17012e-05
