71.789 15.1626 0.115108 2.15573e-06
71.9843 15.8227 0.110319 0.000120566
71.7835 14.8157 0.102582 5.06869e-09
71.085 15.5268 0.100063 0.00207852
70.9332 15.3116 0.069165 1.37017e-13
71.3751 16.0042 0.0944481 0.00726259
71.4147 15.3769 0.0696095 2.94212e-08
71.2459 16.1203 0.0820466 1.36176e-06
71.8888 15.7166 0.0803195 0.000322209
71.2519 15.0627 0.0908496 3.04703e-06
70.9129 15.3864 0.0796709 1.89989e-09
71.4615 15.2938 0.09239 0.00515857
70.7585 16.1126 0.101645 6.87036e-09
71.278 15.3605 0.0862619 0.000310721
70.7689 15.6302 0.0868286 6.24468e-09
70.8226 15.242 0.0818838 4.60731e-11
71.7442 14.9821 0.0886143 1.11139e-06
71.5629 16.2492 0.112987 1.08024e-05
71.2821 15.3821 0.109443 0.00403661
71.4434 15.5637 0.120268 0.000404608
71.3756 15.0221 0.0801094 3.96145e-08
71.6398 15.0831 0.0809389 1.37781e-06
71.269 15.6279 0.0961521 0.0397754
71.22 15.1451 0.0796121 6.50344e-08
71.8033 15.8135 0.0899002 0.0164435
71.335 15.3915 0.0927001 0.008425
71.4057 15.7727 0.0918795 0.0520915
70.9347 15.2423 0.0917711 2.63485e-07
70.8934 15.4686 0.0768132 2.56894e-10
71.5111 16.4718 0.091163 4.84837e-08
71.2415 15.4367 0.0958434 0.00841813
71.9417 15.4473 0.0959615 0.00303567
71.5496 16.059 0.0885856 0.00155047
71.5014 15.9507 0.0876132 0.00497025
71.3632 15.6144 0.0850303 0.00366754
71.5243 15.3935 0.102209 0.0478574
71.628 15.1548 0.0937128 0.000515801
71.5857 15.7994 0.0948784 0.142852
71.8298 15.3271 0.0736197 1.01649e-06
71.5912 15.4041 0.0733691 3.63189e-06
71.6388 15.9179 0.091064 0.0232698
72.0416 15.2564 0.107924 2.9012e-06
71.9616 15.6478 0.0812178 0.0002048
71.5156 16.1844 0.0924238 0.000326147
71.3241 15.928 0.0936149 0.0103937
71.3417 15.2726 0.0974136 0.00338141
72.0167 15.1576 0.0762829 2.77281e-08
71.1237 15.6083 0.0829606 2.36435e-05
71.7629 15.5464 0.105323 0.0294177
71.4862 15.4192 0.0757529 1.40265e-05
71.3818 15.355 0.0821496 0.000140092
71.7643 15.1818 0.100077 0.000464137
71.4538 15.5857 0.0793984 0.000381109
71.0087 15.9881 0.104187 7.57481e-05
71.7105 15.7228 0.0784922 0.000426672
71.3658 15.4837 0.0794128 9.12408e-05
72.0769 16.0898 0.10748 1.35199e-06
71.7274 14.9505 0.0891742 5.3675e-07
71.3386 15.931 0.0972403 0.0216048
71.8738 15.3718 0.0789348 3.32553e-05
71.1866 15.8719 0.0926433 0.00215
71.7839 16.1224 0.093051 0.000550448
70.9949 16.0252 0.0992951 2.39924e-05
71.5783 15.4171 0.0725148 2.0525e-06
71.6108 15.9002 0.0807957 0.000522419
71.9073 15.524 0.0978752 0.00968545
71.8312 15.2187 0.104805 0.000208959
72.1851 15.9626 0.112672 4.45116e-08
71.4194 15.6744 0.103477 0.184345
71.2557 15.0134 0.116427 1.07877e-07
71.6486 15.2947 0.0794248 4.94278e-05
71.3974 15.8994 0.083804 0.000836517
71.0376 15.9739 0.0672004 5.52855e-13
71.0678 15.9044 0.0778839 5.67211e-08
71.5113 14.9815 0.0896586 2.17323e-06
71.4899 15.9909 0.0743707 1.40581e-06
71.7861 15.1052 0.078422 3.73804e-07
71.1979 15.0748 0.0879524 6.30559e-07
71.2245 15.6607 0.0814939 7.79859e-05
71.5249 15.8744 0.082053 0.00106847
70.9424 15.6173 0.0967547 6.64762e-05
70.9944 15.6114 0.10337 0.000483592
71.2667 15.9502 0.0806662 1.43111e-05
71.505 15.2716 0.0952931 0.00677818
71.5934 15.6869 0.0943216 0.193718
71.935 15.5191 0.0731081 1.83701e-06
71.4405 15.2128 0.102063 0.00219031
71.2561 15.7341 0.0780928 1.28491e-05
71.0158 15.8233 0.0800141 1.42264e-07
71.314 15.4979 0.0854999 0.00148006
70.8687 15.5078 0.0741298 1.46923e-11
71.5265 15.2131 0.0937797 0.0019053
71.3581 16.0286 0.0972479 0.00660322
71.6814 15.8943 0.0976954 0.0587475
71.2127 15.5626 0.0794501 1.40501e-05
71.4537 16.033 0.0880269 0.00134731
71.4966 15.2935 0.091776 0.00518814
71.7613 15.5885 0.077986 0.00025595
71.6749 15.7377 0.105828 0.0768288
71.7693 15.3183 0.0941469 0.0052624
