248.865 -18.7419 3.07247 5.58736e-09 249.04 -18.356 3.0534
248.868 -18.3708 3.04838 0.0139984 249.04 -18.356 3.0534
248.788 -18.6244 3.06035 0.000109759 249.04 -18.356 3.0534
249.389 -18.595 3.04158 1.95324e-10 249.04 -18.356 3.0534
249.197 -18.5783 3.04783 9.04327e-05 249.04 -18.356 3.0534
249.255 -18.0633 3.04148 9.45151e-07 249.04 -18.356 3.0534
248.864 -18.4703 3.05483 0.0163954 249.04 -18.356 3.0534
249.503 -18.719 3.05655 3.09373e-05 249.04 -18.356 3.0534
249.024 -18.581 3.05607 0.0157248 249.04 -18.356 3.0534
249.12 -18.869 3.04985 4.05879e-07 249.04 -18.356 3.0534
249.213 -18.7899 3.05455 6.55026e-05 249.04 -18.356 3.0534
249.19 -18.7023 3.05781 0.00275269 249.04 -18.356 3.0534
248.843 -17.9868 3.02977 5.22421e-10 249.04 -18.356 3.0534
249.441 -18.6357 3.04804 1.78004e-07 249.04 -18.356 3.0534
248.495 -18.6587 3.04845 5.63033e-07 249.04 -18.356 3.0534
248.564 -18.0401 3.06058 2.31075e-07 249.04 -18.356 3.0534
249.125 -18.631 3.06699 0.00255256 249.04 -18.356 3.0534
248.645 -19.2632 3.06832 1.09455e-18 249.04 -18.356 3.0534
248.933 -18.7699 3.06016 8.834e-05 249.04 -18.356 3.0534
249.431 -18.8403 3.06176 6.65908e-05 249.04 -18.356 3.0534
248.689 -18.9083 3.04905 1.31666e-08 249.04 -18.356 3.0534
249.073 -18.5087 3.05256 0.0204895 249.04 -18.356 3.0534
248.919 -17.7601 3.05018 0.000104591 249.04 -18.356 3.0534
249.115 -18.8525 3.06591 2.69344e-05 249.04 -18.356 3.0534
248.656 -18.1156 3.05156 0.00163087 249.04 -18.356 3.0534
248.668 -18.7813 3.05215 1.13542e-06 249.04 -18.356 3.0534
249.583 -18.2579 3.06054 0.00997917 249.04 -18.356 3.0534
249.201 -18.4409 3.06023 0.211126 249.04 -18.356 3.0534
249.239 -18.0205 3.05937 0.040181 249.04 -18.356 3.0534
248.78 -19.1326 3.05168 6.54323e-12 249.04 -18.356 3.0534
249.291 -18.9816 3.05476 5.01905e-08 249.04 -18.356 3.0534
248.832 -18.6323 3.0564 0.000734913 249.04 -18.356 3.0534
249.453 -18.6378 3.06403 0.0104426 249.04 -18.356 3.0534
248.468 -18.2611 3.04893 4.83254e-05 249.04 -18.356 3.0534
249.43 -18.4149 3.04007 1.06328e-10 249.04 -18.356 3.0534
248.972 -18.6 3.04699 0.000223776 249.04 -18.356 3.0534
249.369 -18.9593 3.05554 7.96717e-08 249.04 -18.356 3.0534
248.793 -18.8489 3.05921 8.36997e-07 249.04 -18.356 3.0534
248.798 -19.0764 3.05512 2.55193e-10 249.04 -18.356 3.0534
248.812 -18.2354 3.05247 0.03072 249.04 -18.356 3.0534
249.663 -18.6724 3.062 0.000110365 249.04 -18.356 3.0534
249.063 -18.8107 3.06133 0.000135041 249.04 -18.356 3.0534
248.498 -18.2141 3.02189 1.05756e-13 249.04 -18.356 3.0534
248.982 -18.7946 3.04757 1.78276e-06 249.04 -18.356 3.0534
248.745 -18.0692 3.0536 0.00368176 249.04 -18.356 3.0534
248.631 -18.2249 3.05354 0.000907835 249.04 -18.356 3.0534
248.817 -18.5181 3.07678 3.3571e-11 249.04 -18.356 3.0534
248.79 -19.1986 3.05963 5.37949e-13 249.04 -18.356 3.0534
249.317 -18.5067 3.06001 0.0846534 249.04 -18.356 3.0534
248.981 -19.1954 3.05266 2.25664e-12 249.04 -18.356 3.0534
249.066 -18.2717 3.05519 0.230318 249.04 -18.356 3.0534
249.241 -18.8304 3.06418 0.000213428 249.04 -18.356 3.0534
248.939 -19.0535 3.05171 1.13755e-09 249.04 -18.356 3.0534
249.352 -18.7774 3.06693 0.000841733 249.04 -18.356 3.0534
248.647 -19.2237 3.04182 2.43961e-17 249.04 -18.356 3.0534
249.138 -18.157 3.04919 0.0158442 249.04 -18.356 3.0534
248.791 -18.8035 3.04524 2.18917e-07 249.04 -18.356 3.0534
249.379 -18.8036 3.06697 0.000449135 249.04 -18.356 3.0534
249.477 -19.0848 3.06361 1.34846e-08 249.04 -18.356 3.0534
248.882 -18.2766 3.05185 0.0596144 249.04 -18.356 3.0534
249.087 -18.3385 3.06832 0.00508537 249.04 -18.356 3.0534
249.714 -18.9254 3.04743 4.35048e-16 249.04 -18.356 3.0534
249.252 -18.476 3.04219 2.95657e-07 249.04 -18.356 3.0534
248.698 -18.0926 3.05012 0.00357096 249.04 -18.356 3.0534
249.096 -19.0313 3.06399 8.57824e-08 249.04 -18.356 3.0534
248.782 -18.6736 3.0697 2.3879e-08 249.04 -18.356 3.0534
249.515 -18.0702 3.05125 3.39832e-05 249.04 -18.356 3.0534
249.697 -18.9138 3.05661 6.4722e-10 249.04 -18.356 3.0534
249.264 -18.6943 3.0552 0.000778584 249.04 -18.356 3.0534
249.053 -18.5549 3.04705 0.000369445 249.04 -18.356 3.0534
248.796 -18.068 3.04871 0.00906948 249.04 -18.356 3.0534
249.37 -18.6983 3.06448 0.00548066 249.04 -18.356 3.0534
249.447 -18.7726 3.04951 2.44219e-08 249.04 -18.356 3.0534
249.888 -18.4612 3.05334 2.63436e-10 249.04 -18.356 3.0534
248.765 -18.3032 3.0379 1.88269e-05 249.04 -18.356 3.0534
249.402 -18.5276 3.03631 3.9555e-14 249.04 -18.356 3.0534
248.901 -18.4432 3.04789 0.00585925 249.04 -18.356 3.0534
249.113 -18.5464 3.04674 0.000187367 249.04 -18.356 3.0534
249.183 -18.8876 3.05322 1.5586e-06 249.04 -18.356 3.0534
248.999 -18.7958 3.07079 6.20463e-07 249.04 -18.356 3.0534
249.097 -18.1242 3.05796 0.138221 249.04 -18.356 3.0534
249.63 -18.7456 3.04275 1.89583e-15 249.04 -18.356 3.0534
249.191 -18.7262 3.06074 0.00259822 249.04 -18.356 3.0534
249.096 -18.6067 3.05598 0.0125776 249.04 -18.356 3.0534
248.99 -18.4406 3.05026 0.0198235 249.04 -18.356 3.0534
249.043 -18.8655 3.0451 1.1101e-08 249.04 -18.356 3.0534
249.127 -18.6813 3.05401 0.00131784 249.04 -18.356 3.0534
249.02 -18.4933 3.06364 0.0144477 249.04 -18.356 3.0534
248.549 -18.7124 3.05229 4.51778e-07 249.04 -18.356 3.0534
248.329 -18.9078 3.06129 1.32101e-15 249.04 -18.356 3.0534
248.872 -18.5306 3.07899 8.97856e-12 249.04 -18.356 3.0534
249.162 -18.6825 3.05645 0.00302121 249.04 -18.356 3.0534
248.234 -18.4571 3.05193 8.48092e-10 249.04 -18.356 3.0534
248.472 -18.7816 3.06384 3.91621e-12 249.04 -18.356 3.0534
248.592 -18.5965 3.04207 2.20374e-06 249.04 -18.356 3.0534
248.844 -18.5343 3.0504 0.0031241 249.04 -18.356 3.0534
249.126 -18.9273 3.06388 5.13356e-06 249.04 -18.356 3.0534
248.575 -18.5464 3.04774 3.46589e-05 249.04 -18.356 3.0534
249.082 -19.0726 3.07919 2.50122e-13 249.04 -18.356 3.0534
249.409 -17.9908 3.04797 1.14909e-05 249.04 -18.356 3.0534
