236.203 -15.4036 2.92186 3.45881e-22 235.93 -15.353 2.8869
235.358 -15.0223 2.90223 1.35464e-15 235.93 -15.353 2.8869
235.577 -15.9014 2.88185 8.08353e-07 235.93 -15.353 2.8869
235.974 -15.2616 2.88578 0.0345062 235.93 -15.353 2.8869
235.713 -15.4958 2.8822 0.0403041 235.93 -15.353 2.8869
236.094 -15.9219 2.89585 6.90171e-08 235.93 -15.353 2.8869
235.845 -15.3711 2.89085 0.0926453 235.93 -15.353 2.8869
235.793 -15.2234 2.89698 0.000495768 235.93 -15.353 2.8869
235.841 -15.6574 2.88748 0.00408904 235.93 -15.353 2.8869
236.325 -15.8951 2.89502 5.83679e-09 235.93 -15.353 2.8869
235.566 -15.7162 2.90249 4.82203e-12 235.93 -15.353 2.8869
236.284 -15.5199 2.87798 1.05232e-10 235.93 -15.353 2.8869
235.136 -15.257 2.88701 2.89036e-07 235.93 -15.353 2.8869
236.07 -15.5202 2.88415 0.000530562 235.93 -15.353 2.8869
235.881 -15.4027 2.881 0.00892557 235.93 -15.353 2.8869
235.439 -15.7099 2.87863 8.12151e-05 235.93 -15.353 2.8869
235.942 -15.6563 2.85952 1.03421e-23 235.93 -15.353 2.8869
235.479 -15.4191 2.87443 0.00187902 235.93 -15.353 2.8869
235.82 -15.458 2.88581 0.0946598 235.93 -15.353 2.8869
235.783 -15.1788 2.89132 0.0303545 235.93 -15.353 2.8869
236.347 -15.3945 2.88983 2.09692e-05 235.93 -15.353 2.8869
236.389 -15.807 2.86685 2.09377e-28 235.93 -15.353 2.8869
236.151 -15.4443 2.89341 0.00417336 235.93 -15.353 2.8869
235.914 -15.4663 2.89207 0.0337895 235.93 -15.353 2.8869
236.586 -14.9296 2.88949 4.55796e-12 235.93 -15.353 2.8869
235.852 -15.8217 2.87841 2.33134e-07 235.93 -15.353 2.8869
236.091 -15.1818 2.90686 1.71392e-08 235.93 -15.353 2.8869
236.077 -14.7569 2.88386 6.0181e-08 235.93 -15.353 2.8869
236.046 -15.2122 2.8937 0.0118209 235.93 -15.353 2.8869
235.813 -15.381 2.88776 0.17556 235.93 -15.353 2.8869
235.798 -15.7507 2.87141 6.42874e-10 235.93 -15.353 2.8869
236.026 -15.4403 2.9002 0.000176071 235.93 -15.353 2.8869
236.25 -15.395 2.89181 0.000755279 235.93 -15.353 2.8869
236.104 -15.4656 2.89706 0.00167641 235.93 -15.353 2.8869
236.373 -15.5506 2.88554 4.49807e-08 235.93 -15.353 2.8869
235.285 -15.2795 2.90093 1.90105e-14 235.93 -15.353 2.8869
235.852 -15.4044 2.88232 0.0320222 235.93 -15.353 2.8869
235.802 -15.9111 2.89161 7.70896e-07 235.93 -15.353 2.8869
235.668 -15.2266 2.89467 0.000752289 235.93 -15.353 2.8869
235.803 -15.8708 2.8892 7.0599e-06 235.93 -15.353 2.8869
235.404 -15.3876 2.89399 1.68051e-06 235.93 -15.353 2.8869
236.414 -15.4783 2.89558 9.31681e-06 235.93 -15.353 2.8869
235.91 -15.1301 2.89906 7.22341e-05 235.93 -15.353 2.8869
235.713 -15.3977 2.89141 0.0285748 235.93 -15.353 2.8869
235.704 -15.522 2.88502 0.0517227 235.93 -15.353 2.8869
235.751 -15.2481 2.89522 0.00198803 235.93 -15.353 2.8869
235.968 -15.4105 2.86909 2.54633e-11 235.93 -15.353 2.8869
235.979 -15.2426 2.90201 1.31585e-05 235.93 -15.353 2.8869
235.88 -14.9916 2.88187 0.000879824 235.93 -15.353 2.8869
235.646 -15.6077 2.89543 2.78905e-05 235.93 -15.353 2.8869
236.252 -15.2207 2.89222 0.000592005 235.93 -15.353 2.8869
235.585 -15.5075 2.89619 1.07477e-05 235.93 -15.353 2.8869
235.832 -15.4975 2.88687 0.0651704 235.93 -15.353 2.8869
235.376 -15.4026 2.88783 0.000525361 235.93 -15.353 2.8869
235.847 -15.5126 2.89228 0.0176939 235.93 -15.353 2.8869
236.246 -16.2204 2.89153 2.80055e-15 235.93 -15.353 2.8869
235.801 -15.6893 2.87241 1.83764e-08 235.93 -15.353 2.8869
235.974 -15.6024 2.89156 0.00479354 235.93 -15.353 2.8869
235.576 -16.1332 2.88958 5.28013e-12 235.93 -15.353 2.8869
235.736 -15.3605 2.90918 8.3708e-14 235.93 -15.353 2.8869
235.776 -15.5122 2.90154 5.60499e-07 235.93 -15.353 2.8869
235.935 -15.8846 2.88876 2.73952e-06 235.93 -15.353 2.8869
235.95 -15.8117 2.90125 3.32686e-08 235.93 -15.353 2.8869
236.337 -15.6624 2.88384 3.33994e-09 235.93 -15.353 2.8869
235.682 -15.3509 2.89627 0.000250899 235.93 -15.353 2.8869
236.248 -15.1157 2.8939 0.000215419 235.93 -15.353 2.8869
235.856 -15.1998 2.88144 0.0176504 235.93 -15.353 2.8869
236.275 -15.6205 2.89851 1.70775e-05 235.93 -15.353 2.8869
235.344 -15.4411 2.88418 0.00164473 235.93 -15.353 2.8869
235.561 -15.7506 2.8849 0.000158874 235.93 -15.353 2.8869
235.96 -15.6957 2.879 1.9385e-06 235.93 -15.353 2.8869
235.957 -15.3867 2.89739 0.00234989 235.93 -15.353 2.8869
235.847 -15.7162 2.87056 9.91554e-11 235.93 -15.353 2.8869
236.604 -15.8071 2.89096 5.74249e-13 235.93 -15.353 2.8869
235.676 -15.1017 2.87724 0.00336105 235.93 -15.353 2.8869
235.667 -15.618 2.9059 1.46441e-12 235.93 -15.353 2.8869
235.299 -15.495 2.879 0.00104779 235.93 -15.353 2.8869
236.322 -15.6793 2.87528 3.11657e-15 235.93 -15.353 2.8869
236.004 -15.6429 2.88348 0.000159123 235.93 -15.353 2.8869
235.507 -15.274 2.88845 0.00866756 235.93 -15.353 2.8869
235.831 -15.3466 2.88862 0.171195 235.93 -15.353 2.8869
235.175 -15.2519 2.88451 1.36831e-05 235.93 -15.353 2.8869
235.288 -15.3504 2.90181 3.29627e-15 235.93 -15.353 2.8869
235.695 -15.5496 2.88409 0.0309687 235.93 -15.353 2.8869
235.218 -15.6362 2.89313 1.47064e-10 235.93 -15.353 2.8869
235.69 -14.9489 2.87974 0.000899417 235.93 -15.353 2.8869
236.109 -16.0572 2.88742 7.28775e-11 235.93 -15.353 2.8869
235.356 -15.6428 2.89904 2.56908e-12 235.93 -15.353 2.8869
235.554 -15.307 2.88896 0.0161931 235.93 -15.353 2.8869
236.415 -15.261 2.87578 6.52375e-15 235.93 -15.353 2.8869
236.144 -15.7387 2.89256 2.99779e-05 235.93 -15.353 2.8869
236.225 -15.9543 2.89262 4.1121e-09 235.93 -15.353 2.8869
235.72 -16.0373 2.88678 6.41895e-09 235.93 -15.353 2.8869
235.937 -15.6287 2.88748 0.00383556 235.93 -15.353 2.8869
235.752 -15.5318 2.87278 3.37689e-06 235.93 -15.353 2.8869
235.948 -15.7664 2.89507 2.97814e-05 235.93 -15.353 2.8869
236.188 -15.9359 2.90092 1.17667e-09 235.93 -15.353 2.8869
236.423 -15.4141 2.87792 1.98558e-13 235.93 -15.353 2.8869
236.404 -15.5791 2.88561 7.77789e-09 235.93 -15.353 2.8869
235.922 -16.0299 2.8776 2.98695e-12 235.93 -15.353 2.8869
