105.164 18.3642 0.0686498 2.19324e-06
105.202 18.9936 0.060864 0.00473356
105.181 19.1561 0.0553637 6.28855e-06
105.663 19.0285 0.0669425 0.00143638
104.873 18.8808 0.0657862 0.000177689
105.464 18.6338 0.0762377 0.0003559
105.324 18.9364 0.0565885 0.000241725
105.23 19.0241 0.0729759 0.100412
105.466 18.2298 0.0553877 2.31863e-13
105.42 18.618 0.0500527 4.23299e-10
105.541 18.4175 0.0649502 1.07942e-06
105.431 19.2925 0.057281 3.3053e-05
105.406 18.3037 0.0707129 2.09539e-07
105.332 19.3558 0.0742376 9.09217e-05
105.362 18.8454 0.0459755 1.87726e-11
105.103 18.2076 0.0533584 8.99167e-17
105.14 18.8322 0.0540626 4.3247e-07
105.188 18.9345 0.0595185 0.00122012
105.159 18.7144 0.0439386 5.33101e-16
104.781 18.5834 0.0455118 3.60875e-22
105.242 19.1954 0.0716888 0.0160939
105.83 19.0096 0.0929876 2.41839e-20
105.2 18.9259 0.0655981 0.0728911
105.441 18.297 0.064821 2.59593e-08
105.288 18.6535 0.0434934 7.29878e-16
105.432 19.2392 0.0713656 0.00235717
105.135 18.7408 0.0733126 0.0366859
105.27 18.8259 0.0735651 0.0890575
105.333 19.122 0.0618462 0.00977144
105.505 18.8214 0.0806255 3.25611e-05
105.29 18.9464 0.0662928 0.135967
105.104 18.7429 0.0675921 0.0149418
105.651 18.299 0.0693143 2.2663e-09
105.548 18.9551 0.0791593 4.75428e-05
105.141 18.4996 0.0616777 2.45729e-06
105.723 18.4198 0.0804385 4.10078e-11
105.292 19.4201 0.0475506 3.99661e-12
105.387 19.308 0.0649791 0.00127007
105.398 18.6783 0.0691701 0.0134315
105.427 18.9356 0.0723081 0.0496288
105.069 18.4592 0.0671205 1.12115e-05
104.846 19.0112 0.0480217 2.60158e-15
105.27 18.8245 0.0659118 0.0684966
105.278 18.5582 0.0824579 9.61064e-06
105.13 19.2437 0.0547127 3.51407e-07
105.375 19.0979 0.0579661 0.000833987
105.32 18.3632 0.0654528 9.39751e-07
105.211 18.4816 0.0679849 0.000135009
105.503 18.0491 0.0595637 6.82438e-16
105.52 18.8803 0.0696054 0.0226387
105.529 18.2051 0.0669217 2.75764e-10
104.749 18.5551 0.0728256 7.97227e-07
105.473 18.781 0.0717078 0.0161208
105.078 18.492 0.0607477 2.7358e-07
105.606 19.1664 0.0666193 0.00134126
105.24 19.0239 0.054663 1.35364e-05
104.387 19.1881 0.07268 6.36414e-13
105.742 18.98 0.0707017 6.80264e-05
105.304 18.6834 0.0668915 0.0154084
105.091 18.7597 0.045632 9.17429e-15
105.171 19.3264 0.0749883 0.000220594
105.292 18.8488 0.0622752 0.0149376
104.985 19.4835 0.0618493 3.71173e-08
105.389 18.7705 0.0591562 0.000731145
105.241 18.7 0.0396801 8.52359e-20
105.289 18.8516 0.0449136 8.56219e-13
105.737 19.059 0.071652 3.08189e-05
105.057 18.9327 0.0556247 1.35759e-06
105.567 19.3712 0.0496899 1.1826e-09
105.809 19.0209 0.0650867 2.51746e-05
105.356 18.7827 0.0603916 0.00231671
104.794 18.7586 0.0621316 1.89864e-07
105.197 19.1636 0.0703416 0.0305639
105.211 18.795 0.0738566 0.071801
105.638 18.9284 0.0763288 5.64443e-05
105.56 18.9558 0.0630638 0.0079582
106.006 19.1852 0.0597784 2.34854e-09
105.385 18.8285 0.0487613 2.9558e-09
105.668 19.253 0.0756631 6.83601e-07
105.076 18.835 0.0590623 6.36944e-05
105.292 18.9741 0.0610272 0.0108236
105.34 18.8977 0.0696373 0.169873
105.854 18.3904 0.0733055 2.51495e-11
105.48 18.5459 0.0729764 0.000178076
105.005 18.7165 0.064317 0.000323613
105.398 19.7512 0.0649711 5.32419e-11
105.303 18.7749 0.0597798 0.00109233
105.601 18.2303 0.0807878 1.72483e-12
105.156 18.3986 0.0720965 1.49034e-05
105.495 18.3045 0.0788005 3.0329e-09
104.779 18.6848 0.0703749 1.34621e-05
105.629 18.6556 0.0824462 2.44624e-08
105.005 18.5984 0.0679431 0.000269808
105.206 18.8549 0.0538053 1.24902e-06
104.865 19.1546 0.0622293 3.4916e-06
104.938 18.4562 0.0657436 3.17351e-07
105.461 18.6897 0.0617853 0.000972061
105.404 19.2079 0.0683076 0.0109747
105.492 19.1227 0.0771653 0.000214896
105.228 18.8077 0.0592118 0.000567019
