60.8328 14.7712 0.15066 4.17862e-05
60.8988 15.1263 0.154004 0.000515844
60.8631 14.939 0.159301 2.36885e-06
60.6653 15.0523 0.153389 4.02859e-05
60.6412 14.9214 0.137578 0.000151862
61.093 15.2583 0.137074 0.0664711
61.1574 14.7556 0.133648 0.0112474
60.5571 15.1665 0.150339 1.09042e-05
60.6719 15.203 0.160542 6.0831e-08
59.9664 14.2943 0.123013 1.03279e-37
60.6071 14.9136 0.155062 4.23753e-07
60.9544 14.9647 0.147554 0.0293555
61.152 15.3408 0.159804 1.46513e-07
60.4023 14.9112 0.146521 1.44698e-07
61.0511 15.1478 0.158194 1.27535e-05
60.6305 14.7416 0.134402 1.57829e-06
61.0594 15.0377 0.163688 1.57867e-08
60.3544 14.8268 0.144004 5.88716e-09
60.7083 14.5838 0.145332 1.41346e-06
61.0028 15.0287 0.136567 0.128905
60.9163 14.9198 0.153662 0.000500878
60.3348 14.447 0.143871 4.62842e-14
61.3499 14.7924 0.126549 0.000288006
60.9942 15.1865 0.140975 0.113541
60.1229 15.0028 0.148969 4.25946e-13
60.5373 14.5895 0.152137 6.02691e-10
61.232 14.8024 0.153409 6.96568e-05
60.1486 15.9491 0.132954 1.88888e-24
60.2796 14.3375 0.137722 3.15046e-18
60.8308 15.1299 0.140144 0.023902
60.8141 14.6376 0.156552 1.06374e-09
60.5532 14.8987 0.166301 6.72355e-15
60.9911 14.5778 0.143123 7.93529e-05
61.1903 15.0343 0.141164 0.243519
61.2131 14.3365 0.151263 3.1773e-13
60.66 15.5208 0.121197 1.02937e-12
61.2777 14.6344 0.151171 1.06151e-05
60.6943 15.1435 0.15451 2.68194e-05
60.7332 14.7254 0.141981 0.000235493
60.9909 14.7226 0.151837 4.88417e-06
61.1026 14.9865 0.149042 0.0207462
60.2848 14.6413 0.155039 8.27852e-14
60.6127 14.7055 0.133907 2.85727e-07
60.4737 14.7367 0.148972 4.82026e-08
60.5537 15.2416 0.141895 1.7966e-05
61.0581 14.2497 0.131692 1.95346e-10
60.8429 14.7054 0.148384 6.10142e-05
60.9093 14.2216 0.145308 2.07351e-12
60.5491 14.9153 0.146409 2.50092e-05
61.3373 14.4848 0.151202 1.81781e-11
60.6013 14.363 0.137683 1.86239e-11
60.7989 14.4872 0.150487 5.36278e-09
61.2175 15.1793 0.156587 1.60941e-05
61.4187 14.3383 0.144119 1.88381e-11
60.6923 14.6866 0.137801 2.02163e-05
61.0617 14.8972 0.149947 0.00751792
60.9546 14.6646 0.152757 3.82951e-07
60.4166 14.9425 0.144361 3.55354e-07
60.7284 15.0773 0.151902 0.00031298
60.6264 14.6146 0.159989 6.55212e-13
61.0166 14.1923 0.158512 1.00353e-20
60.7677 14.6828 0.153864 1.03811e-07
60.5701 14.6686 0.141393 7.0262e-07
60.9767 14.8906 0.154705 0.000215152
61.6297 15.1323 0.141811 0.000120771
60.6974 15.5772 0.138443 5.72895e-07
60.6291 15.3127 0.160061 1.41082e-08
61.0899 14.7524 0.140352 0.0261849
61.3998 14.6689 0.148715 1.89801e-05
60.3644 14.8267 0.129976 2.87607e-13
61.3578 15.061 0.138121 0.0735646
60.8585 14.6875 0.139868 0.00104261
60.8599 15.7057 0.152768 8.81562e-09
60.9639 14.9017 0.137987 0.0687404
59.9266 14.7284 0.15474 1.09787e-20
60.6714 14.3293 0.131847 1.99672e-12
60.8619 14.6272 0.123279 1.97737e-09
60.4483 14.8193 0.159051 2.6999e-11
61.4323 14.6983 0.143098 0.000330093
60.5678 15.3961 0.132248 5.7531e-08
60.1787 14.6624 0.123964 4.4529e-24
60.9398 14.4573 0.146093 1.46781e-07
60.7995 14.9169 0.13392 0.00179416
60.8489 15.7121 0.139742 1.70529e-07
61.0624 15.2257 0.140078 0.114006
60.9367 15.2068 0.127854 0.000316931
61.6407 15.2238 0.14014 7.29975e-05
60.9615 14.4622 0.153483 9.47112e-11
60.9963 14.8609 0.137988 0.0629504
61.6595 14.5771 0.148175 3.56204e-09
61.5271 15.3198 0.145603 6.15674e-05
61.2704 15.254 0.156453 4.72917e-06
61.403 14.7701 0.133237 0.00283343
60.5973 15.176 0.161802 4.75993e-09
61.0485 15.494 0.130275 4.41612e-05
60.3573 15.003 0.143583 3.61893e-08
60.2949 14.2054 0.147968 2.31696e-20
60.4296 14.7636 0.145233 4.55545e-08
60.5535 14.9152 0.148274 1.60046e-05
60.6946 15.4489 0.144568 2.49984e-05
