162.536 22.7116 0.0799272 0.000247971
162.975 22.8352 0.0854182 0.178132
162.544 22.3272 0.0815816 3.47216e-07
162.494 22.5895 0.0736663 3.67502e-08
162.54 22.5861 0.0664371 2.61902e-12
162.97 22.4403 0.0831259 0.0100685
162.765 22.7317 0.0748827 0.00487397
162.2 22.689 0.0920395 3.07402e-10
163.089 22.9701 0.0961654 5.41823e-08
162.281 23.067 0.0749911 1.47604e-13
162.831 22.6978 0.087507 0.168651
162.296 23.2209 0.0679342 6.46785e-20
162.743 22.8768 0.077751 0.0144113
163.052 23.4495 0.0855185 1.19343e-11
162.964 23.2274 0.0856674 4.62927e-06
162.659 22.5001 0.0975456 3.07669e-06
162.515 22.7061 0.0852837 0.000721856
162.784 23.0541 0.0848729 0.00262992
162.456 23.191 0.0846264 7.06232e-09
162.301 22.9099 0.0866334 2.20114e-08
163.08 22.9532 0.0631271 3.19696e-08
162.676 22.9555 0.0822069 0.00536137
163 22.9373 0.0931147 5.95885e-05
162.655 22.6298 0.0760226 0.000381742
162.509 23.5047 0.0844354 1.85254e-15
162.27 23.2129 0.0641818 7.0049e-24
163.002 22.7269 0.0981022 7.02743e-07
162.714 22.7835 0.0907083 0.0109429
162.978 23.0969 0.103356 1.63013e-14
162.557 23.0959 0.0885952 3.27854e-06
162.695 23.2808 0.0831666 1.53065e-07
163.412 23.2743 0.0887858 1.02754e-13
163.096 22.7439 0.0705482 0.00139688
162.292 22.569 0.104357 1.74832e-13
163.114 22.1782 0.0798218 6.66135e-08
162.67 23.2275 0.103234 1.57574e-15
162.419 22.9396 0.0730366 5.45641e-10
162.603 22.9493 0.094131 1.31743e-05
162.785 22.6005 0.0733042 0.000470865
162.621 22.815 0.0824039 0.00887335
163.016 22.7108 0.0723 0.0070837
162.81 22.8082 0.0746785 0.00969102
162.442 22.3421 0.0856194 6.79342e-08
162.355 22.8587 0.0912089 2.8886e-07
162.466 23.2325 0.0814906 1.05972e-09
162.673 22.931 0.0824313 0.00808639
163.024 22.54 0.0961198 3.71519e-06
162.654 23.2173 0.0898274 1.21688e-07
163.104 22.6444 0.0993472 5.74539e-09
162.965 22.7358 0.0801606 0.509386
163.347 22.3995 0.0754611 8.25125e-07
163.25 23.2533 0.0912987 1.17261e-11
162.355 22.941 0.0912648 6.74942e-08
163.375 22.9988 0.0748448 1.12924e-05
162.634 22.8556 0.0852632 0.0108769
162.134 22.8572 0.0661884 1.64058e-23
162.432 23.2138 0.083267 8.86074e-10
162.308 22.3534 0.0766339 1.56452e-13
162.765 22.9067 0.0888298 0.0130753
163.001 23.4765 0.0955006 4.46867e-17
162.224 22.8239 0.080469 4.71075e-11
162.764 22.5964 0.0911257 0.00926499
162.127 22.7361 0.0836825 9.10745e-13
162.803 23.3028 0.0946901 4.95051e-11
162.585 22.2189 0.0720795 9.41291e-13
162.957 23.0415 0.0732833 0.0007265
162.463 22.3374 0.0977287 1.60772e-09
162.687 22.8684 0.0952965 5.70865e-05
162.901 22.5697 0.0653814 4.22988e-08
162.057 22.5531 0.101911 5.2487e-17
162.382 22.8851 0.0803809 2.00813e-07
162.718 22.9258 0.0959113 1.22095e-05
162.757 22.5517 0.0909674 0.00574058
162.843 23.1356 0.0815298 0.000494684
162.282 22.9975 0.0927705 3.30109e-10
163.052 23.1044 0.0894075 1.23908e-05
163.2 23.1307 0.0770173 5.09455e-05
162.332 23.3873 0.0730345 8.14067e-19
162.716 22.7966 0.0777385 0.0138296
162.472 23.4247 0.0747798 1.1908e-15
163.026 22.2931 0.0890976 7.45901e-06
162.366 22.747 0.0733218 1.33924e-10
162.559 22.9703 0.0805426 9.55582e-05
162.653 23.2223 0.0887662 1.82122e-07
162.447 22.7731 0.0950407 1.84811e-06
162.036 23.0323 0.0810301 3.50168e-18
162.445 23.3557 0.0928667 5.72413e-14
161.602 22.1367 0.0647488 5.36923e-59
162.582 23.8486 0.0762698 2.04805e-27
162.129 22.6718 0.0774409 2.76665e-15
162.841 23.1694 0.0700997 2.36044e-07
162.496 22.8253 0.0902097 0.000108768
162.018 22.7558 0.0792795 5.32248e-18
162.893 22.4298 0.102214 3.75709e-10
162.705 23.1797 0.0941972 2.4526e-08
163.036 22.7161 0.0908247 0.00406851
162.526 23.0699 0.0883006 3.58319e-06
162.242 23.2352 0.0990492 2.77405e-17
162.543 22.5071 0.0917558 6.0005e-05
162.979 23.1719 0.0950166 3.80652e-09
