51.5085 13.7269 0.151718 0.000130034 51.353 13.428 0.14936
51.1782 12.8527 0.145974 2.27237e-07 51.353 13.428 0.14936
51.7538 13.1503 0.16805 3.45784e-15 51.353 13.428 0.14936
51.5985 13.2482 0.15522 0.000210747 51.353 13.428 0.14936
51.048 13.5652 0.162234 0.329934 51.353 13.428 0.14936
51.8357 13.3938 0.133865 7.78074e-13 51.353 13.428 0.14936
51.2624 12.6948 0.135514 1.20194e-13 51.353 13.428 0.14936
51.351 12.9965 0.152041 0.000173993 51.353 13.428 0.14936
51.8332 13.3534 0.1466 2.02544e-07 51.353 13.428 0.14936
52.4575 13.6463 0.169626 3.10956e-39 51.353 13.428 0.14936
51.4902 12.9761 0.140881 5.61932e-07 51.353 13.428 0.14936
50.9981 12.8485 0.157529 5.25869e-08 51.353 13.428 0.14936
51.3371 13.7635 0.144194 9.08758e-08 51.353 13.428 0.14936
51.4928 12.9278 0.153214 1.579e-06 51.353 13.428 0.14936
51.6168 13.5328 0.144471 5.59581e-06 51.353 13.428 0.14936
51.3648 13.4415 0.136554 1.87123e-09 51.353 13.428 0.14936
50.9888 13.5868 0.160596 0.211975 51.353 13.428 0.14936
51.4758 13.5523 0.169443 8.45598e-07 51.353 13.428 0.14936
51.16 13.1815 0.134864 2.92273e-11 51.353 13.428 0.14936
51.5102 13.6229 0.138231 4.91334e-10 51.353 13.428 0.14936
51.642 13.3222 0.1427 7.16016e-06 51.353 13.428 0.14936
51.4315 13.1443 0.143777 0.000127261 51.353 13.428 0.14936
51.4229 13.0785 0.143782 5.39984e-05 51.353 13.428 0.14936
51.3458 13.4438 0.13871 7.65839e-08 51.353 13.428 0.14936
50.7283 13.3483 0.154255 2.51296e-05 51.353 13.428 0.14936
51.4071 13.7437 0.148877 4.34049e-05 51.353 13.428 0.14936
51.8197 12.9789 0.147047 3.10774e-09 51.353 13.428 0.14936
51.8487 13.1817 0.137469 3.58908e-10 51.353 13.428 0.14936
51.4034 13.4076 0.153305 0.0728417 51.353 13.428 0.14936
51.4756 13.1277 0.151844 0.0011016 51.353 13.428 0.14936
51.6594 12.9165 0.148845 7.32703e-08 51.353 13.428 0.14936
51.4992 13.3849 0.140062 1.57808e-06 51.353 13.428 0.14936
51.6213 13.4241 0.135906 5.93766e-10 51.353 13.428 0.14936
51.9253 13.3657 0.141729 4.50606e-10 51.353 13.428 0.14936
51.6176 13.4625 0.150821 0.000490738 51.353 13.428 0.14936
51.7211 13.4652 0.143141 4.42877e-07 51.353 13.428 0.14936
50.7788 13.405 0.145421 4.59206e-09 51.353 13.428 0.14936
51.6502 13.1894 0.136801 1.38424e-08 51.353 13.428 0.14936
51.1895 12.935 0.159622 2.13096e-06 51.353 13.428 0.14936
51.3202 13.297 0.140478 4.93951e-06 51.353 13.428 0.14936
52.0521 13.5853 0.14376 1.28234e-13 51.353 13.428 0.14936
51.6112 13.1105 0.145139 1.90691e-05 51.353 13.428 0.14936
50.8442 12.5494 0.134587 3.59782e-23 51.353 13.428 0.14936
51.377 13.1488 0.135613 4.90901e-09 51.353 13.428 0.14936
51.1778 13.3424 0.149503 0.0230806 51.353 13.428 0.14936
50.5209 13.4981 0.133123 1.15254e-29 51.353 13.428 0.14936
51.5853 13.4813 0.137479 3.54056e-09 51.353 13.428 0.14936
51.5784 13.4448 0.151618 0.00175476 51.353 13.428 0.14936
51.3681 13.3808 0.155 0.122945 51.353 13.428 0.14936
51.7805 13.2225 0.139393 1.68818e-08 51.353 13.428 0.14936
51.2365 13.002 0.136802 1.49847e-09 51.353 13.428 0.14936
50.966 12.744 0.158978 6.32516e-11 51.353 13.428 0.14936
51.6551 13.7968 0.152466 5.54152e-07 51.353 13.428 0.14936
51.4407 12.8821 0.141641 1.20197e-07 51.353 13.428 0.14936
51.1221 13.293 0.130172 6.45044e-17 51.353 13.428 0.14936
51.1797 13.6031 0.141929 8.20277e-08 51.353 13.428 0.14936
51.604 13.2417 0.136215 9.65269e-09 51.353 13.428 0.14936
51.4389 12.9598 0.157785 1.01016e-06 51.353 13.428 0.14936
51.3918 13.5658 0.139839 4.66855e-08 51.353 13.428 0.14936
51.76 12.9092 0.151258 7.53594e-10 51.353 13.428 0.14936
51.6401 13.1169 0.143015 3.85821e-06 51.353 13.428 0.14936
50.7908 13.7476 0.136953 8.63229e-21 51.353 13.428 0.14936
51.462 13.4417 0.141165 3.99372e-06 51.353 13.428 0.14936
51.5624 13.013 0.165373 2.0877e-11 51.353 13.428 0.14936
51.5865 12.8771 0.159656 5.99605e-11 51.353 13.428 0.14936
51.2613 13.4741 0.137265 1.10859e-09 51.353 13.428 0.14936
51.8023 13.2628 0.133201 3.73584e-12 51.353 13.428 0.14936
51.5856 12.7426 0.143991 5.23667e-10 51.353 13.428 0.14936
51.405 13.1366 0.153847 0.00316817 51.353 13.428 0.14936
50.971 13.3317 0.138757 9.69776e-11 51.353 13.428 0.14936
51.8001 13.1774 0.136464 4.7039e-10 51.353 13.428 0.14936
51.2205 13.0497 0.156943 0.000648042 51.353 13.428 0.14936
51.2609 13.2189 0.131089 7.66837e-14 51.353 13.428 0.14936
51.094 13.2997 0.169246 0.000119425 51.353 13.428 0.14936
51.4172 13.526 0.147125 0.00110132 51.353 13.428 0.14936
51.9989 13.3517 0.15836 2.91818e-13 51.353 13.428 0.14936
51.326 12.6689 0.12546 3.17222e-21 51.353 13.428 0.14936
51.3588 13.2783 0.151023 0.0390026 51.353 13.428 0.14936
51.4338 13.4063 0.137305 1.95945e-08 51.353 13.428 0.14936
51.3148 13.0177 0.155108 0.000244733 51.353 13.428 0.14936
51.4485 13.4839 0.13782 1.12863e-08 51.353 13.428 0.14936
51.1583 13.3519 0.146683 0.00157659 51.353 13.428 0.14936
50.9484 13.7453 0.144802 7.39226e-10 51.353 13.428 0.14936
51.3426 13.3885 0.128022 1.15491e-17 51.353 13.428 0.14936
51.709 13.0606 0.145318 7.89118e-07 51.353 13.428 0.14936
51.3051 13.8385 0.140838 1.02312e-11 51.353 13.428 0.14936
51.6389 13.0824 0.134479 4.79669e-10 51.353 13.428 0.14936
51.4296 13.1833 0.141329 1.77385e-05 51.353 13.428 0.14936
51.5475 13.1624 0.160399 4.72571e-06 51.353 13.428 0.14936
51.1442 13.2848 0.158263 0.133505 51.353 13.428 0.14936
51.1639 13.1931 0.139416 1.20012e-07 51.353 13.428 0.14936
50.9353 13.1707 0.149862 9.83483e-05 51.353 13.428 0.14936
51.5659 13.8532 0.147676 3.00927e-08 51.353 13.428 0.14936
50.6928 12.9286 0.140266 1.76514e-16 51.353 13.428 0.14936
50.9416 13.4033 0.138984 2.27966e-11 51.353 13.428 0.14936
51.1286 13.2286 0.125668 5.86452e-22 51.353 13.428 0.14936
51.6684 12.9345 0.15297 1.97601e-08 51.353 13.428 0.14936
51.2592 13.9607 0.156473 2.26401e-05 51.353 13.428 0.14936
51.1752 12.9954 0.156253 0.000136953 51.353 13.428 0.14936
51.2492 13.3295 0.150378 0.0554102 51.353 13.428 0.14936
