247.457 -17.5017 3.01528 4.20691e-10
248.112 -18.163 3.01642 0.000141976
247.353 -18.5606 3.01555 9.69895e-08
247.719 -17.8935 2.99341 0.00055417
247.394 -18.8628 3.01176 3.68458e-10
247.569 -17.6364 2.99196 0.000225106
247.392 -17.9074 3.01339 3.22772e-05
248.297 -18.5457 2.98933 4.56602e-21
246.911 -18.4436 2.99346 4.12118e-06
248.028 -17.7769 2.98816 1.42932e-11
247.767 -17.9797 2.99204 6.21383e-05
247.047 -18.4964 2.98567 3.23488e-07
247.365 -18.3324 2.98754 4.25984e-05
247.671 -18.386 3.00108 0.00307501
247.734 -17.9006 3.01691 7.89851e-05
247.377 -18.2334 3.0037 0.0398444
247.632 -17.3594 3.00433 8.09075e-08
247.795 -18.3279 2.99589 3.96469e-05
247.327 -18.1967 2.98556 0.000137746
247.685 -18.5954 2.99449 1.26901e-07
248.289 -18.2761 3.01047 7.19379e-07
247.549 -18.4419 3.01115 0.000719908
247.723 -18.0738 2.99456 0.00124859
246.866 -18.2893 2.98966 4.33389e-05
247.454 -18.0207 3.00956 0.00790593
247.258 -18.27 2.99971 0.0185172
247.085 -17.8383 2.99284 0.0163638
247.869 -17.8964 3.00895 0.00358859
247.195 -17.5888 3.00659 7.79371e-07
248.111 -18.262 3.00075 5.71789e-07
247.559 -18.4356 2.98557 9.82173e-09
247.406 -18.1951 3.00213 0.0927351
247.23 -18.3142 3.00025 0.00674164
247.923 -17.9535 2.9994 0.000247992
247.864 -18.34 3.00297 0.000797203
247.629 -18.0619 3.0016 0.117459
247.112 -18.5681 3.0083 6.91822e-08
247.098 -17.7816 3.00879 4.56227e-07
247.621 -17.6173 3.00891 4.84626e-05
248.18 -17.4073 3.00991 2.07893e-11
247.796 -18.4283 3.00667 0.00153546
247.484 -18.1646 2.99951 0.128348
248.24 -18.2491 2.99801 1.74864e-10
247.431 -18.5844 2.99025 1.83928e-07
246.914 -18.2139 2.99634 0.000181761
247.584 -18.1448 3.00797 0.0579154
247.627 -17.3679 2.99973 3.43523e-07
247.283 -17.5992 3.00367 6.07129e-05
248.338 -18.163 2.99894 1.15857e-11
247.898 -17.6271 3.0062 1.96596e-05
247.122 -17.7768 3.00328 0.000185414
247.034 -18.1386 3.0018 0.000512386
248.084 -18.148 2.9917 1.43759e-10
247.752 -18.4523 3.0045 0.000993739
247.475 -18.3736 3.00407 0.0114036
247.856 -18.2232 2.99035 8.67205e-08
247.935 -18.27 3.00725 0.0021486
247.382 -18.0559 3.00942 0.0037742
248.322 -17.9162 3.01456 2.56265e-07
247.02 -18.1075 2.99712 0.00376819
247.407 -18.1045 3.00703 0.0263132
247.629 -18.008 3.0021 0.116211
247.837 -18.5576 2.99548 3.23883e-08
247.122 -18.0862 2.98895 0.0108062
247.337 -18.3941 2.97935 6.31746e-10
247.161 -17.9445 3.01884 2.0185e-11
247.483 -18.1811 3.00325 0.117593
247.725 -17.9914 3.02002 1.13373e-05
247.177 -17.8803 2.99557 0.0452776
247.547 -18.3768 3.00085 0.00871443
248.35 -18.5354 3.00111 1.72781e-13
247.677 -18.5611 2.99603 1.79326e-06
247.699 -18.2984 2.9864 1.93637e-08
247.866 -18.3953 3.00368 0.000420161
247.046 -17.7399 2.98462 0.00113155
247.014 -17.1653 2.99401 6.79506e-11
247.39 -17.7741 2.99586 0.035515
247.731 -17.7285 2.99945 0.00146637
247.889 -17.1091 2.99013 3.73728e-16
247.774 -17.8955 3.01896 1.32411e-05
247.551 -17.4481 3.01197 1.02252e-08
247.795 -18.4018 3.01265 0.00154935
247.3 -18.6494 2.97776 7.53449e-15
247.659 -18.0127 3.01232 0.00648216
247.422 -18.1996 2.99411 0.0237999
247.273 -18.7179 2.99911 2.25048e-07
247.631 -18.2397 3.01234 0.00685336
247.118 -18.255 2.99888 0.00384528
247.876 -18.3514 2.9902 3.24773e-09
247.669 -18.0476 3.0105 0.0219584
247.995 -17.4111 3.00397 2.7732e-09
248.167 -17.8588 3.00899 5.62067e-06
248.036 -18.6453 3.00438 2.71467e-08
247.819 -18.1345 3.01512 0.00273735
247.55 -17.9293 3.00757 0.0270083
247.228 -18.4881 3.01153 7.34366e-07
247.144 -18.6409 3.01518 3.22193e-11
247.238 -17.962 3.00245 0.0202684
247.545 -18.0823 2.98102 2.79955e-08
247.73 -18.1189 2.99397 0.000510411
