233.225 27.4221 0.0712625 4.61108e-05 232.96 27.473 0.080377
233.117 26.4657 0.0967434 4.53246e-31 232.96 27.473 0.080377
233.184 27.1148 0.079475 9.63822e-08 232.96 27.473 0.080377
232.965 27.4219 0.0839917 0.0209969 232.96 27.473 0.080377
233.808 27.1663 0.0769243 5.11334e-23 232.96 27.473 0.080377
233.371 27.5496 0.100722 1.05378e-24 232.96 27.473 0.080377
232.594 27.6875 0.0730573 0.000300074 232.96 27.473 0.080377
233.367 27.8484 0.0750837 1.68431e-06 232.96 27.473 0.080377
232.861 27.3999 0.0837433 0.0400519 232.96 27.473 0.080377
232.779 27.5667 0.0809157 0.251909 232.96 27.473 0.080377
233.258 27.5746 0.0724744 0.000511597 232.96 27.473 0.080377
232.863 27.3136 0.0822475 0.0136653 232.96 27.473 0.080377
232.834 26.929 0.080474 4.67608e-10 232.96 27.473 0.080377
232.944 27.8346 0.0642232 5.39646e-06 232.96 27.473 0.080377
232.833 26.9743 0.0887519 3.50453e-09 232.96 27.473 0.080377
232.953 27.2006 0.0840566 0.000189813 232.96 27.473 0.080377
233.485 26.949 0.0901864 6.63948e-21 232.96 27.473 0.080377
233.458 27.4322 0.0851859 5.7358e-11 232.96 27.473 0.080377
233.34 27.2034 0.0820926 4.544e-09 232.96 27.473 0.080377
233.484 27.6256 0.0939508 6.92014e-20 232.96 27.473 0.080377
233.543 26.9584 0.0858498 2.6778e-20 232.96 27.473 0.080377
233.048 27.1854 0.0891359 4.0589e-07 232.96 27.473 0.080377
233.247 27.4141 0.0748525 0.00015244 232.96 27.473 0.080377
232.431 27.239 0.0891666 6.84675e-08 232.96 27.473 0.080377
233.279 26.8406 0.067396 2.57239e-22 232.96 27.473 0.080377
232.968 26.9426 0.0918078 9.05911e-12 232.96 27.473 0.080377
233.366 27.1851 0.082483 5.47364e-10 232.96 27.473 0.080377
233.244 27.1896 0.0844329 5.22894e-08 232.96 27.473 0.080377
232.657 27.367 0.0794316 0.00414639 232.96 27.473 0.080377
233.464 27.2566 0.0721949 3.45861e-11 232.96 27.473 0.080377
232.931 27.1288 0.0785754 1.13857e-05 232.96 27.473 0.080377
233.618 27.2475 0.0720555 2.47233e-15 232.96 27.473 0.080377
233.575 27.386 0.0855077 6.94333e-15 232.96 27.473 0.080377
232.817 26.6632 0.0812058 8.86836e-19 232.96 27.473 0.080377
232.802 26.8701 0.072354 6.41552e-16 232.96 27.473 0.080377
233.15 27.2916 0.0966886 1.47552e-13 232.96 27.473 0.080377
232.941 27.7059 0.075951 0.29565 232.96 27.473 0.080377
233.591 27.3383 0.0757262 8.86637e-13 232.96 27.473 0.080377
233.144 27.0013 0.0827734 9.30309e-10 232.96 27.473 0.080377
232.91 26.5909 0.0721261 5.53746e-27 232.96 27.473 0.080377
233.422 27.5198 0.0826551 1.44839e-08 232.96 27.473 0.080377
233.628 27.5361 0.0750047 3.4304e-12 232.96 27.473 0.080377
233.301 27.0774 0.0899865 2.0815e-13 232.96 27.473 0.080377
232.582 27.1022 0.0727087 2.7191e-11 232.96 27.473 0.080377
233.315 27.5523 0.0806871 1.9536e-05 232.96 27.473 0.080377
233.08 27.1397 0.086923 3.5507e-07 232.96 27.473 0.080377
233.318 27.8787 0.0794378 4.67542e-07 232.96 27.473 0.080377
233.366 27.1795 0.080816 8.9478e-10 232.96 27.473 0.080377
233.342 27.5791 0.0865772 6.70099e-09 232.96 27.473 0.080377
232.899 27.5529 0.0897273 0.000106242 232.96 27.473 0.080377
233.415 27.0176 0.084455 7.58118e-15 232.96 27.473 0.080377
233.086 26.9054 0.074917 2.54258e-13 232.96 27.473 0.080377
233.481 26.4829 0.0868625 7.19172e-35 232.96 27.473 0.080377
233.132 27.4804 0.0896245 8.40455e-07 232.96 27.473 0.080377
233.122 27.1009 0.0891004 2.96745e-09 232.96 27.473 0.080377
232.946 27.5421 0.0672056 0.000116834 232.96 27.473 0.080377
233.376 27.0576 0.0714088 3.96653e-14 232.96 27.473 0.080377
233.357 27.6044 0.0807765 2.44253e-06 232.96 27.473 0.080377
232.851 27.1816 0.0627191 3.65221e-15 232.96 27.473 0.080377
232.993 28.1761 0.0764688 5.33728e-08 232.96 27.473 0.080377
232.941 27.4086 0.0761464 0.0469151 232.96 27.473 0.080377
232.854 27.3908 0.0814253 0.075569 232.96 27.473 0.080377
233.045 27.3209 0.0958305 6.80366e-11 232.96 27.473 0.080377
233.237 27.589 0.0837381 3.27969e-05 232.96 27.473 0.080377
233.246 27.4853 0.0688431 1.24342e-05 232.96 27.473 0.080377
233.296 27.0303 0.0828261 1.528e-11 232.96 27.473 0.080377
232.896 27.3823 0.0878147 0.00114132 232.96 27.473 0.080377
233.077 27.6393 0.0708367 0.0135165 232.96 27.473 0.080377
233.669 27.2251 0.0758853 7.35996e-17 232.96 27.473 0.080377
233.153 27.6477 0.0591825 1.73868e-10 232.96 27.473 0.080377
232.276 27.1757 0.0757997 2.34341e-14 232.96 27.473 0.080377
233.147 27.0957 0.0812196 1.2047e-07 232.96 27.473 0.080377
232.938 27.7087 0.0901176 2.32479e-06 232.96 27.473 0.080377
233.219 27.6205 0.0748354 0.00398708 232.96 27.473 0.080377
233.419 27.0591 0.077267 2.54679e-13 232.96 27.473 0.080377
232.883 27.0317 0.0764416 1.75821e-08 232.96 27.473 0.080377
232.452 27.3624 0.0765698 6.15504e-07 232.96 27.473 0.080377
232.75 26.8716 0.0877119 1.77821e-11 232.96 27.473 0.080377
232.853 27.1723 0.0889052 7.83801e-06 232.96 27.473 0.080377
233.599 27.1354 0.0754446 1.89567e-16 232.96 27.473 0.080377
233.508 27.1344 0.0765969 7.66203e-14 232.96 27.473 0.080377
232.894 27.2491 0.0821996 0.00225662 232.96 27.473 0.080377
233.02 26.7988 0.0710666 4.70057e-19 232.96 27.473 0.080377
233.068 27.3244 0.0947846 3.08581e-10 232.96 27.473 0.080377
233.303 26.8774 0.0811028 1.56722e-15 232.96 27.473 0.080377
233.31 26.8782 0.0774305 4.26304e-16 232.96 27.473 0.080377
233.003 27.6178 0.0643481 4.84002e-06 232.96 27.473 0.080377
233.708 26.9724 0.0930614 1.33645e-30 232.96 27.473 0.080377
232.839 27.9312 0.0867934 6.75439e-07 232.96 27.473 0.080377
232.559 27.554 0.0896571 1.73081e-05 232.96 27.473 0.080377
233.777 27.2769 0.0814712 4.01751e-21 232.96 27.473 0.080377
233.6 26.9453 0.0656134 5.27247e-26 232.96 27.473 0.080377
232.891 27.3079 0.0810046 0.0131988 232.96 27.473 0.080377
232.806 27.6923 0.0765241 0.215335 232.96 27.473 0.080377
233.187 27.2984 0.0828236 2.86188e-05 232.96 27.473 0.080377
233.008 27.1984 0.0776241 8.63449e-05 232.96 27.473 0.080377
233.393 27.6149 0.0702494 1.65016e-06 232.96 27.473 0.080377
233.553 27.5874 0.102116 1.73808e-33 232.96 27.473 0.080377
233.258 28.1462 0.0776583 3.28086e-10 232.96 27.473 0.080377
233.267 27.7097 0.0914429 3.29318e-12 232.96 27.473 0.080377
