-4.27889 1.47477 0.347823 1.65548e-23
-4.46213 1.9859 0.344443 2.08683e-08
-3.98379 2.41995 0.352227 2.16512e-06
-4.2636 2.49316 0.35584 0.00868425
-4.28392 2.43887 0.343055 0.00138
-4.02026 2.4766 0.355085 2.24325e-06
-4.28603 2.52565 0.349993 0.0299619
-4.5374 2.08225 0.359 0.000469982
-4.64516 2.26241 0.359224 0.0207736
-4.09689 2.2377 0.35578 8.3405e-06
-3.90565 2.12378 0.358325 3.51609e-12
-4.33176 2.22475 0.359 0.00174038
-4.26756 2.24098 0.349004 0.00252187
-4.1086 1.98836 0.345523 3.04531e-09
-4.89192 2.25511 0.359384 9.00335e-05
-4.67375 2.22965 0.345138 4.89587e-06
-4.67954 2.14112 0.364808 0.000155615
-4.29839 2.58595 0.370089 5.56559e-10
-4.56502 1.72548 0.358451 6.6504e-12
-3.95875 1.4219 0.365256 4.26381e-33
-4.14455 2.85769 0.361522 6.21682e-11
-4.27666 2.52215 0.358906 0.00145181
-4.75096 2.04478 0.360576 1.64849e-05
-4.5517 2.17095 0.339413 8.5297e-09
-4.14889 2.24946 0.356004 6.80874e-05
-4.16238 2.36292 0.341793 6.74137e-05
-4.56717 2.05659 0.356127 0.000216756
-4.16998 2.32276 0.347331 0.00100057
-4.31862 2.2388 0.348575 0.00388735
-4.55111 3.17088 0.375616 3.56293e-25
-4.43726 2.71986 0.35479 0.00296591
-4.42901 1.9552 0.363301 1.77336e-07
-4.72645 2.61868 0.385957 3.58469e-21
-4.19664 2.10047 0.353703 1.58031e-05
-4.58223 2.32846 0.342238 1.13438e-05
-3.96334 2.21326 0.35283 4.76963e-08
-4.50504 2.07239 0.347289 9.77687e-06
-4.27593 2.408 0.346744 0.0114771
-4.4861 2.56028 0.363059 0.00156376
-4.0038 2.4656 0.370258 3.59185e-16
-5.01491 2.41027 0.361263 2.63359e-06
-4.43295 2.37363 0.343809 0.00142958
-4.09038 2.13016 0.334237 8.18926e-12
-3.89525 2.36353 0.359171 3.98345e-11
-4.44985 2.39941 0.356573 0.152489
-4.54889 2.33037 0.357398 0.110969
-4.28326 2.15118 0.359557 7.4975e-05
-4.50133 2.47969 0.35788 0.112826
-4.60796 2.37009 0.34976 0.0157756
-4.46843 2.59283 0.35143 0.0570794
-4.54369 2.06692 0.345008 4.79275e-07
-4.45751 2.37916 0.348016 0.0330626
-5.00559 1.7677 0.357327 1.20067e-15
-3.90629 2.71886 0.36519 4.09802e-17
-3.71167 2.63078 0.357678 3.83488e-17
-4.58693 2.44003 0.354356 0.147799
-4.18362 2.65023 0.361889 3.24599e-07
-4.72338 2.2861 0.351808 0.00155449
-5.11818 2.31887 0.357616 3.1874e-09
-4.80896 2.14116 0.381464 2.81177e-14
-4.31333 2.25601 0.353105 0.0122594
-4.31023 2.12089 0.343841 5.3467e-06
-4.51375 2.43491 0.348881 0.0477314
-5.26065 2.38353 0.34146 1.90254e-23
-4.66519 1.9037 0.366385 1.21571e-08
-4.44653 1.99205 0.338491 9.55972e-12
-5.03498 2.62942 0.331028 3.33726e-26
-4.31136 1.90036 0.355457 3.52616e-08
-4.37419 2.09055 0.349388 0.000112641
-4.57095 1.80971 0.357419 1.43442e-09
-4.40568 2.12839 0.343042 2.85535e-06
-4.64511 1.97859 0.362929 2.38203e-06
-4.66926 2.8254 0.340456 9.18959e-10
-4.19416 2.15307 0.357079 2.23973e-05
-4.34496 3.38129 0.353352 3.83713e-21
-4.72524 2.12 0.350053 7.15001e-06
-4.44648 2.06987 0.344399 9.89113e-07
-4.05323 1.94622 0.344593 4.32967e-11
-4.31106 2.20642 0.37408 2.64784e-12
-5.00542 2.38006 0.351614 3.65503e-08
-3.9848 2.01359 0.357424 1.79404e-11
-4.39666 2.42292 0.357887 0.0563818
-3.97384 2.69825 0.368312 1.767e-17
-4.42436 2.27987 0.352119 0.0504324
-4.67922 2.70563 0.349245 0.000143484
-4.64766 2.44933 0.354824 0.0725966
-4.74895 2.26611 0.366463 0.000257327
-3.97106 2.4486 0.362492 6.00834e-11
-4.51033 1.63549 0.346834 1.56496e-17
-3.78836 2.28501 0.351322 1.45655e-11
-4.89014 1.71285 0.365765 1.38727e-14
-4.07353 2.56135 0.382239 7.76962e-29
-4.14124 2.41111 0.347349 0.00116664
-4.96511 1.89741 0.368667 2.08678e-11
-4.84761 2.51756 0.367525 1.61898e-05
-4.16513 1.9792 0.362584 3.1148e-10
-4.37092 2.49073 0.347121 0.0304535
-4.26229 2.15686 0.357105 0.000183742
-4.21428 2.34932 0.351437 0.00661376
-4.37083 1.81854 0.350338 2.35847e-10
