215.372 26.0066 0.0644084 1.77129e-06
215.68 25.5616 0.0664441 1.02607e-09
215.614 25.8655 0.0696974 0.00128949
215.83 26.0372 0.0774513 0.00954446
216.13 25.9524 0.0604488 5.4758e-12
215.7 25.6715 0.0686189 9.22156e-07
215.422 25.9568 0.0748991 0.0319385
215.461 25.6 0.0700567 6.68491e-08
215.467 25.8417 0.0522497 5.22233e-18
215.64 26.3007 0.0818687 0.01778
215.288 26.0843 0.0636735 8.22916e-08
215.687 25.8869 0.0749179 0.0139981
215.365 26.6984 0.0796844 4.36765e-08
216.232 26.3162 0.0612035 7.37077e-14
215.317 26.2158 0.0541863 1.46548e-16
215.877 26.0658 0.0811733 0.0005971
215.564 25.809 0.0612177 6.95792e-09
215.502 25.932 0.0872554 0.000195323
215.483 25.7516 0.0798977 0.000350925
215.498 26.0084 0.0638545 8.50981e-06
215.408 25.6034 0.056987 6.06718e-17
215.018 25.8305 0.0666193 1.82937e-12
215.7 26.0792 0.0672481 0.00186949
215.474 26.0056 0.078687 0.133522
215.667 25.9387 0.0580897 5.37714e-10
215.341 26.2401 0.0740297 0.011202
215.436 26.2754 0.0604098 3.99401e-09
215.692 25.6488 0.0676628 1.68708e-07
215.622 25.4566 0.0612261 3.17563e-15
215.402 25.4069 0.0810831 5.00783e-12
215.608 25.9532 0.0615848 3.43772e-07
215.467 25.4331 0.0572319 5.47974e-20
215.8 26.2316 0.06584 8.96078e-05
215.474 26.5696 0.0720414 8.49244e-06
215.259 26.5318 0.0656854 3.60952e-10
215.531 26.2358 0.0747736 0.168181
215.229 26.2077 0.0487506 2.92274e-25
215.25 25.6134 0.060711 1.69942e-15
215.724 26.2548 0.0546958 3.95739e-13
215.525 26.3029 0.0817166 0.0333313
215.545 26.0936 0.0654994 0.000229366
215.423 26.2977 0.0728343 0.012648
215.315 25.6082 0.0776574 1.71034e-07
215.746 25.9178 0.0651232 2.31788e-05
215.854 25.7029 0.0782961 1.78519e-06
215.649 25.7904 0.0651948 2.10653e-06
215.591 26.0283 0.0605232 1.09437e-07
215.773 26.0152 0.0711213 0.0101183
215.427 26.4074 0.0527854 2.7375e-18
216.561 25.9825 0.0876006 1.46136e-26
214.91 25.3938 0.0612977 7.15115e-28
215.884 25.6788 0.0549445 1.68023e-16
215.95 26.2549 0.0708592 0.00011294
215.682 26.2044 0.0880065 8.09557e-05
216.104 25.5489 0.0732505 4.65179e-13
215.027 26.0774 0.0805796 1.83909e-06
215.957 25.4309 0.0659873 5.12637e-15
215.568 26.0022 0.0757302 0.183654
215.454 26.2621 0.0754587 0.0873891
215.619 25.7596 0.064263 2.43524e-07
215.219 26.0375 0.0586356 2.9205e-13
215.15 25.7134 0.072389 1.25421e-08
215.401 26.0082 0.0693464 0.00139577
215.479 26.1019 0.0701083 0.0153922
215.616 25.926 0.0678677 0.000899748
215.096 25.7497 0.0722692 4.3055e-09
216.289 26.4199 0.0485721 1.94345e-27
215.342 26.4241 0.0622826 5.52603e-10
216.277 26.2832 0.0729214 3.67891e-11
215.603 26.4367 0.0771352 0.00549905
215.661 26.1942 0.0755657 0.20382
215.465 25.646 0.0550948 1.66917e-17
215.024 25.3652 0.0778983 7.71822e-18
215.474 26.7572 0.0725079 1.41823e-09
216.051 25.8632 0.0751286 5.62239e-07
215.61 26.097 0.0917455 9.96808e-07
215.688 25.7561 0.0750245 0.000401293
215.805 26.2598 0.0768949 0.0128858
215.879 26.4911 0.0678999 5.63029e-07
215.549 25.8775 0.0754824 0.0217831
215.738 25.8138 0.0852809 7.57398e-06
214.796 26.0559 0.0638338 2.80979e-19
215.62 25.8281 0.0695895 0.000475929
214.853 26.4721 0.0822188 1.2411e-12
215.723 26.1407 0.0831033 0.00786116
215.659 25.7054 0.0730926 5.67511e-05
214.981 25.9964 0.0700102 3.93983e-10
215.058 26.2656 0.0671721 4.94817e-10
215.202 25.6584 0.0549049 2.45901e-21
215.76 26.4118 0.0617627 2.04631e-08
215.085 26.2693 0.0637947 8.29641e-12
214.591 26.3195 0.0684486 6.15763e-24
215.285 26.2144 0.0825862 0.00470731
215.363 26.1554 0.0633927 4.49455e-07
215.676 26.4255 0.0622742 4.8326e-08
215.428 25.7337 0.0650533 3.88559e-08
215.584 26.0735 0.0661729 0.000638925
215.362 25.9119 0.075147 0.00599914
215.501 25.5577 0.0711041 2.82306e-08
215.589 25.6122 0.0715623 7.60251e-07
