200.283 -9.39049 3.08821 2.01824e-06 200.16 -9.4389 3.1044
200.084 -9.59477 3.09822 0.0218662 200.16 -9.4389 3.1044
200.171 -9.48725 3.11022 0.00771969 200.16 -9.4389 3.1044
200.517 -9.24479 3.09569 1.75113e-05 200.16 -9.4389 3.1044
200.674 -9.72345 3.0917 4.51815e-09 200.16 -9.4389 3.1044
200.584 -9.33255 3.10575 0.0517331 200.16 -9.4389 3.1044
200.696 -9.71809 3.09739 1.8793e-06 200.16 -9.4389 3.1044
199.796 -9.67816 3.11233 1.31127e-10 200.16 -9.4389 3.1044
199.81 -8.95626 3.11797 1.31376e-13 200.16 -9.4389 3.1044
200.409 -9.31266 3.09456 0.000147587 200.16 -9.4389 3.1044
200.583 -9.40268 3.12173 0.000914548 200.16 -9.4389 3.1044
200.424 -9.12806 3.10257 0.00372303 200.16 -9.4389 3.1044
200.078 -9.68861 3.09494 0.00464152 200.16 -9.4389 3.1044
200.148 -9.22365 3.11017 0.00421562 200.16 -9.4389 3.1044
199.812 -9.65679 3.09727 0.000137594 200.16 -9.4389 3.1044
200.38 -9.90635 3.10549 9.34117e-05 200.16 -9.4389 3.1044
200.16 -8.76141 3.10229 1.12796e-08 200.16 -9.4389 3.1044
199.665 -9.69353 3.10377 9.00713e-09 200.16 -9.4389 3.1044
199.993 -9.13203 3.09956 0.000181354 200.16 -9.4389 3.1044
199.711 -9.78051 3.09693 1.52476e-06 200.16 -9.4389 3.1044
200.461 -9.05772 3.08305 1.1934e-16 200.16 -9.4389 3.1044
200.195 -9.10927 3.09382 9.71293e-06 200.16 -9.4389 3.1044
200.217 -9.47522 3.09842 0.0555091 200.16 -9.4389 3.1044
200.174 -9.39082 3.10224 0.089849 200.16 -9.4389 3.1044
200.329 -9.41434 3.12931 6.11718e-11 200.16 -9.4389 3.1044
200.359 -9.63995 3.10558 0.0519444 200.16 -9.4389 3.1044
199.925 -9.14714 3.10294 6.6602e-05 200.16 -9.4389 3.1044
199.835 -9.05218 3.11576 5.40586e-11 200.16 -9.4389 3.1044
200.288 -9.36422 3.09597 0.00524969 200.16 -9.4389 3.1044
200.526 -9.20437 3.10623 0.0370087 200.16 -9.4389 3.1044
200.682 -9.05863 3.10018 7.0035e-07 200.16 -9.4389 3.1044
199.779 -9.29954 3.10713 4.79876e-07 200.16 -9.4389 3.1044
199.447 -8.61533 3.10012 7.48157e-22 200.16 -9.4389 3.1044
200.162 -9.66336 3.10678 0.00490734 200.16 -9.4389 3.1044
200.488 -9.12464 3.12063 0.00120096 200.16 -9.4389 3.1044
200.181 -9.21777 3.08657 3.15875e-08 200.16 -9.4389 3.1044
199.809 -9.75293 3.08843 2.35916e-05 200.16 -9.4389 3.1044
200.148 -9.34464 3.09079 0.000119406 200.16 -9.4389 3.1044
199.753 -9.9233 3.12251 3.09813e-24 200.16 -9.4389 3.1044
200.143 -9.1008 3.10098 0.000846915 200.16 -9.4389 3.1044
200.094 -9.53072 3.11176 0.000248891 200.16 -9.4389 3.1044
200.276 -9.288 3.11245 0.0230397 200.16 -9.4389 3.1044
200.641 -9.80554 3.11403 3.70256e-05 200.16 -9.4389 3.1044
200.684 -9.1342 3.1166 0.018139 200.16 -9.4389 3.1044
199.799 -9.24896 3.10521 2.53735e-06 200.16 -9.4389 3.1044
200.495 -9.30429 3.10395 0.0568816 200.16 -9.4389 3.1044
200.029 -9.74259 3.08084 3.46216e-08 200.16 -9.4389 3.1044
199.811 -9.47775 3.11743 2.82275e-12 200.16 -9.4389 3.1044
200.219 -9.24175 3.12726 2.50384e-10 200.16 -9.4389 3.1044
200.023 -9.39267 3.11506 2.92254e-06 200.16 -9.4389 3.1044
200.384 -9.65799 3.10386 0.0401693 200.16 -9.4389 3.1044
200.585 -9.78986 3.1063 0.000594228 200.16 -9.4389 3.1044
200.534 -9.59779 3.0928 5.59361e-06 200.16 -9.4389 3.1044
200.478 -9.28354 3.11242 0.150859 200.16 -9.4389 3.1044
199.967 -9.2057 3.08153 1.14985e-10 200.16 -9.4389 3.1044
199.795 -8.79329 3.11136 5.52981e-13 200.16 -9.4389 3.1044
199.816 -9.59111 3.08565 9.24746e-06 200.16 -9.4389 3.1044
200.22 -9.63145 3.09762 0.0234972 200.16 -9.4389 3.1044
200.31 -9.48551 3.08034 7.88403e-12 200.16 -9.4389 3.1044
200.179 -9.363 3.09896 0.0371715 200.16 -9.4389 3.1044
200.624 -9.01537 3.0947 4.66835e-10 200.16 -9.4389 3.1044
199.78 -9.56403 3.11099 3.23587e-09 200.16 -9.4389 3.1044
200.421 -9.1496 3.11359 0.0292167 200.16 -9.4389 3.1044
200.58 -9.69777 3.09731 7.30569e-05 200.16 -9.4389 3.1044
200.313 -9.36322 3.10273 0.150233 200.16 -9.4389 3.1044
199.895 -9.07858 3.11345 1.75277e-08 200.16 -9.4389 3.1044
200.088 -9.26148 3.09739 0.00352124 200.16 -9.4389 3.1044
199.607 -9.28107 3.09644 8.60075e-08 200.16 -9.4389 3.1044
200.12 -9.66913 3.11485 1.6411e-06 200.16 -9.4389 3.1044
199.833 -9.38538 3.10615 1.22243e-05 200.16 -9.4389 3.1044
200.083 -9.27495 3.09564 0.00177307 200.16 -9.4389 3.1044
200.938 -8.978 3.10698 5.14758e-08 200.16 -9.4389 3.1044
200.758 -8.85877 3.10965 2.11061e-06 200.16 -9.4389 3.1044
200.088 -9.35582 3.10388 0.0248796 200.16 -9.4389 3.1044
200.142 -9.74295 3.11423 9.53991e-07 200.16 -9.4389 3.1044
199.904 -9.50667 3.08603 1.33154e-05 200.16 -9.4389 3.1044
200.194 -9.28242 3.08421 3.46758e-09 200.16 -9.4389 3.1044
200.261 -9.29192 3.12013 2.72192e-05 200.16 -9.4389 3.1044
200.826 -8.93263 3.09508 1.61385e-14 200.16 -9.4389 3.1044
200.343 -9.76096 3.11845 3.83114e-07 200.16 -9.4389 3.1044
199.777 -9.13296 3.09924 1.10609e-06 200.16 -9.4389 3.1044
200.768 -8.98907 3.09622 1.27089e-11 200.16 -9.4389 3.1044
200.239 -9.6566 3.09033 0.000163365 200.16 -9.4389 3.1044
199.491 -9.0328 3.10428 3.98677e-14 200.16 -9.4389 3.1044
200.957 -9.91261 3.0915 1.13676e-16 200.16 -9.4389 3.1044
200.572 -9.29157 3.08956 9.80654e-10 200.16 -9.4389 3.1044
200.736 -8.81165 3.08812 1.07835e-21 200.16 -9.4389 3.1044
199.574 -9.3636 3.09841 3.33361e-08 200.16 -9.4389 3.1044
199.805 -8.31254 3.11948 2.56079e-26 200.16 -9.4389 3.1044
200.443 -9.27337 3.09205 1.67784e-06 200.16 -9.4389 3.1044
199.993 -9.1108 3.08204 8.02099e-12 200.16 -9.4389 3.1044
200.479 -9.0879 3.10566 0.00543232 200.16 -9.4389 3.1044
200.127 -9.4865 3.08532 1.68772e-06 200.16 -9.4389 3.1044
200.225 -9.63871 3.10912 0.00556701 200.16 -9.4389 3.1044
200.584 -9.02218 3.09132 7.32641e-12 200.16 -9.4389 3.1044
199.98 -9.38233 3.09792 0.00535178 200.16 -9.4389 3.1044
200.309 -9.62649 3.10866 0.0228092 200.16 -9.4389 3.1044
200.379 -9.27074 3.09013 4.78098e-07 200.16 -9.4389 3.1044
200.183 -9.30175 3.10326 0.0581257 200.16 -9.4389 3.1044
199.773 -9.38394 3.12531 1.08921e-19 200.16 -9.4389 3.1044
