73.5444 15.734 0.0963592 3.86914e-07
73.8927 15.1949 0.0862178 8.43616e-06
74.2239 15.0757 0.0865932 2.81729e-05
73.9958 16.0011 0.096757 3.70907e-06
74.3815 14.9736 0.096747 0.000182623
74.3024 15.9339 0.108594 0.000290076
74.4611 15.5779 0.0843403 2.86918e-06
74.1618 14.7179 0.100172 2.39193e-06
74.7745 14.5391 0.108298 2.46129e-13
74.3495 14.7197 0.104074 1.18205e-06
74.2584 15.337 0.108508 0.10708
73.9384 15.6712 0.111034 0.0361013
74.0258 15.4653 0.1086 0.191048
74.1982 15.8414 0.0692494 3.60925e-14
74.2864 15.5481 0.0986913 0.0191519
73.5702 15.6341 0.0965237 3.11785e-06
74.3001 15.415 0.0871875 0.000180671
74.351 15.4463 0.112938 0.0337742
74.0966 15.6071 0.0928806 0.00148422
74.5746 14.6649 0.0991 6.19685e-09
73.8009 15.6675 0.0965311 0.000264552
74.66 15.4427 0.10331 0.00023782
73.9825 14.8899 0.10223 0.00019457
74.0678 14.648 0.10323 3.32629e-07
74.414 15.6392 0.0930875 0.000359549
75.1526 15.3692 0.107762 4.90889e-12
74.0236 16.1558 0.0955861 2.15112e-08
73.481 15.843 0.0930426 1.17004e-09
73.7754 15.036 0.117902 0.000240821
74.4687 15.158 0.0818382 6.85282e-07
73.7828 15.4522 0.0948054 0.000450273
73.7875 14.8322 0.1066 9.68365e-06
73.9253 15.0213 0.12495 4.20783e-05
73.6252 15.3251 0.08987 1.0187e-06
74.671 14.9422 0.0899029 1.18237e-07
74.3497 15.253 0.104678 0.0295481
74.0432 15.6497 0.103046 0.0324698
74.2729 14.537 0.110222 2.02252e-09
74.4897 15.2577 0.0947114 0.000822659
73.9008 15.7339 0.0796806 2.31085e-09
74.1461 15.3131 0.109697 0.154098
74.3272 15.793 0.0932516 8.28958e-05
74.1993 15.1792 0.106341 0.0475025
74.4919 15.2755 0.0933114 0.000535738
74.3817 15.1074 0.106245 0.00457988
73.9175 15.185 0.0923748 0.000437943
74.7249 15.1698 0.109049 8.07805e-06
74.1821 15.659 0.0960941 0.0040123
74.1007 15.234 0.0992663 0.0312302
73.9458 15.0426 0.108209 0.00503962
73.842 15.0434 0.110152 0.00192699
73.7008 15.2637 0.106601 0.00297613
73.8247 15.6053 0.0941076 0.000227517
74.6538 15.0397 0.0922775 2.10708e-06
74.4569 15.065 0.084711 1.96586e-06
73.8816 15.6436 0.0695834 8.80734e-14
74.1974 15.2177 0.0955875 0.00896619
74.482 15.1073 0.113838 0.000322883
74.0732 15.223 0.102214 0.0519927
74.6329 15.2812 0.0695843 2.54887e-12
74.2528 16.0286 0.110179 4.37636e-05
74.1294 15.6326 0.0814381 4.88673e-07
74.0108 15.7525 0.0816196 3.87636e-08
74.5612 15.1974 0.107553 0.000682673
74.3141 15.4439 0.0864611 9.77321e-05
74.1552 15.2325 0.0893253 0.000571831
73.9351 14.9157 0.104457 0.000324088
73.8906 15.0844 0.111739 0.00550294
73.7258 14.9156 0.0976684 4.20632e-06
73.5138 15.9451 0.105007 1.09468e-07
73.0123 15.8596 0.0841857 1.17188e-21
74.1143 14.7565 0.128398 4.78598e-09
73.8286 15.3961 0.110132 0.0452283
73.5509 15.7476 0.107223 2.1615e-05
74.2183 15.3858 0.0993906 0.0534172
73.4286 14.922 0.106064 2.64506e-08
74.4442 15.4047 0.106429 0.0170016
74.0491 15.5339 0.0831721 3.69145e-06
74.1629 15.5457 0.0974243 0.0196651
73.7669 15.153 0.0978998 0.000418213
73.972 15.735 0.0964781 0.000786344
74.398 15.1821 0.120562 0.000319708
73.9968 15.2305 0.0972786 0.0104838
74.2272 15.2993 0.0820879 6.38654e-06
73.6942 15.1766 0.113755 0.0013046
74.7037 15.105 0.120914 8.95887e-08
74.0123 15.5492 0.0912431 0.000650997
74.0567 15.6379 0.0909878 0.000312858
73.7156 15.3229 0.0871307 1.236e-06
74.5445 16.1509 0.100234 7.13957e-09
73.4736 15.3117 0.114151 3.40891e-05
74.1417 15.285 0.0916588 0.00247431
73.5494 15.3191 0.103878 8.88295e-05
74.651 15.6767 0.120381 3.19504e-06
73.9418 15.225 0.105231 0.0420906
74.6114 15.4059 0.117324 8.32372e-05
74.2899 15.638 0.104508 0.0289274
74.6791 15.0374 0.123579 1.18223e-08
74.671 15.1661 0.11166 1.93012e-05
73.8337 15.3296 0.0955867 0.00150076
