238.247 -16.0382 2.88421 6.64544e-31 237.59 -15.884 2.9024
238.005 -16.7491 2.91247 4.84653e-14 237.59 -15.884 2.9024
237.944 -16.1769 2.90554 0.000583357 237.59 -15.884 2.9024
237.257 -15.6815 2.90194 0.00414945 237.59 -15.884 2.9024
237.918 -15.9492 2.91537 0.00167832 237.59 -15.884 2.9024
237.62 -16.0063 2.90921 0.0639363 237.59 -15.884 2.9024
238.197 -16.1383 2.91598 1.0342e-05 237.59 -15.884 2.9024
238 -15.8466 2.92976 8.28211e-15 237.59 -15.884 2.9024
238.189 -16.1335 2.91664 1.0107e-05 237.59 -15.884 2.9024
238.303 -16.0255 2.9024 1.04961e-10 237.59 -15.884 2.9024
237.379 -16.1851 2.91415 8.07152e-07 237.59 -15.884 2.9024
237.409 -15.5874 2.90644 0.000613716 237.59 -15.884 2.9024
237.96 -16.6236 2.91871 4.59354e-12 237.59 -15.884 2.9024
237.872 -15.8385 2.9189 1.05355e-05 237.59 -15.884 2.9024
238.012 -16.366 2.90874 2.63334e-06 237.59 -15.884 2.9024
238.137 -15.5676 2.89747 3.12404e-11 237.59 -15.884 2.9024
237.851 -16.2754 2.90617 0.000394152 237.59 -15.884 2.9024
238.208 -16.1838 2.89617 6.77884e-15 237.59 -15.884 2.9024
237.816 -15.9008 2.92283 6.78841e-09 237.59 -15.884 2.9024
238.695 -16.8732 2.91464 5.53309e-22 237.59 -15.884 2.9024
237.484 -16.3684 2.90962 1.66474e-05 237.59 -15.884 2.9024
238.004 -16.408 2.90757 4.02746e-07 237.59 -15.884 2.9024
237.92 -15.7484 2.88976 4.50989e-12 237.59 -15.884 2.9024
237.993 -16.0571 2.90868 0.00444021 237.59 -15.884 2.9024
238.177 -15.9617 2.92331 4.88317e-08 237.59 -15.884 2.9024
238.087 -15.3669 2.911 5.05582e-09 237.59 -15.884 2.9024
237.919 -15.7663 2.92945 7.08348e-16 237.59 -15.884 2.9024
237.323 -15.5177 2.89292 0.000204175 237.59 -15.884 2.9024
237.971 -15.2791 2.90055 1.6735e-10 237.59 -15.884 2.9024
238.476 -16.4286 2.89576 8.40512e-28 237.59 -15.884 2.9024
238.025 -16.1828 2.92214 1.12896e-07 237.59 -15.884 2.9024
236.902 -15.4773 2.91187 9.11629e-16 237.59 -15.884 2.9024
237.648 -15.7723 2.90568 0.229402 237.59 -15.884 2.9024
237.99 -16.718 2.90293 9.34744e-16 237.59 -15.884 2.9024
238.027 -15.969 2.91399 0.00185876 237.59 -15.884 2.9024
236.748 -16.5168 2.90037 2.68914e-14 237.59 -15.884 2.9024
237.837 -15.6414 2.88775 1.17458e-12 237.59 -15.884 2.9024
237.924 -16.2057 2.90437 0.000232249 237.59 -15.884 2.9024
237.727 -16.0633 2.90775 0.0986627 237.59 -15.884 2.9024
237.782 -16.1951 2.90497 0.00552766 237.59 -15.884 2.9024
238.671 -15.7621 2.92129 3.31903e-14 237.59 -15.884 2.9024
237.838 -16.2841 2.91278 0.000173793 237.59 -15.884 2.9024
237.976 -15.8207 2.92591 4.98065e-11 237.59 -15.884 2.9024
238.494 -16.234 2.90831 1.62508e-13 237.59 -15.884 2.9024
237.765 -16.3033 2.90481 0.000318906 237.59 -15.884 2.9024
237.858 -15.9872 2.91777 0.000100045 237.59 -15.884 2.9024
237.487 -15.9245 2.90725 0.0647574 237.59 -15.884 2.9024
237.9 -16.5249 2.92115 1.58646e-11 237.59 -15.884 2.9024
239.019 -15.8067 2.91377 2.29902e-26 237.59 -15.884 2.9024
238.118 -17.0868 2.91708 1.3229e-24 237.59 -15.884 2.9024
237.649 -16.0216 2.88841 3.8161e-09 237.59 -15.884 2.9024
237.884 -16.105 2.91322 0.00385711 237.59 -15.884 2.9024
237.696 -15.6121 2.88896 5.66346e-09 237.59 -15.884 2.9024
238.319 -16.4906 2.91157 5.06289e-12 237.59 -15.884 2.9024
237.808 -15.8554 2.91976 1.47694e-06 237.59 -15.884 2.9024
237.703 -16.4452 2.9094 7.61517e-06 237.59 -15.884 2.9024
238.411 -16.1463 2.91175 2.56091e-09 237.59 -15.884 2.9024
238.201 -16.0287 2.93199 2.1519e-15 237.59 -15.884 2.9024
238.371 -16.5054 2.9058 3.6324e-16 237.59 -15.884 2.9024
238.317 -15.98 2.90978 2.99499e-07 237.59 -15.884 2.9024
237.991 -16.4379 2.94266 2.13756e-35 237.59 -15.884 2.9024
237.889 -16.3282 2.89312 1.31222e-12 237.59 -15.884 2.9024
238.081 -16.5802 2.90819 3.10198e-11 237.59 -15.884 2.9024
237.754 -15.5727 2.90519 0.00441364 237.59 -15.884 2.9024
238.23 -16.398 2.90243 3.86121e-13 237.59 -15.884 2.9024
238.066 -16.2295 2.90859 3.62289e-05 237.59 -15.884 2.9024
238.119 -16.5757 2.91023 4.35581e-11 237.59 -15.884 2.9024
238.037 -16.2695 2.91028 4.31681e-05 237.59 -15.884 2.9024
238.121 -15.9831 2.91964 7.89308e-06 237.59 -15.884 2.9024
238.384 -16.2898 2.90285 5.4522e-15 237.59 -15.884 2.9024
238.291 -16.3516 2.91774 6.0943e-09 237.59 -15.884 2.9024
238.21 -16.1668 2.9249 1.66859e-09 237.59 -15.884 2.9024
238.183 -16.1269 2.90808 5.14655e-06 237.59 -15.884 2.9024
237.602 -16.1276 2.92116 5.96658e-10 237.59 -15.884 2.9024
237.442 -15.0299 2.90943 1.37606e-16 237.59 -15.884 2.9024
238.012 -15.933 2.91438 0.00179846 237.59 -15.884 2.9024
237.98 -15.7856 2.90752 0.00554681 237.59 -15.884 2.9024
238.38 -16.1527 2.90438 3.44068e-12 237.59 -15.884 2.9024
237.39 -16.3372 2.89016 1.77757e-06 237.59 -15.884 2.9024
237.529 -16.5159 2.91076 6.78107e-08 237.59 -15.884 2.9024
237.907 -15.8573 2.90704 0.0362526 237.59 -15.884 2.9024
237.836 -16.3746 2.90117 5.59739e-07 237.59 -15.884 2.9024
237.719 -15.7392 2.91769 2.33442e-06 237.59 -15.884 2.9024
238.389 -15.8555 2.91177 3.047e-08 237.59 -15.884 2.9024
238.165 -16.5205 2.90637 6.95051e-12 237.59 -15.884 2.9024
237.4 -15.7177 2.89936 0.0966826 237.59 -15.884 2.9024
238.573 -16.0676 2.90524 1.65699e-16 237.59 -15.884 2.9024
237.689 -15.901 2.90615 0.374245 237.59 -15.884 2.9024
237.668 -16.1847 2.88517 9.76422e-15 237.59 -15.884 2.9024
238.168 -16.3226 2.89484 3.6234e-17 237.59 -15.884 2.9024
238.018 -16.29 2.89837 5.66781e-10 237.59 -15.884 2.9024
238.446 -15.8588 2.89035 6.17023e-28 237.59 -15.884 2.9024
238.596 -16.5202 2.89327 3.43793e-38 237.59 -15.884 2.9024
238.552 -15.9818 2.90763 7.04635e-14 237.59 -15.884 2.9024
237.911 -15.8171 2.89308 1.14807e-08 237.59 -15.884 2.9024
238.517 -16.3569 2.91572 9.59158e-13 237.59 -15.884 2.9024
237.819 -16.2831 2.88256 3.73077e-23 237.59 -15.884 2.9024
238.084 -15.7137 2.89623 5.91322e-10 237.59 -15.884 2.9024
238.551 -15.314 2.89913 9.48065e-26 237.59 -15.884 2.9024
238.087 -16.2444 2.90829 1.20528e-05 237.59 -15.884 2.9024
