-39.3863 -68.0943 1.8388 1.01744e-06
-39.0628 -68.5054 1.84942 6.31082e-07
-39.5921 -68.1309 1.84824 0.0258557
-39.8217 -67.7061 1.87015 2.97686e-11
-39.1838 -67.628 1.83357 6.35859e-13
-39.354 -67.8226 1.85698 0.00267886
-39.5583 -67.5822 1.87964 7.57517e-18
-39.1901 -68.026 1.86745 0.00136314
-39.1578 -67.8631 1.86073 0.000399312
-39.6847 -68.61 1.84665 4.77085e-06
-39.6788 -67.5013 1.85926 1.40834e-08
-38.937 -68.1244 1.85213 5.4311e-06
-38.9024 -68.0656 1.86125 4.30199e-05
-39.365 -68.1623 1.85612 0.206122
-39.1964 -68.026 1.84647 7.92184e-05
-39.7865 -67.7343 1.84575 0.000104461
-39.687 -67.9951 1.85167 0.0329972
-38.7899 -68.3178 1.85827 1.06982e-06
-39.1657 -68.5026 1.84218 1.04946e-09
-39.0747 -68.491 1.85999 0.00214827
-39.1783 -68.0844 1.86193 0.0194709
-39.2256 -68.3454 1.84324 6.19593e-07
-39.5751 -67.925 1.85788 0.0201394
-38.8102 -67.3064 1.86383 7.76966e-18
-38.8801 -68.081 1.83586 9.43125e-16
-39.8254 -68.4784 1.85867 0.00240618
-39.5118 -68.0814 1.86016 0.134858
-39.111 -68.3739 1.85657 0.00377995
-39.7813 -67.4227 1.83831 2.09242e-09
-39.5327 -67.9212 1.84023 3.69401e-05
-38.8219 -68.6141 1.87837 2.93921e-07
-39.0234 -67.9084 1.84071 7.03661e-10
-39.2351 -67.332 1.84373 9.48804e-12
-39.857 -68.0953 1.84264 0.000184211
-39.7594 -67.5316 1.86025 6.88373e-09
-38.8384 -67.7383 1.84537 9.01149e-12
-38.6293 -68.0728 1.84669 3.58921e-14
-39.025 -68.3217 1.85345 0.000114437
-39.3329 -68.3893 1.86585 0.111593
-38.8127 -68.4028 1.8455 3.67418e-12
-39.6615 -67.6015 1.85981 6.12707e-07
-39.6676 -68.8987 1.85112 1.06992e-08
-39.3383 -67.3794 1.85442 1.20901e-09
-39.1241 -68.3866 1.85657 0.00440375
-38.58 -67.9203 1.84922 1.5689e-14
-39.2352 -67.8522 1.86848 1.51755e-05
-39.8592 -68.0374 1.83243 6.90326e-09
-38.3772 -68.0722 1.84788 3.61431e-20
-39.2743 -68.7362 1.8676 0.00114649
-39.2 -67.8905 1.8484 0.000119475
-39.3392 -67.9288 1.85562 0.0185014
-39.3712 -67.4535 1.85508 3.32498e-08
-39.5436 -68.1946 1.84868 0.0266162
-39.599 -68.204 1.86772 0.00534041
-39.5035 -68.1813 1.86891 0.00528175
-39.4056 -68.0839 1.86806 0.00482105
-38.9073 -68.0293 1.85224 1.3487e-06
-39.1867 -67.5537 1.86146 2.55945e-08
-39.1658 -67.7566 1.85227 3.07927e-05
-38.6859 -67.8692 1.84649 1.49772e-13
-39.4316 -67.251 1.85223 9.59588e-12
-39.2641 -68.0067 1.87261 2.67752e-05
-38.7565 -68.0973 1.8348 2.04174e-19
-39.8872 -67.6432 1.86788 8.48253e-12
-38.9869 -67.7591 1.85934 1.0163e-06
-39.1546 -67.6146 1.86375 5.38368e-08
-39.4011 -68.4952 1.8692 0.0188406
-39.7298 -68.0724 1.86596 0.000460195
-39.9694 -68.1296 1.8674 4.44656e-07
-39.4471 -67.7097 1.852 0.000369639
-39.2695 -68.1612 1.85845 0.119552
-39.0612 -67.8399 1.85859 4.81403e-05
-39.4283 -67.5333 1.83065 1.25632e-12
-39.3267 -68.5975 1.86007 0.012958
-39.1368 -67.9161 1.86299 0.000528388
-39.0238 -67.5342 1.85068 1.02688e-09
-38.8349 -67.8667 1.8351 4.15697e-17
-38.9345 -67.6057 1.85504 1.88901e-09
-39.3538 -67.9207 1.84789 0.00177648
-38.977 -67.6345 1.87558 2.00527e-13
-38.9124 -67.7634 1.85631 1.12367e-07
-39.3284 -68.1845 1.85586 0.152062
-39.6642 -67.8926 1.85955 0.00278895
-39.1973 -68.0742 1.85878 0.02621
-39.0531 -68.2467 1.85181 0.000122969
-39.3721 -67.5086 1.85195 4.54967e-07
-39.1874 -67.8383 1.87063 1.18391e-06
-38.5311 -68.1485 1.84576 3.41512e-17
-39.4632 -68.341 1.84688 0.0012834
-39.7485 -68.0218 1.83073 7.72083e-10
-38.8247 -67.6685 1.8684 2.36356e-11
-39.9902 -68.0381 1.85575 0.000168737
-38.6358 -68.1445 1.87011 6.2744e-09
-39.199 -67.5525 1.87428 1.83895e-13
-39.1844 -68.201 1.86523 0.0317286
-38.8748 -67.5059 1.83659 1.53913e-17
-38.9201 -68.1976 1.86702 0.0001817
-39.3416 -67.7123 1.85567 0.000178576
-38.9287 -67.6441 1.85697 6.52812e-09
-40.018 -67.9414 1.84593 4.34162e-05
