278.461 5.59281 4.72555 0.000121069 278.25 5.427 4.6997
278.387 5.74006 4.71526 9.29958e-05 278.25 5.427 4.6997
278.672 5.29967 4.70643 0.00713405 278.25 5.427 4.6997
278.7 5.25011 4.72545 8.81465e-05 278.25 5.427 4.6997
277.972 5.34638 4.7034 0.00286036 278.25 5.427 4.6997
278.22 5.59183 4.69854 0.00345264 278.25 5.427 4.6997
278.562 5.20884 4.69888 0.0233266 278.25 5.427 4.6997
277.915 5.03644 4.69208 0.00241159 278.25 5.427 4.6997
278.206 4.86744 4.70905 4.43847e-05 278.25 5.427 4.6997
278.648 5.67571 4.7072 4.42848e-05 278.25 5.427 4.6997
278.58 5.71447 4.73413 1.95374e-07 278.25 5.427 4.6997
278.101 5.7176 4.71575 1.90217e-06 278.25 5.427 4.6997
278.369 5.33035 4.70423 0.376611 278.25 5.427 4.6997
278.037 5.05847 4.70874 0.000277096 278.25 5.427 4.6997
278.054 5.7711 4.71141 4.27867e-07 278.25 5.427 4.6997
278.344 6.03097 4.70201 4.56569e-11 278.25 5.427 4.6997
278.72 5.77581 4.73047 1.81635e-07 278.25 5.427 4.6997
278.662 5.43798 4.71409 0.00573104 278.25 5.427 4.6997
278.555 5.39088 4.72007 0.00686297 278.25 5.427 4.6997
278.383 5.65275 4.70618 0.00188881 278.25 5.427 4.6997
278.563 5.48954 4.71687 0.00883397 278.25 5.427 4.6997
278.097 5.59792 4.7075 0.000510689 278.25 5.427 4.6997
278.308 5.50244 4.69932 0.0372752 278.25 5.427 4.6997
278.377 5.09223 4.70669 0.0753216 278.25 5.427 4.6997
278.634 4.84566 4.70659 8.6739e-06 278.25 5.427 4.6997
278.71 5.24375 4.7083 0.00294279 278.25 5.427 4.6997
278.257 5.40706 4.70826 0.101667 278.25 5.427 4.6997
278.314 6.01993 4.72506 4.36983e-11 278.25 5.427 4.6997
278.216 5.59435 4.68328 6.69852e-06 278.25 5.427 4.6997
278.473 5.98633 4.69183 5.68564e-13 278.25 5.427 4.6997
278.631 5.69046 4.71191 9.1772e-05 278.25 5.427 4.6997
278.157 5.83718 4.71862 4.90459e-08 278.25 5.427 4.6997
278.585 5.22684 4.72288 0.00068666 278.25 5.427 4.6997
278.552 5.20303 4.73407 1.71511e-07 278.25 5.427 4.6997
278.331 5.59724 4.70073 0.00493275 278.25 5.427 4.6997
277.603 5.61712 4.70915 2.86701e-13 278.25 5.427 4.6997
278.59 5.56977 4.72516 0.000222063 278.25 5.427 4.6997
278.737 5.48958 4.70712 0.000299904 278.25 5.427 4.6997
278.873 5.38823 4.72536 8.0032e-06 278.25 5.427 4.6997
278.34 5.30144 4.72662 3.72354e-05 278.25 5.427 4.6997
278.397 5.85792 4.68228 1.61305e-12 278.25 5.427 4.6997
278.528 5.23945 4.69196 0.00494742 278.25 5.427 4.6997
278.441 5.20751 4.71321 0.0506789 278.25 5.427 4.6997
278.122 5.59008 4.7143 0.000132893 278.25 5.427 4.6997
278.867 5.43623 4.72121 2.22126e-05 278.25 5.427 4.6997
278.523 5.17603 4.71347 0.0227863 278.25 5.427 4.6997
277.759 5.07721 4.72855 8.92318e-18 278.25 5.427 4.6997
278.498 5.33254 4.69672 0.0328324 278.25 5.427 4.6997
278.384 5.49888 4.70322 0.0522139 278.25 5.427 4.6997
278.605 5.66793 4.70828 0.000168661 278.25 5.427 4.6997
278.501 5.76407 4.7285 1.04448e-06 278.25 5.427 4.6997
278.86 5.23505 4.71581 3.31396e-05 278.25 5.427 4.6997
278.221 5.756 4.7161 7.56991e-06 278.25 5.427 4.6997
278.311 4.60554 4.72951 1.17763e-17 278.25 5.427 4.6997
278.095 5.51571 4.71323 0.000375337 278.25 5.427 4.6997
278.774 5.61297 4.69308 3.96969e-09 278.25 5.427 4.6997
277.943 5.69264 4.68074 1.35458e-08 278.25 5.427 4.6997
278.572 5.75288 4.69131 7.177e-09 278.25 5.427 4.6997
277.947 5.55684 4.70185 9.2491e-05 278.25 5.427 4.6997
277.918 5.41772 4.70841 4.66508e-05 278.25 5.427 4.6997
278.725 5.53951 4.69132 6.69672e-08 278.25 5.427 4.6997
278.61 5.75442 4.70852 1.00639e-05 278.25 5.427 4.6997
278.264 5.57145 4.72922 7.65805e-07 278.25 5.427 4.6997
278.424 5.92225 4.71121 9.50102e-08 278.25 5.427 4.6997
277.901 5.23393 4.7044 0.000267172 278.25 5.427 4.6997
278.273 5.67078 4.72581 2.11938e-06 278.25 5.427 4.6997
278.325 5.46947 4.70996 0.0621095 278.25 5.427 4.6997
278.824 5.65511 4.72011 4.29524e-06 278.25 5.427 4.6997
277.749 5.27486 4.70038 4.28462e-06 278.25 5.427 4.6997
277.626 5.28807 4.71833 1.27496e-14 278.25 5.427 4.6997
278.154 5.72997 4.70249 3.70188e-05 278.25 5.427 4.6997
278.241 5.5684 4.70402 0.0109806 278.25 5.427 4.6997
278.389 5.67581 4.69366 2.55112e-05 278.25 5.427 4.6997
277.894 5.72134 4.69101 8.73722e-08 278.25 5.427 4.6997
278.309 4.86861 4.68799 0.00119543 278.25 5.427 4.6997
278.648 4.68733 4.71835 1.05985e-10 278.25 5.427 4.6997
278.669 4.81444 4.72093 7.95692e-09 278.25 5.427 4.6997
278.695 5.31893 4.70697 0.0041802 278.25 5.427 4.6997
278.235 5.666 4.69979 0.000490777 278.25 5.427 4.6997
278.645 5.90061 4.69297 2.05358e-12 278.25 5.427 4.6997
278.102 5.2706 4.72503 2.88628e-07 278.25 5.427 4.6997
277.94 5.84714 4.70532 2.64086e-09 278.25 5.427 4.6997
278.663 5.86448 4.68648 2.11107e-14 278.25 5.427 4.6997
278.856 5.83112 4.71792 8.81283e-09 278.25 5.427 4.6997
278.619 5.82848 4.70378 1.03013e-07 278.25 5.427 4.6997
278.669 5.17819 4.70743 0.00510674 278.25 5.427 4.6997
278.386 5.66009 4.70093 0.000642248 278.25 5.427 4.6997
277.785 4.65542 4.69948 3.59829e-11 278.25 5.427 4.6997
278.475 5.97363 4.71361 8.04881e-09 278.25 5.427 4.6997
278.19 5.91894 4.70926 2.274e-08 278.25 5.427 4.6997
278.551 5.04719 4.7122 0.00288667 278.25 5.427 4.6997
278.321 6.03577 4.69394 8.22465e-13 278.25 5.427 4.6997
278.046 5.98108 4.7099 4.75913e-11 278.25 5.427 4.6997
277.535 5.8376 4.69629 3.14984e-16 278.25 5.427 4.6997
278.25 5.6877 4.70128 0.000323775 278.25 5.427 4.6997
278.691 5.22039 4.70748 0.00410674 278.25 5.427 4.6997
278.365 5.6372 4.7042 0.00253805 278.25 5.427 4.6997
278.575 5.03743 4.71032 0.00275777 278.25 5.427 4.6997
277.972 5.20223 4.71988 1.08196e-07 278.25 5.427 4.6997
278.508 5.17781 4.70039 0.0741956 278.25 5.427 4.6997
