268.545 -13.3276 3.83844 6.8828e-09 268.95 -13.485 3.8298
269.078 -13.5596 3.83939 0.0380481 268.95 -13.485 3.8298
268.797 -12.9618 3.81549 2.72261e-07 268.95 -13.485 3.8298
268.78 -13.0262 3.82057 8.27871e-05 268.95 -13.485 3.8298
269.049 -13.5456 3.79885 1.25029e-27 268.95 -13.485 3.8298
268.89 -13.5492 3.80853 5.95236e-13 268.95 -13.485 3.8298
268.942 -13.0285 3.83583 0.00157028 268.95 -13.485 3.8298
269.688 -13.4594 3.81286 8.16358e-30 268.95 -13.485 3.8298
268.559 -13.0373 3.79983 6.14293e-14 268.95 -13.485 3.8298
269.555 -13.1665 3.8217 2.49219e-14 268.95 -13.485 3.8298
269.199 -13.6149 3.83835 0.0377081 268.95 -13.485 3.8298
269.304 -13.7786 3.82433 2.22753e-10 268.95 -13.485 3.8298
268.721 -13.5151 3.83547 9.2965e-05 268.95 -13.485 3.8298
268.96 -13.1305 3.83279 0.0258064 268.95 -13.485 3.8298
269.424 -13.2656 3.83188 0.000504032 268.95 -13.485 3.8298
268.768 -13.9889 3.82376 5.74371e-11 268.95 -13.485 3.8298
269.344 -13.2243 3.82451 3.61287e-07 268.95 -13.485 3.8298
269.029 -13.0641 3.82445 0.000242472 268.95 -13.485 3.8298
268.749 -13.6895 3.8252 2.5673e-05 268.95 -13.485 3.8298
269.588 -13.4412 3.81234 1.3496e-26 268.95 -13.485 3.8298
269.163 -13.785 3.82096 1.04717e-10 268.95 -13.485 3.8298
269.812 -13.5699 3.83035 7.67881e-14 268.95 -13.485 3.8298
269.187 -13.2885 3.81868 1.65443e-08 268.95 -13.485 3.8298
268.758 -12.7191 3.78901 2.36952e-33 268.95 -13.485 3.8298
268.641 -13.2976 3.83373 6.88995e-05 268.95 -13.485 3.8298
268.608 -13.3267 3.8229 0.00113494 268.95 -13.485 3.8298
269.587 -13.6072 3.83127 3.15715e-08 268.95 -13.485 3.8298
268.676 -13.3287 3.82152 0.00165381 268.95 -13.485 3.8298
268.733 -13.1083 3.82546 0.00163908 268.95 -13.485 3.8298
269.22 -13.232 3.82131 2.95702e-07 268.95 -13.485 3.8298
269.519 -13.0932 3.82749 4.96264e-09 268.95 -13.485 3.8298
269.175 -13.0843 3.81018 2.75593e-16 268.95 -13.485 3.8298
269.194 -13.2217 3.81902 1.93291e-08 268.95 -13.485 3.8298
268.892 -13.6756 3.83186 0.000516483 268.95 -13.485 3.8298
269.408 -13.7028 3.81897 7.07586e-16 268.95 -13.485 3.8298
269.338 -13.1739 3.82273 1.74658e-08 268.95 -13.485 3.8298
270.07 -13.3668 3.82299 1.32316e-30 268.95 -13.485 3.8298
268.967 -13.8297 3.81734 2.01302e-11 268.95 -13.485 3.8298
268.969 -13.5353 3.82245 9.36665e-05 268.95 -13.485 3.8298
269.578 -13.6935 3.8313 5.31128e-09 268.95 -13.485 3.8298
268.725 -13.7658 3.8267 2.26507e-06 268.95 -13.485 3.8298
268.321 -13.606 3.80806 1.44885e-09 268.95 -13.485 3.8298
269.24 -13.7751 3.81818 5.00935e-14 268.95 -13.485 3.8298
269.193 -13.1456 3.83267 0.0279485 268.95 -13.485 3.8298
269.002 -13.6107 3.83308 0.00781603 268.95 -13.485 3.8298
269.608 -14.3655 3.82314 2.37382e-33 268.95 -13.485 3.8298
269.487 -13.1548 3.83007 2.39084e-06 268.95 -13.485 3.8298
269.089 -13.1976 3.81515 1.37379e-09 268.95 -13.485 3.8298
268.957 -12.8862 3.82095 4.45635e-07 268.95 -13.485 3.8298
268.667 -13.8152 3.81242 1.50473e-11 268.95 -13.485 3.8298
269.181 -13.375 3.84229 0.365247 268.95 -13.485 3.8298
268.866 -13.4306 3.83674 0.00711981 268.95 -13.485 3.8298
269.201 -14.0301 3.81169 4.67379e-25 268.95 -13.485 3.8298
268.871 -13.2438 3.83914 0.00172218 268.95 -13.485 3.8298
268.699 -13.5701 3.83531 2.06804e-05 268.95 -13.485 3.8298
268.93 -13.3817 3.80936 1.08819e-11 268.95 -13.485 3.8298
269.143 -13.3013 3.82238 1.91967e-05 268.95 -13.485 3.8298
269.292 -13.7074 3.80091 2.58747e-35 268.95 -13.485 3.8298
269.734 -13.5126 3.84833 0.0698006 268.95 -13.485 3.8298
268.576 -13.2712 3.8155 6.46471e-05 268.95 -13.485 3.8298
268.871 -13.2223 3.80888 8.56059e-11 268.95 -13.485 3.8298
269.817 -13.4387 3.81135 1.66915e-37 268.95 -13.485 3.8298
269.073 -13.5316 3.81022 9.36908e-15 268.95 -13.485 3.8298
269.035 -13.5327 3.84177 0.0105883 268.95 -13.485 3.8298
268.612 -13.6818 3.81287 7.27677e-09 268.95 -13.485 3.8298
269.197 -13.9341 3.84349 9.0459e-07 268.95 -13.485 3.8298
269.004 -12.7245 3.8208 3.595e-10 268.95 -13.485 3.8298
269.159 -13.507 3.83025 0.00882388 268.95 -13.485 3.8298
268.956 -14.1288 3.82566 4.34954e-14 268.95 -13.485 3.8298
269.41 -13.2866 3.82001 5.33699e-12 268.95 -13.485 3.8298
269.496 -13.3788 3.81702 1.90581e-17 268.95 -13.485 3.8298
269.087 -13.429 3.8162 4.4264e-09 268.95 -13.485 3.8298
269.052 -13.2243 3.82437 0.00110735 268.95 -13.485 3.8298
269.494 -13.3509 3.83302 0.000249903 268.95 -13.485 3.8298
269.124 -13.861 3.83464 6.64159e-06 268.95 -13.485 3.8298
269.386 -13.6478 3.81809 1.77591e-15 268.95 -13.485 3.8298
270.039 -13.0098 3.82766 1.30718e-24 268.95 -13.485 3.8298
268.977 -13.5005 3.81501 9.07062e-09 268.95 -13.485 3.8298
269.006 -13.7026 3.81882 7.74046e-09 268.95 -13.485 3.8298
268.914 -13.9238 3.82399 1.46737e-09 268.95 -13.485 3.8298
268.906 -13.3149 3.82218 0.00151509 268.95 -13.485 3.8298
269.202 -13.843 3.83623 2.25372e-05 268.95 -13.485 3.8298
269.217 -13.27 3.81827 2.28712e-09 268.95 -13.485 3.8298
269.694 -13.2265 3.81599 4.06975e-25 268.95 -13.485 3.8298
269.089 -13.6905 3.84129 0.00167836 268.95 -13.485 3.8298
269.054 -13.9844 3.80955 8.371e-23 268.95 -13.485 3.8298
269.084 -13.7719 3.82173 5.37048e-09 268.95 -13.485 3.8298
269.243 -13.4265 3.82887 0.00159217 268.95 -13.485 3.8298
268.872 -13.392 3.82271 0.00212841 268.95 -13.485 3.8298
269.79 -13.5304 3.83863 1.23507e-06 268.95 -13.485 3.8298
268.914 -13.1847 3.83252 0.0338371 268.95 -13.485 3.8298
270.055 -13.1269 3.82968 7.48287e-22 268.95 -13.485 3.8298
268.588 -13.6097 3.81707 2.16212e-06 268.95 -13.485 3.8298
269.416 -13.3189 3.80618 2.46496e-28 268.95 -13.485 3.8298
269.177 -13.5601 3.81093 1.07492e-16 268.95 -13.485 3.8298
268.962 -13.3232 3.83293 0.122601 268.95 -13.485 3.8298
269.639 -13.2682 3.83666 0.00011413 268.95 -13.485 3.8298
269.084 -13.4095 3.83095 0.0722035 268.95 -13.485 3.8298
269.778 -13.2431 3.81935 7.86254e-24 268.95 -13.485 3.8298
269.179 -13.2887 3.83336 0.154575 268.95 -13.485 3.8298
