-39.9327 -61.1426 1.7234 0.00533294 -39.994 -60.667 1.7212
-39.8232 -60.786 1.70091 2.43397e-13 -39.994 -60.667 1.7212
-40.114 -60.525 1.70875 7.38427e-07 -39.994 -60.667 1.7212
-40.3393 -60.7108 1.73092 3.5866e-07 -39.994 -60.667 1.7212
-40.1621 -60.4079 1.73254 5.67219e-08 -39.994 -60.667 1.7212
-40.2947 -60.3262 1.7359 2.54258e-13 -39.994 -60.667 1.7212
-40.1023 -60.7525 1.7163 0.00137941 -39.994 -60.667 1.7212
-40.0813 -60.9282 1.73177 0.00404121 -39.994 -60.667 1.7212
-39.4284 -60.2688 1.72892 2.69826e-07 -39.994 -60.667 1.7212
-39.466 -60.4047 1.70845 5.34419e-11 -39.994 -60.667 1.7212
-40.2075 -60.5965 1.71822 0.000230773 -39.994 -60.667 1.7212
-40.6904 -60.222 1.69691 2.37809e-21 -39.994 -60.667 1.7212
-40.6133 -60.5203 1.72119 1.38188e-11 -39.994 -60.667 1.7212
-40.2037 -60.8246 1.72587 0.00125431 -39.994 -60.667 1.7212
-39.9686 -60.3483 1.71574 3.59274e-05 -39.994 -60.667 1.7212
-40.2178 -60.0575 1.73958 1.04531e-20 -39.994 -60.667 1.7212
-39.5143 -60.5602 1.71368 2.08915e-06 -39.994 -60.667 1.7212
-40.5335 -60.6425 1.72547 7.87903e-10 -39.994 -60.667 1.7212
-40.3489 -60.2093 1.73687 2.17054e-17 -39.994 -60.667 1.7212
-40.2025 -59.7894 1.72607 1.52865e-19 -39.994 -60.667 1.7212
-40.1001 -60.5668 1.70424 2.44998e-09 -39.994 -60.667 1.7212
-40.7242 -60.2547 1.72703 1.36288e-19 -39.994 -60.667 1.7212
-39.8519 -60.7439 1.71593 0.00529901 -39.994 -60.667 1.7212
-40.006 -60.8777 1.73849 0.000111592 -39.994 -60.667 1.7212
-39.8878 -60.3065 1.709 5.99915e-08 -39.994 -60.667 1.7212
-39.8291 -60.1772 1.71583 2.28258e-07 -39.994 -60.667 1.7212
-40.2609 -60.3483 1.71053 3.11304e-08 -39.994 -60.667 1.7212
-41.1164 -60.2518 1.73827 2.37414e-42 -39.994 -60.667 1.7212
-40.7893 -60.7941 1.72278 2.57484e-15 -39.994 -60.667 1.7212
-39.8226 -61.182 1.72179 0.00135651 -39.994 -60.667 1.7212
-39.9394 -60.9968 1.71802 0.00275169 -39.994 -60.667 1.7212
-40.0863 -60.3827 1.72164 7.72001e-05 -39.994 -60.667 1.7212
-40.2102 -60.8446 1.72564 0.00108181 -39.994 -60.667 1.7212
-39.6195 -60.1876 1.71444 1.34276e-08 -39.994 -60.667 1.7212
-40.2687 -60.848 1.73707 5.54853e-08 -39.994 -60.667 1.7212
-40.86 -60.4537 1.73354 1.01462e-24 -39.994 -60.667 1.7212
-40.3184 -60.7312 1.72027 3.79095e-05 -39.994 -60.667 1.7212
-40.0101 -60.7769 1.71537 0.00187377 -39.994 -60.667 1.7212
-39.5922 -60.4893 1.73234 0.00112625 -39.994 -60.667 1.7212
-40.3289 -60.5419 1.73613 6.45092e-11 -39.994 -60.667 1.7212
-40.3152 -60.5674 1.71825 9.09124e-06 -39.994 -60.667 1.7212
-40.1649 -60.7235 1.73742 4.92383e-07 -39.994 -60.667 1.7212
-40.3385 -60.3075 1.72699 5.37165e-10 -39.994 -60.667 1.7212
-40.5253 -60.2854 1.71134 3.89981e-12 -39.994 -60.667 1.7212
-40.0551 -60.8859 1.73263 0.00480088 -39.994 -60.667 1.7212
-40.4795 -60.9749 1.72285 2.75747e-08 -39.994 -60.667 1.7212
-40.1204 -60.6756 1.73295 0.00010236 -39.994 -60.667 1.7212
-39.8811 -59.9431 1.71917 1.18626e-11 -39.994 -60.667 1.7212
-39.9613 -60.6879 1.72682 0.0897958 -39.994 -60.667 1.7212
-40.5842 -60.2403 1.74059 1.06716e-25 -39.994 -60.667 1.7212
-40.2927 -60.6953 1.71786 4.35206e-05 -39.994 -60.667 1.7212
-40.1763 -60.4381 1.72663 9.71713e-06 -39.994 -60.667 1.7212
-40.1411 -60.6565 1.74029 6.22778e-09 -39.994 -60.667 1.7212
-39.7079 -60.9073 1.70293 2.51386e-13 -39.994 -60.667 1.7212
-39.9873 -60.3994 1.72992 3.25533e-05 -39.994 -60.667 1.7212
-40.4162 -60.9289 1.72646 3.4761e-07 -39.994 -60.667 1.7212
-40.0339 -60.9218 1.71785 0.00313788 -39.994 -60.667 1.7212
-40.2072 -60.4357 1.71915 2.1337e-05 -39.994 -60.667 1.7212
-39.8212 -60.5822 1.73041 0.0240928 -39.994 -60.667 1.7212
-40.2351 -60.2029 1.71693 1.17418e-08 -39.994 -60.667 1.7212
-40.1094 -60.1272 1.72277 3.91893e-09 -39.994 -60.667 1.7212
-40.0428 -61.0263 1.75041 7.11345e-13 -39.994 -60.667 1.7212
-40.4712 -60.2857 1.7335 3.31359e-16 -39.994 -60.667 1.7212
-39.8935 -60.8433 1.71927 0.0451745 -39.994 -60.667 1.7212
-39.699 -60.5864 1.7147 0.000306295 -39.994 -60.667 1.7212
-39.643 -61.333 1.72886 0.00054572 -39.994 -60.667 1.7212
-40.3391 -60.5796 1.74236 4.06338e-15 -39.994 -60.667 1.7212
-40.1888 -60.2023 1.70713 1.75192e-10 -39.994 -60.667 1.7212
-39.6226 -60.8794 1.7305 0.604026 -39.994 -60.667 1.7212
-40.0171 -60.5133 1.71459 0.000298069 -39.994 -60.667 1.7212
-40.1403 -60.7271 1.70999 3.05821e-06 -39.994 -60.667 1.7212
-40.3673 -60.4557 1.70874 3.54766e-09 -39.994 -60.667 1.7212
-40.4799 -60.5693 1.70699 5.96354e-11 -39.994 -60.667 1.7212
-39.7983 -60.4217 1.73101 0.000322919 -39.994 -60.667 1.7212
-39.8285 -60.4943 1.71433 0.000252995 -39.994 -60.667 1.7212
-40.5891 -60.4448 1.71604 2.47194e-11 -39.994 -60.667 1.7212
-40.3827 -61.0845 1.71086 1.52878e-10 -39.994 -60.667 1.7212
-39.7644 -60.3439 1.70995 1.33679e-07 -39.994 -60.667 1.7212
-39.9684 -60.4473 1.70659 4.42639e-08 -39.994 -60.667 1.7212
-39.7378 -60.3296 1.71926 8.44917e-05 -39.994 -60.667 1.7212
-39.8731 -60.2196 1.71349 2.89437e-07 -39.994 -60.667 1.7212
-40.1458 -60.3629 1.71968 1.4887e-05 -39.994 -60.667 1.7212
-39.6211 -60.3017 1.73115 4.57826e-06 -39.994 -60.667 1.7212
-40.0066 -60.6987 1.70869 1.89305e-06 -39.994 -60.667 1.7212
-40.1976 -60.6989 1.72334 0.00126407 -39.994 -60.667 1.7212
-40.2073 -60.4205 1.72816 9.22945e-07 -39.994 -60.667 1.7212
-40.654 -60.4691 1.74368 1.70847e-26 -39.994 -60.667 1.7212
-40.3904 -60.562 1.71353 1.5763e-07 -39.994 -60.667 1.7212
-39.9719 -60.9235 1.71588 0.00106671 -39.994 -60.667 1.7212
-40.5801 -60.276 1.72195 9.76043e-14 -39.994 -60.667 1.7212
-39.8535 -60.6402 1.72091 0.0770822 -39.994 -60.667 1.7212
-40.0747 -60.5132 1.71274 4.45896e-05 -39.994 -60.667 1.7212
-40.5324 -60.3827 1.7343 1.53293e-16 -39.994 -60.667 1.7212
-40.3103 -60.8615 1.71275 6.27705e-07 -39.994 -60.667 1.7212
-40.1802 -60.7216 1.73122 0.000119695 -39.994 -60.667 1.7212
-39.6912 -60.0143 1.73617 2.08554e-14 -39.994 -60.667 1.7212
-39.6733 -60.692 1.70409 2.99475e-11 -39.994 -60.667 1.7212
-40.0978 -60.7091 1.72567 0.011718 -39.994 -60.667 1.7212
-39.9378 -60.4056 1.71301 2.37856e-05 -39.994 -60.667 1.7212
-39.984 -60.7257 1.72506 0.109602 -39.994 -60.667 1.7212
