124.566 -19.6768 3.40376 0.00100867 124.74 -19.729 3.4072
124.972 -19.5986 3.38655 8.21383e-17 124.74 -19.729 3.4072
124.693 -19.6509 3.4177 3.49293e-07 124.74 -19.729 3.4072
124.058 -20.2042 3.4014 6.47296e-05 124.74 -19.729 3.4072
123.891 -19.6601 3.40319 7.66391e-10 124.74 -19.729 3.4072
124.7 -20.1136 3.39161 9.58919e-07 124.74 -19.729 3.4072
124.844 -20.1978 3.39402 2.96173e-07 124.74 -19.729 3.4072
124.405 -20.0846 3.38579 1.44318e-08 124.74 -19.729 3.4072
125.077 -20.1271 3.40738 8.69978e-05 124.74 -19.729 3.4072
124.27 -20.0773 3.41988 1.32844e-08 124.74 -19.729 3.4072
124.724 -19.6271 3.40459 9.5223e-05 124.74 -19.729 3.4072
124.403 -20.3246 3.41702 1.28709e-05 124.74 -19.729 3.4072
124.79 -19.36 3.38897 2.8705e-15 124.74 -19.729 3.4072
124.81 -19.9584 3.40662 0.0228709 124.74 -19.729 3.4072
125.048 -19.3356 3.38239 2.32184e-26 124.74 -19.729 3.4072
124.497 -20.1185 3.40517 0.171568 124.74 -19.729 3.4072
125.056 -19.459 3.40068 1.34652e-11 124.74 -19.729 3.4072
124.883 -20.2202 3.40749 0.00747182 124.74 -19.729 3.4072
125.417 -19.9931 3.3941 4.61101e-19 124.74 -19.729 3.4072
124.517 -20.0742 3.41446 0.00391724 124.74 -19.729 3.4072
124.795 -18.9571 3.40861 1.01431e-20 124.74 -19.729 3.4072
124.949 -20.4635 3.41168 6.80608e-05 124.74 -19.729 3.4072
124.817 -20.0384 3.3971 8.38116e-05 124.74 -19.729 3.4072
124.754 -20.0194 3.39642 0.000179329 124.74 -19.729 3.4072
124.334 -19.6522 3.40708 4.10622e-05 124.74 -19.729 3.4072
125.092 -19.5416 3.40253 2.8955e-10 124.74 -19.729 3.4072
124.919 -19.9548 3.40735 0.00339288 124.74 -19.729 3.4072
124.731 -19.3347 3.39668 3.47281e-11 124.74 -19.729 3.4072
124.292 -20.288 3.41331 5.55009e-05 124.74 -19.729 3.4072
124.553 -19.6251 3.41004 4.54927e-05 124.74 -19.729 3.4072
124.772 -19.5415 3.40821 2.93348e-06 124.74 -19.729 3.4072
124.955 -20.2082 3.40391 0.000323234 124.74 -19.729 3.4072
124.816 -19.6462 3.43232 8.08989e-18 124.74 -19.729 3.4072
125.163 -19.303 3.40004 8.68977e-17 124.74 -19.729 3.4072
124.786 -20.2342 3.40971 0.0324024 124.74 -19.729 3.4072
124.716 -19.7007 3.40305 0.000555314 124.74 -19.729 3.4072
124.887 -20.0451 3.41303 0.00721256 124.74 -19.729 3.4072
124.583 -19.6424 3.40702 0.000283744 124.74 -19.729 3.4072
124.421 -19.6231 3.4138 4.23042e-07 124.74 -19.729 3.4072
124.376 -19.3833 3.4249 5.92414e-20 124.74 -19.729 3.4072
124.705 -19.496 3.41807 6.76241e-10 124.74 -19.729 3.4072
124.937 -20.0493 3.40542 0.00204441 124.74 -19.729 3.4072
124.304 -20.1658 3.41647 5.97436e-06 124.74 -19.729 3.4072
124.4 -19.7423 3.39705 0.000594693 124.74 -19.729 3.4072
124.535 -19.4134 3.40804 3.294e-08 124.74 -19.729 3.4072
124.539 -20.0781 3.40529 0.205699 124.74 -19.729 3.4072
124.905 -19.875 3.41743 7.19473e-05 124.74 -19.729 3.4072
124.876 -19.6236 3.40446 6.76288e-06 124.74 -19.729 3.4072
124.173 -20.3312 3.3959 3.0435e-05 124.74 -19.729 3.4072
124.763 -19.8532 3.39884 0.000453537 124.74 -19.729 3.4072
124.461 -19.2846 3.3919 2.40677e-12 124.74 -19.729 3.4072
124.404 -19.7204 3.38915 3.20008e-07 124.74 -19.729 3.4072
125.087 -19.2637 3.41293 4.41751e-15 124.74 -19.729 3.4072
124.466 -19.8626 3.4031 0.0343221 124.74 -19.729 3.4072
124.678 -19.9058 3.39518 0.000135608 124.74 -19.729 3.4072
124.714 -19.9941 3.39605 0.000266076 124.74 -19.729 3.4072
124.495 -20.2291 3.40586 0.0839894 124.74 -19.729 3.4072
124.757 -20.3352 3.40037 0.000386253 124.74 -19.729 3.4072
124.976 -19.3868 3.41511 1.12225e-11 124.74 -19.729 3.4072
124.77 -20.0644 3.39991 0.00312401 124.74 -19.729 3.4072
124.505 -20.1555 3.39228 4.29923e-05 124.74 -19.729 3.4072
124.897 -20.1358 3.41131 0.0108582 124.74 -19.729 3.4072
124.57 -20.0249 3.39106 8.07275e-06 124.74 -19.729 3.4072
125.107 -20.2329 3.41847 1.13741e-05 124.74 -19.729 3.4072
124.61 -20.0451 3.39004 8.94888e-07 124.74 -19.729 3.4072
124.922 -20.1946 3.3951 1.18274e-07 124.74 -19.729 3.4072
124.588 -20.1166 3.40982 0.113623 124.74 -19.729 3.4072
124.852 -20.1995 3.37976 1.61091e-20 124.74 -19.729 3.4072
124.501 -19.8191 3.40056 0.0113404 124.74 -19.729 3.4072
125.015 -19.487 3.4039 1.22486e-09 124.74 -19.729 3.4072
125.053 -19.9994 3.38169 8.34616e-22 124.74 -19.729 3.4072
125.013 -20.3699 3.40306 2.80713e-06 124.74 -19.729 3.4072
124.476 -19.7882 3.39979 0.00522253 124.74 -19.729 3.4072
124.632 -19.9011 3.40287 0.0412597 124.74 -19.729 3.4072
124.525 -20.267 3.40453 0.0555053 124.74 -19.729 3.4072
124.935 -19.7259 3.39693 8.97761e-08 124.74 -19.729 3.4072
124.761 -19.321 3.41228 2.96544e-11 124.74 -19.729 3.4072
124.809 -19.2848 3.4136 1.20865e-12 124.74 -19.729 3.4072
124.92 -19.4332 3.39985 2.48364e-10 124.74 -19.729 3.4072
124.995 -19.183 3.39152 1.15709e-20 124.74 -19.729 3.4072
124.903 -19.8946 3.39955 4.35961e-05 124.74 -19.729 3.4072
124.509 -20.3442 3.39582 0.000113464 124.74 -19.729 3.4072
125.252 -20.5292 3.41983 1.28364e-09 124.74 -19.729 3.4072
124.633 -19.9129 3.40249 0.0412819 124.74 -19.729 3.4072
124.947 -20.0672 3.42416 4.77515e-07 124.74 -19.729 3.4072
124.911 -19.0816 3.39102 4.90716e-22 124.74 -19.729 3.4072
125.072 -19.8292 3.38986 3.19411e-14 124.74 -19.729 3.4072
124.953 -19.5772 3.40125 4.56272e-08 124.74 -19.729 3.4072
124.627 -20.0744 3.40376 0.137221 124.74 -19.729 3.4072
124.692 -19.7166 3.39768 6.51975e-05 124.74 -19.729 3.4072
124.978 -19.9915 3.40215 7.92463e-05 124.74 -19.729 3.4072
125.138 -19.4111 3.40697 2.28051e-12 124.74 -19.729 3.4072
124.844 -19.6749 3.39606 1.88352e-07 124.74 -19.729 3.4072
124.998 -19.9328 3.4128 0.000437607 124.74 -19.729 3.4072
124.692 -19.3972 3.38164 4.06508e-19 124.74 -19.729 3.4072
125.157 -20.004 3.39829 1.45512e-09 124.74 -19.729 3.4072
124.784 -20.4664 3.39807 1.12794e-06 124.74 -19.729 3.4072
124.479 -20.0821 3.4257 2.79875e-10 124.74 -19.729 3.4072
123.992 -20.1337 3.41552 1.15038e-10 124.74 -19.729 3.4072
124.667 -19.9702 3.39209 5.66099e-06 124.74 -19.729 3.4072
