244.981 28.3413 0.0547999 2.5946e-05
245.304 27.7734 0.0539116 6.50341e-19
244.787 27.9118 0.0645897 2.04765e-06
245.475 27.9609 0.0488614 2.61859e-20
245.385 28.0846 0.05723 3.50484e-10
244.91 27.5863 0.0647271 1.51858e-15
244.769 28.4808 0.0671105 0.0671678
245.027 28.4076 0.0554206 0.000135743
244.836 28.7287 0.0515293 1.0181e-09
245.33 27.8996 0.0705099 5.90567e-11
244.992 28.4288 0.06545 0.145925
245.737 28.0895 0.0584506 2.04946e-19
245.528 28.397 0.0801522 7.34369e-22
245.197 28.5048 0.0547056 1.17484e-05
245.6 28.002 0.0690092 6.60326e-17
244.934 28.694 0.0727231 1.8451e-06
245.61 28.4421 0.0655791 9.17336e-14
244.916 28.4934 0.0562799 0.00024818
244.966 29.0198 0.0700711 3.33209e-14
245.617 28.531 0.0744055 8.51696e-21
244.991 28.9088 0.0866636 6.61717e-28
244.907 28.4367 0.0658374 0.23307
245.039 28.6516 0.0737965 3.25099e-07
245.055 28.3539 0.0523163 5.6618e-07
245.362 28.2153 0.0433888 6.51242e-19
244.739 28.1791 0.075265 0.0146845
244.96 28.391 0.055983 0.000221534
245.075 28.2199 0.0544161 1.19709e-06
244.973 28.6592 0.0489744 5.15193e-10
244.953 27.6478 0.0766333 6.03227e-12
244.746 28.7022 0.0576533 1.2911e-06
245.882 28.6159 0.0556375 5.33767e-23
244.424 28.0628 0.0643805 4.03116e-09
244.809 28.1582 0.0317534 9.56811e-45
245.531 28.9147 0.0566346 6.93155e-16
244.998 28.7477 0.0572015 6.37516e-06
244.831 28.3062 0.045746 3.71283e-16
244.376 28.4578 0.0593422 2.78945e-11
245.316 28.0775 0.077116 2.19725e-11
245.02 28.4161 0.0593034 0.00985841
244.758 28.3642 0.0627364 0.024481
245.447 28.0626 0.048871 2.77636e-17
245.233 28.2638 0.0683653 0.000163157
245.184 28.2687 0.0682321 0.00117907
245.782 28.3658 0.0612734 8.39002e-19
244.771 28.0422 0.0598488 1.24394e-06
245.094 27.8592 0.0574605 1.09422e-11
245.648 27.9623 0.0704633 6.33402e-20
244.834 28.6907 0.046486 3.96748e-14
245.036 28.1632 0.0727129 0.00310024
245.523 28.2137 0.0580227 3.29072e-11
244.787 28.4158 0.0660417 0.164847
245.1 28.3534 0.072727 0.000578302
244.525 28.4189 0.0692699 0.000593342
245.264 28.1209 0.0491518 1.42548e-13
245.51 28.36 0.0613888 1.16717e-09
245.231 27.84 0.0704295 4.90184e-10
245.974 28.1573 0.0620198 6.28528e-29
245.218 28.3444 0.060753 0.000659228
244.889 28.5463 0.0505006 7.54707e-09
245.229 28.35 0.070646 3.3349e-05
245.224 28.2345 0.0687807 0.000148203
245.31 28.2253 0.0503367 3.29263e-11
245.605 28.1698 0.053833 2.2041e-15
245.092 28.2822 0.0597043 0.00269916
245.771 28.7183 0.057961 5.56957e-20
245.128 28.0688 0.0560288 5.12104e-08
245.133 27.9093 0.0565997 3.57536e-11
245.114 28.383 0.0686351 0.00797289
245.491 28.7587 0.0458199 5.01382e-16
244.571 28.2901 0.0654847 0.000847562
244.951 28.2602 0.0425092 8.5364e-20
245.145 28.6085 0.055585 2.15142e-05
244.998 28.2242 0.0680349 0.0986004
245.082 28.1931 0.0447188 7.01605e-17
244.507 27.9946 0.0631629 3.45024e-09
244.971 28.319 0.0694068 0.157292
245.11 28.1818 0.0676794 0.0056428
245.143 28.526 0.0758168 3.9688e-08
244.913 28.655 0.0722672 2.38551e-05
244.759 28.4651 0.0655074 0.0592752
245.155 28.1152 0.0653148 0.000402897
245.141 28.0815 0.060467 1.52254e-05
245.278 27.9988 0.0602076 9.60427e-09
245.322 28.456 0.0679931 1.39047e-06
244.849 28.0191 0.0549557 2.67896e-10
245.024 28.8243 0.0618483 1.26922e-06
244.981 28.7091 0.0356912 6.10706e-27
245.463 28.2598 0.0673981 1.27999e-09
244.942 28.2 0.0838811 3.71364e-09
245.554 28.1313 0.0660663 6.78194e-13
245.74 28.062 0.0527701 8.01487e-22
244.858 28.062 0.055515 7.45021e-09
245.11 28.2604 0.0436215 4.27192e-17
245.176 27.965 0.0590108 1.05658e-08
245.205 28.2615 0.0519635 1.49345e-08
245.303 28.4897 0.0735172 2.19074e-09
245.262 28.2132 0.0624175 5.69871e-05
245.434 27.9284 0.0664075 1.92784e-12
245.515 28.3215 0.0572777 2.5049e-10
