261.223 -18.359 3.47782 6.96838e-17 260.96 -17.523 3.4823
261.227 -17.6548 3.47941 0.000334436 260.96 -17.523 3.4823
260.836 -17.2272 3.49557 2.15236e-08 260.96 -17.523 3.4823
260.697 -17.9591 3.48031 2.14192e-05 260.96 -17.523 3.4823
261.284 -16.9462 3.50471 2.0057e-14 260.96 -17.523 3.4823
261.358 -17.7611 3.4821 1.62456e-05 260.96 -17.523 3.4823
261.638 -17.6459 3.4896 1.96204e-06 260.96 -17.523 3.4823
261.381 -17.5286 3.49201 0.00699149 260.96 -17.523 3.4823
261.127 -17.4414 3.48026 0.0149537 260.96 -17.523 3.4823
261.152 -17.3614 3.47162 2.0364e-07 260.96 -17.523 3.4823
260.455 -17.6641 3.47941 0.000130585 260.96 -17.523 3.4823
260.832 -17.3799 3.47138 0.00106226 260.96 -17.523 3.4823
260.453 -17.322 3.49174 4.17661e-12 260.96 -17.523 3.4823
260.825 -17.7327 3.4881 0.00167112 260.96 -17.523 3.4823
261.318 -17.0491 3.49598 1.53044e-07 260.96 -17.523 3.4823
260.212 -18.022 3.48547 1.48843e-16 260.96 -17.523 3.4823
261.385 -17.639 3.47936 1.47302e-06 260.96 -17.523 3.4823
260.554 -16.7844 3.48021 4.55166e-12 260.96 -17.523 3.4823
262.246 -17.9436 3.47511 8.75473e-44 260.96 -17.523 3.4823
261.083 -16.8875 3.45315 4.2097e-31 260.96 -17.523 3.4823
260.765 -17.4667 3.47925 0.117902 260.96 -17.523 3.4823
261.393 -16.9531 3.47984 2.39384e-11 260.96 -17.523 3.4823
260.76 -17.3402 3.48072 0.0353031 260.96 -17.523 3.4823
260.214 -17.1299 3.48144 5.17354e-12 260.96 -17.523 3.4823
260.684 -17.2303 3.47202 0.000773066 260.96 -17.523 3.4823
260.307 -17.4034 3.4947 8.21367e-19 260.96 -17.523 3.4823
261.421 -17.4749 3.48204 1.57061e-05 260.96 -17.523 3.4823
261.076 -17.5952 3.48807 0.102712 260.96 -17.523 3.4823
260.806 -17.4258 3.48688 0.00963253 260.96 -17.523 3.4823
261.433 -17.651 3.48701 0.000372772 260.96 -17.523 3.4823
260.8 -17.3014 3.4885 0.000425463 260.96 -17.523 3.4823
260.994 -17.3254 3.4782 0.0121884 260.96 -17.523 3.4823
260.747 -16.9987 3.47945 4.68289e-06 260.96 -17.523 3.4823
261.005 -17.0164 3.47838 3.88471e-06 260.96 -17.523 3.4823
261.477 -17.4641 3.48816 0.000289898 260.96 -17.523 3.4823
260.902 -17.369 3.48778 0.013991 260.96 -17.523 3.4823
260.576 -17.5222 3.50033 8.92461e-17 260.96 -17.523 3.4823
261.132 -17.6268 3.48474 0.0717541 260.96 -17.523 3.4823
261.012 -17.3381 3.48615 0.0460503 260.96 -17.523 3.4823
260.98 -17.2661 3.46203 6.73361e-13 260.96 -17.523 3.4823
260.489 -17.6484 3.47848 0.000681642 260.96 -17.523 3.4823
261.063 -16.8526 3.48424 5.30527e-09 260.96 -17.523 3.4823
260.951 -17.4739 3.48727 0.0787564 260.96 -17.523 3.4823
259.905 -17.8781 3.48533 2.6909e-24 260.96 -17.523 3.4823
260.945 -17.4341 3.49138 0.00299226 260.96 -17.523 3.4823
260.966 -17.4417 3.48654 0.101499 260.96 -17.523 3.4823
260.438 -17.5635 3.47588 0.000945 260.96 -17.523 3.4823
261.15 -17.5808 3.47909 0.00356433 260.96 -17.523 3.4823
261.23 -17.2476 3.48759 0.00245458 260.96 -17.523 3.4823
260.243 -17.8133 3.47128 2.24883e-07 260.96 -17.523 3.4823
260.915 -17.887 3.50166 5.2186e-12 260.96 -17.523 3.4823
261.305 -17.8857 3.47526 6.27581e-10 260.96 -17.523 3.4823
260.28 -17.5864 3.47145 2.94402e-05 260.96 -17.523 3.4823
261.545 -17.6138 3.46329 1.68129e-27 260.96 -17.523 3.4823
261.181 -17.8577 3.47058 7.34184e-11 260.96 -17.523 3.4823
260.722 -18.0084 3.48632 4.10446e-07 260.96 -17.523 3.4823
261.178 -17.1723 3.49931 1.10271e-07 260.96 -17.523 3.4823
261.358 -17.2763 3.47698 4.73103e-08 260.96 -17.523 3.4823
261.144 -17.9918 3.4983 4.67597e-08 260.96 -17.523 3.4823
261.147 -17.4325 3.49706 0.000195939 260.96 -17.523 3.4823
261.253 -17.8879 3.47112 3.14083e-12 260.96 -17.523 3.4823
261.597 -17.8595 3.49163 7.96559e-07 260.96 -17.523 3.4823
261.014 -17.3974 3.46611 3.37785e-09 260.96 -17.523 3.4823
260.938 -17.541 3.47967 0.138455 260.96 -17.523 3.4823
261.284 -17.5701 3.47832 3.25065e-05 260.96 -17.523 3.4823
261.153 -17.1569 3.47682 4.85253e-06 260.96 -17.523 3.4823
260.689 -17.6276 3.47331 0.00963638 260.96 -17.523 3.4823
261.042 -17.4719 3.4876 0.115518 260.96 -17.523 3.4823
260.768 -17.3428 3.47471 0.0154095 260.96 -17.523 3.4823
261.036 -17.3125 3.51051 1.53849e-18 260.96 -17.523 3.4823
261.063 -17.3273 3.45882 4.70284e-18 260.96 -17.523 3.4823
260.956 -17.1537 3.48618 0.000653832 260.96 -17.523 3.4823
260.714 -17.4488 3.49472 3.04926e-08 260.96 -17.523 3.4823
261.491 -17.5602 3.49877 0.000193833 260.96 -17.523 3.4823
261.09 -17.1851 3.48732 0.00145389 260.96 -17.523 3.4823
261.02 -17.6086 3.50072 8.15428e-08 260.96 -17.523 3.4823
261.197 -17.5635 3.50316 1.64625e-07 260.96 -17.523 3.4823
260.827 -17.7293 3.49535 3.54015e-07 260.96 -17.523 3.4823
261.455 -18.1468 3.47665 1.46224e-16 260.96 -17.523 3.4823
260.685 -17.7407 3.46725 7.82882e-06 260.96 -17.523 3.4823
261.335 -17.3282 3.47941 6.3221e-06 260.96 -17.523 3.4823
261.081 -17.8971 3.48839 0.000609633 260.96 -17.523 3.4823
260.926 -16.9449 3.48982 1.65711e-08 260.96 -17.523 3.4823
261.051 -17.9181 3.49018 0.000150531 260.96 -17.523 3.4823
260.931 -17.5868 3.51825 1.63741e-31 260.96 -17.523 3.4823
261.455 -17.6498 3.49747 0.000387281 260.96 -17.523 3.4823
260.624 -17.3447 3.49157 4.30695e-08 260.96 -17.523 3.4823
261.486 -17.5364 3.49396 0.00105 260.96 -17.523 3.4823
260.93 -17.6667 3.49524 2.21863e-05 260.96 -17.523 3.4823
261.285 -17.6189 3.49478 0.00486912 260.96 -17.523 3.4823
260.416 -16.9377 3.48566 1.8734e-13 260.96 -17.523 3.4823
261.54 -17.4284 3.47927 1.29809e-09 260.96 -17.523 3.4823
261.217 -17.3629 3.49639 0.00036244 260.96 -17.523 3.4823
260.804 -17.6401 3.479 0.0742557 260.96 -17.523 3.4823
261.733 -17.8163 3.47806 2.07629e-17 260.96 -17.523 3.4823
261.011 -17.18 3.49426 4.51587e-06 260.96 -17.523 3.4823
260.699 -18.0316 3.47834 1.45655e-06 260.96 -17.523 3.4823
260.494 -17.2862 3.4648 1.09066e-05 260.96 -17.523 3.4823
261.43 -17.6399 3.48189 5.45861e-06 260.96 -17.523 3.4823
260.644 -17.3782 3.48095 0.00917493 260.96 -17.523 3.4823
