-14.3513 -92.896 2.80237 0.00847157 -14.627 -92.689 2.79
-15.1391 -92.1234 2.79956 7.49343e-11 -14.627 -92.689 2.79
-15.0615 -92.5481 2.80136 1.43557e-06 -14.627 -92.689 2.79
-14.5134 -93.011 2.81148 3.23688e-06 -14.627 -92.689 2.79
-14.774 -92.8109 2.80561 0.000120708 -14.627 -92.689 2.79
-14.2888 -93.0177 2.79342 0.000970024 -14.627 -92.689 2.79
-14.6217 -92.6715 2.8014 0.0233788 -14.627 -92.689 2.79
-14.3228 -92.9874 2.80308 0.00170211 -14.627 -92.689 2.79
-14.8342 -92.4524 2.78585 0.00543952 -14.627 -92.689 2.79
-14.5229 -92.4004 2.79024 0.0101962 -14.627 -92.689 2.79
-14.1637 -92.6537 2.78984 0.000283714 -14.627 -92.689 2.79
-15.0449 -92.6059 2.79906 2.12662e-05 -14.627 -92.689 2.79
-15.2402 -92.988 2.79822 5.51443e-09 -14.627 -92.689 2.79
-14.9081 -92.603 2.78428 0.00650948 -14.627 -92.689 2.79
-14.4972 -92.3532 2.79063 0.00413157 -14.627 -92.689 2.79
-15.3809 -93.1509 2.77702 5.1032e-11 -14.627 -92.689 2.79
-14.5993 -92.8976 2.79016 0.0423785 -14.627 -92.689 2.79
-14.9774 -92.9542 2.80649 6.51026e-08 -14.627 -92.689 2.79
-14.5606 -92.6472 2.78586 0.0265393 -14.627 -92.689 2.79
-14.0399 -93.2012 2.79315 3.83499e-08 -14.627 -92.689 2.79
-14.8392 -92.7754 2.77676 0.000138402 -14.627 -92.689 2.79
-14.7 -92.6377 2.80057 0.0144377 -14.627 -92.689 2.79
-15.0517 -92.6999 2.80074 6.50339e-06 -14.627 -92.689 2.79
-14.5551 -92.7144 2.78814 0.0671232 -14.627 -92.689 2.79
-14.1759 -92.7175 2.79527 0.00317669 -14.627 -92.689 2.79
-14.8829 -92.9346 2.78948 0.00450844 -14.627 -92.689 2.79
-14.7556 -93.1554 2.79945 4.67429e-05 -14.627 -92.689 2.79
-14.7564 -92.8907 2.78321 0.00389154 -14.627 -92.689 2.79
-14.5564 -92.9879 2.79269 0.016527 -14.627 -92.689 2.79
-14.925 -92.5642 2.80389 1.11054e-05 -14.627 -92.689 2.79
-14.3604 -92.7385 2.79126 0.0266205 -14.627 -92.689 2.79
-14.3836 -93.0432 2.80807 6.3629e-05 -14.627 -92.689 2.79
-14.9717 -92.6182 2.78196 0.00148627 -14.627 -92.689 2.79
-14.4114 -93.047 2.80661 0.000149731 -14.627 -92.689 2.79
-15.1145 -92.3904 2.81215 5.88936e-14 -14.627 -92.689 2.79
-14.8412 -92.9661 2.77765 3.37197e-05 -14.627 -92.689 2.79
-13.9252 -92.5278 2.79089 1.19811e-07 -14.627 -92.689 2.79
-15.1193 -92.8313 2.77893 2.32902e-05 -14.627 -92.689 2.79
-14.7356 -92.0926 2.80419 2.61893e-08 -14.627 -92.689 2.79
-15.1253 -92.7533 2.7979 4.35623e-06 -14.627 -92.689 2.79
-14.7041 -92.8432 2.77454 6.50887e-06 -14.627 -92.689 2.79
-14.0447 -92.2606 2.78431 7.25933e-10 -14.627 -92.689 2.79
-14.8095 -91.7783 2.79694 1.00085e-12 -14.627 -92.689 2.79
-14.4884 -92.3772 2.79507 0.00919114 -14.627 -92.689 2.79
-14.2997 -92.6212 2.77759 2.80122e-07 -14.627 -92.689 2.79
-14.5768 -92.5859 2.7767 2.94999e-05 -14.627 -92.689 2.79
-14.2234 -93.0049 2.79476 0.000537916 -14.627 -92.689 2.79
-14.4785 -92.8281 2.79756 0.080414 -14.627 -92.689 2.79
-14.5393 -92.0349 2.78236 2.81395e-08 -14.627 -92.689 2.79
-14.75 -92.5821 2.78566 0.0276 -14.627 -92.689 2.79
-14.9334 -93.1651 2.79057 2.05314e-05 -14.627 -92.689 2.79
-14.3325 -92.4033 2.78469 6.47467e-05 -14.627 -92.689 2.79
-14.5074 -92.2921 2.79686 0.00144913 -14.627 -92.689 2.79
-14.2518 -93.0092 2.81068 1.34482e-05 -14.627 -92.689 2.79
-14.4507 -93.3012 2.79747 5.22107e-06 -14.627 -92.689 2.79
-14.8215 -93.0597 2.78832 0.000958721 -14.627 -92.689 2.79
-14.5382 -92.7263 2.80403 0.0105992 -14.627 -92.689 2.79
-14.8193 -92.3787 2.79557 0.00143061 -14.627 -92.689 2.79
-14.3922 -93.0423 2.80142 0.00164743 -14.627 -92.689 2.79
-14.4633 -92.5582 2.78992 0.0380269 -14.627 -92.689 2.79
-14.8456 -92.357 2.81104 2.55013e-09 -14.627 -92.689 2.79
-14.3216 -91.8441 2.81507 1.48018e-15 -14.627 -92.689 2.79
-14.5484 -93.6634 2.79762 8.74644e-13 -14.627 -92.689 2.79
-14.2276 -92.6889 2.80269 0.00659716 -14.627 -92.689 2.79
-14.3701 -92.5789 2.80152 0.0212525 -14.627 -92.689 2.79
-14.4984 -92.6242 2.79649 0.129385 -14.627 -92.689 2.79
-14.3794 -92.3842 2.77875 8.07868e-07 -14.627 -92.689 2.79
-14.2757 -93.0442 2.78471 4.31792e-06 -14.627 -92.689 2.79
-14.316 -92.7509 2.78693 0.00161367 -14.627 -92.689 2.79
-14.9812 -92.8142 2.79276 0.0018867 -14.627 -92.689 2.79
-13.9012 -92.8751 2.8199 4.54732e-10 -14.627 -92.689 2.79
-14.2954 -93.0402 2.78054 1.68774e-07 -14.627 -92.689 2.79
-14.3242 -92.6916 2.77859 1.80787e-06 -14.627 -92.689 2.79
-14.8381 -92.4802 2.79396 0.00770021 -14.627 -92.689 2.79
-14.3009 -92.29 2.81295 1.45191e-07 -14.627 -92.689 2.79
-14.7449 -92.6835 2.78844 0.0780387 -14.627 -92.689 2.79
-14.553 -92.6956 2.78743 0.0518664 -14.627 -92.689 2.79
-14.2873 -92.6381 2.78928 0.00345495 -14.627 -92.689 2.79
-14.793 -92.5603 2.79813 0.00818643 -14.627 -92.689 2.79
-14.7809 -92.7958 2.78349 0.00984537 -14.627 -92.689 2.79
-15.287 -92.4676 2.79827 1.59165e-09 -14.627 -92.689 2.79
-14.359 -93.0083 2.79658 0.00455694 -14.627 -92.689 2.79
-14.1888 -92.7671 2.76228 2.56289e-20 -14.627 -92.689 2.79
-14.2279 -92.5698 2.81173 3.07934e-05 -14.627 -92.689 2.79
-14.1344 -92.8161 2.78888 4.78104e-05 -14.627 -92.689 2.79
-14.5086 -92.658 2.78675 0.0268981 -14.627 -92.689 2.79
-15.008 -92.6673 2.78315 0.00146798 -14.627 -92.689 2.79
-14.5489 -93.354 2.79436 1.15279e-06 -14.627 -92.689 2.79
-14.7117 -92.5115 2.79169 0.0516189 -14.627 -92.689 2.79
-14.3164 -92.9935 2.77948 2.29037e-07 -14.627 -92.689 2.79
-14.3508 -92.6647 2.79098 0.0219665 -14.627 -92.689 2.79
-15.1249 -92.8408 2.78491 0.000105797 -14.627 -92.689 2.79
-14.837 -93.4681 2.80665 1.94166e-12 -14.627 -92.689 2.79
-14.5627 -92.0906 2.79546 6.26565e-06 -14.627 -92.689 2.79
-14.9132 -93.4308 2.80469 7.21044e-12 -14.627 -92.689 2.79
-14.5836 -92.5901 2.79159 0.126621 -14.627 -92.689 2.79
-15.0296 -92.8901 2.78195 0.000207414 -14.627 -92.689 2.79
-15.1664 -92.9983 2.79843 6.72263e-08 -14.627 -92.689 2.79
-14.8832 -92.674 2.78294 0.00617203 -14.627 -92.689 2.79
-14.2942 -92.5463 2.78379 7.3415e-05 -14.627 -92.689 2.79
