229.422 26.9146 0.0805591 0.0377214 229.74 27.214 0.079072
230.105 27.0054 0.0745168 4.48617e-08 229.74 27.214 0.079072
229.94 27.2221 0.0746305 0.000257473 229.74 27.214 0.079072
230.156 26.3159 0.0702166 9.82738e-26 229.74 27.214 0.079072
229.384 27.1417 0.0814438 0.242104 229.74 27.214 0.079072
229.407 26.9181 0.0732039 0.000536312 229.74 27.214 0.079072
230.012 27.2105 0.0689637 1.60903e-06 229.74 27.214 0.079072
230.228 26.4371 0.0837611 5.70615e-21 229.74 27.214 0.079072
229.671 27.2737 0.0858946 0.0017053 229.74 27.214 0.079072
229.348 27.0887 0.071463 0.000961169 229.74 27.214 0.079072
230.212 26.9225 0.0797502 1.7626e-11 229.74 27.214 0.079072
229.2 26.5887 0.0658206 4.87108e-18 229.74 27.214 0.079072
229.894 26.7962 0.0766597 1.76894e-06 229.74 27.214 0.079072
230.403 27.6773 0.0772622 1.45537e-20 229.74 27.214 0.079072
229.786 27.2841 0.0773813 0.014759 229.74 27.214 0.079072
229.993 27.5428 0.0816055 3.44059e-09 229.74 27.214 0.079072
230.519 27.1846 0.0809966 3.9119e-21 229.74 27.214 0.079072
230.501 27.1751 0.0743114 9.9776e-19 229.74 27.214 0.079072
229.439 27.3401 0.0795594 0.0873008 229.74 27.214 0.079072
229.557 27.0656 0.0703198 0.00240038 229.74 27.214 0.079072
230.295 26.9889 0.0717584 3.05882e-13 229.74 27.214 0.079072
229.66 27.6785 0.0911043 2.68638e-13 229.74 27.214 0.079072
229.377 27.3499 0.0877469 0.000341226 229.74 27.214 0.079072
230.212 26.5999 0.0694172 1.11193e-18 229.74 27.214 0.079072
229.881 27.0497 0.0756772 0.000793275 229.74 27.214 0.079072
229.621 27.0133 0.0760784 0.0642367 229.74 27.214 0.079072
229.839 27.4145 0.0667578 1.63354e-05 229.74 27.214 0.079072
229.993 27.0531 0.0769564 1.83467e-05 229.74 27.214 0.079072
230.095 26.3428 0.0762417 7.05148e-21 229.74 27.214 0.079072
229.694 27.2806 0.0850792 0.00211032 229.74 27.214 0.079072
229.8 26.649 0.0889242 1.06542e-08 229.74 27.214 0.079072
229.414 26.6299 0.0895178 1.44675e-06 229.74 27.214 0.079072
229.84 27.3909 0.083778 1.56637e-05 229.74 27.214 0.079072
230.016 27.1305 0.0816688 2.31747e-06 229.74 27.214 0.079072
229.783 27.2019 0.0752079 0.0217519 229.74 27.214 0.079072
229.785 26.6992 0.0716615 1.41634e-08 229.74 27.214 0.079072
230.065 27.6123 0.0836836 5.40552e-13 229.74 27.214 0.079072
229.974 26.7231 0.0762303 5.67654e-09 229.74 27.214 0.079072
229.739 26.8069 0.0873731 2.30697e-05 229.74 27.214 0.079072
230.073 27.0709 0.0712155 1.56144e-07 229.74 27.214 0.079072
230.119 26.8292 0.0712345 3.74135e-11 229.74 27.214 0.079072
230.245 27.7273 0.0728678 1.41361e-15 229.74 27.214 0.079072
230.291 27.0257 0.069345 2.28452e-13 229.74 27.214 0.079072
230.089 26.7786 0.0913558 4.31461e-14 229.74 27.214 0.079072
229.895 26.9515 0.103852 1.78281e-20 229.74 27.214 0.079072
229.727 26.7645 0.0838018 6.73637e-05 229.74 27.214 0.079072
229.91 26.8942 0.0771351 2.21898e-05 229.74 27.214 0.079072
230.316 27.0296 0.086585 1.56958e-16 229.74 27.214 0.079072
230.139 27.0808 0.0752279 2.54769e-08 229.74 27.214 0.079072
229.861 26.9734 0.0708965 2.47405e-05 229.74 27.214 0.079072
229.664 26.8487 0.0823903 0.00308396 229.74 27.214 0.079072
229.565 27.1574 0.0789871 0.486443 229.74 27.214 0.079072
229.981 28.2543 0.0677504 7.83378e-25 229.74 27.214 0.079072
229.566 26.901 0.0601638 6.35831e-13 229.74 27.214 0.079072
229.856 26.864 0.064046 1.12963e-10 229.74 27.214 0.079072
229.907 26.7243 0.0805261 1.64089e-07 229.74 27.214 0.079072
230.072 27.1402 0.06225 4.19088e-11 229.74 27.214 0.079072
230.166 27.0338 0.0696687 3.69255e-10 229.74 27.214 0.079072
229.004 27.0235 0.0840801 4.83273e-05 229.74 27.214 0.079072
230.307 27.1348 0.0763178 1.41005e-12 229.74 27.214 0.079072
230.185 26.9901 0.0912342 1.63324e-15 229.74 27.214 0.079072
230.009 27.0051 0.0881297 5.84707e-09 229.74 27.214 0.079072
228.725 26.4746 0.0750934 3.00634e-23 229.74 27.214 0.079072
230.433 26.4816 0.0752312 2.6134e-26 229.74 27.214 0.079072
229.981 27.2575 0.0819089 4.33337e-06 229.74 27.214 0.079072
229.93 27.4882 0.0805389 7.47629e-07 229.74 27.214 0.079072
229.511 26.889 0.0837892 0.0227556 229.74 27.214 0.079072
229.647 27.2579 0.0981818 5.06963e-12 229.74 27.214 0.079072
229.869 26.8567 0.0725081 2.71733e-06 229.74 27.214 0.079072
229.834 27.3071 0.0784952 0.00274017 229.74 27.214 0.079072
230.149 26.8797 0.0754381 3.18717e-10 229.74 27.214 0.079072
230.203 27.3218 0.0764721 4.71851e-10 229.74 27.214 0.079072
229.913 27.1092 0.073892 0.000334224 229.74 27.214 0.079072
230.166 27.2209 0.0732216 1.02351e-08 229.74 27.214 0.079072
229.774 27.3702 0.0865136 9.50232e-06 229.74 27.214 0.079072
229.473 27.4568 0.0866516 5.70645e-05 229.74 27.214 0.079072
230.366 26.6368 0.0874771 2.35278e-22 229.74 27.214 0.079072
230.115 27.2435 0.088177 3.89656e-12 229.74 27.214 0.079072
230.083 26.624 0.0779523 9.50044e-13 229.74 27.214 0.079072
230.427 27.3584 0.0756998 8.19325e-17 229.74 27.214 0.079072
229.653 26.6087 0.11197 1.32707e-27 229.74 27.214 0.079072
229.936 27.5821 0.073829 5.77517e-07 229.74 27.214 0.079072
229.984 26.8486 0.0680922 8.43473e-10 229.74 27.214 0.079072
230.057 26.9567 0.0660696 1.9671e-10 229.74 27.214 0.079072
230.059 27.1352 0.064089 8.51886e-10 229.74 27.214 0.079072
229.971 27.4503 0.0947386 8.52995e-17 229.74 27.214 0.079072
230.109 26.8189 0.07505 3.58148e-10 229.74 27.214 0.079072
230.534 27.395 0.106888 8.70446e-53 229.74 27.214 0.079072
229.835 26.6897 0.0814103 4.47345e-07 229.74 27.214 0.079072
229.822 26.9536 0.0791786 0.00134064 229.74 27.214 0.079072
229.514 26.5597 0.0935004 2.36286e-09 229.74 27.214 0.079072
229.452 27.4385 0.0945331 6.77831e-10 229.74 27.214 0.079072
229.64 27.1529 0.0687851 0.00143491 229.74 27.214 0.079072
229.912 27.4838 0.0840467 5.81761e-08 229.74 27.214 0.079072
230.082 26.8317 0.0651944 2.52659e-13 229.74 27.214 0.079072
229.992 27.5948 0.0750081 3.84543e-08 229.74 27.214 0.079072
229.801 27.1773 0.0720996 0.0041742 229.74 27.214 0.079072
230.078 26.6831 0.0900481 3.69532e-14 229.74 27.214 0.079072
229.99 26.8464 0.0643329 3.1435e-12 229.74 27.214 0.079072
229.604 27.0071 0.0696598 0.000394276 229.74 27.214 0.079072
