119.944 -21.2326 3.4007 2.51158e-06
119.546 -21.0092 3.41932 0.00458121
120.629 -20.543 3.41863 1.36165e-12
119.695 -20.8074 3.42054 0.00241123
119.064 -20.5844 3.40663 4.23251e-09
119.632 -21.1793 3.4134 0.0752118
118.962 -20.6485 3.40049 1.29826e-09
119.477 -21.0074 3.39495 5.14415e-06
119.528 -20.4958 3.41297 2.02275e-06
120.049 -21.4638 3.41474 0.00046135
119.807 -20.8193 3.39895 2.2893e-06
119.427 -21.3002 3.40968 0.00314804
118.978 -21.2074 3.42342 1.08214e-13
119.344 -21.1565 3.39869 9.12145e-05
119.807 -20.7454 3.4193 0.00287986
119.754 -21.0669 3.42388 0.00754647
120.36 -20.9823 3.42569 0.000147212
119.34 -21.4188 3.43199 8.5262e-13
120.371 -20.7765 3.41419 4.43662e-07
120.302 -20.7544 3.42477 2.52247e-05
119.678 -21.6974 3.40639 5.08392e-07
119.757 -21.5219 3.41483 0.000905713
119.3 -20.9827 3.42164 1.10459e-06
119.83 -20.6832 3.40693 0.000126764
119.275 -20.7222 3.39791 1.47455e-06
119.387 -21.3176 3.38994 2.57478e-09
119.621 -21.4663 3.39118 8.58897e-11
119.933 -21.0972 3.40431 0.000278517
119.696 -20.8448 3.39713 2.4217e-06
119.438 -21.128 3.40403 0.00385976
119.627 -21.3123 3.4042 0.00156135
119.981 -21.0873 3.40369 5.68948e-05
119.915 -21.1755 3.40075 7.94144e-06
120.286 -20.9242 3.41838 0.000274171
119.791 -21.3184 3.40855 0.00716747
119.194 -21.2197 3.4051 7.52605e-05
119.106 -20.9526 3.40491 9.75949e-06
118.933 -20.9047 3.40773 1.1226e-08
119.825 -20.9819 3.41286 0.0833357
120.332 -20.9067 3.39294 2.70095e-18
119.834 -21.2433 3.40337 0.000303755
119.646 -20.6148 3.39887 3.66189e-07
120.089 -20.5344 3.41855 3.77652e-06
119.792 -20.8104 3.40436 0.000373251
119.84 -21.0906 3.42297 0.0267018
119.518 -20.808 3.39564 1.65273e-06
119.809 -21.0993 3.39919 1.51174e-05
119.493 -20.9484 3.40792 0.0128671
119.619 -21.6838 3.40098 2.23831e-08
118.998 -20.627 3.41363 3.71347e-11
120.398 -21.0238 3.40092 4.65432e-13
119.543 -20.7791 3.41351 0.00274467
119.286 -20.9943 3.40527 0.000716665
119.923 -21.2349 3.40703 0.00154044
119.572 -20.4224 3.40007 4.65361e-09
119.888 -20.9629 3.41323 0.0547166
119.657 -21.2845 3.41276 0.03791
120.062 -21.2215 3.40338 2.91175e-06
119.879 -21.3262 3.40958 0.00486582
119.828 -21.0577 3.40582 0.00489304
120.205 -21.0243 3.40741 4.89629e-06
119.942 -20.8026 3.42317 0.00257164
119.841 -21.2309 3.40964 0.0203349
119.053 -20.9707 3.39823 8.47935e-07
119.096 -20.7874 3.40619 1.01985e-06
119.643 -20.8128 3.41325 0.0120673
119.742 -20.9702 3.41814 0.0596602
119.282 -21.1583 3.39859 4.83583e-05
119.733 -21.0305 3.43352 3.24275e-07
119.69 -21.013 3.41233 0.103113
119.735 -21.1389 3.41824 0.0830284
119.742 -20.8365 3.41014 0.0141272
119.846 -21.0952 3.41341 0.115491
119.333 -21.5739 3.40225 6.4614e-07
119.747 -21.1271 3.41725 0.113714
119.49 -21.3935 3.41252 0.00177205
120.058 -21.192 3.41916 0.0297149
119.397 -20.6073 3.41527 2.9702e-06
119.478 -20.9508 3.39828 9.38568e-05
119.768 -20.9641 3.42057 0.029644
119.911 -21.0699 3.39851 7.9327e-07
119.8 -20.736 3.40604 0.00030131
120.067 -20.7907 3.39526 8.0039e-12
119.712 -20.8897 3.40495 0.0030801
119.57 -21.0639 3.42494 0.000147554
119.701 -21.0077 3.38665 9.62605e-13
119.483 -20.9052 3.42363 2.06533e-05
119.558 -21.3198 3.41013 0.010689
119.755 -21.2707 3.42868 8.18966e-05
119.4 -20.9835 3.40097 0.000580257
119.86 -21.3254 3.41858 0.0279246
119.742 -21.3987 3.41828 0.00721923
119.614 -20.8754 3.40033 0.000176484
119.592 -21.787 3.43069 1.73202e-12
119.642 -20.8262 3.39773 6.9789e-06
120.201 -21.1322 3.41323 0.00051055
119.485 -20.8991 3.41005 0.00948524
119.156 -21.6632 3.40569 3.93368e-09
119.235 -21.1055 3.41804 4.29808e-06
119.986 -21.0504 3.41112 0.0125412
