216.729 26.2371 0.0667441 0.000166551
216.042 26.2953 0.0689258 1.72848e-06
216.251 25.7098 0.0818915 3.32527e-07
216.537 26.1853 0.0783265 0.0905327
217.09 25.9651 0.0651399 1.61037e-11
215.822 26.3334 0.0791185 1.47835e-08
216.265 25.7615 0.073518 1.23368e-05
216.268 26.5811 0.0734617 3.89846e-05
216.213 26.0756 0.067961 0.000163773
216.494 26.5332 0.0759862 0.00110135
216.852 25.9776 0.0695305 7.19095e-06
216.418 26.0587 0.0841487 0.0024276
216.736 25.9503 0.0889272 1.35196e-09
216.438 25.8267 0.0774409 0.00051496
215.827 26.4789 0.0583723 8.16672e-21
217.164 25.9292 0.0748896 7.22758e-13
216.356 26.1888 0.080134 0.0877835
216.65 25.9437 0.0698646 0.000635077
216.949 25.8531 0.0762773 8.41431e-09
216.484 25.6379 0.0812161 2.90506e-08
216.39 25.9487 0.0606695 3.7704e-08
216.538 26.2539 0.0666795 0.00146763
216.347 25.7632 0.0733982 3.54668e-05
216.683 25.5074 0.0781958 5.33786e-12
216.665 26.0707 0.0713191 0.00660471
216.247 26.2595 0.0841524 0.00308247
216.137 26.2424 0.0925432 2.71651e-08
216.087 25.966 0.086044 2.92536e-06
216.683 25.7449 0.0624319 1.45247e-09
216.316 25.6314 0.0789458 6.79059e-08
216.21 25.7495 0.0733708 2.61271e-06
216.477 26.6289 0.0768728 4.35027e-05
216.613 26.6611 0.0784305 1.98746e-06
216.605 26.1857 0.0806412 0.0111954
216.706 25.5484 0.077145 5.662e-11
216.307 26.259 0.0789405 0.0796566
216.339 25.7533 0.0926306 5.23836e-12
215.986 26.2193 0.0665842 1.70136e-08
216.325 26.6052 0.0449156 2.78703e-30
216.621 25.9377 0.0621561 5.17786e-07
216.45 26.56 0.0761508 0.00055974
216.614 25.9184 0.0832815 3.16392e-05
216.908 25.8939 0.0792003 3.4324e-08
217.05 25.7364 0.0692687 1.56571e-12
216.21 26.2786 0.0881659 3.36498e-05
216.349 26.1197 0.0721615 0.0515955
216.064 26.3543 0.0699133 4.84199e-06
216.3 26.1981 0.0795021 0.076047
216.475 25.8661 0.10103 1.81497e-19
216.349 25.9845 0.0727359 0.013467
216.509 25.7903 0.0775695 0.000101908
216.584 26.0838 0.0699258 0.0119814
216.552 26.227 0.0644208 0.000133753
216.478 26.3051 0.0772917 0.108735
216.634 26.1236 0.082338 0.00137368
216.28 25.8529 0.0795731 0.000302372
216.608 25.6098 0.0673698 1.53843e-09
216.087 26.5482 0.0808253 4.60812e-06
216.806 26.5557 0.0608702 3.97878e-11
216.489 26.1075 0.0780062 0.10781
216.193 26.4314 0.0777238 0.0017808
216.354 26.4592 0.0737885 0.00463208
215.517 25.9123 0.08308 1.50972e-18
216.435 26.1379 0.0712671 0.0610251
216.187 26.2006 0.0843178 0.00133776
216.825 26.553 0.0696353 2.22051e-07
216.881 26.4845 0.0648968 7.37737e-09
216.441 26.0473 0.0871179 7.03495e-05
216.224 25.9352 0.0795973 0.00129395
216.37 26.2513 0.0733267 0.0996441
216.539 26.4338 0.0693173 0.000965853
216.333 26.2936 0.0788401 0.0790816
216.443 25.9743 0.047936 6.8586e-21
216.428 25.8921 0.0878796 9.88648e-07
215.896 26.1559 0.0724647 1.06221e-07
215.916 26.2756 0.0777278 2.03632e-06
216.193 25.9061 0.0744044 0.000376888
216.234 26.4026 0.0674678 2.50745e-05
216.207 25.647 0.0653877 5.30491e-11
216.834 26.281 0.0749347 0.000139772
216.882 26.2789 0.0661115 1.06081e-06
215.992 25.8487 0.0883608 7.48605e-10
216.161 26.1019 0.0589478 3.99481e-11
216.088 26.6753 0.094863 2.55207e-14
216.563 26.8586 0.0779799 2.40164e-10
216.172 26.4562 0.0691256 9.04074e-06
216.476 26.0823 0.0866043 0.000151894
217.065 26.1733 0.0774329 1.97953e-09
216.406 26.0722 0.0939787 1.77628e-09
216.795 26.0371 0.0713456 0.000209406
216.482 26.2099 0.0672148 0.00337586
216.692 25.6619 0.0828222 5.8811e-10
216.349 25.7107 0.0630243 7.11639e-10
216.834 25.5613 0.0773732 2.01913e-12
216.423 26.5163 0.0720107 0.000686346
215.945 26.193 0.0608885 1.82323e-13
215.91 26.6198 0.0869873 3.93841e-11
216.369 26.1312 0.0728452 0.0875276
216.822 25.604 0.069235 4.23665e-11
216.207 25.5978 0.0758076 3.97149e-09
