269.816 -12.0672 3.87599 4.83222e-07
270.145 -12.6609 3.89095 0.120709
270.314 -12.2808 3.89898 0.00378861
270.193 -12.449 3.88681 0.0274166
269.627 -12.8847 3.88367 6.18874e-06
269.883 -12.2195 3.89502 2.37552e-06
270.5 -11.7082 3.87892 7.38501e-22
270.262 -12.3244 3.88286 0.000105809
269.835 -11.9213 3.87587 8.59794e-10
270.669 -12.0328 3.88702 1.17844e-12
269.907 -12.1166 3.90357 6.07493e-12
269.761 -12.459 3.90153 3.13121e-10
270.213 -12.2544 3.90977 2.82761e-08
269.828 -12.0322 3.88935 5.28956e-08
270.474 -11.9101 3.90138 2.07199e-09
270.285 -11.8352 3.88754 2.00847e-11
270.04 -12.2482 3.87904 7.66814e-05
270.218 -11.8492 3.89541 1.47388e-10
270.245 -12.505 3.89791 0.0909196
270.669 -12.1908 3.8907 3.16646e-08
270.615 -12.7196 3.90385 0.0450388
270.163 -12.6254 3.88671 0.049645
270.412 -12.0909 3.90674 5.15741e-07
270.59 -12.1597 3.90461 4.93813e-05
270.497 -12.1797 3.9158 1.0852e-08
270.148 -12.0088 3.8764 2.7809e-10
270.742 -12.6335 3.89657 0.000254145
270.398 -11.8219 3.88988 4.2046e-12
270.116 -12.5777 3.89217 0.136452
269.917 -12.4735 3.87948 0.00858877
269.386 -12.1866 3.88371 2.91411e-10
270.178 -12.2686 3.87249 1.61758e-09
270.115 -12.5154 3.87856 0.00038257
270.335 -12.324 3.89343 0.0120143
270.266 -12.0003 3.88522 2.88989e-08
269.878 -12.1804 3.88394 0.000123003
270.227 -11.9286 3.88599 3.16795e-09
270.092 -12.6245 3.88229 0.00957003
269.861 -12.447 3.88427 0.0165316
270.321 -12.3631 3.89563 0.0332943
269.992 -12.3406 3.88849 0.009878
269.353 -12.5701 3.86156 5.28887e-07
270.184 -12.0971 3.86755 2.63295e-15
269.543 -11.548 3.89577 2.50928e-29
270.491 -12.2976 3.90563 0.00161386
269.907 -12.157 3.89869 1.90115e-08
269.831 -12.2564 3.90562 2.90343e-13
270.487 -12.172 3.90288 0.000117201
270.557 -12.5327 3.88314 3.56873e-08
269.809 -12.5381 3.86212 7.75341e-10
270.297 -12.0177 3.89747 6.63344e-07
270.25 -11.8738 3.90129 5.42254e-11
270.176 -11.8997 3.90489 1.71001e-12
270.08 -12.3519 3.90876 4.93542e-09
269.917 -11.3917 3.88074 3.9015e-25
269.971 -12.1053 3.88311 1.41309e-05
269.517 -12.2966 3.8876 2.50599e-08
270.084 -11.7785 3.89024 3.1171e-12
269.9 -12.1156 3.8989 2.64463e-09
269.977 -12.108 3.89307 3.05652e-06
270.053 -12.0615 3.87565 1.1814e-08
269.823 -12.5057 3.87494 0.00137459
269.522 -12.1072 3.87198 2.35404e-07
269.899 -12.2629 3.88672 0.000983389
270.062 -12.1447 3.88694 9.88722e-05
270.155 -12.2358 3.90543 5.17362e-07
269.208 -11.4393 3.88892 3.66574e-37
270.378 -12.0634 3.87747 2.03649e-12
269.613 -12.3764 3.88441 5.06301e-05
270.287 -12.485 3.88627 0.0067103
269.757 -12.444 3.88673 0.00150943
270.505 -12.4852 3.89098 0.00184465
269.898 -11.9644 3.87977 2.29142e-08
269.85 -12.7081 3.88765 0.00575279
269.812 -12.1072 3.88579 3.56643e-06
269.478 -12.3378 3.88125 2.83138e-06
270.218 -12.3277 3.89745 0.00783995
270.048 -12.4391 3.88552 0.0380004
270.1 -12.5888 3.89451 0.0669997
270.33 -11.9047 3.88704 2.83894e-10
270.418 -12.4033 3.9091 0.000511762
270.455 -12.0073 3.88903 8.31256e-09
269.259 -12.5282 3.89873 4.85293e-23
270.482 -12.2737 3.89367 0.00068319
270.019 -12.2923 3.88331 0.00237453
270.461 -12.5844 3.89516 0.0692409
269.94 -12.7606 3.90961 4.04964e-12
270.334 -11.781 3.90186 4.75088e-13
269.593 -11.6606 3.89706 2.5579e-25
270.374 -12.691 3.90577 0.0101124
269.929 -12.3751 3.89068 0.00404601
270.352 -12.4583 3.89333 0.0719155
269.899 -12.0157 3.88265 3.78155e-07
270.079 -11.7997 3.90251 3.65377e-15
270.48 -12.4895 3.91101 0.000971241
270.117 -12.378 3.88836 0.0294167
270.084 -12.6108 3.89131 0.11213
269.664 -12.3399 3.89008 1.94062e-06
270.219 -11.6957 3.91599 1.25752e-24
269.887 -12.2546 3.88574 0.000825776
