234.642 -14.9905 2.89452 9.50198e-05 234.23 -14.913 2.8893
234.142 -14.3094 2.90902 1.29449e-19 234.23 -14.913 2.8893
234.604 -14.1431 2.8777 1.73704e-12 234.23 -14.913 2.8893
234.751 -14.8618 2.87461 3.35434e-13 234.23 -14.913 2.8893
234.391 -14.7121 2.88693 0.0430616 234.23 -14.913 2.8893
234.419 -14.612 2.88139 0.00189549 234.23 -14.913 2.8893
234.664 -15.1662 2.88301 1.83375e-08 234.23 -14.913 2.8893
233.882 -15.4187 2.88226 5.94014e-06 234.23 -14.913 2.8893
233.588 -15.1293 2.89344 1.03891e-10 234.23 -14.913 2.8893
233.901 -15.4304 2.88708 3.8238e-07 234.23 -14.913 2.8893
234.326 -15.0483 2.89587 0.000187845 234.23 -14.913 2.8893
234.438 -14.7101 2.88744 0.021651 234.23 -14.913 2.8893
233.99 -14.7322 2.88195 0.276222 234.23 -14.913 2.8893
234.621 -14.4575 2.87875 2.42339e-08 234.23 -14.913 2.8893
234.314 -15.1033 2.87889 6.65419e-05 234.23 -14.913 2.8893
234.138 -14.3288 2.89312 2.80829e-06 234.23 -14.913 2.8893
233.825 -14.5628 2.8705 0.00114967 234.23 -14.913 2.8893
234.077 -15.2498 2.87356 0.000468065 234.23 -14.913 2.8893
233.993 -14.0838 2.88242 1.0673e-07 234.23 -14.913 2.8893
234.052 -14.9862 2.9059 1.02385e-13 234.23 -14.913 2.8893
233.828 -14.3328 2.87186 6.37045e-05 234.23 -14.913 2.8893
234.487 -14.8634 2.88627 0.00563464 234.23 -14.913 2.8893
233.878 -15.2872 2.88306 0.000207124 234.23 -14.913 2.8893
234.718 -15.1121 2.87415 9.23405e-15 234.23 -14.913 2.8893
234.5 -14.3851 2.88025 2.10031e-06 234.23 -14.913 2.8893
234.027 -14.8897 2.87492 0.00879528 234.23 -14.913 2.8893
234.122 -14.9454 2.88664 0.0708942 234.23 -14.913 2.8893
234.138 -14.6185 2.87353 0.00118675 234.23 -14.913 2.8893
234.332 -14.5816 2.86951 1.70743e-08 234.23 -14.913 2.8893
234.102 -14.5135 2.87827 0.0203569 234.23 -14.913 2.8893
234.213 -14.5693 2.87693 0.00430693 234.23 -14.913 2.8893
234.495 -14.9298 2.8844 0.00114895 234.23 -14.913 2.8893
234.074 -15.0191 2.87646 0.00242863 234.23 -14.913 2.8893
233.787 -14.5637 2.88297 0.00530743 234.23 -14.913 2.8893
234.146 -14.048 2.89324 3.28312e-11 234.23 -14.913 2.8893
234.279 -15.0985 2.8918 0.00110554 234.23 -14.913 2.8893
234.454 -14.9174 2.87182 2.41542e-09 234.23 -14.913 2.8893
233.952 -14.6847 2.88578 0.0561658 234.23 -14.913 2.8893
234.169 -14.1851 2.88637 3.12488e-06 234.23 -14.913 2.8893
234.075 -14.6825 2.86857 1.14545e-05 234.23 -14.913 2.8893
233.605 -14.7988 2.86778 7.10801e-05 234.23 -14.913 2.8893
234.072 -15.3054 2.87868 0.000637269 234.23 -14.913 2.8893
233.643 -14.6427 2.87112 0.00126832 234.23 -14.913 2.8893
234.639 -14.2996 2.8765 1.44325e-11 234.23 -14.913 2.8893
234.018 -14.5915 2.89805 1.03343e-07 234.23 -14.913 2.8893
234.713 -14.9957 2.89159 1.92372e-05 234.23 -14.913 2.8893
234.305 -15.0366 2.89153 0.00402562 234.23 -14.913 2.8893
234.681 -14.6377 2.88282 1.54804e-06 234.23 -14.913 2.8893
234.06 -14.3796 2.88922 0.000179496 234.23 -14.913 2.8893
233.785 -15.1501 2.8882 2.59394e-05 234.23 -14.913 2.8893
233.749 -14.2186 2.89072 1.38308e-10 234.23 -14.913 2.8893
234.424 -14.5092 2.90172 9.0376e-08 234.23 -14.913 2.8893
233.946 -14.1539 2.889 1.76773e-08 234.23 -14.913 2.8893
234.277 -14.4096 2.87144 2.23834e-07 234.23 -14.913 2.8893
234.343 -14.8378 2.87042 4.19954e-08 234.23 -14.913 2.8893
234.005 -15.1444 2.88269 0.00161279 234.23 -14.913 2.8893
234.441 -15.4605 2.88648 2.13692e-09 234.23 -14.913 2.8893
233.931 -15.0076 2.86227 1.3612e-10 234.23 -14.913 2.8893
234.198 -14.937 2.87256 2.5176e-05 234.23 -14.913 2.8893
234.12 -14.937 2.88063 0.0622083 234.23 -14.913 2.8893
234.259 -14.6094 2.86088 5.1259e-15 234.23 -14.913 2.8893
234.232 -14.7608 2.89483 0.0018736 234.23 -14.913 2.8893
234.365 -15.0364 2.8787 7.51694e-05 234.23 -14.913 2.8893
233.42 -14.8598 2.90882 3.72407e-28 234.23 -14.913 2.8893
234.203 -14.9752 2.88392 0.0504598 234.23 -14.913 2.8893
234.454 -14.6509 2.88106 0.000806817 234.23 -14.913 2.8893
234.299 -14.8105 2.89161 0.0302122 234.23 -14.913 2.8893
234.071 -14.5393 2.89054 0.00211007 234.23 -14.913 2.8893
234.178 -14.5277 2.87636 0.00309583 234.23 -14.913 2.8893
234.688 -14.2572 2.89481 6.34716e-09 234.23 -14.913 2.8893
234.534 -15.0473 2.88297 2.46455e-05 234.23 -14.913 2.8893
234.525 -14.4927 2.88384 0.000103389 234.23 -14.913 2.8893
233.959 -14.5848 2.87822 0.0800335 234.23 -14.913 2.8893
234.36 -14.444 2.87691 2.40313e-05 234.23 -14.913 2.8893
234.305 -14.56 2.8726 4.14005e-06 234.23 -14.913 2.8893
234.027 -14.7398 2.87657 0.0681741 234.23 -14.913 2.8893
234.829 -14.3939 2.90494 1.38031e-11 234.23 -14.913 2.8893
234.305 -14.5158 2.88537 0.0161858 234.23 -14.913 2.8893
234.529 -14.8803 2.88937 0.00387531 234.23 -14.913 2.8893
234.31 -14.1576 2.86937 3.3917e-12 234.23 -14.913 2.8893
233.584 -15.0488 2.87928 0.00043873 234.23 -14.913 2.8893
233.632 -14.7574 2.87949 0.00218251 234.23 -14.913 2.8893
234.614 -14.8009 2.88855 0.000690713 234.23 -14.913 2.8893
234.298 -15.0172 2.87181 1.23605e-07 234.23 -14.913 2.8893
234.299 -14.677 2.88147 0.0359163 234.23 -14.913 2.8893
233.715 -15.1127 2.87867 0.00335418 234.23 -14.913 2.8893
234.111 -14.4365 2.86813 3.25262e-07 234.23 -14.913 2.8893
234.455 -14.8391 2.87374 1.36679e-07 234.23 -14.913 2.8893
234.329 -15.4736 2.90208 2.68958e-12 234.23 -14.913 2.8893
234.059 -14.9368 2.87931 0.0517883 234.23 -14.913 2.8893
234.048 -14.4556 2.87858 0.0124101 234.23 -14.913 2.8893
233.983 -14.986 2.8829 0.0387388 234.23 -14.913 2.8893
233.32 -14.3899 2.88699 2.99284e-14 234.23 -14.913 2.8893
234.342 -14.8408 2.86673 3.66576e-11 234.23 -14.913 2.8893
234.797 -15.3659 2.9018 2.10385e-11 234.23 -14.913 2.8893
234.32 -14.424 2.88966 0.0010016 234.23 -14.913 2.8893
233.981 -15.1968 2.90304 2.62376e-12 234.23 -14.913 2.8893
234.168 -14.6796 2.89904 2.18869e-06 234.23 -14.913 2.8893
233.829 -14.2923 2.88707 1.56557e-06 234.23 -14.913 2.8893
234.094 -14.8215 2.89242 0.00391583 234.23 -14.913 2.8893
