240.24 -17.4729 2.93051 3.71123e-08
239.967 -17.7159 2.93005 3.35786e-15
239.997 -16.7959 2.90107 0.00246544
240.769 -16.7983 2.90941 0.000187515
240.274 -16.5013 2.90533 0.00539546
239.422 -16.424 2.91129 2.25233e-16
239.893 -16.7235 2.9194 7.97215e-09
240.623 -17.9852 2.92655 2.12845e-13
240.149 -17.2176 2.91412 0.000220657
239.878 -17.3308 2.9074 2.38645e-08
240.399 -17.2625 2.91912 0.000978726
240.376 -17.029 2.90425 0.000431349
240.55 -17.0063 2.91707 0.150562
240.716 -16.5526 2.91566 0.00165739
240.267 -16.5724 2.90636 0.0216504
240.903 -16.435 2.9232 9.1571e-07
240.169 -17.1145 2.90023 4.36752e-06
239.975 -16.5478 2.92019 2.88831e-09
240.715 -16.3911 2.90852 2.0257e-06
240.199 -16.8607 2.90239 0.00433385
240.545 -17.0275 2.91372 0.0664515
240.798 -17.1206 2.92235 0.0107017
240.528 -16.5868 2.91776 0.010121
240.483 -16.6256 2.92161 0.00142281
240.059 -17.1527 2.89674 2.66187e-08
240.197 -16.7942 2.8953 2.2363e-06
240.29 -16.8225 2.91587 0.0777083
240.677 -17.0319 2.91761 0.0588663
240.232 -17.0702 2.92037 0.000583769
239.637 -17.1078 2.91582 1.97938e-12
240.333 -16.4314 2.91682 0.000108641
239.81 -16.7312 2.93338 1.17253e-25
240.178 -16.9006 2.9114 0.0658794
240.712 -16.2844 2.91466 6.06614e-07
240.734 -17.055 2.89244 3.04009e-20
240.126 -17.2274 2.90588 2.51212e-05
240.53 -17.4538 2.91368 2.74624e-06
240.533 -16.7932 2.90215 2.65424e-05
240.461 -17.342 2.91147 3.13007e-05
240.693 -16.7154 2.9074 0.000188358
240.721 -16.8989 2.9055 4.10971e-06
239.98 -16.573 2.92012 7.41404e-09
240.015 -16.8276 2.92066 5.71721e-07
240.572 -16.8906 2.90313 1.56918e-05
240.441 -17.0817 2.91698 0.0588486
240.185 -17.6625 2.91367 3.49753e-10
240.457 -17.1918 2.92042 0.00513737
240.955 -17.0759 2.93004 0.000394491
240.326 -16.6221 2.89215 1.41794e-09
240.533 -16.7188 2.91407 0.132338
240.731 -16.8589 2.92333 0.025678
240.172 -17.1163 2.90829 0.00221014
240.696 -17.0126 2.9039 1.61119e-07
240.559 -17.2209 2.89817 1.03207e-12
240.536 -17.3054 2.90833 2.32014e-06
240.324 -16.5473 2.89942 7.17124e-05
240.703 -17.202 2.91257 0.00014064
239.575 -17.0345 2.92021 5.44616e-17
240.383 -17.1512 2.90293 4.17929e-06
240.667 -17.413 2.91123 1.76772e-07
240.158 -17.1733 2.89491 2.51958e-10
241.021 -17.1472 2.89253 7.28469e-30
240.123 -16.8977 2.92622 8.86805e-09
240.457 -17.3262 2.91671 0.000930165
240.754 -17.3712 2.92406 0.0006416
240.146 -17.0713 2.91353 0.00437224
240.734 -16.9114 2.91068 0.00115889
239.511 -17.1196 2.90872 4.83591e-12
240.052 -17.2501 2.92117 5.56604e-08
240.722 -16.3655 2.92761 3.42063e-09
240.426 -16.2406 2.90625 2.55459e-06
239.993 -17.3195 2.92447 1.21713e-11
241.258 -17.4473 2.92239 3.72541e-10
240.667 -17.0285 2.91526 0.0334838
240.598 -17.4239 2.9223 0.000287858
241.049 -16.9712 2.91576 4.57834e-06
240.393 -16.9743 2.90842 0.0296194
240.613 -16.95 2.92249 0.0512887
240.349 -17.2113 2.91747 0.00265697
240.288 -17.0649 2.92656 2.61611e-06
239.911 -16.8704 2.91452 2.0349e-05
240.191 -16.7786 2.92263 1.18669e-05
240.256 -17.1087 2.90658 0.00142076
240.839 -16.7719 2.92152 0.00809976
240.624 -16.663 2.9122 0.0181055
240.162 -17.7634 2.90217 9.52927e-18
240.383 -16.2382 2.89299 1.50311e-11
241.112 -16.9945 2.90668 1.52461e-13
240.513 -16.5672 2.89804 9.93149e-08
240.768 -16.3446 2.91876 1.30072e-06
240.388 -17.2173 2.91145 0.00135041
240.818 -16.1236 2.9059 7.34097e-13
240.82 -17.192 2.91525 0.000135636
240.381 -17.4586 2.9083 5.16054e-08
240.459 -16.7477 2.91672 0.13859
239.872 -16.8321 2.90432 0.000926992
240.783 -16.7517 2.90663 4.39866e-06
240.468 -17.2546 2.91552 0.00201557
240.218 -17.0914 2.90072 1.03123e-05
240.896 -17.0691 2.93701 2.99658e-07
