122.232 -21.1646 3.3963 5.4699e-07 122.26 -20.409 3.4092
121.556 -20.3515 3.43007 5.31266e-23 122.26 -20.409 3.4092
122.735 -20.7943 3.39373 4.05719e-10 122.26 -20.409 3.4092
122.82 -20.604 3.41697 0.00243349 122.26 -20.409 3.4092
122.058 -20.3373 3.40293 0.00276212 122.26 -20.409 3.4092
122.32 -20.9567 3.41755 0.000780742 122.26 -20.409 3.4092
122.095 -20.1508 3.40485 9.53454e-05 122.26 -20.409 3.4092
122.09 -20.2326 3.40721 0.000678296 122.26 -20.409 3.4092
121.782 -20.3597 3.40271 3.84254e-05 122.26 -20.409 3.4092
122.286 -20.7738 3.40322 0.0344972 122.26 -20.409 3.4092
122.172 -20.5777 3.41083 0.0631969 122.26 -20.409 3.4092
122.731 -20.2795 3.41893 0.000351691 122.26 -20.409 3.4092
121.641 -20.6162 3.40743 7.933e-07 122.26 -20.409 3.4092
122.333 -20.6673 3.402 0.026886 122.26 -20.409 3.4092
122.776 -20.511 3.39592 2.59003e-09 122.26 -20.409 3.4092
122.215 -21.0394 3.39973 0.000148372 122.26 -20.409 3.4092
122.208 -20.616 3.41886 0.00191371 122.26 -20.409 3.4092
122.386 -20.6641 3.41638 0.0538728 122.26 -20.409 3.4092
122.852 -20.5052 3.42233 0.000431093 122.26 -20.409 3.4092
122.317 -20.6199 3.41258 0.137851 122.26 -20.409 3.4092
122.217 -20.6719 3.40125 0.0305725 122.26 -20.409 3.4092
123.212 -20.4157 3.42042 2.07282e-08 122.26 -20.409 3.4092
121.953 -20.8327 3.4054 0.00240493 122.26 -20.409 3.4092
121.889 -19.6251 3.41364 6.90722e-17 122.26 -20.409 3.4092
122.291 -20.4692 3.4287 1.95331e-07 122.26 -20.409 3.4092
122.043 -20.6808 3.40638 0.0263665 122.26 -20.409 3.4092
122.031 -20.5681 3.40633 0.0223597 122.26 -20.409 3.4092
122.241 -20.7547 3.392 1.4023e-05 122.26 -20.409 3.4092
122.149 -20.313 3.40458 0.00483478 122.26 -20.409 3.4092
122.608 -20.8737 3.42294 0.000415581 122.26 -20.409 3.4092
122.622 -19.9662 3.39756 2.12326e-11 122.26 -20.409 3.4092
121.692 -20.2532 3.40097 6.21517e-07 122.26 -20.409 3.4092
122.304 -20.5188 3.40457 0.0680884 122.26 -20.409 3.4092
121.72 -19.8571 3.4266 8.49355e-22 122.26 -20.409 3.4092
122.61 -20.4521 3.40813 0.00783756 122.26 -20.409 3.4092
122.872 -21.1007 3.40961 1.62903e-07 122.26 -20.409 3.4092
121.929 -20.8748 3.41764 9.38833e-07 122.26 -20.409 3.4092
122.056 -20.7431 3.41221 0.00473026 122.26 -20.409 3.4092
122.368 -20.4275 3.39697 0.000171146 122.26 -20.409 3.4092
122.303 -20.567 3.39364 4.70301e-05 122.26 -20.409 3.4092
122.497 -20.3779 3.42068 0.00234202 122.26 -20.409 3.4092
122.626 -20.4677 3.40684 0.0038809 122.26 -20.409 3.4092
122.442 -20.7606 3.40959 0.0913374 122.26 -20.409 3.4092
121.792 -20.5751 3.41928 7.00913e-09 122.26 -20.409 3.4092
122.222 -20.6788 3.41274 0.0593287 122.26 -20.409 3.4092
122.712 -20.5627 3.42053 0.00546456 122.26 -20.409 3.4092
121.946 -20.7991 3.42077 1.4571e-07 122.26 -20.409 3.4092
121.981 -20.4263 3.40927 0.00190445 122.26 -20.409 3.4092
122.704 -20.7144 3.40995 0.00513938 122.26 -20.409 3.4092
122.979 -20.1861 3.39263 7.17538e-18 122.26 -20.409 3.4092
122.714 -20.7673 3.41489 0.00761355 122.26 -20.409 3.4092
122.406 -20.4979 3.40119 0.00539411 122.26 -20.409 3.4092
122.154 -20.5569 3.41719 0.00224394 122.26 -20.409 3.4092
122.467 -20.2587 3.39656 1.35985e-06 122.26 -20.409 3.4092
121.724 -20.6059 3.41915 4.73795e-10 122.26 -20.409 3.4092
122.933 -20.7152 3.42197 0.00011315 122.26 -20.409 3.4092
121.855 -20.9285 3.40358 0.000114265 122.26 -20.409 3.4092
121.898 -20.9866 3.41689 1.004e-07 122.26 -20.409 3.4092
122.195 -20.2517 3.38494 5.25406e-11 122.26 -20.409 3.4092
122.107 -20.5762 3.39464 0.000597413 122.26 -20.409 3.4092
122.31 -20.7343 3.40463 0.0685259 122.26 -20.409 3.4092
121.549 -20.9932 3.41541 2.43199e-13 122.26 -20.409 3.4092
122.368 -20.557 3.40347 0.0387085 122.26 -20.409 3.4092
122.336 -20.6755 3.41349 0.110047 122.26 -20.409 3.4092
121.981 -20.2543 3.41157 5.0855e-05 122.26 -20.409 3.4092
122.22 -20.4003 3.39616 0.000290108 122.26 -20.409 3.4092
122.433 -20.4536 3.40032 0.00140687 122.26 -20.409 3.4092
122.336 -20.283 3.41785 0.000962874 122.26 -20.409 3.4092
122.017 -20.7758 3.41484 0.000350418 122.26 -20.409 3.4092
122.128 -20.4076 3.38945 8.47182e-07 122.26 -20.409 3.4092
121.829 -21.2006 3.40376 8.49781e-08 122.26 -20.409 3.4092
122.209 -20.5432 3.40005 0.0146392 122.26 -20.409 3.4092
122.766 -20.2578 3.40334 5.39615e-07 122.26 -20.409 3.4092
122.595 -20.7259 3.40513 0.00415978 122.26 -20.409 3.4092
122.567 -20.1627 3.4209 3.89628e-05 122.26 -20.409 3.4092
122.107 -20.5137 3.39367 0.000196373 122.26 -20.409 3.4092
121.941 -20.7953 3.41499 3.66134e-05 122.26 -20.409 3.4092
122.934 -20.2415 3.40537 8.885e-09 122.26 -20.409 3.4092
122.152 -20.9909 3.41303 0.000533262 122.26 -20.409 3.4092
122.706 -20.9987 3.41035 0.000139265 122.26 -20.409 3.4092
122.812 -20.7064 3.40828 0.000199344 122.26 -20.409 3.4092
122.067 -20.2472 3.40918 0.000510608 122.26 -20.409 3.4092
122.998 -20.9559 3.40588 3.64077e-09 122.26 -20.409 3.4092
122.69 -20.7132 3.39044 2.0915e-11 122.26 -20.409 3.4092
122.727 -20.448 3.40218 1.09179e-05 122.26 -20.409 3.4092
122.297 -20.8621 3.39398 2.0091e-05 122.26 -20.409 3.4092
122.547 -20.7629 3.38975 7.99332e-10 122.26 -20.409 3.4092
122.721 -20.4925 3.42093 0.00316771 122.26 -20.409 3.4092
121.84 -20.6894 3.41872 7.9725e-08 122.26 -20.409 3.4092
122.23 -21.0286 3.4158 0.000168895 122.26 -20.409 3.4092
122.146 -20.4241 3.41344 0.00668921 122.26 -20.409 3.4092
122.132 -21.139 3.41925 1.39846e-07 122.26 -20.409 3.4092
122.422 -20.8113 3.41066 0.0665451 122.26 -20.409 3.4092
122.592 -20.6992 3.39945 6.61791e-05 122.26 -20.409 3.4092
122.918 -20.7896 3.41622 0.000117685 122.26 -20.409 3.4092
122.572 -20.1254 3.42446 1.6644e-06 122.26 -20.409 3.4092
122.4 -20.6166 3.39519 5.76246e-05 122.26 -20.409 3.4092
121.931 -20.7358 3.41716 6.88111e-06 122.26 -20.409 3.4092
122.589 -20.4221 3.40601 0.00309154 122.26 -20.409 3.4092
121.537 -21.1876 3.40228 2.89356e-11 122.26 -20.409 3.4092
