54.6089 -56.7348 3.94802 2.13643e-06 54.629 -56.924 3.9336
54.9395 -56.6792 3.9319 1.65038e-07 54.629 -56.924 3.9336
54.6681 -56.8438 3.93757 0.0141598 54.629 -56.924 3.9336
54.381 -56.5705 3.91319 1.12394e-16 54.629 -56.924 3.9336
54.6675 -56.3915 3.93357 1.1592e-11 54.629 -56.924 3.9336
54.5897 -56.7051 3.92042 9.89521e-09 54.629 -56.924 3.9336
54.8183 -57.062 3.93573 0.03612 54.629 -56.924 3.9336
54.2396 -56.6797 3.95115 6.33473e-14 54.629 -56.924 3.9336
54.4767 -57.156 3.94234 0.000779216 54.629 -56.924 3.9336
55.0922 -56.6097 3.95703 3.45893e-14 54.629 -56.924 3.9336
54.168 -57.0556 3.93676 2.1127e-06 54.629 -56.924 3.9336
54.9189 -57.1545 3.93051 0.000580469 54.629 -56.924 3.9336
54.7477 -57.4472 3.92822 4.55518e-05 54.629 -56.924 3.9336
54.4656 -56.8231 3.93247 0.00249839 54.629 -56.924 3.9336
54.751 -57.1362 3.93172 0.0545216 54.629 -56.924 3.9336
54.5328 -56.7497 3.92726 5.67482e-05 54.629 -56.924 3.9336
54.2227 -56.9227 3.94747 5.17538e-10 54.629 -56.924 3.9336
54.4807 -57.2645 3.92915 0.0155351 54.629 -56.924 3.9336
53.9196 -57.1576 3.92311 2.09879e-11 54.629 -56.924 3.9336
54.7407 -56.9576 3.93872 0.044347 54.629 -56.924 3.9336
54.7459 -56.7741 3.93606 0.00155257 54.629 -56.924 3.9336
54.6321 -57.127 3.93052 0.127141 54.629 -56.924 3.9336
54.6059 -57.1062 3.9425 0.00761168 54.629 -56.924 3.9336
54.8183 -56.6255 3.93569 2.2214e-06 54.629 -56.924 3.9336
54.667 -56.248 3.92358 1.86334e-20 54.629 -56.924 3.9336
54.5338 -56.9298 3.91896 4.0753e-06 54.629 -56.924 3.9336
54.3731 -57.2401 3.92232 0.000294353 54.629 -56.924 3.9336
54.2366 -57.3136 3.94537 2.29041e-10 54.629 -56.924 3.9336
54.6369 -56.3546 3.93092 2.21541e-13 54.629 -56.924 3.9336
54.4053 -57.0897 3.93748 0.00682015 54.629 -56.924 3.9336
55.2689 -56.4814 3.9423 2.28435e-16 54.629 -56.924 3.9336
54.8075 -57.0086 3.93366 0.0287943 54.629 -56.924 3.9336
54.5273 -57.026 3.94267 0.00348275 54.629 -56.924 3.9336
54.4858 -56.776 3.93298 0.000924524 54.629 -56.924 3.9336
54.6743 -57.0223 3.9378 0.117585 54.629 -56.924 3.9336
54.6298 -56.8265 3.91934 1.69212e-07 54.629 -56.924 3.9336
54.295 -56.8375 3.94236 1.14645e-06 54.629 -56.924 3.9336
55.0076 -56.9327 3.93405 4.51745e-05 54.629 -56.924 3.9336
54.7734 -56.3443 3.94779 8.73661e-14 54.629 -56.924 3.9336
54.3793 -56.4812 3.92932 5.86583e-11 54.629 -56.924 3.9336
54.399 -57.3739 3.93245 0.000345313 54.629 -56.924 3.9336
54.6215 -57.5513 3.93335 3.11894e-06 54.629 -56.924 3.9336
54.4917 -56.6429 3.93343 7.74527e-06 54.629 -56.924 3.9336
54.2993 -57.135 3.93408 0.00105073 54.629 -56.924 3.9336
54.6112 -56.9628 3.90964 6.60072e-13 54.629 -56.924 3.9336
55.0618 -57.1409 3.91983 2.75902e-11 54.629 -56.924 3.9336
54.6047 -56.9834 3.92395 0.00155046 54.629 -56.924 3.9336
55.0276 -56.6346 3.95077 3.70774e-10 54.629 -56.924 3.9336
54.6367 -57.2377 3.9326 0.0606255 54.629 -56.924 3.9336
55.3049 -56.0885 3.94826 1.35366e-29 54.629 -56.924 3.9336
54.9577 -56.6111 3.92246 1.46479e-13 54.629 -56.924 3.9336
54.7433 -56.8873 3.92862 0.00185104 54.629 -56.924 3.9336
55.3451 -57.0276 3.94315 5.89756e-12 54.629 -56.924 3.9336
54.789 -56.3402 3.92858 1.58895e-15 54.629 -56.924 3.9336
54.8927 -57.0847 3.942 0.00196768 54.629 -56.924 3.9336
54.4501 -57.2164 3.92391 0.00260401 54.629 -56.924 3.9336
54.5833 -56.6482 3.93219 1.37355e-05 54.629 -56.924 3.9336
54.4305 -57.5893 3.9242 9.43937e-08 54.629 -56.924 3.9336
54.2813 -57.0785 3.92062 1.80645e-05 54.629 -56.924 3.9336
54.4643 -56.831 3.93618 0.00274739 54.629 -56.924 3.9336
54.38 -56.8335 3.94713 2.15607e-07 54.629 -56.924 3.9336
54.3536 -56.83 3.93146 0.00029748 54.629 -56.924 3.9336
54.804 -56.8621 3.94583 0.00026822 54.629 -56.924 3.9336
54.8108 -57.1121 3.92862 0.00510068 54.629 -56.924 3.9336
54.9368 -56.8128 3.94518 2.12494e-05 54.629 -56.924 3.9336
53.8279 -57.2148 3.9206 1.83718e-14 54.629 -56.924 3.9336
55.1666 -57.1888 3.9353 5.81087e-08 54.629 -56.924 3.9336
54.5747 -56.9087 3.93966 0.0173896 54.629 -56.924 3.9336
54.0281 -56.3662 3.92878 3.40957e-20 54.629 -56.924 3.9336
54.0449 -56.8779 3.94241 5.14479e-12 54.629 -56.924 3.9336
54.5626 -56.9325 3.93388 0.0675893 54.629 -56.924 3.9336
54.8447 -56.4264 3.93236 4.79452e-12 54.629 -56.924 3.9336
54.9217 -57.0556 3.93123 0.000846885 54.629 -56.924 3.9336
54.9365 -56.5945 3.94901 2.78056e-09 54.629 -56.924 3.9336
54.6305 -57.0305 3.92398 0.00233806 54.629 -56.924 3.9336
54.8286 -56.5738 3.92805 1.46569e-09 54.629 -56.924 3.9336
54.7555 -56.9445 3.9337 0.0358139 54.629 -56.924 3.9336
54.4506 -56.791 3.92151 1.1926e-06 54.629 -56.924 3.9336
54.7444 -56.914 3.93819 0.0289922 54.629 -56.924 3.9336
54.6452 -57.029 3.93829 0.1061 54.629 -56.924 3.9336
54.0224 -56.7085 3.938 7.50601e-13 54.629 -56.924 3.9336
54.7923 -57.1894 3.93476 0.027117 54.629 -56.924 3.9336
54.3207 -56.7154 3.94093 3.73099e-07 54.629 -56.924 3.9336
55.0222 -56.8459 3.95607 1.36103e-10 54.629 -56.924 3.9336
54.6554 -57.0147 3.93603 0.163592 54.629 -56.924 3.9336
55.1028 -57.1552 3.93723 2.73967e-06 54.629 -56.924 3.9336
54.6395 -56.2279 3.92789 6.34393e-19 54.629 -56.924 3.9336
54.4402 -56.9436 3.93747 0.00848483 54.629 -56.924 3.9336
54.2234 -56.6909 3.93894 1.07793e-08 54.629 -56.924 3.9336
54.3758 -56.4744 3.92589 3.70532e-12 54.629 -56.924 3.9336
54.6628 -57.0491 3.91457 1.25446e-08 54.629 -56.924 3.9336
54.7832 -56.7051 3.94871 9.90923e-07 54.629 -56.924 3.9336
55.2087 -56.5996 3.92107 5.90154e-21 54.629 -56.924 3.9336
54.5848 -56.4748 3.91625 3.33262e-17 54.629 -56.924 3.9336
54.5597 -56.8798 3.91621 2.02594e-08 54.629 -56.924 3.9336
55.008 -57.2411 3.92871 3.03401e-06 54.629 -56.924 3.9336
54.8709 -57.7486 3.93354 1.47448e-12 54.629 -56.924 3.9336
54.1382 -56.6441 3.92846 1.21803e-10 54.629 -56.924 3.9336
54.706 -56.861 3.92633 0.000332804 54.629 -56.924 3.9336
54.7089 -56.6874 3.93022 1.55102e-05 54.629 -56.924 3.9336
