194.129 -9.5295 3.15653 0.000806338
194.346 -9.63925 3.12605 3.57875e-17
194.011 -9.53355 3.15 0.00829329
194.03 -9.31285 3.14564 9.81104e-06
193.678 -9.9039 3.15426 1.96169e-07
194.181 -9.37094 3.16489 1.88165e-08
193.76 -9.73839 3.15225 0.000124886
194.023 -9.77863 3.13505 0.00160839
193.689 -9.01804 3.14954 1.69219e-14
194.045 -9.61834 3.14606 0.0615457
194.754 -9.89741 3.17222 5.07158e-13
194.384 -9.71457 3.15951 0.000492501
193.732 -9.77653 3.13912 0.0436708
193.5 -9.69472 3.15784 1.25673e-13
194.086 -10.106 3.14746 0.00998394
193.971 -9.20319 3.14488 5.02696e-08
193.635 -9.66063 3.14568 0.000368376
193.968 -9.94753 3.13685 0.0377281
194.202 -10.0516 3.14595 0.0152425
193.771 -9.78445 3.14976 0.00203297
194.359 -10.045 3.14096 5.07087e-05
194.579 -9.18479 3.15765 1.70824e-09
194.088 -9.79658 3.16167 2.51236e-06
194.487 -9.34088 3.14261 1.32266e-10
193.89 -10.2505 3.1493 1.11313e-05
193.935 -9.88923 3.1444 0.306914
194.217 -9.52879 3.15957 0.000148205
194.743 -9.17955 3.16834 5.03628e-12
193.996 -10.1513 3.13702 0.0038833
193.908 -9.87684 3.15986 1.38089e-07
193.385 -9.72473 3.1603 2.14648e-19
194.143 -10.3919 3.14803 3.62855e-07
194.136 -9.58435 3.13897 0.000256744
194.171 -10.1668 3.13559 2.85516e-05
194.227 -10.5576 3.13859 6.01664e-11
194.257 -9.63023 3.13737 4.97278e-06
194.201 -9.63427 3.15301 0.0248856
194.087 -9.83573 3.16641 3.23598e-10
194.18 -9.67359 3.1583 0.000998226
194.279 -9.94041 3.15402 0.00485263
193.867 -9.97591 3.15109 0.0013772
194.157 -9.83927 3.16786 1.09037e-10
194.304 -9.8768 3.14988 0.0269545
193.828 -9.61205 3.16524 1.0914e-12
194.186 -9.41365 3.15485 0.000278607
193.96 -9.42771 3.15502 2.85688e-05
194.661 -9.50683 3.15212 2.55623e-07
194.038 -9.94007 3.16499 1.59572e-10
194.151 -10.0744 3.16159 2.78531e-08
193.639 -9.79864 3.15915 1.5531e-11
193.906 -9.51382 3.13254 1.01801e-06
193.628 -9.83541 3.16073 2.08889e-13
194.168 -9.67757 3.15302 0.0355293
194.029 -9.71428 3.15845 9.7998e-05
193.87 -10.0486 3.14218 0.0750763
194.213 -9.85782 3.15704 0.00170843
194.085 -9.61563 3.16967 2.82208e-12
194.39 -10.0999 3.15216 0.00010862
194.166 -9.94692 3.13771 0.00213329
194.954 -10.0989 3.1506 5.99439e-15
193.871 -9.70381 3.15099 0.00605043
193.879 -9.98934 3.14967 0.00508117
193.83 -10.5363 3.16067 3.15307e-21
194.54 -9.98036 3.14382 9.67995e-07
193.619 -10.1448 3.15657 8.86361e-13
193.858 -9.45281 3.15128 7.99684e-05
194.227 -9.95525 3.16126 3.02416e-06
194.495 -10.4005 3.15173 1.49995e-10
194.423 -9.69535 3.16671 2.37823e-07
193.906 -10.1545 3.14794 0.00090754
193.547 -10.0621 3.15948 3.28857e-16
194.438 -9.94139 3.14907 0.000842259
193.563 -9.70367 3.15709 2.14048e-11
194.245 -9.512 3.15822 0.000394136
193.982 -10.2854 3.15989 4.02527e-12
193.939 -10.0411 3.14984 0.00445255
194.021 -10.145 3.16351 3.30072e-12
194.384 -9.68375 3.17599 4.67273e-15
194.564 -9.82593 3.13512 2.04924e-12
194.098 -9.65155 3.16925 9.31496e-12
193.881 -9.63388 3.15788 3.78994e-06
194.861 -9.85632 3.13246 2.08466e-24
194.151 -9.54014 3.13656 3.65197e-06
194.128 -10.0103 3.15645 0.00013608
193.884 -10.4872 3.14742 2.03114e-09
194.089 -9.81215 3.15347 0.0220012
194.075 -9.7755 3.14445 0.240648
193.723 -9.83347 3.14248 0.0441769
193.677 -10.2719 3.14854 7.85934e-08
193.87 -10.1853 3.15281 1.24646e-06
194.16 -10.0618 3.13175 1.94129e-06
194.406 -9.13542 3.14164 3.30128e-14
194.007 -9.87308 3.15904 8.43548e-06
194.22 -10.0815 3.14912 0.00452867
194.463 -10.0579 3.14693 3.9523e-05
194.038 -10.2792 3.16772 6.34886e-19
193.776 -9.62408 3.14736 0.00339938
194.631 -9.79617 3.16484 2.19004e-07
194.17 -10.4332 3.14543 1.25287e-07
194.73 -9.94856 3.13048 1.20738e-21
