84.1396 -32.4582 3.59365 1.83336e-16 83.967 -33.066 3.6045
84.1892 -32.8258 3.61391 0.00297735 83.967 -33.066 3.6045
84.0122 -32.5953 3.6077 0.00515189 83.967 -33.066 3.6045
84.0146 -32.5513 3.61119 0.00338785 83.967 -33.066 3.6045
84.2515 -32.9005 3.61503 8.75901e-05 83.967 -33.066 3.6045
84.7189 -33.1839 3.60916 4.3187e-14 83.967 -33.066 3.6045
83.8272 -32.5756 3.60817 0.000549249 83.967 -33.066 3.6045
83.7133 -32.6521 3.6212 6.4598e-08 83.967 -33.066 3.6045
83.8692 -33.2892 3.6369 2.02125e-45 83.967 -33.066 3.6045
84.6862 -32.5231 3.61307 1.1582e-13 83.967 -33.066 3.6045
84.2468 -32.5801 3.59541 1.25348e-11 83.967 -33.066 3.6045
84.1924 -32.3173 3.59485 4.61329e-20 83.967 -33.066 3.6045
83.8322 -33.1739 3.59636 0.000387692 83.967 -33.066 3.6045
83.8025 -33.0833 3.60835 0.00571316 83.967 -33.066 3.6045
84.0469 -33.4031 3.59996 0.000270328 83.967 -33.066 3.6045
83.6937 -32.6962 3.60052 5.63278e-07 83.967 -33.066 3.6045
84.0859 -32.8126 3.6074 0.282361 83.967 -33.066 3.6045
84.3662 -33.32 3.59446 1.65432e-06 83.967 -33.066 3.6045
84.6423 -33.0937 3.60884 1.11573e-10 83.967 -33.066 3.6045
83.9502 -32.6191 3.61253 0.010764 83.967 -33.066 3.6045
83.9506 -32.5549 3.6105 0.00294698 83.967 -33.066 3.6045
84.3238 -32.3512 3.60694 8.00121e-10 83.967 -33.066 3.6045
84.214 -32.4393 3.60402 4.96962e-08 83.967 -33.066 3.6045
83.9222 -33.1891 3.58987 1.5136e-07 83.967 -33.066 3.6045
84.1332 -33.1125 3.61492 3.76051e-06 83.967 -33.066 3.6045
84.3058 -32.4518 3.6135 1.67546e-06 83.967 -33.066 3.6045
84.0601 -33.0468 3.61204 0.00385828 83.967 -33.066 3.6045
83.9641 -33.755 3.59557 2.21916e-11 83.967 -33.066 3.6045
83.876 -33.3997 3.59264 1.76478e-06 83.967 -33.066 3.6045
83.9932 -33.2132 3.61776 2.87714e-10 83.967 -33.066 3.6045
83.6374 -33.0235 3.60137 6.36728e-05 83.967 -33.066 3.6045
84.2739 -33.2168 3.60495 0.000924359 83.967 -33.066 3.6045
84.0095 -32.5402 3.61951 1.89011e-05 83.967 -33.066 3.6045
84.0416 -32.5621 3.62414 1.06881e-08 83.967 -33.066 3.6045
84.26 -33.4549 3.59185 2.03168e-07 83.967 -33.066 3.6045
84.3979 -32.803 3.6048 0.000178364 83.967 -33.066 3.6045
83.9927 -33.1275 3.59012 2.64599e-07 83.967 -33.066 3.6045
84.0621 -32.8412 3.59682 0.000109887 83.967 -33.066 3.6045
84.0841 -33.1912 3.59377 0.000217682 83.967 -33.066 3.6045
84.4551 -33.2357 3.59509 2.91812e-07 83.967 -33.066 3.6045
84.2555 -32.4924 3.61624 6.07588e-06 83.967 -33.066 3.6045
84.0798 -32.2689 3.58545 4.15753e-37 83.967 -33.066 3.6045
84.161 -32.6232 3.61555 0.000658691 83.967 -33.066 3.6045
83.8411 -32.5703 3.60084 2.77161e-07 83.967 -33.066 3.6045
84.054 -32.6409 3.59361 3.24995e-11 83.967 -33.066 3.6045
83.4344 -32.9273 3.61686 1.34146e-11 83.967 -33.066 3.6045
84.0547 -33.0825 3.6273 1.56107e-19 83.967 -33.066 3.6045
83.8295 -33.0956 3.58519 5.75896e-14 83.967 -33.066 3.6045
84.4262 -32.8989 3.60533 0.000179769 83.967 -33.066 3.6045
84.1412 -32.7095 3.60791 0.0427242 83.967 -33.066 3.6045
84.297 -33.0148 3.6057 0.0114275 83.967 -33.066 3.6045
84.0832 -32.8904 3.59748 0.000978622 83.967 -33.066 3.6045
83.9843 -33.2544 3.62496 1.08018e-20 83.967 -33.066 3.6045
84.0345 -33.2443 3.59896 0.0122373 83.967 -33.066 3.6045
84.2875 -32.874 3.60827 0.0120208 83.967 -33.066 3.6045
84.4513 -32.7357 3.59805 6.95746e-09 83.967 -33.066 3.6045
84.4179 -33.162 3.5859 1.27209e-13 83.967 -33.066 3.6045
83.6295 -32.6202 3.5814 1.06331e-34 83.967 -33.066 3.6045
84.3136 -32.7208 3.63015 2.91728e-19 83.967 -33.066 3.6045
84.2749 -32.6463 3.60694 0.000652692 83.967 -33.066 3.6045
84.4569 -32.9463 3.61278 5.59843e-07 83.967 -33.066 3.6045
83.7226 -33.2904 3.59766 1.5955e-05 83.967 -33.066 3.6045
84.1183 -33.1763 3.60406 0.044329 83.967 -33.066 3.6045
84.0137 -32.8649 3.61198 0.0716772 83.967 -33.066 3.6045
84.2505 -32.6573 3.61403 0.000487627 83.967 -33.066 3.6045
84.1972 -32.9952 3.5976 0.00239355 83.967 -33.066 3.6045
84.0065 -32.9684 3.62438 9.23145e-13 83.967 -33.066 3.6045
84.2985 -32.4421 3.61886 6.37671e-08 83.967 -33.066 3.6045
84.6583 -33.1869 3.60929 1.96661e-12 83.967 -33.066 3.6045
83.6664 -32.5207 3.59306 1.83987e-18 83.967 -33.066 3.6045
83.342 -33.1181 3.60397 8.74591e-12 83.967 -33.066 3.6045
83.9411 -32.5286 3.61398 0.000997196 83.967 -33.066 3.6045
84.0049 -32.821 3.60463 0.190255 83.967 -33.066 3.6045
83.9962 -33.2408 3.6198 3.15605e-13 83.967 -33.066 3.6045
84.0162 -33.0733 3.6016 0.191338 83.967 -33.066 3.6045
84.01 -32.9494 3.62077 2.09471e-08 83.967 -33.066 3.6045
84.1422 -32.586 3.59778 1.23692e-08 83.967 -33.066 3.6045
84.2841 -32.0643 3.6032 2.97442e-21 83.967 -33.066 3.6045
83.993 -33.2363 3.61407 2.29411e-07 83.967 -33.066 3.6045
83.9805 -32.5869 3.59175 5.8499e-15 83.967 -33.066 3.6045
83.7949 -33.2661 3.60619 0.000147153 83.967 -33.066 3.6045
84.0665 -33.1924 3.60447 0.0384986 83.967 -33.066 3.6045
83.5065 -32.5239 3.6077 8.38771e-10 83.967 -33.066 3.6045
84.0684 -32.5506 3.61638 0.000376253 83.967 -33.066 3.6045
84.5721 -33.254 3.60109 1.1117e-08 83.967 -33.066 3.6045
84.1479 -32.6326 3.59606 3.86284e-09 83.967 -33.066 3.6045
84.3096 -32.5616 3.59829 4.46204e-10 83.967 -33.066 3.6045
84.6557 -32.7927 3.61254 4.22179e-11 83.967 -33.066 3.6045
83.8777 -32.2835 3.60764 1.08079e-09 83.967 -33.066 3.6045
84.1825 -33.3307 3.60928 1.54708e-06 83.967 -33.066 3.6045
84.5406 -32.4927 3.61733 2.50764e-11 83.967 -33.066 3.6045
84.2726 -32.8986 3.60407 0.0196631 83.967 -33.066 3.6045
83.9914 -33.1302 3.61468 7.15357e-06 83.967 -33.066 3.6045
84.5702 -32.5674 3.61663 3.36194e-11 83.967 -33.066 3.6045
84.2242 -33.0771 3.60165 0.0341487 83.967 -33.066 3.6045
83.956 -33.0454 3.61829 1.59546e-07 83.967 -33.066 3.6045
83.9978 -33.0107 3.61409 0.000776956 83.967 -33.066 3.6045
83.571 -33.6754 3.62439 3.69325e-40 83.967 -33.066 3.6045
84.1921 -32.8469 3.60032 0.00402117 83.967 -33.066 3.6045
84.3697 -32.5916 3.62447 2.20548e-12 83.967 -33.066 3.6045
