10.6082 7.485 0.2583 2.87386e-21 10.358 6.5865 0.25464
9.97444 6.58418 0.261666 0 10.358 6.5865 0.25464
10.5933 6.97092 0.246184 0.000338614 10.358 6.5865 0.25464
10.5808 6.34781 0.247984 0.0459384 10.358 6.5865 0.25464
10.2389 7.56499 0.228571 6.76823e-30 10.358 6.5865 0.25464
10.4659 7.02707 0.256568 5.88763e-07 10.358 6.5865 0.25464
10.4552 6.69702 0.249445 0.085211 10.358 6.5865 0.25464
10.5598 6.63715 0.224775 1.3907e-13 10.358 6.5865 0.25464
10.579 6.48685 0.247117 0.306718 10.358 6.5865 0.25464
10.1146 6.53785 0.245254 0 10.358 6.5865 0.25464
10.1459 6.85617 0.24486 1.30871e-06 10.358 6.5865 0.25464
10.6033 6.81305 0.254795 0.000664081 10.358 6.5865 0.25464
9.96705 6.59484 0.25406 0 10.358 6.5865 0.25464
10.3969 6.61991 0.267107 1.5022e-07 10.358 6.5865 0.25464
10.4283 6.60413 0.249683 0.164386 10.358 6.5865 0.25464
10.2641 6.87696 0.264073 3.97955e-07 10.358 6.5865 0.25464
9.91764 6.71371 0.232758 0 10.358 6.5865 0.25464
10.6352 6.22641 0.253475 0.000337563 10.358 6.5865 0.25464
9.91044 6.18407 0.227536 0 10.358 6.5865 0.25464
9.86793 6.67444 0.243179 0 10.358 6.5865 0.25464
10.2588 6.47126 0.245405 0.000198463 10.358 6.5865 0.25464
10.6023 6.32871 0.249606 0.0274692 10.358 6.5865 0.25464
9.95894 6.02751 0.237854 0 10.358 6.5865 0.25464
10.4997 6.55294 0.229777 4.33301e-10 10.358 6.5865 0.25464
10.2901 6.65463 0.24211 0.000791242 10.358 6.5865 0.25464
11.1861 6.82002 0.239651 3.52305e-07 10.358 6.5865 0.25464
10.1279 6.96432 0.229792 8.10316e-17 10.358 6.5865 0.25464
10.2134 6.9476 0.258481 1.74688e-06 10.358 6.5865 0.25464
10.4513 6.22937 0.24735 0.000629185 10.358 6.5865 0.25464
10.0092 6.73841 0.233654 0 10.358 6.5865 0.25464
10.5166 7.03919 0.232405 1.61831e-08 10.358 6.5865 0.25464
9.89779 6.15421 0.232342 0 10.358 6.5865 0.25464
10.359 6.37487 0.250458 0.0180648 10.358 6.5865 0.25464
10.7591 6.856 0.242435 0.00563977 10.358 6.5865 0.25464
10.0117 7.25279 0.256635 6.36846e-15 10.358 6.5865 0.25464
10.2029 6.77324 0.240522 2.06554e-06 10.358 6.5865 0.25464
9.9745 5.66985 0.260664 7.63257e-21 10.358 6.5865 0.25464
10.1982 5.95424 0.234792 3.9862e-22 10.358 6.5865 0.25464
10.4761 6.80711 0.256948 0.000653263 10.358 6.5865 0.25464
10.6033 6.5704 0.243024 0.153248 10.358 6.5865 0.25464
10.2796 7.09302 0.250881 8.99354e-08 10.358 6.5865 0.25464
10.2338 7.15044 0.253806 1.41198e-09 10.358 6.5865 0.25464
9.91622 7.02127 0.242571 0 10.358 6.5865 0.25464
10.5225 6.4222 0.256706 0.0107561 10.358 6.5865 0.25464
9.86949 6.22326 0.253378 0 10.358 6.5865 0.25464
10.3128 6.34204 0.230516 1.79383e-15 10.358 6.5865 0.25464
10.12 6.83019 0.238136 9.39947e-10 10.358 6.5865 0.25464
10.2574 6.75539 0.23569 1.26712e-07 10.358 6.5865 0.25464
9.98287 6.53575 0.247995 0 10.358 6.5865 0.25464
10.5776 6.90388 0.250916 0.000837713 10.358 6.5865 0.25464
10.796 6.38975 0.253815 0.000174262 10.358 6.5865 0.25464
10.7059 6.70467 0.23713 0.00491642 10.358 6.5865 0.25464
10.199 6.94354 0.243633 3.53984e-07 10.358 6.5865 0.25464
10.3409 6.93414 0.253568 8.90762e-05 10.358 6.5865 0.25464
10.4463 6.96367 0.250153 0.000168826 10.358 6.5865 0.25464
10.37 6.93856 0.258611 5.83462e-06 10.358 6.5865 0.25464
9.85691 6.37224 0.24321 0 10.358 6.5865 0.25464
10.2403 6.69216 0.255719 0.00435368 10.358 6.5865 0.25464
10.5905 6.96847 0.227694 4.84381e-09 10.358 6.5865 0.25464
10.4713 6.6934 0.259917 0.000287767 10.358 6.5865 0.25464
10.014 7.06128 0.236272 9.4026e-17 10.358 6.5865 0.25464
10.3759 6.86729 0.244311 0.000811579 10.358 6.5865 0.25464
10.7782 7.01562 0.249717 1.40732e-06 10.358 6.5865 0.25464
10.6518 7.1149 0.231565 5.32732e-09 10.358 6.5865 0.25464
10.4788 6.73108 0.264274 1.6212e-06 10.358 6.5865 0.25464
10.988 7.27238 0.242794 6.85815e-13 10.358 6.5865 0.25464
10.3566 6.79405 0.251653 0.00791457 10.358 6.5865 0.25464
10.2542 6.58967 0.250559 0.00731648 10.358 6.5865 0.25464
10.1593 6.87951 0.247182 4.65753e-06 10.358 6.5865 0.25464
9.93032 6.58363 0.239828 0 10.358 6.5865 0.25464
10.45 7.25257 0.252375 5.57501e-11 10.358 6.5865 0.25464
10.4488 6.58249 0.243307 0.0170895 10.358 6.5865 0.25464
9.97601 6.75854 0.237154 0 10.358 6.5865 0.25464
9.92649 6.71672 0.258255 0 10.358 6.5865 0.25464
10.7102 6.07275 0.252671 3.2137e-07 10.358 6.5865 0.25464
10.242 7.21457 0.255716 2.37553e-11 10.358 6.5865 0.25464
10.3578 6.37586 0.235273 1.66034e-09 10.358 6.5865 0.25464
10.5638 6.63942 0.234679 3.09297e-05 10.358 6.5865 0.25464
10.1274 6.53846 0.24936 0 10.358 6.5865 0.25464
10.7062 6.65658 0.250386 0.039689 10.358 6.5865 0.25464
10.3509 6.62923 0.252542 0.0548985 10.358 6.5865 0.25464
10.3612 6.15811 0.249414 2.80299e-05 10.358 6.5865 0.25464
10.3296 6.79579 0.257994 0.000566893 10.358 6.5865 0.25464
10.3312 7.00889 0.247917 8.23368e-06 10.358 6.5865 0.25464
10.1607 6.30291 0.261165 8.63236e-05 10.358 6.5865 0.25464
10.6006 6.73364 0.239926 0.00822493 10.358 6.5865 0.25464
10.1687 6.80153 0.248995 9.23499e-05 10.358 6.5865 0.25464
9.83042 6.96311 0.226798 0 10.358 6.5865 0.25464
10.7874 6.749 0.240258 0.0192805 10.358 6.5865 0.25464
10.3611 6.57259 0.238307 4.06219e-06 10.358 6.5865 0.25464
10.5578 6.37305 0.238059 0.000130624 10.358 6.5865 0.25464
10.4188 6.13064 0.246249 4.36199e-06 10.358 6.5865 0.25464
10.0337 6.68697 0.251202 0 10.358 6.5865 0.25464
10.0509 6.6864 0.237734 0 10.358 6.5865 0.25464
9.79447 6.15869 0.244035 0 10.358 6.5865 0.25464
10.2962 7.35047 0.250771 3.05119e-14 10.358 6.5865 0.25464
10.9161 6.62861 0.237716 0.0084476 10.358 6.5865 0.25464
10.1119 6.6137 0.269576 0 10.358 6.5865 0.25464
10.7636 6.86121 0.244906 0.00312973 10.358 6.5865 0.25464
10.4753 6.8115 0.257606 0.000353793 10.358 6.5865 0.25464
