-31.5141 -18.8363 1.04107 0.146605
-31.4029 -19.1188 1.03058 3.86225e-07
-31.3472 -18.4668 1.03035 0.00329781
-32.2252 -18.413 1.03326 6.84341e-12
-31.8437 -18.8542 1.03977 0.0104083
-31.5448 -18.9957 1.02337 1.59374e-09
-31.2062 -18.7194 1.0138 1.65368e-14
-32.2965 -18.49 1.02921 9.90907e-15
-31.5706 -19.1776 1.02839 1.50657e-09
-31.8965 -18.8793 1.04541 0.00121744
-31.0831 -18.4432 1.03426 1.2249e-06
-31.9026 -18.5002 1.02827 4.58122e-06
-31.9498 -18.4984 1.02861 1.04091e-06
-32.0979 -18.8218 1.02195 9.82502e-16
-31.6958 -19.2572 1.04083 5.87861e-06
-32.1725 -18.8063 1.0264 9.99074e-14
-31.8462 -18.7726 1.028 6.42925e-06
-31.4948 -18.7642 1.04702 0.00261638
-31.8714 -18.9998 1.02386 3.28044e-12
-31.4395 -18.9527 1.04587 0.00337713
-32.2059 -18.5909 1.0354 1.00546e-09
-31.2492 -18.3966 1.02704 5.38234e-05
-31.6408 -18.8654 1.03006 0.000867245
-31.5168 -18.4724 1.02207 1.09306e-05
-31.2812 -19.3933 1.03304 3.0973e-13
-32.3948 -18.2011 1.04375 4.26902e-21
-31.3587 -18.847 1.03328 0.00767553
-31.4618 -18.7777 1.03303 0.0550012
-31.4783 -19.0155 1.02977 1.53478e-05
-31.6373 -19.4507 1.03549 2.31073e-12
-31.9446 -18.414 1.03551 8.64984e-06
-31.597 -19.0715 1.02627 6.60781e-09
-31.1981 -18.457 1.04295 2.45163e-07
-31.8272 -18.8295 1.04154 0.017575
-31.6906 -18.8759 1.02782 2.28738e-05
-31.3837 -18.527 1.04527 2.81645e-05
-31.7583 -18.7256 1.04865 0.000448198
-30.9159 -18.508 1.01704 6.4352e-14
-31.9143 -19.1431 1.02078 3.29064e-19
-31.9383 -18.7246 1.03193 3.49991e-05
-31.7822 -19.0169 1.02458 1.11821e-10
-32.03 -18.5967 1.03369 3.24753e-06
-31.1478 -18.7835 1.04262 1.1738e-05
-31.471 -18.8965 1.03308 0.0093361
-31.8575 -18.82 1.01241 2.72663e-21
-31.4093 -18.7886 1.031 0.00911075
-31.3583 -18.8235 1.0308 0.00242632
-31.3997 -18.3801 1.00297 1.83976e-23
-31.7648 -19.0308 1.03095 2.63509e-06
-31.5116 -18.5304 1.03896 0.0298652
-32.1009 -18.8002 1.02955 7.69014e-10
-31.9632 -18.8842 1.042 0.000356448
-31.8136 -18.7722 1.03454 0.00656272
-31.6811 -18.7679 1.02678 7.38777e-05
-31.6718 -19.004 1.0437 0.0170892
-32.0347 -19.1234 1.03228 5.55433e-11
-31.9182 -18.9249 1.05031 3.15483e-05
-31.509 -18.6191 1.03926 0.107004
-31.8722 -18.4391 1.03055 3.3308e-05
-31.7646 -19.015 1.0298 1.0265e-06
-31.5396 -19.2139 1.03719 7.46772e-06
-31.6283 -19.5731 1.02946 9.18034e-21
-31.2413 -18.7447 1.01709 1.67863e-11
-32.0762 -18.7608 1.04233 6.7402e-06
-31.8748 -18.5551 1.02498 3.56942e-07
-31.5899 -19.1612 1.03462 8.48704e-06
-31.4314 -18.8486 1.04276 0.030318
-31.9614 -18.8915 1.04117 0.000338166
-31.8615 -19.0247 1.03251 1.85215e-06
-31.5538 -18.3431 1.03667 0.00065084
-31.4335 -18.9105 1.01326 8.74282e-18
-31.843 -18.5468 1.03556 0.00243582
-31.8754 -19.189 1.05499 9.67693e-08
-31.6648 -18.2783 1.03266 9.61914e-05
-31.8201 -18.6884 1.02243 1.30386e-08
-31.6518 -18.6741 1.03739 0.21593
-31.5972 -18.9997 1.03498 0.00310616
-31.3759 -18.9892 1.03624 0.0020731
-31.5168 -18.8971 1.04909 0.000892435
-31.8605 -18.5819 1.02905 5.60354e-05
-32.0922 -18.5537 1.00776 2.31039e-29
-31.5376 -18.5731 1.02277 1.97269e-05
-31.8764 -19.1979 1.01906 4.43332e-22
-31.3198 -19.2404 1.03245 2.77362e-09
-31.9192 -18.5908 1.01572 1.32773e-15
-31.8512 -19.1049 1.03737 1.66044e-05
-31.9336 -18.825 1.02026 8.35605e-14
-31.5918 -18.733 1.02499 4.12804e-05
-32.3931 -19.1647 1.01309 4.61712e-44
-31.7753 -18.8128 1.04411 0.0219856
-30.9457 -19.2289 1.0284 1.15068e-16
-32.067 -19.1582 1.04346 5.844e-08
-32.0701 -18.8863 1.03349 7.06677e-08
-31.8007 -17.8832 1.04621 1.70815e-21
-31.3738 -19.1434 1.03427 3.72269e-06
-31.5545 -18.7876 1.03775 0.290816
-31.6121 -17.9427 1.02218 6.6703e-12
-31.3616 -18.6342 1.01081 5.20562e-16
-31.0467 -18.0735 1.00474 1.3781e-22
-31.5178 -18.4537 1.04658 4.08803e-06
