105.814 -24.7661 3.40574 4.3069e-05 106.25 -24.999 3.4295
106.241 -24.4834 3.40923 8.27619e-05 106.25 -24.999 3.4295
106.332 -25.3123 3.43051 0.0237623 106.25 -24.999 3.4295
105.649 -25.2363 3.42608 6.74094e-07 106.25 -24.999 3.4295
106.34 -25.2136 3.41523 0.0504329 106.25 -24.999 3.4295
105.639 -25.0143 3.44824 2.97504e-13 106.25 -24.999 3.4295
105.951 -24.9254 3.41044 0.0017272 106.25 -24.999 3.4295
105.663 -24.9249 3.40628 8.0509e-06 106.25 -24.999 3.4295
105.167 -25.2349 3.41571 8.66077e-13 106.25 -24.999 3.4295
105.609 -24.6469 3.40575 2.41116e-07 106.25 -24.999 3.4295
105.661 -25.385 3.43302 2.12525e-08 106.25 -24.999 3.4295
105.422 -25.4593 3.42974 1.62572e-11 106.25 -24.999 3.4295
106.132 -25.0215 3.41795 0.0281029 106.25 -24.999 3.4295
106.016 -25.2494 3.43014 0.000755427 106.25 -24.999 3.4295
106.436 -25.3957 3.41978 0.0266534 106.25 -24.999 3.4295
106.31 -25.3038 3.40665 0.0022706 106.25 -24.999 3.4295
106.386 -24.8948 3.41839 0.0629414 106.25 -24.999 3.4295
105.622 -24.7559 3.43775 7.32904e-11 106.25 -24.999 3.4295
106.035 -25.1001 3.41491 0.00950757 106.25 -24.999 3.4295
105.773 -24.945 3.41948 7.34048e-05 106.25 -24.999 3.4295
105.452 -24.9568 3.40172 3.00936e-08 106.25 -24.999 3.4295
106.303 -24.6587 3.41151 0.00238064 106.25 -24.999 3.4295
105.452 -24.988 3.42435 2.81379e-09 106.25 -24.999 3.4295
105.484 -25.1267 3.42476 8.72676e-09 106.25 -24.999 3.4295
105.947 -25.5199 3.42642 5.30754e-05 106.25 -24.999 3.4295
106.028 -24.5409 3.42616 1.52389e-05 106.25 -24.999 3.4295
105.544 -24.958 3.42928 6.01443e-09 106.25 -24.999 3.4295
106.604 -24.8364 3.40326 0.000153717 106.25 -24.999 3.4295
105.858 -24.8101 3.43896 6.694e-08 106.25 -24.999 3.4295
106.002 -24.8147 3.42795 0.000313902 106.25 -24.999 3.4295
105.85 -24.8786 3.40752 0.000224516 106.25 -24.999 3.4295
106.24 -25.1991 3.42 0.058043 106.25 -24.999 3.4295
106.161 -24.5861 3.45327 2.56265e-11 106.25 -24.999 3.4295
105.91 -25.5461 3.41747 4.48533e-05 106.25 -24.999 3.4295
105.85 -25.1769 3.42757 7.85304e-05 106.25 -24.999 3.4295
106.561 -25.1678 3.43574 0.0287995 106.25 -24.999 3.4295
105.775 -25.1445 3.43199 2.43808e-06 106.25 -24.999 3.4295
106.498 -25.1119 3.43268 0.0548134 106.25 -24.999 3.4295
106.284 -25.2874 3.415 0.0273058 106.25 -24.999 3.4295
106.097 -24.2859 3.44317 1.56621e-11 106.25 -24.999 3.4295
106.041 -24.602 3.42765 3.54369e-05 106.25 -24.999 3.4295
105.467 -25.3501 3.45924 2.25912e-21 106.25 -24.999 3.4295
105.965 -24.3636 3.43131 1.31674e-08 106.25 -24.999 3.4295
105.779 -25.2088 3.42854 9.94878e-06 106.25 -24.999 3.4295
106.266 -25.1053 3.43546 0.00508072 106.25 -24.999 3.4295
106.18 -24.9309 3.42384 0.0216804 106.25 -24.999 3.4295
105.855 -25.1805 3.43827 7.29188e-07 106.25 -24.999 3.4295
105.595 -25.1055 3.398 2.84551e-07 106.25 -24.999 3.4295
105.956 -24.8146 3.41755 0.00110372 106.25 -24.999 3.4295
106.058 -25.0982 3.42271 0.0099498 106.25 -24.999 3.4295
105.653 -24.9699 3.40862 9.40668e-06 106.25 -24.999 3.4295
106.571 -25.1373 3.42587 0.125351 106.25 -24.999 3.4295
106.251 -24.6901 3.4294 0.00118637 106.25 -24.999 3.4295
105.893 -24.639 3.4287 2.97537e-06 106.25 -24.999 3.4295
106.034 -25.5834 3.41196 7.03492e-05 106.25 -24.999 3.4295
106.247 -25.3418 3.43059 0.0092938 106.25 -24.999 3.4295
106.164 -24.8345 3.42024 0.0134044 106.25 -24.999 3.4295
105.591 -24.9887 3.43153 1.02983e-08 106.25 -24.999 3.4295
106.498 -24.9863 3.43208 0.0436168 106.25 -24.999 3.4295
106.603 -25.2399 3.42535 0.0866491 106.25 -24.999 3.4295
106.034 -25.0089 3.40525 0.00167442 106.25 -24.999 3.4295
106.242 -25.1807 3.40747 0.00679698 106.25 -24.999 3.4295
106.577 -25.0585 3.42647 0.116542 106.25 -24.999 3.4295
105.655 -25.918 3.44039 4.18631e-14 106.25 -24.999 3.4295
105.774 -24.9839 3.42927 5.48335e-06 106.25 -24.999 3.4295
106.167 -25.2682 3.4123 0.0109237 106.25 -24.999 3.4295
105.755 -24.6527 3.43272 2.03405e-08 106.25 -24.999 3.4295
106.123 -25.2173 3.40758 0.00360795 106.25 -24.999 3.4295
106.081 -25.734 3.43222 3.55598e-06 106.25 -24.999 3.4295
105.965 -24.8378 3.42575 0.000390737 106.25 -24.999 3.4295
106.18 -24.8958 3.41969 0.0248606 106.25 -24.999 3.4295
105.737 -25.2036 3.42551 9.55347e-06 106.25 -24.999 3.4295
105.729 -24.6143 3.41875 1.07684e-06 106.25 -24.999 3.4295
105.966 -24.7051 3.43217 8.29488e-06 106.25 -24.999 3.4295
106.284 -24.3441 3.44305 1.88278e-09 106.25 -24.999 3.4295
106.054 -24.4831 3.41889 3.10059e-05 106.25 -24.999 3.4295
106.779 -25.3883 3.42314 0.00731337 106.25 -24.999 3.4295
106.183 -24.9074 3.44049 5.8885e-05 106.25 -24.999 3.4295
106.349 -24.9313 3.44656 1.83577e-05 106.25 -24.999 3.4295
105.73 -25.1192 3.40637 3.28869e-05 106.25 -24.999 3.4295
105.862 -25.3976 3.43423 2.53284e-06 106.25 -24.999 3.4295
105.62 -25.1757 3.42622 3.40147e-07 106.25 -24.999 3.4295
106.371 -24.8647 3.41384 0.0292028 106.25 -24.999 3.4295
105.802 -24.7485 3.42028 2.41035e-05 106.25 -24.999 3.4295
105.941 -24.7506 3.42914 3.30371e-05 106.25 -24.999 3.4295
106.78 -24.8337 3.42469 0.00962892 106.25 -24.999 3.4295
106.519 -25.4136 3.44443 0.000337407 106.25 -24.999 3.4295
105.648 -24.8866 3.41933 2.70235e-06 106.25 -24.999 3.4295
106.042 -25.1663 3.43986 2.08007e-05 106.25 -24.999 3.4295
105.803 -25.3821 3.41896 4.66034e-05 106.25 -24.999 3.4295
105.705 -24.4068 3.40887 3.67908e-08 106.25 -24.999 3.4295
106.288 -24.8067 3.43173 0.00365663 106.25 -24.999 3.4295
105.92 -25.0098 3.44402 5.82023e-08 106.25 -24.999 3.4295
106.178 -25.0002 3.42386 0.029272 106.25 -24.999 3.4295
105.757 -25.6993 3.42068 1.24286e-07 106.25 -24.999 3.4295
106.075 -24.7167 3.41931 0.00168346 106.25 -24.999 3.4295
106.529 -25.4329 3.39009 1.87771e-09 106.25 -24.999 3.4295
106.193 -25.2486 3.42358 0.029067 106.25 -24.999 3.4295
106.351 -25.282 3.41436 0.0285855 106.25 -24.999 3.4295
105.909 -25.3358 3.42785 0.000121162 106.25 -24.999 3.4295
