208.95 -11.1107 3.03363 0.0180078 209.31 -11.036 3.0369
209.566 -10.9509 3.0324 0.00141985 209.31 -11.036 3.0369
209.25 -11.2392 3.03929 0.00218614 209.31 -11.036 3.0369
209.175 -10.9798 3.03219 0.180431 209.31 -11.036 3.0369
208.799 -11.0043 3.03248 0.00600064 209.31 -11.036 3.0369
209.434 -11.2806 3.03096 0.000374554 209.31 -11.036 3.0369
209.093 -10.8402 3.0269 0.0703587 209.31 -11.036 3.0369
209.349 -11.3674 3.04056 6.12331e-05 209.31 -11.036 3.0369
209.389 -11.0821 3.03153 0.0152106 209.31 -11.036 3.0369
209.343 -10.5048 3.05639 8.0638e-09 209.31 -11.036 3.0369
209.091 -11.1256 3.05168 1.97266e-08 209.31 -11.036 3.0369
209.458 -11.1035 3.04154 0.00486095 209.31 -11.036 3.0369
209.837 -10.1456 3.03392 7.33504e-14 209.31 -11.036 3.0369
209.538 -10.7208 3.04381 0.00332909 209.31 -11.036 3.0369
209.24 -11.3724 3.02416 6.88939e-05 209.31 -11.036 3.0369
209.426 -10.9886 3.0397 0.0284566 209.31 -11.036 3.0369
209.344 -10.3903 3.02698 1.28973e-06 209.31 -11.036 3.0369
209.698 -10.933 3.04721 0.00024006 209.31 -11.036 3.0369
209.469 -10.8606 3.03129 0.00611105 209.31 -11.036 3.0369
209.244 -10.9557 3.04256 0.0126751 209.31 -11.036 3.0369
208.913 -11.4166 3.03023 0.000106492 209.31 -11.036 3.0369
209.18 -10.6017 3.0334 0.0124874 209.31 -11.036 3.0369
209.28 -10.8626 3.02196 0.000489273 209.31 -11.036 3.0369
209.508 -11.2241 3.05694 1.4953e-09 209.31 -11.036 3.0369
209.822 -11.1593 3.02938 1.10084e-08 209.31 -11.036 3.0369
208.741 -11.1785 3.02899 0.00150909 209.31 -11.036 3.0369
209.176 -11.5968 3.03708 1.43623e-07 209.31 -11.036 3.0369
209.191 -10.6691 3.05645 2.23524e-09 209.31 -11.036 3.0369
208.814 -11.0883 3.0375 0.000220863 209.31 -11.036 3.0369
209.812 -10.6268 3.04504 1.36166e-05 209.31 -11.036 3.0369
209.258 -10.4033 3.01772 1.08294e-09 209.31 -11.036 3.0369
209.677 -10.6168 3.04249 0.000191456 209.31 -11.036 3.0369
209.845 -11.1991 3.02908 1.84592e-09 209.31 -11.036 3.0369
209.679 -10.9552 3.03989 0.000888162 209.31 -11.036 3.0369
209.488 -10.3654 3.04082 1.27508e-05 209.31 -11.036 3.0369
209.642 -10.9053 3.03486 0.000685014 209.31 -11.036 3.0369
208.712 -10.9793 3.0449 9.36729e-09 209.31 -11.036 3.0369
209.684 -10.0919 3.03566 3.32347e-12 209.31 -11.036 3.0369
208.868 -11.7584 3.02889 4.14877e-10 209.31 -11.036 3.0369
208.908 -10.7844 3.02552 0.0257623 209.31 -11.036 3.0369
209.093 -10.6779 3.01535 1.85471e-06 209.31 -11.036 3.0369
209.685 -10.9808 3.04736 0.00019771 209.31 -11.036 3.0369
209.187 -10.8956 3.05469 3.27878e-08 209.31 -11.036 3.0369
209.227 -10.8689 3.03864 0.08093 209.31 -11.036 3.0369
209.534 -11.4313 3.03156 1.70699e-06 209.31 -11.036 3.0369
209.186 -10.8898 3.03302 0.192571 209.31 -11.036 3.0369
209.384 -10.7066 3.02995 0.00416277 209.31 -11.036 3.0369
209.811 -11.5852 3.02904 4.60511e-13 209.31 -11.036 3.0369
208.894 -11.0927 3.04993 1.39548e-09 209.31 -11.036 3.0369
209.517 -11.2668 3.04925 2.27464e-06 209.31 -11.036 3.0369
209.133 -10.8385 3.04077 0.0167813 209.31 -11.036 3.0369
209.748 -11.1341 3.04106 3.95469e-05 209.31 -11.036 3.0369
209.241 -10.5609 3.04798 3.20577e-05 209.31 -11.036 3.0369
209.567 -11.4335 3.03366 1.423e-06 209.31 -11.036 3.0369
208.881 -11.6476 3.03572 1.69678e-09 209.31 -11.036 3.0369
209.267 -11.2989 3.03731 0.00131731 209.31 -11.036 3.0369
209.221 -11.0022 3.04966 1.78151e-05 209.31 -11.036 3.0369
209.315 -11.1423 3.01291 5.24448e-09 209.31 -11.036 3.0369
209.506 -11.0304 3.03675 0.010395 209.31 -11.036 3.0369
209.229 -11.1761 3.04474 0.000205255 209.31 -11.036 3.0369
209.215 -10.741 3.04746 0.000241078 209.31 -11.036 3.0369
208.989 -11.2029 3.04846 2.93688e-08 209.31 -11.036 3.0369
209.452 -11.4196 3.04212 4.38912e-06 209.31 -11.036 3.0369
209.395 -11.1187 3.0352 0.017364 209.31 -11.036 3.0369
209.68 -11.2267 3.03795 3.25e-05 209.31 -11.036 3.0369
209.516 -10.7382 3.0366 0.00679217 209.31 -11.036 3.0369
208.704 -10.6569 3.04264 5.02973e-08 209.31 -11.036 3.0369
209.631 -10.3285 3.04956 1.82905e-07 209.31 -11.036 3.0369
209.038 -11.1866 3.05496 7.83041e-12 209.31 -11.036 3.0369
208.867 -11.4731 3.04437 1.36014e-10 209.31 -11.036 3.0369
209.091 -10.6957 3.04438 0.00036483 209.31 -11.036 3.0369
209.616 -10.2629 3.03549 1.61713e-08 209.31 -11.036 3.0369
209.732 -11.4247 3.03382 2.44189e-08 209.31 -11.036 3.0369
208.953 -10.8633 3.02914 0.0913361 209.31 -11.036 3.0369
209.074 -10.7596 3.03625 0.0451742 209.31 -11.036 3.0369
209.338 -10.8824 3.02432 0.00123214 209.31 -11.036 3.0369
209.319 -10.781 3.02944 0.0186599 209.31 -11.036 3.0369
209.538 -10.6592 3.03585 0.00161302 209.31 -11.036 3.0369
209.386 -11.1016 3.02077 1.31899e-05 209.31 -11.036 3.0369
209.546 -10.5755 3.02604 6.36678e-07 209.31 -11.036 3.0369
208.868 -11.5349 3.02909 2.54465e-06 209.31 -11.036 3.0369
209.719 -10.8901 3.05011 5.70199e-05 209.31 -11.036 3.0369
209.734 -10.4587 3.04404 3.7134e-06 209.31 -11.036 3.0369
209.879 -10.3678 3.03735 7.16957e-10 209.31 -11.036 3.0369
208.941 -10.9998 3.01822 0.00236365 209.31 -11.036 3.0369
209.358 -10.7491 3.03245 0.0251734 209.31 -11.036 3.0369
209.159 -11.27 3.04612 3.65463e-06 209.31 -11.036 3.0369
209.371 -10.8956 3.03144 0.0360038 209.31 -11.036 3.0369
209.517 -10.6271 3.05487 1.3244e-06 209.31 -11.036 3.0369
209.322 -11.2551 3.0392 0.00163209 209.31 -11.036 3.0369
209.307 -11.1699 3.03904 0.00827587 209.31 -11.036 3.0369
209.498 -11.2058 3.04917 9.67909e-06 209.31 -11.036 3.0369
209.208 -10.8758 3.04013 0.0430056 209.31 -11.036 3.0369
208.657 -11.3703 3.024 3.00889e-05 209.31 -11.036 3.0369
209.576 -11.1567 3.03989 0.000857721 209.31 -11.036 3.0369
209.771 -10.8184 3.05677 3.35377e-07 209.31 -11.036 3.0369
209.225 -11.3447 3.02569 0.000322505 209.31 -11.036 3.0369
209.898 -10.6546 3.04634 2.27934e-06 209.31 -11.036 3.0369
209.135 -11.0368 3.01897 0.000600816 209.31 -11.036 3.0369
209.444 -11.1612 3.0224 8.12182e-06 209.31 -11.036 3.0369
