6.57044 -94.5704 3.39814 3.83022e-05 6.5774 -95.01 3.375
6.37245 -94.4749 3.37606 2.70222e-05 6.5774 -95.01 3.375
6.37717 -94.5367 3.38558 9.95402e-05 6.5774 -95.01 3.375
6.46726 -94.994 3.37756 0.00306175 6.5774 -95.01 3.375
6.58833 -95.388 3.39353 3.89327e-09 6.5774 -95.01 3.375
6.82252 -94.7454 3.35853 6.05634e-08 6.5774 -95.01 3.375
6.24692 -94.3027 3.37496 2.95703e-08 6.5774 -95.01 3.375
6.70144 -94.6134 3.37372 0.00382461 6.5774 -95.01 3.375
6.29474 -95.0619 3.37122 7.03707e-05 6.5774 -95.01 3.375
6.87855 -95.1472 3.39356 0.0001134 6.5774 -95.01 3.375
6.97757 -94.368 3.39795 0.00297413 6.5774 -95.01 3.375
6.61238 -94.9938 3.37847 0.0194704 6.5774 -95.01 3.375
7.15943 -94.9756 3.37628 0.00301907 6.5774 -95.01 3.375
6.44825 -94.6123 3.37029 8.94149e-05 6.5774 -95.01 3.375
6.66155 -94.5173 3.37048 0.000115768 6.5774 -95.01 3.375
6.39196 -95.9314 3.39294 1.93021e-21 6.5774 -95.01 3.375
7.01336 -95.1021 3.38143 0.013159 6.5774 -95.01 3.375
6.22245 -94.8029 3.37961 1.99927e-05 6.5774 -95.01 3.375
7.00686 -94.9913 3.38275 0.0483189 6.5774 -95.01 3.375
6.38824 -95.2993 3.3895 2.25027e-08 6.5774 -95.01 3.375
6.71604 -94.3744 3.38092 0.00143948 6.5774 -95.01 3.375
6.58158 -94.2958 3.37268 1.81166e-06 6.5774 -95.01 3.375
6.65638 -94.7295 3.37184 0.00453011 6.5774 -95.01 3.375
6.67164 -95.0705 3.35034 3.10888e-10 6.5774 -95.01 3.375
6.60638 -95.3822 3.39052 8.87363e-08 6.5774 -95.01 3.375
6.49345 -94.9196 3.37778 0.00652115 6.5774 -95.01 3.375
6.69732 -94.7727 3.38362 0.0755902 6.5774 -95.01 3.375
6.94311 -94.5169 3.38768 0.0640361 6.5774 -95.01 3.375
6.69316 -95.0489 3.37495 0.0177312 6.5774 -95.01 3.375
6.80254 -94.713 3.38155 0.121926 6.5774 -95.01 3.375
6.79888 -95.1077 3.37562 0.0149815 6.5774 -95.01 3.375
6.68471 -94.7214 3.36336 1.34255e-05 6.5774 -95.01 3.375
6.96132 -94.9281 3.39041 0.0278691 6.5774 -95.01 3.375
6.77693 -95.0143 3.38928 0.00643701 6.5774 -95.01 3.375
6.75273 -94.661 3.39554 0.0041447 6.5774 -95.01 3.375
6.61286 -94.856 3.39063 0.00260092 6.5774 -95.01 3.375
6.45191 -95.0325 3.37418 0.00177029 6.5774 -95.01 3.375
6.1347 -94.8494 3.3896 1.48049e-08 6.5774 -95.01 3.375
7.10511 -94.9282 3.39407 0.0053488 6.5774 -95.01 3.375
7.04885 -95.1788 3.38833 0.000909173 6.5774 -95.01 3.375
6.14666 -94.8336 3.38117 1.45244e-06 6.5774 -95.01 3.375
6.90718 -95.2695 3.41517 2.20547e-17 6.5774 -95.01 3.375
6.55286 -95.9783 3.38052 1.28158e-15 6.5774 -95.01 3.375
6.17492 -94.633 3.36403 3.20858e-08 6.5774 -95.01 3.375
6.70451 -94.852 3.37114 0.00801794 6.5774 -95.01 3.375
7.46192 -94.6663 3.37959 1.66551e-05 6.5774 -95.01 3.375
6.28931 -94.7066 3.38668 1.72125e-05 6.5774 -95.01 3.375
6.82911 -94.6428 3.39893 0.00146906 6.5774 -95.01 3.375
6.92219 -94.7973 3.39531 0.0105528 6.5774 -95.01 3.375
6.26824 -95.106 3.38435 1.62909e-06 6.5774 -95.01 3.375
6.8203 -95.1063 3.39435 0.000104716 6.5774 -95.01 3.375
6.75139 -94.5305 3.37662 0.00523637 6.5774 -95.01 3.375
6.73093 -94.9473 3.3881 0.0155034 6.5774 -95.01 3.375
6.30326 -95.2021 3.39278 1.3443e-09 6.5774 -95.01 3.375
6.78162 -94.8668 3.37789 0.0840586 6.5774 -95.01 3.375
6.58055 -94.4698 3.3848 0.00266716 6.5774 -95.01 3.375
6.68134 -94.4201 3.36487 1.31293e-07 6.5774 -95.01 3.375
6.73726 -95.8408 3.36849 1.12356e-10 6.5774 -95.01 3.375
7.451 -94.9039 3.38992 0.000248783 6.5774 -95.01 3.375
6.33335 -95.3396 3.37529 3.4025e-06 6.5774 -95.01 3.375
6.47573 -94.7372 3.39512 2.3295e-05 6.5774 -95.01 3.375
6.80565 -94.9444 3.38347 0.0795841 6.5774 -95.01 3.375
6.84975 -94.8117 3.38409 0.165654 6.5774 -95.01 3.375
6.49134 -94.7208 3.39826 3.42934e-06 6.5774 -95.01 3.375
6.31382 -95.015 3.38343 2.79373e-05 6.5774 -95.01 3.375
6.27428 -95.3566 3.39111 3.952e-11 6.5774 -95.01 3.375
6.42322 -95.6477 3.37476 4.77449e-09 6.5774 -95.01 3.375
6.55411 -95.1606 3.39334 1.38021e-06 6.5774 -95.01 3.375
6.88557 -94.6736 3.39746 0.00541524 6.5774 -95.01 3.375
7.06342 -94.7169 3.37892 0.0270661 6.5774 -95.01 3.375
6.1916 -94.7943 3.37552 1.11016e-05 6.5774 -95.01 3.375
6.49742 -94.7894 3.38745 0.00182128 6.5774 -95.01 3.375
6.72113 -95.0237 3.38589 0.0124642 6.5774 -95.01 3.375
6.60419 -95.303 3.36917 0.00019633 6.5774 -95.01 3.375
6.43611 -94.9466 3.37182 0.00131815 6.5774 -95.01 3.375
6.33823 -94.448 3.39823 4.33553e-08 6.5774 -95.01 3.375
6.62472 -95.2371 3.39343 7.31521e-07 6.5774 -95.01 3.375
6.13712 -94.6485 3.38603 1.51932e-07 6.5774 -95.01 3.375
6.98337 -94.9888 3.37716 0.0279437 6.5774 -95.01 3.375
7.0031 -95.1197 3.3979 1.62906e-05 6.5774 -95.01 3.375
6.48661 -95.2392 3.3748 0.000305029 6.5774 -95.01 3.375
5.84041 -94.9111 3.39594 3.66532e-17 6.5774 -95.01 3.375
6.46343 -94.9331 3.37264 0.002342 6.5774 -95.01 3.375
6.73762 -95.1113 3.38807 0.00167784 6.5774 -95.01 3.375
6.77097 -95.0895 3.37823 0.0224294 6.5774 -95.01 3.375
6.77435 -94.2069 3.39988 2.92677e-05 6.5774 -95.01 3.375
6.70073 -95.0029 3.38682 0.00971254 6.5774 -95.01 3.375
6.23821 -95.3383 3.3709 7.89572e-07 6.5774 -95.01 3.375
6.26633 -95.1583 3.38921 2.52782e-08 6.5774 -95.01 3.375
6.6317 -95.3088 3.38556 2.56998e-05 6.5774 -95.01 3.375
6.1279 -94.8431 3.37515 2.07765e-06 6.5774 -95.01 3.375
6.94582 -94.1769 3.37879 5.63286e-06 6.5774 -95.01 3.375
6.74497 -95.8245 3.37885 2.92012e-11 6.5774 -95.01 3.375
6.3635 -94.9677 3.37612 0.000580093 6.5774 -95.01 3.375
6.42064 -94.9473 3.37476 0.0016682 6.5774 -95.01 3.375
5.81566 -95.1141 3.38933 5.09339e-16 6.5774 -95.01 3.375
6.43058 -95.0243 3.37952 0.00104921 6.5774 -95.01 3.375
6.59117 -93.926 3.38162 1.29357e-09 6.5774 -95.01 3.375
6.88896 -94.8463 3.37678 0.0604725 6.5774 -95.01 3.375
6.49871 -95.556 3.39372 9.89658e-13 6.5774 -95.01 3.375
