-35.8801 -26.8115 1.19433 0.000182779
-35.7478 -26.2121 1.19973 2.39749e-08
-35.94 -26.1149 1.1908 1.17131e-06
-35.6313 -25.8877 1.20246 1.50439e-17
-35.6681 -26.4412 1.19331 0.00927691
-36.4749 -26.944 1.19703 1.20489e-16
-35.8253 -26.4989 1.18101 0.0128767
-35.2103 -26.6051 1.18092 0.000161567
-35.6614 -26.8222 1.18704 0.00201267
-35.7867 -26.6051 1.19477 0.00363025
-35.5987 -26.5681 1.17899 0.0224869
-35.8205 -26.2572 1.19076 0.000672817
-34.7937 -26.1954 1.19459 1.64384e-17
-35.8759 -25.7957 1.19253 2.48401e-13
-36.0701 -26.7003 1.19407 5.28548e-06
-35.9188 -26.2045 1.16421 2.92095e-09
-35.582 -26.3876 1.19645 0.000236759
-35.405 -26.3759 1.20825 1.50248e-13
-35.2955 -26.4094 1.20399 7.94617e-11
-36.0016 -26.4648 1.17014 1.74225e-08
-35.7777 -26.7521 1.18838 0.00466679
-35.8169 -26.4573 1.18433 0.0400995
-35.8471 -26.6138 1.18632 0.0103184
-35.9535 -26.4722 1.18767 0.00177218
-35.3465 -26.0978 1.17952 0.00140494
-35.7777 -26.1491 1.1733 0.000747114
-35.5866 -26.8636 1.1988 7.42591e-05
-35.3997 -26.3875 1.18832 0.0169185
-35.5613 -26.088 1.19486 2.02619e-07
-35.4387 -27.062 1.18823 2.35514e-07
-35.9076 -26.5591 1.18192 0.0015894
-35.8536 -26.6867 1.18393 0.0015892
-35.5587 -26.3626 1.18129 0.218702
-35.5055 -26.4043 1.20856 1.31472e-12
-35.3851 -26.5597 1.17015 4.44132e-06
-35.3557 -26.5757 1.17892 0.00323035
-35.7788 -26.6371 1.18233 0.00777511
-35.2573 -26.7116 1.2011 7.47132e-08
-35.868 -26.635 1.19172 0.0036392
-35.3611 -26.6306 1.19919 9.0523e-06
-35.6448 -26.1039 1.17436 0.00395331
-35.3514 -26.516 1.18053 0.0130487
-35.448 -25.9289 1.20581 1.59688e-20
-35.23 -27.0288 1.18655 6.17213e-09
-36.2097 -26.4438 1.17799 6.80331e-09
-36.096 -26.6065 1.18919 1.08257e-05
-35.2829 -25.9396 1.20388 5.34732e-20
-35.7501 -26.6734 1.18691 0.0218681
-35.3035 -26.4228 1.18965 0.00160962
-35.1451 -26.2793 1.20037 4.16649e-12
-36.2694 -26.1734 1.17982 2.84145e-10
-35.5212 -26.1793 1.19466 5.38788e-06
-35.9728 -26.3655 1.18452 0.000864423
-35.8335 -26.7287 1.18418 0.00106782
-35.442 -26.4788 1.1885 0.0481998
-35.6956 -26.1966 1.1936 4.33897e-05
-35.6502 -26.6414 1.19977 0.000153989
-35.0266 -26.1173 1.20735 1.22899e-23
-36.1049 -26.8041 1.19941 4.86905e-08
-35.7023 -26.5744 1.18013 0.0201617
-35.9027 -26.6256 1.1892 0.0030315
-35.6286 -26.3893 1.19177 0.0154916
-35.7137 -26.4093 1.19113 0.021215
-35.5294 -26.7607 1.20816 2.55258e-09
-35.6465 -26.5658 1.19304 0.0236698
-35.5835 -26.9551 1.18321 4.13551e-06
-35.2195 -26.7798 1.19206 9.68418e-06
-35.5404 -26.4784 1.18937 0.0881698
-35.9152 -26.5251 1.18757 0.00456905
-35.7742 -26.353 1.17071 9.18154e-05
-35.8806 -26.0996 1.18075 0.000273876
-35.2337 -26.4637 1.19853 1.17566e-07
-35.0199 -26.423 1.19419 1.60498e-09
-35.8262 -26.8654 1.17123 1.58194e-11
-35.3503 -26.2816 1.19028 0.000447066
-35.4609 -26.8171 1.18084 8.18577e-05
-35.4189 -26.2107 1.17892 0.0249315
-35.729 -26.2218 1.19669 2.35721e-06
-35.6177 -26.5609 1.18536 0.167811
-36.5385 -27.1413 1.19693 3.41858e-21
-35.4676 -26.2125 1.18384 0.0242708
-35.9478 -26.3037 1.1926 3.73849e-05
-35.7076 -26.445 1.18219 0.134744
-35.3216 -26.4194 1.17641 0.00378199
-35.2693 -26.1701 1.18889 1.5149e-05
-35.5237 -26.7218 1.2091 4.06837e-10
-36.1831 -26.458 1.18439 3.85504e-07
-35.9193 -26.7935 1.18414 3.06132e-05
-35.731 -27.0697 1.1687 5.89e-18
-35.8895 -26.0766 1.1964 1.90777e-09
-35.8633 -26.6634 1.19995 2.68218e-05
-36.0754 -26.5833 1.19687 1.35513e-06
-35.446 -26.7324 1.18851 0.00681913
-35.8641 -26.6293 1.18515 0.00494598
-35.9599 -26.6724 1.18936 0.000453524
-35.7819 -26.3655 1.21253 1.92249e-16
-35.2159 -26.5002 1.20419 3.41284e-11
-36.2382 -26.5078 1.19786 5.72233e-10
-35.2809 -26.5449 1.21263 6.47359e-17
-35.4394 -27.2347 1.19295 2.61234e-10
