91.7482 -31.214 3.53393 0.00515741
92.3776 -30.6968 3.55758 1.24683e-10
91.8645 -30.9748 3.53 4.7647e-05
91.9993 -30.4434 3.54495 3.367e-09
92.5509 -30.8669 3.54548 2.15108e-06
91.8037 -30.709 3.5366 2.45698e-06
91.789 -30.8874 3.5323 2.0727e-05
92.0892 -30.4103 3.53712 1.02888e-11
92.1791 -30.9178 3.52231 3.16838e-12
92.0564 -31.2135 3.53981 0.462132
91.8308 -31.0231 3.54843 0.000316119
92.2696 -30.3435 3.53743 3.01195e-14
93.0495 -30.6095 3.53133 4.22593e-28
91.746 -30.3761 3.5456 1.30379e-12
92.4502 -31.1187 3.54133 0.00129588
91.5528 -31.5805 3.53184 1.38848e-07
92.1033 -31.3002 3.52432 1.42596e-06
92.3367 -31.3491 3.5547 1.60391e-09
92.4288 -31.2022 3.5276 1.204e-07
92.4319 -31.1133 3.55363 1.46688e-07
92.2425 -31.017 3.53075 8.30532e-05
92.1757 -31.0557 3.53418 0.0148249
92.2371 -30.9656 3.52494 1.73987e-09
92.2606 -31.0665 3.54408 0.0396995
92.4649 -30.6336 3.54524 6.92913e-08
91.7575 -31.3833 3.5333 0.00235218
92.3101 -30.7371 3.54855 1.98368e-05
92.1504 -30.5379 3.55234 1.07364e-08
92.1449 -30.8293 3.52111 7.69622e-15
92.892 -31.2995 3.53176 2.45406e-15
92.3065 -31.0718 3.52454 2.54189e-09
92.6407 -30.8514 3.53504 4.60476e-10
92.6307 -30.9313 3.54914 4.07567e-08
92.4624 -30.4543 3.53116 2.1914e-17
92.331 -31.2766 3.55434 2.26119e-08
92.7776 -31.0292 3.55044 2.51036e-11
92.3827 -31.0198 3.526 1.50264e-09
92.1073 -30.515 3.52313 5.73881e-20
92.2164 -30.807 3.53461 3.61437e-05
92.0963 -31.5288 3.54105 0.00162561
91.6132 -30.6706 3.54127 1.99399e-08
92.1686 -30.7751 3.54115 0.00120142
92.2192 -31.0085 3.53162 0.000298259
91.6991 -30.0332 3.54316 7.21566e-24
92.1949 -30.6294 3.52376 1.04335e-16
92.21 -30.5969 3.53706 8.94561e-08
92.528 -31.2157 3.53582 2.26889e-05
91.8028 -30.2407 3.53314 5.89914e-20
91.6027 -31.4776 3.53298 9.17051e-06
92.3844 -30.4526 3.52896 3.13449e-18
92.3722 -30.4104 3.5314 3.26258e-17
92.7928 -30.917 3.52806 2.23231e-17
92.2386 -30.4436 3.55445 2.186e-11
92.0893 -31.4038 3.52912 0.000988274
91.9159 -31.1873 3.5271 6.74501e-05
92.5276 -30.8894 3.53877 2.96018e-06
92.1064 -30.9307 3.55434 2.56406e-06
91.7577 -31.0766 3.55045 4.45609e-06
92.5897 -30.9642 3.52881 1.97705e-11
91.9112 -30.8243 3.5411 0.00273132
92.7729 -30.823 3.5498 9.05476e-12
92.5301 -31.7292 3.54834 1.38601e-13
91.7436 -30.8994 3.52992 8.10662e-07
91.2769 -30.9555 3.53347 1.1135e-12
91.5936 -30.543 3.53193 3.93472e-14
92.3481 -31.0545 3.52882 1.09182e-06
92.1991 -30.9724 3.54016 0.0571032
92.3778 -30.5791 3.54189 4.24641e-08
92.6373 -30.9989 3.53125 2.11913e-10
92.0734 -30.6809 3.53431 7.74619e-07
92.7904 -30.7011 3.54189 3.2788e-13
92.1776 -31.1329 3.53677 0.145151
92.3759 -30.2747 3.52436 7.2008e-29
92.1211 -30.7912 3.5299 1.57344e-07
92.6221 -31.3882 3.5282 1.36101e-10
92.4492 -31.5488 3.53234 1.12132e-06
91.9657 -30.7128 3.53805 5.30805e-05
91.8318 -30.9251 3.54658 0.000812506
92.124 -30.0239 3.54271 5.42876e-22
92.2933 -30.5987 3.53029 2.75657e-12
91.7702 -30.58 3.55741 2.82958e-13
92.1569 -30.8444 3.54118 0.00822389
92.3598 -30.9709 3.54222 0.0043926
92.1267 -30.7211 3.52463 2.96291e-13
92.3102 -30.7606 3.52743 2.4014e-11
92.3313 -31.0034 3.54422 0.00795541
92.1546 -31.0969 3.54843 0.00508884
92.1637 -31.0281 3.54033 0.162905
92.3687 -31.5276 3.56075 5.1687e-19
92.7759 -30.2885 3.54323 2.09078e-21
91.8561 -30.9873 3.52155 2.43494e-11
91.9806 -31.2444 3.54359 0.0714508
92.7695 -31.3917 3.53136 2.20391e-12
92.1579 -30.7256 3.53592 1.36737e-05
92.4364 -30.7203 3.53069 3.82554e-11
92.0993 -30.9105 3.53433 0.00181563
92.3751 -30.8264 3.53619 1.14222e-05
91.7079 -30.6038 3.52929 5.6126e-13
92.4352 -31.382 3.52492 2.32883e-09
91.9191 -31.2238 3.5296 0.00207307
