19.5226 -88.8113 3.71187 0.00625322
19.6219 -88.3755 3.69577 1.99084e-07
19.5117 -89.1183 3.71695 4.36432e-05
19.2433 -88.6087 3.69291 4.31284e-05
18.9682 -88.3916 3.70502 0.00238681
19.6183 -88.9116 3.70444 0.000118991
18.811 -88.5801 3.71813 3.46022e-13
19.1976 -88.6745 3.70411 0.0374131
19.4025 -88.4062 3.71429 0.0175097
18.7537 -88.6704 3.7062 6.0202e-07
19.7343 -88.605 3.71003 0.00833584
19.4534 -88.7462 3.6978 3.76312e-05
19.8243 -89.0921 3.7133 2.09197e-06
19.1667 -88.902 3.70792 0.0123827
19.2608 -89.6056 3.70371 5.59804e-15
19.535 -88.2226 3.69799 1.20293e-05
19.6037 -88.3638 3.70634 0.0140575
18.954 -88.2407 3.71089 2.01862e-06
19.213 -89.0578 3.70678 0.000361859
19.3076 -88.976 3.70628 0.00299109
19.3202 -88.5607 3.72293 2.38441e-07
19.1205 -88.6144 3.70057 0.0261311
19.2616 -88.0508 3.71621 2.64897e-07
20.0006 -89.1209 3.69914 9.72958e-16
18.3898 -88.5955 3.69652 3.19974e-10
19.3286 -88.5699 3.71527 0.00427472
19.6965 -88.7441 3.70402 7.12555e-05
19.3753 -88.192 3.70673 0.0097941
18.4871 -88.6671 3.71043 3.68145e-10
19.4026 -88.4066 3.70499 0.113959
18.9134 -88.399 3.7087 3.63808e-05
19.8999 -88.4896 3.68739 5.99923e-22
20.0546 -88.1703 3.70768 1.94987e-09
19.4597 -88.5649 3.70131 0.00895418
19.2747 -88.2217 3.71261 0.000884589
18.575 -88.7931 3.69999 2.15972e-06
19.4971 -88.4853 3.70795 0.148871
19.5548 -89.1114 3.71643 5.49308e-05
19.3616 -87.6419 3.70304 5.14877e-12
19.0666 -88.3956 3.70545 0.0149547
19.4238 -88.7468 3.70749 0.026131
19.1046 -88.093 3.68899 1.06511e-07
18.8882 -88.5671 3.70981 6.15499e-06
19.4213 -88.9071 3.72318 0.000142468
19.045 -89.203 3.71143 2.6429e-07
19.5841 -88.5649 3.72837 2.88067e-08
19.1615 -88.5823 3.71592 4.35352e-05
18.9906 -89.2291 3.7007 7.76059e-08
19.2966 -88.6328 3.71232 0.0161195
18.9114 -88.8178 3.7031 0.0029787
18.8538 -88.3405 3.70261 0.000293176
19.0371 -88.4664 3.68457 1.64194e-08
19.8026 -88.6236 3.72071 0.00115812
18.9783 -88.8604 3.6877 1.59999e-07
19.1583 -88.1111 3.70713 0.000333502
19.4346 -88.618 3.70897 0.130096
18.1778 -88.3666 3.70318 5.28797e-19
19.0453 -88.9522 3.68365 3.2022e-11
18.9287 -89.1942 3.71312 1.01457e-08
19.3712 -89.0499 3.70543 0.000246087
19.0787 -88.8931 3.70322 0.00535822
19.406 -88.7436 3.69452 1.79741e-06
18.8571 -88.7108 3.69426 7.69747e-05
19.5773 -88.5883 3.69389 3.23149e-08
19.5081 -88.4491 3.69881 0.000439854
19.2687 -89.1366 3.68928 1.43184e-11
19.1335 -88.3891 3.69144 7.23283e-05
19.3477 -88.9405 3.72334 2.3093e-05
19.0982 -88.7285 3.69322 5.34602e-05
19.6952 -88.2879 3.70235 3.75076e-05
19.1863 -89.1239 3.70713 4.48033e-05
19.4691 -88.9665 3.70785 0.00235724
19.2549 -88.8147 3.70977 0.00245679
19.9076 -88.5074 3.7063 6.46373e-06
18.6094 -89.1105 3.70473 9.94462e-10
18.7586 -89.1207 3.69739 6.73603e-08
19.9307 -88.6649 3.71117 6.92728e-05
19.4595 -88.9028 3.71301 0.0196653
19.2569 -89.1177 3.70228 1.40373e-05
18.7695 -88.2823 3.69424 7.09558e-05
19.085 -88.8024 3.68552 7.72588e-09
19.1162 -88.3482 3.70717 0.0116195
19.0726 -89.5698 3.70814 3.86723e-14
18.9143 -88.7345 3.68168 2.34333e-11
19.6459 -88.9235 3.71291 0.00302973
19.6476 -88.3634 3.70252 0.000371823
19.2405 -88.9874 3.69488 2.43239e-06
19.3545 -88.4532 3.71077 0.0953867
19.1594 -88.8152 3.70848 0.0501124
19.4047 -88.785 3.69839 8.57864e-05
19.7016 -89.1762 3.69613 4.55597e-13
18.9548 -88.7873 3.71161 0.000928495
19.2726 -88.4137 3.71018 0.0459053
19.5142 -88.5316 3.70964 0.152066
19.0901 -89.2653 3.69875 1.20737e-08
19.3599 -88.6581 3.72337 2.50911e-07
19.5409 -88.1567 3.70643 0.00143532
19.4484 -88.2986 3.68648 2.76493e-12
19.3987 -89.1802 3.71881 1.8751e-06
19.4777 -88.7752 3.70204 0.000816324
