269.409 23.7017 5.65016 0.00281865 269.65 23.868 5.648
269.681 24.2636 5.63179 9.15289e-05 269.65 23.868 5.648
269.803 24.2826 5.64685 0.000154921 269.65 23.868 5.648
269.701 23.9889 5.6405 0.163699 269.65 23.868 5.648
269.711 23.7772 5.6526 0.00280376 269.65 23.868 5.648
269.629 23.6564 5.64392 0.0075133 269.65 23.868 5.648
269.845 23.0767 5.65522 6.01533e-20 269.65 23.868 5.648
269.544 23.8985 5.63769 0.10919 269.65 23.868 5.648
269.473 24.0474 5.6559 0.00946871 269.65 23.868 5.648
269.33 23.7469 5.67026 6.42433e-09 269.65 23.868 5.648
269.531 23.6371 5.62494 3.45882e-06 269.65 23.868 5.648
268.963 24.0194 5.6463 1.23719e-08 269.65 23.868 5.648
269.746 23.8112 5.60927 1.63037e-11 269.65 23.868 5.648
269.597 23.565 5.63658 0.000352587 269.65 23.868 5.648
269.202 24.1755 5.65599 3.05617e-05 269.65 23.868 5.648
269.519 23.4789 5.62886 3.50272e-07 269.65 23.868 5.648
269.71 23.2407 5.65041 4.08447e-12 269.65 23.868 5.648
269.839 23.9982 5.64015 0.023204 269.65 23.868 5.648
269.716 24.1452 5.65362 0.00167753 269.65 23.868 5.648
269.63 23.2337 5.63865 8.60602e-11 269.65 23.868 5.648
269.385 24.2456 5.66447 1.79927e-06 269.65 23.868 5.648
269.886 23.8771 5.62285 2.44649e-05 269.65 23.868 5.648
269.424 24.1272 5.64066 0.0104242 269.65 23.868 5.648
269.53 23.1274 5.61602 9.93242e-20 269.65 23.868 5.648
269.783 23.5057 5.63398 1.35511e-05 269.65 23.868 5.648
269.845 23.8602 5.63858 0.0191644 269.65 23.868 5.648
270.269 24.2265 5.6257 6.37663e-12 269.65 23.868 5.648
269.823 23.6265 5.63266 0.000260349 269.65 23.868 5.648
269.601 24.7578 5.63291 6.19775e-16 269.65 23.868 5.648
269.403 23.5176 5.6433 2.05406e-05 269.65 23.868 5.648
269.469 23.8102 5.64687 0.0638807 269.65 23.868 5.648
269.475 23.2307 5.66645 3.77506e-17 269.65 23.868 5.648
269.515 24.263 5.6274 1.21748e-06 269.65 23.868 5.648
270.204 23.8871 5.62832 3.68684e-08 269.65 23.868 5.648
269.439 24.1088 5.63216 0.000428434 269.65 23.868 5.648
269.547 23.6425 5.66623 2.10435e-08 269.65 23.868 5.648
269.81 23.6333 5.64138 0.000776023 269.65 23.868 5.648
269.459 24.1104 5.63164 0.000437784 269.65 23.868 5.648
269.98 24.015 5.63113 0.00017106 269.65 23.868 5.648
269.597 23.8015 5.62964 0.0029462 269.65 23.868 5.648
270.017 23.3521 5.64247 2.98523e-11 269.65 23.868 5.648
269.594 23.759 5.64027 0.0638457 269.65 23.868 5.648
269.894 23.5662 5.63794 2.36839e-05 269.65 23.868 5.648
269.788 23.2703 5.64738 2.92477e-11 269.65 23.868 5.648
269.45 24.0425 5.63311 0.00241057 269.65 23.868 5.648
269.816 24.1363 5.63067 0.000576383 269.65 23.868 5.648
269.897 24.3938 5.64991 1.20341e-07 269.65 23.868 5.648
269.442 23.9582 5.66052 0.000770641 269.65 23.868 5.648
269.885 23.5227 5.63832 6.45716e-06 269.65 23.868 5.648
269.802 23.091 5.62812 3.06298e-16 269.65 23.868 5.648
269.246 23.7461 5.64184 0.000184418 269.65 23.868 5.648
269.794 23.8551 5.63279 0.0136303 269.65 23.868 5.648
269.897 23.5351 5.66221 7.60876e-12 269.65 23.868 5.648
270.4 24.3884 5.66131 6.50518e-24 269.65 23.868 5.648
269.607 24.228 5.65456 0.00083048 269.65 23.868 5.648
269.825 23.8703 5.64418 0.0200605 269.65 23.868 5.648
269.25 23.7537 5.64423 0.00037789 269.65 23.868 5.648
270.02 23.9383 5.65603 9.9508e-08 269.65 23.868 5.648
270.086 23.8506 5.65005 2.01595e-07 269.65 23.868 5.648
270.163 24.2004 5.63908 2.11935e-08 269.65 23.868 5.648
269.511 23.8851 5.64671 0.173574 269.65 23.868 5.648
269.992 23.8334 5.6533 1.27239e-06 269.65 23.868 5.648
269.889 23.9305 5.62546 0.000130638 269.65 23.868 5.648
269.396 24.2055 5.63708 0.000328394 269.65 23.868 5.648
270.388 23.9266 5.63242 3.12613e-12 269.65 23.868 5.648
269.286 24.3197 5.645 1.12595e-05 269.65 23.868 5.648
269.835 24.085 5.64107 0.0109802 269.65 23.868 5.648
269.272 23.7861 5.63972 0.000429686 269.65 23.868 5.648
269.328 23.75 5.62655 5.99045e-07 269.65 23.868 5.648
269.45 24.3198 5.63824 4.87507e-05 269.65 23.868 5.648
270.399 23.9524 5.63441 1.33276e-12 269.65 23.868 5.648
270.287 23.5344 5.63677 1.21135e-12 269.65 23.868 5.648
269.855 23.8633 5.64966 0.00156683 269.65 23.868 5.648
269.944 23.4448 5.65904 6.60256e-13 269.65 23.868 5.648
269.313 23.7857 5.64535 0.00375083 269.65 23.868 5.648
269.708 23.3089 5.63035 1.06621e-09 269.65 23.868 5.648
269.922 23.2505 5.65207 1.47382e-14 269.65 23.868 5.648
269.85 24.1077 5.65035 0.000705219 269.65 23.868 5.648
269 23.8729 5.65579 8.94424e-08 269.65 23.868 5.648
269.739 23.7142 5.64339 0.012296 269.65 23.868 5.648
269.352 23.1717 5.66916 2.41759e-20 269.65 23.868 5.648
269.493 24.2969 5.64717 0.000851058 269.65 23.868 5.648
270.244 23.7722 5.64258 8.77356e-10 269.65 23.868 5.648
269.458 23.6052 5.62831 4.69053e-06 269.65 23.868 5.648
270.011 23.6023 5.64198 1.26241e-06 269.65 23.868 5.648
269.647 23.8863 5.63999 0.213613 269.65 23.868 5.648
270.057 23.846 5.63351 3.50121e-05 269.65 23.868 5.648
269.588 23.8038 5.63041 0.00433659 269.65 23.868 5.648
269.577 24.196 5.65141 0.00654241 269.65 23.868 5.648
270.034 24.0677 5.64938 2.82894e-06 269.65 23.868 5.648
269.794 23.3739 5.63191 2.75365e-08 269.65 23.868 5.648
269.22 23.1562 5.64155 6.33864e-16 269.65 23.868 5.648
269.419 24.0996 5.6628 8.07266e-05 269.65 23.868 5.648
269.92 23.5905 5.64589 5.08858e-06 269.65 23.868 5.648
269.163 24.3434 5.65416 1.82689e-07 269.65 23.868 5.648
269.762 23.698 5.63309 0.00292667 269.65 23.868 5.648
269.668 23.8676 5.65443 0.00619648 269.65 23.868 5.648
269.744 23.4017 5.63862 4.36071e-07 269.65 23.868 5.648
269.396 24.0161 5.64298 0.0393033 269.65 23.868 5.648
269.435 24.3031 5.66841 1.63694e-08 269.65 23.868 5.648
