38.5604 12.1127 0.144643 8.67355e-07
39.123 11.3496 0.137368 5.89327e-07
38.179 11.2464 0.12458 5.41563e-29
38.5783 11.6257 0.131796 5.1247e-08
38.7869 11.9086 0.153196 1.26401e-05
38.4669 12.0388 0.139702 5.44919e-08
38.4893 12.0696 0.163528 2.77271e-11
38.4594 11.7138 0.141176 0.00158149
38.5859 11.5568 0.147142 0.217641
38.3756 11.5886 0.146473 0.0168828
38.5282 12.2387 0.136526 5.13582e-14
38.7708 11.5663 0.135794 0.000821932
37.763 11.2131 0.13745 8.59388e-29
38.7293 12.164 0.140112 6.09876e-09
38.6123 11.0961 0.149811 7.11366e-08
38.5476 11.9865 0.14566 0.000269964
39.1103 11.8538 0.13126 7.57503e-09
38.4721 11.9688 0.145215 0.000166858
38.5582 11.6467 0.13511 1.07735e-05
38.7216 11.7144 0.172475 1.01862e-22
38.8314 11.4626 0.145175 0.0100864
38.3727 12.0417 0.14061 8.80727e-09
38.1939 11.1242 0.156009 2.7875e-10
38.782 11.3861 0.128337 1.27526e-09
38.8167 11.5916 0.150541 0.0023487
38.5607 11.1185 0.143973 4.55735e-07
38.569 11.9925 0.151778 0.000156707
38.6328 12.1652 0.167522 6.02569e-19
38.5761 11.3767 0.159283 3.53291e-07
38.8391 11.556 0.148535 0.00504192
38.664 11.4714 0.139692 0.00802281
37.8833 11.3784 0.134596 5.8273e-25
38.4001 11.0774 0.143038 1.70091e-09
38.6888 11.6698 0.130821 1.00635e-07
38.566 11.1836 0.14446 1.14947e-05
38.4165 11.5232 0.154957 0.00528403
38.6728 11.2692 0.135181 8.66981e-07
38.5863 11.9007 0.148918 0.00625345
38.7546 12.2383 0.147987 5.57506e-10
38.0818 10.9793 0.131048 9.45829e-29
38.7598 11.7098 0.152015 0.00243779
37.842 11.1849 0.15762 3.08223e-15
38.5886 11.7295 0.1716 2.20301e-18
38.0759 11.4971 0.142893 9.29232e-10
38.6144 11.565 0.151702 0.0402436
39.1373 11.9853 0.151426 1.12006e-12
38.6084 11.6409 0.149776 0.155388
38.8575 11.4718 0.125581 3.86346e-11
38.1097 11.6131 0.160358 2.68505e-06
38.7583 11.2465 0.14827 2.96858e-05
38.356 11.4416 0.158882 2.62829e-05
38.4088 11.545 0.135693 2.00585e-07
38.9666 11.9545 0.129433 1.19504e-10
38.1191 11.6709 0.144238 1.21323e-07
38.5373 11.3406 0.13074 9.39186e-11
38.2762 12.0811 0.141635 1.50621e-10
38.4204 11.1488 0.145276 3.60838e-07
38.369 11.5917 0.166479 8.89788e-10
38.1288 11.6566 0.156949 4.21445e-05
38.2762 11.754 0.145422 0.000209957
38.7335 11.9252 0.143977 0.0013104
38.4144 11.6184 0.133111 1.63183e-09
38.3809 12.0542 0.153855 4.7131e-06
37.908 10.9964 0.135933 4.27352e-29
38.712 11.3224 0.137049 5.45266e-05
39.0754 12.0877 0.140954 8.90755e-10
38.511 11.5279 0.150611 0.0768548
38.5009 11.5477 0.137084 4.72082e-05
38.5976 11.6081 0.133832 4.13572e-06
38.434 11.548 0.144826 0.021097
38.5083 11.5479 0.13748 0.000101617
37.9128 11.3394 0.14227 1.99393e-16
38.4344 11.4059 0.13814 4.74544e-06
38.6278 12.0335 0.154914 1.71627e-06
38.4383 11.6763 0.151154 0.0775891
38.5837 11.8126 0.147844 0.0508337
38.8014 11.2406 0.138951 1.92601e-05
38.6369 11.7457 0.149318 0.0817164
38.6385 11.3724 0.141198 0.00295416
38.6782 11.5528 0.158623 2.55071e-06
38.3659 11.7317 0.148397 0.0177373
38.5285 11.1218 0.164824 3.7011e-16
38.5209 11.6621 0.146882 0.19169
38.5596 11.5981 0.139049 0.00266287
38.0528 11.4096 0.158594 8.46252e-08
38.4153 11.8016 0.137475 7.4929e-07
38.7428 11.4818 0.12948 2.24237e-08
38.9491 11.7191 0.144071 0.00161216
38.7863 11.9196 0.133995 4.09775e-07
37.8821 11.8837 0.128228 1.59752e-35
38.5134 11.885 0.141471 0.000275395
38.1926 11.9672 0.120481 2.41182e-37
37.9476 12.118 0.144513 2.15426e-17
38.9751 12.0124 0.132909 1.79063e-09
38.4126 11.1813 0.147122 2.39449e-06
38.55 11.6596 0.131232 5.03189e-09
38.2298 11.4379 0.13842 1.84455e-09
38.2772 11.4217 0.152949 0.000444179
38.204 11.4816 0.141468 1.14468e-07
38.5248 11.2164 0.139063 7.36965e-07
