-35.1355 -75.8474 2.05729 3.15021e-07 -35.612 -75.613 2.0723
-35.0961 -76.0086 2.0807 0.00324864 -35.612 -75.613 2.0723
-36.0516 -76.1717 2.07307 2.14296e-10 -35.612 -75.613 2.0723
-35.1213 -75.5558 2.08634 8.34124e-05 -35.612 -75.613 2.0723
-35.3104 -75.7276 2.06358 0.00859702 -35.612 -75.613 2.0723
-35.5774 -75.1853 2.07269 9.32994e-05 -35.612 -75.613 2.0723
-35.2053 -74.816 2.06638 1.90169e-07 -35.612 -75.613 2.0723
-35.5518 -75.8017 2.08238 0.00339267 -35.612 -75.613 2.0723
-36.0333 -75.4333 2.07313 2.51967e-07 -35.612 -75.613 2.0723
-34.7945 -75.3988 2.07471 0.000116387 -35.612 -75.613 2.0723
-35.5166 -75.7148 2.06265 0.00305708 -35.612 -75.613 2.0723
-35.6813 -75.7593 2.07878 0.0013971 -35.612 -75.613 2.0723
-35.7322 -74.957 2.05906 2.49996e-06 -35.612 -75.613 2.0723
-35.4403 -75.6508 2.0601 0.00218247 -35.612 -75.613 2.0723
-35.4699 -75.5107 2.07242 0.0616985 -35.612 -75.613 2.0723
-35.818 -76.0086 2.06708 1.02205e-06 -35.612 -75.613 2.0723
-35.3406 -75.7636 2.06509 0.0127567 -35.612 -75.613 2.0723
-35.1018 -75.253 2.05731 0.000160469 -35.612 -75.613 2.0723
-36.2611 -75.4601 2.06977 7.62172e-11 -35.612 -75.613 2.0723
-35.1554 -75.6618 2.06528 0.0209258 -35.612 -75.613 2.0723
-35.5887 -75.3806 2.06512 0.0143396 -35.612 -75.613 2.0723
-35.1354 -75.7511 2.07074 0.0669596 -35.612 -75.613 2.0723
-35.2031 -75.3563 2.06085 0.00874348 -35.612 -75.613 2.0723
-35.3824 -75.8854 2.05977 8.58203e-05 -35.612 -75.613 2.0723
-35.092 -75.2096 2.07828 4.31219e-05 -35.612 -75.613 2.0723
-35.9648 -75.7939 2.07517 1.93234e-06 -35.612 -75.613 2.0723
-35.6442 -74.8217 2.09617 7.58338e-30 -35.612 -75.613 2.0723
-35.6735 -75.7879 2.07822 0.00161273 -35.612 -75.613 2.0723
-35.4148 -75.0245 2.07896 1.9687e-08 -35.612 -75.613 2.0723
-35.2379 -76.5649 2.08015 4.26729e-09 -35.612 -75.613 2.0723
-35.356 -75.3522 2.06251 0.0372433 -35.612 -75.613 2.0723
-35.2906 -75.4131 2.08501 1.08572e-05 -35.612 -75.613 2.0723
-35.1875 -75.3767 2.05964 0.00377892 -35.612 -75.613 2.0723
-35.8726 -75.398 2.05965 1.63722e-05 -35.612 -75.613 2.0723
-35.9555 -75.9511 2.07375 4.46887e-07 -35.612 -75.613 2.0723
-35.5662 -75.8126 2.07235 0.00879935 -35.612 -75.613 2.0723
-35.73 -74.9199 2.05877 1.06453e-06 -35.612 -75.613 2.0723
-34.968 -75.3917 2.05553 2.03342e-06 -35.612 -75.613 2.0723
-35.5763 -76.1056 2.0607 1.21367e-07 -35.612 -75.613 2.0723
-35.6637 -76.0356 2.06936 3.19247e-05 -35.612 -75.613 2.0723
-35.0791 -75.8671 2.08201 0.00982959 -35.612 -75.613 2.0723
-35.5952 -75.3289 2.08421 2.45403e-08 -35.612 -75.613 2.0723
-35.4548 -75.1964 2.04632 9.17967e-08 -35.612 -75.613 2.0723
-35.2966 -75.6141 2.0758 0.130229 -35.612 -75.613 2.0723
-35.4839 -75.9342 2.07527 0.00682537 -35.612 -75.613 2.0723
-34.7234 -75.5002 2.08358 2.32447e-06 -35.612 -75.613 2.0723
-35.3282 -75.4592 2.07988 0.00276303 -35.612 -75.613 2.0723
-35.5611 -75.5304 2.07084 0.0284411 -35.612 -75.613 2.0723
-35.2484 -75.5312 2.05524 6.67508e-05 -35.612 -75.613 2.0723
-35.5773 -75.5686 2.06998 0.0264791 -35.612 -75.613 2.0723
-35.6619 -75.5964 2.06597 0.00494995 -35.612 -75.613 2.0723
-35.1978 -75.757 2.07365 0.13876 -35.612 -75.613 2.0723
-35.4951 -75.7273 2.06306 0.00386362 -35.612 -75.613 2.0723
-35.4396 -75.5856 2.08439 8.27473e-05 -35.612 -75.613 2.0723
-35.6134 -75.5624 2.05112 5.20062e-07 -35.612 -75.613 2.0723
-35.4156 -76.3995 2.08792 7.70321e-07 -35.612 -75.613 2.0723
-34.8922 -75.1991 2.08117 2.98266e-07 -35.612 -75.613 2.0723
-35.2537 -75.6887 2.05763 7.68293e-05 -35.612 -75.613 2.0723
-35.7627 -75.4776 2.08349 1.43508e-08 -35.612 -75.613 2.0723
-35.6718 -75.4828 2.07601 0.000255622 -35.612 -75.613 2.0723
-35.4562 -75.6429 2.06224 0.00940032 -35.612 -75.613 2.0723
-35.3715 -75.1247 2.05268 3.80779e-05 -35.612 -75.613 2.0723
-35.9296 -75.3967 2.06509 5.16444e-06 -35.612 -75.613 2.0723
-35.4779 -75.7276 2.07565 0.0407677 -35.612 -75.613 2.0723
-34.8277 -75.9175 2.0737 0.000158192 -35.612 -75.613 2.0723
-35.2261 -75.1361 2.06795 0.00215553 -35.612 -75.613 2.0723
-35.3235 -75.1799 2.07402 0.000521443 -35.612 -75.613 2.0723
-36.017 -74.3849 2.05276 5.03632e-18 -35.612 -75.613 2.0723
-34.8911 -75.7461 2.07215 0.00288554 -35.612 -75.613 2.0723
-35.7624 -75.7116 2.09119 4.39927e-07 -35.612 -75.613 2.0723
-35.0986 -75.6728 2.07444 0.10951 -35.612 -75.613 2.0723
-35.0008 -75.4194 2.07896 0.00138959 -35.612 -75.613 2.0723
-35.0587 -75.7423 2.07812 0.041948 -35.612 -75.613 2.0723
-35.3459 -75.8688 2.0637 0.00144977 -35.612 -75.613 2.0723
-35.7062 -75.4035 2.07588 4.23616e-05 -35.612 -75.613 2.0723
-35.2042 -75.4379 2.0917 4.64754e-09 -35.612 -75.613 2.0723
-35.3786 -75.6247 2.04788 1.7362e-09 -35.612 -75.613 2.0723
-35.9047 -75.3737 2.08197 6.25662e-11 -35.612 -75.613 2.0723
-35.4747 -75.5107 2.06917 0.0976522 -35.612 -75.613 2.0723
-35.3951 -76.1713 2.05389 7.84652e-11 -35.612 -75.613 2.0723
-35.2152 -75.4013 2.06565 0.0717878 -35.612 -75.613 2.0723
-35.6468 -75.5644 2.06504 0.00638002 -35.612 -75.613 2.0723
-35.6375 -75.6292 2.05204 2.31428e-06 -35.612 -75.613 2.0723
-35.2589 -75.0382 2.08651 4.19072e-12 -35.612 -75.613 2.0723
-36.0489 -75.5209 2.06987 3.336e-07 -35.612 -75.613 2.0723
-35.2276 -75.9014 2.06437 0.00109207 -35.612 -75.613 2.0723
-35.2261 -75.2649 2.08594 8.31822e-08 -35.612 -75.613 2.0723
-35.2774 -76.0372 2.0541 1.2347e-08 -35.612 -75.613 2.0723
-35.6431 -75.4367 2.07533 0.000453149 -35.612 -75.613 2.0723
-34.7431 -75.3607 2.06532 4.73278e-06 -35.612 -75.613 2.0723
-35.2617 -76.0862 2.08974 0.000213713 -35.612 -75.613 2.0723
-36.2244 -75.8441 2.07788 7.59795e-11 -35.612 -75.613 2.0723
-34.8501 -75.1621 2.08659 1.22508e-10 -35.612 -75.613 2.0723
-35.8425 -75.8077 2.06582 1.24029e-05 -35.612 -75.613 2.0723
-35.5866 -75.0995 2.08035 3.31007e-09 -35.612 -75.613 2.0723
-35.378 -75.3952 2.0823 5.9035e-05 -35.612 -75.613 2.0723
-35.1575 -75.2464 2.0853 1.2565e-07 -35.612 -75.613 2.0723
-35.1987 -74.9567 2.06509 3.00312e-05 -35.612 -75.613 2.0723
-35.5111 -75.5451 2.08365 2.84629e-05 -35.612 -75.613 2.0723
-35.0695 -76.065 2.0603 5.12715e-07 -35.612 -75.613 2.0723
