35.235 9.69339 0.19059 8.79791e-06
35.2875 9.58291 0.200074 0.000165107
35.2692 9.23289 0.193621 0.000689364
34.6928 9.44785 0.197484 0.00792366
34.9417 8.94256 0.204038 2.65544e-08
35.1326 9.81689 0.194442 6.77567e-06
34.6284 9.37667 0.190467 2.82268e-09
34.9779 9.61774 0.209324 9.43576e-05
35.4525 9.98936 0.21173 4.28935e-19
35.3854 9.15705 0.190384 8.87021e-07
34.8857 9.81559 0.195536 1.32219e-05
34.9652 9.56037 0.186985 2.31477e-07
34.8696 9.16096 0.192155 4.54717e-05
34.2751 9.34562 0.187059 8.19438e-24
35.5336 9.42273 0.195849 2.02896e-07
34.8876 9.62224 0.190771 1.71247e-05
35.109 9.65456 0.194477 0.00480083
34.8211 9.71743 0.220011 1.36838e-14
35.2183 10.1976 0.20429 1.42013e-14
34.6323 9.31773 0.212234 1.47742e-05
34.7095 9.38031 0.213301 8.60578e-06
35.123 9.60614 0.205247 0.000428443
34.4609 9.52725 0.200133 2.15787e-06
34.6442 9.45391 0.179005 1.01955e-25
34.9627 9.74672 0.197182 0.00206863
35.0465 9.56028 0.188076 1.10672e-05
34.9908 9.46628 0.193971 0.101878
35.3109 9.2196 0.18659 7.93769e-07
34.6308 9.81355 0.204519 1.79343e-05
35.16 9.58693 0.188778 3.76331e-05
34.8653 9.32653 0.202103 0.468569
35.045 9.39281 0.19433 0.174682
34.6734 9.25721 0.199627 0.00316356
35.3928 9.55472 0.203516 1.27482e-08
34.7525 9.36532 0.192146 3.79627e-05
35.2563 9.1674 0.203147 4.99407e-07
34.8706 8.96956 0.202386 6.917e-07
34.4591 9.67095 0.190709 5.76636e-16
34.6774 8.99087 0.213555 1.75714e-12
34.6429 9.62891 0.199888 0.00133764
34.8294 9.70743 0.176209 2.42532e-28
34.8013 9.39991 0.182397 4.96623e-15
35.1764 9.89959 0.21447 3.6266e-13
35.1272 9.47377 0.203533 0.0095485
35.4776 10.4737 0.196772 6.32005e-24
34.821 9.52967 0.182636 6.64581e-15
34.91 9.58927 0.209583 0.000488003
35.0775 9.68492 0.188516 1.02775e-06
35.3468 9.47646 0.200754 1.47711e-05
34.9631 8.94357 0.197432 4.59974e-07
34.8484 9.17593 0.179665 7.43635e-19
35.1472 9.55612 0.204771 0.000650128
35.4703 9.38674 0.184275 1.71751e-06
35.196 9.62692 0.208672 3.86549e-08
35.3903 9.53791 0.207117 1.59122e-11
35.3863 9.68805 0.202255 8.39763e-09
34.0375 9.19749 0.189612 8.1691e-32
35.0852 10.0715 0.196887 5.73849e-09
35.1465 9.64289 0.184595 2.2477e-09
34.6091 9.196 0.196837 4.63087e-06
34.5048 9.97766 0.195331 3.85165e-13
35.0193 9.37204 0.182693 1.45513e-10
35.0422 9.61376 0.209308 1.33123e-05
34.8498 9.89471 0.175863 1.96453e-27
34.7268 9.41512 0.192899 5.68344e-05
34.8563 9.54177 0.216629 8.62718e-10
34.9885 9.30043 0.209873 9.51666e-06
35.265 9.5001 0.20182 0.000238891
34.7082 9.60457 0.213002 1.7877e-05
35.4474 9.2595 0.198106 1.10907e-07
34.8434 8.86999 0.193947 1.41715e-10
34.8871 9.57472 0.188583 6.57538e-07
35.1007 9.85873 0.195742 2.76529e-06
35.0416 10.5137 0.208918 1.64205e-26
34.9849 8.96235 0.189708 4.18328e-09
35.2791 9.1101 0.199395 1.61656e-06
34.9685 9.91821 0.185972 4.3093e-12
35.1611 10.0329 0.209715 1.44492e-11
34.328 9.36277 0.197937 7.40443e-10
34.7716 9.22358 0.194685 0.000402923
34.7376 9.20381 0.203324 0.0062343
34.894 9.78999 0.209147 7.96295e-06
35.3858 9.28239 0.185472 1.08962e-07
35.1303 9.5523 0.200744 0.0445908
35.3348 9.98575 0.199272 2.14003e-07
34.851 9.69431 0.184089 2.48607e-14
35.1012 9.70701 0.213719 7.2962e-12
34.5962 9.27919 0.187357 4.43899e-14
35.2785 9.41834 0.204085 6.69642e-06
34.9896 9.08226 0.207636 2.26569e-07
35.0187 9.38646 0.203187 0.158476
35.1637 9.2274 0.195141 0.00891024
34.9897 9.42079 0.209558 0.000104051
34.9444 9.47458 0.220565 8.68187e-17
35.1287 9.82517 0.191018 1.33952e-07
34.7346 9.68435 0.199726 0.00419028
34.5235 9.00996 0.218756 2.88101e-17
34.6243 9.81284 0.211708 3.90034e-07
34.214 9.73179 0.203989 5.52831e-11
34.3015 9.54772 0.180627 2.42769e-35
