-14.4956 -93.1509 2.81987 1.16645e-06
-14.2947 -93.2066 2.81908 1.8396e-10
-14.3954 -93.3237 2.83843 6.44339e-08
-14.6873 -92.8077 2.836 6.05361e-08
-14.6385 -92.9416 2.83471 1.78704e-06
-14.574 -93.0068 2.82124 5.31688e-06
-14.5859 -93.2585 2.82508 0.000187783
-14.653 -92.5346 2.80139 5.8562e-18
-15.6239 -93.3556 2.8278 7.46222e-06
-14.7163 -93.2486 2.81359 7.41069e-05
-14.774 -93.1479 2.79849 1.4807e-11
-14.5481 -93.567 2.82796 1.28637e-05
-14.8374 -92.7971 2.81453 4.48376e-06
-14.9184 -93.4276 2.82798 0.0329612
-15.2839 -93.8266 2.82277 8.14259e-05
-14.7941 -92.6963 2.83193 7.37277e-08
-15.2721 -93.5251 2.80555 0.00071619
-14.8759 -93.6951 2.82799 0.000559609
-14.5073 -93.1385 2.81529 9.61306e-08
-14.7968 -93.2472 2.82096 0.0143519
-14.0663 -93.1816 2.83457 3.76392e-13
-14.7755 -93.0573 2.81201 3.42007e-05
-14.9604 -92.9042 2.81096 9.87258e-05
-14.5119 -93.8751 2.8276 3.94112e-09
-15.0224 -93.4706 2.80631 0.000127635
-14.7428 -93.1313 2.80726 3.86591e-07
-14.9603 -93.5828 2.82762 0.00886162
-14.3058 -92.7306 2.81348 6.06843e-16
-15.0145 -92.9527 2.81214 0.00121286
-14.9574 -93.6229 2.81819 0.00547262
-15.1262 -92.3625 2.80202 7.9665e-15
-14.894 -93.723 2.8271 0.000438325
-14.0702 -93.1788 2.83817 2.54937e-13
-15.2 -93.1017 2.79821 8.37058e-07
-14.9342 -93.2145 2.83964 1.13807e-05
-14.0847 -93.3872 2.80585 6.23744e-23
-14.7504 -93.46 2.81941 0.00177844
-14.787 -93.2529 2.81366 0.00056587
-14.4989 -93.6276 2.81502 3.9286e-09
-15.3628 -93.027 2.81301 0.0266857
-15.3451 -92.9911 2.81934 0.017273
-14.4677 -93.1435 2.81988 3.85155e-07
-14.6121 -93.1223 2.81465 2.66563e-06
-14.3972 -93.2792 2.81719 6.88852e-09
-14.8327 -93.5632 2.80538 1.28736e-07
-14.7332 -92.8754 2.82344 3.87409e-05
-14.3932 -93.6534 2.81555 3.70544e-11
-14.7629 -93.5491 2.82307 0.00195844
-14.8936 -93.5372 2.81203 0.000397815
-14.3882 -93.0567 2.82855 8.24262e-08
-15.1756 -93.2216 2.79677 1.56276e-07
-15.1057 -93.2172 2.82885 0.0339944
-15.3635 -92.8786 2.82279 0.000504372
-14.7113 -93.3115 2.7988 2.28382e-12
-14.6831 -92.7317 2.81934 1.03438e-07
-15.0955 -92.754 2.83303 4.10837e-07
-15.2569 -93.1713 2.82122 0.205904
-14.6223 -92.8305 2.80543 4.30031e-12
-14.8759 -93.6047 2.8159 0.000882682
-14.5234 -94.0265 2.8318 2.15585e-11
-14.5166 -93.5789 2.82227 1.40656e-06
-14.3015 -93.1738 2.80623 1.83973e-16
-14.6862 -93.3106 2.82643 0.00244613
-14.664 -92.9086 2.80081 2.7282e-13
-14.5457 -93.3687 2.81095 1.42574e-08
-14.7429 -93.1148 2.81705 0.000527884
-15.398 -93.7587 2.83084 9.96895e-07
-14.9853 -93.2896 2.82792 0.0689006
-14.7558 -93.3576 2.81573 0.000765817
-14.4705 -93.2823 2.79453 4.97545e-21
-14.6415 -92.6819 2.82453 1.74696e-08
-14.7038 -92.9351 2.82987 3.73082e-05
-14.863 -93.3061 2.80774 3.85405e-05
-14.8522 -93.1884 2.81796 0.0151142
-14.8291 -93.2384 2.82315 0.0314267
-14.5225 -93.0411 2.83828 1.50459e-07
-15.0287 -92.9119 2.80967 0.000165466
-14.7261 -92.7978 2.82554 4.36699e-06
-14.8117 -93.9624 2.81237 1.12141e-09
-14.9924 -93.3263 2.81645 0.106924
-14.3981 -93.3646 2.82615 4.72175e-07
-14.6849 -93.2831 2.82038 0.00102493
-14.5797 -93.5252 2.83216 2.69187e-05
-14.8105 -93.3214 2.81239 0.000433723
-14.9458 -93.5657 2.8383 1.30517e-05
-14.698 -93.5241 2.83584 4.28269e-05
-14.28 -92.9532 2.8249 8.9026e-11
-14.9143 -93.356 2.8081 0.000163433
-14.4526 -93.4346 2.81529 9.67678e-09
-14.6481 -93.2962 2.8207 0.000422166
-14.8246 -93.6658 2.81218 8.94804e-06
-14.2368 -93.341 2.82304 1.50703e-10
-15.344 -93.2906 2.81138 0.112141
-14.725 -93.1326 2.80377 3.61721e-09
-15.2388 -93.1162 2.80716 0.00613818
-14.1587 -93.3182 2.83213 5.13256e-11
-15.2043 -93.1503 2.81862 0.286267
-14.8258 -93.0867 2.80035 9.8568e-10
-14.861 -93.539 2.82449 0.0117517
-15.6768 -93.2555 2.83525 2.05316e-10
