259.386 28.6135 6.19732 0.00120045 259.23 28.479 6.205
259.273 28.172 6.21572 0.0349338 259.23 28.479 6.205
259.401 28.0602 6.19977 3.33078e-05 259.23 28.479 6.205
259.89 28.9442 6.20676 4.58167e-19 259.23 28.479 6.205
259.244 28.8109 6.22471 6.49393e-11 259.23 28.479 6.205
258.857 28.5603 6.21074 0.0193477 259.23 28.479 6.205
259.446 28.2006 6.19338 1.10177e-05 259.23 28.479 6.205
259.491 28.5844 6.20664 0.000162067 259.23 28.479 6.205
259.653 28.7588 6.22967 4.28245e-22 259.23 28.479 6.205
259.317 28.4205 6.2141 0.0202419 259.23 28.479 6.205
259.541 28.2426 6.20267 0.000134631 259.23 28.479 6.205
259.079 28.6478 6.20603 0.0193976 259.23 28.479 6.205
259.196 29.6237 6.20126 2.59238e-30 259.23 28.479 6.205
259.444 28.5467 6.20464 0.00199527 259.23 28.479 6.205
260.026 28.3113 6.21305 3.23939e-19 259.23 28.479 6.205
259.387 28.8763 6.2073 1.66478e-07 259.23 28.479 6.205
259.12 28.7576 6.21796 9.25586e-06 259.23 28.479 6.205
259.351 28.5615 6.21804 4.71306e-05 259.23 28.479 6.205
259.452 28.1102 6.22579 3.74475e-08 259.23 28.479 6.205
259.637 28.4446 6.20787 1.93025e-06 259.23 28.479 6.205
259.368 28.2781 6.20062 0.00995152 259.23 28.479 6.205
259.636 28.6169 6.20526 4.56365e-07 259.23 28.479 6.205
259.701 28.9805 6.21313 1.07053e-17 259.23 28.479 6.205
259.383 28.4701 6.19795 0.00626899 259.23 28.479 6.205
259.521 28.8108 6.20383 2.12828e-07 259.23 28.479 6.205
258.941 28.134 6.20382 0.00364481 259.23 28.479 6.205
259.699 29.0187 6.20264 1.52753e-14 259.23 28.479 6.205
259.647 28.7736 6.20087 1.72638e-08 259.23 28.479 6.205
259.928 28.6208 6.21201 4.26535e-17 259.23 28.479 6.205
259.594 28.7522 6.19686 3.77056e-07 259.23 28.479 6.205
258.894 28.5618 6.21351 0.0342562 259.23 28.479 6.205
259.418 28.696 6.22778 2.8443e-13 259.23 28.479 6.205
259.511 28.8355 6.21602 2.16263e-11 259.23 28.479 6.205
259.509 29.3104 6.20505 1.1219e-20 259.23 28.479 6.205
259.176 29.104 6.18863 9.22105e-13 259.23 28.479 6.205
259.857 28.5818 6.21725 6.43669e-17 259.23 28.479 6.205
259.324 28.5608 6.18741 5.15135e-06 259.23 28.479 6.205
259.319 28.5622 6.18788 8.05225e-06 259.23 28.479 6.205
259.631 28.9582 6.20261 8.36411e-12 259.23 28.479 6.205
259.966 28.9878 6.21677 1.88092e-28 259.23 28.479 6.205
258.938 27.9902 6.19847 2.80737e-07 259.23 28.479 6.205
259.837 27.9957 6.21086 3.99897e-14 259.23 28.479 6.205
259.141 28.34 6.20431 0.409065 259.23 28.479 6.205
259.419 28.7134 6.1986 0.000115751 259.23 28.479 6.205
259.087 28.8028 6.21765 2.06426e-06 259.23 28.479 6.205
259.343 28.4787 6.21308 0.00776771 259.23 28.479 6.205
258.982 28.1013 6.19917 6.40083e-05 259.23 28.479 6.205
259.408 29.105 6.20976 4.08492e-14 259.23 28.479 6.205
259.635 28.5812 6.22666 6.50949e-16 259.23 28.479 6.205
259.043 28.9082 6.22208 2.52679e-10 259.23 28.479 6.205
260.004 28.731 6.21147 5.47712e-21 259.23 28.479 6.205
259.072 28.7549 6.20646 0.000775191 259.23 28.479 6.205
259.174 28.6253 6.19876 0.00620295 259.23 28.479 6.205
259.371 28.382 6.20684 0.042551 259.23 28.479 6.205
258.81 28.2399 6.20247 0.00033038 259.23 28.479 6.205
259.516 28.3837 6.21169 0.000113112 259.23 28.479 6.205
259.206 28.4297 6.20136 0.130651 259.23 28.479 6.205
259.412 28.8863 6.22446 2.56312e-15 259.23 28.479 6.205
259.814 28.4056 6.20702 2.08903e-10 259.23 28.479 6.205
258.833 28.592 6.21532 0.00535525 259.23 28.479 6.205
259.092 28.6051 6.19292 8.76555e-05 259.23 28.479 6.205
259.413 28.6193 6.20792 0.000541858 259.23 28.479 6.205
259.319 28.1179 6.20094 0.00118413 259.23 28.479 6.205
259.343 28.8134 6.21125 1.07825e-06 259.23 28.479 6.205
259.179 28.3877 6.1863 2.35111e-07 259.23 28.479 6.205
258.871 28.2884 6.19614 7.92006e-06 259.23 28.479 6.205
258.985 28.8783 6.2003 9.17126e-07 259.23 28.479 6.205
259.36 28.9329 6.20019 1.29255e-07 259.23 28.479 6.205
259.898 28.2195 6.22294 1.48506e-19 259.23 28.479 6.205
258.72 28.7236 6.19751 7.82394e-09 259.23 28.479 6.205
258.806 28.9333 6.20494 4.39507e-09 259.23 28.479 6.205
258.935 28.696 6.22082 4.39906e-05 259.23 28.479 6.205
259.308 28.4244 6.20707 0.129254 259.23 28.479 6.205
259.508 28.1441 6.18914 1.9419e-08 259.23 28.479 6.205
259.305 28.4119 6.19053 8.23218e-05 259.23 28.479 6.205
259.745 28.4475 6.20814 5.71297e-09 259.23 28.479 6.205
259.384 28.6768 6.20484 0.000569036 259.23 28.479 6.205
259.238 28.5843 6.21462 0.00470459 259.23 28.479 6.205
259.658 28.4382 6.22797 1.00234e-15 259.23 28.479 6.205
259.326 28.6242 6.2053 0.00614782 259.23 28.479 6.205
258.841 28.0401 6.20896 0.00154485 259.23 28.479 6.205
259.377 28.512 6.20428 0.0164154 259.23 28.479 6.205
259.615 28.7971 6.2055 4.73824e-09 259.23 28.479 6.205
259.815 29.4176 6.19011 1.97028e-26 259.23 28.479 6.205
259.326 28.4088 6.20981 0.0722962 259.23 28.479 6.205
259.648 28.2291 6.21365 6.83085e-08 259.23 28.479 6.205
259.111 28.6263 6.19879 0.00440932 259.23 28.479 6.205
259.454 28.8241 6.20294 1.21349e-06 259.23 28.479 6.205
259.207 29.0667 6.19916 4.31705e-10 259.23 28.479 6.205
259.576 28.8245 6.20331 2.09722e-08 259.23 28.479 6.205
259.225 28.7503 6.2202 3.07708e-07 259.23 28.479 6.205
259.46 28.9176 6.21551 4.21547e-12 259.23 28.479 6.205
259.368 28.9876 6.1995 8.43041e-09 259.23 28.479 6.205
259.269 28.2022 6.21992 0.00763841 259.23 28.479 6.205
259.128 29.1263 6.1961 5.43854e-12 259.23 28.479 6.205
259.475 28.5863 6.19837 0.000417834 259.23 28.479 6.205
259.691 28.7902 6.18836 9.76806e-10 259.23 28.479 6.205
259.346 28.863 6.21449 9.69648e-09 259.23 28.479 6.205
258.474 28.6861 6.22613 3.72903e-10 259.23 28.479 6.205
259.565 28.1708 6.21199 5.66939e-06 259.23 28.479 6.205
