269.8 23.5941 5.68288 7.05538e-12 269.79 24.353 5.6851
269.834 24.0937 5.67015 0.0384899 269.79 24.353 5.6851
269.829 24.2737 5.70212 3.90894e-08 269.79 24.353 5.6851
270.664 23.9184 5.69401 4.31347e-24 269.79 24.353 5.6851
269.971 24.4522 5.6675 0.0403535 269.79 24.353 5.6851
269.987 25.0797 5.68287 3.13474e-13 269.79 24.353 5.6851
269.367 24.7397 5.68765 3.15099e-09 269.79 24.353 5.6851
269.977 24.2669 5.71162 1.19362e-15 269.79 24.353 5.6851
269.616 24.6869 5.67257 1.09006e-05 269.79 24.353 5.6851
269.148 23.7507 5.6843 6.24398e-17 269.79 24.353 5.6851
269.448 23.636 5.67468 2.44844e-13 269.79 24.353 5.6851
269.818 24.4147 5.69385 0.000205785 269.79 24.353 5.6851
269.665 24.771 5.65548 4.11706e-12 269.79 24.353 5.6851
270.207 24.5292 5.70542 2.29707e-15 269.79 24.353 5.6851
269.886 23.8236 5.70176 7.12422e-14 269.79 24.353 5.6851
269.911 24.5934 5.70688 3.54801e-12 269.79 24.353 5.6851
270.093 23.8302 5.68555 1.97533e-08 269.79 24.353 5.6851
269.803 24.2252 5.68641 0.0180674 269.79 24.353 5.6851
269.751 24.3667 5.70452 6.84695e-09 269.79 24.353 5.6851
270.065 24.2217 5.7015 2.3076e-10 269.79 24.353 5.6851
269.798 24.663 5.67881 0.00109974 269.79 24.353 5.6851
269.939 24.1214 5.69609 6.7296e-07 269.79 24.353 5.6851
270.053 24.4452 5.68063 0.0155245 269.79 24.353 5.6851
269.378 24.7019 5.7062 3.44151e-13 269.79 24.353 5.6851
270.06 24.9986 5.66712 8.08577e-12 269.79 24.353 5.6851
269.384 24.4511 5.68217 8.39605e-06 269.79 24.353 5.6851
269.252 24.7731 5.7105 1.01995e-17 269.79 24.353 5.6851
269.472 24.9197 5.67854 2.79316e-11 269.79 24.353 5.6851
269.589 24.5424 5.67618 0.000838996 269.79 24.353 5.6851
269.537 24.4464 5.68959 0.000235295 269.79 24.353 5.6851
269.535 24.3945 5.67703 0.00183241 269.79 24.353 5.6851
269.638 24.782 5.69286 7.57149e-08 269.79 24.353 5.6851
270.258 23.9264 5.69686 2.53776e-14 269.79 24.353 5.6851
269.972 24.6658 5.69983 1.1634e-09 269.79 24.353 5.6851
270.129 24.5333 5.66239 0.000319044 269.79 24.353 5.6851
270.04 25.1874 5.68834 6.73406e-18 269.79 24.353 5.6851
269.558 24.3753 5.71457 7.13329e-15 269.79 24.353 5.6851
269.588 24.4205 5.69532 2.85187e-05 269.79 24.353 5.6851
270.054 24.4429 5.68754 0.000503979 269.79 24.353 5.6851
269.349 24.3087 5.68491 3.69328e-06 269.79 24.353 5.6851
269.679 24.7349 5.6907 1.93597e-06 269.79 24.353 5.6851
269.795 24.4691 5.68715 0.00904161 269.79 24.353 5.6851
269.735 24.2038 5.68771 0.00630676 269.79 24.353 5.6851
269.51 24.3051 5.68259 0.0013305 269.79 24.353 5.6851
269.801 24.4354 5.67677 0.154067 269.79 24.353 5.6851
270.022 24.1732 5.69607 2.92971e-07 269.79 24.353 5.6851
269.745 24.2325 5.68592 0.0206506 269.79 24.353 5.6851
269.357 24.5935 5.67419 2.82147e-08 269.79 24.353 5.6851
270.697 24.036 5.6721 1.85225e-14 269.79 24.353 5.6851
269.619 24.4033 5.69832 4.12411e-06 269.79 24.353 5.6851
269.424 24.5562 5.6844 6.52074e-06 269.79 24.353 5.6851
269.906 24.4154 5.67408 0.238313 269.79 24.353 5.6851
269.123 24.2126 5.68562 1.88995e-11 269.79 24.353 5.6851
269.015 24.3087 5.67501 1.03411e-15 269.79 24.353 5.6851
269.633 24.5373 5.68825 0.000636382 269.79 24.353 5.6851
269.819 23.8825 5.7096 3.37525e-17 269.79 24.353 5.6851
269.558 23.7482 5.69507 2.43648e-12 269.79 24.353 5.6851
269.846 24.1988 5.68495 0.0258027 269.79 24.353 5.6851
269.737 24.0179 5.684 0.000907328 269.79 24.353 5.6851
269.283 24.4411 5.69203 2.78483e-08 269.79 24.353 5.6851
270.391 24.5583 5.70275 3.40566e-18 269.79 24.353 5.6851
269.126 24.5772 5.6717 1.37131e-14 269.79 24.353 5.6851
269.754 24.712 5.67352 8.23082e-05 269.79 24.353 5.6851
269.614 23.724 5.69001 6.32642e-11 269.79 24.353 5.6851
269.506 24.2074 5.69387 8.95951e-06 269.79 24.353 5.6851
269.934 24.2038 5.69975 5.39382e-08 269.79 24.353 5.6851
270.043 24.2151 5.67934 0.0396161 269.79 24.353 5.6851
269.549 24.7112 5.68904 1.29975e-06 269.79 24.353 5.6851
269.5 24.5215 5.70096 3.00183e-08 269.79 24.353 5.6851
269.713 23.8238 5.67824 3.61775e-06 269.79 24.353 5.6851
269.218 24.3948 5.66745 7.24136e-12 269.79 24.353 5.6851
269.279 23.9688 5.7035 1.73999e-14 269.79 24.353 5.6851
269.836 23.887 5.68424 1.44749e-05 269.79 24.353 5.6851
270.261 24.7509 5.6826 9.56615e-09 269.79 24.353 5.6851
269.801 24.6672 5.67154 0.00039811 269.79 24.353 5.6851
269.703 24.6389 5.70269 3.07286e-09 269.79 24.353 5.6851
269.853 24.1321 5.6773 0.0994711 269.79 24.353 5.6851
269.57 23.7183 5.66816 3.41873e-10 269.79 24.353 5.6851
269.775 24.0023 5.67933 0.00309474 269.79 24.353 5.6851
269.521 24.7357 5.66446 6.65893e-10 269.79 24.353 5.6851
269.757 23.8027 5.68535 1.99054e-07 269.79 24.353 5.6851
270.076 24.071 5.6865 5.10699e-05 269.79 24.353 5.6851
269.982 24.1248 5.67174 0.0845458 269.79 24.353 5.6851
269.998 24.4373 5.66812 0.0535749 269.79 24.353 5.6851
269.768 24.0786 5.69955 4.78868e-08 269.79 24.353 5.6851
269.706 24.3822 5.69829 6.77002e-06 269.79 24.353 5.6851
269.869 24.5417 5.6923 0.000102209 269.79 24.353 5.6851
269.797 23.875 5.67077 8.19463e-05 269.79 24.353 5.6851
270.034 23.52 5.66825 7.15845e-13 269.79 24.353 5.6851
269.565 24.6492 5.6794 4.5763e-05 269.79 24.353 5.6851
269.892 23.9036 5.67585 0.00035776 269.79 24.353 5.6851
269.756 24.4061 5.67745 0.142376 269.79 24.353 5.6851
269.795 24.2013 5.7015 5.06982e-08 269.79 24.353 5.6851
269.738 24.781 5.68082 8.72874e-06 269.79 24.353 5.6851
270.486 24.6526 5.71106 3.38992e-28 269.79 24.353 5.6851
269.479 24.2506 5.68628 0.000217059 269.79 24.353 5.6851
269.97 24.7099 5.7105 2.10187e-16 269.79 24.353 5.6851
269.599 24.1723 5.66561 0.000192442 269.79 24.353 5.6851
269.323 24.6424 5.6909 6.05142e-09 269.79 24.353 5.6851
269.729 24.2548 5.69141 0.00115585 269.79 24.353 5.6851
