213.188 25.9145 0.0664102 2.28223e-09 213.33 26.582 0.074579
213.52 26.4099 0.0821525 8.77398e-07 213.33 26.582 0.074579
213.113 27.2993 0.0691207 3.23039e-10 213.33 26.582 0.074579
213.028 26.6022 0.0818005 0.000653703 213.33 26.582 0.074579
213.364 26.0332 0.0740078 9.46367e-08 213.33 26.582 0.074579
213.428 27.1535 0.0721907 8.00202e-07 213.33 26.582 0.074579
213.067 26.6847 0.076218 0.0239308 213.33 26.582 0.074579
213.311 26.5977 0.0666962 0.128215 213.33 26.582 0.074579
213.685 26.9724 0.0758829 2.56094e-07 213.33 26.582 0.074579
213.215 26.1547 0.0598048 4.0201e-06 213.33 26.582 0.074579
213.275 26.5818 0.0675534 0.15973 213.33 26.582 0.074579
212.916 26.7809 0.065617 4.39049e-05 213.33 26.582 0.074579
213.261 27.0816 0.0607256 6.53364e-08 213.33 26.582 0.074579
213.439 26.7037 0.0621969 0.00467233 213.33 26.582 0.074579
213.36 26.5263 0.0598122 0.00291807 213.33 26.582 0.074579
213.062 26.4355 0.061781 0.000356518 213.33 26.582 0.074579
213.831 26.723 0.0702825 6.75705e-07 213.33 26.582 0.074579
213.278 26.4583 0.0666274 0.0689474 213.33 26.582 0.074579
212.693 26.274 0.0913327 1.0499e-14 213.33 26.582 0.074579
213.957 27.0197 0.0676372 4.13726e-12 213.33 26.582 0.074579
213.08 26.3369 0.0807122 4.44379e-05 213.33 26.582 0.074579
213.294 26.6616 0.0636421 0.0251032 213.33 26.582 0.074579
213.382 26.4119 0.0736787 0.0129063 213.33 26.582 0.074579
213.206 27.5822 0.0541747 6.3839e-26 213.33 26.582 0.074579
212.789 26.6201 0.068254 1.11089e-05 213.33 26.582 0.074579
213.402 26.8359 0.0645524 0.00282183 213.33 26.582 0.074579
212.981 26.2778 0.0601329 1.09882e-06 213.33 26.582 0.074579
213.343 26.9543 0.0783755 0.000293058 213.33 26.582 0.074579
213.216 26.2997 0.0698143 0.0057151 213.33 26.582 0.074579
213.308 26.374 0.0503961 1.70193e-08 213.33 26.582 0.074579
213.322 26.5379 0.0821238 0.000296443 213.33 26.582 0.074579
213.813 26.5698 0.0713905 1.56938e-06 213.33 26.582 0.074579
212.99 26.4741 0.0787961 0.00085135 213.33 26.582 0.074579
213.628 26.1153 0.0730995 3.25985e-08 213.33 26.582 0.074579
212.714 27.0328 0.0895901 1.01836e-11 213.33 26.582 0.074579
213.318 27.1771 0.0851239 2.34544e-09 213.33 26.582 0.074579
212.663 26.3661 0.0732941 2.36145e-08 213.33 26.582 0.074579
213.882 26.6331 0.0735397 2.23279e-08 213.33 26.582 0.074579
212.964 26.612 0.08153 0.000340257 213.33 26.582 0.074579
213.4 26.5996 0.0596726 0.00214219 213.33 26.582 0.074579
213.11 26.9161 0.0561673 1.05572e-08 213.33 26.582 0.074579
213.111 26.2692 0.0842819 1.95125e-07 213.33 26.582 0.074579
213.652 26.1531 0.0771241 2.3059e-09 213.33 26.582 0.074579
213.537 26.5983 0.0623384 0.00347128 213.33 26.582 0.074579
213.073 26.7763 0.0675883 0.00622586 213.33 26.582 0.074579
213.22 27.2764 0.0681201 1.73287e-09 213.33 26.582 0.074579
212.946 26.5071 0.0566023 8.85034e-08 213.33 26.582 0.074579
213.252 26.8907 0.0691982 0.00718796 213.33 26.582 0.074579
213.76 26.0431 0.0674478 3.53399e-10 213.33 26.582 0.074579
213.594 25.977 0.0841131 4.58618e-16 213.33 26.582 0.074579
212.87 26.5391 0.0551546 6.62638e-10 213.33 26.582 0.074579
213.427 26.3467 0.0751551 0.000955765 213.33 26.582 0.074579
213.141 26.7733 0.0736035 0.043398 213.33 26.582 0.074579
212.937 27.2441 0.0859597 4.3357e-11 213.33 26.582 0.074579
213.403 26.313 0.0777304 9.7691e-05 213.33 26.582 0.074579
213.325 26.571 0.0540739 5.47799e-06 213.33 26.582 0.074579
213.132 26.7541 0.0677542 0.0215887 213.33 26.582 0.074579
213.261 26.6687 0.0792423 0.0109046 213.33 26.582 0.074579
213.32 26.8899 0.0704219 0.00860649 213.33 26.582 0.074579
213.391 26.2873 0.0707143 0.00240822 213.33 26.582 0.074579
212.994 26.8627 0.0726847 0.00139167 213.33 26.582 0.074579
213.307 26.6167 0.0752 0.0786737 213.33 26.582 0.074579
213.074 26.7397 0.0493011 3.33733e-12 213.33 26.582 0.074579
213.96 26.6135 0.0551031 7.53063e-11 213.33 26.582 0.074579
213.345 26.5128 0.060487 0.00479484 213.33 26.582 0.074579
213.672 26.6077 0.0686692 0.000580868 213.33 26.582 0.074579
213.414 26.8541 0.0711552 0.00891966 213.33 26.582 0.074579
213.379 27.0898 0.0617643 1.59016e-07 213.33 26.582 0.074579
213.581 26.6815 0.079692 2.73629e-05 213.33 26.582 0.074579
213.636 26.8371 0.0635092 4.60606e-05 213.33 26.582 0.074579
213.015 26.4926 0.0675592 0.00564498 213.33 26.582 0.074579
214 26.6777 0.089299 2.05139e-20 213.33 26.582 0.074579
213.642 26.8076 0.0629034 5.35005e-05 213.33 26.582 0.074579
213.137 26.4877 0.0628327 0.00450827 213.33 26.582 0.074579
212.879 26.8644 0.0716424 6.30277e-05 213.33 26.582 0.074579
213.176 27.1874 0.0702408 2.72736e-07 213.33 26.582 0.074579
212.671 26.3962 0.0756171 5.3344e-08 213.33 26.582 0.074579
213.012 26.7575 0.0794866 0.00198573 213.33 26.582 0.074579
212.976 26.8054 0.0774732 0.00153356 213.33 26.582 0.074579
213.009 26.7746 0.0695686 0.00401441 213.33 26.582 0.074579
213.387 26.4956 0.0777231 0.00389859 213.33 26.582 0.074579
213.75 26.2615 0.0762694 5.05998e-09 213.33 26.582 0.074579
212.847 26.7016 0.0768873 0.000205762 213.33 26.582 0.074579
213.254 26.4353 0.070616 0.072767 213.33 26.582 0.074579
213.752 26.974 0.0719993 9.68387e-08 213.33 26.582 0.074579
213.143 26.5311 0.0651811 0.0233025 213.33 26.582 0.074579
213.433 26.6162 0.0715856 0.0682841 213.33 26.582 0.074579
212.874 26.4835 0.0809007 2.53389e-05 213.33 26.582 0.074579
213.389 26.7444 0.0561603 1.28732e-05 213.33 26.582 0.074579
213.278 26.7162 0.0683779 0.104203 213.33 26.582 0.074579
213.232 26.7951 0.068027 0.0307015 213.33 26.582 0.074579
213.811 27.1662 0.0550706 1.95189e-15 213.33 26.582 0.074579
212.946 26.9502 0.0661049 3.37637e-06 213.33 26.582 0.074579
213.383 26.5559 0.0747755 0.0390993 213.33 26.582 0.074579
213.654 26.9995 0.0772764 1.64665e-07 213.33 26.582 0.074579
213.546 26.3344 0.0601124 0.000165185 213.33 26.582 0.074579
212.757 26.8369 0.0756409 3.12916e-06 213.33 26.582 0.074579
213.378 26.6095 0.0530007 1.23022e-06 213.33 26.582 0.074579
213.455 26.8569 0.0471388 5.96498e-13 213.33 26.582 0.074579
212.889 26.6162 0.0672546 0.000235706 213.33 26.582 0.074579
