-35 -75.0383 2.05004 1.0973e-10
-35.709 -74.822 2.04251 0.00523301
-35.0902 -74.5374 2.06441 1.26803e-10
-35.1281 -75.2626 2.04413 3.13822e-13
-36.5744 -74.5423 2.03837 6.02873e-06
-35.128 -74.8615 2.03674 4.6482e-13
-35.5661 -75.4263 2.04052 2.05364e-12
-35.4274 -75.4098 2.06462 7.23351e-06
-36.075 -74.561 2.07632 4.74883e-16
-36.091 -75.0895 2.0576 0.00225986
-35.687 -74.5968 2.04685 0.0490073
-35.8272 -74.8652 2.03364 9.83341e-07
-35.833 -74.298 2.04339 0.00193627
-35.4489 -74.404 2.0434 4.83973e-05
-35.9002 -74.6632 2.04619 0.135435
-36.0747 -74.7406 2.06449 1.05998e-05
-36.2332 -75.0121 2.06911 1.46793e-08
-36.175 -74.8624 2.02808 3.53653e-10
-35.8238 -74.5354 2.04768 0.0715885
-35.8138 -75.3712 2.05791 0.00022295
-35.9774 -74.4267 2.04657 0.0136409
-36.1237 -75.077 2.04634 0.000451706
-35.6516 -74.5902 2.04845 0.0400235
-36.3404 -75.2516 2.05356 3.93873e-06
-35.8918 -74.3557 2.05363 0.000365948
-36.0436 -74.4484 2.03386 0.000160273
-35.4245 -74.8453 2.05586 0.0040913
-36.0887 -74.9716 2.0409 0.00018297
-35.8278 -74.9292 2.05029 0.127276
-36.1337 -74.7262 2.06326 8.93367e-06
-35.6651 -75.3342 2.0652 0.000218157
-35.5193 -74.8163 2.0447 0.00128044
-35.5667 -74.494 2.06834 7.60901e-09
-35.9515 -75.3726 2.05071 9.3139e-06
-35.5716 -74.9015 2.06559 0.000688759
-36.2928 -75.3655 2.04102 1.75848e-09
-35.74 -74.8625 2.05262 0.202015
-35.4746 -74.7849 2.04445 0.000524294
-35.8418 -74.7884 2.04046 0.00457376
-35.528 -75.421 2.04751 1.00904e-08
-35.6323 -74.8875 2.06103 0.016591
-35.1145 -74.9406 2.06495 1.38183e-07
-34.9551 -74.617 2.05653 1.13297e-10
-35.7209 -75.0196 2.04843 0.0144706
-36.6585 -74.412 2.04052 1.74296e-07
-36.0298 -75.3181 2.04399 2.11448e-07
-36.084 -74.6051 2.06465 5.00837e-07
-35.8114 -74.4939 2.02747 5.22134e-08
-35.742 -75.0656 2.04438 0.00051177
-35.4422 -74.541 2.0418 6.30905e-05
-35.8493 -74.881 2.03962 0.000641785
-35.3961 -74.9162 2.05473 0.00203711
-35.8097 -74.9384 2.04603 0.0227596
-35.6235 -75.1641 2.04451 1.27956e-05
-35.9588 -75.1818 2.06215 0.00125955
-35.649 -74.3155 2.04007 0.000221516
-36.1212 -74.8172 2.03892 0.000420047
-35.1243 -74.7795 2.057 6.20117e-07
-35.7955 -74.7411 2.06513 0.000183404
-35.7756 -75.2479 2.04468 5.78727e-06
-35.5102 -74.5568 2.04604 0.00216973
-36.2153 -75.3382 2.05495 1.19598e-05
-36.1582 -74.6632 2.03286 9.64395e-06
-36.3374 -74.7188 2.06399 9.98955e-09
-35.5366 -74.9389 2.07937 4.71382e-11
-35.977 -74.9793 2.0558 0.0428934
-35.3517 -74.9829 2.05069 0.000132577
-35.4178 -74.7325 2.051 0.00223454
-35.9566 -74.7608 2.06969 2.02861e-07
-35.6787 -75.3467 2.03368 6.14077e-15
-35.6335 -75.1473 2.05673 0.0108342
-35.4849 -74.5947 2.04308 0.000443827
-36.19 -74.7046 2.05602 0.000748707
-35.6926 -75.3324 2.05293 0.000104776
-35.4584 -75.0789 2.05783 0.00280014
-35.4229 -74.3327 2.04212 5.47821e-06
-35.7592 -74.7619 2.05477 0.152968
-35.4847 -74.6044 2.05488 0.0023925
-35.2775 -75.2618 2.05768 3.22528e-06
-35.8604 -75.1875 2.03973 3.09222e-07
-35.3144 -74.6086 2.04758 3.58811e-05
-35.572 -75.1372 2.06035 0.00602915
-35.5175 -74.4769 2.05279 0.000917165
-35.3687 -75.3025 2.04676 8.36773e-09
-36.0588 -74.772 2.06984 2.90393e-08
-35.926 -74.7374 2.03697 0.000562687
-35.7297 -75.2499 2.0607 0.00295194
-35.5257 -75.123 2.04147 2.75338e-07
-36.1038 -75.0071 2.06299 0.000180995
-36.2017 -74.9766 2.04501 0.00046208
-35.233 -74.9971 2.06221 1.53373e-05
-35.472 -75.8813 2.0525 1.17124e-13
-36.4357 -74.4665 2.03233 1.82637e-07
-35.6032 -74.9678 2.03206 2.36863e-10
-35.3886 -75.0075 2.04927 0.000120844
-35.3951 -75.1341 2.04985 2.21185e-05
-35.7001 -74.3451 2.03137 1.47185e-06
-35.5119 -74.7442 2.03766 5.53581e-06
-36.0544 -74.8747 2.05325 0.0426258
-35.659 -74.9654 2.04683 0.00786532
