218.929 -11.8617 2.94596 1.22708e-07 218.79 -11.676 2.9585
219.356 -11.3691 2.95537 1.22641e-09 218.79 -11.676 2.9585
218.898 -11.4907 2.95311 0.0159544 218.79 -11.676 2.9585
218.766 -11.809 2.95345 0.00707003 218.79 -11.676 2.9585
219.411 -11.9017 2.92885 2.12774e-42 218.79 -11.676 2.9585
219.486 -11.5441 2.97566 3.15704e-15 218.79 -11.676 2.9585
218.545 -11.833 2.95199 0.00481798 218.79 -11.676 2.9585
218.552 -11.8743 2.95571 0.00127784 218.79 -11.676 2.9585
218.801 -11.6094 2.95241 0.052535 218.79 -11.676 2.9585
218.465 -11.5285 2.95013 0.0698887 218.79 -11.676 2.9585
219.163 -11.1621 2.95185 8.76976e-09 218.79 -11.676 2.9585
218.683 -11.8245 2.9523 0.00670397 218.79 -11.676 2.9585
218.883 -11.4421 2.95575 0.0307905 218.79 -11.676 2.9585
218.986 -12.0309 2.95712 5.95967e-07 218.79 -11.676 2.9585
218.273 -11.6982 2.95818 1.22426e-05 218.79 -11.676 2.9585
219.023 -11.6457 2.97511 2.25229e-11 218.79 -11.676 2.9585
218.912 -11.8847 2.95006 1.24824e-05 218.79 -11.676 2.9585
218.652 -11.3983 2.9437 0.000220259 218.79 -11.676 2.9585
218.687 -11.8057 2.93184 1.01636e-16 218.79 -11.676 2.9585
218.938 -11.9463 2.95093 2.05239e-06 218.79 -11.676 2.9585
219.097 -11.9192 2.96036 1.75209e-06 218.79 -11.676 2.9585
219.056 -11.5825 2.94751 8.15512e-07 218.79 -11.676 2.9585
218.431 -12.0228 2.96578 2.68162e-11 218.79 -11.676 2.9585
218.586 -11.5352 2.95226 0.204543 218.79 -11.676 2.9585
218.829 -11.7563 2.94753 0.000146261 218.79 -11.676 2.9585
219.473 -11.4165 2.96535 4.80543e-11 218.79 -11.676 2.9585
218.434 -12.0494 2.95243 1.59375e-06 218.79 -11.676 2.9585
219.325 -11.9812 2.96464 5.86825e-11 218.79 -11.676 2.9585
219.134 -11.7587 2.96377 7.77485e-06 218.79 -11.676 2.9585
218.511 -11.4828 2.93937 3.46699e-06 218.79 -11.676 2.9585
219.001 -11.9309 2.96025 1.05572e-05 218.79 -11.676 2.9585
218.698 -11.8541 2.94723 0.00012696 218.79 -11.676 2.9585
218.435 -11.4583 2.95249 0.0433258 218.79 -11.676 2.9585
218.895 -11.6842 2.96074 0.005917 218.79 -11.676 2.9585
218.9 -11.3087 2.95351 0.00266789 218.79 -11.676 2.9585
218.248 -11.4157 2.95961 1.21071e-06 218.79 -11.676 2.9585
219.384 -11.3256 2.95482 8.74607e-11 218.79 -11.676 2.9585
218.961 -12.1928 2.95702 7.41084e-10 218.79 -11.676 2.9585
218.664 -11.8207 2.95145 0.006043 218.79 -11.676 2.9585
218.519 -12.064 2.96625 3.6197e-11 218.79 -11.676 2.9585
218.149 -11.8812 2.94679 5.02418e-07 218.79 -11.676 2.9585
218.386 -11.6403 2.93632 1.8191e-08 218.79 -11.676 2.9585
218.615 -11.7992 2.9465 0.00054968 218.79 -11.676 2.9585
218.837 -11.6408 2.95866 0.0349847 218.79 -11.676 2.9585
219.28 -11.6155 2.95999 7.7273e-07 218.79 -11.676 2.9585
218.891 -11.5747 2.95282 0.0159017 218.79 -11.676 2.9585
218.55 -11.5381 2.95782 0.0358285 218.79 -11.676 2.9585
219.012 -11.2789 2.92647 1.5168e-30 218.79 -11.676 2.9585
218.89 -11.9005 2.95298 9.82365e-05 218.79 -11.676 2.9585
219.115 -11.9764 2.95484 5.165e-08 218.79 -11.676 2.9585
218.334 -11.8689 2.95593 2.18477e-05 218.79 -11.676 2.9585
218.86 -11.6986 2.95766 0.0203236 218.79 -11.676 2.9585
218.35 -11.7963 2.96119 1.07376e-06 218.79 -11.676 2.9585
218.92 -11.21 2.9444 4.19781e-08 218.79 -11.676 2.9585
219.244 -12.4622 2.94826 5.4862e-25 218.79 -11.676 2.9585
219.226 -11.4702 2.95298 2.50396e-07 218.79 -11.676 2.9585
219.361 -11.8232 2.94458 9.75266e-18 218.79 -11.676 2.9585
218.544 -12.0222 2.93621 1.6978e-13 218.79 -11.676 2.9585
219.02 -11.2647 2.95953 0.000137867 218.79 -11.676 2.9585
218.954 -12.2347 2.95002 1.92315e-12 218.79 -11.676 2.9585
218.682 -11.3058 2.95421 0.030923 218.79 -11.676 2.9585
219.081 -11.826 2.95165 1.22642e-06 218.79 -11.676 2.9585
219.259 -11.6812 2.94873 1.44114e-10 218.79 -11.676 2.9585
219.092 -11.2609 2.94462 1.69868e-10 218.79 -11.676 2.9585
218.591 -12.2107 2.95633 2.78922e-09 218.79 -11.676 2.9585
218.185 -11.8324 2.95685 1.63838e-07 218.79 -11.676 2.9585
218.78 -12.009 2.95525 2.47702e-05 218.79 -11.676 2.9585
218.583 -11.3971 2.95035 0.0676795 218.79 -11.676 2.9585
218.322 -11.8181 2.94761 0.000180637 218.79 -11.676 2.9585
218.782 -11.5115 2.95714 0.111258 218.79 -11.676 2.9585
218.911 -11.7247 2.97778 9.14119e-15 218.79 -11.676 2.9585
218.806 -11.445 2.94249 2.15295e-06 218.79 -11.676 2.9585
218.37 -11.9064 2.95384 5.25918e-05 218.79 -11.676 2.9585
218.44 -11.1975 2.96846 6.13056e-12 218.79 -11.676 2.9585
218.132 -11.7782 2.95701 4.4099e-08 218.79 -11.676 2.9585
218.643 -11.4554 2.94574 0.00366736 218.79 -11.676 2.9585
218.618 -12.2277 2.95874 5.04325e-10 218.79 -11.676 2.9585
218.971 -11.8061 2.95141 5.44788e-05 218.79 -11.676 2.9585
218.956 -11.4842 2.97018 2.64288e-07 218.79 -11.676 2.9585
219.032 -11.4437 2.9739 1.91799e-10 218.79 -11.676 2.9585
218.807 -11.682 2.95135 0.0150871 218.79 -11.676 2.9585
218.837 -11.3314 2.9423 2.12513e-07 218.79 -11.676 2.9585
219.118 -11.5851 2.94512 1.25334e-09 218.79 -11.676 2.9585
218.496 -11.632 2.93926 1.82503e-06 218.79 -11.676 2.9585
218.923 -12.2729 2.95301 5.31237e-12 218.79 -11.676 2.9585
218.695 -11.6481 2.95339 0.130611 218.79 -11.676 2.9585
218.959 -11.6684 2.95357 0.00262216 218.79 -11.676 2.9585
219.321 -11.2227 2.93561 1.43306e-26 218.79 -11.676 2.9585
218.569 -11.6073 2.94782 0.0287202 218.79 -11.676 2.9585
218.2 -11.5844 2.94753 0.000319458 218.79 -11.676 2.9585
219.15 -11.9427 2.95015 6.18792e-10 218.79 -11.676 2.9585
218.699 -11.9293 2.9546 0.00054646 218.79 -11.676 2.9585
219.069 -11.5755 2.96318 0.000236728 218.79 -11.676 2.9585
218.979 -12.0039 2.95114 1.06685e-07 218.79 -11.676 2.9585
219.298 -11.5179 2.94808 1.46115e-11 218.79 -11.676 2.9585
218.701 -11.8213 2.94754 0.000368352 218.79 -11.676 2.9585
218.871 -11.4935 2.95727 0.0456946 218.79 -11.676 2.9585
218.66 -12.0102 2.93816 1.8482e-12 218.79 -11.676 2.9585
218.685 -10.9919 2.95953 2.87614e-07 218.79 -11.676 2.9585
218.704 -11.4933 2.96299 0.00201576 218.79 -11.676 2.9585
