278.415 0.501243 4.51949 1.21975e-07 278.25 0.47543 4.5285
278.478 0.490209 4.50784 8.69519e-15 278.25 0.47543 4.5285
278.122 0.424566 4.52467 0.0149455 278.25 0.47543 4.5285
278.715 0.798491 4.53826 8.55909e-09 278.25 0.47543 4.5285
278.346 0.332931 4.52083 1.47949e-06 278.25 0.47543 4.5285
278.593 1.02255 4.52675 2.24807e-12 278.25 0.47543 4.5285
278.325 0.530715 4.54882 0.00074309 278.25 0.47543 4.5285
277.925 0.318845 4.51625 0.00496046 278.25 0.47543 4.5285
278.222 0.582226 4.52815 0.0126991 278.25 0.47543 4.5285
278.472 0.314503 4.54142 6.62581e-06 278.25 0.47543 4.5285
278.328 0.366478 4.53566 0.000690857 278.25 0.47543 4.5285
278.767 0.691983 4.50595 1.35484e-26 278.25 0.47543 4.5285
278.11 0.525827 4.52726 0.0647837 278.25 0.47543 4.5285
278.309 0.801402 4.5331 0.00147861 278.25 0.47543 4.5285
278.302 0.282351 4.54661 1.05225e-05 278.25 0.47543 4.5285
277.951 0.695697 4.54154 0.00812132 278.25 0.47543 4.5285
278.714 0.415195 4.51049 1.6934e-20 278.25 0.47543 4.5285
278.155 0.542903 4.53115 0.0697391 278.25 0.47543 4.5285
278.35 -0.098637 4.52558 6.705e-12 278.25 0.47543 4.5285
278.12 0.805844 4.53808 0.0243411 278.25 0.47543 4.5285
278.158 0.307459 4.53096 0.00332318 278.25 0.47543 4.5285
277.896 0.617612 4.52339 0.136976 278.25 0.47543 4.5285
278.089 0.0236672 4.52662 9.62409e-07 278.25 0.47543 4.5285
278.368 0.408962 4.54139 0.000526369 278.25 0.47543 4.5285
278.259 -0.00170738 4.53265 1.56007e-08 278.25 0.47543 4.5285
278.141 0.00881555 4.51424 6.84135e-09 278.25 0.47543 4.5285
278.487 0.151546 4.54199 2.10992e-08 278.25 0.47543 4.5285
278.485 0.470575 4.53583 4.92023e-05 278.25 0.47543 4.5285
278.359 0.37073 4.54961 1.92606e-05 278.25 0.47543 4.5285
278.623 0.286641 4.5189 1.08491e-13 278.25 0.47543 4.5285
278.193 0.360759 4.52852 0.00427631 278.25 0.47543 4.5285
278.432 0.634228 4.52081 1.14547e-07 278.25 0.47543 4.5285
279.217 0.420722 4.51509 4.45331e-38 278.25 0.47543 4.5285
277.905 0.471504 4.52762 0.146883 278.25 0.47543 4.5285
277.633 0.255813 4.53165 1.33299e-05 278.25 0.47543 4.5285
278.239 0.103381 4.51494 9.57412e-09 278.25 0.47543 4.5285
278.196 0.998773 4.50979 3.66662e-12 278.25 0.47543 4.5285
278.295 0.215077 4.53613 2.77768e-05 278.25 0.47543 4.5285
278.346 0.908866 4.51859 3.18558e-09 278.25 0.47543 4.5285
278.433 0.179542 4.53639 3.48099e-07 278.25 0.47543 4.5285
278.221 0.414564 4.53162 0.00893019 278.25 0.47543 4.5285
278.906 0.939638 4.55252 3.55399e-11 278.25 0.47543 4.5285
278.184 0.347729 4.53757 0.00312513 278.25 0.47543 4.5285
278.158 0.699356 4.5267 0.0138607 278.25 0.47543 4.5285
278.933 0.719819 4.51232 2.50896e-28 278.25 0.47543 4.5285
277.916 0.37159 4.53374 0.0125186 278.25 0.47543 4.5285
278.484 0.0903073 4.52076 7.56788e-12 278.25 0.47543 4.5285
278.345 0.53003 4.52697 0.000284742 278.25 0.47543 4.5285
278.676 0.749123 4.53972 1.77401e-07 278.25 0.47543 4.5285
278.407 0.800705 4.55213 0.000244102 278.25 0.47543 4.5285
278.584 0.498764 4.53126 2.05538e-07 278.25 0.47543 4.5285
278.393 0.566635 4.52114 1.22184e-06 278.25 0.47543 4.5285
278.404 0.366247 4.53016 3.07881e-05 278.25 0.47543 4.5285
278.681 0.938036 4.54539 7.28584e-08 278.25 0.47543 4.5285
279.192 0.269468 4.5282 5.89023e-29 278.25 0.47543 4.5285
277.893 0.574412 4.52734 0.20534 278.25 0.47543 4.5285
277.795 0.262865 4.53109 0.000747477 278.25 0.47543 4.5285
278.303 0.478683 4.53889 0.00595911 278.25 0.47543 4.5285
278.504 0.943192 4.52551 7.38207e-10 278.25 0.47543 4.5285
278.526 0.215812 4.53508 4.61621e-08 278.25 0.47543 4.5285
278.123 0.741434 4.5152 2.21348e-05 278.25 0.47543 4.5285
278.132 0.292034 4.52525 0.00193736 278.25 0.47543 4.5285
278.282 0.496709 4.54024 0.00848429 278.25 0.47543 4.5285
278.491 -0.111609 4.54178 4.87956e-14 278.25 0.47543 4.5285
277.858 0.591542 4.5347 0.0390025 278.25 0.47543 4.5285
278.278 0.530335 4.52122 0.000101826 278.25 0.47543 4.5285
278.368 0.773331 4.53486 0.000917781 278.25 0.47543 4.5285
278.13 0.222456 4.51925 6.84967e-05 278.25 0.47543 4.5285
278.639 0.654984 4.52085 1.4207e-12 278.25 0.47543 4.5285
278.113 0.900522 4.51523 5.55169e-07 278.25 0.47543 4.5285
278.076 0.304547 4.54867 2.80537e-06 278.25 0.47543 4.5285
278.926 0.811527 4.52355 5.00185e-21 278.25 0.47543 4.5285
278.146 0.1912 4.52351 8.8198e-05 278.25 0.47543 4.5285
278.045 0.574732 4.54149 0.0207118 278.25 0.47543 4.5285
278.261 1.18733 4.52979 5.60713e-09 278.25 0.47543 4.5285
278.04 0.49372 4.51821 0.00842617 278.25 0.47543 4.5285
278.007 0.04547 4.52242 5.38535e-06 278.25 0.47543 4.5285
279.244 0.694788 4.54219 1.80795e-22 278.25 0.47543 4.5285
278.308 0.79085 4.53293 0.00170086 278.25 0.47543 4.5285
278.083 0.963674 4.52786 0.000262972 278.25 0.47543 4.5285
277.836 0.820728 4.54155 0.000305695 278.25 0.47543 4.5285
278.202 0.325716 4.53234 0.00270721 278.25 0.47543 4.5285
277.808 0.568992 4.52169 0.1185 278.25 0.47543 4.5285
278.636 0.164743 4.53064 1.52843e-11 278.25 0.47543 4.5285
278.712 0.256864 4.54588 4.1563e-10 278.25 0.47543 4.5285
277.945 0.176445 4.52201 0.000691861 278.25 0.47543 4.5285
278.857 0.463069 4.53183 4.78686e-14 278.25 0.47543 4.5285
279.037 0.103421 4.52121 1.59074e-28 278.25 0.47543 4.5285
279.044 0.820678 4.52557 3.4727e-24 278.25 0.47543 4.5285
279.052 0.557602 4.52834 8.67459e-22 278.25 0.47543 4.5285
278.558 0.973897 4.53461 2.74069e-08 278.25 0.47543 4.5285
278.29 0.847808 4.52752 9.22968e-05 278.25 0.47543 4.5285
278.8 1.13057 4.53331 2.24334e-16 278.25 0.47543 4.5285
278.316 -0.00853957 4.52288 6.03927e-10 278.25 0.47543 4.5285
278.224 0.736841 4.52458 0.000810023 278.25 0.47543 4.5285
278.652 0.566704 4.54887 2.26962e-06 278.25 0.47543 4.5285
278.184 0.553381 4.53137 0.0494655 278.25 0.47543 4.5285
278.264 0.423069 4.51932 3.21017e-05 278.25 0.47543 4.5285
278.89 0.515788 4.52263 4.27419e-19 278.25 0.47543 4.5285
278.73 0.790603 4.51511 1.70043e-19 278.25 0.47543 4.5285
