217.498 -11.4461 2.94431 5.68118e-14
217.267 -10.6626 2.96434 2.30002e-10
217.988 -11.6218 2.96204 0.000202938
217.879 -11.1702 2.95275 1.60643e-07
217.636 -11.0347 2.959 0.000485188
217.648 -11.452 2.97349 0.000821533
217.222 -11.6765 2.94412 6.87566e-10
218.351 -11.1944 2.98503 1.61625e-08
217.411 -11.805 2.95971 9.54056e-09
218.179 -10.7131 2.94841 1.7479e-21
217.895 -11.0205 2.95897 0.000135602
217.514 -11.4313 2.969 0.000907129
217.834 -11.601 2.97013 0.0116883
218.13 -11.4604 2.95092 3.50977e-13
217.486 -11.7986 2.95315 8.35658e-11
217.383 -11.2515 2.96116 0.00986382
217.166 -11.2351 2.96888 2.2059e-07
217.041 -11.0042 2.95818 1.84174e-08
217.486 -11.6924 2.96993 1.43058e-06
217.79 -11.6653 2.94802 1.0413e-13
217.13 -11.0046 2.96891 2.97804e-09
217.757 -11.5052 2.95698 0.000127409
218.254 -11.2201 2.95874 6.06698e-08
217.444 -11.1046 2.96636 0.000135066
217.791 -11.2763 2.97625 0.00144016
217.595 -11.1316 2.96628 0.00966866
217.629 -11.1316 2.95409 1.25602e-05
217.489 -11.0307 2.94589 1.53154e-12
217.859 -11.3506 2.95097 8.09222e-09
217.987 -11.5632 2.96252 0.00123516
217.596 -11.0076 2.97357 6.24422e-06
217.429 -11.0728 2.96168 0.00314722
217.664 -11.0415 2.97366 7.81115e-05
217.105 -11.411 2.9499 6.53435e-07
217.736 -11.7197 2.95648 3.06694e-07
217.295 -10.9248 2.95363 3.59845e-07
217.684 -11.452 2.96056 0.00917114
217.191 -10.9504 2.9682 2.70684e-08
217.264 -11.6718 2.93803 2.72295e-14
218.299 -11.5173 2.98773 2.96005e-10
217.364 -11.4758 2.95252 0.00017605
218.281 -10.8355 2.97717 3.02097e-08
217.997 -10.9906 2.98346 5.54543e-09
217.965 -11.0925 2.9619 0.0030532
218.602 -11.5698 2.98054 7.81798e-10
217.513 -11.1354 2.95674 0.00011665
217.71 -10.7905 2.96565 5.57819e-06
217.451 -11.3928 2.97748 4.75595e-09
217.835 -11.523 2.96103 0.00404165
217.665 -11.7001 2.94423 1.59594e-17
217.602 -11.3526 2.95555 0.000141523
218.046 -10.9248 2.96776 0.000368467
217.895 -11.2031 2.96778 0.25954
217.353 -11.1606 2.97832 2.42411e-09
217.426 -11.3186 2.97952 3.26555e-11
217.72 -10.9303 2.94851 9.59003e-12
217.171 -11.255 2.97718 2.4415e-12
218.064 -11.2889 2.95878 5.58722e-05
217.578 -11.6767 2.95936 1.41282e-05
217.265 -11.4387 2.94846 2.08496e-06
217.938 -11.2355 2.98033 4.39421e-05
217.687 -11.9004 2.95596 1.07355e-10
217.617 -11.7348 2.96655 4.1987e-05
217.407 -10.7437 2.95229 4.75137e-10
217.895 -11.2373 2.96836 0.330417
217.285 -11.2945 2.97447 5.23078e-08
218.141 -11.9116 2.95419 2.31766e-16
217.841 -11.2619 2.96335 0.129989
217.958 -11.116 2.96278 0.00942561
217.528 -11.2058 2.97041 0.000520629
217.593 -11.0293 2.9651 0.00179695
217.52 -11.0278 2.972 5.41279e-06
217.625 -11.1704 2.96515 0.0299382
217.554 -11.3151 2.95604 0.000207189
217.449 -11.2238 2.96198 0.00107777
217.917 -11.8561 2.95241 8.71553e-14
218.133 -11.4566 2.95891 2.88792e-06
217.708 -11.3721 2.96283 0.0754215
217.519 -11.4622 2.94541 5.98589e-13
217.644 -11.622 2.95613 4.3058e-06
217.734 -10.8704 2.96738 0.000110825
217.827 -11.4952 2.96436 0.0541566
217.734 -11.6971 2.9661 0.000646273
217.304 -11.6038 2.97374 7.25357e-09
218.356 -11.6106 2.96116 7.49252e-10
217.321 -11.1735 2.96175 0.00140054
217.538 -11.8185 2.95217 1.20153e-11
218.261 -11.5732 2.95645 3.37019e-11
217.435 -11.8264 2.97089 1.13381e-09
217.854 -11.5413 2.95566 3.69261e-06
217.863 -11.2352 2.97423 0.0221816
217.933 -11.0099 2.95928 8.56165e-05
218.373 -11.0995 2.97192 2.01054e-05
217.673 -12.1567 2.97256 1.32375e-14
217.597 -11.7635 2.96596 1.12529e-05
217.389 -11.2061 2.95844 0.0046962
217.565 -11.2893 2.96461 0.0211493
216.967 -11.146 2.96654 7.01927e-11
217.506 -11.0574 2.97393 6.50515e-07
217.663 -10.917 2.95501 6.05028e-07
