79.6054 -36.3416 3.68058 5.09951e-30
78.5577 -36.7126 3.71224 2.97955e-09
78.8901 -36.2085 3.70009 0.00252353
78.7846 -36.1703 3.70164 0.00149729
78.621 -36.6865 3.68593 4.14861e-10
78.6182 -36.1067 3.72508 1.22484e-13
79.4581 -37.0266 3.71316 5.01853e-22
78.7686 -36.8924 3.70551 8.0979e-07
78.8306 -36.7946 3.71309 4.58433e-09
79.0204 -35.9735 3.70499 7.84273e-06
78.5516 -36.6968 3.69793 3.6288e-05
78.8861 -36.8325 3.68477 9.01574e-10
79.0493 -36.2803 3.705 0.0359771
78.436 -36.7157 3.7124 1.43972e-11
78.9199 -36.4353 3.69197 2.85872e-05
79.1314 -37.1074 3.70832 5.28978e-15
78.4564 -36.4214 3.70493 1.636e-05
79.1685 -36.5116 3.69589 0.000208414
79.552 -36.589 3.71039 5.9752e-13
78.8729 -36.4541 3.70224 0.260426
79.315 -36.5971 3.7089 6.60579e-07
78.9924 -36.1639 3.70911 0.00790556
79.231 -36.0013 3.69862 3.95015e-10
79.3333 -36.1178 3.71956 4.50535e-11
78.8876 -36.5271 3.71563 2.72063e-06
78.9887 -36.6065 3.70182 0.0597779
79.1522 -35.996 3.69644 1.06487e-10
78.9047 -36.4581 3.68186 9.4647e-15
78.9021 -36.4622 3.71014 0.014465
78.544 -36.1564 3.72905 2.18793e-19
79.0177 -36.5309 3.70392 0.0892906
78.8312 -36.4032 3.71292 0.00131718
78.8437 -36.2926 3.68762 7.61827e-11
79.0441 -36.7004 3.70349 0.00332669
79.5325 -36.1213 3.72829 8.83246e-24
78.9617 -36.2508 3.70222 0.0244508
79.1421 -36.0741 3.70417 2.87374e-05
79.4647 -36.9247 3.69334 3.29724e-13
78.851 -36.7703 3.69771 0.00234842
79.2203 -36.349 3.69302 9.03425e-08
78.533 -36.5721 3.69447 5.26115e-06
79.4571 -36.1384 3.69647 3.71278e-13
78.8789 -36.7073 3.716 1.45744e-09
78.6879 -36.1221 3.70342 0.000216553
78.7676 -36.6381 3.69173 6.60294e-05
78.6301 -36.897 3.69839 1.79694e-06
79.1822 -36.2021 3.69558 1.55572e-07
78.5566 -36.5187 3.70797 0.000100524
78.7026 -36.6382 3.70418 0.00489239
79.2468 -36.5709 3.69537 1.23975e-05
79.3043 -36.5958 3.7073 3.89979e-06
79.0933 -36.8637 3.69877 2.52197e-05
78.8582 -36.3211 3.6949 0.000161415
79.1774 -35.9753 3.71075 1.2507e-06
78.6868 -36.8531 3.70001 2.7646e-05
79.0186 -36.6327 3.70754 0.00238852
78.9781 -36.4936 3.68519 1.05658e-10
79.0258 -36.6685 3.6937 0.000418728
78.9161 -36.0474 3.68135 3.90744e-25
78.4697 -36.3863 3.72983 2.74943e-24
78.8157 -36.3542 3.68933 2.60114e-08
78.6457 -36.3815 3.69804 0.000870906
78.928 -36.4643 3.70466 0.2501
78.7302 -36.3894 3.68065 6.7076e-18
79.0796 -36.4648 3.70464 0.0501286
79.064 -36.0946 3.71056 0.000486732
78.2369 -36.7582 3.69976 1.91205e-12
78.8538 -36.0578 3.7089 0.000888977
78.3116 -36.6467 3.71184 6.68856e-13
79.3098 -36.117 3.70911 1.05712e-06
78.616 -36.5724 3.70524 0.00135402
78.462 -36.2343 3.69795 6.25367e-08
78.6579 -36.7915 3.70185 7.25049e-05
78.3088 -36.9952 3.71098 4.4836e-20
78.167 -36.9063 3.70529 2.89752e-18
78.9236 -35.8724 3.70271 1.43659e-08
79.079 -35.8557 3.69317 7.40535e-17
79.2462 -36.0439 3.70857 1.67461e-06
79.4961 -35.8281 3.69759 7.01878e-21
78.707 -35.9806 3.71505 1.2066e-06
79.204 -36.8783 3.6948 3.51485e-07
79.4599 -36.5515 3.68601 1.94941e-16
79.2927 -36.6408 3.69965 1.63239e-05
78.9884 -35.9732 3.70813 3.60221e-05
79.2027 -36.0036 3.71098 1.46543e-06
79.1305 -36.2671 3.70322 0.0040886
79.2399 -36.381 3.70647 0.000605818
79.5495 -35.9213 3.70432 5.27245e-16
79.238 -36.6801 3.7017 7.20596e-05
78.8708 -36.4932 3.72556 5.33826e-16
78.7868 -36.2552 3.71597 5.07393e-05
79.037 -36.7555 3.70603 0.000146031
78.5139 -36.6833 3.69628 5.55965e-06
78.8286 -36.5163 3.70341 0.178233
79.1308 -36.4963 3.71094 0.000284243
78.6046 -36.3364 3.68646 5.8581e-13
78.7091 -36.8128 3.70482 1.91196e-05
78.906 -36.9928 3.69586 1.02884e-06
78.7133 -36.4947 3.71109 0.000575027
79.2738 -36.3793 3.71831 8.2078e-10
