173.634 23.97 0.0694141 6.6786e-05
173.622 24.2978 0.0753949 6.76811e-10
173.702 23.4623 0.0723321 0.0590059
174.069 23.5561 0.066871 2.54409e-05
173.831 24.2564 0.0674498 4.16633e-11
173.482 24.0695 0.079977 2.1926e-05
173.488 23.5224 0.074384 0.0724491
174.114 23.8466 0.0577128 1.37553e-10
173.209 23.3352 0.0723417 6.26175e-06
173.565 23.6036 0.0984669 3.09481e-08
172.968 23.8744 0.0898172 7.84e-10
174.094 23.4886 0.0753435 2.85803e-05
173.325 24.2932 0.0688756 3.3547e-13
173.412 23.6422 0.0756577 0.036125
173.55 23.4637 0.0788026 0.101343
173.422 23.8635 0.0851716 0.00125636
173.347 23.3165 0.0725665 0.000254544
173.699 24.0421 0.0728728 3.0517e-05
174.442 23.7833 0.0722322 4.83694e-13
173.762 23.3205 0.0724936 0.00514201
173.805 23.8657 0.0920415 4.39766e-07
173.672 23.0024 0.0753989 3.31096e-07
173.357 23.0121 0.0708421 8.19573e-09
173.486 23.8959 0.0640587 1.33186e-06
174.095 23.8223 0.0490761 1.10262e-15
173.779 23.6916 0.0748016 0.0553899
174.045 23.3507 0.0660825 5.86048e-06
173.355 23.5098 0.0774849 0.0149655
174.022 23.7376 0.0710149 0.000144854
173.61 23.9186 0.0855515 0.000527348
173.579 23.6375 0.076512 0.209734
173.954 23.4292 0.0747809 0.00130569
173.084 23.3066 0.0930878 1.07587e-09
173.555 23.6822 0.0601185 1.98025e-06
173.595 23.3611 0.0830118 0.00694056
172.968 23.3475 0.07408 6.36514e-10
173.793 23.4352 0.0657077 0.00115348
173.37 23.9832 0.0645714 1.42892e-08
173.82 23.8067 0.0773997 0.00739631
173.502 24.2401 0.0864501 3.31812e-09
173.721 23.482 0.0821369 0.0251238
173.818 24.0619 0.0815303 3.97211e-06
173.297 24.2502 0.0879635 1.0999e-10
173.758 23.4526 0.0973121 2.12638e-09
173.424 24.3269 0.0733439 1.07488e-11
174.276 23.6698 0.0782547 4.26028e-09
173.446 23.4476 0.0630453 1.1879e-05
173.369 23.864 0.0747906 0.00072438
173.268 23.3543 0.0805219 0.000296012
173.843 23.4266 0.0656803 0.000645107
173.306 23.1889 0.0624442 1.26063e-09
173.712 23.4878 0.0849375 0.00642565
173.406 23.3088 0.0694565 0.00015766
173.337 23.4206 0.0943432 8.00722e-07
173.526 23.7829 0.0794816 0.0451255
174.113 23.7889 0.0729283 4.64251e-06
173.457 23.6413 0.0744867 0.052534
174.07 23.787 0.0665549 3.06465e-06
173.367 24.0303 0.0836605 1.30708e-05
173.522 23.8841 0.072382 0.00171041
173.176 23.8624 0.0539089 2.62986e-17
173.148 23.953 0.0697213 3.94431e-09
173.617 23.762 0.0803928 0.0600683
173.503 23.8089 0.0656976 6.69086e-05
173.575 23.2625 0.0675228 0.000193582
173.551 23.7572 0.066532 0.000628354
173.491 24.1257 0.0718447 3.08712e-07
173.486 24.1849 0.0706817 9.92249e-09
173.764 23.4905 0.0798914 0.0373023
173.628 23.4278 0.0928732 5.65997e-06
173.701 23.4185 0.0767243 0.0571527
173.163 23.7392 0.0642329 2.49989e-09
173.416 23.5009 0.0649186 5.93105e-05
173.008 23.3447 0.0765635 1.31422e-08
173.728 23.9754 0.0698881 6.72579e-05
173.82 23.8187 0.0644329 4.75754e-05
173.613 23.8905 0.0761796 0.00704084
174.266 24.0981 0.0751032 1.02057e-12
173.921 23.7981 0.0735939 0.00117793
173.583 23.9503 0.091256 4.2131e-06
173.693 23.8825 0.0753617 0.00627018
174.084 23.4244 0.0608365 1.51296e-07
173.682 23.276 0.0519407 7.54454e-12
173.719 23.7961 0.0908464 2.59167e-05
173.994 23.6322 0.0785676 0.000532974
173.455 23.7961 0.0770772 0.0185627
173.535 23.6104 0.0888886 0.00229199
173.714 24.2035 0.0944636 4.61905e-12
173.982 23.908 0.0663787 1.90339e-06
173.231 23.4582 0.0798239 0.000552957
173.65 23.855 0.0608526 6.727e-07
173.913 23.7799 0.070202 0.000838094
173.358 23.5148 0.0889121 0.000494481
173.688 23.5923 0.0809062 0.0983348
172.958 24.1286 0.0863011 8.46897e-13
173.45 24.1809 0.06208 1.3887e-12
173.74 23.8511 0.0704094 0.00217411
173.896 24.1125 0.0738515 2.36556e-07
173.288 23.9278 0.0986641 6.76142e-10
173.262 24.2047 0.0668403 7.50332e-13
