205.393 25.1708 0.0676321 0.00289338
205.543 25.2287 0.066721 0.016195
205.328 25.1112 0.0641119 8.47503e-05
205.645 25.263 0.0819012 0.0240225
205.517 25.4448 0.0926054 0.00035341
205.52 25.6354 0.0884183 0.00226523
204.961 25.8337 0.0739572 3.52741e-10
206.064 25.2303 0.0973304 1.96489e-12
205.996 25.5036 0.060117 3.98282e-06
205.514 25.1197 0.0950178 3.66964e-07
205.582 25.642 0.074585 0.0183244
204.878 25.4233 0.104018 1.61931e-13
205.739 25.5074 0.0734186 0.0419188
205.686 25.2983 0.0780885 0.0699811
205.038 25.0523 0.0789731 2.6198e-07
205.253 24.5805 0.0900668 7.05976e-16
205.645 25.1368 0.0706543 0.0191376
205.409 25.1319 0.0768313 0.00759642
205.751 25.7556 0.0856405 0.00017412
206.054 25.5724 0.0615647 8.03791e-07
204.812 24.644 0.0736351 5.71946e-18
205.218 24.3994 0.0880377 1.62317e-20
205.575 24.8574 0.0676864 1.78552e-05
205.586 24.5189 0.0502647 3.04905e-15
205.536 25.2123 0.0638426 0.00370993
205.659 25.5913 0.0721526 0.0217893
205.24 24.5978 0.0644109 1.66077e-12
205.535 25.0169 0.0756617 0.00177985
205.317 25.3496 0.0944827 1.86518e-05
205.531 24.9587 0.0736248 0.000459138
205.745 25.1459 0.0556262 1.24372e-05
205.629 25.3019 0.0624945 0.0034948
205.23 25.3664 0.0799556 0.00368818
206.028 25.1746 0.0739141 6.5355e-05
205.301 25.8893 0.0725009 9.48027e-07
205.747 25.5351 0.0742937 0.0320678
205.581 25.0428 0.0809091 0.000882762
205.706 24.808 0.072676 2.66594e-06
205.846 25.2415 0.0696476 0.00817702
205.248 25.427 0.0839121 0.00309619
206.065 25.4017 0.0654055 2.62245e-05
204.979 24.8619 0.0740203 1.13606e-10
205.699 25.7258 0.0495269 8.867e-12
205.351 25.4958 0.0793626 0.0272563
205.92 25.1719 0.0663302 0.000621264
206.293 25.0394 0.0614615 2.43935e-10
204.704 25.4828 0.0740475 6.68693e-13
205.27 25.1816 0.0875438 9.86895e-05
205.365 25.6217 0.0676692 0.000318936
204.73 25.0411 0.0692697 1.68033e-14
206.199 25.1824 0.0712671 2.68243e-07
205.2 25.3076 0.0843521 0.00057268
205.396 25.2145 0.0656223 0.00189927
205.542 25.6112 0.0769664 0.0373924
205.203 25.3052 0.0864949 0.000275869
205.624 25.2751 0.0777235 0.0904468
205.493 25.4212 0.0850013 0.0281978
205.426 24.8362 0.0668823 2.24946e-06
205.618 25.7641 0.0868562 0.00040019
205.225 26.0392 0.0620484 8.70459e-14
205.639 25.2202 0.0847692 0.00400675
206.224 25.3169 0.0685184 2.3781e-07
205.637 25.1548 0.0522919 5.90221e-07
205.339 24.8467 0.0786896 8.75021e-07
205.439 25.0338 0.0651484 0.000255307
205.502 24.9262 0.0573603 6.40463e-07
205.356 25.3167 0.0902954 0.000420828
205.242 25.2856 0.0855715 0.000703026
205.452 25.8281 0.0940382 3.72791e-06
205.682 24.8546 0.0821065 7.08996e-07
205.581 25.337 0.0784629 0.134906
206.135 25.2095 0.0711648 4.05845e-06
205.108 25.2647 0.0693169 1.20583e-05
205.722 24.9999 0.0724402 0.000914438
205.079 25.2532 0.0764771 2.90246e-05
204.875 25.4882 0.0925146 1.88833e-09
205.746 25.4147 0.0766666 0.0649303
205.615 25.5575 0.0752636 0.065152
205.4 24.7908 0.086392 4.32786e-09
205.101 25.096 0.0579968 9.85392e-10
205.39 25.3903 0.0774871 0.0616107
205.241 25.0435 0.092264 8.98446e-08
205.78 24.9517 0.0938968 2.90975e-10
205.79 25.213 0.0753436 0.0152217
204.959 25.3935 0.0767395 6.82676e-07
205.409 25.0541 0.0771312 0.00151308
205.393 25.7242 0.0711125 0.000307029
205.597 25.2498 0.0849682 0.00710095
205.498 25.3453 0.0748996 0.136771
205.126 25.0511 0.0808111 3.03184e-06
205.576 24.8498 0.0726104 1.82794e-05
205.035 25.5612 0.060495 2.01806e-10
205.785 25.4245 0.0719305 0.0357151
204.974 24.8974 0.0766664 3.38965e-10
205.034 25.4668 0.0891443 2.65514e-06
205.466 25.1666 0.0491352 2.76515e-09
205.554 25.0091 0.0634201 0.000220592
206.347 25.3371 0.0714907 9.72751e-10
205.026 25.4085 0.0828475 1.02011e-05
205.873 25.6926 0.0753056 0.000440572
