229.069 -13.5344 2.92966 2.43634e-11
228.569 -13.6383 2.90108 0.000182465
229.288 -13.5891 2.90376 0.000132676
228.731 -13.6303 2.91574 6.68628e-06
228.478 -13.7827 2.91389 1.08777e-08
229.22 -14.4744 2.90225 5.75033e-09
228.939 -13.8947 2.90437 0.0793515
228.903 -13.5447 2.89824 9.48901e-05
228.686 -13.6903 2.90354 0.00362014
229.462 -13.7709 2.90648 0.000123405
229.071 -13.9198 2.92177 0.000125241
228.921 -13.821 2.88446 2.652e-13
228.715 -13.3941 2.90706 1.0267e-05
229.637 -13.9366 2.92209 0.000140732
228.98 -13.6202 2.92716 7.23278e-10
229.183 -13.6827 2.89243 7.25017e-10
228.747 -13.5615 2.9361 5.06076e-25
228.821 -13.9705 2.90392 0.0264811
228.797 -13.7516 2.91645 7.58616e-05
228.926 -13.6893 2.91143 0.0304151
228.181 -13.8745 2.92419 2.06206e-26
228.79 -13.8457 2.87006 7.50398e-30
229.449 -14.124 2.91565 0.000980711
228.971 -13.4308 2.91382 0.000142005
229.049 -13.7742 2.91254 0.125017
228.849 -13.719 2.90283 0.0228665
228.824 -14.097 2.9078 0.00562409
228.208 -14.135 2.90864 5.78381e-13
229.374 -14.1238 2.91415 0.00283094
228.815 -13.5958 2.90629 0.00639671
228.338 -13.9643 2.91729 1.49308e-14
227.925 -13.1727 2.88979 1.46998e-20
229.128 -13.6705 2.90932 0.0800647
229.501 -13.4435 2.90467 2.64927e-08
228.674 -13.2612 2.90522 6.83528e-08
228.898 -13.7013 2.89413 1.04403e-05
229.506 -13.7229 2.9032 4.50021e-07
229.782 -14.3592 2.91978 1.54177e-09
228.723 -13.7173 2.91394 8.87084e-05
228.679 -13.9873 2.90435 0.00359749
228.982 -13.4306 2.91922 2.0921e-06
228.079 -13.9176 2.88414 3.77186e-13
228.371 -13.5368 2.90739 5.46348e-09
229.078 -13.7258 2.91161 0.134497
228.94 -13.5212 2.90793 0.00484329
229.477 -13.2431 2.91312 4.22329e-08
228.566 -13.2159 2.91029 4.87604e-11
228.936 -13.3846 2.89597 1.05132e-07
228.661 -13.501 2.91308 1.02423e-06
228.564 -13.5269 2.92427 3.4565e-16
228.826 -13.702 2.89892 0.00221426
229.297 -13.1014 2.93376 1.52972e-18
228.903 -13.022 2.8918 8.51749e-17
228.449 -13.698 2.90513 6.03502e-06
228.639 -13.756 2.91565 9.37025e-07
228.699 -13.8284 2.91256 0.000251638
228.536 -13.7123 2.9206 2.1481e-12
229.485 -13.5683 2.89733 8.86339e-12
228.862 -13.5716 2.91388 0.000497955
229.142 -13.5799 2.90395 0.00189262
228.844 -13.7755 2.89909 0.00423182
228.768 -13.4649 2.93013 5.42925e-18
229.367 -13.2026 2.91916 2.19538e-08
228.93 -13.9085 2.92169 4.87992e-06
228.94 -13.7452 2.92096 1.65924e-05
228.866 -13.1692 2.89505 1.95902e-11
228.662 -14.4545 2.90311 2.29819e-08
228.673 -13.7331 2.92311 1.9472e-11
228.728 -13.352 2.90237 3.68509e-06
229.088 -13.2707 2.90795 3.48188e-06
228.907 -14.2617 2.90748 0.000362998
228.475 -14.1393 2.90955 7.80773e-08
228.717 -13.9118 2.92539 1.69555e-12
228.809 -13.7197 2.91189 0.00423492
228.984 -13.6291 2.90296 0.00881361
228.182 -13.7039 2.90959 3.25406e-13
228.872 -13.2452 2.91963 1.73281e-10
229.071 -14.2157 2.91576 0.000343049
228.908 -14.0506 2.92013 5.77193e-06
228.458 -13.8394 2.8944 9.05253e-06
229.45 -13.5206 2.90723 1.26459e-05
228.788 -13.5798 2.90352 0.0028935
229.352 -13.8182 2.90043 3.89552e-06
228.55 -13.5764 2.91055 9.86713e-07
228.854 -13.8732 2.89452 5.51443e-05
229.321 -13.5661 2.91575 0.00509228
228.699 -13.3403 2.90403 2.03032e-06
229.358 -14.1768 2.90945 0.000394689
229.182 -13.6864 2.9117 0.0903336
229.369 -14.1139 2.92194 0.000174144
228.621 -13.8349 2.89054 1.08397e-06
228.656 -14.1364 2.9162 5.71786e-08
228.311 -13.6974 2.92081 1.31749e-18
229.245 -13.5624 2.8926 1.79902e-11
229.293 -14.4464 2.9073 1.20985e-07
228.924 -13.7851 2.91461 0.00970822
228.978 -13.9299 2.90716 0.13833
229.221 -13.891 2.91029 0.130349
229.264 -13.9977 2.91071 0.0450004
228.773 -13.7941 2.90598 0.0270323
