199.272 25.4487 0.0701239 2.77822e-08
198.627 25.3893 0.0723969 2.32315e-05
198.713 26.3768 0.0629411 4.15262e-33
198.613 25.1643 0.0694255 0.00269159
198.545 25.1814 0.0707162 0.000420725
198.738 24.8849 0.0673942 0.0184149
198.901 25.0987 0.0619889 0.157017
198.948 25.2376 0.0561267 0.00710321
198.165 25.3076 0.0775379 1.34613e-11
198.801 24.8381 0.0639315 0.0328656
198.718 24.7493 0.0451895 2.71051e-08
198.582 25.2343 0.0644462 0.000749407
198.772 25.1806 0.0863458 9.26939e-10
198.817 24.4585 0.0820098 1.12845e-13
198.853 25.3513 0.0573441 0.000551714
199.554 24.8303 0.0588622 2.87187e-08
198.75 25.1376 0.0607333 0.0304727
198.738 24.2883 0.0967137 2.43688e-30
198.814 24.5133 0.0579626 4.73925e-06
198.914 24.9906 0.0683655 0.0453915
198.747 24.9306 0.0656199 0.0459828
198.56 25.6395 0.0736974 6.02833e-10
199.081 25.4395 0.0647083 5.26288e-05
198.663 24.6436 0.0592126 4.07566e-05
198.763 24.9315 0.0627902 0.0641916
198.689 24.312 0.0667186 4.47751e-11
198.769 24.6919 0.06723 0.000615557
198.801 24.9381 0.0861706 4.46888e-10
198.648 24.9297 0.07072 0.00312557
198.941 24.4781 0.062549 2.16514e-06
198.908 24.5701 0.0816361 9.87201e-12
198.471 24.7892 0.0568994 1.03721e-06
198.988 24.5485 0.0734739 3.61141e-08
199.157 25.4463 0.0695783 1.27558e-06
198.149 25.4689 0.0764017 1.73168e-13
198.31 24.4964 0.064072 5.28266e-12
198.805 25.196 0.061791 0.0354051
199.516 24.9208 0.0675587 2.59752e-09
198.744 24.3088 0.0621115 2.04528e-10
198.732 25.1371 0.0662659 0.0347134
198.194 25.2116 0.0896022 3.06121e-15
199.115 25.4874 0.0758586 5.57258e-09
199.036 25.3585 0.0750066 2.94025e-06
199.089 24.5132 0.0615134 3.65342e-06
199.123 24.9236 0.0665444 0.00562534
198.253 24.9621 0.0471852 1.38582e-15
199.004 24.7423 0.0729223 2.37327e-05
198.453 24.8327 0.0753864 1.42729e-06
198.641 25.0346 0.0565018 0.00103606
198.742 24.8087 0.059442 0.00728086
199.311 24.7548 0.071889 2.34685e-08
198.622 25.5248 0.0696836 6.4605e-07
198.291 24.7341 0.0553023 2.60366e-11
198.888 24.919 0.0829627 1.92373e-08
198.949 25.0914 0.0811621 2.8121e-07
199.078 25.1604 0.0772721 2.06474e-06
198.793 25.203 0.0821945 2.66235e-07
198.668 24.5235 0.0725254 5.19275e-08
199.264 24.1688 0.0602029 2.76614e-15
199.389 25.0319 0.0717761 3.12485e-08
198.741 24.8635 0.0681069 0.0116156
199.18 25.3214 0.0821242 1.48398e-11
198.758 24.9392 0.0584066 0.0261652
198.828 24.6604 0.0748417 2.0993e-06
199.067 24.6058 0.0661494 2.42844e-05
198.671 25.2885 0.0539919 1.31263e-05
199.424 24.5415 0.0503673 5.0761e-09
198.938 24.7797 0.044394 1.43088e-06
199.032 25.2831 0.0636012 0.00703587
198.528 25.0414 0.0487147 1.58832e-08
198.39 25.2625 0.0817486 4.77441e-09
198.392 25.0045 0.0787999 1.90201e-07
198.986 24.6458 0.0587564 0.000884151
198.883 25.0155 0.0586681 0.120404
198.369 25.0096 0.0541215 6.4024e-09
199.175 24.8838 0.0437145 3.91331e-06
198.975 24.8997 0.0559896 0.0455796
198.654 25.2178 0.0546913 6.27423e-05
198.85 24.6872 0.0717006 6.01732e-05
199.115 25.0564 0.0561548 0.0288684
198.776 24.9512 0.0670357 0.05123
198.394 25.5108 0.0672598 2.48433e-09
199.108 25.2874 0.0844951 6.5884e-12
199.04 24.8222 0.085561 1.84676e-12
198.814 24.6455 0.0625742 0.000601867
199.054 25.1159 0.0670883 0.0178819
198.767 25.3325 0.0820556 5.84359e-08
199.064 24.6392 0.0697728 7.16988e-06
199.019 24.3132 0.0722854 8.07688e-13
199.255 24.8979 0.0791274 2.2717e-10
198.887 25.2281 0.0665767 0.0241981
199.65 25.2233 0.0572141 1.83114e-10
198.877 25.1073 0.0605894 0.121139
198.844 24.9482 0.0684979 0.0392545
198.624 24.9447 0.0740943 0.000413219
198.903 25.1668 0.0705143 0.00993338
199.185 24.8149 0.0686613 8.75909e-05
198.925 24.636 0.0714924 1.00818e-05
198.817 24.5809 0.0707471 3.86347e-06
199.059 25.32 0.0554609 0.00070302
