227.014 26.773 0.0565058 2.74346e-12 226.82 26.96 0.074236
226.818 26.8021 0.0693174 0.0151656 226.82 26.96 0.074236
226.716 27.4427 0.0735723 2.2226e-09 226.82 26.96 0.074236
226.492 26.3612 0.086038 7.13021e-06 226.82 26.96 0.074236
226.996 27.1055 0.0721108 3.8719e-05 226.82 26.96 0.074236
226.742 26.7189 0.0550679 3.57745e-13 226.82 26.96 0.074236
226.561 26.4545 0.0806339 0.00507861 226.82 26.96 0.074236
227.388 27.2736 0.0560094 8.98803e-23 226.82 26.96 0.074236
226.578 27.5441 0.0725715 1.50815e-12 226.82 26.96 0.074236
227.029 27.244 0.0658568 1.39643e-09 226.82 26.96 0.074236
226.78 26.5918 0.0667632 0.0002503 226.82 26.96 0.074236
227.366 26.7907 0.0784148 1.06229e-10 226.82 26.96 0.074236
226.982 27.3383 0.0485845 8.63906e-27 226.82 26.96 0.074236
226.485 26.9228 0.0868355 0.00262389 226.82 26.96 0.074236
226.375 26.1192 0.0692777 3.2163e-13 226.82 26.96 0.074236
226.811 27.0123 0.0529043 2.83548e-16 226.82 26.96 0.074236
226.734 26.9219 0.0745669 0.260491 226.82 26.96 0.074236
227.008 26.8987 0.0848813 1.82985e-05 226.82 26.96 0.074236
226.205 26.8751 0.0771208 0.000101853 226.82 26.96 0.074236
227.041 26.977 0.0797627 0.00011223 226.82 26.96 0.074236
226.725 27.0177 0.0573042 1.17505e-11 226.82 26.96 0.074236
226.941 27.0171 0.073913 0.00235023 226.82 26.96 0.074236
226.99 26.6245 0.0822721 0.000250642 226.82 26.96 0.074236
226.626 27.3022 0.0752151 5.54305e-06 226.82 26.96 0.074236
227.04 27.0005 0.0685188 1.57621e-05 226.82 26.96 0.074236
227.07 27.1685 0.0763799 8.55459e-07 226.82 26.96 0.074236
226.829 27.4843 0.05788 3.60855e-19 226.82 26.96 0.074236
226.738 26.8269 0.0834391 0.0767199 226.82 26.96 0.074236
226.85 27.0054 0.0664 7.69086e-05 226.82 26.96 0.074236
227.251 26.6378 0.0692859 2.13037e-08 226.82 26.96 0.074236
226.656 26.9463 0.0635601 4.63388e-06 226.82 26.96 0.074236
226.311 26.6292 0.069444 7.55665e-06 226.82 26.96 0.074236
227.031 26.1572 0.0714478 1.90027e-11 226.82 26.96 0.074236
226.666 27.2217 0.0687976 3.58411e-06 226.82 26.96 0.074236
227.327 26.9463 0.0566634 5.69185e-17 226.82 26.96 0.074236
227.014 26.8772 0.0676218 7.5908e-05 226.82 26.96 0.074236
226.707 27.4921 0.0831017 2.22846e-11 226.82 26.96 0.074236
226.791 27.609 0.0826494 3.66025e-15 226.82 26.96 0.074236
226.476 27.7384 0.0715142 6.74422e-20 226.82 26.96 0.074236
226.966 26.9315 0.0812014 0.00118826 226.82 26.96 0.074236
227.188 27.1652 0.0704749 3.60876e-09 226.82 26.96 0.074236
227.212 27.58 0.0818519 3.36704e-20 226.82 26.96 0.074236
227.348 27.6109 0.0512125 4.99715e-35 226.82 26.96 0.074236
226.323 26.9678 0.0771737 0.00200781 226.82 26.96 0.074236
226.389 27.3136 0.0876468 2.28415e-09 226.82 26.96 0.074236
226.596 27.1323 0.0714124 0.000464387 226.82 26.96 0.074236
226.255 27.1618 0.07282 1.72741e-07 226.82 26.96 0.074236
226.107 27.2543 0.0750482 3.60149e-11 226.82 26.96 0.074236
226.846 26.6642 0.0914364 3.58141e-07 226.82 26.96 0.074236
226.808 27.7686 0.0689816 4.24506e-21 226.82 26.96 0.074236
226.386 26.6502 0.0746976 0.00849392 226.82 26.96 0.074236
226.478 27.732 0.0722214 1.97561e-19 226.82 26.96 0.074236
226.898 27.0806 0.0666514 1.0348e-05 226.82 26.96 0.074236
226.568 26.7436 0.0690156 0.00680703 226.82 26.96 0.074236
226.769 26.8095 0.0635103 1.77908e-05 226.82 26.96 0.074236
227.148 27.0704 0.0635849 6.74532e-10 226.82 26.96 0.074236
226.296 27.0351 0.072786 2.47562e-05 226.82 26.96 0.074236
226.589 26.784 0.0663139 0.000381624 226.82 26.96 0.074236
227.17 27.3746 0.0703024 9.20708e-13 226.82 26.96 0.074236
226.761 27.4202 0.0457725 1.03915e-32 226.82 26.96 0.074236
226.752 27.4627 0.0704489 1.06335e-10 226.82 26.96 0.074236
226.66 27.5606 0.0696972 1.10765e-13 226.82 26.96 0.074236
226.407 26.7823 0.0782886 0.091032 226.82 26.96 0.074236
226.641 26.363 0.066198 1.54911e-07 226.82 26.96 0.074236
226.873 27.1731 0.0908209 6.33455e-10 226.82 26.96 0.074236
226.793 26.8547 0.0887473 9.94719e-05 226.82 26.96 0.074236
226.54 26.5138 0.0861137 0.000903977 226.82 26.96 0.074236
226.978 27.0169 0.0803035 0.000318519 226.82 26.96 0.074236
227.151 27.5969 0.0795834 1.1319e-18 226.82 26.96 0.074236
226.784 26.8088 0.0635448 1.82285e-05 226.82 26.96 0.074236
226.785 27.3859 0.0730014 2.77898e-08 226.82 26.96 0.074236
226.861 27.1117 0.0685312 4.80576e-05 226.82 26.96 0.074236
226.604 27.012 0.0802162 0.073635 226.82 26.96 0.074236
226.473 27.4149 0.0990762 5.9627e-20 226.82 26.96 0.074236
225.956 26.9029 0.0953411 9.29638e-15 226.82 26.96 0.074236
226.777 27.2626 0.0567526 2.4868e-15 226.82 26.96 0.074236
226.595 26.3015 0.079231 3.24186e-05 226.82 26.96 0.074236
226.319 27.113 0.0686907 1.27131e-07 226.82 26.96 0.074236
227.038 26.564 0.0624727 1.03294e-08 226.82 26.96 0.074236
226.574 27.2983 0.0658177 1.81635e-09 226.82 26.96 0.074236
226.842 27.5722 0.0455641 7.93622e-37 226.82 26.96 0.074236
226.686 26.7352 0.0634269 1.10928e-05 226.82 26.96 0.074236
226.636 27.0231 0.0823461 0.0239973 226.82 26.96 0.074236
226.825 26.5533 0.0550394 3.72403e-14 226.82 26.96 0.074236
227.323 26.8475 0.0732874 4.24415e-09 226.82 26.96 0.074236
226.355 26.7419 0.0859769 0.00199029 226.82 26.96 0.074236
226.652 26.6865 0.0707318 0.0471341 226.82 26.96 0.074236
227.054 26.6639 0.0700854 0.000111651 226.82 26.96 0.074236
226.475 27.0221 0.0726391 0.00346159 226.82 26.96 0.074236
227.401 27.4059 0.0713642 1.53946e-18 226.82 26.96 0.074236
226.877 26.6781 0.072104 0.0271788 226.82 26.96 0.074236
226.857 26.5238 0.0838845 0.000444401 226.82 26.96 0.074236
226.875 27.3291 0.0707262 5.08845e-08 226.82 26.96 0.074236
227.006 26.7918 0.0544507 2.69997e-14 226.82 26.96 0.074236
226.738 26.6874 0.0801835 0.33583 226.82 26.96 0.074236
225.919 26.2481 0.0931871 3.85948e-19 226.82 26.96 0.074236
226.77 26.2284 0.0760095 6.39022e-07 226.82 26.96 0.074236
226.462 27.6285 0.0693678 4.59558e-17 226.82 26.96 0.074236
226.723 26.5504 0.0714495 0.0109563 226.82 26.96 0.074236
226.789 26.3207 0.0666555 6.41979e-08 226.82 26.96 0.074236
