278.212 8.18456 4.79942 0.00600171 278.25 7.92 4.8065
278.61 8.27863 4.80467 5.43441e-07 278.25 7.92 4.8065
278.471 7.79763 4.78515 6.5705e-06 278.25 7.92 4.8065
277.927 7.8814 4.80006 0.0646025 278.25 7.92 4.8065
278.244 7.94834 4.80433 0.200171 278.25 7.92 4.8065
278.986 8.08165 4.79188 7.07513e-17 278.25 7.92 4.8065
278.299 7.86223 4.79544 0.0412584 278.25 7.92 4.8065
278.214 7.71645 4.8024 0.0700549 278.25 7.92 4.8065
278.15 7.25966 4.80357 2.72814e-08 278.25 7.92 4.8065
279 7.83287 4.7945 1.5277e-15 278.25 7.92 4.8065
278.076 8.2088 4.81943 0.000450714 278.25 7.92 4.8065
278.363 7.24705 4.79084 4.77097e-09 278.25 7.92 4.8065
279.145 7.66737 4.83628 4.31861e-20 278.25 7.92 4.8065
278.345 7.9838 4.79479 0.0079164 278.25 7.92 4.8065
278.49 7.88836 4.7953 0.000434517 278.25 7.92 4.8065
278.809 7.79328 4.80119 4.36729e-09 278.25 7.92 4.8065
278.314 8.08891 4.80349 0.028172 278.25 7.92 4.8065
277.846 8.34672 4.80132 3.88292e-06 278.25 7.92 4.8065
278.119 8.13291 4.80171 0.0335025 278.25 7.92 4.8065
278.918 8.0335 4.7999 3.10617e-12 278.25 7.92 4.8065
278.4 8.35552 4.79994 2.86964e-06 278.25 7.92 4.8065
278.343 8.05227 4.79733 0.00804767 278.25 7.92 4.8065
277.889 8.13172 4.80906 0.00115567 278.25 7.92 4.8065
278.173 7.57783 4.79473 0.00759354 278.25 7.92 4.8065
278.035 8.05146 4.79581 0.0454503 278.25 7.92 4.8065
278.15 7.77466 4.7975 0.173454 278.25 7.92 4.8065
278.195 7.80395 4.78155 0.000884964 278.25 7.92 4.8065
278.487 8.18497 4.82744 3.24889e-05 278.25 7.92 4.8065
278.402 7.65311 4.79312 0.000604112 278.25 7.92 4.8065
278.338 7.52505 4.8039 0.000265065 278.25 7.92 4.8065
278.712 7.96516 4.79245 8.9956e-09 278.25 7.92 4.8065
278.725 7.6779 4.79169 2.14187e-09 278.25 7.92 4.8065
278.15 7.49977 4.78702 0.000479933 278.25 7.92 4.8065
278.244 7.33743 4.79891 1.85537e-06 278.25 7.92 4.8065
278.351 8.58217 4.80361 1.1591e-09 278.25 7.92 4.8065
277.47 8.32501 4.79029 7.90111e-12 278.25 7.92 4.8065
278.566 7.5906 4.80228 7.42278e-06 278.25 7.92 4.8065
278.037 7.91852 4.78914 0.0413493 278.25 7.92 4.8065
278.501 7.91277 4.78899 1.42296e-05 278.25 7.92 4.8065
278.007 7.63815 4.79193 0.0216589 278.25 7.92 4.8065
278.605 7.46387 4.77839 5.86323e-12 278.25 7.92 4.8065
278.332 8.19627 4.79835 0.000787863 278.25 7.92 4.8065
277.905 7.86835 4.8047 0.0209421 278.25 7.92 4.8065
277.971 8.4638 4.80268 4.02794e-07 278.25 7.92 4.8065
278.104 7.79955 4.77553 7.76389e-05 278.25 7.92 4.8065
277.848 8.24764 4.80491 7.88135e-05 278.25 7.92 4.8065
278.364 7.7563 4.79523 0.00794188 278.25 7.92 4.8065
277.354 8.38579 4.77673 3.63252e-17 278.25 7.92 4.8065
277.837 7.79887 4.78532 0.00486331 278.25 7.92 4.8065
278.281 7.72364 4.81027 0.0153076 278.25 7.92 4.8065
278.361 7.54339 4.79023 9.66345e-05 278.25 7.92 4.8065
278.087 8.03701 4.77406 1.13598e-06 278.25 7.92 4.8065
278.2 7.92658 4.81971 0.00578397 278.25 7.92 4.8065
278.267 7.47483 4.80804 4.42474e-05 278.25 7.92 4.8065
278.681 8.13052 4.7906 7.79126e-10 278.25 7.92 4.8065
278.433 8.23643 4.79382 3.91067e-06 278.25 7.92 4.8065
278.501 7.87709 4.81769 0.000935665 278.25 7.92 4.8065
278.148 8.15746 4.79721 0.00918526 278.25 7.92 4.8065
277.391 7.96031 4.78612 1.31249e-09 278.25 7.92 4.8065
278.63 7.57015 4.79434 8.63406e-08 278.25 7.92 4.8065
278.388 7.60138 4.78713 4.91307e-05 278.25 7.92 4.8065
278.783 8.01889 4.78348 9.11944e-14 278.25 7.92 4.8065
278.247 8.46706 4.79572 5.08366e-08 278.25 7.92 4.8065
278.074 8.10302 4.7804 2.57847e-05 278.25 7.92 4.8065
278.468 7.88053 4.79916 0.00263191 278.25 7.92 4.8065
278.547 7.88356 4.79435 4.49783e-05 278.25 7.92 4.8065
278.326 7.13205 4.81104 3.32613e-13 278.25 7.92 4.8065
277.665 7.72855 4.78284 7.369e-05 278.25 7.92 4.8065
278.403 7.81921 4.78981 0.000632492 278.25 7.92 4.8065
278.623 8.11395 4.78943 7.31647e-09 278.25 7.92 4.8065
278.057 8.17619 4.78185 8.97428e-06 278.25 7.92 4.8065
278.068 7.57508 4.79886 0.00751238 278.25 7.92 4.8065
278.507 8.19192 4.78552 5.6735e-09 278.25 7.92 4.8065
278.52 7.78664 4.78511 1.05587e-06 278.25 7.92 4.8065
278.563 7.79267 4.79442 2.32249e-05 278.25 7.92 4.8065
278.171 7.58084 4.79263 0.00671317 278.25 7.92 4.8065
278.053 7.76283 4.79171 0.0900072 278.25 7.92 4.8065
278.133 7.98652 4.82559 0.000164105 278.25 7.92 4.8065
278.42 7.9086 4.78548 2.69366e-05 278.25 7.92 4.8065
278.044 7.70702 4.80772 0.0144504 278.25 7.92 4.8065
278.027 8.1685 4.77549 1.43739e-07 278.25 7.92 4.8065
278.415 7.73856 4.78681 8.62124e-05 278.25 7.92 4.8065
278.569 8.43331 4.78703 1.25064e-13 278.25 7.92 4.8065
278.381 7.68547 4.79071 0.000736529 278.25 7.92 4.8065
278.11 7.60754 4.80077 0.0140976 278.25 7.92 4.8065
277.947 7.62784 4.80878 0.000457095 278.25 7.92 4.8065
278.492 7.92757 4.8029 0.00286851 278.25 7.92 4.8065
278.339 7.64021 4.81156 0.00117735 278.25 7.92 4.8065
278.704 7.84997 4.78912 3.29509e-09 278.25 7.92 4.8065
278.534 7.93073 4.78831 2.44066e-06 278.25 7.92 4.8065
277.804 8.36346 4.80363 7.74782e-07 278.25 7.92 4.8065
278.532 8.19082 4.79368 6.15391e-07 278.25 7.92 4.8065
278.278 8.46417 4.80055 3.18058e-07 278.25 7.92 4.8065
277.947 8.00811 4.79367 0.0292905 278.25 7.92 4.8065
278.264 8.20076 4.78633 6.7985e-06 278.25 7.92 4.8065
278.348 8.29917 4.80089 7.47763e-05 278.25 7.92 4.8065
278.339 7.75888 4.79084 0.00379589 278.25 7.92 4.8065
278.061 7.57879 4.78768 0.00471371 278.25 7.92 4.8065
278.323 7.70506 4.78633 0.000630252 278.25 7.92 4.8065
278.145 7.44099 4.80368 6.62362e-05 278.25 7.92 4.8065
