117.615 19.4756 0.0788746 2.10123e-13
116.901 18.9192 0.0831386 0.00274756
117.66 18.2872 0.0689418 9.33659e-07
117.165 18.6807 0.0893069 0.000127573
117.584 18.9393 0.0691022 0.000162467
116.982 18.5393 0.0814371 0.0276813
117.4 18.2985 0.0784077 7.15018e-05
117.794 18.9518 0.0711202 1.15986e-07
116.91 18.8237 0.0817957 0.0150061
117.214 18.5035 0.0537705 2.92946e-05
116.433 18.1598 0.0531394 1.19565e-17
117.499 18.7086 0.0595865 0.00100288
117.512 18.8185 0.0801697 6.00542e-05
117.251 18.6543 0.0685073 0.132499
117.342 18.7561 0.0726763 0.0475901
117.429 18.5886 0.0640121 0.00748334
117.53 19.1559 0.0778387 4.23093e-07
117.247 18.4315 0.0466896 7.06394e-09
117.31 18.4536 0.0704481 0.0185882
117.426 18.7855 0.0584732 0.00137337
117.09 18.263 0.0577912 3.65694e-06
117.611 18.4946 0.0667461 0.000133792
117.117 18.9306 0.0794541 0.0121773
117.063 18.3802 0.0702077 0.0137876
117.286 18.8175 0.0789552 0.0112586
116.809 18.0486 0.068934 8.34181e-08
117.155 18.7725 0.0721635 0.212116
117.714 18.8566 0.0612834 9.75018e-06
117.477 18.0253 0.0693066 2.85525e-08
117.626 19.2501 0.0606506 5.16801e-08
117.541 19.375 0.0839901 2.46069e-12
116.802 18.1271 0.0657652 2.29437e-07
117.214 18.357 0.0810707 0.00121692
117.097 18.6492 0.0481783 1.24114e-07
117.534 18.9584 0.0722961 0.00022427
117.968 18.6721 0.0603359 1.93294e-09
117.439 18.8096 0.0662131 0.0106499
117.493 18.8302 0.0750643 0.00106905
116.86 19.0217 0.0807567 0.000923284
117.445 18.8678 0.0869135 1.24134e-06
117.6 18.6669 0.0621806 0.000328173
117.784 19.3109 0.0770105 1.18502e-12
117.207 18.7956 0.0590267 0.00481242
117.278 18.617 0.0787381 0.0219324
116.67 18.7022 0.0498281 3.08074e-11
117.188 18.7506 0.0654381 0.0904354
117.226 18.5699 0.0721881 0.120281
117.211 19.2989 0.0519274 4.01581e-09
117.532 18.8325 0.0671845 0.00178347
116.811 18.3427 0.0588483 6.39911e-07
117.276 18.484 0.0614108 0.00391073
117.413 18.3603 0.0604445 0.000120731
117.066 18.3292 0.0704871 0.00554997
116.853 18.4469 0.0536546 7.61426e-08
116.935 18.4664 0.0517714 7.89583e-08
117.113 18.3109 0.073333 0.00500323
117.32 18.609 0.0476842 2.76056e-07
117.424 18.0098 0.0641053 1.45933e-08
117.302 18.984 0.0590685 0.000761505
117.312 18.4629 0.0465621 1.33841e-08
116.848 18.3868 0.0568011 5.72678e-07
117.174 18.1985 0.0586952 1.99336e-06
116.783 19.0695 0.0620484 6.14572e-06
117.275 19.0117 0.081647 0.000239184
117.373 19.3089 0.0615545 5.94585e-07
117.271 18.8204 0.0729697 0.0727691
117.532 18.9667 0.0608892 0.000168527
117.026 18.7068 0.0843124 0.0111188
117.693 19.2608 0.0560963 1.86162e-09
117.467 18.9687 0.0478897 9.8382e-08
117.065 19.0712 0.0538969 1.88433e-06
117.43 18.9771 0.0696492 0.00218407
117.495 18.7866 0.0709117 0.00397311
117.455 18.838 0.0808764 0.000138857
117.411 18.8523 0.067661 0.0133347
117.347 18.2591 0.0636725 8.71517e-05
118.028 18.8849 0.0652854 5.43672e-11
117.711 18.7006 0.0994929 2.08619e-17
117.125 18.5706 0.0601312 0.0043593
117.657 18.6467 0.0627406 8.94725e-05
116.849 18.5502 0.0494858 2.00334e-09
116.95 18.6569 0.0677869 0.0548404
116.918 18.7135 0.0610619 0.00150807
116.952 18.82 0.0672496 0.034575
117.622 18.8175 0.0597361 8.24316e-05
116.288 18.9432 0.0773911 1.82044e-09
117.067 18.1446 0.0701428 4.71755e-05
116.901 18.5769 0.0484172 2.48159e-09
116.999 17.9976 0.0491791 2.08525e-14
117.222 18.8529 0.0612489 0.0110947
117.667 18.3521 0.0719302 1.8497e-06
116.964 18.9981 0.0774079 0.00733086
117.214 18.3504 0.0647329 0.0020608
117.278 18.3186 0.0758172 0.0016012
117.504 18.6388 0.0619085 0.00177736
116.835 18.7309 0.0642524 0.00227609
116.719 19.1304 0.0632556 7.16909e-07
116.871 18.3233 0.086249 0.000143513
116.746 18.7883 0.031795 1.21496e-23
116.891 19.0756 0.0721778 0.00126943
