191.487 -9.42271 3.15851 3.27661e-07
191.901 -9.89594 3.16477 0.050526
191.375 -10.0371 3.16143 0.000181228
191.603 -9.62987 3.1547 0.00139015
191.855 -9.96024 3.1531 0.0178326
191.732 -9.98786 3.14465 9.60329e-05
191.301 -10.0316 3.15832 0.000298658
191.759 -10.325 3.15909 0.00167914
191.941 -9.78771 3.16201 0.0276589
191.185 -10.0859 3.16219 2.38041e-08
191.665 -9.72727 3.16095 0.018526
192.156 -9.97373 3.17728 1.0574e-06
191.419 -10.127 3.15335 0.0317927
191.915 -9.50879 3.15121 3.65354e-08
191.208 -9.71092 3.14658 1.15828e-05
191.388 -9.8579 3.15472 0.0111619
191.292 -10.2278 3.14938 0.00209778
191.185 -9.56812 3.14888 1.28111e-07
192.15 -10.2304 3.15727 8.57972e-06
192.073 -9.33452 3.16355 1.05323e-08
190.809 -9.71863 3.14418 1.73735e-11
191.751 -9.70596 3.16252 0.0145509
191.941 -9.83414 3.13844 7.22573e-14
191.752 -10.214 3.13748 8.40056e-10
191.337 -9.82647 3.16025 0.000119167
191.276 -10.1727 3.16478 8.75703e-09
191.537 -10.0334 3.15507 0.172016
191.787 -9.80673 3.14681 3.3817e-05
191.321 -10.1835 3.15924 4.65638e-05
191.399 -9.92039 3.15992 0.00179689
191.2 -10.0756 3.1687 8.16623e-13
191.559 -9.71122 3.14968 0.00122946
191.077 -9.92641 3.15172 6.98613e-06
191.733 -10.3336 3.15316 0.0020405
191.733 -10.176 3.15812 0.0590605
191.61 -10.1011 3.13773 1.54235e-07
191.417 -10.0794 3.15997 0.00163991
191.68 -9.98161 3.15232 0.126327
191.206 -10.2632 3.16526 1.56848e-11
191.773 -9.80099 3.17983 2.14598e-10
191.685 -9.3331 3.1492 8.08977e-11
191.326 -10.0587 3.15602 0.00267262
191.748 -9.80245 3.14966 0.00147628
191.461 -9.72997 3.15756 0.00316654
191.661 -10.2934 3.17763 4.28427e-14
191.479 -9.76137 3.14541 0.000204755
191.852 -9.21297 3.17382 4.0955e-12
191.858 -10.5969 3.14214 3.95863e-12
191.483 -10.4027 3.15047 0.000408757
191.511 -9.70782 3.14642 0.000111212
191.395 -10.1188 3.15105 0.0311771
191.551 -10.1293 3.15272 0.109797
191.346 -10.0194 3.1659 2.88358e-07
191.808 -10.6064 3.149 9.21554e-09
190.791 -9.93662 3.16125 4.90275e-18
191.875 -9.91495 3.17647 6.22266e-07
191.328 -9.59858 3.13478 1.99845e-12
191.398 -9.66884 3.18395 5.23895e-23
191.625 -10.1239 3.16099 0.0246474
191.591 -10.1016 3.14985 0.0625905
191.511 -9.74184 3.17255 7.18396e-09
191.324 -9.68089 3.14705 3.81367e-05
191.13 -9.73863 3.15656 2.38227e-07
191.823 -9.70338 3.15676 0.0075114
191.157 -9.61212 3.15425 1.18629e-07
192.244 -9.79985 3.13612 2.00087e-25
192.095 -10.2644 3.1623 8.11594e-05
191.311 -9.56892 3.14598 3.9904e-07
191.836 -9.77039 3.16823 0.0034767
191.358 -9.86708 3.1309 7.38091e-12
192.117 -9.10175 3.16992 8.37145e-14
192.178 -9.03861 3.16059 2.54651e-18
191.266 -9.88978 3.13742 1.00695e-06
191.329 -9.92273 3.15294 0.00856883
191.782 -9.9526 3.16864 0.00211784
192.258 -9.89434 3.15935 6.66662e-06
192.016 -10.3861 3.141 3.18805e-13
191.464 -10.4304 3.14893 0.000148944
192.319 -10.244 3.15767 7.77897e-09
191.511 -9.70658 3.15959 0.0025612
191.628 -10.4296 3.14967 0.000135019
191.528 -9.92146 3.17172 8.0503e-08
191.605 -10.0168 3.17246 1.55162e-07
191.533 -10.0235 3.14436 0.00228988
191.443 -10.1948 3.14347 0.00131291
191.272 -9.53775 3.17026 1.19528e-13
191.838 -10.1486 3.15477 0.026447
191.613 -9.59468 3.1652 7.05566e-05
190.966 -10.2808 3.14679 1.51711e-07
192.058 -9.86932 3.14996 8.02346e-07
191.221 -9.96532 3.15786 3.01052e-05
191.688 -9.53304 3.17356 2.00734e-08
191.66 -9.56677 3.1521 5.0407e-05
191.64 -10.5379 3.15438 3.583e-06
191.631 -9.86343 3.15646 0.166742
191.621 -10.1653 3.14136 2.16184e-05
190.995 -9.78349 3.1792 1.95423e-30
191.259 -10.0701 3.17376 4.28987e-16
191.461 -9.90704 3.17034 6.12845e-08
191.074 -10.5743 3.16003 1.21483e-15
