79.4669 -36.3917 3.70275 3.0071e-13 78.761 -36.046 3.6949
78.8105 -35.7675 3.69141 0.00040228 78.761 -36.046 3.6949
79.4141 -35.7276 3.69514 4.24709e-08 78.761 -36.046 3.6949
78.8932 -36.0798 3.68497 0.00249048 78.761 -36.046 3.6949
78.15 -35.7914 3.69195 7.0911e-17 78.761 -36.046 3.6949
78.4953 -35.1904 3.70562 6.48709e-19 78.761 -36.046 3.6949
79.1213 -35.9627 3.67143 2.02992e-18 78.761 -36.046 3.6949
78.7149 -35.5775 3.69571 6.5209e-07 78.761 -36.046 3.6949
79.0831 -36.4617 3.7038 3.94362e-10 78.761 -36.046 3.6949
79.081 -35.3805 3.67371 1.38388e-33 78.761 -36.046 3.6949
79.1118 -35.7229 3.69698 0.000967698 78.761 -36.046 3.6949
78.9652 -35.6354 3.70538 2.54225e-05 78.761 -36.046 3.6949
79.498 -35.6299 3.70935 9.35348e-14 78.761 -36.046 3.6949
78.8495 -36.1189 3.68567 0.00618826 78.761 -36.046 3.6949
79.2492 -36.1109 3.69855 0.00099423 78.761 -36.046 3.6949
79.4069 -35.8469 3.67501 2.48491e-20 78.761 -36.046 3.6949
78.9564 -36.0248 3.70744 9.40813e-06 78.761 -36.046 3.6949
78.8945 -35.6918 3.70259 0.000563384 78.761 -36.046 3.6949
79.458 -35.6562 3.70797 7.06968e-12 78.761 -36.046 3.6949
78.8657 -35.7333 3.69786 0.00419967 78.761 -36.046 3.6949
78.5942 -35.6945 3.68953 1.81206e-08 78.761 -36.046 3.6949
79.3889 -35.5548 3.70108 6.9689e-10 78.761 -36.046 3.6949
78.6823 -35.5979 3.70701 7.07588e-08 78.761 -36.046 3.6949
78.8287 -35.5933 3.69653 1.44167e-05 78.761 -36.046 3.6949
79.1449 -36.0704 3.71537 6.71731e-15 78.761 -36.046 3.6949
78.7021 -35.87 3.68681 1.28277e-05 78.761 -36.046 3.6949
79.2048 -35.5628 3.695 9.58273e-08 78.761 -36.046 3.6949
79.0682 -36.1191 3.69262 0.224769 78.761 -36.046 3.6949
78.9665 -35.2485 3.68489 2.10731e-23 78.761 -36.046 3.6949
79.1953 -35.6177 3.67486 1.25803e-23 78.761 -36.046 3.6949
79.6028 -35.7249 3.71757 4.71622e-23 78.761 -36.046 3.6949
79.2993 -35.9453 3.69201 0.000226324 78.761 -36.046 3.6949
78.7646 -35.9526 3.69051 0.0127427 78.761 -36.046 3.6949
78.5059 -35.5032 3.68803 1.50629e-15 78.761 -36.046 3.6949
79.4935 -35.3064 3.69311 9.10124e-21 78.761 -36.046 3.6949
77.8349 -35.8434 3.67604 1.4571e-40 78.761 -36.046 3.6949
78.9301 -35.8122 3.7165 7.50278e-13 78.761 -36.046 3.6949
78.922 -35.3431 3.69938 1.41947e-10 78.761 -36.046 3.6949
78.4488 -36.1273 3.69137 1.89657e-06 78.761 -36.046 3.6949
78.5842 -35.9358 3.68969 4.08634e-05 78.761 -36.046 3.6949
79.088 -36.2607 3.70556 1.49575e-07 78.761 -36.046 3.6949
79.0454 -36.1423 3.69821 0.0512466 78.761 -36.046 3.6949
78.6273 -34.9119 3.70943 1.32681e-26 78.761 -36.046 3.6949
78.9007 -35.7885 3.6938 0.00840765 78.761 -36.046 3.6949
79.3124 -36.2216 3.70427 1.81472e-08 78.761 -36.046 3.6949
78.9728 -35.7359 3.70578 0.000127656 78.761 -36.046 3.6949
79.0796 -36.1663 3.68184 4.61975e-05 78.761 -36.046 3.6949
79.4518 -35.5916 3.68654 8.65279e-16 78.761 -36.046 3.6949
79.0468 -35.9775 3.69349 0.191886 78.761 -36.046 3.6949
78.7591 -35.201 3.71587 1.7295e-18 78.761 -36.046 3.6949
79.1024 -35.8776 3.69962 0.0185276 78.761 -36.046 3.6949
78.9259 -35.6307 3.67823 2.77907e-17 78.761 -36.046 3.6949
78.49 -36.0312 3.72318 3.60443e-29 78.761 -36.046 3.6949
78.9832 -35.5682 3.68661 1.00395e-10 78.761 -36.046 3.6949
79.4126 -35.3235 3.69945 7.82008e-16 78.761 -36.046 3.6949
78.5046 -35.4455 3.68745 8.98871e-18 78.761 -36.046 3.6949
78.4323 -35.5705 3.70477 1.07329e-11 78.761 -36.046 3.6949
79.3842 -35.6284 3.69958 1.47216e-08 78.761 -36.046 3.6949
78.605 -35.3803 3.70906 4.67107e-13 78.761 -36.046 3.6949
78.852 -35.7592 3.70781 1.02667e-05 78.761 -36.046 3.6949
78.5342 -35.8624 3.7104 6.21229e-11 78.761 -36.046 3.6949
78.8649 -35.5539 3.69283 2.10606e-07 78.761 -36.046 3.6949
78.7636 -36.6446 3.68173 3.78134e-08 78.761 -36.046 3.6949
78.9178 -35.852 3.71733 4.86239e-14 78.761 -36.046 3.6949
79.3348 -35.8704 3.70408 1.34209e-06 78.761 -36.046 3.6949
78.6793 -35.5839 3.69089 5.2586e-09 78.761 -36.046 3.6949
78.2741 -35.6438 3.69615 3.3412e-14 78.761 -36.046 3.6949
78.5087 -36.0236 3.68822 2.91055e-06 78.761 -36.046 3.6949
78.9465 -35.7534 3.69776 0.00982507 78.761 -36.046 3.6949
78.5492 -35.5666 3.70822 1.09306e-10 78.761 -36.046 3.6949
79.1631 -35.0022 3.7035 3.07003e-22 78.761 -36.046 3.6949
78.2113 -35.6369 3.70819 2.87895e-18 78.761 -36.046 3.6949
78.9203 -36.2824 3.6938 0.0632005 78.761 -36.046 3.6949
78.5533 -35.8818 3.68388 2.57129e-09 78.761 -36.046 3.6949
79.5674 -35.7917 3.72154 2.45527e-27 78.761 -36.046 3.6949
79.0168 -35.9319 3.71828 5.00573e-16 78.761 -36.046 3.6949
79.0432 -35.9224 3.6861 0.000251699 78.761 -36.046 3.6949
79.6521 -35.7164 3.68282 3.55047e-21 78.761 -36.046 3.6949
78.8445 -36.2579 3.70743 6.83313e-09 78.761 -36.046 3.6949
78.99 -35.4207 3.7064 6.34975e-09 78.761 -36.046 3.6949
79.3029 -35.5171 3.70101 4.46169e-09 78.761 -36.046 3.6949
78.3118 -35.9154 3.67711 4.92465e-20 78.761 -36.046 3.6949
78.7178 -35.7254 3.70688 2.50622e-06 78.761 -36.046 3.6949
78.6865 -35.6593 3.70528 1.66981e-06 78.761 -36.046 3.6949
78.8364 -35.5921 3.69594 1.12162e-05 78.761 -36.046 3.6949
78.5071 -35.9921 3.68998 6.3204e-06 78.761 -36.046 3.6949
78.9849 -35.9037 3.70473 0.00121516 78.761 -36.046 3.6949
78.7113 -35.9753 3.69128 0.00955722 78.761 -36.046 3.6949
78.7831 -36.1774 3.70664 2.52521e-07 78.761 -36.046 3.6949
78.8005 -36.5365 3.69871 2.66564e-08 78.761 -36.046 3.6949
78.1532 -35.6424 3.68957 2.07698e-20 78.761 -36.046 3.6949
78.8927 -36.0349 3.69673 0.331312 78.761 -36.046 3.6949
78.7246 -35.3633 3.71364 3.39654e-14 78.761 -36.046 3.6949
79.1353 -35.5038 3.69412 9.9356e-09 78.761 -36.046 3.6949
79.3485 -35.9914 3.68069 1.21176e-10 78.761 -36.046 3.6949
78.9021 -35.6434 3.6756 2.67165e-20 78.761 -36.046 3.6949
78.6196 -35.4942 3.70876 8.86097e-11 78.761 -36.046 3.6949
78.9055 -35.6229 3.69809 0.00014464 78.761 -36.046 3.6949
78.5555 -35.3356 3.70921 8.27248e-15 78.761 -36.046 3.6949
79.0326 -36.2651 3.69387 0.0605659 78.761 -36.046 3.6949
