31.3079 10.1668 0.156441 1.56554e-18 31.968 10.551 0.14776
32.0331 10.5804 0.160556 0.00021501 31.968 10.551 0.14776
31.6646 10.4742 0.168012 9.31304e-10 31.968 10.551 0.14776
31.6632 10.9295 0.160856 0.00142404 31.968 10.551 0.14776
31.8558 10.4688 0.153061 0.00451524 31.968 10.551 0.14776
32.0528 10.4638 0.143178 0.0123413 31.968 10.551 0.14776
31.726 10.4727 0.147934 3.56174e-05 31.968 10.551 0.14776
32.2462 10.5659 0.155138 0.0015165 31.968 10.551 0.14776
31.6688 10.0938 0.145126 2.16471e-14 31.968 10.551 0.14776
31.678 9.84737 0.147041 1.42231e-21 31.968 10.551 0.14776
32.1113 10.9744 0.167328 2.98763e-06 31.968 10.551 0.14776
31.9356 10.2177 0.162424 1.03695e-11 31.968 10.551 0.14776
32.3257 10.8554 0.13301 4.78803e-06 31.968 10.551 0.14776
31.8509 10.2905 0.162113 1.86599e-09 31.968 10.551 0.14776
32.1139 10.7866 0.157655 0.0218164 31.968 10.551 0.14776
31.865 10.6181 0.161586 0.00065894 31.968 10.551 0.14776
32.3568 10.7533 0.171335 4.10823e-20 31.968 10.551 0.14776
31.6953 11.0046 0.156482 0.000999066 31.968 10.551 0.14776
32.2719 10.8802 0.141592 0.0250468 31.968 10.551 0.14776
31.7359 10.5712 0.158614 0.00116124 31.968 10.551 0.14776
31.9354 10.9998 0.146139 0.00135289 31.968 10.551 0.14776
31.7648 10.5962 0.160652 0.000720882 31.968 10.551 0.14776
31.8053 10.4077 0.169374 2.43786e-12 31.968 10.551 0.14776
32.452 10.7558 0.151009 0.000921807 31.968 10.551 0.14776
31.6517 10.3656 0.162345 1.25351e-08 31.968 10.551 0.14776
32.1198 11.0415 0.145695 0.00361593 31.968 10.551 0.14776
31.6654 10.8079 0.152867 0.00119099 31.968 10.551 0.14776
32.0989 10.8762 0.146507 0.287899 31.968 10.551 0.14776
32.4087 10.704 0.165851 8.18662e-15 31.968 10.551 0.14776
32.0529 10.4652 0.167069 1.9803e-11 31.968 10.551 0.14776
31.7048 10.4536 0.16769 7.84286e-10 31.968 10.551 0.14776
31.7901 10.6486 0.145049 0.000532815 31.968 10.551 0.14776
31.7061 10.5018 0.156288 0.000269689 31.968 10.551 0.14776
31.8528 10.8761 0.155304 0.155002 31.968 10.551 0.14776
32.3649 10.6832 0.179416 2.47887e-34 31.968 10.551 0.14776
32.4303 10.285 0.142498 2.20041e-05 31.968 10.551 0.14776
31.5434 10.7656 0.158265 6.0409e-05 31.968 10.551 0.14776
31.7354 10.4116 0.149813 2.453e-05 31.968 10.551 0.14776
31.8517 10.5205 0.150783 0.0170786 31.968 10.551 0.14776
31.7682 10.9761 0.140695 1.186e-08 31.968 10.551 0.14776
32.0795 10.3313 0.164572 5.31672e-12 31.968 10.551 0.14776
31.6631 10.8535 0.156994 0.00283085 31.968 10.551 0.14776
31.4868 10.4255 0.15896 8.96361e-09 31.968 10.551 0.14776
31.2321 10.6247 0.156776 6.26948e-13 31.968 10.551 0.14776
32.0105 10.1966 0.149812 7.05452e-07 31.968 10.551 0.14776
31.8338 10.9762 0.142559 2.67674e-06 31.968 10.551 0.14776
31.8997 10.6334 0.153291 0.260271 31.968 10.551 0.14776
31.6273 10.3706 0.154085 3.27372e-07 31.968 10.551 0.14776
31.8185 10.3524 0.139491 7.1002e-09 31.968 10.551 0.14776
31.4231 10.0037 0.148412 4.07636e-22 31.968 10.551 0.14776
31.6496 10.9234 0.170498 2.39644e-06 31.968 10.551 0.14776
31.612 10.7009 0.144652 1.6658e-07 31.968 10.551 0.14776
31.5655 10.8969 0.162157 9.82968e-05 31.968 10.551 0.14776
32.1086 9.94113 0.151115 1.20255e-14 31.968 10.551 0.14776
32.2777 10.4866 0.158818 3.09215e-07 31.968 10.551 0.14776
31.8967 11.2927 0.153086 1.20021e-06 31.968 10.551 0.14776
32.7123 10.565 0.14437 6.63986e-07 31.968 10.551 0.14776
31.6464 10.3476 0.131138 1.48225e-21 31.968 10.551 0.14776
32.3521 10.5497 0.152679 0.000746659 31.968 10.551 0.14776
31.5584 10.6889 0.137483 7.11863e-14 31.968 10.551 0.14776
31.829 10.4187 0.151157 0.000633059 31.968 10.551 0.14776
31.6552 10.6408 0.152149 0.000579984 31.968 10.551 0.14776
32.3445 10.7478 0.153914 0.00244566 31.968 10.551 0.14776
32.0864 10.5679 0.139167 0.0038643 31.968 10.551 0.14776
32.0418 10.3611 0.153531 0.000279364 31.968 10.551 0.14776
31.8247 10.688 0.153632 0.146862 31.968 10.551 0.14776
31.5807 11.3019 0.150653 5.52578e-12 31.968 10.551 0.14776
31.8838 9.83718 0.162609 6.57247e-25 31.968 10.551 0.14776
32.152 10.2885 0.163587 4.53058e-13 31.968 10.551 0.14776
31.5325 10.4545 0.156969 1.99552e-07 31.968 10.551 0.14776
32.1857 10.3438 0.145658 0.00193165 31.968 10.551 0.14776
32.393 10.533 0.159482 2.12236e-09 31.968 10.551 0.14776
31.8464 10.9468 0.140612 6.40977e-07 31.968 10.551 0.14776
31.3944 10.2796 0.150903 7.76898e-15 31.968 10.551 0.14776
31.7265 10.6608 0.159675 0.00295367 31.968 10.551 0.14776
32.1292 10.6646 0.137073 0.00104405 31.968 10.551 0.14776
31.9107 10.1063 0.167003 9.07465e-19 31.968 10.551 0.14776
31.6748 10.9445 0.168437 2.40405e-05 31.968 10.551 0.14776
31.322 10.9527 0.1686 1.70346e-09 31.968 10.551 0.14776
32.1834 10.2557 0.154959 9.83701e-08 31.968 10.551 0.14776
31.7171 11.0989 0.148031 5.26783e-07 31.968 10.551 0.14776
31.6006 10.7664 0.15152 5.0716e-05 31.968 10.551 0.14776
32.2448 10.4589 0.139701 0.00946223 31.968 10.551 0.14776
31.6041 10.1751 0.166165 1.005e-15 31.968 10.551 0.14776
31.5074 11.0807 0.161158 1.20755e-06 31.968 10.551 0.14776
31.7908 10.4692 0.17518 3.53517e-17 31.968 10.551 0.14776
32.0895 11.1995 0.141533 7.24531e-08 31.968 10.551 0.14776
32.3217 10.4494 0.149989 0.00179197 31.968 10.551 0.14776
31.682 10.3186 0.160268 1.48982e-08 31.968 10.551 0.14776
31.3627 10.6111 0.139357 1.5106e-18 31.968 10.551 0.14776
30.9888 10.6622 0.154612 4.27242e-22 31.968 10.551 0.14776
32.0299 11.1544 0.150323 0.000511497 31.968 10.551 0.14776
31.5168 11.0616 0.136463 3.01179e-20 31.968 10.551 0.14776
31.2144 10.8471 0.14951 1.24442e-16 31.968 10.551 0.14776
31.7813 10.4153 0.160921 2.31007e-06 31.968 10.551 0.14776
32.2092 10.4761 0.15682 4.57588e-05 31.968 10.551 0.14776
31.775 10.8426 0.143086 1.19961e-05 31.968 10.551 0.14776
32.0843 11.1433 0.163813 2.31479e-05 31.968 10.551 0.14776
31.7431 10.7453 0.156669 0.0250943 31.968 10.551 0.14776
32.0741 10.6058 0.131811 2.57504e-08 31.968 10.551 0.14776
