264.197 -18.1799 3.57435 0.00384916
263.396 -18.4112 3.57434 7.56545e-05
263.364 -17.7333 3.58403 3.131e-16
263.75 -18.2041 3.57526 0.0858944
263.333 -18.4404 3.58341 1.53433e-12
263.572 -18.0492 3.58941 2.57981e-12
264.186 -17.871 3.57776 0.000116638
263.311 -18.1122 3.55938 0.000949696
263.969 -17.9938 3.5702 0.00661794
263.663 -18.2859 3.56484 0.0717438
264.117 -18.1213 3.56991 0.000971336
263.731 -18.1018 3.57899 0.0032533
264.665 -17.8783 3.58922 6.78472e-08
263.475 -18.1684 3.56895 0.0368894
263.544 -18.2933 3.57028 0.0489445
263.146 -18.2717 3.56784 1.03816e-05
263.68 -18.3592 3.54937 1.4614e-09
263.332 -17.7803 3.56872 4.26496e-07
263.653 -18.3432 3.58481 3.53258e-06
263.599 -17.9118 3.56732 0.0124945
263.305 -18.6311 3.58903 2.36123e-21
262.921 -18.2535 3.56588 2.70021e-09
263.754 -17.9017 3.56856 0.00837097
263.286 -17.7414 3.57276 8.67993e-10
263.726 -18.0708 3.5655 0.0599687
264.161 -18.4537 3.54814 1.91792e-23
263.943 -18.2138 3.56217 9.73956e-05
263.942 -18.4476 3.5397 2.39382e-27
263.567 -18.3639 3.56441 0.0384351
263.491 -18.0486 3.56899 0.0103746
263.583 -18.6481 3.56714 0.000148614
263.195 -18.3039 3.58602 1.0769e-18
263.613 -18.1004 3.58197 7.45162e-06
263.717 -18.5631 3.58855 4.80752e-08
263.233 -17.6737 3.57135 2.87305e-11
263.991 -18.3326 3.57399 0.0784559
264.223 -18.1115 3.58092 0.0111836
263.547 -18.015 3.57196 0.00640249
263.841 -18.1696 3.54958 3.31516e-11
263.633 -18.2051 3.5814 8.16419e-05
263.395 -18.2165 3.57103 0.00300454
263.531 -18.0552 3.56319 0.0835
263.477 -18.4478 3.59433 6.74386e-18
263.285 -18.2096 3.57728 4.82233e-08
263.94 -17.7947 3.56179 1.36196e-06
263.346 -18.1183 3.56709 0.00326635
263.125 -17.0744 3.58376 1.67334e-41
263.477 -18.436 3.58222 8.93084e-08
263.379 -18.7024 3.57149 5.84196e-07
263.614 -18.0902 3.57173 0.0434716
263.784 -18.5226 3.58615 1.49489e-05
263.233 -18.4739 3.55921 0.000117007
263.201 -18.6748 3.57713 7.98068e-13
263.502 -17.95 3.57057 0.00112444
263.345 -18.5918 3.56941 2.52952e-05
264.146 -18.3448 3.55489 1.7077e-14
263.122 -18.4203 3.57661 8.64544e-12
263.094 -18.2721 3.58298 2.40622e-18
263.182 -18.5411 3.58346 1.48858e-17
263.709 -18.5295 3.55068 5.28974e-11
263.781 -17.8967 3.56649 0.00472823
263.565 -18.0989 3.58077 7.18138e-06
263.312 -18.4091 3.58583 2.3854e-15
263.322 -17.7388 3.56201 2.08618e-07
263.741 -18.0687 3.57986 0.00123012
263.704 -17.8751 3.57281 0.00174061
263.225 -17.6944 3.55901 4.33827e-09
263.761 -18.3437 3.57414 0.104693
263.883 -18.2487 3.5726 0.169429
263.434 -18.2893 3.58087 1.3121e-07
263.271 -18.2253 3.56997 0.000167209
263.723 -18.4597 3.59032 1.22283e-08
263.316 -17.8645 3.56893 4.10192e-06
263.388 -18.4537 3.58408 6.37161e-12
264.037 -17.7564 3.58237 1.9046e-06
263.511 -18.5684 3.56134 0.000190669
264.077 -18.0338 3.56898 0.000634506
263.324 -18.3053 3.55162 1.23738e-06
263.884 -17.5728 3.57268 0
263.647 -17.684 3.59039 6.08906e-17
263.481 -17.8927 3.59371 1.52761e-21
263.969 -18.3886 3.58195 0.0347764
264.03 -18.0665 3.56161 2.56914e-06
263.408 -18.2582 3.55597 0.000140139
264.01 -17.9787 3.57196 0.0050222
263.377 -18.1435 3.56542 0.00978739
263.89 -18.1354 3.5659 0.0100946
264.105 -17.97 3.58895 1.74625e-05
263.986 -18.2482 3.57098 0.0368571
263.782 -17.9205 3.57845 0.000411566
263.753 -18.3037 3.58887 4.10928e-07
263.349 -18.6971 3.57938 1.44924e-11
263.234 -17.4689 3.56511 4.00973e-14
263.496 -18.3288 3.58194 4.86502e-07
263.111 -18.0209 3.57781 1.73354e-13
264.1 -18.156 3.56638 7.44331e-05
263.911 -17.546 3.56455 0
263.143 -18.4184 3.55917 6.0521e-05
263.73 -17.662 3.56484 1.1326e-05
263.237 -18.0693 3.56845 4.79708e-05
