90.9679 17.3888 0.0909892 0.0130756 91.202 17.511 0.088309
91.1768 16.9856 0.111006 2.39649e-06 91.202 17.511 0.088309
91.0135 17.2164 0.0945817 0.00253791 91.202 17.511 0.088309
91.6084 17.2477 0.119205 3.71086e-09 91.202 17.511 0.088309
90.9486 17.6876 0.0960622 0.111362 91.202 17.511 0.088309
91.0704 17.9435 0.12218 3.7397e-06 91.202 17.511 0.088309
91.4057 17.8459 0.104862 0.00116412 91.202 17.511 0.088309
90.6152 17.2278 0.0937358 2.97846e-05 91.202 17.511 0.088309
90.8998 17.1143 0.114546 3.30953e-05 91.202 17.511 0.088309
91.1116 16.8675 0.0984118 4.1516e-07 91.202 17.511 0.088309
91.2593 18.0331 0.084652 0.000276957 91.202 17.511 0.088309
90.6383 17.3923 0.0885042 9.30957e-05 91.202 17.511 0.088309
91.3696 17.1869 0.0841913 1.50535e-05 91.202 17.511 0.088309
90.9563 17.4127 0.102072 0.051608 91.202 17.511 0.088309
91.1316 17.6676 0.0945966 0.119174 91.202 17.511 0.088309
90.6422 18.2091 0.0827826 3.8585e-08 91.202 17.511 0.088309
91.2624 17.2239 0.0950781 0.00137278 91.202 17.511 0.088309
90.8838 17.3141 0.0963543 0.00861531 91.202 17.511 0.088309
91.0691 17.3466 0.10013 0.0301407 91.202 17.511 0.088309
91.1443 17.6237 0.100716 0.129125 91.202 17.511 0.088309
90.6381 17.638 0.0757452 3.10752e-07 91.202 17.511 0.088309
90.9683 17.1013 0.109236 0.000141677 91.202 17.511 0.088309
91.1207 17.884 0.0982442 0.0360076 91.202 17.511 0.088309
91.7045 17.9169 0.107956 1.26914e-07 91.202 17.511 0.088309
90.5181 17.3947 0.0970784 8.21805e-05 91.202 17.511 0.088309
91.0744 17.0593 0.0847828 4.02623e-06 91.202 17.511 0.088309
91.1683 16.8073 0.0922036 1.53027e-08 91.202 17.511 0.088309
91.6446 17.1054 0.0884273 6.34863e-08 91.202 17.511 0.088309
91.2476 17.3093 0.0849716 0.000549345 91.202 17.511 0.088309
90.969 17.4166 0.102528 0.0540602 91.202 17.511 0.088309
91.1549 18.1716 0.0904851 0.000121268 91.202 17.511 0.088309
90.6415 17.5879 0.10508 0.00443517 91.202 17.511 0.088309
90.6079 17.2995 0.105292 0.000274945 91.202 17.511 0.088309
91.1157 17.7856 0.113862 0.0024189 91.202 17.511 0.088309
91.0696 17.4089 0.0935755 0.036629 91.202 17.511 0.088309
90.8171 17.6451 0.10722 0.0295674 91.202 17.511 0.088309
91.3852 17.5179 0.0982586 0.0105771 91.202 17.511 0.088309
91.5284 17.1048 0.10241 1.61339e-06 91.202 17.511 0.088309
91.1535 17.5558 0.0759884 9.51872e-05 91.202 17.511 0.088309
91.2227 17.48 0.0786959 0.000248906 91.202 17.511 0.088309
91.2988 17.2904 0.0867438 0.000522132 91.202 17.511 0.088309
90.946 18.0838 0.0830617 5.24369e-05 91.202 17.511 0.088309
91.6264 17.484 0.106074 1.39935e-05 91.202 17.511 0.088309
91.1395 17.098 0.117365 4.00775e-06 91.202 17.511 0.088309
91.2534 17.3517 0.0968546 0.0120162 91.202 17.511 0.088309
91.4814 18.1795 0.115376 6.12985e-09 91.202 17.511 0.088309
90.976 17.8073 0.0989588 0.07589 91.202 17.511 0.088309
91.2423 17.1309 0.0828833 7.30466e-06 91.202 17.511 0.088309
90.916 17.8065 0.0857789 0.00438355 91.202 17.511 0.088309
90.5914 17.4714 0.0977264 0.000902208 91.202 17.511 0.088309
90.8095 17.4051 0.102954 0.0177557 91.202 17.511 0.088309
90.6041 17.0766 0.0766638 1.06739e-10 91.202 17.511 0.088309
90.5772 17.7856 0.0939822 0.000363305 91.202 17.511 0.088309
90.9085 17.3816 0.0785386 2.92299e-05 91.202 17.511 0.088309
90.6707 17.2076 0.0840895 1.23926e-06 91.202 17.511 0.088309
90.986 17.8771 0.112214 0.0027917 91.202 17.511 0.088309
91.4028 17.5654 0.0883765 0.00386427 91.202 17.511 0.088309
91.283 17.4406 0.0772458 5.60288e-05 91.202 17.511 0.088309
90.756 16.9503 0.0780613 1.72111e-10 91.202 17.511 0.088309
91.4248 17.8075 0.0842241 0.000621495 91.202 17.511 0.088309
91.39 17.222 0.0999309 0.000309807 91.202 17.511 0.088309
90.6835 17.9241 0.0874498 0.000120179 91.202 17.511 0.088309
90.4829 17.2619 0.091983 1.44814e-06 91.202 17.511 0.088309
91.5214 17.7888 0.0857767 0.000231339 91.202 17.511 0.088309
91.3292 17.0568 0.10091 1.98446e-05 91.202 17.511 0.088309
90.9673 17.293 0.0765643 3.68244e-06 91.202 17.511 0.088309
90.7938 17.7821 0.109961 0.00660468 91.202 17.511 0.088309
91.2252 17.3373 0.0882701 0.0028967 91.202 17.511 0.088309
91.2014 17.8067 0.0913428 0.0312683 91.202 17.511 0.088309
91.0163 17.6851 0.0841405 0.00696676 91.202 17.511 0.088309
91.3286 17.3753 0.0822641 0.000244105 91.202 17.511 0.088309
91.28 17.9741 0.106198 0.000927935 91.202 17.511 0.088309
91.2937 18.285 0.122154 9.97908e-11 91.202 17.511 0.088309
91.7122 16.6855 0.123744 1.2808e-18 91.202 17.511 0.088309
91.2676 17.6931 0.0825587 0.00266812 91.202 17.511 0.088309
90.8162 17.6546 0.0724607 7.7142e-07 91.202 17.511 0.088309
91.2464 17.9937 0.100861 0.00292088 91.202 17.511 0.088309
91.5946 17.639 0.0846713 5.81883e-05 91.202 17.511 0.088309
91.1312 17.4941 0.100286 0.0965643 91.202 17.511 0.088309
90.5536 17.6631 0.104084 0.000883879 91.202 17.511 0.088309
91.4027 18.0128 0.109132 2.80461e-05 91.202 17.511 0.088309
91.1256 17.2015 0.103027 0.00234364 91.202 17.511 0.088309
90.7292 17.3316 0.097435 0.00230689 91.202 17.511 0.088309
91.5556 17.4418 0.0921893 0.00023285 91.202 17.511 0.088309
91.6874 17.863 0.0762313 1.07253e-07 91.202 17.511 0.088309
91.1678 17.4085 0.0954006 0.0367776 91.202 17.511 0.088309
91.0485 17.9796 0.0948345 0.00988382 91.202 17.511 0.088309
90.9168 17.5117 0.115121 0.00390764 91.202 17.511 0.088309
91.2152 17.2736 0.084359 0.000287341 91.202 17.511 0.088309
91.3887 17.4451 0.0963326 0.00631225 91.202 17.511 0.088309
90.9813 17.1882 0.090497 0.00051265 91.202 17.511 0.088309
91.4336 16.7693 0.101835 4.32974e-10 91.202 17.511 0.088309
90.8518 17.6264 0.11539 0.00305063 91.202 17.511 0.088309
90.8888 17.7336 0.0825878 0.00121891 91.202 17.511 0.088309
90.7176 17.8249 0.0980081 0.00634181 91.202 17.511 0.088309
90.5102 17.3135 0.0929378 8.96065e-06 91.202 17.511 0.088309
90.8298 17.119 0.107797 0.000147086 91.202 17.511 0.088309
91.3455 17.5807 0.0820925 0.0010247 91.202 17.511 0.088309
91.1912 17.6421 0.0848027 0.00972717 91.202 17.511 0.088309
91.2575 17.4444 0.0774765 7.68814e-05 91.202 17.511 0.088309
