-38.0522 -32.0128 1.28837 4.13283e-05
-37.6963 -31.8565 1.27833 0.0557134
-38.1727 -31.3371 1.29534 4.25958e-17
-37.9723 -31.9977 1.29895 3.18533e-07
-37.1996 -31.7302 1.27541 2.18792e-05
-37.3556 -31.5842 1.27537 0.00123013
-37.6276 -31.6991 1.26209 6.30005e-08
-37.9951 -31.737 1.28722 0.000193311
-37.3132 -32.4781 1.28516 1.22033e-09
-37.9932 -32.1419 1.28015 4.77269e-06
-38.1684 -31.8427 1.27633 4.61359e-07
-38.1329 -31.6869 1.28305 5.041e-06
-37.8833 -31.9508 1.29033 0.00243415
-37.5675 -31.81 1.28147 0.158528
-37.6278 -32.4201 1.25947 7.70083e-26
-37.776 -32.2731 1.28889 0.000233313
-37.6993 -31.7712 1.29368 0.000469413
-37.4082 -32.568 1.29188 4.05422e-09
-37.7901 -32.1199 1.26321 8.7222e-14
-37.4067 -31.9758 1.27653 0.000480771
-38.1221 -31.7531 1.26674 2.38338e-09
-37.5897 -31.5756 1.28608 0.00402909
-38.1564 -30.7922 1.29815 5.62672e-38
-37.3369 -31.5516 1.27638 0.00075406
-37.1667 -32.0953 1.26711 1.17799e-13
-38.0744 -31.5102 1.29717 4.53676e-13
-37.7511 -31.7934 1.2809 0.102081
-37.7905 -31.6642 1.27811 0.0340488
-37.7719 -31.9624 1.27685 0.00301351
-38.0597 -31.7887 1.25097 6.5318e-22
-37.9465 -31.0522 1.27853 2.53718e-11
-38.353 -31.7808 1.2813 2.96374e-10
-37.5412 -32.2904 1.29179 0.000303497
-37.7249 -31.4016 1.27469 0.00126523
-37.4657 -31.7603 1.295 5.29141e-05
-37.6939 -32.3802 1.28289 7.97516e-07
-37.272 -31.8143 1.27848 0.00056608
-37.8062 -31.8008 1.27978 0.0450322
-37.6025 -32.2132 1.27915 3.35135e-05
-38.0791 -31.8746 1.2841 6.52068e-05
-38.3756 -31.6736 1.26963 8.15572e-13
-37.7596 -31.4995 1.26879 0.000328895
-37.5994 -31.0995 1.28171 1.05869e-09
-36.9944 -31.3985 1.26767 7.66137e-12
-37.8616 -32.0459 1.28748 0.00493729
-37.8734 -31.6115 1.28846 0.000167299
-37.7581 -31.9149 1.27901 0.0249314
-37.6994 -31.2089 1.29912 1.20288e-18
-37.4594 -31.481 1.27736 0.00272057
-37.7192 -31.8028 1.27791 0.0618183
-37.7661 -31.6583 1.28825 0.00281552
-37.7177 -31.7691 1.28051 0.127855
-37.7623 -31.6925 1.29225 0.000214654
-38.1269 -31.6905 1.2903 1.22415e-07
-37.7894 -31.6122 1.27289 0.00471937
-37.7179 -32.0386 1.29927 3.19579e-05
-37.4594 -31.4605 1.25885 2.09928e-09
-37.8972 -32.1636 1.28572 0.000298128
-37.5211 -31.7575 1.27389 0.00796012
-37.0774 -31.9454 1.28098 4.25598e-07
-37.6387 -31.9112 1.29691 0.00019555
-37.4769 -31.4285 1.27741 0.00114919
-37.9486 -31.6417 1.29965 7.17628e-11
-37.3752 -31.5869 1.25663 2.33204e-12
-38.3349 -31.5803 1.28505 2.92336e-11
-37.6797 -31.9733 1.28289 0.0703255
-37.49 -31.7543 1.27862 0.0531124
-37.5058 -32.1626 1.27663 1.08492e-05
-37.923 -31.9733 1.27779 0.000371081
-37.6787 -31.438 1.26319 2.53034e-06
-37.8516 -31.5832 1.28248 0.00382672
-37.6814 -32.159 1.2888 0.00673083
-37.7289 -31.8251 1.28527 0.102641
-37.7996 -31.4521 1.27051 0.000411818
-38.0766 -31.9931 1.26884 4.34238e-10
-37.2024 -31.5679 1.29291 8.83819e-09
-37.4972 -31.4864 1.29378 6.50476e-08
-37.8863 -31.9148 1.26149 5.81676e-12
-37.6868 -32.3627 1.29923 4.19029e-06
-37.6183 -31.8127 1.27573 0.0260643
-36.8206 -32.0226 1.27529 2.36718e-15
-36.8525 -32.1977 1.28518 1.43305e-13
-37.9504 -31.9144 1.29955 1.03002e-07
-37.3994 -32.3254 1.2674 8.87895e-16
-37.981 -31.8122 1.27206 2.03308e-05
-37.689 -31.6583 1.28613 0.0187443
-37.6055 -31.7267 1.28702 0.0384995
-36.9781 -32.0171 1.26797 2.43212e-15
-38.1106 -31.7221 1.29273 4.54853e-08
-37.9485 -32.1846 1.29452 1.62416e-05
-37.5614 -31.5793 1.29015 0.000170126
-37.8579 -32.1265 1.29155 0.000859323
-37.3461 -31.8699 1.28823 0.00374905
-37.8474 -31.7088 1.28096 0.023525
-36.7907 -31.8372 1.2735 2.89156e-15
-37.39 -31.4264 1.28577 8.07837e-06
-37.321 -31.6715 1.28885 0.00015553
-38.1429 -31.6601 1.27991 4.08036e-06
-38.4069 -32.7739 1.28772 7.29902e-25
-37.529 -32.1378 1.30308 7.58276e-07
