27.5548 -82.5536 3.84832 2.2462e-25
28.6511 -82.2247 3.87594 5.77279e-09
28.4791 -82.186 3.89531 7.98243e-35
28.34 -81.8869 3.85642 0.0103262
28.1888 -82.5404 3.87909 3.51952e-23
28.3907 -82.27 3.85834 9.77006e-08
28.1697 -81.9335 3.87019 1.0074e-05
28.1042 -81.6158 3.86114 0.0106885
29.0447 -81.7253 3.86559 3.28325e-11
28.1105 -81.5227 3.86949 5.98113e-08
27.9303 -81.7971 3.88756 9.98538e-37
28.1828 -82.056 3.86141 0.00245596
28.3515 -81.7284 3.87624 1.53246e-08
27.6102 -81.7033 3.86468 1.78443e-14
28.2323 -81.6439 3.88843 2.52618e-29
28.2109 -81.8873 3.85853 0.0763496
28.3143 -82.0829 3.86432 0.0019265
29.0752 -82.3484 3.86921 1.33472e-16
28.5482 -81.7792 3.86344 0.0211614
28.0874 -81.6284 3.86025 0.0146497
28.408 -81.9463 3.85963 0.0143928
28.1831 -82.3161 3.8733 1.85731e-12
28.472 -81.622 3.87664 1.15635e-08
28.7497 -81.7586 3.86099 5.99395e-06
28.466 -82.0328 3.86411 0.00473939
28.4222 -82.0988 3.86734 0.000546963
28.4007 -81.8809 3.86933 0.00453315
28.7049 -82.5115 3.86906 3.65877e-14
27.8798 -81.5224 3.87614 3.94501e-21
28.2491 -81.7758 3.87893 8.05006e-13
28.2071 -81.9117 3.85747 0.0370561
28.3516 -81.6932 3.86143 0.140377
28.7329 -82.3358 3.86331 2.8778e-11
28.5994 -81.4195 3.87313 1.09989e-08
28.6197 -81.7343 3.86104 0.000978157
28.762 -82.0084 3.87057 1.82037e-05
28.9036 -82.4193 3.86399 1.60283e-16
27.984 -81.6719 3.87484 1.56477e-14
28.5069 -81.9985 3.85606 1.41298e-05
28.0263 -82.2796 3.87337 6.06643e-15
28.4935 -82.1274 3.87313 2.61004e-06
28.485 -82.8265 3.87633 1.07668e-26
28.7586 -81.6865 3.85206 1.12461e-12
28.5707 -81.7375 3.87575 1.60289e-06
27.9193 -81.697 3.8543 0.00220036
29.1 -81.628 3.84516 6.65748e-36
28.1364 -82.015 3.86239 0.00264148
28.6661 -81.7896 3.86869 0.00132527
28.5115 -82.016 3.86218 0.00213661
27.8827 -81.8568 3.85951 0.000126134
28.4919 -82.0781 3.86509 0.00116298
28.7996 -81.823 3.8755 9.70788e-07
28.2446 -81.6402 3.85179 0.00086927
28.3499 -82.1639 3.85614 2.78158e-06
28.1545 -82.0565 3.87313 4.70255e-09
29.1039 -81.5656 3.88434 8.97878e-18
28.6846 -81.8658 3.87989 3.93124e-09
28.4354 -81.3621 3.84292 1.46928e-16
28.7284 -81.6241 3.87986 1.14287e-10
27.9622 -81.5141 3.84748 7.48188e-06
28.2038 -81.329 3.86772 8.8055e-09
28.0982 -81.8164 3.86533 0.00135964
28.009 -82.0067 3.84882 1.39397e-06
28.8707 -82.0023 3.87042 6.733e-07
28.1719 -81.9321 3.85753 0.0247525
27.8878 -81.2916 3.8636 1.4434e-11
28.1537 -81.9926 3.87507 2.02697e-10
28.467 -82.3052 3.88036 1.64254e-14
28.2942 -81.4687 3.86059 0.00226616
27.9033 -82.1725 3.87577 3.13751e-19
28.4456 -81.8513 3.85798 0.00830084
28.7246 -81.6672 3.86114 1.19126e-05
28.4918 -81.8928 3.86526 0.0341603
28.5377 -82.1251 3.88338 1.6061e-14
28.3908 -81.821 3.86125 0.134522
28.1896 -81.6045 3.85909 0.0479906
28.2418 -81.9855 3.85613 0.00345916
28.2792 -82.0789 3.85843 0.000928438
28.2639 -82.375 3.8759 1.6261e-14
28.1487 -81.9416 3.87645 8.93703e-12
27.9448 -81.5877 3.88065 3.77018e-25
28.501 -81.8274 3.85544 0.000141064
28.0586 -82.5598 3.84686 1.84432e-22
27.5958 -82.2081 3.85996 2.31709e-15
28.4297 -82.2433 3.8732 2.70082e-08
28.0269 -81.5607 3.87281 3.03658e-12
28.1956 -81.7617 3.86174 0.118838
28.6636 -82.2815 3.86087 5.26605e-10
28.3113 -82.0109 3.87015 0.000132232
28.5601 -82.0225 3.87288 4.40119e-05
28.6374 -82.2316 3.86228 5.89078e-08
28.5573 -81.5873 3.87274 7.08522e-06
27.7448 -82.3298 3.88311 4.21614e-39
28.1798 -81.882 3.85945 0.0800504
27.7949 -81.5675 3.86748 1.57597e-12
28.2646 -81.7747 3.85901 0.192324
27.9226 -82.2597 3.86866 4.72838e-13
27.6082 -82.2885 3.87148 2.85244e-26
28.3932 -81.4935 3.87103 1.73861e-06
28.6852 -81.3838 3.85691 1.06858e-09
