127.688 19.7582 0.0598907 0.00118461 127.68 20.042 0.06638
127.317 20.2772 0.0828968 5.09964e-12 127.68 20.042 0.06638
128.182 19.844 0.0478062 1.04236e-06 127.68 20.042 0.06638
128.026 20.28 0.0805706 2.51869e-07 127.68 20.042 0.06638
127.198 20.1962 0.0720812 4.635e-11 127.68 20.042 0.06638
127.899 20.1804 0.0453074 2.1157e-10 127.68 20.042 0.06638
127.683 20.1896 0.0494082 8.77623e-10 127.68 20.042 0.06638
127.7 19.4811 0.0692483 0.00023889 127.68 20.042 0.06638
127.517 19.6816 0.0517778 1.32537e-09 127.68 20.042 0.06638
127.711 20.3239 0.07777 8.2371e-07 127.68 20.042 0.06638
127.892 19.8982 0.0694425 0.180943 127.68 20.042 0.06638
127.864 19.9667 0.0621154 0.0551584 127.68 20.042 0.06638
127.405 20.1442 0.0722828 7.22323e-07 127.68 20.042 0.06638
127.804 19.6264 0.0667736 0.0195588 127.68 20.042 0.06638
127.49 19.5818 0.0799985 2.88954e-07 127.68 20.042 0.06638
128.066 20.0953 0.0551821 0.000509018 127.68 20.042 0.06638
128.051 20.2106 0.0826393 9.61724e-08 127.68 20.042 0.06638
127.431 19.8072 0.046641 3.61868e-14 127.68 20.042 0.06638
127.53 19.6022 0.0739011 3.33664e-05 127.68 20.042 0.06638
127.796 19.7256 0.0676692 0.0619974 127.68 20.042 0.06638
127.744 20.3004 0.0535709 4.12204e-08 127.68 20.042 0.06638
127.777 19.9268 0.0604707 0.0110155 127.68 20.042 0.06638
127.843 20.9736 0.0827113 2.20396e-23 127.68 20.042 0.06638
128.37 20.0959 0.0638895 0.000275434 127.68 20.042 0.06638
127.952 20.267 0.0680055 0.00106098 127.68 20.042 0.06638
128.333 19.8226 0.0517899 1.54237e-05 127.68 20.042 0.06638
128.049 19.6213 0.0539142 0.000161335 127.68 20.042 0.06638
127.511 20.2825 0.0540676 1.3822e-10 127.68 20.042 0.06638
127.876 20.2094 0.0732016 0.000902993 127.68 20.042 0.06638
127.639 20.2412 0.0785877 1.72646e-06 127.68 20.042 0.06638
127.762 20.2321 0.061915 0.000207081 127.68 20.042 0.06638
127.997 20.3884 0.0813674 4.45383e-09 127.68 20.042 0.06638
127.46 20.1564 0.0603611 1.53569e-07 127.68 20.042 0.06638
127.601 19.704 0.0731216 0.000918296 127.68 20.042 0.06638
127.749 19.673 0.0692223 0.0184393 127.68 20.042 0.06638
127.882 20.0207 0.0828188 7.94917e-06 127.68 20.042 0.06638
127.53 20.0068 0.0651373 0.000167661 127.68 20.042 0.06638
127.484 19.6942 0.081101 5.22966e-07 127.68 20.042 0.06638
127.843 20.0387 0.0588864 0.00440259 127.68 20.042 0.06638
127.735 20.0354 0.0708514 0.0136454 127.68 20.042 0.06638
128.196 20.1534 0.0656266 0.0031474 127.68 20.042 0.06638
127.882 20.2123 0.061404 0.001145 127.68 20.042 0.06638
127.873 19.8858 0.0360907 4.99849e-17 127.68 20.042 0.06638
128.325 19.6536 0.0608197 0.000841085 127.68 20.042 0.06638
127.894 20.4393 0.0768792 7.87752e-08 127.68 20.042 0.06638
127.744 20.2653 0.0771369 9.96464e-06 127.68 20.042 0.06638
127.792 20.1737 0.0769915 0.000146876 127.68 20.042 0.06638
127.255 19.5433 0.0709576 1.05972e-09 127.68 20.042 0.06638
127.563 19.8044 0.0823602 2.07839e-06 127.68 20.042 0.06638
127.971 19.8385 0.0770033 0.00421636 127.68 20.042 0.06638
128.01 19.8527 0.061915 0.139444 127.68 20.042 0.06638
127.988 19.9215 0.0706439 0.123512 127.68 20.042 0.06638
128.125 19.5245 0.059823 0.000962248 127.68 20.042 0.06638
127.204 20.385 0.0747498 1.81962e-13 127.68 20.042 0.06638
127.676 20.6111 0.0797093 1.01036e-12 127.68 20.042 0.06638
127.91 19.9168 0.0481638 5.01692e-07 127.68 20.042 0.06638
128.174 20.0553 0.0679128 0.0154964 127.68 20.042 0.06638
127.711 19.4064 0.0674986 3.66863e-05 127.68 20.042 0.06638
127.782 20.2307 0.0800435 3.05978e-06 127.68 20.042 0.06638
127.832 19.8788 0.0775776 0.00310588 127.68 20.042 0.06638
128.08 19.7966 0.0746979 0.00807755 127.68 20.042 0.06638
127.85 20.163 0.0685927 0.00812824 127.68 20.042 0.06638
127.73 20.1949 0.0791899 1.03394e-05 127.68 20.042 0.06638
127.425 19.8581 0.0588204 2.23209e-07 127.68 20.042 0.06638
128.171 20.3762 0.0617591 7.41499e-06 127.68 20.042 0.06638
127.839 19.8176 0.0633951 0.0903082 127.68 20.042 0.06638
127.547 20.1128 0.077516 9.41629e-06 127.68 20.042 0.06638
128.062 19.8165 0.070158 0.100103 127.68 20.042 0.06638
127.911 20.0359 0.0578028 0.00446296 127.68 20.042 0.06638
128.186 20.2794 0.0736061 1.09138e-05 127.68 20.042 0.06638
127.611 19.4494 0.0646113 9.42625e-06 127.68 20.042 0.06638
127.8 20.343 0.0787642 4.27605e-07 127.68 20.042 0.06638
127.934 20.486 0.0597797 1.03559e-07 127.68 20.042 0.06638
127.474 19.8067 0.072238 9.06803e-05 127.68 20.042 0.06638
127.561 20.3874 0.084857 1.25664e-11 127.68 20.042 0.06638
127.938 20.0316 0.0535959 0.000182182 127.68 20.042 0.06638
127.644 20.0785 0.0472844 8.5412e-11 127.68 20.042 0.06638
128.514 19.7679 0.0757123 3.25819e-08 127.68 20.042 0.06638
127.758 19.521 0.0588423 7.41124e-05 127.68 20.042 0.06638
127.655 19.8307 0.0761167 0.00144387 127.68 20.042 0.06638
127.288 19.9284 0.0551033 8.4481e-12 127.68 20.042 0.06638
127.869 20.4331 0.0690326 3.25191e-06 127.68 20.042 0.06638
127.814 20.2119 0.0738551 0.000469329 127.68 20.042 0.06638
128.264 20.446 0.0530091 1.47045e-09 127.68 20.042 0.06638
128.15 19.558 0.0660199 0.00470136 127.68 20.042 0.06638
128.05 20.0999 0.0681172 0.0284075 127.68 20.042 0.06638
128.049 20.1623 0.067902 0.00961159 127.68 20.042 0.06638
127.307 19.7357 0.064095 3.09153e-08 127.68 20.042 0.06638
128.099 19.9278 0.0579413 0.0164611 127.68 20.042 0.06638
127.763 19.7458 0.0674662 0.0492571 127.68 20.042 0.06638
127.535 19.9139 0.0838392 2.53832e-07 127.68 20.042 0.06638
127.551 19.8685 0.0707914 0.00107733 127.68 20.042 0.06638
127.687 20.078 0.0718253 0.00305126 127.68 20.042 0.06638
127.592 19.9488 0.0629981 0.000667572 127.68 20.042 0.06638
127.935 19.6904 0.0580237 0.00653418 127.68 20.042 0.06638
127.309 20.3934 0.0574752 2.93874e-14 127.68 20.042 0.06638
128.102 19.9323 0.0752917 0.00385383 127.68 20.042 0.06638
127.442 20.2501 0.057667 1.00657e-09 127.68 20.042 0.06638
127.913 19.8614 0.0816469 6.68774e-05 127.68 20.042 0.06638
128.155 20.2759 0.0415253 2.32008e-13 127.68 20.042 0.06638
