277.87 11.2101 4.9668 2.67806e-07 278.28 11.323 4.9829
277.751 10.9747 4.97666 7.21687e-09 278.28 11.323 4.9829
278.31 11.1786 4.97548 0.0347023 278.28 11.323 4.9829
278.008 11.0359 4.98357 0.000363935 278.28 11.323 4.9829
277.579 11.1619 4.97421 3.49491e-12 278.28 11.323 4.9829
278.518 11.4262 4.97513 0.00102781 278.28 11.323 4.9829
278.384 11.3615 4.99077 0.545593 278.28 11.323 4.9829
277.962 11.1327 4.98408 0.000277034 278.28 11.323 4.9829
278.157 11.9383 4.98619 7.41837e-10 278.28 11.323 4.9829
277.713 11.5878 4.9761 1.47999e-11 278.28 11.323 4.9829
278.285 11.2243 5.00288 0.0379102 278.28 11.323 4.9829
277.984 11.6558 4.98167 5.12208e-07 278.28 11.323 4.9829
277.952 10.8293 4.97312 4.73663e-07 278.28 11.323 4.9829
277.553 11.2474 4.98459 1.13197e-12 278.28 11.323 4.9829
278.493 12.0904 4.99955 7.8231e-11 278.28 11.323 4.9829
277.866 11.3278 4.96858 1.6371e-07 278.28 11.323 4.9829
277.968 11.8259 4.97817 7.19795e-11 278.28 11.323 4.9829
277.763 11.4014 4.98236 4.53707e-08 278.28 11.323 4.9829
277.695 11.226 4.95201 2.51837e-14 278.28 11.323 4.9829
277.974 11.2099 4.97997 0.000415142 278.28 11.323 4.9829
278.474 11.6859 4.98349 8.49496e-05 278.28 11.323 4.9829
278.66 11.38 4.96773 1.26172e-06 278.28 11.323 4.9829
277.398 11.3568 5.00161 1.13291e-19 278.28 11.323 4.9829
276.717 11.2002 4.9662 4.78652e-47 278.28 11.323 4.9829
278.085 11.5523 4.9887 0.000653768 278.28 11.323 4.9829
278.375 11.4158 4.96184 6.17659e-07 278.28 11.323 4.9829
278.188 11.4119 4.9733 0.000727061 278.28 11.323 4.9829
277.882 11.2924 4.97009 8.43821e-07 278.28 11.323 4.9829
277.978 11.0363 4.98869 9.45919e-05 278.28 11.323 4.9829
277.782 11.8627 4.98133 3.98979e-14 278.28 11.323 4.9829
278.953 11.2772 5.0078 2.71127e-06 278.28 11.323 4.9829
277.615 11.3471 5.00737 4.02687e-14 278.28 11.323 4.9829
278.023 11.7462 4.97561 3.50329e-09 278.28 11.323 4.9829
278.153 11.4259 4.96865 2.91384e-05 278.28 11.323 4.9829
277.956 11.7481 4.97969 3.27736e-09 278.28 11.323 4.9829
277.64 11.672 4.98311 1.30905e-13 278.28 11.323 4.9829
278.24 11.4498 5.00274 0.0282225 278.28 11.323 4.9829
278.776 11.9284 4.97917 2.63817e-13 278.28 11.323 4.9829
278.036 11.8203 5.01027 1.30084e-08 278.28 11.323 4.9829
277.832 11.2217 4.9639 1.56857e-08 278.28 11.323 4.9829
277.863 11.649 4.97661 1.66353e-09 278.28 11.323 4.9829
278.582 11.1829 4.98368 0.0585395 278.28 11.323 4.9829
277.877 10.7328 4.98072 1.72476e-09 278.28 11.323 4.9829
278.173 11.1769 4.98906 0.0681766 278.28 11.323 4.9829
278.161 11.3687 4.9785 0.00779154 278.28 11.323 4.9829
278.208 10.9733 4.98121 0.00681483 278.28 11.323 4.9829
278.037 11.2799 4.98083 0.00236848 278.28 11.323 4.9829
278.498 11.8257 4.97556 1.99197e-09 278.28 11.323 4.9829
277.997 11.559 4.97765 3.54854e-06 278.28 11.323 4.9829
277.732 11.2014 4.97775 2.26448e-08 278.28 11.323 4.9829
278.092 11.5431 4.97628 3.05835e-05 278.28 11.323 4.9829
278.422 11.3375 4.96964 0.000546773 278.28 11.323 4.9829
277.972 11.9943 4.98822 6.37544e-13 278.28 11.323 4.9829
278.116 11.1602 4.97253 0.00178418 278.28 11.323 4.9829
277.927 11.7013 4.98131 1.4705e-08 278.28 11.323 4.9829
277.75 11.4246 4.97857 9.06454e-09 278.28 11.323 4.9829
278.614 11.3753 4.96715 2.84947e-06 278.28 11.323 4.9829
277.802 11.5008 4.97989 2.9541e-08 278.28 11.323 4.9829
277.975 11.6693 4.97697 4.04738e-08 278.28 11.323 4.9829
278.289 12.3245 4.97617 8.06642e-24 278.28 11.323 4.9829
277.689 11.852 4.96686 3.66276e-19 278.28 11.323 4.9829
278.461 10.9687 4.98337 0.0152371 278.28 11.323 4.9829
277.919 11.665 4.97719 9.05125e-09 278.28 11.323 4.9829
278.09 11.7848 4.97807 1.0446e-08 278.28 11.323 4.9829
278.09 11.4448 4.97764 0.000492392 278.28 11.323 4.9829
278.92 11.3812 4.98599 3.75476e-06 278.28 11.323 4.9829
277.867 11.8512 4.96718 8.16781e-16 278.28 11.323 4.9829
277.756 11.58 4.98225 8.23897e-10 278.28 11.323 4.9829
278.115 11.4843 4.99694 0.00465668 278.28 11.323 4.9829
278.363 11.7601 4.99014 7.45191e-05 278.28 11.323 4.9829
278.129 11.7927 4.98561 3.76885e-07 278.28 11.323 4.9829
277.953 11.4376 4.97688 1.27499e-05 278.28 11.323 4.9829
278.361 10.8441 4.9881 0.000621438 278.28 11.323 4.9829
278.368 11.7262 4.97927 3.85255e-06 278.28 11.323 4.9829
278.215 10.7992 4.98157 7.85665e-05 278.28 11.323 4.9829
277.932 11.399 4.96934 6.06118e-07 278.28 11.323 4.9829
277.555 11.201 4.97594 1.02469e-12 278.28 11.323 4.9829
278.259 11.5094 4.9946 0.0499742 278.28 11.323 4.9829
278.255 11.5267 4.97349 0.000105045 278.28 11.323 4.9829
277.655 11.5717 4.98224 5.55568e-12 278.28 11.323 4.9829
278.169 11.1284 4.96341 4.85683e-05 278.28 11.323 4.9829
278.3 12.2409 4.9564 5.2098e-30 278.28 11.323 4.9829
278.664 11.4931 4.99884 0.0190877 278.28 11.323 4.9829
277.432 11.6014 4.98934 1.76004e-18 278.28 11.323 4.9829
277.91 10.7231 5.00543 8.08595e-14 278.28 11.323 4.9829
277.546 11.2062 4.979 7.55218e-13 278.28 11.323 4.9829
277.948 11.3909 4.99018 0.000149933 278.28 11.323 4.9829
278.365 11.5125 4.99969 0.0941341 278.28 11.323 4.9829
277.804 10.7184 4.99034 3.44904e-12 278.28 11.323 4.9829
277.78 11.0599 4.96752 1.13497e-08 278.28 11.323 4.9829
277.532 11.2473 4.99578 2.47324e-14 278.28 11.323 4.9829
278.224 11.2358 4.97217 0.00510418 278.28 11.323 4.9829
278.161 11.6448 4.99269 0.000527453 278.28 11.323 4.9829
277.622 11.2539 4.9789 7.11048e-11 278.28 11.323 4.9829
277.904 11.242 4.97176 5.18543e-06 278.28 11.323 4.9829
278.072 11.2687 4.9869 0.0109526 278.28 11.323 4.9829
277.777 11.624 4.95916 3.43612e-15 278.28 11.323 4.9829
278.042 10.8915 4.98677 2.94308e-05 278.28 11.323 4.9829
278.161 11.5473 4.98645 0.00253253 278.28 11.323 4.9829
277.574 11.132 4.9784 3.53093e-12 278.28 11.323 4.9829
