39.5443 -71.1568 3.94243 0.000234983 39.358 -71.234 3.9383
39.0785 -70.7518 3.92113 8.71597e-14 39.358 -71.234 3.9383
39.5689 -70.665 3.91993 4.90411e-27 39.358 -71.234 3.9383
39.4409 -71.018 3.93891 8.65972e-05 39.358 -71.234 3.9383
39.2969 -70.5643 3.93755 1.76379e-13 39.358 -71.234 3.9383
39.3376 -70.6265 3.93407 7.4604e-13 39.358 -71.234 3.9383
39.1852 -70.8505 3.92812 2.10052e-08 39.358 -71.234 3.9383
39.3237 -71.2193 3.94544 0.0660575 39.358 -71.234 3.9383
38.672 -70.8664 3.9455 1.01868e-12 39.358 -71.234 3.9383
38.797 -71.3033 3.93928 0.00126166 39.358 -71.234 3.9383
39.1894 -71.4147 3.94012 0.229632 39.358 -71.234 3.9383
39.2103 -71.8617 3.93881 4.19351e-08 39.358 -71.234 3.9383
38.8903 -71.3962 3.93548 0.0210446 39.358 -71.234 3.9383
39.18 -71.4742 3.92216 3.70509e-09 39.358 -71.234 3.9383
39.3692 -71.2359 3.89949 1.21161e-43 39.358 -71.234 3.9383
39.6209 -70.5127 3.92238 1.39352e-30 39.358 -71.234 3.9383
39.6571 -70.7616 3.93856 2.44167e-13 39.358 -71.234 3.9383
38.4018 -71.2176 3.94841 2.84945e-19 39.358 -71.234 3.9383
39.198 -71.3111 3.93042 0.00232088 39.358 -71.234 3.9383
39.0386 -70.8258 3.94461 3.64725e-07 39.358 -71.234 3.9383
39.7942 -71.572 3.93998 1.27548e-11 39.358 -71.234 3.9383
38.9693 -71.3384 3.92658 0.000436907 39.358 -71.234 3.9383
39.2058 -71.3134 3.93885 0.351329 39.358 -71.234 3.9383
39.3194 -71.042 3.93568 0.000680901 39.358 -71.234 3.9383
39.5378 -71.1462 3.94159 0.00018712 39.358 -71.234 3.9383
39.7203 -71.651 3.94148 3.30688e-10 39.358 -71.234 3.9383
38.9662 -71.3807 3.9334 0.0444796 39.358 -71.234 3.9383
39.6333 -70.9431 3.92861 5.06324e-15 39.358 -71.234 3.9383
38.9963 -71.5662 3.91908 8.00443e-11 39.358 -71.234 3.9383
39.0302 -71.5258 3.91223 1.87447e-17 39.358 -71.234 3.9383
38.9667 -71.364 3.92457 3.47169e-05 39.358 -71.234 3.9383
39.3838 -71.0692 3.92751 1.81318e-08 39.358 -71.234 3.9383
39.5403 -70.9963 3.93824 8.53799e-07 39.358 -71.234 3.9383
39.0227 -71.3591 3.94395 0.034961 39.358 -71.234 3.9383
40.0843 -70.7358 3.93007 9.49044e-35 39.358 -71.234 3.9383
38.466 -71.0529 3.94228 8.49675e-14 39.358 -71.234 3.9383
39.0437 -71.0072 3.92672 9.47702e-06 39.358 -71.234 3.9383
38.9997 -70.9422 3.94753 1.58591e-06 39.358 -71.234 3.9383
39.0212 -71.2158 3.94201 0.0739223 39.358 -71.234 3.9383
39.5732 -71.5405 3.9501 1.77959e-05 39.358 -71.234 3.9383
39.37 -71.3237 3.92366 2.8421e-10 39.358 -71.234 3.9383
38.6717 -71.0833 3.93 7.13248e-06 39.358 -71.234 3.9383
40.2099 -71.6384 3.9507 1.21483e-22 39.358 -71.234 3.9383
38.849 -70.9414 3.95347 6.99361e-13 39.358 -71.234 3.9383
38.9721 -71.4385 3.94259 0.012648 39.358 -71.234 3.9383
39.0946 -71.6196 3.93692 0.00175268 39.358 -71.234 3.9383
38.8214 -71.3571 3.92844 0.000734706 39.358 -71.234 3.9383
39.2618 -70.9065 3.94631 3.00743e-05 39.358 -71.234 3.9383
38.7182 -71.2071 3.94004 2.46449e-05 39.358 -71.234 3.9383
39.6184 -71.2948 3.936 2.42121e-07 39.358 -71.234 3.9383
39.4174 -70.9113 3.92954 8.68493e-10 39.358 -71.234 3.9383
38.3335 -71.0758 3.94001 1.08048e-16 39.358 -71.234 3.9383
38.9195 -71.4414 3.92481 1.96596e-05 39.358 -71.234 3.9383
39.6116 -71.9393 3.93595 2.87117e-16 39.358 -71.234 3.9383
39.1175 -71.3144 3.91692 3.81437e-12 39.358 -71.234 3.9383
38.9516 -71.7032 3.9314 4.13883e-06 39.358 -71.234 3.9383
39.1244 -70.7013 3.91967 1.29575e-16 39.358 -71.234 3.9383
39.0795 -71.0269 3.93586 0.00737993 39.358 -71.234 3.9383
39.3334 -71.0054 3.94228 0.00158452 39.358 -71.234 3.9383
39.303 -71.5356 3.93881 0.00644742 39.358 -71.234 3.9383
39.1191 -71.5428 3.93086 0.000438868 39.358 -71.234 3.9383
38.4988 -71.478 3.91998 3.23719e-11 39.358 -71.234 3.9383
39.1633 -71.1744 3.94898 0.00330334 39.358 -71.234 3.9383
39.484 -70.9368 3.91585 1.01737e-23 39.358 -71.234 3.9383
38.9122 -71.2767 3.93507 0.0508283 39.358 -71.234 3.9383
39.1765 -70.8456 3.92801 1.80182e-08 39.358 -71.234 3.9383
39.338 -71.5697 3.93523 0.000156749 39.358 -71.234 3.9383
38.8534 -70.4457 3.92417 3.43514e-20 39.358 -71.234 3.9383
39.1161 -70.937 3.93575 0.000419696 39.358 -71.234 3.9383
38.9763 -70.7911 3.94368 3.46636e-08 39.358 -71.234 3.9383
39.6161 -71.5026 3.94602 1.64222e-05 39.358 -71.234 3.9383
39.671 -71.2936 3.92913 3.41975e-13 39.358 -71.234 3.9383
38.9181 -71.516 3.93089 0.000982594 39.358 -71.234 3.9383
39.1733 -71.4381 3.92881 0.000201038 39.358 -71.234 3.9383
39.5088 -71.3842 3.9398 0.000515144 39.358 -71.234 3.9383
38.9716 -71.05 3.94603 9.45737e-05 39.358 -71.234 3.9383
38.6925 -71.0211 3.90995 3.47077e-17 39.358 -71.234 3.9383
39.1488 -70.9011 3.93124 6.85356e-06 39.358 -71.234 3.9383
39.7782 -71.6682 3.94934 2.23548e-10 39.358 -71.234 3.9383
39.3642 -71.2147 3.93711 0.00964648 39.358 -71.234 3.9383
39.1276 -71.1089 3.94139 0.0615733 39.358 -71.234 3.9383
39.3173 -71.081 3.92029 5.43381e-13 39.358 -71.234 3.9383
39.3722 -71.2152 3.92241 1.91541e-11 39.358 -71.234 3.9383
39.8567 -71.5497 3.946 4.2318e-11 39.358 -71.234 3.9383
39.4778 -70.8547 3.92447 8.65656e-16 39.358 -71.234 3.9383
38.9331 -71.1401 3.94777 3.23194e-05 39.358 -71.234 3.9383
38.8609 -71.2673 3.91887 1.86552e-08 39.358 -71.234 3.9383
38.8082 -71.0653 3.92928 0.000118453 39.358 -71.234 3.9383
39.27 -71.0445 3.94538 0.00443593 39.358 -71.234 3.9383
38.6221 -70.5564 3.9494 7.55869e-25 39.358 -71.234 3.9383
38.8197 -71.1633 3.93148 0.00195523 39.358 -71.234 3.9383
38.9106 -70.896 3.91936 3.26321e-11 39.358 -71.234 3.9383
38.9062 -70.8897 3.93554 1.42215e-05 39.358 -71.234 3.9383
39.7448 -70.2828 3.93215 4.9832e-35 39.358 -71.234 3.9383
38.8256 -71.0901 3.94818 1.03165e-07 39.358 -71.234 3.9383
39.2051 -71.2897 3.90789 1.06457e-24 39.358 -71.234 3.9383
39.2605 -70.9666 3.93845 0.000782766 39.358 -71.234 3.9383
39.5649 -70.9827 3.92995 1.17564e-11 39.358 -71.234 3.9383
39.2124 -71.1438 3.92665 6.76536e-06 39.358 -71.234 3.9383
39.1603 -71.0862 3.93352 0.00713744 39.358 -71.234 3.9383
