220.754 -11.6105 2.92885 0.00502698 220.8 -11.734 2.9349
221.052 -12.0364 2.92768 3.17788e-08 220.8 -11.734 2.9349
220.667 -12.2896 2.93491 3.82157e-07 220.8 -11.734 2.9349
220.876 -11.6096 2.93492 0.098075 220.8 -11.734 2.9349
220.887 -10.8135 2.94194 4.87994e-15 220.8 -11.734 2.9349
221.131 -11.7146 2.94467 0.00269154 220.8 -11.734 2.9349
221.422 -12.05 2.94734 3.07082e-09 220.8 -11.734 2.9349
220.946 -11.9999 2.94782 2.62846e-05 220.8 -11.734 2.9349
220.56 -11.2673 2.92389 3.6012e-08 220.8 -11.734 2.9349
221.027 -11.8811 2.93207 0.000355923 220.8 -11.734 2.9349
220.702 -11.5375 2.94459 0.00123807 220.8 -11.734 2.9349
221.514 -11.3186 2.92704 4.76364e-20 220.8 -11.734 2.9349
220.949 -11.8972 2.93251 0.00253184 220.8 -11.734 2.9349
220.485 -11.8383 2.94866 1.06271e-08 220.8 -11.734 2.9349
221.143 -12.2119 2.94384 1.17522e-07 220.8 -11.734 2.9349
221.182 -11.6812 2.9279 1.90411e-08 220.8 -11.734 2.9349
220.57 -11.5947 2.93013 0.0163425 220.8 -11.734 2.9349
221.053 -11.3888 2.91407 2.61326e-22 220.8 -11.734 2.9349
220.976 -11.2257 2.92401 6.6361e-12 220.8 -11.734 2.9349
220.921 -11.9787 2.94403 0.00137783 220.8 -11.734 2.9349
221.154 -11.3515 2.93547 4.19761e-06 220.8 -11.734 2.9349
221.156 -12.1693 2.94175 7.25755e-07 220.8 -11.734 2.9349
221.051 -11.3772 2.92176 3.87749e-13 220.8 -11.734 2.9349
221.361 -12.1532 2.93434 1.62629e-11 220.8 -11.734 2.9349
220.876 -12.2369 2.95424 2.06635e-13 220.8 -11.734 2.9349
221.132 -11.9252 2.94608 0.000166053 220.8 -11.734 2.9349
220.933 -11.1646 2.93293 2.38386e-07 220.8 -11.734 2.9349
221.081 -11.7614 2.93308 0.00060857 220.8 -11.734 2.9349
221.01 -11.4092 2.92942 3.30046e-06 220.8 -11.734 2.9349
221.183 -11.1886 2.92855 1.70251e-12 220.8 -11.734 2.9349
220.811 -11.2383 2.93885 6.83531e-05 220.8 -11.734 2.9349
220.946 -12.1263 2.93871 0.000130483 220.8 -11.734 2.9349
221.085 -12.0076 2.93925 0.000423541 220.8 -11.734 2.9349
220.987 -11.8311 2.94621 0.00219201 220.8 -11.734 2.9349
220.551 -11.9955 2.9204 1.12391e-08 220.8 -11.734 2.9349
221.073 -11.973 2.9388 0.00111005 220.8 -11.734 2.9349
221.578 -12.1848 2.93873 3.11263e-15 220.8 -11.734 2.9349
221.32 -12.065 2.93848 5.41962e-08 220.8 -11.734 2.9349
220.969 -11.4215 2.9285 4.03294e-06 220.8 -11.734 2.9349
220.882 -11.9763 2.94423 0.00124867 220.8 -11.734 2.9349
220.941 -12.3847 2.93034 2.65401e-11 220.8 -11.734 2.9349
221.684 -11.1687 2.94207 7.37157e-18 220.8 -11.734 2.9349
220.448 -11.7169 2.91771 2.72904e-09 220.8 -11.734 2.9349
220.543 -11.2424 2.9355 1.59124e-05 220.8 -11.734 2.9349
220.812 -11.7972 2.93246 0.0540245 220.8 -11.734 2.9349
220.814 -11.7886 2.93745 0.25553 220.8 -11.734 2.9349
221.335 -11.1791 2.92419 6.32175e-20 220.8 -11.734 2.9349
221.188 -11.4907 2.94603 8.58979e-05 220.8 -11.734 2.9349
220.987 -12.1825 2.92875 1.13871e-08 220.8 -11.734 2.9349
220.273 -11.6906 2.93588 4.00143e-05 220.8 -11.734 2.9349
221.035 -11.6352 2.91135 2.67652e-24 220.8 -11.734 2.9349
220.348 -11.6436 2.92672 0.000155903 220.8 -11.734 2.9349
221.082 -11.5545 2.9349 0.00119172 220.8 -11.734 2.9349
220.619 -12.0334 2.95611 2.46449e-15 220.8 -11.734 2.9349
220.787 -11.6824 2.93703 0.349417 220.8 -11.734 2.9349
221.072 -11.5339 2.94767 0.0002402 220.8 -11.734 2.9349
221.401 -11.522 2.91794 2.12286e-25 220.8 -11.734 2.9349
221.219 -12.0868 2.94394 1.66648e-06 220.8 -11.734 2.9349
221.002 -11.3227 2.90899 1.09784e-29 220.8 -11.734 2.9349
221.538 -11.851 2.92586 7.61618e-20 220.8 -11.734 2.9349
221.031 -11.2582 2.92439 6.43275e-12 220.8 -11.734 2.9349
221.033 -12.6263 2.94848 1.08797e-18 220.8 -11.734 2.9349
220.638 -11.6343 2.94517 0.000451239 220.8 -11.734 2.9349
220.394 -12.0738 2.94818 5.18832e-12 220.8 -11.734 2.9349
221.042 -11.8908 2.9356 0.00303577 220.8 -11.734 2.9349
221.06 -12.0674 2.95988 2.38065e-15 220.8 -11.734 2.9349
220.957 -11.1642 2.95153 1.03223e-10 220.8 -11.734 2.9349
221.603 -11.3345 2.93072 2.79142e-19 220.8 -11.734 2.9349
221.305 -11.3979 2.93611 8.49562e-08 220.8 -11.734 2.9349
221.01 -11.4639 2.9523 2.85095e-07 220.8 -11.734 2.9349
221.109 -11.113 2.91404 5.86003e-28 220.8 -11.734 2.9349
220.847 -12.2284 2.93439 3.34706e-06 220.8 -11.734 2.9349
220.792 -11.5178 2.95302 1.39165e-08 220.8 -11.734 2.9349
220.847 -11.249 2.93327 2.69648e-05 220.8 -11.734 2.9349
220.929 -11.884 2.92903 0.000142675 220.8 -11.734 2.9349
221.046 -11.7358 2.93711 0.0205927 220.8 -11.734 2.9349
220.887 -11.9171 2.92114 4.92837e-10 220.8 -11.734 2.9349
221.151 -11.2629 2.92751 1.88594e-11 220.8 -11.734 2.9349
221.222 -11.2514 2.93195 4.55352e-10 220.8 -11.734 2.9349
221.042 -11.4281 2.93117 1.58011e-05 220.8 -11.734 2.9349
221.219 -11.2992 2.94226 1.35539e-06 220.8 -11.734 2.9349
220.819 -11.9892 2.94206 0.00350539 220.8 -11.734 2.9349
221.306 -11.3113 2.94239 1.3914e-07 220.8 -11.734 2.9349
220.995 -11.4992 2.9461 0.000962636 220.8 -11.734 2.9349
221.07 -12.0156 2.9334 2.84312e-05 220.8 -11.734 2.9349
220.638 -11.0945 2.92911 8.09158e-09 220.8 -11.734 2.9349
220.73 -11.7422 2.92327 5.71016e-06 220.8 -11.734 2.9349
221.214 -11.783 2.92852 1.01936e-08 220.8 -11.734 2.9349
220.659 -11.8771 2.93289 0.0455307 220.8 -11.734 2.9349
221.302 -12.0057 2.93337 6.73871e-09 220.8 -11.734 2.9349
221.264 -12.1005 2.94148 3.79362e-07 220.8 -11.734 2.9349
220.978 -11.2913 2.92683 8.32233e-09 220.8 -11.734 2.9349
220.769 -11.3196 2.91231 3.48841e-20 220.8 -11.734 2.9349
220.767 -12.2094 2.9521 5.90549e-12 220.8 -11.734 2.9349
220.513 -11.7666 2.93266 0.0322697 220.8 -11.734 2.9349
220.97 -11.9591 2.95227 1.38157e-07 220.8 -11.734 2.9349
221.113 -11.9995 2.93329 1.07634e-05 220.8 -11.734 2.9349
220.895 -11.596 2.94078 0.0990508 220.8 -11.734 2.9349
220.997 -12.0245 2.93173 3.50345e-05 220.8 -11.734 2.9349
220.932 -11.0792 2.92441 1.02031e-13 220.8 -11.734 2.9349
