40.7787 -70.7846 3.94497 2.74005e-14
40.5958 -70.175 3.95157 2.89764e-09
40.7944 -70.4305 3.9262 5.42469e-09
40.3897 -70.07 3.95382 1.09437e-12
41.4094 -70.1546 3.95364 8.34578e-24
40.4746 -69.8881 3.93915 0.000132053
40.9896 -70.5211 3.94628 1.05288e-12
40.9503 -69.3363 3.9376 2.90195e-24
40.9142 -70.1892 3.94917 4.48221e-10
40.7016 -70.1018 3.92876 5.65664e-05
40.5104 -69.9011 3.95149 3.33726e-11
40.3622 -70.5204 3.94332 5.26421e-07
40.947 -70.1863 3.93765 2.06916e-08
40.2634 -69.9198 3.93132 0.0107487
40.8046 -69.8901 3.9193 5.95517e-14
40.6495 -69.8523 3.93843 5.77775e-06
40.2593 -70.3588 3.9466 2.76876e-08
40.141 -70.8212 3.93588 1.06692e-11
40.7519 -70.693 3.93179 1.40148e-10
40.4858 -70.563 3.95889 8.88649e-20
40.4932 -70.045 3.92973 0.0276226
40.8704 -70.6651 3.94702 1.86654e-13
40.2446 -70.011 3.91344 1.27212e-06
40.6795 -70.4794 3.96121 6.20537e-20
40.6964 -70.2853 3.93787 0.000371876
40.7797 -70.3158 3.95715 1.81057e-14
40.5804 -69.5087 3.93246 1.77453e-12
40.7862 -70.2841 3.94022 1.13771e-05
40.2831 -70.8255 3.93817 1.7016e-11
40.4421 -70.4002 3.94129 0.00023437
40.6603 -70.4134 3.93717 0.000149116
40.1229 -69.777 3.91506 4.68992e-08
40.8461 -70.206 3.94096 1.53931e-06
40.5306 -70.1872 3.93933 0.00727321
39.9709 -70.0481 3.94442 1.86994e-11
40.7271 -70.0882 3.92425 2.8578e-07
40.5021 -70.7929 3.9455 2.77426e-13
40.466 -69.9603 3.92455 0.000862241
40.3416 -70.1868 3.93288 0.328381
40.8316 -70.2511 3.91085 6.2205e-21
40.3546 -70.2435 3.93457 0.158795
40.7997 -70.6863 3.93959 5.72746e-11
40.6642 -70.1126 3.93305 0.00141845
40.7565 -69.4044 3.9269 7.99422e-20
40.4502 -69.951 3.93793 0.0017538
40.223 -70.229 3.94207 4.29814e-05
40.7931 -70.6012 3.95121 1.8442e-13
40.043 -70.3658 3.94233 1.41339e-08
40.4871 -70.2633 3.93164 0.0860072
40.033 -70.2192 3.95784 3.2707e-24
40.7567 -70.3351 3.94294 3.81758e-06
41.2832 -70.048 3.93851 6.36033e-19
40.6994 -70.4839 3.93633 9.03101e-06
39.9975 -70.4001 3.95522 1.00167e-22
40.866 -70.3585 3.94991 2.10189e-10
40.7833 -70.6772 3.91944 1.16333e-16
40.6348 -70.1782 3.93968 0.00129145
41.0688 -70.4977 3.93226 5.54252e-15
40.7334 -70.4305 3.96647 1.55583e-25
40.666 -70.1574 3.92933 0.000445469
40.851 -70.3892 3.92831 4.47876e-09
40.8944 -69.9994 3.93555 3.68201e-08
40.3604 -70.215 3.94639 1.57851e-06
40.4926 -70.4134 3.93613 0.00420458
40.6508 -70.0731 3.93187 0.00115226
40.6198 -70.2368 3.95125 4.44601e-09
40.2214 -70.578 3.94321 4.71231e-09
40.5557 -70.377 3.94045 0.000457283
40.6771 -70.2027 3.94658 2.18837e-06
40.748 -69.7467 3.93974 4.16649e-09
40.4429 -70.233 3.9515 7.74068e-10
40.4646 -70.3147 3.94711 9.40801e-07
40.3754 -70.0837 3.9288 0.198521
40.9558 -70.0105 3.92723 3.13084e-12
40.8513 -69.939 3.92622 1.92582e-10
40.5009 -70.1127 3.9366 0.0302557
40.6929 -69.7997 3.93383 4.39106e-07
40.7344 -70.4699 3.92866 3.32738e-07
40.3975 -70.6415 3.93003 1.0736e-05
40.4904 -69.6947 3.93875 7.27934e-08
41.0141 -70.2379 3.9448 1.64454e-10
40.2056 -70.3119 3.94087 6.61654e-05
41.0738 -70.4526 3.94087 5.16478e-13
41.2066 -70.1439 3.93766 5.72008e-16
40.1785 -70.1863 3.95231 4.955e-14
40.5767 -70.1089 3.95709 2.82822e-14
40.4609 -69.9237 3.93938 0.000320482
40.1072 -70.3838 3.9501 4.91686e-14
40.7619 -69.9993 3.94118 4.31958e-06
41.1886 -70.2211 3.94508 5.61389e-15
41.0363 -70.6241 3.94472 4.76501e-15
40.4588 -70.1205 3.93194 0.139357
40.3369 -69.7462 3.94425 1.41453e-09
40.7273 -70.5326 3.93381 6.43925e-07
41.219 -69.7781 3.95148 5.62766e-21
40.3303 -70.1953 3.94776 9.31255e-08
40.6231 -70.4043 3.92597 2.26973e-05
40.2328 -69.6852 3.93019 1.32832e-06
41.0689 -70.0347 3.92769 1.71942e-15
40.6274 -69.9193 3.95272 1.0406e-11
