-38.7411 -71.2213 1.92366 2.9812e-05 -38.484 -70.794 1.9312
-37.841 -70.1474 1.95426 7.66534e-19 -38.484 -70.794 1.9312
-38.2618 -71.3771 1.92399 9.67127e-08 -38.484 -70.794 1.9312
-38.5016 -70.8118 1.92435 0.0604925 -38.484 -70.794 1.9312
-38.7254 -70.3712 1.93073 8.43977e-05 -38.484 -70.794 1.9312
-38.3656 -70.2758 1.926 7.72903e-05 -38.484 -70.794 1.9312
-38.8915 -70.1735 1.91867 5.04399e-07 -38.484 -70.794 1.9312
-38.2234 -70.5086 1.93617 0.00130393 -38.484 -70.794 1.9312
-37.8282 -71.0426 1.93308 6.58689e-06 -38.484 -70.794 1.9312
-38.4808 -71.0108 1.93641 0.0559381 -38.484 -70.794 1.9312
-38.3159 -70.3469 1.92654 0.000309934 -38.484 -70.794 1.9312
-38.8623 -70.6025 1.92256 0.00192652 -38.484 -70.794 1.9312
-38.7653 -70.6015 1.92746 0.00790856 -38.484 -70.794 1.9312
-38.5159 -70.8972 1.93072 0.171805 -38.484 -70.794 1.9312
-38.3914 -70.6141 1.92 0.00249166 -38.484 -70.794 1.9312
-38.6568 -70.7441 1.94268 3.64262e-05 -38.484 -70.794 1.9312
-38.565 -70.9916 1.92904 0.0593563 -38.484 -70.794 1.9312
-38.4936 -70.5682 1.93582 0.00554555 -38.484 -70.794 1.9312
-38.4145 -70.3789 1.94179 8.68915e-07 -38.484 -70.794 1.9312
-38.2743 -70.5912 1.95236 2.84075e-09 -38.484 -70.794 1.9312
-38.7432 -70.9099 1.92264 0.00573282 -38.484 -70.794 1.9312
-38.4876 -71.0437 1.93321 0.0657694 -38.484 -70.794 1.9312
-38.509 -70.632 1.94967 1.67942e-08 -38.484 -70.794 1.9312
-38.3639 -71.175 1.92231 3.38019e-05 -38.484 -70.794 1.9312
-37.8307 -70.4923 1.9311 3.43208e-07 -38.484 -70.794 1.9312
-38.0802 -70.2795 1.92771 1.25919e-06 -38.484 -70.794 1.9312
-38.6257 -70.842 1.94055 0.00113245 -38.484 -70.794 1.9312
-39.162 -69.9606 1.91979 5.50245e-13 -38.484 -70.794 1.9312
-38.7036 -70.8709 1.94007 0.000395439 -38.484 -70.794 1.9312
-38.5217 -71.2326 1.91586 2.46383e-08 -38.484 -70.794 1.9312
-38.701 -70.5985 1.93666 0.000368525 -38.484 -70.794 1.9312
-38.9514 -71.1944 1.93053 4.14088e-06 -38.484 -70.794 1.9312
-38.318 -71.6191 1.92791 4.13748e-10 -38.484 -70.794 1.9312
-38.5772 -70.6584 1.94341 2.22256e-05 -38.484 -70.794 1.9312
-38.5634 -70.9472 1.93169 0.100022 -38.484 -70.794 1.9312
-37.9783 -70.9697 1.93262 0.000709461 -38.484 -70.794 1.9312
-38.485 -70.8812 1.93965 0.0172823 -38.484 -70.794 1.9312
-38.6503 -70.3215 1.93166 3.89124e-05 -38.484 -70.794 1.9312
-39.3205 -71.9028 1.92286 9.41496e-26 -38.484 -70.794 1.9312
-38.9072 -70.8794 1.93746 1.40018e-05 -38.484 -70.794 1.9312
-39.0278 -70.9779 1.94288 8.47902e-10 -38.484 -70.794 1.9312
-38.64 -70.5434 1.9478 1.62002e-09 -38.484 -70.794 1.9312
-38.2993 -70.6806 1.93238 0.0712042 -38.484 -70.794 1.9312
-38.6424 -70.7031 1.93729 0.00283626 -38.484 -70.794 1.9312
-38.2812 -70.4374 1.92025 0.000111462 -38.484 -70.794 1.9312
-38.8078 -71.3132 1.926 2.61851e-06 -38.484 -70.794 1.9312
-38.6771 -70.8756 1.94311 4.86625e-05 -38.484 -70.794 1.9312
-38.841 -71.0722 1.93448 0.000200376 -38.484 -70.794 1.9312
-39.1973 -70.3931 1.92619 4.81186e-09 -38.484 -70.794 1.9312
-38.0328 -70.566 1.93182 0.000384166 -38.484 -70.794 1.9312
-38.3971 -70.3112 1.92922 0.000200995 -38.484 -70.794 1.9312
-38.5444 -70.5466 1.92407 0.0217021 -38.484 -70.794 1.9312
-38.2249 -70.6033 1.91469 8.71654e-07 -38.484 -70.794 1.9312
-39.1035 -70.5041 1.91946 3.1584e-06 -38.484 -70.794 1.9312
-38.5435 -71.0819 1.9427 0.000820048 -38.484 -70.794 1.9312
-38.6558 -70.8569 1.93733 0.00637898 -38.484 -70.794 1.9312
-38.8958 -70.355 1.90531 5.88378e-09 -38.484 -70.794 1.9312
-38.2936 -70.8145 1.92629 0.0325837 -38.484 -70.794 1.9312
-39.1196 -71.0311 1.92152 3.79035e-07 -38.484 -70.794 1.9312
-38.8776 -70.6823 1.93573 3.65172e-05 -38.484 -70.794 1.9312
-38.7599 -70.1416 1.91007 2.08411e-08 -38.484 -70.794 1.9312
-38.2837 -70.8604 1.94372 0.00346077 -38.484 -70.794 1.9312
-38.7299 -70.8384 1.93173 0.0187571 -38.484 -70.794 1.9312
-38.2636 -71.2006 1.90589 2.22936e-17 -38.484 -70.794 1.9312
-39.0111 -70.9521 1.93799 2.51166e-07 -38.484 -70.794 1.9312
-38.0569 -71.138 1.92202 1.35015e-07 -38.484 -70.794 1.9312
-38.2402 -70.5085 1.92939 0.00433911 -38.484 -70.794 1.9312
-37.9792 -71.235 1.91957 3.50079e-11 -38.484 -70.794 1.9312
-38.2557 -70.9361 1.91752 4.9025e-06 -38.484 -70.794 1.9312
-38.3352 -70.7006 1.92668 0.0533599 -38.484 -70.794 1.9312
-38.5667 -70.9666 1.9514 5.33165e-08 -38.484 -70.794 1.9312
-38.3813 -70.4901 1.905 4.95041e-11 -38.484 -70.794 1.9312
-39.0187 -70.7572 1.937 2.59753e-07 -38.484 -70.794 1.9312
-38.6327 -70.225 1.92123 2.65634e-05 -38.484 -70.794 1.9312
-38.3943 -70.8188 1.92804 0.139852 -38.484 -70.794 1.9312
-38.4187 -70.5777 1.93857 0.00200058 -38.484 -70.794 1.9312
-38.2976 -70.6503 1.94843 1.92507e-06 -38.484 -70.794 1.9312
-38.4961 -70.7308 1.91042 5.10129e-07 -38.484 -70.794 1.9312
-37.9343 -70.8108 1.92279 6.11068e-07 -38.484 -70.794 1.9312
-38.1383 -70.2331 1.92693 9.94681e-07 -38.484 -70.794 1.9312
-38.8127 -71.3947 1.94803 1.29407e-10 -38.484 -70.794 1.9312
-38.7254 -70.6854 1.93576 0.00141668 -38.484 -70.794 1.9312
-38.1276 -70.6525 1.92278 0.000183652 -38.484 -70.794 1.9312
-38.5983 -70.6316 1.92544 0.0530562 -38.484 -70.794 1.9312
-39.0453 -71.0149 1.93213 2.14507e-06 -38.484 -70.794 1.9312
-38.4957 -70.2251 1.91494 1.34861e-06 -38.484 -70.794 1.9312
-38.1158 -70.8626 1.93778 0.0191371 -38.484 -70.794 1.9312
-37.9644 -70.5334 1.91928 3.17285e-08 -38.484 -70.794 1.9312
-38.4389 -70.6878 1.92057 0.0070524 -38.484 -70.794 1.9312
-38.1713 -70.5867 1.92328 0.000456032 -38.484 -70.794 1.9312
-38.7221 -70.5273 1.93523 0.00019223 -38.484 -70.794 1.9312
-38.5069 -70.7864 1.91337 1.35412e-05 -38.484 -70.794 1.9312
-38.5146 -70.3979 1.91967 0.000619695 -38.484 -70.794 1.9312
-39.2086 -70.7766 1.93569 3.68026e-10 -38.484 -70.794 1.9312
-38.1845 -71.4571 1.92702 2.77791e-08 -38.484 -70.794 1.9312
-38.9754 -70.6786 1.93459 4.30602e-06 -38.484 -70.794 1.9312
-38.7172 -70.8149 1.93915 0.000458666 -38.484 -70.794 1.9312
-38.9272 -70.9604 1.92141 0.000129462 -38.484 -70.794 1.9312
-39.1428 -70.3042 1.93999 2.17663e-15 -38.484 -70.794 1.9312
-38.1829 -70.4297 1.92404 0.000115086 -38.484 -70.794 1.9312
