-41.3969 -50.2327 1.57856 0.0222636 -41.212 -50.077 1.5801
-40.8245 -50.311 1.58126 3.35551e-06 -41.212 -50.077 1.5801
-41.0823 -50.4241 1.56645 2.72974e-10 -41.212 -50.077 1.5801
-40.7723 -50.3812 1.57157 2.82835e-11 -41.212 -50.077 1.5801
-40.9576 -50.4125 1.58425 4.40484e-05 -41.212 -50.077 1.5801
-40.8949 -50.8752 1.5757 1.07011e-16 -41.212 -50.077 1.5801
-41.6178 -50.1606 1.57993 0.0170816 -41.212 -50.077 1.5801
-41.1772 -49.835 1.5987 1.20866e-05 -41.212 -50.077 1.5801
-41.677 -50.5791 1.5871 6.52304e-07 -41.212 -50.077 1.5801
-40.7406 -50.2476 1.58279 1.54131e-06 -41.212 -50.077 1.5801
-41.6841 -50.6379 1.58703 8.78239e-08 -41.212 -50.077 1.5801
-40.3196 -49.9321 1.57858 5.32303e-15 -41.212 -50.077 1.5801
-41.4043 -50.1151 1.57528 0.0536957 -41.212 -50.077 1.5801
-41.0311 -50.1774 1.57691 0.000671783 -41.212 -50.077 1.5801
-41.2944 -51.0806 1.5911 7.04444e-14 -41.212 -50.077 1.5801
-41.0409 -50.514 1.58116 3.11461e-06 -41.212 -50.077 1.5801
-41.326 -50.176 1.5911 0.0225776 -41.212 -50.077 1.5801
-41.1619 -50.0642 1.57999 0.0643197 -41.212 -50.077 1.5801
-41.7229 -50.4992 1.5901 1.01995e-06 -41.212 -50.077 1.5801
-41.5645 -50.1695 1.59151 0.00137694 -41.212 -50.077 1.5801
-41.828 -50.6814 1.58583 5.23512e-10 -41.212 -50.077 1.5801
-41.3145 -50.1034 1.58148 0.171237 -41.212 -50.077 1.5801
-41.7275 -50.3008 1.58122 0.000282921 -41.212 -50.077 1.5801
-40.8426 -50.0093 1.57752 4.24502e-05 -41.212 -50.077 1.5801
-41.3936 -50.8159 1.58509 2.51644e-09 -41.212 -50.077 1.5801
-41.4712 -49.9411 1.58891 0.0151702 -41.212 -50.077 1.5801
-41.0785 -50.7901 1.58873 1.10292e-08 -41.212 -50.077 1.5801
-41.0861 -50.319 1.59715 0.000750372 -41.212 -50.077 1.5801
-41.1338 -49.6363 1.58398 0.0022635 -41.212 -50.077 1.5801
-41.2055 -51.2757 1.60395 1.42966e-17 -41.212 -50.077 1.5801
-41.3119 -50.391 1.59003 0.00316695 -41.212 -50.077 1.5801
-40.9171 -50.6317 1.5883 2.2875e-07 -41.212 -50.077 1.5801
-41.3624 -50.4541 1.5781 9.05859e-05 -41.212 -50.077 1.5801
-41.3321 -50.4688 1.59248 0.000448494 -41.212 -50.077 1.5801
-41.1785 -50.8682 1.59572 3.97212e-09 -41.212 -50.077 1.5801
-41.3447 -50.2977 1.55742 3.952e-11 -41.212 -50.077 1.5801
-41.3157 -50.4686 1.58334 0.000395256 -41.212 -50.077 1.5801
-40.7183 -50.3941 1.58677 3.21103e-07 -41.212 -50.077 1.5801
-41.6469 -49.9437 1.58811 0.00159796 -41.212 -50.077 1.5801
-41.2888 -50.3084 1.55222 2.28823e-15 -41.212 -50.077 1.5801
-41.3389 -50.8685 1.57337 2.67557e-14 -41.212 -50.077 1.5801
-40.8481 -49.8476 1.58335 0.000199789 -41.212 -50.077 1.5801
-41.3798 -50.0767 1.58729 0.0886328 -41.212 -50.077 1.5801
-41.0865 -49.9695 1.58787 0.0262255 -41.212 -50.077 1.5801
-41.1447 -50.3774 1.57154 1.18163e-06 -41.212 -50.077 1.5801
-41.1161 -49.9883 1.56086 1.97989e-07 -41.212 -50.077 1.5801
-41.4115 -50.543 1.59058 6.76141e-05 -41.212 -50.077 1.5801
-41.3974 -50.6986 1.59026 7.75843e-07 -41.212 -50.077 1.5801
-41.4795 -50.2141 1.59227 0.00282809 -41.212 -50.077 1.5801
-41.3522 -49.8206 1.59524 0.000101064 -41.212 -50.077 1.5801
-41.4515 -50.2552 1.5795 0.0164425 -41.212 -50.077 1.5801
-40.8747 -50.3116 1.57522 2.44864e-07 -41.212 -50.077 1.5801
-41.0074 -50.2211 1.59255 0.00311801 -41.212 -50.077 1.5801
-41.1326 -50.7111 1.5778 7.00071e-10 -41.212 -50.077 1.5801
-40.8136 -50.7691 1.60011 3.35756e-09 -41.212 -50.077 1.5801
-41.4087 -50.43 1.57822 0.000200154 -41.212 -50.077 1.5801
-41.0971 -50.5963 1.57752 3.81178e-08 -41.212 -50.077 1.5801
-41.1134 -49.8964 1.57337 0.00921444 -41.212 -50.077 1.5801
-41.8299 -50.3624 1.59544 2.18991e-08 -41.212 -50.077 1.5801
-41.803 -49.9757 1.5764 0.00399868 -41.212 -50.077 1.5801
-40.9607 -50.2987 1.56941 1.98622e-08 -41.212 -50.077 1.5801
-40.7555 -50.374 1.57642 2.44345e-09 -41.212 -50.077 1.5801
-40.81 -50.2252 1.57763 1.19572e-06 -41.212 -50.077 1.5801
-41.1314 -50.5303 1.61006 1.90211e-08 -41.212 -50.077 1.5801
-41.1833 -50.0181 1.56771 0.000377236 -41.212 -50.077 1.5801
-41.4171 -50.6441 1.591 3.75871e-06 -41.212 -50.077 1.5801
-41.138 -50.5973 1.57849 1.44765e-07 -41.212 -50.077 1.5801
-41.1305 -50.3445 1.5866 0.00413255 -41.212 -50.077 1.5801
-41.5838 -50.1407 1.57605 0.0224941 -41.212 -50.077 1.5801
-40.8641 -50.9242 1.57298 6.18926e-20 -41.212 -50.077 1.5801
-41.0974 -50.6077 1.58929 9.41586e-06 -41.212 -50.077 1.5801
-41.1914 -50.3399 1.57856 0.000813983 -41.212 -50.077 1.5801
-41.2883 -49.9924 1.57892 0.2417 -41.212 -50.077 1.5801
-40.7594 -50.3832 1.56467 1.87306e-15 -41.212 -50.077 1.5801
-41.458 -50.4601 1.57531 1.70464e-05 -41.212 -50.077 1.5801
-41.0183 -50.4185 1.58486 0.000147974 -41.212 -50.077 1.5801
-41.0338 -50.6086 1.59641 6.85095e-06 -41.212 -50.077 1.5801
-41.5454 -49.7496 1.5654 0.0199742 -41.212 -50.077 1.5801
-41.2986 -50.4469 1.57886 0.000130513 -41.212 -50.077 1.5801
-41.0787 -50.0002 1.58118 0.0339694 -41.212 -50.077 1.5801
-41.2737 -50.2843 1.58146 0.0138382 -41.212 -50.077 1.5801
-41.3098 -50.408 1.58865 0.00269917 -41.212 -50.077 1.5801
-41.4484 -50.355 1.58825 0.00337453 -41.212 -50.077 1.5801
-41.1638 -50.3449 1.58435 0.00394226 -41.212 -50.077 1.5801
-41.2987 -50.2342 1.57766 0.0125801 -41.212 -50.077 1.5801
-41.1129 -50.8642 1.58845 5.9638e-10 -41.212 -50.077 1.5801
-40.8525 -50.2378 1.57092 1.4622e-08 -41.212 -50.077 1.5801
-41.1762 -50.3403 1.57778 0.000454245 -41.212 -50.077 1.5801
-41.6093 -49.969 1.57768 0.0942385 -41.212 -50.077 1.5801
-41.6561 -50.4962 1.58417 1.14765e-05 -41.212 -50.077 1.5801
-40.9475 -49.835 1.58182 0.00200645 -41.212 -50.077 1.5801
-41.0285 -49.987 1.56871 4.02109e-05 -41.212 -50.077 1.5801
-41.1459 -50.2644 1.58396 0.0122051 -41.212 -50.077 1.5801
-41.4174 -50.3488 1.5611 1.86132e-09 -41.212 -50.077 1.5801
-41.1991 -50.1841 1.57054 0.000214805 -41.212 -50.077 1.5801
-40.7036 -49.6308 1.59783 3.14384e-10 -41.212 -50.077 1.5801
-40.9859 -50.5205 1.56826 4.20448e-12 -41.212 -50.077 1.5801
-40.8381 -50.078 1.59036 0.000312014 -41.212 -50.077 1.5801
-41.4997 -50.1384 1.56882 0.00176976 -41.212 -50.077 1.5801
-41.192 -50.6602 1.59012 4.05622e-06 -41.212 -50.077 1.5801
