96.3192 17.9193 0.0661779 7.41221e-10 96.909 17.985 0.080307
96.6685 17.7294 0.0911313 2.65049e-05 96.909 17.985 0.080307
96.5981 17.3704 0.106959 6.09272e-14 96.909 17.985 0.080307
97.545 18.3072 0.0838333 0.000389074 96.909 17.985 0.080307
96.2304 17.8181 0.0930952 2.5897e-09 96.909 17.985 0.080307
96.4721 18.2389 0.0943256 8.30432e-05 96.909 17.985 0.080307
96.9998 18.2782 0.0693082 0.00637127 96.909 17.985 0.080307
96.2685 17.3005 0.0754047 2.58041e-15 96.909 17.985 0.080307
97.3667 18.6506 0.0672584 3.43759e-06 96.909 17.985 0.080307
96.7055 17.9098 0.0691337 0.000103569 96.909 17.985 0.080307
96.9349 18.0894 0.0887906 0.06406 96.909 17.985 0.080307
96.8397 17.9757 0.0836594 0.0240694 96.909 17.985 0.080307
96.9169 18.1288 0.0835645 0.107468 96.909 17.985 0.080307
96.7796 17.5831 0.077413 8.55937e-06 96.909 17.985 0.080307
96.9594 18.1783 0.0697383 0.00907052 96.909 17.985 0.080307
97.3425 17.2165 0.0778407 3.80683e-11 96.909 17.985 0.080307
97.0576 18.1048 0.103596 0.000186094 96.909 17.985 0.080307
97.5236 18.2604 0.0881826 0.000333008 96.909 17.985 0.080307
97.4212 18.1321 0.0983281 4.35716e-05 96.909 17.985 0.080307
96.7456 18.0104 0.0900701 0.00705485 96.909 17.985 0.080307
97.2779 18.2191 0.0799401 0.0471152 96.909 17.985 0.080307
97.1778 17.9807 0.0941459 0.00308209 96.909 17.985 0.080307
96.8312 17.7701 0.0807359 0.00122871 96.909 17.985 0.080307
97.1481 18.1125 0.0973363 0.00311803 96.909 17.985 0.080307
96.9887 18.2167 0.0782217 0.101633 96.909 17.985 0.080307
96.8654 18.1549 0.10429 0.000212624 96.909 17.985 0.080307
97.2481 18.4363 0.0852124 0.0148821 96.909 17.985 0.080307
96.8805 17.8253 0.0891446 0.00234247 96.909 17.985 0.080307
96.3688 18.3961 0.101626 5.63585e-07 96.909 17.985 0.080307
96.7528 17.0813 0.0860609 2.16112e-14 96.909 17.985 0.080307
96.3429 18.1312 0.083439 3.17706e-06 96.909 17.985 0.080307
97.1681 18.372 0.0803911 0.0492121 96.909 17.985 0.080307
95.8365 17.9623 0.102019 2.25632e-16 96.909 17.985 0.080307
96.5784 17.9176 0.0876792 0.000256331 96.909 17.985 0.080307
97.4502 17.6475 0.0887677 1.20808e-06 96.909 17.985 0.080307
96.467 17.8305 0.0919409 3.47292e-06 96.909 17.985 0.080307
97.3563 17.5172 0.0872475 2.69811e-07 96.909 17.985 0.080307
96.2864 18.2115 0.085454 7.19777e-07 96.909 17.985 0.080307
97.5241 17.9583 0.0936371 1.06285e-05 96.909 17.985 0.080307
96.8944 17.9417 0.0847167 0.0244007 96.909 17.985 0.080307
96.7657 18.2965 0.112239 9.14774e-07 96.909 17.985 0.080307
96.9273 18.4875 0.0811989 0.0141223 96.909 17.985 0.080307
96.8186 18.4957 0.0861293 0.00801052 96.909 17.985 0.080307
96.8233 17.7607 0.0951136 8.18314e-05 96.909 17.985 0.080307
96.248 17.8824 0.0904468 1.93073e-08 96.909 17.985 0.080307
96.5938 17.7437 0.0763773 1.07702e-05 96.909 17.985 0.080307
97.1547 17.7918 0.0696097 0.00101073 96.909 17.985 0.080307
97.626 17.723 0.0677946 6.1202e-07 96.909 17.985 0.080307
97.1702 17.554 0.0782128 2.05954e-05 96.909 17.985 0.080307
97.0465 17.9841 0.0853416 0.0540286 96.909 17.985 0.080307
96.8632 17.8012 0.0970155 0.00010845 96.909 17.985 0.080307
97.5813 17.9238 0.0702712 4.39505e-05 96.909 17.985 0.080307
96.7833 18.0001 0.0956194 0.00222351 96.909 17.985 0.080307
96.9803 17.0518 0.0955995 4.73486e-16 96.909 17.985 0.080307
96.951 17.999 0.0814545 0.0605517 96.909 17.985 0.080307
96.5949 17.9984 0.107067 9.40768e-07 96.909 17.985 0.080307
96.8686 18.0556 0.0755355 0.0229484 96.909 17.985 0.080307
96.6784 18.3057 0.0779083 0.00267963 96.909 17.985 0.080307
96.6946 18.0447 0.0802962 0.00559481 96.909 17.985 0.080307
96.9201 17.8402 0.0870979 0.00534012 96.909 17.985 0.080307
96.9773 18.0715 0.0829624 0.109946 96.909 17.985 0.080307
96.7851 18.1214 0.107787 1.33555e-05 96.909 17.985 0.080307
97.2267 18.0074 0.0818118 0.0392211 96.909 17.985 0.080307
96.6892 18.3777 0.0651316 6.38804e-06 96.909 17.985 0.080307
96.8656 17.6049 0.088411 1.93377e-05 96.909 17.985 0.080307
96.4632 18.1387 0.0738606 9.22847e-06 96.909 17.985 0.080307
97.2671 17.6897 0.0834835 0.000191817 96.909 17.985 0.080307
96.9151 17.95 0.106503 7.26154e-06 96.909 17.985 0.080307
96.5423 18.3265 0.0608572 1.75795e-08 96.909 17.985 0.080307
97.1405 17.9977 0.0700449 0.0108588 96.909 17.985 0.080307
97.0253 17.2984 0.0640271 3.69299e-10 96.909 17.985 0.080307
96.5737 17.8356 0.0788047 5.15245e-05 96.909 17.985 0.080307
96.6531 17.7998 0.0861324 0.000182001 96.909 17.985 0.080307
96.9944 18.2084 0.0677649 0.00445385 96.909 17.985 0.080307
96.7854 17.7378 0.0652047 6.39507e-06 96.909 17.985 0.080307
96.7407 17.9196 0.101836 3.59731e-05 96.909 17.985 0.080307
96.6799 17.7047 0.0677964 1.87043e-06 96.909 17.985 0.080307
96.5718 17.9361 0.0842776 0.000311019 96.909 17.985 0.080307
96.7502 18.2005 0.0720715 0.00215191 96.909 17.985 0.080307
97.0084 18.1955 0.0766177 0.0851219 96.909 17.985 0.080307
97.292 18.1295 0.0757168 0.0287698 96.909 17.985 0.080307
96.3344 17.7488 0.0958956 8.54477e-09 96.909 17.985 0.080307
96.737 18.0382 0.0868453 0.0118797 96.909 17.985 0.080307
96.6203 18.6021 0.073455 3.97108e-06 96.909 17.985 0.080307
97.0844 18.5191 0.0691584 0.000458234 96.909 17.985 0.080307
96.512 17.9515 0.0940977 3.60576e-05 96.909 17.985 0.080307
96.6274 18.3068 0.0903854 0.00275965 96.909 17.985 0.080307
97.1066 17.9828 0.0676832 0.00434157 96.909 17.985 0.080307
96.4724 18.239 0.0861233 0.000154482 96.909 17.985 0.080307
96.8706 18.4672 0.0964408 0.00341659 96.909 17.985 0.080307
96.8949 18.0274 0.0982084 0.00203634 96.909 17.985 0.080307
96.4385 18.0912 0.057196 1.30386e-10 96.909 17.985 0.080307
96.3937 18.074 0.0817005 9.10181e-06 96.909 17.985 0.080307
96.5607 18.261 0.0757918 0.000172448 96.909 17.985 0.080307
97.389 18.2074 0.07304 0.00568833 96.909 17.985 0.080307
97.3406 17.7263 0.0992586 3.48933e-07 96.909 17.985 0.080307
96.4248 18.2266 0.0808974 2.3725e-05 96.909 17.985 0.080307
96.8532 18.4881 0.0885109 0.0108902 96.909 17.985 0.080307
96.9251 17.9956 0.0883008 0.0332049 96.909 17.985 0.080307
96.4845 17.8866 0.0788055 1.26182e-05 96.909 17.985 0.080307
