277.384 -2.75315 4.39736 3.13865e-06 277.37 -2.4118 4.4005
277.276 -2.82078 4.38781 1.91698e-07 277.37 -2.4118 4.4005
277.037 -2.46123 4.39231 0.0199814 277.37 -2.4118 4.4005
277.546 -2.00964 4.3834 2.92817e-08 277.37 -2.4118 4.4005
277.307 -2.0485 4.3854 0.000582995 277.37 -2.4118 4.4005
277.262 -2.42182 4.39692 0.0775371 277.37 -2.4118 4.4005
277.575 -2.82269 4.41655 5.73749e-11 277.37 -2.4118 4.4005
277.319 -2.23981 4.37581 7.25755e-07 277.37 -2.4118 4.4005
277.005 -2.34524 4.37778 0.00257114 277.37 -2.4118 4.4005
277.59 -2.4928 4.38342 1.7542e-08 277.37 -2.4118 4.4005
277.696 -2.6075 4.38779 8.41774e-10 277.37 -2.4118 4.4005
277.711 -2.87478 4.38581 3.77013e-15 277.37 -2.4118 4.4005
277.122 -1.81384 4.3921 0.000155735 277.37 -2.4118 4.4005
278.141 -2.07234 4.38127 3.7991e-26 277.37 -2.4118 4.4005
277.528 -1.78156 4.4009 6.70515e-05 277.37 -2.4118 4.4005
277.222 -2.7133 4.39245 4.39313e-05 277.37 -2.4118 4.4005
277.165 -2.89987 4.3819 3.8489e-09 277.37 -2.4118 4.4005
277.493 -2.74621 4.39331 3.46296e-07 277.37 -2.4118 4.4005
277.663 -2.26193 4.38114 1.56539e-10 277.37 -2.4118 4.4005
277.728 -2.46678 4.39699 5.07651e-06 277.37 -2.4118 4.4005
276.999 -2.49092 4.4008 0.000286029 277.37 -2.4118 4.4005
276.92 -2.3253 4.40615 8.5446e-06 277.37 -2.4118 4.4005
277.296 -2.66143 4.37974 6.29568e-07 277.37 -2.4118 4.4005
276.941 -2.2425 4.39377 0.0240533 277.37 -2.4118 4.4005
277.236 -2.4992 4.38145 0.000273536 277.37 -2.4118 4.4005
277.923 -2.47408 4.40957 6.37624e-07 277.37 -2.4118 4.4005
277.267 -2.08181 4.39563 0.140401 277.37 -2.4118 4.4005
277.454 -2.15807 4.38216 2.8184e-06 277.37 -2.4118 4.4005
277.182 -1.68409 4.41179 2.73726e-07 277.37 -2.4118 4.4005
276.912 -1.91604 4.40259 1.04113e-05 277.37 -2.4118 4.4005
277.157 -2.79715 4.40388 2.54648e-08 277.37 -2.4118 4.4005
276.942 -2.65534 4.40231 1.74087e-07 277.37 -2.4118 4.4005
277.572 -2.11772 4.4034 0.0427895 277.37 -2.4118 4.4005
277.183 -2.67402 4.41189 1.91595e-08 277.37 -2.4118 4.4005
277.625 -2.4026 4.37395 4.1292e-14 277.37 -2.4118 4.4005
276.763 -2.6856 4.40409 9.22363e-12 277.37 -2.4118 4.4005
277.457 -1.94203 4.4059 0.0229627 277.37 -2.4118 4.4005
277.875 -2.18972 4.39988 9.7963e-07 277.37 -2.4118 4.4005
277.155 -2.55958 4.3674 2.95945e-09 277.37 -2.4118 4.4005
276.974 -2.43672 4.39227 0.0133893 277.37 -2.4118 4.4005
277.496 -2.21118 4.38586 3.36071e-05 277.37 -2.4118 4.4005
277.132 -2.36306 4.40715 0.00147198 277.37 -2.4118 4.4005
277.487 -2.4755 4.40244 0.00674282 277.37 -2.4118 4.4005
276.911 -2.60986 4.40648 6.54417e-09 277.37 -2.4118 4.4005
277.48 -2.7619 4.39727 5.83043e-07 277.37 -2.4118 4.4005
277.12 -2.05638 4.40083 0.0352998 277.37 -2.4118 4.4005
277.431 -2.90746 4.39297 7.73899e-10 277.37 -2.4118 4.4005
277.686 -2.50762 4.4039 0.000104269 277.37 -2.4118 4.4005
277.241 -2.61491 4.39835 0.00072304 277.37 -2.4118 4.4005
277.353 -2.38292 4.41053 0.00554813 277.37 -2.4118 4.4005
276.858 -2.55392 4.39859 4.48823e-06 277.37 -2.4118 4.4005
276.952 -1.94292 4.39091 0.0011338 277.37 -2.4118 4.4005
277.191 -2.77821 4.39538 2.70112e-06 277.37 -2.4118 4.4005
277.81 -1.75958 4.39892 2.78854e-09 277.37 -2.4118 4.4005
277.77 -2.1522 4.40115 0.000131111 277.37 -2.4118 4.4005
278.038 -2.21117 4.39741 1.96577e-11 277.37 -2.4118 4.4005
276.891 -2.72882 4.39453 4.57087e-07 277.37 -2.4118 4.4005
277.803 -2.27632 4.40273 7.9556e-05 277.37 -2.4118 4.4005
276.84 -2.64504 4.39853 1.6306e-07 277.37 -2.4118 4.4005
277.275 -2.29778 4.39063 0.0875147 277.37 -2.4118 4.4005
277.827 -2.592 4.41143 4.46253e-07 277.37 -2.4118 4.4005
277.414 -2.50789 4.37631 1.3206e-08 277.37 -2.4118 4.4005
277.254 -1.57958 4.41503 4.77534e-09 277.37 -2.4118 4.4005
277.261 -2.69061 4.39851 5.49843e-05 277.37 -2.4118 4.4005
277.26 -1.91612 4.40395 0.0103596 277.37 -2.4118 4.4005
277.493 -2.63606 4.38763 9.61435e-07 277.37 -2.4118 4.4005
277.179 -2.48628 4.40131 0.00641671 277.37 -2.4118 4.4005
277.414 -3.04713 4.38896 1.49276e-13 277.37 -2.4118 4.4005
277.352 -2.40617 4.38648 0.0017649 277.37 -2.4118 4.4005
277.263 -2.91329 4.41241 3.92639e-13 277.37 -2.4118 4.4005
277.191 -2.26774 4.39942 0.222511 277.37 -2.4118 4.4005
277.133 -2.39585 4.38141 0.00446396 277.37 -2.4118 4.4005
277.425 -2.50902 4.41224 0.000217237 277.37 -2.4118 4.4005
277.227 -1.93244 4.38908 0.00131647 277.37 -2.4118 4.4005
277.575 -1.96875 4.39849 0.00112613 277.37 -2.4118 4.4005
277.603 -2.17984 4.38116 2.08323e-09 277.37 -2.4118 4.4005
277.671 -3.04986 4.38739 8.19137e-18 277.37 -2.4118 4.4005
277.319 -2.19627 4.37585 5.3988e-07 277.37 -2.4118 4.4005
277.674 -2.64144 4.39674 3.32e-07 277.37 -2.4118 4.4005
276.942 -2.43534 4.37753 0.00176405 277.37 -2.4118 4.4005
277.04 -1.9793 4.3975 0.0062225 277.37 -2.4118 4.4005
277.518 -2.1993 4.38724 4.93608e-05 277.37 -2.4118 4.4005
277.286 -2.24966 4.39131 0.107524 277.37 -2.4118 4.4005
277.795 -2.65585 4.40141 2.06614e-08 277.37 -2.4118 4.4005
277.67 -2.93097 4.37501 1.20808e-20 277.37 -2.4118 4.4005
277.133 -2.56028 4.40249 0.000310056 277.37 -2.4118 4.4005
276.708 -2.54489 4.38798 1.57012e-05 277.37 -2.4118 4.4005
277.549 -2.07813 4.39622 0.00350233 277.37 -2.4118 4.4005
277.807 -2.89505 4.37899 2.05026e-21 277.37 -2.4118 4.4005
277.974 -1.91009 4.40322 5.44331e-09 277.37 -2.4118 4.4005
277.494 -2.45 4.38191 3.99561e-07 277.37 -2.4118 4.4005
277.456 -1.95985 4.403 0.0256804 277.37 -2.4118 4.4005
277.209 -2.74207 4.39563 1.19415e-05 277.37 -2.4118 4.4005
277.277 -1.87905 4.38505 1.238e-05 277.37 -2.4118 4.4005
277.219 -2.49542 4.39977 0.0118023 277.37 -2.4118 4.4005
277.679 -2.25333 4.40113 0.00218985 277.37 -2.4118 4.4005
277.295 -2.41834 4.39877 0.0730473 277.37 -2.4118 4.4005
276.92 -2.80566 4.38086 5.50439e-07 277.37 -2.4118 4.4005
277.175 -2.30374 4.40409 0.0357043 277.37 -2.4118 4.4005
276.61 -2.43734 4.38623 8.15729e-06 277.37 -2.4118 4.4005
