113.251 -23.1617 3.43048 1.04777e-05 113.33 -22.924 3.422
113.608 -22.9768 3.41726 0.00545726 113.33 -22.924 3.422
113.65 -22.6076 3.41477 6.89478e-06 113.33 -22.924 3.422
113.858 -22.9414 3.43219 6.00032e-07 113.33 -22.924 3.422
113.166 -22.4631 3.42907 1.96351e-11 113.33 -22.924 3.422
113.367 -23.2391 3.43079 2.99889e-05 113.33 -22.924 3.422
113.601 -22.907 3.43053 1.5689e-05 113.33 -22.924 3.422
113.498 -23.0698 3.42203 0.0199566 113.33 -22.924 3.422
113.213 -22.6536 3.41007 0.00573228 113.33 -22.924 3.422
113.563 -23.053 3.42287 0.00849884 113.33 -22.924 3.422
113.99 -23.0913 3.42455 1.09885e-06 113.33 -22.924 3.422
113.628 -22.9311 3.42313 0.00168855 113.33 -22.924 3.422
113.466 -23.2216 3.41983 0.0263553 113.33 -22.924 3.422
113.477 -23.2683 3.42016 0.0153287 113.33 -22.924 3.422
113.225 -22.9521 3.43874 1.96653e-12 113.33 -22.924 3.422
113.772 -22.8784 3.43706 4.1182e-09 113.33 -22.924 3.422
113.551 -23.3973 3.42932 6.27032e-05 113.33 -22.924 3.422
112.93 -22.4052 3.41839 1.40942e-08 113.33 -22.924 3.422
113.122 -23.2765 3.42999 1.07581e-06 113.33 -22.924 3.422
114.066 -23.2919 3.43662 2.63763e-09 113.33 -22.924 3.422
113.441 -23.0078 3.42746 0.000748249 113.33 -22.924 3.422
113.188 -22.9939 3.42606 0.000285462 113.33 -22.924 3.422
113.495 -23.0231 3.41917 0.0344554 113.33 -22.924 3.422
113.124 -23.4808 3.4178 0.000637833 113.33 -22.924 3.422
113.975 -23.2849 3.41622 1.88925e-08 113.33 -22.924 3.422
113.564 -22.5901 3.41691 3.0165e-05 113.33 -22.924 3.422
113.124 -23.342 3.41782 0.00897366 113.33 -22.924 3.422
113.226 -22.8387 3.42242 0.00205401 113.33 -22.924 3.422
113.14 -23.0981 3.40319 0.00679205 113.33 -22.924 3.422
113.598 -22.6384 3.42288 1.37083e-05 113.33 -22.924 3.422
113.278 -22.3074 3.40682 1.00594e-07 113.33 -22.924 3.422
113.413 -22.7608 3.40522 0.000264497 113.33 -22.924 3.422
112.497 -22.6528 3.43514 3.32798e-26 113.33 -22.924 3.422
113.112 -23.0015 3.4251 0.00023491 113.33 -22.924 3.422
113.906 -23.1263 3.4204 7.13752e-06 113.33 -22.924 3.422
112.774 -23.1559 3.42744 1.15745e-09 113.33 -22.924 3.422
112.999 -23.6406 3.41594 2.00018e-06 113.33 -22.924 3.422
112.935 -23.3535 3.42248 2.0199e-05 113.33 -22.924 3.422
113.487 -22.9649 3.42755 0.000505032 113.33 -22.924 3.422
113.064 -22.9525 3.4181 0.0232253 113.33 -22.924 3.422
113.155 -23.0544 3.42568 0.000363458 113.33 -22.924 3.422
112.899 -23.436 3.4283 1.29805e-07 113.33 -22.924 3.422
114.004 -23.1604 3.42808 6.28779e-07 113.33 -22.924 3.422
113.145 -23.1907 3.41587 0.0974457 113.33 -22.924 3.422
113.636 -23.4328 3.41628 5.74176e-05 113.33 -22.924 3.422
113.232 -23.4782 3.45019 4.45364e-23 113.33 -22.924 3.422
113.237 -22.9913 3.39726 8.60414e-06 113.33 -22.924 3.422
113.508 -22.9408 3.44038 2.56918e-11 113.33 -22.924 3.422
113.028 -22.8011 3.43693 8.1252e-15 113.33 -22.924 3.422
113.19 -23.2164 3.41195 0.0875765 113.33 -22.924 3.422
113.35 -22.8017 3.41676 0.0231014 113.33 -22.924 3.422
113.117 -22.9559 3.42954 7.79624e-07 113.33 -22.924 3.422
112.748 -23.4207 3.43737 1.87003e-14 113.33 -22.924 3.422
113.429 -23.157 3.42913 0.000295624 113.33 -22.924 3.422
113.319 -23.0143 3.41075 0.0918223 113.33 -22.924 3.422
113.215 -23.6861 3.42416 4.73025e-07 113.33 -22.924 3.422
113.238 -23.2624 3.4167 0.0575055 113.33 -22.924 3.422
113.56 -23.8118 3.41972 6.41073e-09 113.33 -22.924 3.422
113.247 -23.1114 3.43243 6.787e-07 113.33 -22.924 3.422
113.6 -22.72 3.42682 9.92534e-06 113.33 -22.924 3.422
113.421 -23.2304 3.44722 7.38169e-17 113.33 -22.924 3.422
113.796 -23.5143 3.42824 1.59644e-06 113.33 -22.924 3.422
113.901 -23.2751 3.4122 1.18535e-08 113.33 -22.924 3.422
113.253 -23.6244 3.42382 5.18538e-06 113.33 -22.924 3.422
113.7 -22.9104 3.44318 6.81862e-13 113.33 -22.924 3.422
113.373 -23.4376 3.42613 0.000210888 113.33 -22.924 3.422
113.054 -23.1093 3.40675 0.066789 113.33 -22.924 3.422
113.285 -23.8446 3.41519 4.31318e-09 113.33 -22.924 3.422
113.563 -22.6825 3.42289 5.97945e-05 113.33 -22.924 3.422
113.332 -22.462 3.42807 8.16617e-10 113.33 -22.924 3.422
113.167 -23.0035 3.4339 5.55053e-09 113.33 -22.924 3.422
113.717 -21.9178 3.42432 3.1948e-21 113.33 -22.924 3.422
113.37 -23.0974 3.40894 0.0169578 113.33 -22.924 3.422
113.499 -22.4735 3.40319 2.57709e-08 113.33 -22.924 3.422
113.544 -23.1615 3.42505 0.0044754 113.33 -22.924 3.422
112.944 -23.0824 3.41949 0.00193722 113.33 -22.924 3.422
113.377 -22.8641 3.41658 0.0441769 113.33 -22.924 3.422
113.818 -23.2841 3.41019 3.5779e-08 113.33 -22.924 3.422
113.466 -23.1544 3.42765 0.00113314 113.33 -22.924 3.422
113.251 -23.6081 3.41987 3.26355e-05 113.33 -22.924 3.422
113.638 -22.894 3.40759 1.27704e-05 113.33 -22.924 3.422
113.677 -23.0143 3.41558 0.000907074 113.33 -22.924 3.422
113.405 -22.9749 3.41571 0.0843098 113.33 -22.924 3.422
113.194 -23.1583 3.43435 1.41544e-08 113.33 -22.924 3.422
112.79 -22.9425 3.41827 7.78317e-05 113.33 -22.924 3.422
112.715 -23.0516 3.41451 0.00026979 113.33 -22.924 3.422
113.148 -23.5726 3.429 7.77851e-08 113.33 -22.924 3.422
113.17 -23.4005 3.40392 6.01337e-05 113.33 -22.924 3.422
113.478 -22.6854 3.42465 3.8687e-05 113.33 -22.924 3.422
113.807 -23.4525 3.42549 6.63683e-06 113.33 -22.924 3.422
113.833 -23.0595 3.43304 1.49085e-06 113.33 -22.924 3.422
113.148 -23.0153 3.4143 0.228209 113.33 -22.924 3.422
113.36 -23.343 3.43549 4.3942e-08 113.33 -22.924 3.422
113.353 -23.5509 3.42051 0.000163707 113.33 -22.924 3.422
113.364 -22.4002 3.42588 1.12304e-09 113.33 -22.924 3.422
112.939 -23.0175 3.43891 1.28185e-16 113.33 -22.924 3.422
113.631 -22.7361 3.42323 7.83651e-05 113.33 -22.924 3.422
112.875 -22.8617 3.43563 1.10833e-15 113.33 -22.924 3.422
113.037 -23.263 3.42559 2.90335e-05 113.33 -22.924 3.422
113.292 -23.1758 3.40932 0.0304715 113.33 -22.924 3.422
