-34.9507 -75.2543 2.10999 2.44338e-06
-34.7873 -75.2358 2.12184 7.9809e-10
-34.5236 -76.1293 2.10596 2.56211e-05
-34.1561 -76.0712 2.143 5.72959e-13
-34.3567 -75.0198 2.1089 8.24317e-06
-34.5646 -75.5985 2.11546 0.0266562
-34.6083 -76.0022 2.10297 8.66624e-05
-34.3064 -75.6829 2.12721 3.11125e-05
-34.0701 -75.1196 2.10296 4.92224e-06
-34.7019 -76.0233 2.13041 2.16381e-08
-34.5128 -75.649 2.1062 0.137938
-34.4893 -75.4946 2.13022 3.17328e-09
-34.4405 -75.4193 2.11664 0.00320565
-34.0385 -75.5978 2.13409 3.75726e-10
-33.7676 -76.1158 2.12422 1.26173e-07
-34.5518 -75.7172 2.11466 0.0635671
-34.3508 -75.7175 2.10116 0.00416065
-34.5943 -75.2669 2.11209 0.000854442
-34.5545 -76.2368 2.12083 2.46858e-05
-34.8015 -75.3098 2.12175 6.2421e-09
-34.8255 -75.2441 2.12221 2.23539e-10
-34.0124 -75.4555 2.10915 0.000587097
-34.7915 -75.7738 2.10717 0.00380259
-34.4295 -75.5979 2.09907 0.00600495
-34.3212 -75.6234 2.10897 0.14672
-34.11 -75.3342 2.12044 6.50933e-06
-34.8417 -75.5764 2.12204 4.87778e-07
-34.388 -75.7979 2.12522 0.000463877
-34.3921 -75.6396 2.12883 1.57832e-06
-34.4448 -76.293 2.10224 1.88915e-09
-34.979 -75.4968 2.12249 7.9808e-10
-34.2874 -75.6029 2.1308 9.88568e-08
-33.9489 -75.4169 2.10316 1.25973e-05
-34.2745 -74.8552 2.10251 9.05834e-08
-34.9774 -75.4744 2.11271 7.2408e-06
-34.9297 -75.964 2.12472 1.24381e-08
-34.6486 -76.0154 2.09453 9.72934e-09
-34.7127 -75.9278 2.10559 0.0008196
-35.0466 -74.9581 2.11183 2.93788e-12
-34.5649 -75.9849 2.1245 0.000129974
-34.1153 -75.7942 2.12672 8.01746e-05
-34.6711 -75.9023 2.11089 0.00757986
-34.5544 -75.346 2.1 0.0150453
-34.4273 -75.744 2.09927 0.00120684
-34.2258 -75.7897 2.12692 0.000122245
-34.6609 -76.2283 2.12829 7.65164e-08
-34.6957 -75.2272 2.09792 0.00134114
-34.2782 -75.7816 2.12046 0.0134655
-34.3211 -75.0965 2.10653 0.000148295
-34.3172 -76.014 2.11542 0.00988211
-34.1482 -75.766 2.11518 0.0226126
-34.7117 -76.3803 2.13001 1.21962e-06
-34.4125 -75.7609 2.12782 2.28321e-05
-33.9967 -75.5556 2.1165 0.000548563
-34.4922 -75.5703 2.12272 0.000197832
-34.5395 -74.6601 2.08738 5.4744e-11
-34.4012 -76.0257 2.09648 4.41097e-08
-35.2295 -75.8253 2.10672 3.46948e-09
-34.9025 -75.5196 2.1199 3.32996e-07
-34.9359 -75.9121 2.117 4.40976e-06
-34.3964 -75.7733 2.10759 0.0776336
-34.4282 -75.3307 2.08316 9.3079e-10
-34.7479 -75.858 2.10769 0.00310258
-34.255 -75.7705 2.10761 0.0283074
-34.1623 -75.9102 2.11556 0.0109911
-34.316 -75.7328 2.12948 4.47926e-06
-34.9068 -75.5833 2.11441 5.78774e-05
-34.2434 -75.7128 2.11822 0.0263621
-34.506 -75.378 2.11307 0.00913251
-33.9125 -75.3336 2.11418 4.47785e-06
-33.9143 -75.9293 2.11463 6.56455e-05
-34.3949 -75.1896 2.1208 1.92764e-07
-34.1876 -76.5839 2.10241 4.58564e-17
-34.163 -75.6103 2.10958 0.0269259
-34.4996 -75.2861 2.10181 0.0140293
-34.4909 -75.3447 2.10299 0.0323533
-34.5351 -75.4179 2.10867 0.0609682
-33.9133 -75.8368 2.12514 1.491e-05
-34.7027 -75.702 2.10926 0.0296807
-34.0442 -75.0977 2.10239 1.4139e-06
-34.4789 -75.4357 2.11879 0.000714525
-34.6269 -75.33 2.10857 0.00981884
-34.6575 -76.2613 2.11586 5.22776e-06
-34.7983 -75.488 2.11024 0.00292917
-34.6951 -75.8029 2.1004 0.000664558
-34.3024 -75.0323 2.11748 1.81509e-08
-34.9977 -75.3884 2.10939 8.65631e-06
-34.0391 -75.7092 2.11822 0.00224351
-35.0167 -76.041 2.11923 1.15418e-05
-34.1268 -76.2604 2.11379 3.35831e-06
-34.5616 -75.1325 2.1086 0.000246469
-34.5923 -75.7109 2.11628 0.0221747
-34.5554 -75.8229 2.11194 0.0633178
-34.3399 -75.5 2.13237 5.75996e-10
-34.2644 -75.742 2.11307 0.0935593
-34.2923 -75.8602 2.10181 0.000356943
-34.3703 -75.3116 2.12959 9.34318e-11
-34.3859 -75.4289 2.08555 7.1424e-09
-34.3758 -75.4677 2.11533 0.0169256
-34.8743 -75.5042 2.11861 2.2275e-06
