43.957 12.2608 0.146799 0.147638
43.8715 11.737 0.160895 1.18155e-21
43.9538 11.6337 0.140404 1.92759e-12
43.5341 11.9127 0.123359 1.13713e-27
43.5362 11.6685 0.157014 6.71938e-21
43.958 11.8583 0.152714 8.92138e-11
43.8445 13.0387 0.145255 1.55037e-10
43.2737 11.8046 0.138693 2.67919e-23
43.9654 12.1385 0.123415 5.5609e-13
43.829 12.3971 0.126117 2.00803e-13
44.0158 12.4506 0.151689 0.00731464
43.6073 11.9082 0.14707 1.98385e-09
43.4101 12.2809 0.164278 4.77916e-13
44.0386 12.2325 0.145944 0.134586
43.3224 12.3342 0.159315 9.04784e-11
43.6752 12.3867 0.126236 2.07422e-17
43.6465 12.2048 0.158668 3.26793e-08
43.4961 12.0229 0.146168 2.36695e-09
43.7814 12.1712 0.129862 3.64488e-10
44.0654 11.9852 0.149509 2.05192e-06
43.7152 12.0292 0.143076 9.9853e-06
43.9208 12.5081 0.149348 0.0778589
43.5301 12.5211 0.140488 1.72855e-08
44.0326 12.5197 0.13411 0.000521339
43.6942 12.5644 0.145637 0.00143915
42.8982 12.0991 0.149783 9.3684e-27
43.721 12.5234 0.144079 0.00280754
44.3629 11.6944 0.148834 5.56835e-17
43.6344 12.5375 0.147478 0.000626853
44.3847 12.6929 0.140675 4.55923e-05
44.109 12.0368 0.146259 0.000338487
43.3605 12.4992 0.141958 4.1446e-12
44.4869 12.1943 0.122562 8.95149e-09
43.6234 12.1469 0.138051 7.77374e-08
42.8259 12.098 0.137323 3.32316e-41
44.4667 12.118 0.136983 0.000402169
43.8013 12.2022 0.137736 0.00031964
44.0822 12.4227 0.133796 0.00448575
43.9802 12.186 0.146303 0.0512827
43.6147 12.2337 0.137949 1.44452e-07
43.5291 12.4724 0.144495 3.0734e-06
43.9844 12.4427 0.148684 0.145528
44.2371 12.8705 0.15899 1.11482e-14
43.4623 12.0781 0.141996 1.50797e-10
43.8082 12.5335 0.135985 9.08371e-06
44.2181 12.345 0.149983 0.000475849
43.6295 12.0211 0.137016 1.32941e-09
42.9808 11.885 0.149385 1.92551e-27
43.8854 12.6456 0.152759 0.00106149
43.8628 12.0722 0.155852 4.41861e-08
44.1851 11.99 0.160723 1.04236e-18
43.1014 11.9565 0.151366 7.49383e-21
44.1817 12.1497 0.137098 0.0610775
43.9274 12.2178 0.137485 0.012279
43.9119 12.4611 0.136612 0.00228415
44.4245 12.3428 0.150431 4.57982e-08
43.9295 12.1874 0.142616 0.0853384
44.2006 11.8304 0.137722 1.39448e-06
43.5992 12.0516 0.164299 7.77735e-16
43.3941 11.9849 0.166531 1.11628e-20
43.2872 11.4685 0.167231 2.05778e-41
43.6724 12.5955 0.150495 0.000934886
43.9398 12.3744 0.131506 7.8179e-06
43.8565 12.4257 0.148205 0.140607
43.6136 11.8834 0.139318 3.98597e-11
44.1016 12.183 0.146335 0.024201
43.7751 12.5173 0.144936 0.0198498
43.6758 12.2438 0.143564 0.000517539
44.2054 12.7128 0.14097 0.000841927
43.5116 12.3514 0.139407 5.3488e-09
43.7142 12.5559 0.130002 2.26695e-13
43.8756 12.3147 0.13328 2.35255e-05
43.9762 12.3906 0.124661 6.26409e-12
44.5424 11.8643 0.133441 2.65064e-08
44.302 12.0386 0.132261 0.000399569
44.1528 12.6674 0.150303 0.000181276
43.8849 11.8518 0.151798 3.5762e-10
43.5825 12.193 0.143025 3.44642e-06
43.7708 12.5273 0.148882 0.0216775
43.7713 12.468 0.135825 5.52638e-06
44.4903 11.4978 0.143258 1.04052e-21
44.4482 12.3048 0.156904 1.64832e-15
43.5616 12.3817 0.138393 2.04811e-08
43.4874 12.4526 0.166767 2.84204e-13
43.5491 11.6681 0.157518 3.87239e-21
43.7319 11.8449 0.138757 9.04622e-10
44.0648 11.8829 0.141372 1.15959e-05
43.8069 12.2295 0.154265 8.44637e-05
44.1932 12.2777 0.155143 5.25466e-08
43.9945 12.1204 0.142933 0.0364141
44.2561 12.5421 0.130136 1.5761e-05
43.5736 12.135 0.136241 2.64305e-10
43.6099 12.7968 0.141072 5.94909e-10
43.4118 12.8625 0.140088 4.03669e-17
43.5892 12.0552 0.134105 3.24389e-12
43.797 11.6193 0.152715 4.49188e-18
43.3861 12.3701 0.139564 1.45483e-12
43.4612 12.4632 0.140816 9.83625e-10
43.5252 12.543 0.11942 8.7922e-36
43.7636 12.2818 0.144234 0.016485
