-38.2286 -69.4915 1.90702 1.03914e-05
-38.0331 -70.3615 1.90124 6.69844e-05
-37.9019 -70.2834 1.91903 0.136604
-38.1278 -69.6948 1.91068 0.00250007
-37.4756 -69.5603 1.90842 4.04977e-09
-38.1654 -69.6262 1.91932 4.22396e-06
-38.2426 -69.229 1.89818 4.2155e-10
-37.7323 -70.0244 1.91673 0.0335038
-38.2141 -70.2539 1.91492 0.0608257
-38.2465 -69.8837 1.90027 0.0025454
-38.3892 -69.5208 1.90025 4.07413e-06
-37.9447 -69.1874 1.90192 3.33559e-11
-37.532 -69.527 1.90404 1.11457e-09
-37.2613 -69.5569 1.89685 1.18283e-17
-38.1888 -69.8491 1.89718 0.000256562
-38.4385 -69.4828 1.92922 5.29452e-17
-38.2023 -69.7413 1.89879 0.000331717
-38.0026 -69.7134 1.9032 0.000919967
-37.6133 -70.0774 1.91385 0.00401523
-37.868 -69.4983 1.9133 3.07994e-06
-37.6832 -70.1709 1.91334 0.0146584
-38.3309 -69.7243 1.92281 1.21647e-07
-38.1554 -69.6591 1.91522 0.000187767
-38.1853 -69.6993 1.90856 0.00260884
-37.9673 -69.554 1.94124 3.16169e-20
-37.7101 -69.6184 1.9083 1.10934e-05
-37.6403 -70.073 1.89146 1.29404e-12
-37.9116 -69.7079 1.91806 0.000405975
-37.6217 -69.3143 1.92781 2.68298e-15
-38.0641 -69.728 1.92079 7.76243e-05
-38.6465 -69.6087 1.91091 1.66577e-08
-37.9318 -69.7928 1.92814 1.26341e-06
-37.6458 -69.183 1.92568 2.08935e-17
-37.5227 -69.416 1.91874 8.77067e-11
-38.0495 -70.0944 1.91998 0.0622316
-38.1671 -69.947 1.91709 0.0204133
-37.7228 -69.6838 1.90528 1.91621e-05
-37.9774 -69.2003 1.89981 4.71343e-11
-38.0678 -69.1574 1.90295 2.92048e-11
-37.7466 -69.3806 1.91068 1.27324e-08
-37.7922 -69.2446 1.91013 7.71537e-11
-38.494 -70.1634 1.91712 0.000101796
-37.3949 -70.1601 1.8954 1.10838e-14
-37.7836 -69.9764 1.90929 0.0145749
-37.4015 -69.2167 1.90885 7.08299e-16
-37.8217 -69.9567 1.91063 0.0337815
-38.0999 -70.1126 1.903 0.0117211
-37.86 -69.544 1.90924 1.93693e-05
-38.1998 -69.8256 1.89683 0.000174649
-37.8106 -69.8379 1.91248 0.00983034
-37.5218 -69.875 1.90806 6.95917e-06
-38.0481 -69.7196 1.9127 0.00368967
-37.946 -69.6173 1.88996 7.7753e-10
-37.3107 -69.4836 1.90342 2.73259e-14
-37.8719 -69.3885 1.92695 9.86859e-13
-37.7276 -69.3223 1.9212 7.64709e-12
-37.9782 -70.1622 1.88566 1.98426e-13
-38.1983 -69.7838 1.9204 8.62605e-05
-38.188 -69.716 1.91488 0.000686373
-37.9702 -70.0922 1.91612 0.261181
-38.1176 -69.4306 1.89601 8.87806e-08
-38.341 -70.1263 1.90747 0.0201128
-37.6959 -69.684 1.9083 3.74428e-05
-38.1023 -69.8957 1.91414 0.0508034
-38.4341 -69.3095 1.92224 9.71873e-16
-37.5727 -69.3113 1.91613 6.58035e-12
-38.6865 -70.4463 1.90631 9.79264e-08
-38.0256 -69.3771 1.90137 1.1707e-07
-38.0857 -69.3942 1.90734 5.71997e-07
-38.7554 -70.169 1.92191 7.70369e-11
-38.4076 -69.949 1.89292 4.17012e-06
-38.4913 -69.6756 1.91541 4.94762e-07
-37.7543 -69.6028 1.92356 2.37912e-07
-38.1609 -69.9072 1.90671 0.0487077
-38.0431 -69.736 1.92172 5.50776e-05
-38.2897 -69.4273 1.89569 1.11468e-07
-37.7729 -70.7529 1.91802 1.08291e-05
-38.0254 -69.8865 1.90371 0.0106598
-38.4753 -69.2266 1.90873 4.92985e-12
-38.294 -70.0805 1.91821 0.00560542
-37.6529 -69.5185 1.91481 2.38415e-07
-37.8485 -70.3673 1.9039 7.88833e-05
-37.8046 -69.7088 1.91879 0.000177888
-37.5098 -70.1556 1.90999 4.21279e-05
-37.5728 -69.8212 1.91906 9.55659e-05
-37.5357 -69.7917 1.90385 2.12179e-07
-37.9535 -69.7475 1.91631 0.00242727
-37.8084 -69.8527 1.93177 1.70665e-07
-37.7157 -70.1624 1.89435 6.58032e-10
-37.5949 -69.877 1.9201 0.000338657
-37.4481 -69.4037 1.92555 1.4247e-13
-37.678 -69.4569 1.92481 1.24858e-10
-38.1396 -70.0806 1.91568 0.134115
-37.74 -70.0152 1.91282 0.0258168
-37.7675 -69.7274 1.90867 0.000407834
-38.3235 -69.4968 1.89592 6.77099e-07
-38.0436 -69.6892 1.911 0.00248684
-37.5839 -69.22 1.93167 4.93211e-20
-38.0758 -69.4128 1.92567 3.38137e-12
-38.1337 -69.8201 1.91247 0.0199525
