-29.7647 -18.5233 1.01866 2.4918e-07 -29.844 -17.998 1.0058
-30.2123 -17.8866 1.00643 2.15174e-05 -29.844 -17.998 1.0058
-29.5832 -18.2503 0.990052 1.01286e-07 -29.844 -17.998 1.0058
-29.813 -18.6688 0.996527 1.74665e-11 -29.844 -17.998 1.0058
-29.8773 -17.5834 0.997048 3.68869e-05 -29.844 -17.998 1.0058
-29.6693 -17.5115 1.02124 1.36129e-27 -29.844 -17.998 1.0058
-30.1089 -18.0069 1.00878 0.00129927 -29.844 -17.998 1.0058
-29.9745 -18.3361 1.01423 0.000806363 -29.844 -17.998 1.0058
-29.6133 -18.0078 0.995789 0.0200353 -29.844 -17.998 1.0058
-29.9185 -17.495 1.01006 1.68681e-13 -29.844 -17.998 1.0058
-29.6943 -17.941 1.00897 0.000818858 -29.844 -17.998 1.0058
-29.9713 -17.9363 0.99183 0.00064872 -29.844 -17.998 1.0058
-29.9166 -17.9747 1.00887 0.00922862 -29.844 -17.998 1.0058
-29.5025 -17.7218 1.00004 2.07489e-05 -29.844 -17.998 1.0058
-29.7019 -17.8573 1.02854 4.91215e-27 -29.844 -17.998 1.0058
-29.6827 -17.7066 1.01701 3.31408e-15 -29.844 -17.998 1.0058
-29.8812 -18.2641 1.00825 0.15219 -29.844 -17.998 1.0058
-29.9303 -17.7539 0.994897 0.00310591 -29.844 -17.998 1.0058
-29.7667 -17.5897 1.0033 1.22231e-06 -29.844 -17.998 1.0058
-30.1156 -17.7885 1.00162 0.000285361 -29.844 -17.998 1.0058
-29.8942 -17.9862 1.01622 2.53603e-07 -29.844 -17.998 1.0058
-29.5996 -17.3502 1.01263 4.66704e-23 -29.844 -17.998 1.0058
-29.4448 -17.5325 1.01002 2.41599e-16 -29.844 -17.998 1.0058
-29.5455 -18.1401 1.0089 0.000538976 -29.844 -17.998 1.0058
-29.7388 -17.5559 0.992886 1.17187e-05 -29.844 -17.998 1.0058
-29.5629 -18.5165 1.00884 8.55693e-06 -29.844 -17.998 1.0058
-30.121 -18.2995 0.995356 2.07677e-06 -29.844 -17.998 1.0058
-29.97 -18.2442 0.998678 0.014956 -29.844 -17.998 1.0058
-29.476 -18.0294 1.0134 1.81574e-08 -29.844 -17.998 1.0058
-30.3144 -17.9445 0.994465 5.91457e-08 -29.844 -17.998 1.0058
-29.8665 -17.9645 1.01156 0.000298734 -29.844 -17.998 1.0058
-29.8825 -17.6963 1.00719 3.80443e-06 -29.844 -17.998 1.0058
-29.7653 -18.2042 0.995987 0.010348 -29.844 -17.998 1.0058
-29.9245 -18.3398 1.00341 0.0483701 -29.844 -17.998 1.0058
-30.059 -17.7255 1.01253 7.67269e-10 -29.844 -17.998 1.0058
-29.7636 -18.1686 1.0073 0.1977 -29.844 -17.998 1.0058
-30.3303 -17.5795 0.998244 4.69533e-11 -29.844 -17.998 1.0058
-29.2481 -17.4309 1.0082 2.61743e-22 -29.844 -17.998 1.0058
-29.7108 -18.2735 1.01389 0.000290841 -29.844 -17.998 1.0058
-29.4878 -18.0969 1.0062 0.000471524 -29.844 -17.998 1.0058
-30.0138 -18.1423 1.00437 0.213893 -29.844 -17.998 1.0058
-29.8967 -18.3428 0.993111 1.61929e-06 -29.844 -17.998 1.0058
-29.9974 -17.9245 0.993098 0.00157674 -29.844 -17.998 1.0058
-29.4197 -17.7269 1.00708 1.03607e-09 -29.844 -17.998 1.0058
-30.1296 -18.1251 1.00328 0.0155603 -29.844 -17.998 1.0058
-30.0755 -18.349 1.00353 0.00378623 -29.844 -17.998 1.0058
-29.6948 -17.4779 1.00704 3.37015e-12 -29.844 -17.998 1.0058
-30.0782 -17.8602 1.01061 5.45364e-06 -29.844 -17.998 1.0058
-29.6439 -18.2379 0.997482 0.00535912 -29.844 -17.998 1.0058
-29.8208 -18.1477 1.00966 0.0549612 -29.844 -17.998 1.0058
-29.2598 -18.4758 0.991748 5.43749e-16 -29.844 -17.998 1.0058
-29.931 -18.1131 1.02416 1.76736e-13 -29.844 -17.998 1.0058
-29.8137 -17.7102 1.00285 0.000535546 -29.844 -17.998 1.0058
-29.7446 -18.3229 1.00402 0.0686314 -29.844 -17.998 1.0058
-30.0666 -17.7804 1.00566 7.93149e-05 -29.844 -17.998 1.0058
-29.9318 -17.5826 1.00485 1.46537e-07 -29.844 -17.998 1.0058
-30.1165 -17.2628 0.997863 2.34048e-15 -29.844 -17.998 1.0058
-29.388 -17.9747 1.01564 7.33492e-13 -29.844 -17.998 1.0058
-30.0188 -18.0321 0.999498 0.0963137 -29.844 -17.998 1.0058
-29.6567 -17.7521 1.01844 6.09357e-16 -29.844 -17.998 1.0058
-30.4389 -18.0963 1.00782 1.27525e-08 -29.844 -17.998 1.0058
-29.5206 -17.6821 1.00758 3.09276e-09 -29.844 -17.998 1.0058
-29.5888 -17.9923 1.00765 0.00100628 -29.844 -17.998 1.0058
-29.7434 -17.7712 0.990707 0.000617565 -29.844 -17.998 1.0058
-30.4328 -17.4035 1.01611 3.40413e-29 -29.844 -17.998 1.0058
-29.4997 -17.83 1.0138 1.87854e-11 -29.844 -17.998 1.0058
-29.9705 -18.4798 1.00271 0.000275013 -29.844 -17.998 1.0058
-30.0307 -17.5853 0.992633 1.55918e-06 -29.844 -17.998 1.0058
-30.1946 -18.265 0.999652 5.84382e-05 -29.844 -17.998 1.0058
-30.0989 -18.1981 1.01596 9.8872e-06 -29.844 -17.998 1.0058
-29.4717 -18.0511 1.0193 1.2141e-13 -29.844 -17.998 1.0058
-29.5208 -17.9463 1.01333 1.07631e-08 -29.844 -17.998 1.0058
-29.3702 -17.9481 0.997091 1.59277e-05 -29.844 -17.998 1.0058
-29.6403 -18.1979 1.00667 0.0366256 -29.844 -17.998 1.0058
-29.6476 -18.4785 0.994379 1.46381e-08 -29.844 -17.998 1.0058
-29.8736 -18.109 1.01127 0.00906036 -29.844 -17.998 1.0058
-29.7748 -17.6929 1.00121 0.000679026 -29.844 -17.998 1.0058
-30.3759 -18.45 1.0147 3.11554e-09 -29.844 -17.998 1.0058
-30.0686 -18.1013 1.01121 0.0015935 -29.844 -17.998 1.0058
-30.2104 -18.6041 1.00453 1.39004e-08 -29.844 -17.998 1.0058
-29.2785 -17.7655 1.01003 2.79297e-14 -29.844 -17.998 1.0058
-30.1548 -17.836 1.00174 0.000300273 -29.844 -17.998 1.0058
-30.1973 -17.9032 1.02017 2.84815e-14 -29.844 -17.998 1.0058
-29.9229 -18.5946 0.991165 1.84679e-14 -29.844 -17.998 1.0058
-29.2751 -18.2323 0.992895 2.67491e-10 -29.844 -17.998 1.0058
-30.3022 -17.9828 0.99493 1.7627e-07 -29.844 -17.998 1.0058
-30.0801 -18.3669 1.00697 0.00499696 -29.844 -17.998 1.0058
-29.5066 -18.4415 1.00669 1.81952e-05 -29.844 -17.998 1.0058
-30.1277 -17.4949 1.01668 1.77914e-21 -29.844 -17.998 1.0058
-30.2688 -18.5173 1.01036 3.82211e-07 -29.844 -17.998 1.0058
-30.0792 -17.9481 1.01318 2.94166e-06 -29.844 -17.998 1.0058
-29.4152 -18.1144 1.00283 0.00012783 -29.844 -17.998 1.0058
-29.8252 -17.7213 1.01296 8.58491e-10 -29.844 -17.998 1.0058
-30.1029 -17.5313 1.01442 1.91435e-17 -29.844 -17.998 1.0058
-29.9179 -17.9333 0.99389 0.0130285 -29.844 -17.998 1.0058
-29.5989 -18.2948 1.00283 0.00831624 -29.844 -17.998 1.0058
-29.6064 -17.9367 1.00688 0.00106077 -29.844 -17.998 1.0058
-29.9684 -17.457 0.993028 3.86314e-08 -29.844 -17.998 1.0058
-29.7237 -18.7527 1.00372 6.23537e-10 -29.844 -17.998 1.0058
-30.1194 -18.1786 0.992633 1.23511e-06 -29.844 -17.998 1.0058
