117.502 19.1024 0.0532953 4.25389e-05 117.03 19.351 0.06407
117.513 18.9782 0.0512684 1.09718e-06 117.03 19.351 0.06407
116.963 18.9248 0.0504896 2.66985e-06 117.03 19.351 0.06407
117.247 19.3181 0.0543798 0.0580267 117.03 19.351 0.06407
117.419 18.9564 0.0764556 1.86951e-10 117.03 19.351 0.06407
117.505 18.5569 0.0775459 9.75e-19 117.03 19.351 0.06407
117.076 19.0361 0.0510746 0.000202491 117.03 19.351 0.06407
117.624 19.6105 0.0719591 5.31959e-09 117.03 19.351 0.06407
117.798 18.9053 0.0516511 3.33143e-11 117.03 19.351 0.06407
117.701 18.5102 0.0523201 2.48992e-17 117.03 19.351 0.06407
117.788 20.1725 0.04915 4.74003e-12 117.03 19.351 0.06407
117.538 19.4834 0.0242924 1.53368e-12 117.03 19.351 0.06407
117.522 18.8366 0.0520104 9.32347e-09 117.03 19.351 0.06407
117.659 18.313 0.0570652 6.21489e-22 117.03 19.351 0.06407
117.344 18.4252 0.0515151 3.49947e-16 117.03 19.351 0.06407
117.44 18.935 0.0561218 1.9133e-06 117.03 19.351 0.06407
117.585 18.5614 0.055593 1.29067e-14 117.03 19.351 0.06407
117.245 18.8793 0.0406491 2.51448e-09 117.03 19.351 0.06407
117.575 18.8144 0.0711806 1.59697e-12 117.03 19.351 0.06407
117.523 18.6105 0.0509987 4.26086e-13 117.03 19.351 0.06407
117.839 18.9542 0.0682511 2.3506e-14 117.03 19.351 0.06407
117.488 19.0054 0.0490366 2.27745e-06 117.03 19.351 0.06407
117.084 18.8542 0.0518524 1.02984e-06 117.03 19.351 0.06407
116.917 19.119 0.0470983 3.42999e-05 117.03 19.351 0.06407
117.632 18.8847 0.0456622 7.56581e-10 117.03 19.351 0.06407
117.262 19.2572 0.0588222 0.028105 117.03 19.351 0.06407
117.648 19.0521 0.0689803 6.33519e-10 117.03 19.351 0.06407
116.971 18.8926 0.0480497 2.29136e-07 117.03 19.351 0.06407
117.104 18.7032 0.0626247 1.36068e-08 117.03 19.351 0.06407
117.19 18.9615 0.0427353 2.08723e-07 117.03 19.351 0.06407
117.694 18.8378 0.0601628 3.21904e-11 117.03 19.351 0.06407
116.718 18.7839 0.0387205 2.05602e-15 117.03 19.351 0.06407
117.27 18.6421 0.0509314 6.67798e-11 117.03 19.351 0.06407
117.259 18.7587 0.0511692 1.43401e-08 117.03 19.351 0.06407
117.349 19.4703 0.0546773 0.047592 117.03 19.351 0.06407
117.549 19.1089 0.0692691 5.84481e-08 117.03 19.351 0.06407
117.808 19.2087 0.0638539 6.06806e-10 117.03 19.351 0.06407
117.688 18.9749 0.050602 1.06872e-08 117.03 19.351 0.06407
117.21 19.6667 0.0488681 0.020843 117.03 19.351 0.06407
117.3 18.688 0.0643857 6.28375e-10 117.03 19.351 0.06407
117.102 19.5643 0.0517573 0.108883 117.03 19.351 0.06407
116.914 18.8145 0.0545246 2.17964e-07 117.03 19.351 0.06407
117.771 19.5318 0.0543597 1.20484e-06 117.03 19.351 0.06407
117.729 19.0994 0.0636874 2.74555e-09 117.03 19.351 0.06407
117.121 18.5065 0.0544468 3.71276e-13 117.03 19.351 0.06407
116.746 18.9412 0.0523648 4.07256e-07 117.03 19.351 0.06407
116.69 19.0118 0.0322311 2.46719e-16 117.03 19.351 0.06407
117.59 19.1386 0.0574042 7.68431e-06 117.03 19.351 0.06407
116.861 19.4061 0.0644682 0.0895202 117.03 19.351 0.06407
118.083 18.7587 0.0482431 5.23193e-19 117.03 19.351 0.06407
117.413 19.5599 0.026673 8.01051e-11 117.03 19.351 0.06407
117.166 19.6321 0.0439512 0.00208524 117.03 19.351 0.06407
117.348 18.944 0.0350921 9.88769e-11 117.03 19.351 0.06407
116.751 18.8731 0.0518076 3.43875e-08 117.03 19.351 0.06407
117.395 19.0436 0.0528355 6.86639e-05 117.03 19.351 0.06407
117.077 19.2022 0.0449925 0.000234157 117.03 19.351 0.06407
117.272 19.0111 0.0495395 4.31619e-05 117.03 19.351 0.06407
117.455 18.6785 0.0491645 2.29322e-11 117.03 19.351 0.06407
116.836 19.4699 0.0362892 1.53476e-08 117.03 19.351 0.06407
117.283 18.4166 0.035261 1.37387e-21 117.03 19.351 0.06407
117.184 19.2096 0.0638677 0.0129089 117.03 19.351 0.06407
116.953 19.4967 0.0659489 0.110427 117.03 19.351 0.06407
117.499 18.7793 0.0431895 5.28816e-11 117.03 19.351 0.06407
117.334 19.0302 0.0348954 1.15854e-09 117.03 19.351 0.06407
117.274 19.0259 0.0571341 0.000306236 117.03 19.351 0.06407
116.978 19.4862 0.0600638 0.299202 117.03 19.351 0.06407
117.198 18.7666 0.0348717 6.42376e-14 117.03 19.351 0.06407
117.273 18.8673 0.0623672 1.64209e-06 117.03 19.351 0.06407
116.851 18.4782 0.0708565 3.83537e-14 117.03 19.351 0.06407
117.627 18.8637 0.0563329 1.77302e-09 117.03 19.351 0.06407
117.261 19.5779 0.0674928 0.00470136 117.03 19.351 0.06407
117.029 19.1231 0.0443138 1.93715e-05 117.03 19.351 0.06407
117.45 19.2178 0.0653873 7.52402e-05 117.03 19.351 0.06407
117.33 19.0094 0.0497644 2.81496e-05 117.03 19.351 0.06407
117.238 18.6575 0.0494722 8.97722e-11 117.03 19.351 0.06407
117.453 19.9154 0.0721934 7.47207e-09 117.03 19.351 0.06407
117.666 19.2513 0.0409946 3.82931e-07 117.03 19.351 0.06407
117.027 18.9061 0.0767978 6.16965e-08 117.03 19.351 0.06407
117.12 19.0023 0.0460715 6.27332e-06 117.03 19.351 0.06407
117.398 18.6319 0.0404767 2.98094e-14 117.03 19.351 0.06407
117.031 19.3101 0.0501852 0.0168199 117.03 19.351 0.06407
117.513 18.6554 0.0457479 6.93332e-13 117.03 19.351 0.06407
116.974 19.6045 0.0634751 0.131508 117.03 19.351 0.06407
117.639 18.385 0.0550145 1.25821e-19 117.03 19.351 0.06407
117.703 18.645 0.0553398 2.28311e-14 117.03 19.351 0.06407
117.52 18.4711 0.0489155 1.38403e-16 117.03 19.351 0.06407
117.517 18.9436 0.0611469 1.85815e-07 117.03 19.351 0.06407
116.998 18.8679 0.0468421 5.66172e-08 117.03 19.351 0.06407
117.021 18.922 0.0593368 5.32995e-05 117.03 19.351 0.06407
116.703 18.8476 0.0447599 1.52573e-11 117.03 19.351 0.06407
117.885 19.5486 0.0582388 2.92829e-09 117.03 19.351 0.06407
117.056 19.0897 0.0557656 0.0031225 117.03 19.351 0.06407
117.772 19.1063 0.058003 7.51648e-09 117.03 19.351 0.06407
117.285 19.1495 0.0505549 0.00150319 117.03 19.351 0.06407
117.38 18.769 0.0587298 1.4224e-08 117.03 19.351 0.06407
117.071 18.7538 0.0609124 1.37208e-07 117.03 19.351 0.06407
117.402 19.068 0.0580916 0.000128495 117.03 19.351 0.06407
117.022 19.2679 0.0525266 0.0252983 117.03 19.351 0.06407
117.023 19.2594 0.0541345 0.0381889 117.03 19.351 0.06407
117.321 18.8459 0.0520668 3.34852e-07 117.03 19.351 0.06407
