191.819 24.8508 0.0864505 7.63367e-08
192.32 25.1537 0.0770994 2.98765e-10
192.096 24.9327 0.0521529 9.02024e-08
192.101 24.4123 0.0750912 0.000636791
192.469 24.1685 0.0630144 3.98465e-09
192.046 24.579 0.0732417 0.0496211
191.904 25.119 0.0880416 4.17471e-12
192.349 24.8071 0.051368 2.39863e-07
192.158 24.5246 0.0552818 0.000244771
192.015 24.6734 0.0641851 0.146946
192.365 24.5343 0.0661299 0.00118425
191.923 24.675 0.0740536 0.0619731
192.486 24.5684 0.073342 2.86389e-07
192.191 25.5437 0.0899549 7.71666e-27
192.474 25.1132 0.0627976 4.1723e-09
191.892 24.2156 0.0769955 8.92782e-07
192.078 25.3826 0.0681554 1.53649e-11
192.485 24.4976 0.072663 2.46896e-07
191.849 25.3255 0.0649025 4.67988e-11
191.802 24.8713 0.0741416 0.00358582
191.757 24.6142 0.0714884 0.0172731
192.147 24.4397 0.0665289 0.0208416
192.119 24.6314 0.0811659 1.57539e-05
191.658 24.4905 0.0501458 5.17031e-13
191.666 24.3748 0.086185 1.29275e-09
192.596 24.7955 0.0540202 6.7951e-09
191.966 24.9004 0.0482128 3.68114e-11
191.733 24.3734 0.0702426 0.000306425
192.068 24.8041 0.0672201 0.0976581
192.069 25.2136 0.0808394 2.33556e-10
192.267 24.7068 0.0785578 8.86196e-06
191.544 24.8009 0.0651229 9.42062e-07
191.99 24.1999 0.0714557 1.34934e-05
191.655 24.7854 0.0790399 7.7007e-05
192.178 24.3307 0.089614 3.84535e-15
192.236 24.8714 0.0667807 0.0050335
192.085 24.4799 0.0937281 2.54337e-16
192.464 24.4518 0.0891242 4.58025e-19
191.742 24.5571 0.0912043 2.52806e-11
192.394 25.1501 0.0735549 5.6782e-10
191.883 24.4241 0.0717165 0.0088446
192.314 24.0973 0.0626391 1.25322e-08
192.27 24.0955 0.0803265 2.13914e-13
191.912 24.3532 0.0761271 0.000208146
192.296 25.3031 0.0824412 5.80085e-16
191.968 24.1665 0.0672937 6.71431e-06
191.714 24.4071 0.0778121 3.83328e-05
192.158 24.4546 0.0739335 0.00149022
192.382 24.7881 0.0847272 4.11937e-12
191.881 24.6602 0.0707413 0.129065
191.569 24.8128 0.0523083 1.28527e-13
191.989 24.5982 0.0697401 0.221297
191.931 24.6716 0.0804492 0.000446
192.559 24.6778 0.0857581 3.65339e-17
192.368 24.6695 0.069522 0.000683767
192.034 24.2714 0.0609958 8.34835e-05
192.402 24.3923 0.0696215 9.02846e-06
191.85 25.0065 0.0606762 5.78023e-06
192.42 25.1094 0.0646006 3.64605e-08
192.576 24.4943 0.0660702 2.17741e-07
192.259 24.2023 0.0642454 4.21643e-06
192.018 24.4041 0.0608307 0.00241236
192.035 24.8273 0.0587044 0.00124252
192.296 24.211 0.0690448 9.87535e-07
191.381 24.7951 0.0564965 3.19061e-15
192.304 25.0287 0.0685552 1.37038e-05
191.638 24.3738 0.0790669 1.44341e-06
192.27 24.7477 0.0557291 0.000165827
192.101 24.8151 0.0809349 1.54505e-05
191.861 24.8253 0.0550191 1.12998e-06
191.727 25.0243 0.0568922 1.19802e-09
191.93 24.9269 0.0524407 1.35657e-08
191.95 24.409 0.0710608 0.0112289
192.471 24.2598 0.078623 8.43412e-13
192.094 25.25 0.0748217 4.94808e-09
191.834 24.9181 0.0539854 1.54444e-08
192.681 24.6323 0.0746761 1.8453e-12
192.261 24.4168 0.0553359 3.35734e-05
191.701 24.6 0.0780211 0.000499062
191.881 24.7784 0.0825758 3.05561e-05
192.058 24.583 0.0825806 5.38039e-06
192.145 24.5045 0.0829013 1.95125e-07
192.115 24.4398 0.0599152 0.00359692
192.345 24.7967 0.0751843 1.27112e-05
192.803 24.7462 0.0831858 1.02973e-22
191.806 25.2536 0.0550451 3.64022e-14
192.048 25.1347 0.0644252 4.55188e-06
192.04 25.3626 0.0662596 4.46804e-11
192.426 25.0789 0.0570522 6.387e-09
191.974 24.6887 0.0600726 0.00984036
191.341 24.2501 0.0566941 1.60268e-18
192.077 24.9508 0.061285 0.000645068
191.728 24.0295 0.0656673 1.1129e-10
191.355 24.4787 0.0703392 7.63847e-10
192.015 24.4708 0.059936 0.00430332
192.016 24.8659 0.0707866 0.0318984
191.894 24.6941 0.0635707 0.0333981
191.947 24.7102 0.0655266 0.129837
191.971 24.3765 0.0728593 0.00275013
191.653 24.5397 0.0748298 0.000457379
