4.96095 -94.7923 3.32629 4.86507e-06 5.529 -95.341 3.3311
5.59425 -95.3075 3.31389 0.000117209 5.529 -95.341 3.3311
5.53761 -95.5627 3.32793 0.0257404 5.529 -95.341 3.3311
5.70737 -94.6255 3.33908 1.78265e-05 5.529 -95.341 3.3311
5.5916 -95.0398 3.35226 1.61465e-05 5.529 -95.341 3.3311
5.97037 -95.0765 3.35178 5.38932e-06 5.529 -95.341 3.3311
4.82886 -95.7633 3.33315 3.82316e-08 5.529 -95.341 3.3311
5.43687 -95.1013 3.32305 0.0165934 5.529 -95.341 3.3311
4.66433 -94.8837 3.34331 6.89052e-12 5.529 -95.341 3.3311
5.76952 -94.6173 3.34973 1.51822e-06 5.529 -95.341 3.3311
5.411 -94.6578 3.32121 4.06405e-07 5.529 -95.341 3.3311
5.63362 -95.5144 3.33963 0.00157597 5.529 -95.341 3.3311
5.51361 -95.7494 3.3204 0.00121005 5.529 -95.341 3.3311
4.9738 -95.3307 3.34508 8.33804e-08 5.529 -95.341 3.3311
4.90139 -95.4336 3.32463 0.000906499 5.529 -95.341 3.3311
4.81534 -95.8994 3.3273 4.50291e-08 5.529 -95.341 3.3311
5.36981 -95.4638 3.33339 0.0326342 5.529 -95.341 3.3311
5.28733 -94.7996 3.33538 0.000598288 5.529 -95.341 3.3311
5.18382 -94.8996 3.33564 0.000894032 5.529 -95.341 3.3311
4.91112 -95.0601 3.35256 1.35982e-11 5.529 -95.341 3.3311
5.52728 -95.3064 3.3304 0.128781 5.529 -95.341 3.3311
4.44654 -95.3153 3.32396 1.18447e-09 5.529 -95.341 3.3311
5.7315 -94.6832 3.33156 1.29241e-05 5.529 -95.341 3.3311
5.89455 -95.2767 3.3339 0.00220963 5.529 -95.341 3.3311
5.56795 -94.939 3.34886 0.000138436 5.529 -95.341 3.3311
5.61647 -95.1833 3.33709 0.0434637 5.529 -95.341 3.3311
4.92019 -94.9521 3.32735 5.50883e-05 5.529 -95.341 3.3311
5.54313 -94.847 3.3387 0.00273953 5.529 -95.341 3.3311
5.24185 -94.8848 3.35057 5.781e-07 5.529 -95.341 3.3311
5.2724 -94.9607 3.33471 0.00678361 5.529 -95.341 3.3311
5.28249 -94.9032 3.3334 0.00399152 5.529 -95.341 3.3311
5.25101 -95.0854 3.33878 0.00436693 5.529 -95.341 3.3311
5.44588 -95.225 3.32294 0.0464751 5.529 -95.341 3.3311
5.68695 -94.9974 3.32283 0.000300477 5.529 -95.341 3.3311
4.96502 -94.8915 3.3326 2.96999e-05 5.529 -95.341 3.3311
5.8108 -94.8153 3.32932 3.57743e-05 5.529 -95.341 3.3311
5.63542 -94.7043 3.35253 1.64662e-06 5.529 -95.341 3.3311
5.54427 -94.1882 3.35131 3.12244e-12 5.529 -95.341 3.3311
6.02257 -95.3012 3.32586 1.3484e-05 5.529 -95.341 3.3311
5.44714 -94.8787 3.33427 0.00594617 5.529 -95.341 3.3311
5.75296 -95.0756 3.33613 0.0116286 5.529 -95.341 3.3311
5.52182 -95.2262 3.33179 0.124622 5.529 -95.341 3.3311
5.64665 -94.9601 3.32331 0.000372014 5.529 -95.341 3.3311
5.41245 -95.4897 3.31127 0.000349655 5.529 -95.341 3.3311
5.24467 -95.6315 3.32997 0.00525862 5.529 -95.341 3.3311
6.00086 -95.149 3.34169 0.000190907 5.529 -95.341 3.3311
5.88247 -95.9251 3.32966 1.89462e-07 5.529 -95.341 3.3311
5.23812 -95.2857 3.33677 0.00971578 5.529 -95.341 3.3311
5.86737 -95.5721 3.31116 3.5297e-08 5.529 -95.341 3.3311
5.01743 -95.1809 3.33844 0.000100487 5.529 -95.341 3.3311
4.99339 -95.1257 3.34188 5.56422e-06 5.529 -95.341 3.3311
5.72295 -94.4072 3.34003 2.91009e-08 5.529 -95.341 3.3311
5.71637 -95.2969 3.31789 0.000223204 5.529 -95.341 3.3311
5.52325 -95.4001 3.33818 0.0149594 5.529 -95.341 3.3311
5.43898 -94.8448 3.33008 0.00223787 5.529 -95.341 3.3311
5.53455 -95.0115 3.33315 0.0320518 5.529 -95.341 3.3311
5.42939 -95.6265 3.33669 0.00104711 5.529 -95.341 3.3311
5.54022 -95.3472 3.33714 0.0334109 5.529 -95.341 3.3311
5.47249 -94.6371 3.31949 4.05365e-08 5.529 -95.341 3.3311
5.33344 -95.2469 3.3284 0.134524 5.529 -95.341 3.3311
5.80762 -94.8096 3.32649 7.89642e-06 5.529 -95.341 3.3311
5.09266 -95.1387 3.33019 0.00791013 5.529 -95.341 3.3311
5.12893 -95.0047 3.32763 0.00386892 5.529 -95.341 3.3311
5.50889 -95.2571 3.3188 0.00621533 5.529 -95.341 3.3311
5.88904 -95.2118 3.32518 0.000225744 5.529 -95.341 3.3311
5.42887 -95.2593 3.35265 8.00598e-07 5.529 -95.341 3.3311
5.16891 -95.399 3.33478 0.00510924 5.529 -95.341 3.3311
5.75214 -95.2827 3.34094 0.00488019 5.529 -95.341 3.3311
4.93295 -95.2418 3.3334 0.000189496 5.529 -95.341 3.3311
5.56066 -95.4121 3.34863 1.60725e-05 5.529 -95.341 3.3311
4.5908 -95.0878 3.33742 1.73809e-10 5.529 -95.341 3.3311
5.34279 -94.5867 3.35069 5.08082e-08 5.529 -95.341 3.3311
5.34732 -95.6695 3.32683 0.00985921 5.529 -95.341 3.3311
5.55552 -95.2547 3.32709 0.079469 5.529 -95.341 3.3311
4.5958 -95.9164 3.32446 2.04553e-10 5.529 -95.341 3.3311
4.94721 -94.5778 3.33884 4.19722e-09 5.529 -95.341 3.3311
5.09602 -95.3594 3.3376 0.000462666 5.529 -95.341 3.3311
5.68241 -94.3771 3.33547 5.01771e-09 5.529 -95.341 3.3311
5.1411 -95.1825 3.33049 0.0188011 5.529 -95.341 3.3311
5.33052 -94.995 3.32505 0.00872377 5.529 -95.341 3.3311
5.93813 -94.8684 3.3254 8.26888e-07 5.529 -95.341 3.3311
5.29065 -94.8285 3.33853 0.000567002 5.529 -95.341 3.3311
5.29125 -96.0145 3.33146 3.53237e-07 5.529 -95.341 3.3311
5.63983 -95.0163 3.32122 0.000314403 5.529 -95.341 3.3311
5.89635 -95.4234 3.33185 0.0010015 5.529 -95.341 3.3311
5.69472 -95.4163 3.35734 2.74185e-09 5.529 -95.341 3.3311
5.64959 -95.1613 3.33347 0.0497616 5.529 -95.341 3.3311
5.34293 -95.818 3.33723 5.5982e-06 5.529 -95.341 3.3311
4.66038 -95.6122 3.34324 1.3995e-13 5.529 -95.341 3.3311
5.08877 -94.8536 3.3366 7.34022e-05 5.529 -95.341 3.3311
4.91323 -95.63 3.34269 1.45974e-09 5.529 -95.341 3.3311
5.59113 -95.1688 3.33203 0.0765718 5.529 -95.341 3.3311
5.66907 -95.4569 3.33133 0.0224641 5.529 -95.341 3.3311
5.12504 -94.8324 3.34174 1.37717e-05 5.529 -95.341 3.3311
5.58481 -95.1436 3.35296 6.05293e-06 5.529 -95.341 3.3311
5.13749 -95.1957 3.31432 0.000822562 5.529 -95.341 3.3311
5.81394 -94.6885 3.31462 6.50366e-12 5.529 -95.341 3.3311
4.90027 -95.2758 3.34455 2.47202e-08 5.529 -95.341 3.3311
5.82656 -95.2109 3.33731 0.00629856 5.529 -95.341 3.3311
5.06547 -94.5257 3.35255 8.20515e-12 5.529 -95.341 3.3311
