148.32 21.7897 0.0612093 1.64919e-06 148.61 21.496 0.07235
148.93 21.7984 0.0919406 3.73745e-22 148.61 21.496 0.07235
148.659 21.433 0.0727077 0.122745 148.61 21.496 0.07235
148.263 21.2855 0.0805246 1.90782e-07 148.61 21.496 0.07235
148.97 21.3694 0.0607644 0.0102333 148.61 21.496 0.07235
148.056 21.507 0.083245 3.91468e-11 148.61 21.496 0.07235
148.695 21.6191 0.0780436 0.00054155 148.61 21.496 0.07235
148.931 21.7338 0.0803977 1.53891e-08 148.61 21.496 0.07235
149.204 21.8059 0.0688557 2.82842e-06 148.61 21.496 0.07235
149.051 21.5531 0.0765048 1.68578e-06 148.61 21.496 0.07235
148.691 21.5298 0.0948054 6.65592e-20 148.61 21.496 0.07235
148.91 21.5272 0.0720886 0.020026 148.61 21.496 0.07235
148.54 21.0659 0.0681129 8.27523e-06 148.61 21.496 0.07235
148.513 21.233 0.0757273 0.000328364 148.61 21.496 0.07235
148.654 21.331 0.0798212 4.43507e-05 148.61 21.496 0.07235
148.293 21.6884 0.0691048 0.000181649 148.61 21.496 0.07235
148.621 21.9072 0.0796955 8.22277e-08 148.61 21.496 0.07235
149.278 21.8493 0.0845505 2.586e-19 148.61 21.496 0.07235
148.757 21.328 0.0809569 2.31317e-06 148.61 21.496 0.07235
148.626 21.5461 0.0617734 0.116344 148.61 21.496 0.07235
149.171 21.221 0.0786047 8.74795e-12 148.61 21.496 0.07235
148.608 21.0983 0.0731507 3.94827e-05 148.61 21.496 0.07235
148.311 21.7938 0.0657463 2.43353e-05 148.61 21.496 0.07235
148.218 21.5749 0.0974571 2.58136e-22 148.61 21.496 0.07235
148.58 21.7809 0.0775151 8.65223e-05 148.61 21.496 0.07235
148.813 21.1245 0.0767625 1.72668e-06 148.61 21.496 0.07235
148.684 21.6647 0.0684748 0.53924 148.61 21.496 0.07235
148.673 21.2369 0.0716525 0.00699792 148.61 21.496 0.07235
149.217 21.6316 0.0864529 6.65599e-20 148.61 21.496 0.07235
148.293 21.2687 0.0590287 2.09597e-09 148.61 21.496 0.07235
148.626 21.8251 0.0764238 9.91139e-05 148.61 21.496 0.07235
149.355 21.8633 0.0733463 3.33298e-12 148.61 21.496 0.07235
148.735 21.716 0.0558942 0.00151445 148.61 21.496 0.07235
148.857 21.1401 0.0807986 5.29721e-09 148.61 21.496 0.07235
148.398 21.7462 0.075048 0.000249159 148.61 21.496 0.07235
148.84 21.8917 0.0837228 2.19645e-12 148.61 21.496 0.07235
148.21 21.5875 0.0704922 1.82057e-05 148.61 21.496 0.07235
148.216 21.3667 0.0687627 4.43668e-06 148.61 21.496 0.07235
148.87 20.9672 0.0696278 9.00104e-08 148.61 21.496 0.07235
148.96 21.222 0.0767936 8.15405e-07 148.61 21.496 0.07235
148.665 21.2245 0.0890304 2.8449e-13 148.61 21.496 0.07235
148.158 21.2734 0.0949634 1.63975e-19 148.61 21.496 0.07235
148.979 21.5825 0.0925981 7.23441e-22 148.61 21.496 0.07235
148.983 21.0791 0.078973 2.32164e-10 148.61 21.496 0.07235
148.071 21.8638 0.0696148 1.76331e-10 148.61 21.496 0.07235
148.524 21.9972 0.0693313 2.0869e-05 148.61 21.496 0.07235
148.291 21.4357 0.0774424 3.26801e-05 148.61 21.496 0.07235
148.677 21.6895 0.0840802 9.82999e-09 148.61 21.496 0.07235
148.34 21.6201 0.062764 9.66426e-05 148.61 21.496 0.07235
148.575 21.2452 0.0788948 3.70176e-05 148.61 21.496 0.07235
148.732 21.1862 0.0786277 4.72683e-06 148.61 21.496 0.07235
149.333 21.5519 0.0665074 9.80193e-07 148.61 21.496 0.07235
148.445 21.8551 0.0728285 0.000168184 148.61 21.496 0.07235
149.133 21.7685 0.0681744 5.98069e-05 148.61 21.496 0.07235
148.749 21.1194 0.0755492 1.16159e-05 148.61 21.496 0.07235
148.257 21.195 0.0665789 1.34746e-07 148.61 21.496 0.07235
148.266 21.0319 0.0766898 1.51272e-09 148.61 21.496 0.07235
148.459 21.5824 0.075689 0.00417667 148.61 21.496 0.07235
148.933 22.2467 0.0885188 1.01625e-27 148.61 21.496 0.07235
148.932 21.6785 0.0612727 0.110265 148.61 21.496 0.07235
149.082 21.9491 0.0761646 1.51173e-10 148.61 21.496 0.07235
148.409 21.6811 0.0726865 0.00364619 148.61 21.496 0.07235
148.449 21.5185 0.0750538 0.00704872 148.61 21.496 0.07235
148.656 21.6835 0.089421 6.86373e-14 148.61 21.496 0.07235
148.514 21.386 0.0831523 8.81354e-07 148.61 21.496 0.07235
149.126 21.2835 0.0791592 1.24045e-10 148.61 21.496 0.07235
148.39 21.8752 0.0769253 1.36755e-06 148.61 21.496 0.07235
148.39 21.6778 0.0652155 0.00188789 148.61 21.496 0.07235
148.514 21.5152 0.0868403 1.16292e-09 148.61 21.496 0.07235
148.584 20.7871 0.0762732 9.61158e-13 148.61 21.496 0.07235
148.968 21.2792 0.0618612 0.00211605 148.61 21.496 0.07235
148.766 22.4572 0.0805763 6.06142e-24 148.61 21.496 0.07235
149.198 21.2293 0.0919084 9.87747e-27 148.61 21.496 0.07235
148.28 21.1433 0.0750554 2.80082e-07 148.61 21.496 0.07235
148.85 21.1224 0.0874113 9.78981e-15 148.61 21.496 0.07235
148.509 21.3243 0.0775423 0.00047542 148.61 21.496 0.07235
148.541 21.3266 0.070849 0.0275777 148.61 21.496 0.07235
147.911 21.2485 0.0891403 2.86393e-18 148.61 21.496 0.07235
148.593 21.7536 0.0780962 8.21457e-05 148.61 21.496 0.07235
148.309 21.3448 0.0759397 5.41579e-05 148.61 21.496 0.07235
148.605 21.7539 0.0609438 0.0137524 148.61 21.496 0.07235
148.806 21.4433 0.0845648 2.65031e-09 148.61 21.496 0.07235
149.169 21.4433 0.0678264 9.39605e-05 148.61 21.496 0.07235
148.477 21.4059 0.092942 8.60709e-16 148.61 21.496 0.07235
148.082 20.8747 0.0898878 3.58403e-21 148.61 21.496 0.07235
148.93 21.6094 0.0934248 3.32745e-22 148.61 21.496 0.07235
148.728 21.7868 0.0758505 0.000317926 148.61 21.496 0.07235
149.122 21.1929 0.0840001 1.34164e-15 148.61 21.496 0.07235
148.723 21.5225 0.0761432 0.00735898 148.61 21.496 0.07235
148.844 21.7845 0.0997849 1.15159e-32 148.61 21.496 0.07235
148.899 21.6126 0.0819755 1.58749e-08 148.61 21.496 0.07235
149.303 21.4895 0.0669309 5.38363e-07 148.61 21.496 0.07235
148.836 21.7313 0.0740598 0.00189444 148.61 21.496 0.07235
147.943 21.6053 0.0826971 1.53373e-13 148.61 21.496 0.07235
149.286 21.5901 0.0921555 4.38599e-24 148.61 21.496 0.07235
148.733 21.7176 0.0859183 3.90988e-11 148.61 21.496 0.07235
148.651 21.628 0.0823482 9.81472e-07 148.61 21.496 0.07235
149.217 21.5626 0.0654095 7.84059e-05 148.61 21.496 0.07235
148.93 21.9621 0.0823285 1.72158e-13 148.61 21.496 0.07235
148.225 21.9466 0.069155 2.29132e-08 148.61 21.496 0.07235
