197.383 25.4873 0.0748147 0.0179216
196.967 25.8139 0.0774283 0.0021298
196.856 25.5407 0.0676297 9.1189e-05
197.128 25.4981 0.0762759 0.300091
197.388 25.6448 0.0706948 0.00480317
197.26 25.5154 0.0628011 0.000455804
196.925 25.287 0.0822709 0.000959705
196.499 25.7172 0.0718383 5.12031e-11
196.585 25.2923 0.0635325 1.79626e-12
197.081 25.2635 0.0565242 1.1399e-08
197.119 25.3555 0.0830366 0.00285277
197.373 25.2282 0.0641189 0.000280007
196.886 25.306 0.0762449 0.00558246
197.419 24.9089 0.0819539 1.38542e-12
197.422 25.8283 0.0839988 3.95724e-07
196.45 25.2244 0.0702375 5.93236e-13
197.287 25.5174 0.0787965 0.027814
196.84 25.5617 0.0667808 1.7866e-05
196.566 25.3306 0.0684016 5.35763e-10
197.169 25.7386 0.0561237 6.90762e-11
196.806 25.4731 0.0642241 4.34283e-07
197.139 25.5401 0.0535761 3.90809e-11
197.312 25.5478 0.0661126 0.00522459
197.513 26.1883 0.0850555 2.44355e-15
197.431 25.564 0.0961259 4.20784e-15
197.523 25.2165 0.0796703 2.06199e-07
197.459 25.0747 0.0585491 3.72317e-08
197.227 25.2134 0.0595218 4.21535e-06
197.133 25.2316 0.0577376 1.58521e-07
196.481 25.3143 0.0691737 6.38901e-12
197.509 25.7726 0.0714899 1.80856e-05
196.793 25.6204 0.0644311 6.53285e-08
197.363 25.6863 0.0588833 1.04469e-07
197.346 25.4253 0.0704237 0.0378895
196.869 25.9497 0.0688155 9.27221e-09
197.422 25.6283 0.0644526 0.000125208
197.48 25.4617 0.0488371 6.63092e-14
196.562 25.5477 0.0758303 3.43665e-07
197.098 24.8397 0.0463563 6.16736e-22
197.035 25.3547 0.0711591 0.0461934
197.494 26 0.0842894 8.41656e-11
196.857 25.2708 0.0672935 2.9794e-05
196.884 25.4062 0.0805218 0.0105599
196.919 25.5114 0.0726868 0.0228382
196.737 25.4611 0.0818012 0.000472781
197.535 24.981 0.0629505 1.01608e-08
197.358 25.051 0.0617676 9.07166e-07
197.264 25.577 0.0549962 1.87782e-09
197.144 25.0423 0.077328 1.2983e-05
196.881 25.5819 0.0700506 0.00111868
196.738 25.2432 0.0646991 1.33783e-08
196.765 25.6874 0.0733533 7.73957e-05
197.067 25.4945 0.0840678 0.00815186
197.529 25.729 0.0653311 2.64327e-06
197.152 25.1478 0.0618095 8.55409e-06
196.883 25.2335 0.0768445 0.00109067
196.824 25.4352 0.0690084 0.000175438
196.629 25.5103 0.0678791 1.2532e-08
197.344 24.3675 0.0935293 1.43594e-41
197.108 25.3854 0.0867203 0.000114524
196.847 25.4701 0.0718939 0.00277794
197.289 25.1681 0.0800026 3.76004e-05
197.017 25.2509 0.0692637 0.0036574
196.892 25.3646 0.076388 0.0150324
196.996 25.7426 0.0903867 7.349e-06
196.762 25.3174 0.0662608 6.15481e-07
197.231 25.1604 0.0594735 1.62833e-06
197.142 25.2079 0.0665966 0.00146639
196.958 25.5562 0.0819036 0.0315791
196.55 25.8099 0.0724812 1.66552e-10
196.766 25.0593 0.0616499 1.30143e-11
196.934 25.1617 0.0878021 1.09768e-07
196.946 25.6608 0.076632 0.0324223
196.844 25.1152 0.0720673 9.22155e-06
196.786 25.6448 0.0551991 5.90147e-16
197.213 25.7369 0.0908144 2.11106e-07
197.105 25.7835 0.0876388 3.95928e-05
196.855 25.0843 0.0947618 4.08291e-14
197.539 25.1074 0.0922198 9.65743e-19
197.629 25.5025 0.0558606 1.04918e-09
196.863 24.9465 0.0666979 1.74898e-09
196.949 25.0767 0.0508741 1.55189e-16
196.611 25.6212 0.0737831 5.63323e-07
197.048 25.3479 0.0775395 0.0660261
197.369 25.3569 0.0567085 3.68819e-07
197.105 25.3382 0.0549467 1.64414e-09
197.05 25.7443 0.081731 0.00830951
197.101 25.618 0.0794962 0.0945685
197.142 25.7856 0.0783225 0.0077138
196.456 24.8938 0.0775887 1.17244e-16
196.911 25.6787 0.0830527 0.00564116
196.948 25.4042 0.0670517 0.000998492
197.085 25.2054 0.0602691 1.60784e-06
197.063 25.7575 0.0721479 0.00454648
196.398 25.1925 0.0568316 2.0661e-24
197.009 25.5584 0.0766708 0.168724
197.72 25.4649 0.072217 1.7992e-07
197.2 25.7365 0.0840141 0.000704015
197.053 25.3421 0.0579822 1.04829e-07
196.966 25.4259 0.0731434 0.0586223
