-37.2671 -69.2713 1.91336 0.000406304
-37.0684 -68.9414 1.92132 0.000114463
-36.8665 -68.2542 1.92075 1.15444e-11
-37.7984 -68.648 1.89741 6.12929e-08
-38.0542 -68.7408 1.89969 5.85924e-13
-37.5678 -68.5799 1.90434 6.14107e-06
-37.3586 -68.7765 1.90889 0.00202443
-37.598 -68.8893 1.91675 5.74603e-09
-37.0814 -67.8734 1.91939 7.88718e-21
-36.7897 -68.7833 1.89748 0.00245805
-37.3973 -68.8834 1.91059 0.000714115
-36.9213 -69.0275 1.91076 0.179362
-37.1847 -68.9793 1.922 9.44122e-06
-37.2222 -69.218 1.92215 3.16721e-06
-37.6305 -68.8065 1.90716 3.0754e-06
-36.8406 -69.1757 1.90398 0.0123275
-37.6017 -69.3407 1.9162 1.0569e-09
-38.0765 -68.6505 1.88437 7.80048e-14
-37.3243 -68.7753 1.91289 0.000341632
-37.2344 -68.9612 1.91397 0.00385107
-37.2869 -69.0268 1.92317 2.56212e-07
-37.4736 -69.0338 1.89768 0.000554889
-37.6839 -68.6515 1.91535 2.70344e-11
-37.8662 -68.9525 1.91678 2.33476e-14
-37.2708 -69.358 1.9075 0.0002739
-37.0502 -68.4604 1.92236 1.38452e-09
-36.8717 -68.8769 1.91307 0.0654593
-36.9907 -68.6812 1.91903 6.01293e-05
-36.9716 -68.7154 1.93011 9.48009e-11
-37.3937 -69.1441 1.90473 0.00165959
-36.9871 -68.7467 1.91654 0.00175404
-37.2979 -68.7164 1.91077 0.00116145
-37.1564 -69.4512 1.89712 8.42826e-07
-38.0432 -69.1668 1.91905 1.95567e-20
-37.7006 -68.593 1.91814 7.81087e-14
-37.5177 -68.7849 1.91749 1.65542e-08
-37.1096 -68.6593 1.90963 0.0116111
-37.3041 -69.4663 1.90224 3.21525e-06
-37.7551 -69.0067 1.90848 1.54884e-08
-37.5162 -69.2473 1.90106 1.46803e-05
-37.7393 -68.8529 1.91417 1.63049e-10
-36.6418 -69.2518 1.90572 0.000313892
-37.622 -68.4083 1.90638 5.65276e-09
-37.1616 -69.045 1.92562 2.84482e-07
-37.4825 -69.762 1.9056 1.93666e-12
-38.105 -68.9634 1.92082 1.68017e-23
-37.1346 -69.0709 1.91969 0.000316246
-37.2229 -69.2585 1.90888 0.00374073
-37.5853 -69.0045 1.91422 1.92955e-07
-37.1868 -68.9218 1.88139 8.21406e-09
-37.6988 -68.6392 1.87232 2.51357e-14
-38.0505 -68.7684 1.90174 3.1258e-13
-37.6001 -68.8613 1.8972 8.39883e-05
-37.5176 -69.1152 1.90898 3.63487e-05
-37.7046 -69.2791 1.90425 2.27099e-08
-37.2225 -69.3112 1.89326 2.37334e-06
-37.1703 -68.5249 1.92044 1.97667e-08
-37.0656 -69.1808 1.92439 8.16261e-06
-37.4801 -69.1025 1.90831 0.000156956
-36.8133 -68.4894 1.92056 1.48683e-07
-37.9726 -68.8981 1.92279 2.58257e-21
-37.1541 -69.1025 1.92222 1.96573e-05
-37.7961 -68.7477 1.90793 1.43023e-09
-37.4883 -68.9758 1.90926 0.000153486
-37.8917 -69.0033 1.92046 4.03848e-17
-37.7222 -68.4323 1.91265 4.80078e-13
-37.3256 -68.937 1.90291 0.0303992
-37.6703 -68.9083 1.8988 1.06631e-05
-37.3286 -68.5113 1.89055 0.000112622
-37.2647 -68.8044 1.89899 0.0439608
-37.8941 -69.0773 1.89564 4.8435e-10
-37.3326 -68.4722 1.92636 5.99963e-15
-37.2533 -68.7953 1.91612 0.000144036
-37.2231 -68.983 1.92202 4.06454e-06
-37.9041 -68.9415 1.90266 4.50788e-10
-37.1272 -68.6423 1.90637 0.0248523
-37.6173 -68.9857 1.89924 3.45638e-05
-37.0192 -68.9912 1.90482 0.268401
-37.714 -69.346 1.9175 2.23473e-12
-38.2128 -68.7194 1.90978 7.32799e-21
-37.7847 -68.9939 1.91687 1.8022e-12
-37.1181 -68.6107 1.91653 3.43398e-05
-37.6908 -68.883 1.8914 1.23952e-06
-37.7409 -68.7217 1.89761 8.63422e-07
-38.4137 -69.3474 1.89919 1.3455e-25
-37.4047 -68.8117 1.90247 0.00735601
-37.733 -68.9841 1.89073 1.01668e-07
-37.3853 -68.7904 1.89394 0.00227849
-37.1302 -68.8636 1.91144 0.0442832
-37.2714 -68.886 1.91655 0.000173599
-37.0902 -68.9738 1.90636 0.262134
-37.6741 -68.7422 1.90351 2.42261e-06
-37.7997 -68.7986 1.89586 1.44204e-07
-37.5809 -69.327 1.91451 1.09771e-08
-37.421 -68.6219 1.92414 1.60757e-12
-37.5639 -68.4834 1.92633 1.23466e-18
-37.5577 -68.8068 1.90675 4.2417e-05
-38.1093 -69.1048 1.90883 4.68036e-17
-37.2461 -68.9855 1.91443 0.00240588
-37.1399 -69.1402 1.90157 0.0243609
