254.887 29.0936 0.0249251 1.94653e-06 255.06 28.719 0.019977
254.898 28.853 0.0306786 0.00395304 255.06 28.719 0.019977
254.795 28.8887 0.0367224 1.2135e-05 255.06 28.719 0.019977
254.678 28.3722 0.0153035 3.79173e-09 255.06 28.719 0.019977
255.281 28.7024 0.0382614 5.43441e-08 255.06 28.719 0.019977
254.964 29.0333 0.0424536 9.48592e-12 255.06 28.719 0.019977
255.396 28.5831 0.00747923 6.25893e-07 255.06 28.719 0.019977
254.856 28.9806 0.0133137 1.21901e-07 255.06 28.719 0.019977
254.935 28.6332 0.0250435 0.215061 255.06 28.719 0.019977
254.885 28.6866 0.0246288 0.103137 255.06 28.719 0.019977
254.64 28.929 0.0277009 6.17427e-06 255.06 28.719 0.019977
255.175 29.2665 0.0375508 1.67346e-16 255.06 28.719 0.019977
254.799 28.3189 0.0412552 4.68319e-06 255.06 28.719 0.019977
254.729 28.2607 0.024605 8.73735e-06 255.06 28.719 0.019977
255.064 28.0979 0.0209989 3.22027e-08 255.06 28.719 0.019977
255.326 28.8111 0.0214998 0.000335393 255.06 28.719 0.019977
255.421 28.9725 0.0218991 1.49796e-06 255.06 28.719 0.019977
254.729 28.8734 0.0308906 0.000254369 255.06 28.719 0.019977
254.811 28.9161 0.0242435 0.00050245 255.06 28.719 0.019977
254.646 28.1509 0.013117 2.46682e-15 255.06 28.719 0.019977
255.118 28.2754 0.0278298 0.000373256 255.06 28.719 0.019977
255.046 28.7884 0.0304613 0.012216 255.06 28.719 0.019977
255.96 28.1935 0.0254118 4.53896e-23 255.06 28.719 0.019977
255.191 28.2546 0.0285705 4.1519e-05 255.06 28.719 0.019977
254.55 28.4337 0.032998 2.31274e-05 255.06 28.719 0.019977
255.205 28.0525 0.0315483 1.63983e-09 255.06 28.719 0.019977
255.277 28.8545 0.0282265 7.90943e-05 255.06 28.719 0.019977
255.404 28.8703 0.0138244 7.65436e-05 255.06 28.719 0.019977
254.976 28.5196 0.0169757 0.00171808 255.06 28.719 0.019977
254.713 28.4876 0.0263545 0.00333484 255.06 28.719 0.019977
254.692 28.4193 0.022633 7.18816e-05 255.06 28.719 0.019977
255.078 28.489 0.0143975 0.000150125 255.06 28.719 0.019977
255.453 29.2184 0.0244159 3.71853e-12 255.06 28.719 0.019977
255.1 28.5879 0.0229542 0.114008 255.06 28.719 0.019977
254.891 28.5204 0.0358838 0.0075996 255.06 28.719 0.019977
255.158 28.5702 0.0248018 0.0628039 255.06 28.719 0.019977
255.003 28.8748 0.00486977 1.27027e-10 255.06 28.719 0.019977
255.065 28.1848 0.0330775 7.49386e-06 255.06 28.719 0.019977
254.585 28.9503 0.00897262 5.12645e-15 255.06 28.719 0.019977
254.847 28.8595 0.0231841 0.00322369 255.06 28.719 0.019977
255.574 28.9006 0.054278 1.22924e-31 255.06 28.719 0.019977
254.932 28.3068 0.0144519 2.34939e-07 255.06 28.719 0.019977
254.904 28.8242 0.0346152 0.000751352 255.06 28.719 0.019977
254.759 28.7285 0.0172548 5.21954e-05 255.06 28.719 0.019977
254.812 28.8417 0.000842666 8.81295e-17 255.06 28.719 0.019977
255.573 28.5832 0.0191312 2.48766e-07 255.06 28.719 0.019977
254.773 28.8352 0.0235426 0.00135998 255.06 28.719 0.019977
254.485 28.684 0.0353386 1.46327e-06 255.06 28.719 0.019977
255.214 28.1457 0.025672 3.42708e-07 255.06 28.719 0.019977
254.983 28.7099 0.0185961 0.0155214 255.06 28.719 0.019977
255.128 28.8052 0.0160353 0.00140446 255.06 28.719 0.019977
255.291 28.6843 0.0438489 3.39215e-12 255.06 28.719 0.019977
254.865 28.7158 0.0237631 0.0502453 255.06 28.719 0.019977
255.057 28.3956 0.0389076 2.66396e-05 255.06 28.719 0.019977
255.002 28.3446 0.0333748 0.00198167 255.06 28.719 0.019977
255.362 28.2485 0.0208989 1.95502e-07 255.06 28.719 0.019977
254.867 28.6919 0.0251455 0.0894274 255.06 28.719 0.019977
254.775 28.8841 0.019665 6.37473e-05 255.06 28.719 0.019977
255.12 29.0729 0.0464983 8.88035e-18 255.06 28.719 0.019977
254.705 28.5545 0.0341091 0.00367503 255.06 28.719 0.019977
254.598 28.4005 0.0362947 3.02703e-05 255.06 28.719 0.019977
255.288 28.8216 0.034277 6.32849e-07 255.06 28.719 0.019977
254.754 28.8208 0.0350415 0.000215348 255.06 28.719 0.019977
255.24 28.6061 0.0169946 0.00190694 255.06 28.719 0.019977
254.939 28.9259 0.0133464 3.40326e-06 255.06 28.719 0.019977
255.084 28.7026 0.00958897 2.89655e-06 255.06 28.719 0.019977
255.209 28.6786 0.0369769 6.24072e-06 255.06 28.719 0.019977
254.831 29.137 0.00356242 4.80558e-17 255.06 28.719 0.019977
255.156 28.8383 0.0191368 0.00366403 255.06 28.719 0.019977
254.681 29.1005 0.0066629 1.07831e-16 255.06 28.719 0.019977
255.161 29.0904 0.0261017 7.25982e-07 255.06 28.719 0.019977
254.786 28.8364 0.00903132 6.70961e-10 255.06 28.719 0.019977
254.756 28.8018 0.0425446 1.69661e-07 255.06 28.719 0.019977
255.143 28.2747 0.0196396 2.70982e-05 255.06 28.719 0.019977
254.797 27.9738 0.049345 4.76083e-16 255.06 28.719 0.019977
255.484 28.7427 0.0373388 2.10858e-11 255.06 28.719 0.019977
254.99 28.885 0.024746 0.00782602 255.06 28.719 0.019977
254.906 28.7914 0.0353249 0.000928003 255.06 28.719 0.019977
255.123 29.1669 0.0172098 2.51385e-08 255.06 28.719 0.019977
254.826 28.2433 0.0206263 2.42633e-06 255.06 28.719 0.019977
254.731 28.7745 0.0281059 0.00373081 255.06 28.719 0.019977
255.411 29.5282 0.0284787 7.59479e-23 255.06 28.719 0.019977
254.953 29.0303 0.0319013 3.76852e-06 255.06 28.719 0.019977
255.187 29.3591 0.00855419 5.17619e-16 255.06 28.719 0.019977
254.969 28.3021 0.0289788 0.00267518 255.06 28.719 0.019977
255.256 28.8933 0.0298429 1.77717e-05 255.06 28.719 0.019977
254.958 29.0142 0.0163424 5.21671e-06 255.06 28.719 0.019977
254.77 29.2405 0.0171923 4.64669e-12 255.06 28.719 0.019977
255.325 28.6455 0.00853234 1.99076e-07 255.06 28.719 0.019977
255.406 29.4538 0.045616 3.91694e-35 255.06 28.719 0.019977
254.664 28.9665 0.0178442 3.46397e-08 255.06 28.719 0.019977
255.636 28.6488 0.0185511 2.22305e-08 255.06 28.719 0.019977
254.985 28.6231 0.0198537 0.0400194 255.06 28.719 0.019977
255.192 28.3077 0.0499252 9.49607e-16 255.06 28.719 0.019977
254.254 28.6088 0.0443602 1.67906e-13 255.06 28.719 0.019977
255.365 28.8202 0.0244244 4.8513e-05 255.06 28.719 0.019977
255.044 28.6504 0.0265168 0.216451 255.06 28.719 0.019977
255.087 28.468 0.0222597 0.0289028 255.06 28.719 0.019977
255.954 28.9772 0.0225617 2.12597e-20 255.06 28.719 0.019977
254.787 28.9032 0.0360511 1.25243e-05 255.06 28.719 0.019977
