156.448 22.797 0.0748017 0.000308715 156.61 22.327 0.081108
156.16 22.0601 0.0886129 3.63583e-10 156.61 22.327 0.081108
157.298 22.4341 0.0802558 3.7102e-08 156.61 22.327 0.081108
156.323 22.1829 0.0804704 1.27686e-05 156.61 22.327 0.081108
156.285 22.8041 0.100399 3.81268e-19 156.61 22.327 0.081108
156.672 21.8169 0.0979612 5.01316e-15 156.61 22.327 0.081108
156.995 22.2583 0.0819281 0.000342013 156.61 22.327 0.081108
157.154 22.448 0.0970126 2.00485e-17 156.61 22.327 0.081108
157.312 22.5167 0.0968406 5.96943e-22 156.61 22.327 0.081108
156.485 22.3471 0.0777605 0.0159794 156.61 22.327 0.081108
156.824 21.9975 0.076245 5.3399e-06 156.61 22.327 0.081108
156.728 22.2604 0.0934897 1.53826e-07 156.61 22.327 0.081108
156.568 22.4922 0.0822192 0.0499855 156.61 22.327 0.081108
156.959 22.8421 0.0729038 0.00197567 156.61 22.327 0.081108
155.985 22.2093 0.0727678 2.60116e-15 156.61 22.327 0.081108
156.637 22.3147 0.0798111 0.0863861 156.61 22.327 0.081108
156.396 22.5269 0.0989582 1.00279e-12 156.61 22.327 0.081108
156.688 22.7442 0.0872938 6.45856e-06 156.61 22.327 0.081108
156.567 22.121 0.104811 1.89644e-17 156.61 22.327 0.081108
156.18 22.1448 0.0962035 5.48553e-12 156.61 22.327 0.081108
156.523 22.1627 0.0816415 0.000993258 156.61 22.327 0.081108
156.838 22.2356 0.0908238 1.05864e-06 156.61 22.327 0.081108
156.989 22.3724 0.0779231 0.0140893 156.61 22.327 0.081108
156.769 22.0877 0.0785569 0.000414289 156.61 22.327 0.081108
156.77 21.8927 0.0887639 3.32325e-09 156.61 22.327 0.081108
156.265 22.2337 0.0991241 1.30892e-12 156.61 22.327 0.081108
155.951 22.0001 0.0801946 3.86542e-12 156.61 22.327 0.081108
157.106 22.7033 0.0797477 2.5425e-05 156.61 22.327 0.081108
156.437 22.6956 0.0905533 8.33315e-08 156.61 22.327 0.081108
156.986 22.5612 0.0601695 1.14883e-05 156.61 22.327 0.081108
156.603 22.1943 0.105604 2.19931e-18 156.61 22.327 0.081108
156.981 22.6294 0.0711854 0.0515275 156.61 22.327 0.081108
156.637 22.1065 0.0699918 3.97287e-06 156.61 22.327 0.081108
156.68 22.4022 0.0844022 0.0219897 156.61 22.327 0.081108
156.967 22.4787 0.0820147 0.00317497 156.61 22.327 0.081108
156.371 22.5305 0.0910981 5.26778e-07 156.61 22.327 0.081108
156.614 22.6666 0.0815911 0.0139822 156.61 22.327 0.081108
156.48 22.4723 0.0784073 0.0358393 156.61 22.327 0.081108
156.937 21.9752 0.0660181 1.88476e-10 156.61 22.327 0.081108
156.508 23.1406 0.0767118 7.4841e-10 156.61 22.327 0.081108
156.838 22.5868 0.0838271 0.00319238 156.61 22.327 0.081108
156.175 22.3321 0.108066 1.71424e-22 156.61 22.327 0.081108
156.758 22.1162 0.0910718 4.60359e-07 156.61 22.327 0.081108
156.197 22.0819 0.0788946 2.30129e-09 156.61 22.327 0.081108
156.501 22.4829 0.0786283 0.0542245 156.61 22.327 0.081108
156.373 22.1826 0.0847147 3.85534e-05 156.61 22.327 0.081108
156.537 22.8471 0.0994228 4.61629e-18 156.61 22.327 0.081108
156.689 22.7095 0.0692348 0.0271775 156.61 22.327 0.081108
156.71 22.7112 0.100399 2.76326e-17 156.61 22.327 0.081108
156.627 21.8367 0.0939266 5.60915e-12 156.61 22.327 0.081108
156.911 22.2754 0.0927336 1.12028e-08 156.61 22.327 0.081108
156.484 23.0236 0.0666352 2.66808e-08 156.61 22.327 0.081108
156.282 22.4516 0.0683164 6.81385e-08 156.61 22.327 0.081108
157.5 22.3313 0.0936897 7.61189e-24 156.61 22.327 0.081108
156.13 22.4067 0.0753118 1.31138e-08 156.61 22.327 0.081108
156.347 22.6823 0.0942412 7.29415e-11 156.61 22.327 0.081108
156.485 22.9322 0.0758349 1.12158e-05 156.61 22.327 0.081108
156.412 22.4096 0.0760901 0.00318577 156.61 22.327 0.081108
156.587 22.185 0.0906321 8.80651e-06 156.61 22.327 0.081108
156.629 22.3565 0.079522 0.141739 156.61 22.327 0.081108
156.849 22.1364 0.0924163 1.83446e-08 156.61 22.327 0.081108
157.132 22.5553 0.0947348 2.88457e-15 156.61 22.327 0.081108
156.324 22.4928 0.0962361 1.39773e-10 156.61 22.327 0.081108
156.54 21.8295 0.085832 1.37716e-09 156.61 22.327 0.081108
156.841 22.156 0.0847311 0.000178859 156.61 22.327 0.081108
156.739 22.5636 0.0713019 0.276382 156.61 22.327 0.081108
156.149 22.8017 0.0809282 1.71035e-09 156.61 22.327 0.081108
156.75 21.5029 0.0785132 1.34831e-19 156.61 22.327 0.081108
157.061 22.1609 0.0844311 8.48454e-07 156.61 22.327 0.081108
156.983 21.416 0.082975 6.61017e-24 156.61 22.327 0.081108
156.324 21.929 0.100087 4.67801e-15 156.61 22.327 0.081108
156.654 21.7893 0.0885238 7.21743e-11 156.61 22.327 0.081108
156.349 22.289 0.0939005 3.49179e-08 156.61 22.327 0.081108
156.517 21.9262 0.0963721 8.16732e-12 156.61 22.327 0.081108
156.535 22.6172 0.0969593 1.57293e-11 156.61 22.327 0.081108
156.609 22.9973 0.0739899 1.14836e-05 156.61 22.327 0.081108
156.786 22.2136 0.0875115 0.000113083 156.61 22.327 0.081108
155.976 22.5046 0.0798426 1.39022e-11 156.61 22.327 0.081108
156.814 22.6979 0.0838767 0.000515484 156.61 22.327 0.081108
156.525 21.4175 0.0845539 3.01328e-22 156.61 22.327 0.081108
156.438 22.4792 0.091357 2.29031e-06 156.61 22.327 0.081108
156.499 22.2885 0.0955858 1.58529e-08 156.61 22.327 0.081108
156.238 21.6554 0.0839685 2.79675e-17 156.61 22.327 0.081108
156.745 22.5933 0.084667 0.0035399 156.61 22.327 0.081108
156.916 22.4692 0.100016 3.02452e-16 156.61 22.327 0.081108
156.16 21.5263 0.0903098 2.58343e-22 156.61 22.327 0.081108
156.199 21.5666 0.0864547 2.11217e-20 156.61 22.327 0.081108
156.8 23.4181 0.0817754 5.84707e-20 156.61 22.327 0.081108
156.499 22.2924 0.0813915 0.00934723 156.61 22.327 0.081108
156.472 22.6084 0.079076 0.0134276 156.61 22.327 0.081108
156.399 22.6677 0.0854871 3.14426e-05 156.61 22.327 0.081108
156.92 22.4894 0.0723344 0.169816 156.61 22.327 0.081108
156.158 22.3554 0.089481 1.64555e-08 156.61 22.327 0.081108
156.499 21.8802 0.0988062 3.78016e-14 156.61 22.327 0.081108
156.665 21.4788 0.0752546 9.03143e-22 156.61 22.327 0.081108
156.146 22.6525 0.0886678 6.98427e-10 156.61 22.327 0.081108
156.892 21.6642 0.102802 1.57514e-24 156.61 22.327 0.081108
156.019 22.3199 0.0798248 8.22535e-11 156.61 22.327 0.081108
156.697 22.2799 0.0927527 8.10022e-07 156.61 22.327 0.081108
157.21 22.0631 0.0893817 2.81556e-13 156.61 22.327 0.081108
