277.884 14.6966 5.16394 0.00059176
278.286 15.2468 5.13983 1.37338e-23
278.041 15.4105 5.15906 1.8702e-13
278.559 15.0209 5.17659 0.000765333
278.035 14.8147 5.15831 0.000317638
278.543 14.7399 5.15922 4.50895e-06
278.399 14.9309 5.15205 8.48324e-09
278.258 14.4782 5.16718 0.00127356
278.701 14.1941 5.14274 1.09827e-18
278.199 15.2683 5.16689 3.12825e-06
278.109 14.8511 5.17421 0.273964
277.873 14.6793 5.16324 0.000316315
278.358 15.0095 5.15758 1.35841e-06
278.4 14.6375 5.15434 4.75137e-06
278.045 14.6871 5.16074 0.00291001
277.907 14.8823 5.18254 0.00142558
278.113 14.7655 5.181 0.0341603
277.989 14.9134 5.16106 0.000324033
278.453 14.9937 5.15572 3.49432e-08
278.139 14.6135 5.15271 1.60175e-05
278.019 14.45 5.18546 1.92335e-08
278.315 14.7822 5.18216 0.0291924
277.906 14.7459 5.15963 0.000138357
277.946 15.0424 5.1719 0.00320803
278.537 15.3224 5.14469 4.12766e-24
278.169 14.7793 5.15841 0.00102721
277.776 15.1625 5.14878 3.51769e-16
278.506 14.6153 5.18328 1.39436e-05
277.914 14.9235 5.14477 6.92218e-13
277.872 15.1359 5.16443 1.02809e-06
277.948 14.7882 5.16426 0.00327102
278.13 15.1318 5.15569 1.07068e-08
278.588 15.1113 5.1577 9.2308e-11
278.409 14.7264 5.16377 0.00275655
277.81 15.1626 5.14961 3.53415e-15
278.237 15.3642 5.14996 4.27439e-18
278.007 14.8054 5.16482 0.0112864
277.974 14.1835 5.19082 5.88208e-19
278.015 15.4114 5.15011 1.38151e-19
278.107 14.8637 5.17203 0.228722
278.152 14.8143 5.1531 5.46417e-06
278.479 15.1708 5.18151 0.000943489
278.049 15.2474 5.14708 4.81274e-17
277.593 14.926 5.17779 1.6013e-08
278.798 14.8911 5.14548 1.56907e-19
277.909 14.8077 5.18059 0.0017228
278.315 14.9173 5.16687 0.0223286
278.605 14.7229 5.15082 1.45443e-10
278.129 14.8154 5.15881 0.000945086
278.439 14.6932 5.14987 1.56837e-08
277.966 14.5506 5.16136 0.000342987
278.187 14.6067 5.16666 0.0242877
278.397 15.0594 5.17322 0.0103978
277.594 14.8494 5.14429 7.18863e-17
278.457 14.8978 5.16974 0.00743604
278.598 14.9756 5.15694 2.10936e-09
278.188 14.5187 5.15859 0.000407038
278.111 15.0267 5.16932 0.0195993
278.181 14.4773 5.17013 0.00131864
277.904 15.2016 5.17136 1.70265e-05
278.516 15.0912 5.16099 8.30651e-08
277.749 14.4102 5.15901 2.19476e-08
278.294 14.1387 5.13943 3.72045e-15
277.64 15.1215 5.14675 6.46416e-19
278.051 14.8235 5.17509 0.129489
278.354 14.5217 5.16601 0.00120648
278.178 14.851 5.15267 1.71841e-06
278.148 14.6761 5.16888 0.0803648
277.998 14.5339 5.1566 5.19813e-05
277.922 14.9166 5.17211 0.00904756
278.373 14.9137 5.16912 0.0275897
277.799 14.0198 5.14326 4.58686e-17
278.093 15.2469 5.15387 3.38956e-12
277.946 13.9215 5.16513 8.04244e-17
278.087 14.8301 5.15554 3.93014e-05
278.539 14.4266 5.14792 4.29802e-11
278.288 15.1034 5.17675 0.0412657
277.728 14.374 5.16086 5.18827e-09
278.633 15.3513 5.16245 7.29914e-14
278.142 14.9958 5.14098 5.14868e-16
278.617 14.9651 5.1681 1.23534e-05
277.98 14.7831 5.1525 1.22586e-06
277.777 15.0931 5.15181 6.9387e-13
278.255 14.9936 5.15455 2.7591e-07
278.098 15.0608 5.16455 0.000545693
277.999 14.8074 5.1598 0.000622134
277.892 14.5208 5.1476 5.46229e-09
277.951 15.2012 5.17255 8.74855e-05
277.838 14.8728 5.15803 2.08076e-06
278.034 14.9184 5.16692 0.0168223
277.741 14.7019 5.13869 1.98106e-16
278.367 14.7551 5.14414 1.68797e-11
277.851 14.8614 5.17704 0.00124105
278.407 14.3292 5.15283 1.79286e-08
278.337 14.6097 5.16338 0.00353093
278.389 14.4277 5.15641 2.55565e-06
278.674 14.4962 5.1607 9.4082e-09
278.327 15.0046 5.16583 0.00262818
278.87 14.9503 5.15635 2.01702e-15
278.343 15.1607 5.15245 8.20095e-12
