-35.4926 -76.3912 2.13528 0.000348633
-36.5413 -77.0741 2.1428 2.04906e-06
-36.1035 -76.5849 2.12395 0.00318463
-35.7891 -76.1027 2.1176 1.15021e-05
-35.7571 -76.2952 2.13849 6.152e-05
-35.8578 -77.1097 2.11117 1.69194e-09
-36.0118 -76.5322 2.10474 2.06623e-08
-35.5848 -77.1608 2.11693 6.62687e-08
-36.3598 -76.974 2.13141 4.47038e-05
-35.5189 -76.9277 2.13146 0.017522
-35.805 -77.2887 2.10754 2.70941e-14
-35.776 -76.9165 2.13744 0.155946
-36.4555 -76.8418 2.11707 0.000568383
-36.1258 -76.2569 2.1168 1.71472e-05
-35.7624 -77.0803 2.11617 8.12968e-07
-35.9708 -76.4132 2.12778 0.00484839
-36.4541 -76.5728 2.14254 1.55352e-06
-35.7583 -77.2255 2.11433 1.93371e-09
-36.2326 -76.2683 2.12533 1.49754e-05
-35.5178 -76.8045 2.13301 0.0343556
-36.187 -76.0519 2.12257 2.9745e-07
-36.1281 -76.9561 2.15162 4.21476e-05
-36.0462 -76.1409 2.10961 2.98223e-07
-35.8803 -76.1346 2.11506 9.38256e-06
-35.7755 -76.6359 2.13355 0.0878141
-35.834 -76.5008 2.12997 0.0271478
-35.9586 -76.3576 2.13129 0.00156315
-36.3102 -76.5195 2.11339 6.33193e-07
-35.59 -76.7905 2.12249 0.00281078
-35.8342 -76.0514 2.13745 4.93521e-08
-35.3993 -76.2156 2.11535 6.12281e-07
-35.6642 -76.9233 2.14215 0.0642564
-36.3235 -76.3816 2.14897 1.96349e-10
-35.8377 -76.6019 2.11364 8.86926e-05
-36.0295 -76.8807 2.12339 0.00220721
-35.1863 -76.5909 2.12413 4.21445e-06
-35.9762 -76.6758 2.12439 0.0154226
-35.4681 -76.7481 2.11345 1.20343e-06
-35.486 -76.6487 2.10161 9.17145e-12
-35.2668 -75.8839 2.14247 3.96256e-15
-35.5542 -76.8559 2.10899 8.26377e-09
-35.5697 -76.2824 2.12747 0.000332379
-35.7815 -76.1519 2.12215 6.86104e-05
-35.6524 -76.6827 2.12247 0.0075477
-35.9538 -76.2779 2.12357 0.000569557
-36.3885 -76.2622 2.12841 2.85935e-07
-35.998 -77.2273 2.14447 0.00283613
-35.8504 -76.838 2.12184 0.00399602
-36.5293 -76.9622 2.11618 9.07262e-05
-36.1839 -75.9124 2.14624 9.36916e-16
-36.5115 -76.4921 2.12577 1.06774e-05
-35.9282 -77.2543 2.12302 3.6364e-06
-35.9512 -76.6038 2.11179 1.5262e-05
-35.7294 -76.672 2.1339 0.104099
-35.9121 -77.0154 2.13595 0.0630677
-35.908 -76.9011 2.1225 0.00254129
-35.6328 -77.0829 2.14004 0.0420884
-35.5494 -76.7998 2.12495 0.00571187
-35.5286 -76.8865 2.13065 0.0204592
-35.5296 -76.9501 2.13329 0.0256077
-36.5961 -76.4319 2.12062 9.53949e-07
-35.9708 -76.2962 2.13954 1.42013e-05
-35.6184 -76.7248 2.14394 0.00859927
-36.3819 -77.1046 2.12667 0.00120721
-35.7974 -76.5556 2.1436 0.00124473
-35.966 -76.9674 2.1364 0.0585926
-36.4176 -76.7104 2.12389 0.000804958
-36.6618 -76.3388 2.12888 1.08469e-08
-35.8002 -76.9661 2.14228 0.0731944
-35.8067 -77.1702 2.14081 0.0257494
-35.9374 -76.4169 2.1419 9.57876e-05
-35.8956 -76.7023 2.11445 8.09386e-05
-35.8616 -76.378 2.10026 5.08078e-10
-35.5489 -77.1099 2.13877 0.0169463
-35.8307 -76.5223 2.14612 0.000118632
-36.0118 -75.8419 2.12874 6.5055e-10
-36.0821 -76.1085 2.13116 1.13633e-06
-35.9066 -76.7902 2.12462 0.0184426
-35.431 -76.7559 2.11883 4.37644e-05
-36.2806 -76.9952 2.14233 0.000167778
-35.2587 -76.4907 2.13478 3.32282e-05
-35.1785 -76.4865 2.11781 1.17447e-07
-36.1137 -76.9822 2.12987 0.00375626
-35.2484 -76.7139 2.12721 7.56444e-05
-35.6305 -76.3388 2.15047 1.95211e-08
-35.9787 -76.2806 2.12454 0.000536663
-35.8057 -76.0615 2.15225 5.23749e-14
-36.4443 -76.2275 2.12776 2.80851e-07
-35.8441 -76.7912 2.14038 0.0692723
-36.3228 -76.4683 2.1385 3.32685e-06
-35.5348 -76.2936 2.12899 0.000260652
-36.0555 -76.5989 2.12181 0.00290469
-36.1503 -76.2889 2.13493 1.20656e-05
-36.5048 -76.7811 2.13013 9.14291e-05
-35.7281 -75.9675 2.11268 1.06583e-07
-36.0873 -76.5327 2.11486 5.94943e-05
-35.9509 -76.5275 2.1198 0.00260533
-36.1155 -77.0087 2.14446 0.00222585
-35.9387 -76.8317 2.14752 0.00265855
-36.0089 -76.5581 2.12612 0.012856
