227.508 -14.1145 2.92474 0.000712973
227.968 -14.054 2.926 0.0212527
227.82 -14.1137 2.90702 6.31211e-07
227.306 -13.5325 2.91892 1.20161e-12
228.071 -13.5167 2.91198 4.9567e-15
227.984 -13.2133 2.92176 8.82577e-19
227.578 -14.6661 2.93023 8.45302e-07
227.83 -13.9355 2.92763 0.000782254
227.394 -14.5084 2.91463 0.00119726
227.245 -14.2379 2.9256 9.77381e-08
228.023 -14.3577 2.92071 0.0349153
228.073 -14.1427 2.91977 0.00414862
228.138 -14.0368 2.93587 6.38461e-05
227.914 -13.641 2.91424 1.60053e-09
227.308 -14.6723 2.92597 1.02496e-08
228.342 -13.9026 2.93921 7.33679e-08
228.18 -13.707 2.92819 1.42419e-07
228.21 -13.7499 2.90604 6.54409e-18
228.019 -14.4173 2.92218 0.0471128
227.836 -14.2312 2.9184 0.101388
227.475 -13.7495 2.93479 5.2184e-14
228.02 -14.2615 2.93544 0.000616453
227.269 -14.471 2.90467 1.93409e-06
228.217 -13.8162 2.90298 2.37315e-20
227.628 -14.2312 2.93107 8.23636e-05
227.463 -14.5094 2.89915 3.38672e-10
227.744 -13.522 2.91951 4.32518e-10
227.047 -14.3584 2.89869 6.62762e-10
227.942 -13.9133 2.93915 1.05924e-08
227.894 -14.0714 2.92835 0.0121436
228.069 -14.1094 2.91278 2.66858e-06
227.908 -14.3302 2.91472 0.00381002
228.068 -14.0195 2.92636 0.00564694
227.596 -14.152 2.93208 4.85102e-06
227.442 -14.3253 2.91467 0.0110005
228.206 -14.3852 2.92534 0.00674308
228.219 -14.2757 2.93733 0.000172272
228.44 -13.9262 2.92594 1.4614e-07
227.809 -14.1349 2.92095 0.107901
228.334 -13.7781 2.91197 6.16311e-15
227.463 -13.8103 2.90903 4.14575e-07
228.203 -14.2691 2.9225 0.0025127
227.912 -14.3322 2.90157 2.19199e-12
227.89 -13.7975 2.92342 5.69745e-05
227.828 -13.7196 2.93047 1.11621e-07
227.944 -14.4156 2.90831 2.60002e-07
227.931 -14.1273 2.92468 0.0792857
228.234 -14.1921 2.93468 0.000828796
228.36 -13.9003 2.92283 1.44675e-07
227.856 -14.3216 2.91452 0.00763763
228.429 -14.1405 2.9218 3.60605e-07
227.751 -14.5322 2.91507 0.00544937
227.915 -14.2047 2.90803 5.28989e-07
228.184 -14.7251 2.92216 8.06831e-06
227.738 -13.6498 2.91833 1.48354e-07
228.408 -14.1723 2.92952 0.000101639
227.792 -14.16 2.91633 0.0313681
227.426 -14.4396 2.92535 7.04393e-05
228.143 -13.9842 2.9034 2.8257e-16
227.875 -14.1468 2.92551 0.0901037
228.187 -13.9273 2.92349 6.16512e-05
227.561 -14.248 2.93253 1.63098e-06
227.851 -14.1079 2.91749 0.0205399
227.554 -13.6787 2.92654 3.92458e-09
227.556 -13.8333 2.91963 4.34946e-05
227.755 -14.0545 2.9083 7.04078e-06
228.252 -13.9908 2.89532 1.75887e-29
227.906 -14.0318 2.91881 0.00715923
227.433 -13.7395 2.92913 5.85902e-11
227.827 -14.4544 2.92519 0.0861688
227.782 -13.6842 2.93006 2.03049e-08
227.943 -14.0447 2.90213 3.98744e-13
227.986 -14.4668 2.92521 0.0644881
228.234 -14.3732 2.90877 8.10254e-12
227.474 -13.9833 2.91215 0.000285034
228.18 -14.113 2.93413 0.000734475
228.354 -14.1562 2.95685 9.86185e-20
227.986 -14.1346 2.92444 0.0642813
227.59 -13.9988 2.91058 0.00017435
228.222 -13.7894 2.94539 4.92717e-13
227.368 -14.1191 2.90985 0.000302213
228 -13.5529 2.91358 1.92718e-12
228.229 -13.9067 2.92642 3.82774e-05
227.992 -13.9352 2.90358 1.61262e-13
227.38 -13.9215 2.8964 4.94893e-13
227.958 -13.7176 2.91672 1.35136e-07
227.576 -14.0395 2.90587 2.70807e-06
228.81 -14.1021 2.94205 3.29901e-11
228.197 -14.4688 2.90969 1.26798e-10
228.035 -14.5368 2.93271 0.00134578
227.601 -14.0956 2.93016 3.32312e-05
227.915 -13.9544 2.92935 0.000805408
227.865 -14.1931 2.91187 0.000337227
227.562 -13.7826 2.91313 2.9733e-06
227.953 -14.4579 2.92774 0.0486992
227.735 -14.2001 2.93389 2.94848e-05
227.699 -14.0049 2.9157 0.00398178
227.267 -14.1834 2.92138 1.32642e-05
227.743 -14.1328 2.92262 0.0866522
227.645 -14.3452 2.91458 0.036685
