171.756 23.6245 0.069966 1.45018e-09
172.238 23.5024 0.0648485 8.15156e-05
172.322 22.2775 0.0820804 1.94192e-15
173.056 23.089 0.0777147 3.42185e-17
172.231 23.1738 0.0686899 0.187762
172.226 23.5596 0.0648739 9.97176e-06
172.219 23.4569 0.0691648 0.000663104
172.54 23.737 0.0757541 2.42341e-12
172.403 23.2281 0.0586545 0.00143184
171.825 22.5734 0.0924276 1.62598e-14
171.651 23.5382 0.0685464 6.94295e-10
171.9 22.9813 0.0988605 7.38096e-15
171.657 22.6211 0.0718255 6.77599e-09
171.44 22.9291 0.0654089 1.75594e-11
171.825 23.0838 0.0773579 0.000827306
172.326 22.8007 0.0778847 0.000221296
171.968 23.0521 0.0663595 0.0377547
171.787 23.2362 0.0661128 0.000101935
172.053 23.3267 0.0677515 0.00963888
172.175 23.1658 0.0811095 0.00098779
171.812 22.9158 0.0804064 4.80406e-05
172.486 23.2799 0.0599282 0.000342522
171.973 22.6471 0.0748766 3.56937e-05
172.146 22.5675 0.0911271 2.54517e-13
172.17 22.9843 0.0637492 0.123848
172.362 22.7222 0.073032 0.000356692
172.282 23.5089 0.0772809 5.21934e-06
171.675 23.5419 0.0727626 3.3225e-09
171.453 23.0832 0.0553765 3.8721e-15
172.509 22.4964 0.0683259 2.90154e-08
172.242 23.4719 0.0768583 3.49146e-05
172.268 23.153 0.0553677 0.0006141
172.447 23.7505 0.0853649 2.05805e-15
171.981 22.9863 0.0714612 0.0586925
171.912 23.1014 0.0680002 0.0170212
172.95 22.8442 0.0756414 5.72943e-14
172.332 22.6439 0.0729631 5.81344e-05
172.006 22.7849 0.0735136 0.00344039
172.147 22.6339 0.0771548 1.94517e-05
171.851 23.1935 0.0884126 8.68846e-08
172.638 23.9344 0.0801141 1.44689e-20
171.271 23.394 0.0849889 1.30249e-17
171.215 22.9205 0.0567409 4.334e-22
172.189 22.6069 0.0647919 9.42136e-05
172.354 23.4773 0.0733995 3.97998e-05
171.906 23.1532 0.0663213 0.00721263
171.886 23.2811 0.0632419 0.000224342
171.896 23.351 0.0687031 0.000504246
172.201 23.1352 0.0670242 0.25089
172.425 23.3003 0.0701511 0.00275732
171.672 23.0408 0.0883842 2.64259e-09
171.959 22.8994 0.0497001 8.50112e-09
171.794 23.5416 0.0706284 1.5162e-07
171.978 23.3436 0.0737665 0.0021917
172.737 22.9973 0.0626104 3.47196e-06
172.27 23.0573 0.0499958 2.98743e-06
171.596 23.271 0.0849554 1.56836e-09
171.31 22.9868 0.0702463 7.43345e-14
171.952 23.0832 0.0870422 2.42279e-06
172.108 22.8247 0.0857914 1.291e-06
171.502 23.3017 0.0740726 1.40653e-09
172.404 23.4609 0.0946196 3.56984e-16
172.193 23.1948 0.0794746 0.00264826
172.31 23.3271 0.0675949 0.0110844
172.316 23.2521 0.067859 0.040665
171.841 23.2526 0.0802744 6.75337e-05
171.711 23.3496 0.0697098 2.86167e-06
171.955 23.2935 0.0700096 0.00598838
172.581 23.7615 0.0806403 2.82299e-15
172.104 23.6541 0.0722042 2.34209e-07
172.34 23.1374 0.0793466 0.000732003
171.619 22.9825 0.0728149 2.15428e-06
172.814 23.4813 0.0460259 7.03585e-16
171.501 23.2756 0.0661672 2.43578e-10
172.092 23.1536 0.104633 1.24258e-20
172.644 23.7255 0.061613 1.6397e-12
172.256 23.7676 0.0819371 2.0641e-12
171.595 22.7687 0.08023 4.65381e-09
171.652 23.0696 0.0866444 9.79903e-09
171.435 22.9001 0.0670292 2.45958e-11
171.747 22.9503 0.0655427 5.10338e-05
171.676 23.1344 0.0968038 1.71062e-14
172.535 23.7483 0.0619512 1.14573e-11
172.121 22.5068 0.0628976 8.16977e-07
172.287 23.7694 0.0923988 1.26852e-18
171.468 23.0701 0.0737984 2.22811e-09
172.285 23.3432 0.0583429 0.000312404
172.1 22.9653 0.0694253 0.193639
171.798 23.3147 0.0807325 7.11227e-06
171.674 23.2387 0.0762457 4.62739e-06
171.711 22.7508 0.0577357 2.18527e-09
172.495 23.661 0.0796984 1.92632e-11
172.075 22.9348 0.100435 1.2714e-16
171.632 23.4187 0.0721126 3.26216e-08
171.548 23.3787 0.0752933 2.31381e-09
171.989 23.3267 0.0827626 2.31294e-05
171.777 22.8429 0.0831932 8.87312e-07
172.517 23.1535 0.0916522 3.76157e-13
172.022 23.0949 0.0595128 0.00288338
172.219 23.2656 0.0644953 0.0339649
