178.99 -11.2411 3.21612 4.84749e-05
178.923 -10.9607 3.20807 0.0487685
178.754 -10.0261 3.20915 2.83481e-14
178.741 -10.7825 3.21962 3.52796e-05
179.038 -10.4973 3.20827 0.00101158
178.842 -10.431 3.21075 0.000174115
178.265 -10.9632 3.21783 3.02094e-16
178.458 -11.1082 3.20929 5.30813e-08
178.907 -11.1568 3.20811 0.000698824
179.868 -11.0761 3.22083 1.68376e-12
179.216 -10.645 3.2063 0.000179009
178.315 -10.6604 3.19383 4.96976e-11
179.202 -11.1829 3.1981 7.75771e-12
179.313 -10.6764 3.20712 3.62968e-05
178.785 -10.7814 3.19891 5.34635e-05
179.212 -10.5446 3.21299 0.00451433
178.824 -11.072 3.2146 0.00147068
179.098 -11.0751 3.19548 2.98396e-11
178.502 -10.7924 3.22274 1.31257e-12
179.383 -10.8966 3.21256 0.00106879
179.145 -10.766 3.19527 4.10845e-11
178.525 -10.643 3.18321 1.779e-18
179.087 -10.2512 3.20717 1.58219e-08
178.07 -10.9619 3.20245 6.84528e-15
178.428 -10.527 3.19357 4.29439e-11
178.616 -10.4786 3.20292 2.27936e-06
178.495 -10.5409 3.21832 8.85739e-11
178.606 -10.4961 3.2089 8.32092e-06
178.933 -11.1357 3.21215 0.00276267
178.831 -11.2757 3.19627 1.22262e-10
178.62 -11.0188 3.19838 2.58981e-06
178.86 -10.8745 3.22128 0.000208024
178.775 -10.8303 3.22229 3.52412e-06
178.318 -10.6615 3.20835 1.21989e-09
179.272 -10.4897 3.19516 7.2443e-16
178.613 -11.1124 3.19884 5.04195e-07
178.993 -10.4392 3.19414 8.91019e-13
178.798 -10.6259 3.1928 4.32428e-10
179.507 -10.5803 3.19228 4.75695e-25
178.874 -10.8998 3.18513 1.91924e-18
179.485 -10.5275 3.20619 3.32891e-10
178.494 -11.4124 3.20282 3.27305e-12
178.749 -10.6873 3.21223 0.00781807
179.101 -10.7597 3.20057 5.38551e-06
178.969 -10.7671 3.19349 2.90254e-10
179.222 -10.5546 3.20479 4.09327e-06
178.147 -10.8317 3.21796 4.40419e-20
179.01 -10.9942 3.21704 0.0347199
179.066 -10.9679 3.21441 0.138603
178.775 -10.7409 3.21715 0.00127593
178.222 -11.0712 3.21692 7.85609e-18
178.762 -10.6326 3.19035 4.66401e-12
178.449 -10.7906 3.20794 2.79712e-06
178.616 -10.7912 3.20079 0.000107348
178.638 -10.7004 3.21624 1.688e-05
179.035 -10.6602 3.19643 7.31464e-09
179.125 -10.3399 3.21337 1.67711e-05
178.979 -10.8288 3.21215 0.370343
179.164 -11.257 3.2018 1.63297e-09
178.818 -10.2586 3.20444 1.03593e-08
178.994 -11.3755 3.21852 3.13667e-08
178.115 -10.7136 3.21088 2.57046e-16
178.861 -10.679 3.22599 1.3847e-07
178.72 -10.5468 3.21828 4.10796e-06
178.596 -11.3098 3.20735 1.42583e-08
178.053 -10.4946 3.20737 1.63996e-18
178.17 -10.8148 3.20361 6.37372e-12
179.007 -10.9264 3.20161 0.000142814
178.965 -11.5486 3.21955 3.54558e-13
179.038 -10.6643 3.2053 0.00325634
179.022 -10.9445 3.20104 4.21693e-05
178.693 -10.5605 3.21068 0.000355437
178.331 -11.1735 3.19508 4.64472e-12
179.1 -10.6917 3.20466 0.000821266
178.122 -10.4927 3.18913 4.86612e-18
178.98 -11.4319 3.19231 1.67908e-18
178.424 -10.9164 3.20766 6.97809e-07
178.048 -10.7966 3.20494 8.27161e-16
179.113 -10.7048 3.19579 2.68425e-10
179.003 -10.8669 3.20408 0.0040307
179.234 -11.1677 3.22033 0.000149513
178.772 -10.8357 3.20904 0.0389614
178.573 -10.8121 3.20841 0.000296933
178.165 -10.8007 3.1999 7.72231e-12
179.014 -10.4652 3.20646 0.000131883
179.142 -10.7715 3.21844 0.153253
179.192 -11.2657 3.20876 1.63334e-06
179.115 -11.0035 3.20645 0.00175855
179.057 -10.869 3.21015 0.180529
178.713 -10.7878 3.20303 0.00196783
178.576 -10.4004 3.2126 2.67435e-08
178.73 -10.3715 3.21023 2.76863e-06
178.918 -10.6184 3.22294 4.01426e-05
178.947 -11.0554 3.20323 0.000289138
178.699 -10.5634 3.21831 2.5581e-06
178.455 -10.5202 3.19485 2.9893e-10
178.197 -10.6894 3.20469 1.02557e-11
178.902 -10.3418 3.20641 2.21678e-06
178.397 -10.4089 3.20747 2.0577e-10
179.173 -11.0408 3.19344 2.42238e-14
