-38.9377 -37.4765 1.37401 0.00104476 -39.111 -37.208 1.3774
-39.1407 -36.6345 1.37949 3.89449e-07 -39.111 -37.208 1.3774
-38.7317 -36.9719 1.37801 3.03734e-05 -39.111 -37.208 1.3774
-39.2291 -37.0305 1.38198 0.0097434 -39.111 -37.208 1.3774
-38.7369 -37.245 1.36489 3.63187e-07 -39.111 -37.208 1.3774
-39.2691 -36.4789 1.37885 3.2706e-10 -39.111 -37.208 1.3774
-39.5593 -37.126 1.379 0.000698786 -39.111 -37.208 1.3774
-38.9552 -36.8471 1.39328 8.23315e-10 -39.111 -37.208 1.3774
-38.9687 -37.0569 1.38191 0.00618194 -39.111 -37.208 1.3774
-39.132 -37.5368 1.38024 0.0165283 -39.111 -37.208 1.3774
-38.8728 -36.8436 1.37176 0.000125688 -39.111 -37.208 1.3774
-39.0054 -37.2933 1.38355 0.0433502 -39.111 -37.208 1.3774
-38.9853 -36.9665 1.36425 0.000367706 -39.111 -37.208 1.3774
-39.1218 -36.7282 1.36114 2.36026e-05 -39.111 -37.208 1.3774
-38.877 -37.2965 1.38463 0.00572598 -39.111 -37.208 1.3774
-39.2935 -37.5789 1.3754 0.00115603 -39.111 -37.208 1.3774
-38.974 -37.0063 1.38088 0.00411597 -39.111 -37.208 1.3774
-39.0837 -37.1866 1.36387 0.000573162 -39.111 -37.208 1.3774
-38.9761 -37.1422 1.37208 0.0206707 -39.111 -37.208 1.3774
-39.1364 -36.7144 1.36363 6.48761e-05 -39.111 -37.208 1.3774
-38.8121 -37.073 1.37502 0.00106473 -39.111 -37.208 1.3774
-38.7805 -37.0852 1.3897 3.98142e-06 -39.111 -37.208 1.3774
-38.8345 -37.0325 1.38165 0.000474895 -39.111 -37.208 1.3774
-38.3963 -36.6424 1.37612 4.97818e-15 -39.111 -37.208 1.3774
-39.1985 -37.0011 1.39136 2.70517e-06 -39.111 -37.208 1.3774
-39.1196 -36.8411 1.38372 3.44097e-05 -39.111 -37.208 1.3774
-39.7055 -37.1961 1.37312 2.44889e-05 -39.111 -37.208 1.3774
-39.7558 -36.5801 1.38427 1.55669e-15 -39.111 -37.208 1.3774
-38.9086 -37.1913 1.39099 9.99452e-05 -39.111 -37.208 1.3774
-39.2441 -37.0132 1.38197 0.00657563 -39.111 -37.208 1.3774
-38.6711 -37.0125 1.39055 1.97236e-08 -39.111 -37.208 1.3774
-38.5845 -36.8031 1.36972 3.89456e-09 -39.111 -37.208 1.3774
-39.2284 -37.0823 1.38964 0.000102755 -39.111 -37.208 1.3774
-38.7751 -37.3027 1.36014 2.28367e-09 -39.111 -37.208 1.3774
-39.0075 -37.5191 1.3874 0.00605664 -39.111 -37.208 1.3774
-39.2208 -37.3716 1.38033 0.111626 -39.111 -37.208 1.3774
-39.2434 -37.1729 1.37953 0.120137 -39.111 -37.208 1.3774
-39.4214 -36.6345 1.37296 2.15167e-06 -39.111 -37.208 1.3774
-38.6649 -37.3827 1.37846 2.26222e-05 -39.111 -37.208 1.3774
-39.1991 -37.0117 1.37888 0.0286069 -39.111 -37.208 1.3774
-39.4139 -37.3201 1.37365 0.0155725 -39.111 -37.208 1.3774
-38.2264 -37.5868 1.38228 3.33218e-15 -39.111 -37.208 1.3774
-38.3875 -37.3037 1.38547 3.31951e-10 -39.111 -37.208 1.3774
-39.7481 -36.7125 1.35963 5.0865e-09 -39.111 -37.208 1.3774
-38.9034 -37.1657 1.3882 0.000496252 -39.111 -37.208 1.3774
-39.2026 -36.9906 1.3747 0.0480021 -39.111 -37.208 1.3774
-38.4432 -37.0976 1.37758 2.11435e-09 -39.111 -37.208 1.3774
-38.4403 -37.1561 1.38067 3.2957e-09 -39.111 -37.208 1.3774
-38.6389 -37.3268 1.38796 5.25447e-06 -39.111 -37.208 1.3774
-39.2474 -36.834 1.38584 2.96386e-06 -39.111 -37.208 1.3774
-39.0114 -37.1852 1.38205 0.0423389 -39.111 -37.208 1.3774
-39.3848 -37.2668 1.36645 0.00157695 -39.111 -37.208 1.3774
-39.5792 -36.5913 1.38123 3.87788e-11 -39.111 -37.208 1.3774
-38.7736 -36.2679 1.36295 6.81396e-15 -39.111 -37.208 1.3774
-39.1363 -37.1661 1.38312 0.0459897 -39.111 -37.208 1.3774
-39.1129 -36.5986 1.36974 4.92141e-06 -39.111 -37.208 1.3774
-38.6358 -37.4621 1.38702 5.47507e-06 -39.111 -37.208 1.3774
-39.4263 -37.128 1.37385 0.0242896 -39.111 -37.208 1.3774
-39.3653 -36.2882 1.37795 5.23058e-15 -39.111 -37.208 1.3774
-39.3388 -37.1574 1.3743 0.0817427 -39.111 -37.208 1.3774
-39.2808 -37.0722 1.38453 0.0031977 -39.111 -37.208 1.3774
-38.8255 -36.7523 1.40825 2.51211e-24 -39.111 -37.208 1.3774
-39.0694 -36.8657 1.37742 0.00174762 -39.111 -37.208 1.3774
-38.5955 -37.3415 1.36576 8.72639e-10 -39.111 -37.208 1.3774
-39.3986 -37.1024 1.37836 0.018961 -39.111 -37.208 1.3774
-38.993 -37.1971 1.37177 0.0220721 -39.111 -37.208 1.3774
-38.8472 -37.4658 1.37307 0.000122453 -39.111 -37.208 1.3774
-39.5451 -37.2376 1.38316 0.000392303 -39.111 -37.208 1.3774
-38.5695 -37.4026 1.3688 1.65948e-09 -39.111 -37.208 1.3774
-38.6796 -37.5665 1.38097 5.25714e-06 -39.111 -37.208 1.3774
-39.4667 -37.335 1.37622 0.00847096 -39.111 -37.208 1.3774
-38.3588 -37.1257 1.39417 7.14367e-14 -39.111 -37.208 1.3774
-39.2387 -37.2951 1.34559 4.75247e-16 -39.111 -37.208 1.3774
-39.1831 -37.1106 1.36289 0.000995781 -39.111 -37.208 1.3774
-39.2461 -37.1282 1.3899 0.000178485 -39.111 -37.208 1.3774
-38.8454 -37.625 1.38533 0.000210178 -39.111 -37.208 1.3774
-39.2922 -36.8763 1.35975 9.94509e-05 -39.111 -37.208 1.3774
-39.0007 -37.5079 1.38081 0.0125345 -39.111 -37.208 1.3774
-38.8431 -36.965 1.36643 6.30979e-05 -39.111 -37.208 1.3774
-39.3013 -37.0538 1.37768 0.0422108 -39.111 -37.208 1.3774
-38.6249 -36.7458 1.37039 6.04534e-09 -39.111 -37.208 1.3774
-38.7638 -37.4245 1.38827 0.000166798 -39.111 -37.208 1.3774
-39.3175 -37.1059 1.37417 0.0824628 -39.111 -37.208 1.3774
-38.6023 -37.1189 1.35581 2.05616e-13 -39.111 -37.208 1.3774
-39.2217 -37.4147 1.36912 0.00193305 -39.111 -37.208 1.3774
-38.0857 -36.8518 1.36668 3.86315e-22 -39.111 -37.208 1.3774
-38.7185 -37.6227 1.37431 1.75966e-07 -39.111 -37.208 1.3774
-38.6368 -36.901 1.3757 4.30596e-07 -39.111 -37.208 1.3774
-39.0482 -37.3519 1.37952 0.0929464 -39.111 -37.208 1.3774
-39.6588 -37.1365 1.36207 1.78247e-06 -39.111 -37.208 1.3774
-38.8454 -36.3594 1.37546 2.24692e-13 -39.111 -37.208 1.3774
-38.8205 -36.9979 1.37631 0.000584275 -39.111 -37.208 1.3774
-39.3376 -37.2105 1.38547 0.00589652 -39.111 -37.208 1.3774
-38.7459 -37.046 1.35572 1.34109e-10 -39.111 -37.208 1.3774
-39.4916 -37.152 1.37682 0.00691441 -39.111 -37.208 1.3774
-39.0795 -36.8297 1.3853 5.78168e-06 -39.111 -37.208 1.3774
-38.9636 -37.1665 1.38562 0.00504107 -39.111 -37.208 1.3774
-39.3088 -37.2476 1.39043 0.000344068 -39.111 -37.208 1.3774
-38.8231 -36.6033 1.36782 4.71636e-08 -39.111 -37.208 1.3774
-39.2933 -37.061 1.37785 0.047177 -39.111 -37.208 1.3774
