113.927 19.5369 0.0562305 5.28551e-05
114.581 19.7263 0.0472384 7.8281e-05
114.709 20.1411 0.0543289 2.96075e-06
114.175 19.8806 0.0596054 0.011629
114.65 19.6003 0.0666401 0.00706112
114.352 20.0153 0.0531332 0.000294677
114.654 19.8151 0.0605994 0.0047213
114.633 20.3924 0.0726952 1.64161e-11
114.499 19.874 0.0639168 0.0200442
114.622 20.2546 0.0679064 9.34433e-08
114.498 19.6032 0.0742192 0.00769929
114.347 19.4195 0.0679585 0.0946505
114.248 19.8915 0.0654655 0.0420002
114.319 20.0712 0.0438376 6.51654e-08
114.417 19.302 0.0891004 4.2391e-08
114.596 19.3388 0.0721392 0.000594825
114.381 20.1247 0.0556249 8.9325e-05
114.242 20.1204 0.062987 0.000325361
114.329 19.6845 0.0451651 6.51446e-06
114.535 20.3144 0.0696015 2.08353e-08
114.447 19.3025 0.0850182 1.55331e-06
113.832 19.4053 0.0609256 2.55768e-05
113.823 18.9626 0.0500986 3.59235e-15
114.574 19.7079 0.0532337 0.00359001
114.152 20.4573 0.0708905 2.06031e-10
115.005 19.9503 0.0852962 5.08367e-17
114.132 19.7209 0.0574561 0.00964614
114.317 20.1133 0.0479625 1.09603e-06
114.069 19.3714 0.0770241 0.00877772
114.029 19.6597 0.0697185 0.0665552
114.094 19.8818 0.0799498 0.000303076
114.476 19.5444 0.0531236 0.00340806
114.015 19.619 0.063352 0.0221098
114.42 19.0549 0.0556949 5.7309e-07
114.01 19.5681 0.072671 0.0464099
114.507 19.8754 0.0671604 0.0109036
114.648 20.0678 0.0686284 1.19658e-05
114.488 19.6391 0.0506107 0.00114579
114.488 19.8291 0.0649959 0.0355086
114.157 19.66 0.0763041 0.0339514
114.089 19.5568 0.0487655 3.37406e-06
113.748 19.4158 0.058608 4.29894e-07
113.642 19.6753 0.0641308 1.38061e-06
114.883 19.7415 0.0500007 5.15088e-06
114.104 20.0603 0.0602148 0.000258981
113.777 19.819 0.0575171 1.40277e-06
114.339 19.4467 0.0604854 0.0465693
113.796 20.1182 0.07631 1.71587e-07
114.043 19.2095 0.068675 0.00104746
114.148 19.9811 0.0743925 0.000903232
114.524 19.9784 0.0596978 0.00280065
114.241 19.6865 0.0620257 0.161995
114.781 20.2268 0.0478239 8.89102e-09
114.718 19.97 0.0666487 4.8935e-05
113.617 19.2514 0.0563972 1.88786e-11
114.197 19.232 0.0555 3.22667e-05
114.326 20.0652 0.0695619 0.000605847
113.857 20.0394 0.0410989 4.11156e-14
113.896 19.3363 0.0683766 0.000995761
113.967 19.886 0.0794876 0.00017102
114.197 19.7309 0.0784603 0.00646664
114.119 19.578 0.0597243 0.0225453
114.578 19.973 0.0565613 0.00104377
113.827 19.3689 0.0443094 3.54422e-13
114.571 19.9426 0.0549706 0.00116232
114.113 20.1646 0.0621618 3.08465e-05
114.192 19.9525 0.0626698 0.00977926
114.003 19.3788 0.064142 0.00398861
113.905 19.8767 0.0551606 7.33229e-06
115.036 20.3323 0.040386 1.81494e-14
114.443 19.5227 0.0642999 0.123441
114.342 19.2385 0.0571259 0.000275531
113.988 19.3851 0.0668599 0.00749512
114.524 20.0498 0.0717807 4.35048e-05
114.912 19.8051 0.0703888 2.46056e-07
114.368 19.3672 0.0607956 0.0172949
114.533 19.6388 0.0727284 0.00796649
114.463 19.8395 0.0604662 0.0363759
114.05 19.3211 0.0575434 0.000112097
114.451 20.2912 0.0539563 3.57059e-07
114.072 19.8674 0.0576809 0.00153054
114.222 19.9358 0.0624212 0.0151095
114.422 20.0828 0.0776281 1.85864e-06
114.616 20.0089 0.0657368 0.000255901
114.789 19.0344 0.0546896 2.41163e-09
114.607 19.8403 0.0683818 0.00244606
114.212 20.3874 0.0781549 8.23809e-11
114.009 20.0805 0.0553787 3.58122e-06
114.163 19.2786 0.06741 0.0104118
114.466 19.4673 0.0645969 0.0678197
113.994 19.8425 0.0570008 0.00031001
113.923 19.8868 0.0703132 0.00152661
114.688 20.2186 0.0777205 5.88108e-11
114.19 19.9061 0.0560003 0.00211405
114.6 19.9321 0.0695783 0.000417913
114.118 19.6159 0.0552791 0.00209713
114.557 19.8596 0.0654654 0.00952203
113.575 19.6058 0.0645343 1.33385e-07
114.435 20.1434 0.0599311 0.000129466
114.043 19.8938 0.058942 0.00123301
