114.104 -22.6214 3.41036 0.00115474 113.98 -22.798 3.4006
114.119 -22.3379 3.39637 2.80671e-05 113.98 -22.798 3.4006
114.356 -23.0465 3.41259 0.00036994 113.98 -22.798 3.4006
114.286 -22.5998 3.40093 0.000560174 113.98 -22.798 3.4006
113.632 -23.0156 3.41142 8.55127e-06 113.98 -22.798 3.4006
114.058 -23.3466 3.39724 1.04954e-05 113.98 -22.798 3.4006
114.446 -22.9913 3.38099 1.63639e-17 113.98 -22.798 3.4006
114.34 -22.4946 3.39836 1.07745e-05 113.98 -22.798 3.4006
113.993 -23.1697 3.39954 0.00472707 113.98 -22.798 3.4006
114.694 -22.7589 3.41607 7.98921e-08 113.98 -22.798 3.4006
114.545 -22.9892 3.39194 3.50752e-11 113.98 -22.798 3.4006
114.289 -22.6606 3.38846 6.08311e-08 113.98 -22.798 3.4006
113.855 -22.6036 3.39782 0.0694702 113.98 -22.798 3.4006
114.106 -22.9237 3.41078 0.00785134 113.98 -22.798 3.4006
114.072 -22.5363 3.4054 0.00349186 113.98 -22.798 3.4006
114.141 -22.6476 3.40263 0.0152303 113.98 -22.798 3.4006
114.016 -22.8528 3.40159 0.136504 113.98 -22.798 3.4006
114.572 -23.0292 3.39602 1.22413e-09 113.98 -22.798 3.4006
114.199 -22.6778 3.3972 0.00194668 113.98 -22.798 3.4006
113.786 -22.5653 3.39695 0.0450433 113.98 -22.798 3.4006
113.803 -22.7485 3.39319 0.0825595 113.98 -22.798 3.4006
114.477 -22.7468 3.40561 6.07316e-05 113.98 -22.798 3.4006
114.179 -22.5117 3.40229 0.0012655 113.98 -22.798 3.4006
114.379 -22.9902 3.39843 2.36958e-05 113.98 -22.798 3.4006
114.557 -23.2222 3.40605 2.9111e-07 113.98 -22.798 3.4006
114.044 -22.942 3.40521 0.0684763 113.98 -22.798 3.4006
113.937 -22.7282 3.41947 7.72137e-08 113.98 -22.798 3.4006
114.922 -22.9883 3.40996 1.87319e-11 113.98 -22.798 3.4006
114.091 -22.7155 3.39745 0.0204756 113.98 -22.798 3.4006
113.907 -22.6021 3.38354 7.69061e-06 113.98 -22.798 3.4006
113.991 -23.0198 3.38826 3.07905e-05 113.98 -22.798 3.4006
114.159 -23.2979 3.40128 7.12738e-05 113.98 -22.798 3.4006
114.176 -22.9722 3.39529 0.000628167 113.98 -22.798 3.4006
113.947 -22.6221 3.39763 0.054383 113.98 -22.798 3.4006
114.076 -22.8523 3.39733 0.0284984 113.98 -22.798 3.4006
114.426 -23.0604 3.41626 2.68575e-05 113.98 -22.798 3.4006
113.974 -23.2774 3.38958 5.07856e-07 113.98 -22.798 3.4006
113.971 -22.2367 3.40483 2.17977e-06 113.98 -22.798 3.4006
114.441 -22.8696 3.40163 5.44032e-05 113.98 -22.798 3.4006
114.406 -23.3142 3.40893 4.29892e-06 113.98 -22.798 3.4006
114.184 -22.8495 3.40722 0.0204028 113.98 -22.798 3.4006
114.181 -23.251 3.37867 5.6303e-17 113.98 -22.798 3.4006
113.591 -23.2796 3.39082 1.67663e-05 113.98 -22.798 3.4006
114.26 -22.7813 3.4053 0.00789633 113.98 -22.798 3.4006
114.253 -22.5549 3.40377 0.000817402 113.98 -22.798 3.4006
114.54 -22.9603 3.42225 1.09211e-07 113.98 -22.798 3.4006
114.163 -22.8151 3.39309 0.00041422 113.98 -22.798 3.4006
113.777 -22.6771 3.40156 0.0682767 113.98 -22.798 3.4006
114.328 -22.6382 3.42243 1.10226e-08 113.98 -22.798 3.4006
113.856 -22.6903 3.4111 0.000374316 113.98 -22.798 3.4006
114.071 -22.7063 3.39691 0.0216954 113.98 -22.798 3.4006
114.326 -22.601 3.40207 0.000301726 113.98 -22.798 3.4006
114.508 -22.3746 3.41108 2.35219e-08 113.98 -22.798 3.4006
114.551 -22.8668 3.3975 5.37394e-08 113.98 -22.798 3.4006
114.024 -22.7362 3.3863 1.74739e-05 113.98 -22.798 3.4006
114.213 -23.0269 3.40399 0.00807316 113.98 -22.798 3.4006
114.175 -23.1645 3.4217 1.65214e-07 113.98 -22.798 3.4006
114.086 -22.77 3.41215 0.00190401 113.98 -22.798 3.4006
114.167 -22.2007 3.40461 2.09379e-07 113.98 -22.798 3.4006
114.226 -23.3846 3.41076 7.61562e-06 113.98 -22.798 3.4006
114.083 -22.4845 3.3973 0.00160513 113.98 -22.798 3.4006
113.99 -23.311 3.40759 0.000220736 113.98 -22.798 3.4006
114.51 -22.5219 3.40391 9.18893e-07 113.98 -22.798 3.4006
113.764 -23.0822 3.39222 0.00406566 113.98 -22.798 3.4006
114.172 -23.1041 3.401 0.00282263 113.98 -22.798 3.4006
114.344 -22.8866 3.41203 0.000849904 113.98 -22.798 3.4006
114.303 -23.0031 3.39116 2.02476e-07 113.98 -22.798 3.4006
113.906 -22.5366 3.41468 1.08807e-06 113.98 -22.798 3.4006
114.772 -22.9048 3.40153 9.9248e-11 113.98 -22.798 3.4006
113.93 -22.7062 3.39768 0.119948 113.98 -22.798 3.4006
114.454 -22.7883 3.39579 5.46368e-07 113.98 -22.798 3.4006
113.442 -22.1913 3.39488 5.21543e-07 113.98 -22.798 3.4006
113.775 -22.4477 3.39872 0.00506715 113.98 -22.798 3.4006
114.734 -22.9076 3.39148 1.9342e-15 113.98 -22.798 3.4006
114.957 -23.0618 3.40173 1.68548e-15 113.98 -22.798 3.4006
113.747 -22.8948 3.40028 0.131679 113.98 -22.798 3.4006
114.004 -22.4071 3.41351 4.85741e-07 113.98 -22.798 3.4006
114.492 -23.1615 3.40365 2.09057e-06 113.98 -22.798 3.4006
114.907 -22.786 3.39127 4.49415e-20 113.98 -22.798 3.4006
114.073 -23.1782 3.40439 0.00457465 113.98 -22.798 3.4006
114.228 -22.8524 3.40034 0.00664885 113.98 -22.798 3.4006
114.982 -22.7974 3.40686 1.52104e-13 113.98 -22.798 3.4006
113.684 -22.7021 3.38328 0.000223332 113.98 -22.798 3.4006
114.065 -23.2099 3.41591 1.76099e-05 113.98 -22.798 3.4006
113.643 -22.9095 3.40714 0.00103618 113.98 -22.798 3.4006
114.236 -23.149 3.40307 0.000906928 113.98 -22.798 3.4006
113.943 -23.2676 3.39997 0.000822438 113.98 -22.798 3.4006
114.133 -22.8838 3.40526 0.0452256 113.98 -22.798 3.4006
114.469 -22.5615 3.40324 5.1911e-06 113.98 -22.798 3.4006
114.242 -23.3165 3.38622 9.67423e-13 113.98 -22.798 3.4006
114.957 -22.8326 3.40383 5.68855e-14 113.98 -22.798 3.4006
114.768 -23.1876 3.40068 1.77784e-12 113.98 -22.798 3.4006
114.261 -22.7077 3.41361 0.000242593 113.98 -22.798 3.4006
114.428 -23.1199 3.39469 2.19266e-08 113.98 -22.798 3.4006
114.021 -23.2447 3.41508 1.45195e-05 113.98 -22.798 3.4006
114.515 -22.8925 3.37929 3.1549e-20 113.98 -22.798 3.4006
114.261 -22.1826 3.40055 3.457e-08 113.98 -22.798 3.4006
114.313 -22.8952 3.39928 0.000524232 113.98 -22.798 3.4006
114.407 -22.8435 3.42084 8.40632e-07 113.98 -22.798 3.4006
114.215 -23.1768 3.40055 0.000317126 113.98 -22.798 3.4006
