22.4543 6.2323 0.251878 8.67524e-07
22.6623 6.12266 0.241173 3.25872e-12
22.8905 6.19878 0.252511 2.96927e-10
22.762 6.73136 0.259065 0.00068877
22.9001 6.46585 0.257046 4.65975e-07
22.6355 6.5445 0.248387 0.016467
22.7706 6.24512 0.239332 4.56733e-10
22.8303 6.91457 0.244304 0.000462251
22.7143 6.58882 0.268242 1.24842e-08
22.1393 6.39359 0.242314 9.2349e-13
22.5029 7.17214 0.261516 2.9904e-06
22.6563 7.39212 0.242293 7.83149e-13
22.8403 6.36769 0.262197 1.17991e-09
23.0999 7.32025 0.264527 4.36349e-23
22.8816 6.69032 0.250703 0.0011937
22.5988 6.70384 0.256273 0.1834
21.7629 6.71305 0.242402 2.79753e-22
22.7936 6.88405 0.263023 7.89128e-07
22.6041 6.15823 0.26283 1.76861e-10
22.4946 6.29353 0.24847 4.05326e-06
22.1845 6.5891 0.262204 0.00601079
22.1255 6.66529 0.273434 1.97255e-06
22.7103 6.76709 0.261007 0.000611708
23.0974 6.55669 0.253344 3.25003e-09
23.0205 6.52867 0.257756 1.9365e-09
21.9736 6.89516 0.238378 2.83164e-19
22.5104 6.34354 0.259019 9.49215e-05
22.6447 6.35568 0.244446 7.05793e-06
22.7516 7.11957 0.273723 3.24223e-17
22.132 6.92317 0.23158 3.28011e-22
21.6891 6.79466 0.277774 6.9292e-13
22.8655 6.71447 0.250203 0.00237554
23.3766 7.02573 0.248654 6.5751e-17
22.9072 6.86891 0.249295 0.000311568
22.1756 6.83956 0.250895 0.000144929
22.6906 6.74943 0.268625 4.82336e-08
22.4982 6.95864 0.240035 1.02112e-06
22.6034 6.82237 0.261261 0.00661168
22.6523 7.59527 0.268438 1.55088e-23
22.5088 6.23091 0.256505 1.36345e-06
22.2037 7.27013 0.247807 1.87992e-11
21.9211 7.14491 0.23963 8.06066e-23
22.1708 6.94131 0.249214 4.61254e-06
22.9825 6.95068 0.266187 2.80361e-14
22.3474 6.58027 0.259498 0.0655901
22.1225 6.65711 0.261981 0.00351948
22.135 7.37882 0.232695 6.55837e-29
22.3478 6.54068 0.238773 1.68607e-09
22.407 7.01944 0.259569 0.00399209
22.0773 6.91122 0.263415 0.0002412
22.3126 6.80088 0.267504 0.00134771
22.3466 6.55116 0.247233 0.000324207
22.5235 6.75257 0.26002 0.094194
22.9773 6.55343 0.271727 4.78491e-19
22.6558 6.6343 0.25861 0.0130845
22.6576 6.04729 0.237827 3.54e-16
22.2261 7.37118 0.255974 4.27238e-11
22.3351 6.94003 0.26005 0.0196307
22.9407 6.82595 0.253373 2.98383e-05
22.0656 6.58955 0.257968 0.000157753
22.4671 6.38206 0.257479 0.000842742
22.3738 7.55277 0.259097 6.53408e-16
22.4204 6.31903 0.246111 5.65068e-07
22.3525 6.68521 0.24298 1.12673e-05
22.4231 7.16788 0.247355 1.04263e-06
22.6114 6.85239 0.250968 0.124973
22.2616 7.06114 0.252017 4.82082e-05
22.494 6.75924 0.259928 0.134444
22.3441 6.80039 0.248771 0.00569711
22.6085 6.63163 0.25645 0.0932272
22.4533 6.94319 0.243063 2.91837e-05
21.8504 6.78396 0.241299 4.49284e-20
21.8978 6.62559 0.278624 1.13383e-10
22.8214 6.657 0.256609 0.000443795
22.5575 6.92282 0.271519 8.80662e-09
23.1246 7.36976 0.242872 3.9353e-16
22.4721 6.54322 0.250247 0.0248311
22.7936 7.10277 0.255271 4.06191e-06
21.906 6.72949 0.264861 3.29105e-06
22.7814 6.88288 0.256343 0.000929523
22.8242 6.31706 0.234204 1.60667e-11
22.1637 6.57103 0.244065 6.39546e-09
22.9099 6.72136 0.26713 6.22516e-12
22.8104 7.40453 0.269206 4.75217e-21
22.9947 6.28423 0.261139 3.69714e-14
22.7151 6.93364 0.271094 1.90773e-11
22.5191 6.57712 0.254109 0.144672
22.3718 6.69682 0.240862 9.5567e-07
22.3661 7.26721 0.253592 1.28029e-07
22.7606 6.67412 0.251498 0.0257866
22.5583 7.43148 0.24664 1.1852e-12
22.6689 6.36009 0.240218 1.51771e-07
22.6679 6.78724 0.243667 0.00492818
22.1737 6.43074 0.264916 6.16804e-05
22.3931 5.96134 0.245081 5.35536e-17
22.3109 6.75133 0.240379 4.49086e-08
22.4762 6.62389 0.273058 3.25731e-08
22.1981 6.5971 0.245076 2.33482e-07
22.3808 6.57461 0.25089 0.0185432
22.5841 6.38767 0.262823 1.05998e-05
