181.041 -10.4515 3.21579 6.6328e-09 181.28 -10.758 3.2001
181.364 -10.8142 3.19786 0.00549457 181.28 -10.758 3.2001
181.763 -10.4693 3.20079 4.38978e-11 181.28 -10.758 3.2001
181.333 -10.5654 3.18564 3.8223e-12 181.28 -10.758 3.2001
181.552 -10.5652 3.20762 0.000332505 181.28 -10.758 3.2001
181.598 -10.6079 3.18546 2.16065e-18 181.28 -10.758 3.2001
180.829 -10.7519 3.18869 0.000225856 181.28 -10.758 3.2001
180.844 -10.2491 3.20909 4.91536e-11 181.28 -10.758 3.2001
180.896 -10.852 3.18993 0.00136932 181.28 -10.758 3.2001
180.839 -10.8421 3.18873 0.000355194 181.28 -10.758 3.2001
180.609 -10.4023 3.18997 4.90098e-09 181.28 -10.758 3.2001
180.731 -9.94727 3.20151 2.71871e-18 181.28 -10.758 3.2001
181.346 -10.8883 3.19686 0.00295423 181.28 -10.758 3.2001
181.055 -10.6391 3.22211 6.10353e-13 181.28 -10.758 3.2001
181.217 -10.5626 3.20968 0.0043716 181.28 -10.758 3.2001
181.368 -11.1013 3.20023 0.00056394 181.28 -10.758 3.2001
180.757 -10.9539 3.19332 0.00135296 181.28 -10.758 3.2001
180.854 -10.5491 3.18156 1.53665e-10 181.28 -10.758 3.2001
181.341 -10.7119 3.21376 0.00130032 181.28 -10.758 3.2001
181.349 -10.5552 3.19736 0.000263134 181.28 -10.758 3.2001
181.1 -10.734 3.20334 0.331587 181.28 -10.758 3.2001
181.378 -11.0622 3.18442 1.37045e-13 181.28 -10.758 3.2001
181.355 -10.7838 3.19174 4.57077e-06 181.28 -10.758 3.2001
181.691 -11.0691 3.19021 6.07944e-16 181.28 -10.758 3.2001
180.933 -10.648 3.2067 0.00148562 181.28 -10.758 3.2001
181.503 -10.8576 3.18519 6.28364e-15 181.28 -10.758 3.2001
180.772 -10.3663 3.19405 4.02466e-07 181.28 -10.758 3.2001
181.349 -10.8105 3.19923 0.0226014 181.28 -10.758 3.2001
181.091 -10.9543 3.20162 0.173875 181.28 -10.758 3.2001
180.892 -10.4085 3.18905 1.43607e-07 181.28 -10.758 3.2001
181.237 -10.5401 3.21045 0.00181298 181.28 -10.758 3.2001
181.02 -10.3843 3.19754 6.11487e-05 181.28 -10.758 3.2001
180.906 -10.4348 3.21575 2.34869e-11 181.28 -10.758 3.2001
180.962 -10.1083 3.1867 6.34738e-16 181.28 -10.758 3.2001
180.853 -11.0204 3.18732 2.0114e-05 181.28 -10.758 3.2001
181.439 -10.8543 3.19963 0.00254947 181.28 -10.758 3.2001
181.323 -10.7989 3.1886 7.5825e-08 181.28 -10.758 3.2001
181.375 -10.206 3.20252 1.05439e-08 181.28 -10.758 3.2001
181.541 -10.3972 3.20586 3.28141e-06 181.28 -10.758 3.2001
181.58 -10.834 3.20401 0.000413802 181.28 -10.758 3.2001
180.98 -10.3637 3.19665 1.53055e-05 181.28 -10.758 3.2001
181.302 -10.8449 3.18675 5.36621e-09 181.28 -10.758 3.2001
181.666 -10.5057 3.20203 7.47961e-08 181.28 -10.758 3.2001
181.025 -11.0208 3.20367 0.017205 181.28 -10.758 3.2001
181.201 -10.9137 3.19776 0.076151 181.28 -10.758 3.2001
181.266 -11.1412 3.18811 5.22628e-09 181.28 -10.758 3.2001
181.355 -10.021 3.19617 7.5312e-16 181.28 -10.758 3.2001
181.12 -10.4531 3.19904 0.00129733 181.28 -10.758 3.2001
180.796 -11.0329 3.19273 0.000695669 181.28 -10.758 3.2001
180.996 -10.7198 3.18414 9.52956e-08 181.28 -10.758 3.2001
180.726 -11.1691 3.19007 2.33461e-06 181.28 -10.758 3.2001
181.341 -10.6333 3.19945 0.00780118 181.28 -10.758 3.2001
181.317 -10.4527 3.22885 1.09545e-17 181.28 -10.758 3.2001
181.213 -11.4925 3.20492 1.18858e-10 181.28 -10.758 3.2001
181.259 -10.0446 3.20672 5.08977e-12 181.28 -10.758 3.2001
181.464 -11.5684 3.20445 3.92422e-14 181.28 -10.758 3.2001
180.847 -11.0639 3.18924 6.47919e-05 181.28 -10.758 3.2001
181.195 -10.2638 3.19356 3.23547e-09 181.28 -10.758 3.2001
181.123 -10.9186 3.19668 0.0848971 181.28 -10.758 3.2001
180.745 -10.6503 3.19403 0.000670663 181.28 -10.758 3.2001
181.606 -10.5723 3.18927 8.55556e-15 181.28 -10.758 3.2001
181.311 -10.7645 3.19559 0.00231217 181.28 -10.758 3.2001
181.024 -11.0535 3.20916 9.95769e-05 181.28 -10.758 3.2001
180.918 -10.8308 3.205 0.00879205 181.28 -10.758 3.2001
181.312 -10.5725 3.18707 2.41112e-10 181.28 -10.758 3.2001
181.403 -10.8511 3.19954 0.00668975 181.28 -10.758 3.2001
181.157 -10.7513 3.213 0.000522322 181.28 -10.758 3.2001
181.394 -10.6937 3.19825 0.00182028 181.28 -10.758 3.2001
181.552 -10.9651 3.18452 2.83263e-17 181.28 -10.758 3.2001
181.06 -10.2395 3.18837 6.84996e-12 181.28 -10.758 3.2001
180.511 -10.6472 3.1823 4.3963e-10 181.28 -10.758 3.2001
180.792 -11.1598 3.18481 4.21222e-08 181.28 -10.758 3.2001
181.276 -11.4956 3.19194 2.78093e-13 181.28 -10.758 3.2001
180.799 -10.2863 3.19323 1.24704e-08 181.28 -10.758 3.2001
181.191 -10.4392 3.19381 7.70391e-06 181.28 -10.758 3.2001
181.18 -10.9894 3.18746 4.90498e-07 181.28 -10.758 3.2001
180.996 -11.1933 3.20434 6.27456e-05 181.28 -10.758 3.2001
180.953 -10.7829 3.19871 0.160769 181.28 -10.758 3.2001
181.558 -10.4329 3.1983 1.74389e-08 181.28 -10.758 3.2001
181.127 -10.5105 3.20156 0.0122708 181.28 -10.758 3.2001
181.31 -10.5248 3.18872 2.01452e-09 181.28 -10.758 3.2001
181.237 -10.5965 3.19249 4.42406e-05 181.28 -10.758 3.2001
181.355 -10.99 3.18173 1.51866e-15 181.28 -10.758 3.2001
181.261 -10.9521 3.19373 0.000623086 181.28 -10.758 3.2001
181.178 -10.4804 3.19274 1.07433e-05 181.28 -10.758 3.2001
180.956 -10.8185 3.20493 0.0238606 181.28 -10.758 3.2001
181.049 -10.4973 3.22139 3.28265e-13 181.28 -10.758 3.2001
181.067 -10.3372 3.2015 2.88561e-05 181.28 -10.758 3.2001
181.102 -11.1822 3.17811 2.1697e-16 181.28 -10.758 3.2001
181.325 -11.1604 3.18724 6.67607e-11 181.28 -10.758 3.2001
180.834 -11.0651 3.20576 1.3564e-05 181.28 -10.758 3.2001
180.601 -10.1832 3.19955 1.89831e-13 181.28 -10.758 3.2001
180.799 -11.1238 3.20455 2.84883e-06 181.28 -10.758 3.2001
180.873 -10.8975 3.19699 0.0368056 181.28 -10.758 3.2001
181.133 -10.856 3.21082 0.00323913 181.28 -10.758 3.2001
180.83 -10.2989 3.19155 1.08641e-08 181.28 -10.758 3.2001
181.398 -10.7876 3.19409 3.01989e-05 181.28 -10.758 3.2001
181.458 -11.4357 3.20771 1.24687e-10 181.28 -10.758 3.2001
181.556 -10.3192 3.20889 1.98586e-07 181.28 -10.758 3.2001
180.824 -11.1162 3.19984 0.00019434 181.28 -10.758 3.2001
