140.894 -17.3859 3.36263 0.000455807
141.022 -17.1041 3.37117 0.0269101
140.651 -16.6075 3.36948 0.0116827
141.229 -16.7136 3.36926 0.000298389
141.49 -16.8574 3.36355 2.48807e-09
141.346 -16.9456 3.33957 1.33557e-22
141.089 -17.3306 3.36355 6.0665e-05
141.235 -17.3978 3.36768 1.46175e-06
140.942 -16.8168 3.35854 0.00233545
140.717 -17.1558 3.34738 8.82828e-06
141.267 -17.5107 3.37652 3.51146e-08
140.888 -16.992 3.35258 0.000103865
141.126 -17.0933 3.36627 0.00249717
141.196 -17.2898 3.3609 1.48315e-06
141.252 -16.5703 3.37005 2.19369e-05
140.877 -16.4238 3.37147 0.000184358
140.907 -16.9475 3.36671 0.189171
141.176 -17.1248 3.38198 0.000112033
141.431 -16.4196 3.35492 4.06177e-16
140.951 -16.627 3.35074 6.92248e-08
140.967 -16.6641 3.34967 2.25129e-08
141.033 -16.255 3.35985 1.29455e-09
140.907 -16.4904 3.36304 0.000215216
140.548 -16.6782 3.36359 0.0402493
141.166 -16.7566 3.36275 9.8228e-05
140.971 -16.442 3.36641 8.42198e-05
140.65 -17.011 3.33896 7.90746e-10
141.014 -17.2275 3.357 4.18958e-05
140.918 -17.2404 3.38928 7.54443e-09
141.118 -17.3945 3.36366 7.32565e-06
141.625 -17.3855 3.35947 2.18738e-16
141.078 -16.6979 3.37801 0.00266498
141.03 -17.157 3.36199 0.00179546
140.822 -16.5443 3.35505 1.92735e-05
141.465 -16.3796 3.37472 1.73686e-09
141.137 -17.0817 3.36168 0.000205484
141.559 -16.8568 3.35709 3.45674e-14
141.173 -16.7434 3.37751 0.00177152
140.722 -16.9638 3.37307 0.08005
141.069 -17.4847 3.37225 5.07085e-06
141.059 -17.0457 3.3607 0.00107076
140.932 -17.0788 3.3509 4.56063e-06
140.333 -16.8542 3.38667 1.90038e-12
140.624 -16.6533 3.36651 0.0368104
141.357 -16.5709 3.34561 1.28207e-19
140.745 -17.4381 3.36764 0.000401558
141.422 -17.1224 3.35954 6.06246e-10
141.009 -17.0006 3.34516 1.79868e-10
141.455 -16.6923 3.39419 1.03801e-09
141.573 -16.8358 3.3712 1.7575e-08
141.427 -16.6647 3.38327 1.69974e-06
141.384 -17.1549 3.3581 5.24291e-10
141.396 -16.9479 3.36953 8.4606e-06
141.174 -16.4634 3.37108 1.53065e-05
141.259 -16.4262 3.37018 6.03845e-07
141.196 -16.5768 3.3628 2.38374e-06
140.912 -17.0175 3.36832 0.168837
141.489 -16.5909 3.35678 2.67493e-14
140.965 -17.2776 3.35068 1.73876e-07
140.293 -16.5775 3.38124 1.31349e-10
141.165 -16.8784 3.34531 1.90539e-13
141.138 -16.4919 3.36516 7.50938e-06
140.847 -16.7475 3.35685 0.00205097
141.329 -16.5895 3.35847 4.37793e-10
140.953 -16.8846 3.34835 9.2481e-08
140.818 -16.8232 3.38113 0.000759855
141.294 -17.0366 3.36264 3.51898e-06
140.837 -16.7831 3.36836 0.176874
140.74 -16.4478 3.36961 0.00048629
140.26 -16.405 3.34523 3.57837e-09
140.779 -16.4157 3.35504 1.08126e-06
140.59 -16.6306 3.36691 0.0191538
140.729 -17.6159 3.36314 1.89017e-06
141.679 -16.665 3.37268 7.2476e-11
140.864 -17.4613 3.36345 0.000111017
140.239 -16.7843 3.36175 0.00222937
141.182 -16.9802 3.37435 0.00472816
140.877 -16.8477 3.37022 0.196033
141.401 -17.406 3.35832 3.84815e-12
141.118 -16.6225 3.34997 7.43928e-11
141.378 -16.8988 3.36952 1.50507e-05
141.233 -17.1516 3.36026 1.88097e-06
140.45 -16.4615 3.38816 1.89322e-13
141.353 -16.7635 3.36351 3.62239e-07
140.709 -16.4168 3.37241 9.15145e-05
141.504 -17.017 3.36595 1.14142e-08
140.758 -16.3659 3.35163 1.30134e-08
141.333 -16.9989 3.34939 8.02775e-14
140.955 -17.0215 3.36186 0.0204138
140.924 -16.9686 3.34886 6.01029e-07
141.181 -16.3842 3.35738 1.59429e-10
141.408 -16.7688 3.35226 4.21267e-14
140.759 -16.9298 3.37754 0.00808807
140.649 -17.0032 3.34354 6.03492e-07
141.267 -17.1825 3.34492 4.17108e-16
141.099 -17.4905 3.36703 2.35461e-06
140.958 -16.4865 3.36428 0.000155144
141.05 -17.3423 3.36272 7.95465e-05
141.207 -16.9626 3.36545 0.000418335
140.783 -17.1061 3.38176 8.6505e-05
