270.924 24.5344 5.70145 0.0163745 270.8 24.264 5.7103
271.233 24.1527 5.72343 6.51306e-11 270.8 24.264 5.7103
270.632 24.3624 5.71664 0.0370671 270.8 24.264 5.7103
271.031 24.3785 5.69489 0.00378773 270.8 24.264 5.7103
270.831 24.2271 5.71533 0.0184049 270.8 24.264 5.7103
271.363 24.9767 5.70772 3.18252e-15 270.8 24.264 5.7103
270.981 24.4318 5.69118 0.000526929 270.8 24.264 5.7103
270.749 24.422 5.68124 1.0218e-08 270.8 24.264 5.7103
271.182 23.8879 5.7175 3.17971e-11 270.8 24.264 5.7103
271.231 24.135 5.69755 2.10892e-05 270.8 24.264 5.7103
270.947 24.1673 5.71925 0.000116524 270.8 24.264 5.7103
270.772 24.9913 5.70841 4.78604e-09 270.8 24.264 5.7103
270.891 23.9293 5.72035 9.99318e-08 270.8 24.264 5.7103
271.515 24.6338 5.68899 2.32392e-13 270.8 24.264 5.7103
271.165 24.3797 5.7184 2.1357e-06 270.8 24.264 5.7103
270.988 24.7775 5.69271 1.07449e-07 270.8 24.264 5.7103
270.806 24.3122 5.70262 0.188906 270.8 24.264 5.7103
270.788 23.889 5.72665 2.47382e-10 270.8 24.264 5.7103
270.567 24.0883 5.69878 0.000181532 270.8 24.264 5.7103
270.407 24.1014 5.70712 3.01898e-05 270.8 24.264 5.7103
270.667 24.0517 5.68941 2.47702e-06 270.8 24.264 5.7103
270.93 23.9581 5.71654 2.38443e-06 270.8 24.264 5.7103
270.863 23.9577 5.69989 0.000239392 270.8 24.264 5.7103
271.424 24.0809 5.69381 2.13944e-09 270.8 24.264 5.7103
270.607 23.6712 5.70549 9.1513e-11 270.8 24.264 5.7103
270.671 24.2671 5.72647 6.60201e-05 270.8 24.264 5.7103
270.999 24.5274 5.70212 0.00862779 270.8 24.264 5.7103
270.743 24.2027 5.70234 0.0643348 270.8 24.264 5.7103
270.455 24.021 5.71477 1.13179e-05 270.8 24.264 5.7103
270.687 24.0443 5.69384 6.95159e-05 270.8 24.264 5.7103
271.537 24.4039 5.70058 3.14607e-11 270.8 24.264 5.7103
270.716 23.7801 5.71025 6.59215e-08 270.8 24.264 5.7103
271.009 24.0616 5.71224 0.000143017 270.8 24.264 5.7103
271.129 24.1776 5.70577 0.000626915 270.8 24.264 5.7103
270.166 23.9601 5.69059 1.86289e-16 270.8 24.264 5.7103
270.676 24.3809 5.71175 0.155499 270.8 24.264 5.7103
270.846 24.3606 5.69294 0.00367565 270.8 24.264 5.7103
271.187 24.3155 5.70205 0.000514666 270.8 24.264 5.7103
270.31 24.173 5.70472 1.33081e-06 270.8 24.264 5.7103
270.356 23.5882 5.68632 8.27612e-21 270.8 24.264 5.7103
271.094 23.5967 5.68442 5.97376e-15 270.8 24.264 5.7103
270.922 24.0387 5.69895 0.00163093 270.8 24.264 5.7103
270.788 24.1565 5.70911 0.0464213 270.8 24.264 5.7103
270.953 23.8118 5.70067 4.79225e-07 270.8 24.264 5.7103
270.983 24.366 5.69619 0.0121567 270.8 24.264 5.7103
271.133 24.1644 5.698 0.000587709 270.8 24.264 5.7103
271.138 24.514 5.70789 0.000349924 270.8 24.264 5.7103
270.612 24.4148 5.71811 0.0188627 270.8 24.264 5.7103
270.464 24.3092 5.69151 3.8745e-07 270.8 24.264 5.7103
270.957 24.0648 5.70323 0.00332318 270.8 24.264 5.7103
271.115 24.2541 5.67718 1.943e-09 270.8 24.264 5.7103
271.04 23.7646 5.68663 2.84828e-10 270.8 24.264 5.7103
270.347 24.2613 5.70811 4.64015e-05 270.8 24.264 5.7103
271.075 24.3036 5.69176 0.000585996 270.8 24.264 5.7103
271.434 24.6318 5.70388 1.79556e-10 270.8 24.264 5.7103
270.813 24.3084 5.69256 0.00280211 270.8 24.264 5.7103
270.871 24.6861 5.70767 0.00158011 270.8 24.264 5.7103
271.088 24.1304 5.70073 0.00127516 270.8 24.264 5.7103
271.314 24.1612 5.71789 2.86436e-10 270.8 24.264 5.7103
271.068 23.6933 5.70544 7.41065e-11 270.8 24.264 5.7103
270.905 24.0488 5.69777 0.00173984 270.8 24.264 5.7103
270.839 23.6724 5.70475 5.34275e-10 270.8 24.264 5.7103
270.687 23.9897 5.70631 0.00058908 270.8 24.264 5.7103
271.097 24.1177 5.71123 9.00092e-05 270.8 24.264 5.7103
271.575 24.2116 5.74685 7.69535e-39 270.8 24.264 5.7103
270.746 23.4117 5.68957 2.22645e-19 270.8 24.264 5.7103
271.087 24.2656 5.6996 0.00561074 270.8 24.264 5.7103
271.269 24.525 5.68964 1.78202e-07 270.8 24.264 5.7103
270.942 24.1387 5.69486 0.0031134 270.8 24.264 5.7103
270.656 24.1491 5.70787 0.0229733 270.8 24.264 5.7103
271.083 24.6684 5.7044 7.68577e-05 270.8 24.264 5.7103
270.393 24.2005 5.70684 0.000101206 270.8 24.264 5.7103
270.285 24.1818 5.71231 2.54769e-06 270.8 24.264 5.7103
270.945 23.8503 5.71796 6.40995e-09 270.8 24.264 5.7103
270.719 24.344 5.71426 0.108857 270.8 24.264 5.7103
271.144 24.5244 5.71618 9.60131e-06 270.8 24.264 5.7103
270.947 24.1331 5.70653 0.013071 270.8 24.264 5.7103
270.943 24.6021 5.70568 0.00627638 270.8 24.264 5.7103
270.821 24.7699 5.70826 0.00013385 270.8 24.264 5.7103
270.785 23.768 5.69014 2.10575e-09 270.8 24.264 5.7103
270.43 24.7611 5.7081 8.29434e-07 270.8 24.264 5.7103
270.763 24.6696 5.69614 5.12835e-05 270.8 24.264 5.7103
270.476 24.2866 5.73535 7.66259e-09 270.8 24.264 5.7103
270.514 24.3026 5.69555 6.15281e-05 270.8 24.264 5.7103
270.647 24.2453 5.73641 1.40187e-09 270.8 24.264 5.7103
271.485 24.0931 5.72162 2.64485e-17 270.8 24.264 5.7103
271.077 24.7832 5.70532 1.86929e-06 270.8 24.264 5.7103
270.939 24.5863 5.70119 0.00465173 270.8 24.264 5.7103
271.437 24.2233 5.70421 3.44959e-09 270.8 24.264 5.7103
270.771 23.8377 5.7045 3.02048e-06 270.8 24.264 5.7103
271.62 24.0352 5.69892 5.73443e-15 270.8 24.264 5.7103
270.643 24.1509 5.71146 0.0154237 270.8 24.264 5.7103
270.72 24.9147 5.7138 3.03435e-07 270.8 24.264 5.7103
270.745 24.176 5.70861 0.066085 270.8 24.264 5.7103
270.815 23.8863 5.69442 3.5216e-06 270.8 24.264 5.7103
271.379 24.5422 5.70035 3.24044e-08 270.8 24.264 5.7103
270.767 23.7526 5.71334 5.27018e-09 270.8 24.264 5.7103
270.867 24.4237 5.70432 0.162213 270.8 24.264 5.7103
271.578 23.9585 5.70319 2.39905e-15 270.8 24.264 5.7103
270.603 23.8748 5.70482 2.57842e-06 270.8 24.264 5.7103
