114.962 -23.9041 3.41505 0.000402357 114.93 -23.349 3.4067
114.954 -22.5148 3.41529 5.8052e-14 114.93 -23.349 3.4067
114.607 -23.119 3.40577 0.00404337 114.93 -23.349 3.4067
114.868 -23.6879 3.40631 0.0609964 114.93 -23.349 3.4067
115.411 -23.8333 3.40566 4.61836e-07 114.93 -23.349 3.4067
115.758 -23.1537 3.40291 9.06024e-14 114.93 -23.349 3.4067
115.31 -23.955 3.3888 1.58193e-17 114.93 -23.349 3.4067
114.818 -23.0245 3.39385 7.56266e-05 114.93 -23.349 3.4067
115.517 -23.0695 3.39788 8.60433e-12 114.93 -23.349 3.4067
114.924 -23.3292 3.41817 0.00129865 114.93 -23.349 3.4067
115.343 -23.3158 3.40862 0.000673305 114.93 -23.349 3.4067
115.6 -23.1919 3.40385 1.07121e-09 114.93 -23.349 3.4067
114.776 -23.0638 3.41498 3.55931e-05 114.93 -23.349 3.4067
115.042 -23.4261 3.39994 0.00640156 114.93 -23.349 3.4067
115.143 -23.6385 3.42744 1.82303e-06 114.93 -23.349 3.4067
114.934 -23.1796 3.40943 0.025615 114.93 -23.349 3.4067
115.069 -22.7767 3.38909 4.12979e-12 114.93 -23.349 3.4067
115.302 -23.0954 3.4082 7.16468e-05 114.93 -23.349 3.4067
115.169 -23.2164 3.40363 0.00163744 114.93 -23.349 3.4067
115.212 -22.975 3.39627 3.40817e-08 114.93 -23.349 3.4067
115.296 -23.2186 3.40623 0.000310288 114.93 -23.349 3.4067
115.53 -23.4692 3.39086 3.79208e-16 114.93 -23.349 3.4067
115.05 -23.4229 3.40287 0.0316436 114.93 -23.349 3.4067
114.686 -23.3243 3.43563 2.84828e-19 114.93 -23.349 3.4067
114.492 -23.8363 3.40947 3.26641e-05 114.93 -23.349 3.4067
114.628 -23.7128 3.39496 0.000556586 114.93 -23.349 3.4067
114.666 -23.3906 3.38724 1.09391e-05 114.93 -23.349 3.4067
114.598 -23.2818 3.41663 9.49333e-06 114.93 -23.349 3.4067
115.099 -22.9844 3.41036 0.000143369 114.93 -23.349 3.4067
114.743 -23.0836 3.39926 0.00624536 114.93 -23.349 3.4067
114.406 -23.127 3.40006 0.00106649 114.93 -23.349 3.4067
114.713 -22.8952 3.3976 6.20955e-05 114.93 -23.349 3.4067
114.516 -23.3212 3.4271 4.64869e-14 114.93 -23.349 3.4067
115.695 -23.6092 3.40436 4.2747e-11 114.93 -23.349 3.4067
114.798 -23.7092 3.41053 0.023084 114.93 -23.349 3.4067
114.724 -23.4003 3.406 0.204614 114.93 -23.349 3.4067
114.498 -23.3482 3.38502 3.92271e-06 114.93 -23.349 3.4067
115.597 -23.9068 3.41462 6.48659e-08 114.93 -23.349 3.4067
115.384 -23.4614 3.41282 0.00139708 114.93 -23.349 3.4067
114.977 -23.5076 3.39209 7.68124e-06 114.93 -23.349 3.4067
115.376 -23.2935 3.41044 0.000424576 114.93 -23.349 3.4067
114.748 -23.5067 3.42639 4.05921e-09 114.93 -23.349 3.4067
115.223 -23.374 3.39065 8.80021e-10 114.93 -23.349 3.4067
115.261 -23.2849 3.40781 0.00258497 114.93 -23.349 3.4067
115.294 -23.4204 3.41515 0.00593232 114.93 -23.349 3.4067
114.476 -23.1176 3.41062 1.38103e-05 114.93 -23.349 3.4067
114.269 -23.2528 3.4149 7.2511e-10 114.93 -23.349 3.4067
115.058 -23.3559 3.41037 0.0955451 114.93 -23.349 3.4067
114.267 -23.2369 3.41227 1.86572e-08 114.93 -23.349 3.4067
115.082 -23.8248 3.40123 6.27054e-05 114.93 -23.349 3.4067
115.294 -23.5636 3.40825 0.00238396 114.93 -23.349 3.4067
114.653 -22.5436 3.38754 1.21743e-12 114.93 -23.349 3.4067
114.93 -23.0798 3.40531 0.00688265 114.93 -23.349 3.4067
114.93 -24.1058 3.39676 1.87401e-09 114.93 -23.349 3.4067
115.041 -23.5155 3.41708 0.0155877 114.93 -23.349 3.4067
115.334 -23.1983 3.39546 5.96992e-09 114.93 -23.349 3.4067
115.04 -23.466 3.40893 0.161126 114.93 -23.349 3.4067
114.395 -23.5243 3.41868 3.50053e-09 114.93 -23.349 3.4067
115.424 -23.5727 3.40707 3.79234e-05 114.93 -23.349 3.4067
114.067 -23.4311 3.41506 1.62309e-13 114.93 -23.349 3.4067
114.846 -23.0762 3.38702 8.61193e-08 114.93 -23.349 3.4067
114.561 -23.5544 3.39805 0.0212855 114.93 -23.349 3.4067
114.705 -23.2892 3.38993 0.000153128 114.93 -23.349 3.4067
115.37 -23.5851 3.41142 0.00108504 114.93 -23.349 3.4067
115.252 -23.13 3.41514 0.000270263 114.93 -23.349 3.4067
115.172 -22.9614 3.40467 1.8939e-05 114.93 -23.349 3.4067
115.014 -23.7785 3.43115 5.34079e-10 114.93 -23.349 3.4067
115.539 -24.2289 3.41411 1.03912e-11 114.93 -23.349 3.4067
114.328 -23.4032 3.41739 1.02678e-09 114.93 -23.349 3.4067
114.52 -23.0438 3.41962 1.34447e-10 114.93 -23.349 3.4067
115.14 -23.4335 3.41858 0.00537921 114.93 -23.349 3.4067
115.341 -22.889 3.4099 1.8163e-07 114.93 -23.349 3.4067
115.485 -23.2574 3.39461 3.47496e-12 114.93 -23.349 3.4067
114.702 -23.081 3.38003 6.02207e-11 114.93 -23.349 3.4067
115.406 -23.7707 3.42162 4.53907e-05 114.93 -23.349 3.4067
115.068 -22.8558 3.40243 2.8834e-06 114.93 -23.349 3.4067
115.147 -23.1486 3.39112 1.04685e-08 114.93 -23.349 3.4067
114.758 -22.9209 3.39936 0.000172106 114.93 -23.349 3.4067
115.776 -23.6092 3.4099 2.74845e-10 114.93 -23.349 3.4067
114.952 -23.011 3.39314 3.28888e-06 114.93 -23.349 3.4067
115.02 -23.607 3.41486 0.0345822 114.93 -23.349 3.4067
115.48 -23.4056 3.40098 3.77989e-08 114.93 -23.349 3.4067
115.233 -23.9317 3.3928 1.50875e-12 114.93 -23.349 3.4067
114.913 -23.1732 3.3922 2.97108e-05 114.93 -23.349 3.4067
115.257 -23.5877 3.4009 3.56717e-05 114.93 -23.349 3.4067
115.239 -23.5875 3.39509 8.00174e-08 114.93 -23.349 3.4067
114.712 -23.3008 3.4301 1.63447e-13 114.93 -23.349 3.4067
114.658 -22.6363 3.39884 9.73364e-09 114.93 -23.349 3.4067
115.176 -23.4813 3.41423 0.0317668 114.93 -23.349 3.4067
115.054 -23.5901 3.40454 0.0305019 114.93 -23.349 3.4067
114.747 -23.1982 3.42963 2.0839e-13 114.93 -23.349 3.4067
115.496 -23.066 3.40422 1.38645e-08 114.93 -23.349 3.4067
115.671 -23.2119 3.40484 1.41637e-10 114.93 -23.349 3.4067
115.468 -23.0493 3.4279 5.36167e-10 114.93 -23.349 3.4067
114.603 -23.7071 3.42631 2.38572e-11 114.93 -23.349 3.4067
114.749 -23.1502 3.41192 0.00173128 114.93 -23.349 3.4067
115.179 -23.519 3.41477 0.0271037 114.93 -23.349 3.4067
114.855 -23.3356 3.39958 0.0549167 114.93 -23.349 3.4067
115.022 -23.0729 3.40567 0.00295498 114.93 -23.349 3.4067
114.934 -23.2809 3.40634 0.126938 114.93 -23.349 3.4067
