25.5654 7.37549 0.215429 6.26374e-30 25.826 7.6045 0.2414
26.0619 7.24467 0.241661 3.38229e-07 25.826 7.6045 0.2414
25.7139 7.53335 0.224431 2.27388e-11 25.826 7.6045 0.2414
25.9207 7.53588 0.222706 2.89579e-09 25.826 7.6045 0.2414
25.768 7.27886 0.226159 4.51934e-12 25.826 7.6045 0.2414
26.2009 7.25071 0.244338 1.92875e-10 25.826 7.6045 0.2414
25.9754 7.54239 0.234644 0.0489118 25.826 7.6045 0.2414
25.7321 7.67686 0.249058 0.0244852 25.826 7.6045 0.2414
25.4847 7.30657 0.242867 3.65552e-07 25.826 7.6045 0.2414
25.9899 6.98514 0.251774 5.6221e-19 25.826 7.6045 0.2414
25.5751 7.46881 0.246453 0.00197299 25.826 7.6045 0.2414
26.2826 7.86869 0.235692 0.000115444 25.826 7.6045 0.2414
26.1955 7.77454 0.246557 5.85401e-07 25.826 7.6045 0.2414
26.3303 7.8111 0.244291 6.85466e-09 25.826 7.6045 0.2414
26.337 7.99933 0.229913 6.31102e-07 25.826 7.6045 0.2414
25.8681 7.23213 0.2475 9.84751e-08 25.826 7.6045 0.2414
26.0661 8.32578 0.243838 1.9271e-12 25.826 7.6045 0.2414
25.911 7.90211 0.223404 2.42999e-09 25.826 7.6045 0.2414
26.4663 7.62532 0.239038 2.85757e-09 25.826 7.6045 0.2414
26.263 7.71706 0.241451 2.30088e-05 25.826 7.6045 0.2414
25.7325 7.4429 0.25038 0.000168034 25.826 7.6045 0.2414
26.1714 7.29656 0.244479 5.50215e-09 25.826 7.6045 0.2414
25.7637 7.3404 0.243387 0.000358091 25.826 7.6045 0.2414
25.6565 7.22191 0.249398 6.06037e-08 25.826 7.6045 0.2414
26.2842 7.20693 0.227466 3.05667e-10 25.826 7.6045 0.2414
26.0775 7.44254 0.233382 0.00186581 25.826 7.6045 0.2414
26.8213 7.22578 0.253396 3.72927e-46 25.826 7.6045 0.2414
26.3541 7.83232 0.228712 1.59757e-05 25.826 7.6045 0.2414
25.9206 6.59286 0.249924 6.43709e-34 25.826 7.6045 0.2414
26.2679 7.78874 0.239807 5.76562e-05 25.826 7.6045 0.2414
25.7879 7.63674 0.237858 0.209322 25.826 7.6045 0.2414
25.8895 7.51413 0.238918 0.101937 25.826 7.6045 0.2414
26.3043 7.58476 0.233202 0.000248565 25.826 7.6045 0.2414
25.6732 8.13337 0.222077 2.52543e-19 25.826 7.6045 0.2414
25.3803 7.29974 0.231037 7.42357e-17 25.826 7.6045 0.2414
25.8142 7.14887 0.245189 1.00303e-08 25.826 7.6045 0.2414
26.1154 7.96669 0.211266 2.88565e-21 25.826 7.6045 0.2414
26.1043 7.78064 0.242472 0.00361833 25.826 7.6045 0.2414
26.4186 7.78915 0.25953 8.64347e-30 25.826 7.6045 0.2414
26.0106 7.32953 0.242711 2.83825e-05 25.826 7.6045 0.2414
26.2244 7.47185 0.23049 0.000157559 25.826 7.6045 0.2414
26.3092 7.33705 0.252935 3.26275e-19 25.826 7.6045 0.2414
25.8321 7.67968 0.250479 0.0014368 25.826 7.6045 0.2414
25.9461 7.41979 0.235666 0.00409712 25.826 7.6045 0.2414
25.9065 7.64413 0.206367 3.6294e-32 25.826 7.6045 0.2414
25.453 7.03485 0.25837 1.05433e-17 25.826 7.6045 0.2414
25.913 7.07658 0.23525 1.21042e-10 25.826 7.6045 0.2414
25.9816 6.98884 0.224961 6.97203e-18 25.826 7.6045 0.2414
26.1955 7.63836 0.22906 0.00134882 25.826 7.6045 0.2414
26.0878 7.87671 0.230092 0.00115712 25.826 7.6045 0.2414
25.7103 7.47559 0.270853 8.96982e-25 25.826 7.6045 0.2414
25.8981 7.39706 0.242238 0.00269765 25.826 7.6045 0.2414
26.1873 7.77206 0.233162 0.00825974 25.826 7.6045 0.2414
25.3921 7.37122 0.231026 2.92308e-15 25.826 7.6045 0.2414
26.1671 7.39279 0.242401 3.11744e-06 25.826 7.6045 0.2414
25.4161 7.72258 0.23999 1.10207e-05 25.826 7.6045 0.2414
25.456 7.73446 0.250977 0.000937131 25.826 7.6045 0.2414
25.9306 7.79036 0.240128 0.34298 25.826 7.6045 0.2414
26.2299 7.50138 0.232218 0.000483215 25.826 7.6045 0.2414
26.4526 7.14134 0.249187 1.70472e-24 25.826 7.6045 0.2414
26.7409 7.26023 0.260402 1.68428e-53 25.826 7.6045 0.2414
26.0737 7.90898 0.255687 5.28346e-13 25.826 7.6045 0.2414
26.4628 7.57861 0.256029 1.59438e-26 25.826 7.6045 0.2414
26.2927 7.70075 0.237989 0.000123594 25.826 7.6045 0.2414
26.2464 7.05178 0.234604 2.79515e-13 25.826 7.6045 0.2414
26.3963 7.52743 0.241246 3.81141e-09 25.826 7.6045 0.2414
25.7459 7.45495 0.253034 7.52474e-06 25.826 7.6045 0.2414
25.9572 7.34518 0.243526 9.2632e-05 25.826 7.6045 0.2414
26.4329 7.97158 0.234454 2.02945e-08 25.826 7.6045 0.2414
26.2704 7.14297 0.241375 6.14641e-13 25.826 7.6045 0.2414
26.6869 7.62791 0.226559 8.30628e-12 25.826 7.6045 0.2414
25.8631 7.93154 0.249661 0.000117504 25.826 7.6045 0.2414
26.1348 7.98331 0.230793 8.74889e-05 25.826 7.6045 0.2414
25.8424 7.86942 0.261829 2.32759e-14 25.826 7.6045 0.2414
26.1501 7.43828 0.242876 1.57846e-05 25.826 7.6045 0.2414
26.164 7.65516 0.225202 3.75994e-05 25.826 7.6045 0.2414
26.215 7.4423 0.247703 9.38567e-10 25.826 7.6045 0.2414
26.0403 7.11446 0.251565 1.12046e-15 25.826 7.6045 0.2414
26.4153 8.1839 0.243025 9.1276e-16 25.826 7.6045 0.2414
25.7769 7.31005 0.253447 1.28239e-08 25.826 7.6045 0.2414
25.9928 8.12347 0.234247 5.31436e-06 25.826 7.6045 0.2414
25.8216 7.32076 0.248591 4.66829e-06 25.826 7.6045 0.2414
26.1233 7.67366 0.223358 2.254e-06 25.826 7.6045 0.2414
26.1227 7.6989 0.243474 0.00108832 25.826 7.6045 0.2414
26.1894 7.0282 0.254255 1.16646e-24 25.826 7.6045 0.2414
26.0436 7.78345 0.237122 0.131432 25.826 7.6045 0.2414
26.0326 7.16978 0.251416 6.63872e-14 25.826 7.6045 0.2414
25.752 7.5251 0.24164 0.0913368 25.826 7.6045 0.2414
26.4653 7.77125 0.262797 9.19746e-38 25.826 7.6045 0.2414
26.021 7.7279 0.247227 0.000526746 25.826 7.6045 0.2414
25.7111 7.31591 0.253255 6.77123e-08 25.826 7.6045 0.2414
26.4164 7.80235 0.235408 1.01541e-06 25.826 7.6045 0.2414
26.1634 7.55728 0.241074 0.000706488 25.826 7.6045 0.2414
26.2551 7.5488 0.234599 0.000624766 25.826 7.6045 0.2414
25.85 7.33015 0.265238 9.11023e-22 25.826 7.6045 0.2414
25.5169 8.16971 0.257602 2.62338e-10 25.826 7.6045 0.2414
25.7878 7.63486 0.250598 0.00220094 25.826 7.6045 0.2414
25.7415 7.51696 0.232502 0.000143131 25.826 7.6045 0.2414
25.7678 7.66711 0.234486 0.0147469 25.826 7.6045 0.2414
26.1099 7.29773 0.243502 2.07735e-07 25.826 7.6045 0.2414
