161.997 22.2601 0.0809329 1.33999e-08
161.506 23.6578 0.0828885 1.78494e-15
161.766 22.7246 0.0656763 4.34111e-06
162.246 23.496 0.0755002 1.36342e-15
161.833 23.2925 0.0539877 4.90117e-18
161.879 23.2585 0.0635252 1.05285e-09
161.886 22.5976 0.0721784 0.00054465
162.812 22.617 0.0570647 4.8048e-30
161.811 22.9957 0.071904 0.00493105
161.68 22.7426 0.066035 4.88777e-06
162.037 22.7073 0.0814934 0.000942672
162.489 23.0059 0.0584184 3.44917e-18
162.17 22.5752 0.0997448 8.01804e-17
161.647 23.04 0.0825209 0.0784593
161.979 22.6561 0.0827216 0.00259279
162.237 22.682 0.0754535 3.21934e-07
161.719 22.792 0.0878485 0.105172
162.799 22.9598 0.067528 2.70942e-24
162.257 22.7257 0.0801936 1.03071e-07
161.78 22.5208 0.0667896 2.53131e-07
162.172 22.7279 0.081608 4.11034e-06
161.862 23.2628 0.0724942 5.42179e-06
162.324 22.4725 0.0766967 4.07989e-11
161.689 22.2742 0.0653422 3.66292e-13
161.562 22.7055 0.0755688 0.0432732
161.74 23.0482 0.0757944 0.0261401
161.59 22.7337 0.0890743 0.120609
162.496 22.8369 0.0844259 8.63101e-16
161.708 22.9233 0.10699 6.19102e-16
162.374 22.9191 0.0731697 3.92948e-10
162.054 22.7292 0.0702035 3.86839e-05
161.791 23.1947 0.0684833 3.73346e-06
162.058 22.9207 0.0727768 0.000259921
161.469 22.2665 0.07578 1.76449e-08
161.976 22.8163 0.0731674 0.00315523
161.875 22.3017 0.068695 3.70874e-10
161.611 22.87 0.0855261 0.464012
162.095 22.9509 0.0812879 5.90781e-05
162.369 22.3857 0.0534289 2.38288e-25
161.966 22.6338 0.066184 6.61098e-07
161.527 22.5871 0.0790469 0.0374034
162.241 23.0898 0.0647374 1.95468e-10
162.046 22.9884 0.0801458 0.00031433
162.112 22.7352 0.0717682 2.26186e-05
161.932 22.2669 0.09617 3.23588e-12
161.99 23.1052 0.077403 0.000233268
161.989 23.2651 0.0757195 1.31567e-06
162.287 22.8761 0.0803129 1.99972e-08
161.824 23.0735 0.07056 0.000442819
162.107 22.9489 0.0861271 1.37281e-06
162.513 22.8985 0.0771877 3.04106e-14
162.23 23.412 0.0831795 3.80968e-15
162.026 22.7561 0.0776069 0.00273275
161.934 22.2596 0.0880098 1.02599e-08
162.279 23.3976 0.0872204 4.41061e-18
162.308 22.4359 0.0830206 5.68649e-12
162.075 23.1696 0.094263 2.4744e-13
162.108 22.6021 0.0939638 1.70516e-10
162.421 22.6336 0.0846208 8.34695e-14
162.744 22.7195 0.071818 4.5007e-22
162.176 22.9564 0.0754352 5.87783e-06
161.908 22.4647 0.0835502 0.000296863
162.49 23.2845 0.0820984 3.06552e-19
162.134 22.8799 0.0933937 8.74037e-11
162.167 22.6126 0.0777353 2.92611e-06
162.045 22.6596 0.0763076 0.000482251
161.795 23.1792 0.0745764 0.000446052
162.539 22.3629 0.0905139 8.91329e-24
162.093 23.085 0.0779254 1.40593e-05
162.052 22.5235 0.0861546 3.37545e-06
161.617 22.2658 0.0792289 1.58524e-06
161.865 22.6378 0.0728087 0.00259075
162.11 22.8916 0.062788 6.32017e-09
162.112 22.9113 0.0913763 4.11892e-09
162.061 23.2292 0.0830834 5.45401e-08
162.047 22.2778 0.0795841 5.74452e-09
162.074 22.5007 0.0891436 6.51392e-08
162.439 22.4902 0.0849184 1.07728e-15
161.59 23.3331 0.0702448 3.35757e-08
162.541 22.6488 0.0635585 9.67765e-18
162.139 22.6133 0.082067 4.43902e-06
161.956 22.8295 0.0774586 0.0211573
162.244 23.1315 0.0833355 2.56517e-10
162.378 22.8798 0.0605812 2.59561e-14
161.476 22.5855 0.0832082 0.0639149
162.034 23.5502 0.0725625 1.2719e-13
162.15 22.9564 0.0637101 6.35093e-09
162.555 23.264 0.104695 1.09537e-42
161.811 23.4962 0.0578674 3.42934e-18
161.698 22.8858 0.0947027 6.37092e-05
162.04 22.4708 0.0632146 2.12561e-11
161.954 22.909 0.0668729 2.17485e-05
162.015 22.8337 0.084456 0.0006521
162.533 22.9797 0.0540112 2.76342e-22
161.678 22.7902 0.0913431 0.0100228
161.837 22.7437 0.0719828 0.0074718
162.205 22.704 0.0651575 1.95426e-09
162.668 22.9999 0.0921071 1.15336e-28
162.59 22.4388 0.0745179 2.57483e-19
161.859 23.123 0.08148 0.00148167
