168.811 22.8334 0.0848392 8.1074e-05 168.76 22.668 0.077703
168.156 22.187 0.059253 8.20052e-20 168.76 22.668 0.077703
168.353 22.4131 0.0798224 0.0190417 168.76 22.668 0.077703
168.688 22.6464 0.0780925 0.0364509 168.76 22.668 0.077703
168.479 22.2463 0.0734871 2.71765e-05 168.76 22.668 0.077703
168.054 21.8714 0.0536871 1.62867e-35 168.76 22.668 0.077703
168.694 22.8033 0.0982928 1.62456e-09 168.76 22.668 0.077703
168.3 22.5332 0.0614496 4.69869e-12 168.76 22.668 0.077703
168.636 22.666 0.0795827 0.0944184 168.76 22.668 0.077703
168.755 22.546 0.0696778 9.26248e-05 168.76 22.668 0.077703
168.912 22.65 0.0741601 4.52123e-05 168.76 22.668 0.077703
168.737 22.4574 0.0749946 0.00195468 168.76 22.668 0.077703
168.669 22.6391 0.0924404 5.10637e-05 168.76 22.668 0.077703
168.721 22.5491 0.0863753 0.0020797 168.76 22.668 0.077703
168.499 23.0216 0.0920164 4.62198e-06 168.76 22.668 0.077703
168.099 22.2296 0.0760789 3.23653e-08 168.76 22.668 0.077703
168.99 22.3548 0.0656521 4.7843e-10 168.76 22.668 0.077703
168.051 22.9414 0.0747273 8.67693e-09 168.76 22.668 0.077703
169.042 22.3023 0.0708326 1.25262e-09 168.76 22.668 0.077703
168.617 22.7687 0.0783986 0.0404307 168.76 22.668 0.077703
168.556 22.5787 0.0646117 3.54462e-07 168.76 22.668 0.077703
168.973 22.2357 0.0712843 2.97778e-09 168.76 22.668 0.077703
169.236 22.0283 0.0745768 2.4023e-18 168.76 22.668 0.077703
168.46 22.1716 0.072155 5.32308e-07 168.76 22.668 0.077703
168.006 22.9079 0.0788299 1.61939e-07 168.76 22.668 0.077703
168.543 22.513 0.0575359 2.40252e-13 168.76 22.668 0.077703
168.687 22.4541 0.0620485 2.9988e-09 168.76 22.668 0.077703
167.828 22.6407 0.0838542 1.87031e-08 168.76 22.668 0.077703
168.517 22.4555 0.0697748 0.000125845 168.76 22.668 0.077703
168.555 22.6308 0.0829991 0.229142 168.76 22.668 0.077703
168.178 23.1228 0.0765644 7.13199e-09 168.76 22.668 0.077703
168.769 23.0381 0.0810037 3.65346e-06 168.76 22.668 0.077703
168.908 22.4669 0.0579405 2.22505e-13 168.76 22.668 0.077703
168.626 22.3672 0.0821988 0.00522261 168.76 22.668 0.077703
168.685 22.9705 0.0730497 1.44242e-05 168.76 22.668 0.077703
169.037 22.2919 0.0815065 1.23861e-09 168.76 22.668 0.077703
168.462 22.7514 0.0714792 0.000598696 168.76 22.668 0.077703
169.177 22.6089 0.0780005 2.64464e-10 168.76 22.668 0.077703
169.1 22.5599 0.0835617 1.41423e-09 168.76 22.668 0.077703
168.838 22.7068 0.0787903 0.000837539 168.76 22.668 0.077703
168.762 22.967 0.0707636 8.36856e-07 168.76 22.668 0.077703
167.95 23.3303 0.0634054 8.48215e-28 168.76 22.668 0.077703
168.354 22.0545 0.0631171 1.98882e-15 168.76 22.668 0.077703
168.168 22.6997 0.0566167 9.44896e-20 168.76 22.668 0.077703
168.691 22.2391 0.0922207 2.27416e-08 168.76 22.668 0.077703
168.364 22.3801 0.0659679 2.0748e-08 168.76 22.668 0.077703
168.977 22.4802 0.0780796 3.0259e-06 168.76 22.668 0.077703
168.572 22.4845 0.0873177 0.0130968 168.76 22.668 0.077703
168.378 22.2777 0.0595589 1.27564e-14 168.76 22.668 0.077703
168.823 22.2836 0.0733826 3.49702e-06 168.76 22.668 0.077703
169.056 22.4037 0.0836142 2.06358e-09 168.76 22.668 0.077703
168.282 22.0415 0.0738863 4.01487e-10 168.76 22.668 0.077703
168.165 23.4849 0.0809794 3.37289e-17 168.76 22.668 0.077703
169.133 22.7825 0.059008 8.15908e-16 168.76 22.668 0.077703
168.892 22.5754 0.0862303 7.37939e-06 168.76 22.668 0.077703
168.807 23.0138 0.0642768 3.72423e-11 168.76 22.668 0.077703
168.779 22.0488 0.0943357 1.13532e-14 168.76 22.668 0.077703
168.405 22.655 0.0787296 0.149233 168.76 22.668 0.077703
168.853 22.9398 0.0860215 7.86651e-07 168.76 22.668 0.077703
169.106 22.9731 0.0622235 2.46717e-15 168.76 22.668 0.077703
168.692 22.2046 0.0707976 4.83127e-07 168.76 22.668 0.077703
168.646 22.5488 0.0623755 1.14653e-08 168.76 22.668 0.077703
169.319 22.2742 0.0893396 1.59431e-21 168.76 22.668 0.077703
168.946 22.9365 0.0646121 4.26515e-11 168.76 22.668 0.077703
169.02 22.729 0.0631209 5.07553e-11 168.76 22.668 0.077703
168.762 23.3881 0.0564505 2.34317e-26 168.76 22.668 0.077703
168.715 22.3732 0.0540435 5.10373e-17 168.76 22.668 0.077703
168.623 21.9685 0.0795762 6.0929e-10 168.76 22.668 0.077703
168.178 22.5581 0.0846636 0.0127151 168.76 22.668 0.077703
169.09 22.4186 0.0785553 4.96188e-09 168.76 22.668 0.077703
168.233 21.9892 0.0811951 4.29054e-10 168.76 22.668 0.077703
168.527 22.6066 0.07852 0.196819 168.76 22.668 0.077703
168.84 22.2364 0.0695496 4.54617e-08 168.76 22.668 0.077703
168.636 22.4674 0.0862216 0.00659138 168.76 22.668 0.077703
168.372 22.4035 0.0818753 0.0281409 168.76 22.668 0.077703
169.149 22.7431 0.0738016 7.0574e-10 168.76 22.668 0.077703
168.751 22.7797 0.0827781 0.00264322 168.76 22.668 0.077703
169.425 22.6897 0.0912744 2.21245e-24 168.76 22.668 0.077703
169.169 21.7391 0.079807 1.81384e-25 168.76 22.668 0.077703
168.456 22.9795 0.083344 0.0016224 168.76 22.668 0.077703
169.347 22.5845 0.0672125 7.08997e-16 168.76 22.668 0.077703
168.135 22.5387 0.0807822 0.0015176 168.76 22.668 0.077703
168.797 23.1219 0.0614102 4.00471e-15 168.76 22.668 0.077703
168.428 22.7468 0.0769504 0.0397351 168.76 22.668 0.077703
168.46 22.6581 0.0617615 5.18945e-10 168.76 22.668 0.077703
168.839 22.6 0.0655159 2.68967e-07 168.76 22.668 0.077703
168.467 22.3245 0.0617986 3.22436e-11 168.76 22.668 0.077703
168.26 22.4261 0.0839884 0.012122 168.76 22.668 0.077703
168.83 22.4028 0.0628963 1.59055e-09 168.76 22.668 0.077703
168.501 22.8185 0.0881316 0.0126827 168.76 22.668 0.077703
169.039 22.6155 0.0852664 1.48937e-08 168.76 22.668 0.077703
168.456 22.5771 0.0761506 0.0578529 168.76 22.668 0.077703
168.943 22.2016 0.0756488 1.16155e-08 168.76 22.668 0.077703
168.61 22.6214 0.0903883 0.00181202 168.76 22.668 0.077703
168.252 22.5143 0.0857416 0.0327759 168.76 22.668 0.077703
168.822 23.0758 0.0778418 1.80177e-07 168.76 22.668 0.077703
168.555 22.6604 0.0643565 1.9628e-07 168.76 22.668 0.077703
168.945 22.5809 0.0951512 8.83936e-12 168.76 22.668 0.077703
169.273 22.4198 0.0604956 1.93617e-17 168.76 22.668 0.077703
169.234 23.046 0.067371 1.20021e-16 168.76 22.668 0.077703
