36.4259 -74.0274 3.92496 8.47732e-05
36.2511 -73.3155 3.92956 1.57353e-12
36.4828 -73.8913 3.93862 0.0132372
36.5769 -73.8858 3.93731 0.129154
36.5914 -73.3941 3.93904 2.87766e-08
36.5226 -74.0766 3.92784 0.000937877
36.6686 -74.6451 3.94399 3.38146e-12
36.6758 -73.8294 3.93506 0.154358
36.608 -74.4581 3.92238 2.31236e-13
37.0192 -73.7553 3.91829 2.17845e-17
36.677 -73.9438 3.92737 0.00103398
36.994 -74.4645 3.93009 1.58835e-12
36.36 -74.1534 3.94934 8.62114e-11
36.4153 -74.2405 3.94314 1.04426e-06
36.0268 -74.3896 3.93937 7.51325e-17
36.3659 -73.9755 3.93651 0.00111053
36.0697 -74.2298 3.95243 6.86261e-24
36.9418 -74.2901 3.92038 1.3417e-16
36.5462 -74.0349 3.9377 0.0553319
36.374 -74.1098 3.94226 7.22972e-06
36.8632 -73.7111 3.95434 1.27595e-07
36.7948 -74.3981 3.92864 3.22764e-09
37.0462 -74.5684 3.94853 1.68693e-10
36.8771 -74.2378 3.92791 8.18727e-08
36.2799 -74.6167 3.94247 8.08931e-17
36.2765 -74.0814 3.92298 7.28553e-07
36.4481 -74.1865 3.92639 1.38242e-05
36.7874 -74.0915 3.92879 0.000146227
37.1133 -73.6839 3.95794 1.0507e-09
36.5109 -73.99 3.93011 0.013319
36.9253 -73.6306 3.9297 9.72915e-07
37.1752 -73.9184 3.95201 5.65229e-05
36.7361 -74.152 3.9426 0.0293612
36.2296 -73.9557 3.94112 6.28461e-08
36.7078 -73.4898 3.92862 4.75019e-07
36.223 -74.1685 3.91755 3.79786e-11
37.0898 -74.4978 3.93642 3.0119e-11
36.0544 -74.0521 3.94196 1.3446e-13
36.137 -74.0146 3.93209 3.49419e-07
36.6052 -74.0136 3.92857 0.004052
37.2116 -74.0726 3.93379 1.12622e-08
36.5364 -74.1237 3.93963 0.00768099
36.4314 -74.0853 3.92151 4.93266e-07
36.6329 -74.268 3.93139 0.000114898
37.02 -74.0422 3.93561 0.000680977
36.4764 -74.1138 3.96201 1.09274e-20
36.2372 -74.1217 3.94395 6.48036e-10
36.6698 -74.1886 3.93498 0.00940567
36.4347 -74.5926 3.9432 2.4545e-13
36.8862 -73.8575 3.92638 1.39198e-06
37.1949 -73.9397 3.94158 0.00011072
36.5535 -73.6052 3.9259 9.67457e-06
36.6574 -73.816 3.93102 0.0229312
37.4668 -74.1717 3.94346 3.28722e-11
36.4531 -74.0469 3.94656 2.74233e-06
36.9612 -74.234 3.93219 2.2945e-06
36.8109 -74.3709 3.942 5.89928e-05
36.3841 -74.3321 3.94218 3.55223e-08
36.5034 -74.0054 3.93955 0.0140427
36.4773 -74.1942 3.9428 4.74544e-05
36.9161 -74.2689 3.94053 0.00100606
36.2648 -74.2492 3.93179 5.48582e-07
36.4764 -73.4803 3.94179 1.89523e-08
36.4102 -73.9816 3.92607 0.000338347
37.0132 -73.9054 3.94524 0.0221025
36.5206 -73.6848 3.9081 1.09044e-19
36.3848 -73.3448 3.94596 9.68805e-16
36.8047 -74.1095 3.94403 0.0500882
36.7888 -74.1842 3.93049 0.000126765
37.114 -74.1225 3.94597 0.00108836
36.299 -74.342 3.94861 5.65816e-14
36.7538 -73.1823 3.92584 3.22857e-16
36.8239 -74.0304 3.91849 6.95842e-13
36.4807 -73.878 3.93826 0.013645
36.7719 -74.2025 3.92425 1.43849e-08
36.5238 -74.0312 3.95144 3.12677e-08
36.5919 -73.9392 3.93663 0.19361
36.8265 -74.4745 3.93031 2.62767e-10
36.5568 -74.2475 3.92578 1.17585e-06
36.65 -73.856 3.93442 0.161164
37.091 -73.5883 3.93811 1.31225e-06
36.9283 -74.1027 3.94544 0.026666
36.5949 -74.3201 3.93944 0.000118153
36.5776 -73.7697 3.93256 0.0268243
36.5968 -74.1859 3.91392 6.09993e-16
36.8918 -74.6744 3.93406 1.036e-14
36.128 -74.1659 3.91745 6.04483e-12
36.3223 -74.0583 3.9439 1.75683e-07
36.522 -74.4934 3.93483 1.04709e-08
36.5142 -73.7628 3.92114 9.19465e-07
36.5341 -73.8676 3.92977 0.0155887
36.3807 -74.2467 3.95232 1.28674e-13
36.9369 -74.0934 3.95494 6.70284e-06
36.4185 -73.9023 3.91007 7.15394e-16
36.8226 -74.3405 3.93823 0.000116674
36.7931 -73.7674 3.93355 0.0159829
36.1678 -74.0014 3.95199 1.68882e-18
36.4403 -73.973 3.9324 0.0133845
36.6441 -74.2617 3.94198 0.000839811
36.4914 -74.6274 3.9392 1.35109e-12
