109.059 -25.002 3.41217 0.000152278 108.78 -25.13 3.4327
108.79 -24.4665 3.42095 0.00114131 108.78 -25.13 3.4327
108.98 -25.0329 3.42669 0.0585121 108.78 -25.13 3.4327
109.185 -25.247 3.42691 0.00285322 108.78 -25.13 3.4327
109.029 -24.4905 3.43724 0.00452485 108.78 -25.13 3.4327
108.813 -25.2341 3.40718 9.91767e-06 108.78 -25.13 3.4327
108.344 -25.3054 3.40855 1.90509e-06 108.78 -25.13 3.4327
109.094 -24.9492 3.42226 0.0113037 108.78 -25.13 3.4327
108.614 -25.6621 3.42011 9.53933e-07 108.78 -25.13 3.4327
109.03 -24.2896 3.41937 1.32645e-05 108.78 -25.13 3.4327
108.037 -24.8927 3.42584 1.0658e-06 108.78 -25.13 3.4327
108.503 -24.1283 3.42932 2.82053e-07 108.78 -25.13 3.4327
108.738 -24.6008 3.40903 7.0162e-05 108.78 -25.13 3.4327
108.594 -25.0143 3.43036 0.022797 108.78 -25.13 3.4327
108.47 -25.0617 3.41024 0.000138985 108.78 -25.13 3.4327
108.659 -24.5168 3.43442 0.00216164 108.78 -25.13 3.4327
109.516 -24.3422 3.42521 2.00101e-07 108.78 -25.13 3.4327
108.509 -25.4581 3.41073 1.70139e-06 108.78 -25.13 3.4327
108.537 -25.0984 3.41334 0.000593734 108.78 -25.13 3.4327
109.375 -25.209 3.43808 0.00242278 108.78 -25.13 3.4327
108.335 -25.2306 3.41641 5.72798e-05 108.78 -25.13 3.4327
109.384 -25.2936 3.41174 3.96445e-08 108.78 -25.13 3.4327
109.242 -25.0666 3.39406 1.33494e-12 108.78 -25.13 3.4327
108.678 -24.4259 3.43547 0.000547982 108.78 -25.13 3.4327
109.422 -25.0952 3.42969 0.000769434 108.78 -25.13 3.4327
108.784 -25.524 3.44049 0.000108409 108.78 -25.13 3.4327
108.196 -25.1181 3.41844 2.19844e-05 108.78 -25.13 3.4327
108.614 -25.1614 3.42845 0.0124528 108.78 -25.13 3.4327
109.298 -24.5787 3.43566 0.00257102 108.78 -25.13 3.4327
108.607 -24.9081 3.41752 0.0067009 108.78 -25.13 3.4327
109.279 -24.8542 3.41989 0.000428297 108.78 -25.13 3.4327
108.972 -24.5969 3.42127 0.00410574 108.78 -25.13 3.4327
109.508 -24.3313 3.42184 4.84573e-08 108.78 -25.13 3.4327
109.223 -25.4665 3.42467 3.72725e-05 108.78 -25.13 3.4327
109.054 -25.202 3.42552 0.00990921 108.78 -25.13 3.4327
108.923 -24.462 3.44054 0.0017034 108.78 -25.13 3.4327
108.668 -25.1154 3.42431 0.0188236 108.78 -25.13 3.4327
108.618 -24.8787 3.43143 0.0305607 108.78 -25.13 3.4327
108.695 -25.5481 3.44484 8.47989e-06 108.78 -25.13 3.4327
108.584 -24.7201 3.42318 0.00979083 108.78 -25.13 3.4327
108.569 -24.8573 3.42886 0.0200772 108.78 -25.13 3.4327
109.025 -25.3341 3.41729 0.000144913 108.78 -25.13 3.4327
108.337 -24.6459 3.43695 3.7782e-05 108.78 -25.13 3.4327
108.781 -25.0675 3.42979 0.0701479 108.78 -25.13 3.4327
109.256 -24.8092 3.43886 0.024781 108.78 -25.13 3.4327
108.421 -25.0203 3.42501 0.00272625 108.78 -25.13 3.4327
108.896 -24.6709 3.43624 0.039262 108.78 -25.13 3.4327
109.422 -25.1169 3.42546 0.00017419 108.78 -25.13 3.4327
108.823 -25.0504 3.43196 0.0915891 108.78 -25.13 3.4327
108.675 -24.928 3.39834 2.87136e-07 108.78 -25.13 3.4327
109.081 -23.9785 3.43194 3.1609e-08 108.78 -25.13 3.4327
108.861 -24.6825 3.41258 0.000537801 108.78 -25.13 3.4327
108.924 -25.2669 3.41139 4.07662e-05 108.78 -25.13 3.4327
108.793 -24.4729 3.44475 0.000292263 108.78 -25.13 3.4327
108.817 -24.8039 3.4308 0.0927658 108.78 -25.13 3.4327
108.305 -25.2914 3.40662 6.21367e-07 108.78 -25.13 3.4327
109.414 -24.4196 3.434 4.78205e-05 108.78 -25.13 3.4327
108.646 -25.1405 3.4381 0.00800988 108.78 -25.13 3.4327
108.776 -25.0506 3.42263 0.0301769 108.78 -25.13 3.4327
108.71 -25.2168 3.41575 0.00101739 108.78 -25.13 3.4327
108.994 -24.8778 3.40695 1.54229e-05 108.78 -25.13 3.4327
109.12 -25.0472 3.40554 6.65018e-07 108.78 -25.13 3.4327
108.897 -25.1228 3.41083 0.000153699 108.78 -25.13 3.4327
108.98 -25.3225 3.42524 0.00341387 108.78 -25.13 3.4327
108.931 -25.0285 3.43876 0.0833321 108.78 -25.13 3.4327
108.567 -24.5872 3.43384 0.00204447 108.78 -25.13 3.4327
108.67 -25.1678 3.40805 4.66806e-05 108.78 -25.13 3.4327
108.518 -25.2033 3.43444 0.00184788 108.78 -25.13 3.4327
108.938 -25.2008 3.41122 7.08389e-05 108.78 -25.13 3.4327
108.71 -25.2521 3.41828 0.00162946 108.78 -25.13 3.4327
109.008 -24.5418 3.43845 0.00833076 108.78 -25.13 3.4327
108.788 -24.235 3.40577 3.29473e-08 108.78 -25.13 3.4327
108.889 -24.8338 3.42691 0.0833957 108.78 -25.13 3.4327
109.16 -24.8928 3.41428 0.000164119 108.78 -25.13 3.4327
109.272 -24.8308 3.42979 0.0108675 108.78 -25.13 3.4327
108.421 -24.407 3.43632 9.62489e-06 108.78 -25.13 3.4327
109.1 -25.2943 3.4241 0.00167858 108.78 -25.13 3.4327
108.762 -24.5859 3.41343 0.000452097 108.78 -25.13 3.4327
108.471 -24.719 3.41414 0.000556246 108.78 -25.13 3.4327
108.513 -24.916 3.43131 0.00943709 108.78 -25.13 3.4327
109.736 -24.7784 3.43306 2.10057e-06 108.78 -25.13 3.4327
108.426 -24.6995 3.43938 0.000165753 108.78 -25.13 3.4327
108.757 -24.9588 3.4176 0.0102061 108.78 -25.13 3.4327
108.666 -24.9643 3.42758 0.0475103 108.78 -25.13 3.4327
108.888 -24.7653 3.42916 0.0809513 108.78 -25.13 3.4327
108.658 -25.538 3.41479 3.72566e-06 108.78 -25.13 3.4327
109.265 -24.5251 3.43285 0.00153964 108.78 -25.13 3.4327
108.857 -25.5863 3.40552 5.23755e-09 108.78 -25.13 3.4327
108.412 -25.2403 3.43918 6.94287e-05 108.78 -25.13 3.4327
108.783 -25.1374 3.41446 0.00127549 108.78 -25.13 3.4327
109.114 -25.089 3.41891 0.00153844 108.78 -25.13 3.4327
108.54 -24.9684 3.41797 0.00446889 108.78 -25.13 3.4327
108.717 -25.1652 3.42411 0.0159432 108.78 -25.13 3.4327
108.17 -24.8762 3.41861 2.79902e-05 108.78 -25.13 3.4327
109.337 -25.0889 3.42185 0.000230753 108.78 -25.13 3.4327
108.773 -24.7747 3.44623 0.00342511 108.78 -25.13 3.4327
109.257 -25.2805 3.42183 0.000141996 108.78 -25.13 3.4327
109.061 -25.1161 3.42892 0.0377507 108.78 -25.13 3.4327
108.81 -25.8951 3.39568 3.03702e-16 108.78 -25.13 3.4327
108.586 -25.372 3.44045 0.000173829 108.78 -25.13 3.4327
