270.966 -10.3017 3.98638 0.00526081 271.18 -10.474 3.9936
271.497 -10.5348 3.99825 0.0594359 271.18 -10.474 3.9936
271.489 -10.9416 3.9886 4.69191e-07 271.18 -10.474 3.9936
271.786 -10.6117 3.97318 3.31162e-25 271.18 -10.474 3.9936
271.896 -10.6228 3.98998 1.99323e-12 271.18 -10.474 3.9936
271.89 -10.328 4.00027 2.99323e-07 271.18 -10.474 3.9936
271.13 -10.9875 4.00915 4.1462e-08 271.18 -10.474 3.9936
271.246 -10.3809 3.97728 2.01586e-07 271.18 -10.474 3.9936
271.487 -10.1853 3.98547 1.01048e-08 271.18 -10.474 3.9936
272.101 -10.3546 4.00025 1.32294e-11 271.18 -10.474 3.9936
271.277 -10.1919 3.99466 0.000708982 271.18 -10.474 3.9936
271.886 -10.0999 3.97988 8.06161e-25 271.18 -10.474 3.9936
271.399 -10.723 3.97974 1.59785e-08 271.18 -10.474 3.9936
271.368 -10.7846 3.99032 0.00195979 271.18 -10.474 3.9936
271.314 -10.519 3.99729 0.232703 271.18 -10.474 3.9936
272.112 -10.4214 4.01333 4.55333e-06 271.18 -10.474 3.9936
270.765 -10.1098 4.02359 2.44781e-32 271.18 -10.474 3.9936
271.855 -10.6723 3.98162 1.22745e-18 271.18 -10.474 3.9936
271.777 -10.5194 3.99946 0.000110251 271.18 -10.474 3.9936
271.178 -10.7603 4.0206 1.44298e-12 271.18 -10.474 3.9936
271.707 -9.92581 4.01568 1.72436e-10 271.18 -10.474 3.9936
271.986 -10.62 3.99677 4.59487e-10 271.18 -10.474 3.9936
271.461 -10.1407 3.99527 1.94692e-05 271.18 -10.474 3.9936
271.513 -10.488 4.00261 0.0942557 271.18 -10.474 3.9936
271.997 -10.4884 3.99076 8.71714e-15 271.18 -10.474 3.9936
271.566 -10.047 4.00689 1.01241e-06 271.18 -10.474 3.9936
272.043 -10.2489 4.02415 6.51773e-07 271.18 -10.474 3.9936
271.931 -10.1926 3.99983 1.05079e-09 271.18 -10.474 3.9936
271.432 -10.0883 3.99525 4.81328e-06 271.18 -10.474 3.9936
271.579 -10.4085 4.00442 0.0259368 271.18 -10.474 3.9936
271.851 -10.4917 4.0055 0.000530725 271.18 -10.474 3.9936
271.341 -10.6101 4.00602 0.040664 271.18 -10.474 3.9936
271.516 -10.853 3.9888 2.15774e-06 271.18 -10.474 3.9936
272.005 -10.135 3.99192 3.25452e-17 271.18 -10.474 3.9936
271.239 -10.7066 3.98666 0.00556639 271.18 -10.474 3.9936
271.21 -10.2725 3.98761 0.00107225 271.18 -10.474 3.9936
270.999 -10.7083 3.9954 0.0176195 271.18 -10.474 3.9936
271.258 -10.5639 3.98677 0.00886877 271.18 -10.474 3.9936
271.288 -10.3114 3.98709 0.000459548 271.18 -10.474 3.9936
271.445 -10.1572 3.97493 2.69431e-15 271.18 -10.474 3.9936
271.737 -10.3071 3.97896 2.68494e-18 271.18 -10.474 3.9936
271.036 -10.0908 3.97961 4.29854e-07 271.18 -10.474 3.9936
271.888 -10.2508 3.97701 4.30816e-26 271.18 -10.474 3.9936
271.448 -10.5376 3.98489 6.29502e-06 271.18 -10.474 3.9936
271.018 -10.631 3.98541 0.0550287 271.18 -10.474 3.9936
271.605 -10.3152 3.98937 2.38219e-07 271.18 -10.474 3.9936
271.871 -10.1112 4.00352 1.8849e-08 271.18 -10.474 3.9936
271.682 -10.1211 3.99623 6.24439e-08 271.18 -10.474 3.9936
271.409 -10.4637 3.98367 4.16862e-06 271.18 -10.474 3.9936
271.871 -10.5071 3.9926 5.44472e-10 271.18 -10.474 3.9936
271.343 -10.589 3.99689 0.227018 271.18 -10.474 3.9936
271.773 -10.4909 3.97289 4.9264e-25 271.18 -10.474 3.9936
271.558 -10.4342 3.99361 0.000517705 271.18 -10.474 3.9936
271.642 -10.2188 3.99423 9.45381e-07 271.18 -10.474 3.9936
271.626 -10.4942 3.99266 4.11462e-05 271.18 -10.474 3.9936
272.001 -9.53213 3.99099 6.47685e-33 271.18 -10.474 3.9936
271.55 -10.1578 4.00285 8.37697e-05 271.18 -10.474 3.9936
271.389 -10.5608 4.015 8.29639e-05 271.18 -10.474 3.9936
271.649 -9.7579 3.98929 2.77083e-18 271.18 -10.474 3.9936
271.809 -10.6588 4.02161 0.000237519 271.18 -10.474 3.9936
271.822 -10.3853 4.03074 4.75837e-09 271.18 -10.474 3.9936
271.828 -10.0193 3.98169 1.82819e-22 271.18 -10.474 3.9936
271.262 -10.6312 4.01008 0.000409092 271.18 -10.474 3.9936
272.207 -10.4458 4.00783 1.63864e-09 271.18 -10.474 3.9936
271.59 -10.3693 4.00337 0.0112596 271.18 -10.474 3.9936
271.351 -11.0346 3.9988 8.79512e-05 271.18 -10.474 3.9936
270.747 -10.6451 3.98799 0.00328491 271.18 -10.474 3.9936
271.404 -10.2725 3.99958 0.00528268 271.18 -10.474 3.9936
271.506 -10.1 3.98264 6.18197e-12 271.18 -10.474 3.9936
271.563 -10.1784 4.00031 8.13156e-05 271.18 -10.474 3.9936
271.378 -10.4829 3.99035 0.0068415 271.18 -10.474 3.9936
271.773 -11.0131 3.98763 3.01777e-14 271.18 -10.474 3.9936
271.532 -10.0801 3.99936 3.10974e-06 271.18 -10.474 3.9936
271.67 -10.7632 3.97076 1.71198e-24 271.18 -10.474 3.9936
271.691 -11.0968 3.99192 4.29469e-11 271.18 -10.474 3.9936
271.348 -9.75632 4.01916 1.60418e-19 271.18 -10.474 3.9936
272.316 -10.2879 3.99276 3.62028e-25 271.18 -10.474 3.9936
271.447 -10.3258 4.00554 0.0082204 271.18 -10.474 3.9936
271.161 -10.4647 3.99437 0.150725 271.18 -10.474 3.9936
271.79 -10.6114 3.98946 4.29809e-10 271.18 -10.474 3.9936
271.798 -10.0349 4.01669 2.10579e-08 271.18 -10.474 3.9936
271.443 -10.2476 3.99268 0.000167267 271.18 -10.474 3.9936
271.355 -10.3135 3.98257 1.02764e-06 271.18 -10.474 3.9936
271.813 -10.3891 3.99145 7.30223e-10 271.18 -10.474 3.9936
271.433 -10.2067 3.99905 0.000715617 271.18 -10.474 3.9936
271.688 -10.2137 3.99575 6.51555e-07 271.18 -10.474 3.9936
271.7 -10.4808 4.01062 0.0177924 271.18 -10.474 3.9936
271.851 -10.0573 3.97893 2.9179e-25 271.18 -10.474 3.9936
271.605 -9.97393 3.99334 1.58549e-10 271.18 -10.474 3.9936
271.438 -9.89733 3.98609 9.70359e-13 271.18 -10.474 3.9936
271.119 -10.0029 3.97928 1.93591e-09 271.18 -10.474 3.9936
272.073 -10.1236 3.99956 5.38706e-14 271.18 -10.474 3.9936
271.671 -10.2276 4.00256 0.000106533 271.18 -10.474 3.9936
271.599 -10.5288 3.99488 0.000875186 271.18 -10.474 3.9936
271.6 -10.1812 4.00453 0.000122822 271.18 -10.474 3.9936
271.872 -10.6963 4.01657 0.0019031 271.18 -10.474 3.9936
271.648 -10.4783 3.98404 1.30007e-10 271.18 -10.474 3.9936
271.72 -10.4981 4.01216 0.0138483 271.18 -10.474 3.9936
271.239 -10.5648 4.0124 1.75438e-05 271.18 -10.474 3.9936
271.644 -10.7429 3.99429 4.61762e-05 271.18 -10.474 3.9936
