165.302 23.5584 0.0897672 3.37168e-17 166.11 23.089 0.079931
166.369 23.1753 0.0691833 2.8426e-05 166.11 23.089 0.079931
166.036 22.8376 0.0947856 4.87964e-06 166.11 23.089 0.079931
166.59 22.9369 0.0953037 8.40769e-16 166.11 23.089 0.079931
165.884 23.4166 0.0726965 6.12202e-07 166.11 23.089 0.079931
166.192 23.4481 0.073357 1.24921e-06 166.11 23.089 0.079931
165.632 22.4465 0.0978719 8.44663e-13 166.11 23.089 0.079931
166.158 22.8631 0.0857855 0.0107603 166.11 23.089 0.079931
166.434 22.7036 0.0964111 5.33324e-14 166.11 23.089 0.079931
166.087 23.5436 0.108781 2.34124e-26 166.11 23.089 0.079931
166.312 23.0232 0.105163 4.11529e-19 166.11 23.089 0.079931
165.915 23.0447 0.0843429 0.110212 166.11 23.089 0.079931
166.232 23.4334 0.082937 1.09729e-06 166.11 23.089 0.079931
165.692 22.988 0.0741024 8.14833e-05 166.11 23.089 0.079931
165.525 23.0685 0.0848287 1.27633e-05 166.11 23.089 0.079931
165.922 23.0458 0.0770609 0.089114 166.11 23.089 0.079931
165.928 23.4397 0.0892831 3.33579e-07 166.11 23.089 0.079931
165.97 22.9444 0.0802818 0.333069 166.11 23.089 0.079931
165.891 22.7935 0.0843959 0.0353225 166.11 23.089 0.079931
166.32 22.6039 0.0840196 3.68825e-06 166.11 23.089 0.079931
166.259 23.3382 0.076177 7.72425e-05 166.11 23.089 0.079931
165.92 23.0645 0.0773716 0.0840306 166.11 23.089 0.079931
165.466 22.4836 0.0993779 9.89575e-15 166.11 23.089 0.079931
165.973 22.883 0.0950596 1.05568e-05 166.11 23.089 0.079931
166.323 23.2262 0.080804 0.000248843 166.11 23.089 0.079931
166.065 23.3393 0.0640385 6.1483e-09 166.11 23.089 0.079931
166.037 22.9715 0.0730862 0.0367771 166.11 23.089 0.079931
166.535 22.9096 0.103071 3.18507e-22 166.11 23.089 0.079931
166.469 23.1614 0.072977 1.60672e-05 166.11 23.089 0.079931
166.083 22.6042 0.0984515 4.30934e-11 166.11 23.089 0.079931
166.228 23.2946 0.0924163 1.99362e-08 166.11 23.089 0.079931
165.981 23.3127 0.0976176 7.2049e-10 166.11 23.089 0.079931
166.043 23.0527 0.0875913 0.0144596 166.11 23.089 0.079931
165.813 22.8013 0.0733335 0.000440583 166.11 23.089 0.079931
166.282 22.9459 0.0925209 4.8988e-07 166.11 23.089 0.079931
166.422 23.1164 0.0917223 1.73914e-09 166.11 23.089 0.079931
165.434 23.4161 0.0625279 2.56084e-22 166.11 23.089 0.079931
166.025 22.8521 0.0759556 0.0897176 166.11 23.089 0.079931
166.078 22.8394 0.0791553 0.160542 166.11 23.089 0.079931
166.672 23.6645 0.0930375 5.44448e-26 166.11 23.089 0.079931
165.754 23.0234 0.0679515 4.87279e-07 166.11 23.089 0.079931
165.733 22.6921 0.0836708 0.000527193 166.11 23.089 0.079931
165.737 23.274 0.0983362 1.32719e-09 166.11 23.089 0.079931
165.722 23.3695 0.0731484 7.76704e-08 166.11 23.089 0.079931
165.184 23.556 0.0681244 2.33109e-28 166.11 23.089 0.079931
166.172 23.3653 0.0921062 1.35462e-08 166.11 23.089 0.079931
165.73 23.6162 0.0857645 4.68096e-11 166.11 23.089 0.079931
165.515 23.2025 0.0789788 1.99387e-07 166.11 23.089 0.079931
165.793 23.0018 0.0939039 6.565e-05 166.11 23.089 0.079931
165.464 23.0652 0.0641489 2.55723e-16 166.11 23.089 0.079931
165.97 23.038 0.0891015 0.00787245 166.11 23.089 0.079931
166.588 23.3205 0.0829532 1.18527e-10 166.11 23.089 0.079931
165.917 24.0098 0.0849812 7.66621e-23 166.11 23.089 0.079931
166.583 24.0516 0.09034 6.71561e-35 166.11 23.089 0.079931
166.024 23.5773 0.0788904 2.18408e-08 166.11 23.089 0.079931
165.922 24.019 0.0843465 4.32894e-23 166.11 23.089 0.079931
165.437 23.1715 0.107454 5.50156e-18 166.11 23.089 0.079931
166.175 22.7466 0.0903297 2.60127e-05 166.11 23.089 0.079931
166.287 23.6686 0.0900873 1.87171e-15 166.11 23.089 0.079931
165.849 23.1082 0.0855376 0.0228651 166.11 23.089 0.079931
166.182 23.07 0.0899725 0.000138911 166.11 23.089 0.079931
165.686 22.7838 0.0870683 0.00056504 166.11 23.089 0.079931
165.554 23.6278 0.0810865 1.13863e-13 166.11 23.089 0.079931
166.415 23.4251 0.080865 2.24152e-08 166.11 23.089 0.079931
166.194 23.4652 0.100146 9.55125e-17 166.11 23.089 0.079931
165.986 23.0561 0.0684689 0.000235041 166.11 23.089 0.079931
165.914 23.2026 0.0954252 7.77409e-07 166.11 23.089 0.079931
166.061 22.6667 0.0954671 5.54651e-08 166.11 23.089 0.079931
166.029 23.551 0.0886824 1.73684e-09 166.11 23.089 0.079931
165.849 23.0384 0.0984384 1.17851e-07 166.11 23.089 0.079931
166.472 23.2038 0.0790013 5.36865e-06 166.11 23.089 0.079931
165.589 22.8598 0.0806036 7.18387e-05 166.11 23.089 0.079931
166.078 23.2328 0.0893877 0.000108971 166.11 23.089 0.079931
166.095 22.5395 0.065764 7.60708e-09 166.11 23.089 0.079931
165.724 22.7757 0.0685252 7.53794e-08 166.11 23.089 0.079931
166.233 23.4792 0.087711 4.24438e-09 166.11 23.089 0.079931
166.273 23.183 0.0745787 0.00241959 166.11 23.089 0.079931
166.412 23.3073 0.0776782 4.38818e-06 166.11 23.089 0.079931
165.773 22.5403 0.0727639 8.57269e-08 166.11 23.089 0.079931
165.864 22.9527 0.0938759 9.98249e-05 166.11 23.089 0.079931
166.163 23.4422 0.0770048 6.41554e-06 166.11 23.089 0.079931
166.072 23.7797 0.094626 4.27493e-19 166.11 23.089 0.079931
166.371 23.0954 0.0897562 3.15819e-07 166.11 23.089 0.079931
166.426 23.5821 0.0774945 2.46112e-11 166.11 23.089 0.079931
165.443 22.8393 0.081218 1.20349e-07 166.11 23.089 0.079931
166.359 22.4626 0.0882882 1.18804e-10 166.11 23.089 0.079931
166.012 23.4138 0.077158 3.39842e-05 166.11 23.089 0.079931
166.168 22.984 0.0976375 4.13104e-09 166.11 23.089 0.079931
166.479 22.7093 0.0935675 1.03333e-12 166.11 23.089 0.079931
165.364 23.2805 0.0982519 1.23174e-13 166.11 23.089 0.079931
166.536 22.8466 0.0831715 2.17644e-07 166.11 23.089 0.079931
166.112 23.8426 0.0968794 3.60079e-23 166.11 23.089 0.079931
165.891 22.8768 0.0979169 2.58675e-07 166.11 23.089 0.079931
165.719 22.5072 0.10216 3.60447e-14 166.11 23.089 0.079931
166.275 22.8705 0.0988908 6.61863e-12 166.11 23.089 0.079931
165.918 23.5465 0.0809335 7.33011e-08 166.11 23.089 0.079931
165.499 23.0128 0.105345 1.56106e-14 166.11 23.089 0.079931
165.448 23.4845 0.0741744 9.91056e-15 166.11 23.089 0.079931
165.246 23.7783 0.0809189 2.91678e-25 166.11 23.089 0.079931
165.99 23.424 0.083618 1.75387e-05 166.11 23.089 0.079931
