269.355 -14.2149 3.86328 0.000422549
270 -14.5376 3.8733 0.0313511
271.139 -14.0487 3.88949 1.23294e-12
269.598 -14.6284 3.85682 0.00495426
269.921 -14.6758 3.86239 0.000856929
269.545 -14.5025 3.85897 0.0637105
270.181 -14.8661 3.86132 5.2116e-10
270.137 -14.8338 3.88128 1.07355e-06
270.774 -14.4785 3.87888 8.98485e-08
269.903 -14.61 3.88282 5.5322e-07
269.904 -14.5086 3.87236 0.034569
269.677 -13.8407 3.86558 1.23322e-05
270.637 -13.3231 3.87379 4.57532e-25
270.023 -14.6071 3.86466 0.00290413
270.044 -14.5008 3.86518 0.0163675
270.705 -13.9607 3.89324 1.3939e-08
270.03 -14.2762 3.88132 0.000634063
270.407 -14.401 3.87014 8.71373e-05
270.26 -14.2198 3.86496 8.31073e-05
270.093 -14.7029 3.8713 0.000990246
270.353 -14.3646 3.8676 6.34017e-05
270.142 -14.7899 3.86667 5.17658e-06
270.529 -14.3185 3.87864 0.000510035
271.034 -13.875 3.87198 7.02285e-23
270.089 -14.424 3.8697 0.089543
270.061 -14.2856 3.8516 8.80741e-09
270.701 -14.3337 3.87554 1.35954e-07
270.489 -14.0541 3.87965 4.27193e-05
270.334 -14.1097 3.88442 0.000182788
270.274 -14.1514 3.85161 1.55292e-14
270.547 -14.2758 3.89258 1.67597e-05
270.738 -14.793 3.87098 2.28355e-14
270.59 -14.8375 3.89726 2.33782e-10
270.28 -13.8896 3.87803 4.61901e-06
270.736 -14.4007 3.86205 1.4092e-18
270.676 -14.9169 3.86893 2.11898e-16
270.149 -14.716 3.87526 0.000508086
270.369 -14.0606 3.87927 0.00030526
270.803 -14.6367 3.87218 2.79893e-13
270.671 -14.6434 3.86061 1.72339e-19
270.012 -14.1001 3.87168 0.016785
270.472 -14.4339 3.8883 0.000373326
270.72 -14.2552 3.87315 2.22373e-09
270.261 -14.7916 3.86461 2.51264e-08
270.646 -14.103 3.87083 6.5695e-10
270.717 -14.4827 3.88615 3.34088e-05
269.879 -14.6526 3.87736 6.00528e-05
270.043 -14.5308 3.87035 0.0480565
270.343 -13.797 3.89721 1.76663e-15
270.426 -14.6231 3.87185 1.13074e-05
269.864 -14.0543 3.87928 3.44087e-06
270.093 -14.5821 3.90486 4.63551e-23
270.525 -14.0203 3.89529 7.77231e-09
270.786 -14.3547 3.86825 2.18948e-14
270.256 -14.0635 3.85388 1.35191e-12
269.585 -14.6084 3.88039 3.52306e-11
270.774 -14.5366 3.86678 6.36611e-16
270.153 -14.0712 3.86606 0.00053323
270.637 -14.1791 3.87006 1.26171e-09
270.764 -14.5791 3.87278 2.33134e-11
270.533 -14.1949 3.86616 1.54599e-09
269.789 -14.3176 3.86074 0.241908
270.781 -14.2668 3.88174 7.55183e-07
269.852 -14.7297 3.87208 0.000214724
270.608 -14.4713 3.87524 3.03968e-06
270.921 -14.3206 3.88768 2.08739e-07
270.783 -14.4559 3.88742 1.07674e-05
270.489 -14.6326 3.89512 1.31432e-07
270.44 -14.48 3.8666 2.68654e-07
270.036 -14.4239 3.87292 0.117455
270.263 -14.6113 3.87205 0.00109561
270.216 -14.6372 3.86416 7.14079e-06
270.332 -14.823 3.88975 2.11343e-08
270.499 -15.0924 3.85867 2.44142e-24
270.388 -14.678 3.89132 6.4947e-07
269.893 -14.2636 3.86329 0.16814
270.499 -14.4603 3.86039 5.65375e-13
270.349 -14.3376 3.88085 0.010489
270.294 -14.3536 3.89295 3.31539e-07
270.451 -14.0368 3.88791 5.06923e-06
270.691 -14.9774 3.88126 1.03295e-11
270.3 -14.3181 3.86747 0.000354973
269.955 -14.3879 3.8734 0.0839733
270.452 -14.2728 3.85399 2.79319e-17
270.763 -14.316 3.85713 5.14538e-25
270.578 -14.2527 3.87814 7.18247e-05
270.467 -14.0967 3.87747 0.000102846
270.347 -14.3535 3.85978 2.8871e-09
270.302 -14.4726 3.88837 7.07605e-05
270.226 -14.0719 3.87029 0.000878723
270.309 -14.6803 3.88062 0.000306009
270.311 -14.4759 3.86748 0.000120193
270.314 -14.1647 3.88444 0.000456375
270.039 -15.1467 3.86638 7.02326e-13
270.017 -14.0806 3.87404 0.00548913
269.786 -14.2449 3.86998 0.0547574
270.394 -14.4366 3.87004 0.000102894
270.669 -14.1118 3.86635 2.1028e-13
270.669 -14.9806 3.87781 1.40688e-12
269.689 -14.5756 3.84729 1.89393e-06
