-10.837 -0.863318 0.471583 1.37465e-09
-11.1016 -0.744358 0.474293 0.00088396
-11.1411 -0.361767 0.463405 1.48305e-06
-10.9211 -0.567054 0.476222 0.000101776
-10.8453 -0.332356 0.461071 4.83867e-10
-11.4458 -0.489032 0.474357 0.0124412
-11.158 -0.862591 0.470744 2.1498e-06
-10.6411 -0.57971 0.474339 5.83158e-11
-11.2429 -0.602587 0.454117 3.42681e-16
-11.2644 -0.548602 0.453858 5.60023e-16
-10.9982 -0.960202 0.478172 5.39472e-07
-10.33 -0.813992 0.479244 3.33311e-24
-11.0644 -0.578627 0.47555 0.00692333
-11.1999 -0.56822 0.461905 2.90169e-08
-11.2612 -0.654719 0.485738 0.077985
-11.1961 -0.705736 0.481733 0.0651868
-11.2107 -1.55212 0.49785 2.70564e-20
-11.1228 -0.442587 0.483319 0.00324235
-11.3914 -0.951489 0.463239 2.1515e-11
-10.9617 -0.996863 0.456263 3.82889e-22
-11.6469 -1.01413 0.471521 2.06895e-10
-10.7472 -0.589507 0.469554 5.87601e-09
-10.5245 -0.596391 0.462997 1.05941e-16
-11.2928 -0.876238 0.458477 1.05699e-12
-10.7003 -0.648218 0.460076 1.03595e-14
-11.0164 -0.23381 0.478479 1.06441e-05
-11.3075 -0.894801 0.463826 2.37701e-09
-10.9476 -0.771147 0.469338 2.22355e-07
-11.1122 -0.131213 0.476249 5.68937e-06
-11.0513 -0.853007 0.463035 1.14361e-11
-10.9069 -1.05943 0.461288 1.97696e-19
-11.0051 -0.861447 0.489188 1.07999e-06
-11.233 -0.666379 0.476687 0.0631077
-10.9839 -0.437728 0.441423 1.51346e-29
-11.0682 -1.16503 0.481305 7.3797e-10
-11.4203 -0.858393 0.470199 4.73584e-06
-10.9348 -0.500929 0.467918 5.89024e-06
-11.3322 -0.468982 0.484285 0.0679028
-11.1003 -1.25579 0.465689 1.46546e-20
-11.2951 -0.938241 0.464928 2.42314e-09
-11.5006 -0.505501 0.475732 0.0127563
-11.1976 -0.869892 0.479311 0.00177511
-11.6507 -0.536264 0.474792 0.000173879
-11.1568 -0.507277 0.474146 0.0248848
-10.8117 -0.787886 0.477517 4.96492e-08
-11.4941 -1.11316 0.459216 1.47121e-19
-11.3191 -0.214279 0.480888 0.0002926
-10.9338 -1.18257 0.484037 3.42393e-12
-11.8419 -0.521297 0.474492 5.42509e-08
-10.7521 -0.623975 0.467567 1.12823e-09
-11.0998 -0.705229 0.464916 1.12501e-07
-11.3038 -1.11979 0.486987 1.97989e-06
-10.938 -0.619822 0.479905 0.000117201
-11.0208 -0.769261 0.480519 0.000415795
-10.5959 -0.322881 0.472004 9.20042e-13
-10.3835 -1.14967 0.47259 1.74285e-28
-11.1347 -0.224659 0.461582 3.72585e-08
-11.6221 -0.54854 0.468911 9.91719e-07
-11.2972 -0.440524 0.476464 0.0936316
-11.3259 -0.994454 0.490082 0.00014281
-10.8544 -0.439043 0.461933 1.63167e-09
-10.6372 -0.216027 0.47798 5.8377e-14
-11.4599 -0.43784 0.463693 2.0955e-07
-11.3172 -0.657561 0.487245 0.0684649
-11.2585 -0.587964 0.478729 0.237879
-11.3196 -1.59872 0.474886 2.57335e-23
-10.6715 -0.430026 0.4627 2.71483e-12
-11.5433 -1.02647 0.470511 7.97746e-10
-11.363 -1.17477 0.482793 1.40088e-07
-10.9043 -0.546931 0.4576 1.57424e-12
-11.591 -0.735611 0.481433 0.0159911
-11.1933 -0.200275 0.473335 0.000220223
-11.7188 -0.921697 0.487449 0.000224307
-10.5427 -0.967506 0.461055 8.65463e-24
-11.3704 0.0656601 0.460499 1.73055e-13
-11.2165 -0.898787 0.45023 3.70244e-27
-11.7931 -0.673374 0.470539 1.86914e-09
-11.0027 -0.460734 0.476183 0.00122767
-11.1545 -0.833408 0.470297 3.67559e-06
-10.9067 -0.341965 0.466066 4.75224e-07
-10.9362 -0.740421 0.477476 3.18519e-05
-11.1381 -0.626373 0.468041 6.2677e-05
-10.9453 -0.38336 0.481858 7.35257e-06
-11.8276 -0.829695 0.477309 7.64519e-08
-10.9373 -1.03954 0.47618 7.10594e-10
-11.4275 -0.65783 0.485951 0.239593
-11.2746 -0.879955 0.477209 0.00137682
-11.2508 -0.882518 0.47119 2.53583e-06
-10.9026 -0.570349 0.461258 4.42742e-10
-11.4806 -0.747152 0.467296 7.55616e-07
-11.0286 -0.721525 0.457992 1.15052e-13
-11.0415 -0.546339 0.464687 1.25687e-06
-11.3307 0.0132929 0.447611 1.7018e-23
-11.0167 -0.560027 0.475215 0.002052
-11.2791 -1.38736 0.465243 7.10546e-21
-11.0282 -0.397809 0.490605 2.62038e-08
-10.9864 0.0389895 0.471168 2.73862e-10
-10.7745 -0.413562 0.479827 1.23389e-08
-11.3722 -0.849403 0.469702 7.43051e-06
-11.0694 -0.683431 0.473249 0.000852375
