215.47 -11.3006 2.99901 2.39894e-09
216.301 -12.6111 2.99431 2.1871e-12
215.666 -11.6033 2.99236 0.0599638
216.146 -11.6393 2.98616 9.20372e-05
215.969 -11.5415 2.95781 1.57869e-29
215.598 -11.5542 2.96216 1.58813e-16
215.873 -11.7291 2.97887 0.000162165
215.754 -11.2813 2.97097 7.08912e-14
216.156 -12.1043 2.99038 0.00104395
216.472 -11.9358 2.98917 1.97527e-08
215.344 -11.7787 2.96866 2.09872e-07
215.946 -11.5633 2.96817 2.02913e-15
216.288 -11.1566 2.96713 1.45166e-31
215.61 -12.5183 2.96408 1.53254e-17
215.579 -12.0057 2.96473 1.12092e-11
216.18 -11.341 2.97657 6.83296e-15
216.112 -11.2726 2.97015 6.06707e-21
215.751 -11.8621 2.98213 0.0751868
215.886 -11.4882 2.98991 0.00719131
215.548 -11.0995 2.96899 1.96178e-17
215.752 -11.7961 3.00041 0.00407699
215.762 -11.5816 2.99028 0.0931806
216.047 -12.0614 2.99919 0.00709068
216.221 -11.6655 2.9941 0.00204226
216.092 -11.6545 2.98363 4.48763e-05
215.759 -11.9865 2.97783 0.000868306
215.473 -11.4636 2.98592 0.000775754
215.776 -12.0216 2.9827 0.0450341
215.742 -11.795 2.97746 0.000713545
215.886 -11.574 2.96804 2.30947e-14
215.652 -11.7228 3.01627 1.81804e-17
216.1 -11.8332 2.98259 5.27612e-05
215.679 -11.4034 2.97391 6.22428e-09
215.808 -11.6771 2.97861 0.000246352
215.549 -11.653 2.97105 3.06809e-07
215.475 -11.3439 2.98021 2.51585e-06
215.463 -11.6132 2.96793 2.27085e-09
215.54 -11.4113 2.97351 2.86925e-08
215.765 -11.2587 2.96721 6.37378e-18
215.629 -11.3328 2.97834 2.83732e-07
216.613 -11.447 2.98196 1.84797e-19
215.471 -11.423 3.00051 1.59884e-08
215.681 -11.3407 2.97483 2.53975e-09
216.15 -11.4341 2.98233 9.10405e-09
215.353 -12.038 2.97096 5.59536e-06
215.527 -11.4848 2.99339 0.000409153
216.123 -12.0005 2.99844 0.0114389
215.869 -11.1491 2.98038 3.13869e-11
216.397 -11.6143 2.98543 1.15002e-09
215.944 -10.9877 2.96791 1.93768e-26
215.84 -11.5997 2.99218 0.112923
216.145 -11.7693 2.97517 4.24178e-11
215.663 -11.3661 2.96003 1.4198e-22
215.268 -11.838 2.98654 0.00238973
215.684 -11.3969 2.95731 5.65291e-26
215.642 -11.7234 2.97023 4.74358e-08
215.567 -11.1697 2.95312 2.62879e-34
215.383 -11.3101 2.9785 1.22645e-07
216.118 -11.6485 2.9783 9.63792e-09
215.728 -11.5111 2.98395 0.00335978
215.918 -11.7503 2.987 0.115403
215.946 -11.8543 2.9841 0.0162489
215.356 -11.4568 2.99003 2.33596e-05
215.848 -11.351 2.96325 4.48655e-22
214.886 -11.9821 2.98009 1.76042e-08
215.805 -10.9527 2.97662 1.16103e-17
216.115 -11.6351 2.98133 8.85883e-07
215.681 -11.7462 2.98485 0.306871
215.685 -11.1492 3.00414 4.05133e-12
215.581 -11.5154 2.98688 0.00951654
216.244 -11.6075 2.96304 8.03441e-29
215.64 -11.7612 2.97898 0.00928519
216.21 -12.0944 2.9853 5.06027e-06
215.803 -11.9317 2.9668 1.74724e-12
216.264 -11.6811 2.96917 1.23343e-20
215.09 -11.3462 2.97311 1.30396e-10
216.008 -11.4678 3.00239 8.74472e-05
215.85 -11.9079 2.98195 0.0161329
216.099 -11.545 2.97892 7.28502e-09
215.893 -11.5456 2.98677 0.00720741
216.186 -11.4899 2.9732 4.72037e-16
216.082 -12.0424 2.99105 0.0175132
215.897 -11.5806 2.97284 5.17933e-10
216.246 -11.6898 2.9964 0.00219506
215.671 -11.7069 2.97921 0.00503177
216.447 -11.5714 2.98083 1.7193e-14
215.86 -11.057 2.99295 6.66972e-10
216.316 -11.5287 2.95251 3.1411e-50
216.075 -11.5043 2.97021 1.62325e-16
216.05 -11.5335 2.97382 3.47288e-12
215.602 -11.6223 2.98417 0.0483336
215.932 -11.5012 2.97755 8.19907e-08
215.545 -11.6037 2.99346 0.00617774
216.088 -11.7896 2.98813 0.0102873
216.083 -12.306 2.99143 6.84851e-05
216.138 -11.4114 2.97595 1.67095e-13
215.309 -11.4979 2.98337 0.000102065
216.158 -11.7393 2.96285 1.42591e-25
215.05 -11.4783 2.97157 1.30666e-09
215.362 -11.801 2.97606 0.00121345
