159.359 -11.834 3.28354 0.000126616
159.352 -11.9693 3.28164 0.000130502
158.91 -11.7334 3.27527 9.11769e-08
159.069 -12.0892 3.27969 0.013893
158.933 -11.9086 3.29638 0.00405241
159.135 -11.4363 3.28272 3.21182e-11
158.745 -11.5076 3.27497 1.38199e-10
159.428 -12.1601 3.27822 1.15933e-07
158.788 -11.4241 3.2792 8.03731e-11
158.435 -11.4932 3.28047 4.54415e-11
158.628 -11.7327 3.26633 5.22519e-12
158.897 -11.8659 3.26739 2.08132e-12
158.918 -11.8808 3.29412 0.00796289
158.822 -11.6159 3.29051 4.26734e-06
158.853 -11.9196 3.29235 0.0144978
159.171 -11.8929 3.27248 1.02697e-06
158.91 -11.8358 3.2845 0.00438628
158.706 -11.3139 3.274 2.41553e-15
158.57 -11.3935 3.28757 1.5945e-12
158.762 -12.1816 3.27146 2.66737e-07
159.084 -12.1673 3.28686 0.286034
158.824 -12.8157 3.29722 8.56135e-10
158.702 -12.2793 3.29655 3.42303e-05
159.224 -11.9221 3.29346 0.058226
159.258 -12.3509 3.29242 0.0380479
159.102 -11.3893 3.26684 1.66053e-23
159.057 -12.1209 3.29535 0.152759
158.687 -11.6371 3.28821 1.98838e-06
158.733 -11.4657 3.29511 2.84431e-11
159.12 -11.3752 3.28333 2.72976e-12
158.454 -11.887 3.26969 2.37264e-08
159.15 -12.1273 3.31984 3.14807e-14
158.843 -12.6981 3.27073 7.1394e-13
158.496 -11.9367 3.29025 4.19287e-06
159.281 -12.2224 3.27899 2.22939e-05
158.9 -11.8134 3.2741 1.47927e-07
158.444 -12.1254 3.28556 3.95146e-05
159.044 -11.9672 3.29455 0.0784913
159.136 -12.1613 3.27943 0.00226788
159.159 -11.7316 3.29279 0.000504042
158.582 -11.871 3.29031 2.9479e-05
158.799 -11.5286 3.27864 7.85358e-09
159.377 -12.5447 3.28557 9.8023e-07
158.261 -11.4151 3.28993 1.03183e-18
159.139 -12.2423 3.27575 1.5883e-05
158.81 -11.7939 3.2698 5.57437e-10
158.402 -11.7486 3.28301 1.52339e-07
158.748 -11.4224 3.28836 3.25599e-10
158.762 -12.6655 3.27068 6.26734e-12
158.981 -12.0785 3.30417 2.71508e-05
158.843 -12.0137 3.28206 0.017204
158.899 -12.031 3.28698 0.144464
158.686 -12.0541 3.27892 0.00216046
159.072 -11.5262 3.30306 2.05643e-10
158.734 -11.5284 3.29188 9.34863e-09
159.239 -12.0602 3.27671 2.38702e-05
159.093 -11.4554 3.29215 8.16079e-09
159.307 -11.6734 3.31164 1.7481e-11
159.127 -11.6867 3.3047 5.73578e-08
159.427 -12.0117 3.29788 0.0100385
158.522 -12.5442 3.26751 2.22026e-11
158.982 -11.1943 3.29641 6.8573e-17
158.866 -11.5676 3.28404 8.13066e-07
158.791 -12.1197 3.29313 0.0165638
159.06 -11.2134 3.2742 7.8472e-21
159.377 -11.8062 3.27201 1.27016e-10
158.196 -11.8621 3.28238 4.99925e-10
158.844 -11.39 3.29829 3.12561e-13
158.171 -11.3951 3.29559 7.48084e-26
158.66 -12.6028 3.28339 8.52728e-07
158.912 -11.5379 3.28367 1.75634e-07
158.923 -12.8249 3.28277 3.59643e-10
158.812 -12.1759 3.2803 0.00587857
158.931 -12.4435 3.28294 0.00119877
159.44 -11.7235 3.28664 9.19675e-06
159.173 -11.8583 3.28307 0.00863774
158.872 -11.6641 3.30697 6.83662e-13
158.861 -11.9079 3.28668 0.0300109
158.978 -11.6379 3.27526 1.0969e-09
158.895 -10.9435 3.2971 8.40556e-27
159.162 -12.3718 3.29274 0.0532938
158.754 -11.7851 3.30225 1.65896e-09
158.979 -11.5795 3.28785 3.24641e-06
158.963 -11.6378 3.29057 3.48343e-05
158.878 -11.8808 3.26602 2.26601e-13
158.538 -11.8735 3.26653 2.61507e-10
159.425 -11.5622 3.27942 2.59052e-15
158.677 -11.3886 3.28568 2.819e-11
158.597 -12.0716 3.28956 0.000777858
158.547 -11.578 3.29406 2.44602e-11
158.64 -11.6742 3.28884 1.89576e-06
159.029 -11.5816 3.2842 5.64549e-07
158.407 -12.0585 3.28738 3.22909e-06
159.405 -11.6063 3.2808 4.3217e-13
159.03 -12.4394 3.29216 0.0135233
158.503 -11.6151 3.29932 5.17161e-15
158.599 -11.6008 3.2856 1.53033e-07
158.988 -11.9076 3.2934 0.034608
158.788 -11.8888 3.30072 7.14631e-07
158.405 -11.9316 3.2889 2.80068e-07
