-6.56731 -95.3416 3.0036 0.00449054 -6.8343 -95.157 3.0088
-6.92937 -95.0262 3.00228 0.00534811 -6.8343 -95.157 3.0088
-7.14146 -95.3052 2.99686 0.0170434 -6.8343 -95.157 3.0088
-6.91212 -95.8278 3.02432 2.54347e-10 -6.8343 -95.157 3.0088
-6.89759 -95.696 3.02545 3.28049e-09 -6.8343 -95.157 3.0088
-6.31517 -94.9966 3.02562 9.08812e-07 -6.8343 -95.157 3.0088
-6.78308 -95.2005 3.02262 0.000145993 -6.8343 -95.157 3.0088
-6.51361 -95.0908 3.01496 0.00247117 -6.8343 -95.157 3.0088
-7.51444 -95.3864 3.02232 6.70563e-14 -6.8343 -95.157 3.0088
-6.9529 -94.8055 3.0009 1.05183e-05 -6.8343 -95.157 3.0088
-6.96928 -95.2182 3.004 0.111478 -6.8343 -95.157 3.0088
-6.71248 -95.0936 3.01243 0.0205261 -6.8343 -95.157 3.0088
-6.53524 -94.5964 3.0089 3.45206e-09 -6.8343 -95.157 3.0088
-5.98233 -95.2194 3.0163 3.84574e-09 -6.8343 -95.157 3.0088
-6.54661 -95.3135 2.9964 1.26172e-05 -6.8343 -95.157 3.0088
-6.986 -95.9176 3.00092 4.63959e-05 -6.8343 -95.157 3.0088
-7.28216 -95.4174 3.0117 0.000138731 -6.8343 -95.157 3.0088
-6.94154 -94.9016 3.00153 0.000231502 -6.8343 -95.157 3.0088
-7.0154 -95.4665 2.99796 0.0415153 -6.8343 -95.157 3.0088
-6.7295 -95.7487 3.02012 2.55017e-06 -6.8343 -95.157 3.0088
-7.01009 -95.0972 3.02576 5.68989e-08 -6.8343 -95.157 3.0088
-6.79798 -95.2715 3.01618 0.017739 -6.8343 -95.157 3.0088
-7.24392 -95.2709 3.01686 6.20715e-06 -6.8343 -95.157 3.0088
-7.21585 -95.1548 2.98757 3.62141e-06 -6.8343 -95.157 3.0088
-7.10598 -95.7362 3.00388 0.00203957 -6.8343 -95.157 3.0088
-7.11735 -95.4464 3.00933 0.0155042 -6.8343 -95.157 3.0088
-7.16729 -95.2459 3.01906 5.36294e-06 -6.8343 -95.157 3.0088
-6.76888 -94.7315 3.02688 2.54228e-09 -6.8343 -95.157 3.0088
-7.00046 -95.5473 2.998 0.0259151 -6.8343 -95.157 3.0088
-6.50541 -95.3575 3.01839 0.00199112 -6.8343 -95.157 3.0088
-6.59676 -95.3235 3.02178 0.000521866 -6.8343 -95.157 3.0088
-7.58355 -95.03 3.00598 2.69664e-08 -6.8343 -95.157 3.0088
-6.46789 -94.9786 3.01244 0.000235805 -6.8343 -95.157 3.0088
-7.1033 -95.6376 3.00473 0.0104557 -6.8343 -95.157 3.0088
-6.92785 -95.4976 3.02196 8.53336e-06 -6.8343 -95.157 3.0088
-6.60474 -94.9784 3.01206 0.00160494 -6.8343 -95.157 3.0088
-7.56819 -94.5794 3.00374 9.5533e-14 -6.8343 -95.157 3.0088
-6.78804 -95.6823 3.01764 8.44656e-05 -6.8343 -95.157 3.0088
-7.18736 -94.8858 3.00139 4.13383e-05 -6.8343 -95.157 3.0088
-7.09478 -95.0874 3.00731 0.00952162 -6.8343 -95.157 3.0088
-6.99536 -95.3003 3.01835 0.000476212 -6.8343 -95.157 3.0088
-7.43767 -95.3949 3.03708 1.12051e-25 -6.8343 -95.157 3.0088
-6.79664 -95.1726 3.01693 0.00832928 -6.8343 -95.157 3.0088
-7.03407 -95.5248 3.02646 1.38498e-09 -6.8343 -95.157 3.0088
-6.63676 -95.6144 3.02784 2.07933e-08 -6.8343 -95.157 3.0088
-6.74065 -95.1904 3.02005 0.00158183 -6.8343 -95.157 3.0088
-7.17248 -95.6496 3.02947 6.86588e-15 -6.8343 -95.157 3.0088
-6.73969 -95.7161 3.02139 1.688e-06 -6.8343 -95.157 3.0088
-6.73342 -95.5573 3.01421 0.00774239 -6.8343 -95.157 3.0088
-6.65942 -95.2359 3.00128 0.00454728 -6.8343 -95.157 3.0088
-6.48277 -95.6265 3.03738 1.46902e-14 -6.8343 -95.157 3.0088
-6.54951 -94.9076 3.02404 4.66733e-06 -6.8343 -95.157 3.0088
-6.7125 -95.4532 3.01178 0.0529499 -6.8343 -95.157 3.0088
-6.1692 -95.7106 2.99723 1.61329e-12 -6.8343 -95.157 3.0088
-6.78816 -95.0359 3.01096 0.0137764 -6.8343 -95.157 3.0088
-7.62313 -95.5494 3.00627 2.88707e-08 -6.8343 -95.157 3.0088
-6.46184 -95.4323 3.01834 0.000747378 -6.8343 -95.157 3.0088
-6.30562 -95.7072 3.01457 1.55665e-06 -6.8343 -95.157 3.0088
-6.95596 -95.5717 3.01027 0.0183602 -6.8343 -95.157 3.0088
-6.28575 -95.2914 3.0029 7.64009e-07 -6.8343 -95.157 3.0088
-6.5179 -94.9459 3.00123 1.88936e-06 -6.8343 -95.157 3.0088
-7.05762 -95.2324 3.01553 0.00147878 -6.8343 -95.157 3.0088
-6.58259 -95.167 2.98611 8.307e-12 -6.8343 -95.157 3.0088
-7.03664 -95.1468 2.99471 0.00110323 -6.8343 -95.157 3.0088
-6.97887 -95.5209 3.00202 0.0887987 -6.8343 -95.157 3.0088
-6.82522 -94.9967 3.02746 1.06551e-07 -6.8343 -95.157 3.0088
-7.03248 -95.1301 2.98349 4.73927e-09 -6.8343 -95.157 3.0088
-6.9472 -95.5874 3.01385 0.00238651 -6.8343 -95.157 3.0088
-6.79174 -95.4062 3.01815 0.00342747 -6.8343 -95.157 3.0088
-6.49359 -95.5282 3.00482 0.000727876 -6.8343 -95.157 3.0088
-6.88016 -95.2584 3.01441 0.0282587 -6.8343 -95.157 3.0088
-7.11429 -95.0533 3.00795 0.00388802 -6.8343 -95.157 3.0088
-6.48332 -94.7797 2.9978 1.86342e-10 -6.8343 -95.157 3.0088
-7.25367 -95.0699 3.01358 2.02175e-05 -6.8343 -95.157 3.0088
-7.5136 -95.5771 3.01711 1.96368e-11 -6.8343 -95.157 3.0088
-7.30352 -95.2651 3.02899 1.98985e-14 -6.8343 -95.157 3.0088
-7.29959 -94.9261 3.00747 1.11842e-05 -6.8343 -95.157 3.0088
-6.9812 -95.177 3.00371 0.0707813 -6.8343 -95.157 3.0088
-6.78533 -95.2209 3.01091 0.100921 -6.8343 -95.157 3.0088
-7.33166 -95.6245 3.01688 1.48879e-08 -6.8343 -95.157 3.0088
-7.12318 -95.4315 3.0004 0.062132 -6.8343 -95.157 3.0088
-7.09884 -94.9869 3.00246 0.00146559 -6.8343 -95.157 3.0088
-7.39967 -94.585 3.0114 2.20319e-12 -6.8343 -95.157 3.0088
-7.18643 -95.4662 3.01019 0.00256081 -6.8343 -95.157 3.0088
-6.61078 -95.3887 3.01638 0.00983192 -6.8343 -95.157 3.0088
-7.01056 -95.51 3.00907 0.0382199 -6.8343 -95.157 3.0088
-7.1116 -94.8048 2.99427 1.6838e-07 -6.8343 -95.157 3.0088
-6.63682 -94.8272 3.00539 1.26661e-05 -6.8343 -95.157 3.0088
-6.61802 -94.6429 2.99689 1.3333e-11 -6.8343 -95.157 3.0088
-6.91472 -95.2309 3.01839 0.00145509 -6.8343 -95.157 3.0088
-7.02046 -95.3296 2.99973 0.0776574 -6.8343 -95.157 3.0088
-6.56493 -95.828 3.01123 1.85955e-05 -6.8343 -95.157 3.0088
-7.35446 -95.3198 3.00771 0.00031084 -6.8343 -95.157 3.0088
-6.77569 -95.5597 3.0194 0.000230342 -6.8343 -95.157 3.0088
-6.86186 -95.2228 3.00046 0.0324097 -6.8343 -95.157 3.0088
-7.11254 -95.4485 3.02194 2.94261e-07 -6.8343 -95.157 3.0088
-6.62323 -95.2675 3.01855 0.00504916 -6.8343 -95.157 3.0088
-7.00575 -94.7917 3.01497 4.80558e-06 -6.8343 -95.157 3.0088
-7.35082 -95.2945 3.02683 1.11963e-13 -6.8343 -95.157 3.0088
-6.95418 -95.3423 3.01126 0.0691753 -6.8343 -95.157 3.0088
