58.1336 -55.4982 3.89738 6.92762e-06 58.052 -55.215 3.9122
57.4627 -55.4105 3.90226 2.23452e-07 58.052 -55.215 3.9122
57.9694 -55.2208 3.91174 0.227388 58.052 -55.215 3.9122
58.7667 -55.0634 3.93093 7.23156e-18 58.052 -55.215 3.9122
58.0546 -55.8736 3.92275 3.48304e-17 58.052 -55.215 3.9122
57.5616 -55.2153 3.90371 4.86166e-05 58.052 -55.215 3.9122
57.8472 -55.3617 3.90183 0.0105851 58.052 -55.215 3.9122
58.2591 -54.7453 3.90364 4.92615e-10 58.052 -55.215 3.9122
58.0916 -55.0855 3.91272 0.0808656 58.052 -55.215 3.9122
57.9291 -54.999 3.91266 0.0339224 58.052 -55.215 3.9122
57.8473 -54.9417 3.91985 0.000312905 58.052 -55.215 3.9122
57.8735 -55.7771 3.90301 7.16e-08 58.052 -55.215 3.9122
58.5679 -55.7377 3.90722 3.51771e-15 58.052 -55.215 3.9122
57.9988 -55.7643 3.91403 2.8926e-09 58.052 -55.215 3.9122
57.8847 -54.8455 3.91596 0.000328954 58.052 -55.215 3.9122
57.5689 -55.826 3.89999 1.07735e-11 58.052 -55.215 3.9122
58.7174 -55.4595 3.89913 4.23784e-18 58.052 -55.215 3.9122
58.1154 -55.4966 3.91908 9.01649e-06 58.052 -55.215 3.9122
58.0596 -55.4813 3.91429 0.000812878 58.052 -55.215 3.9122
57.808 -55.4803 3.91698 1.72839e-05 58.052 -55.215 3.9122
58.0544 -54.8048 3.91114 0.000102386 58.052 -55.215 3.9122
58.8474 -55.2556 3.91094 9.94257e-18 58.052 -55.215 3.9122
57.8606 -55.5003 3.91842 5.43316e-06 58.052 -55.215 3.9122
58.2112 -55.7289 3.90302 1.72291e-08 58.052 -55.215 3.9122
57.1674 -54.9388 3.92055 3.60601e-20 58.052 -55.215 3.9122
57.8492 -54.9157 3.89791 3.65505e-07 58.052 -55.215 3.9122
58.1608 -54.7174 3.90905 1.91193e-07 58.052 -55.215 3.9122
58.1457 -55.6547 3.88995 2.02548e-11 58.052 -55.215 3.9122
57.9546 -55.0629 3.90462 0.014204 58.052 -55.215 3.9122
58.0637 -55.5856 3.91423 1.7718e-05 58.052 -55.215 3.9122
58.3969 -55.2429 3.91717 1.97007e-05 58.052 -55.215 3.9122
58.4275 -55.1006 3.92075 2.33477e-06 58.052 -55.215 3.9122
58.1164 -55.3096 3.88383 7.75857e-15 58.052 -55.215 3.9122
58.0645 -55.196 3.90694 0.0934541 58.052 -55.215 3.9122
58.311 -54.5572 3.901 1.82712e-17 58.052 -55.215 3.9122
57.7259 -55.8711 3.91963 4.04234e-17 58.052 -55.215 3.9122
58.395 -54.8492 3.90198 3.91629e-11 58.052 -55.215 3.9122
58.0439 -55.7078 3.92236 6.84627e-12 58.052 -55.215 3.9122
58.0286 -55.0624 3.90567 0.0179194 58.052 -55.215 3.9122
57.8202 -55.6782 3.89908 1.56392e-06 58.052 -55.215 3.9122
58.4861 -55.544 3.90844 1.42833e-09 58.052 -55.215 3.9122
58.5225 -55.3997 3.90756 5.73921e-09 58.052 -55.215 3.9122
57.7681 -55.0053 3.89398 2.86229e-08 58.052 -55.215 3.9122
58.4742 -55.5572 3.91714 2.24045e-10 58.052 -55.215 3.9122
57.752 -55.7338 3.92584 2.94216e-17 58.052 -55.215 3.9122
58.1996 -55.6519 3.91225 4.20566e-07 58.052 -55.215 3.9122
57.9328 -54.9443 3.89827 1.81656e-06 58.052 -55.215 3.9122
57.7308 -55.1375 3.90216 0.00148459 58.052 -55.215 3.9122
58.663 -55.0391 3.91973 1.71413e-11 58.052 -55.215 3.9122
58.0032 -55.207 3.90237 0.0169265 58.052 -55.215 3.9122
57.4614 -54.9888 3.91345 2.08333e-08 58.052 -55.215 3.9122
58.0535 -56.0999 3.90224 1.58965e-17 58.052 -55.215 3.9122
57.6846 -55.4798 3.93205 8.90926e-18 58.052 -55.215 3.9122
57.7309 -55.7519 3.89741 1.21534e-08 58.052 -55.215 3.9122
57.9133 -55.7941 3.91904 1.21884e-12 58.052 -55.215 3.9122
57.9075 -55.9359 3.90693 2.62605e-12 58.052 -55.215 3.9122
57.8935 -55.4134 3.9309 1.42059e-12 58.052 -55.215 3.9122
58.8307 -54.8833 3.91921 9.74146e-18 58.052 -55.215 3.9122
57.5429 -55.2443 3.90996 2.27153e-05 58.052 -55.215 3.9122
58.3971 -55.4654 3.89187 3.68015e-13 58.052 -55.215 3.9122
57.9383 -55.8276 3.91616 5.31495e-12 58.052 -55.215 3.9122
58.1178 -55.7323 3.90782 1.4815e-07 58.052 -55.215 3.9122
58.2405 -55.434 3.91264 0.000371387 58.052 -55.215 3.9122
58.4572 -55.5866 3.91231 1.11063e-09 58.052 -55.215 3.9122
57.5857 -55.5022 3.89531 2.27509e-07 58.052 -55.215 3.9122
58.2485 -55.8721 3.92424 5.47373e-19 58.052 -55.215 3.9122
57.738 -55.4893 3.92219 4.1877e-09 58.052 -55.215 3.9122
58.0603 -54.7936 3.90755 1.09577e-05 58.052 -55.215 3.9122
57.8396 -55.1424 3.912 0.0726204 58.052 -55.215 3.9122
57.2946 -55.5338 3.90311 1.80242e-12 58.052 -55.215 3.9122
58.2469 -55.4199 3.91181 0.000529516 58.052 -55.215 3.9122
58.2328 -55.6835 3.91403 1.67697e-08 58.052 -55.215 3.9122
57.9642 -55.3427 3.9208 0.000189015 58.052 -55.215 3.9122
58.056 -55.1968 3.91558 0.0733045 58.052 -55.215 3.9122
57.9265 -56.1434 3.91066 8.91391e-21 58.052 -55.215 3.9122
57.9877 -55.3377 3.91559 0.0161501 58.052 -55.215 3.9122
57.9806 -55.5364 3.9115 0.000625099 58.052 -55.215 3.9122
58.2595 -54.9965 3.91723 0.000833915 58.052 -55.215 3.9122
58.2284 -54.7089 3.89741 2.60928e-14 58.052 -55.215 3.9122
57.3043 -55.4588 3.88928 9.69613e-15 58.052 -55.215 3.9122
58.5566 -54.948 3.92095 1.7968e-09 58.052 -55.215 3.9122
58.3665 -55.735 3.90785 1.16923e-10 58.052 -55.215 3.9122
57.8396 -55.3188 3.90966 0.058475 58.052 -55.215 3.9122
57.7248 -54.9263 3.91156 0.000267445 58.052 -55.215 3.9122
57.8995 -55.3554 3.91927 0.000333036 58.052 -55.215 3.9122
58.3232 -55.4464 3.92197 7.68284e-08 58.052 -55.215 3.9122
57.9639 -55.2926 3.90995 0.178682 58.052 -55.215 3.9122
58.2979 -55.8542 3.9077 1.69027e-12 58.052 -55.215 3.9122
57.8261 -55.3636 3.90709 0.0328283 58.052 -55.215 3.9122
58.813 -55.482 3.90172 1.40685e-20 58.052 -55.215 3.9122
57.8702 -55.4752 3.90147 0.00209942 58.052 -55.215 3.9122
57.7932 -55.1566 3.90656 0.0339897 58.052 -55.215 3.9122
57.9734 -55.7414 3.9203 1.19351e-11 58.052 -55.215 3.9122
58.1077 -55.3959 3.90603 0.0117784 58.052 -55.215 3.9122
58.5918 -55.7602 3.91826 5.93805e-18 58.052 -55.215 3.9122
58.151 -55.4164 3.90665 0.00447902 58.052 -55.215 3.9122
58.4774 -55.0863 3.89497 3.92071e-14 58.052 -55.215 3.9122
58.0898 -55.0619 3.92026 0.00469924 58.052 -55.215 3.9122
58.5065 -54.715 3.9102 1.4057e-12 58.052 -55.215 3.9122
57.7611 -55.3277 3.91114 0.00927222 58.052 -55.215 3.9122
