272.539 -9.63384 4.02444 0.0205155
273.483 -9.87735 4.02703 3.47227e-15
273.212 -9.76689 4.03184 1.75768e-05
272.914 -9.61067 4.04152 0.160772
273.701 -9.76692 4.0586 4.72113e-05
272.93 -9.9935 4.0389 0.000803953
273.164 -10.4026 4.0635 1.08427e-17
273.296 -9.37837 4.05529 0.00184685
272.713 -9.9567 4.0381 0.000489736
272.53 -9.11473 4.02572 1.22093e-06
272.738 -9.80515 4.039 0.0118975
273.657 -9.60301 4.04411 1.53846e-07
273.624 -9.88639 4.03362 3.71415e-14
272.231 -9.89306 4.05444 1.05221e-23
273.666 -10.1259 4.04953 2.80654e-10
273.015 -9.40016 4.03794 0.0237264
273.695 -10.202 4.04261 5.43938e-15
272.499 -10.2973 4.0314 1.70602e-10
272.964 -9.94461 4.05592 3.0148e-07
272.96 -9.81149 4.0487 0.00272412
273.016 -9.88632 4.01952 1.1932e-09
272.953 -9.63101 4.01265 3.84752e-12
273.059 -9.99661 4.05799 9.74453e-08
273.188 -10.105 4.0624 3.89959e-10
272.768 -9.25169 4.05307 8.90894e-09
272.716 -9.31897 4.03853 0.00145583
273.387 -10.2141 4.05065 8.89544e-09
273.358 -9.86811 4.04874 0.00146518
273.222 -9.45753 4.04702 0.0341809
273.47 -9.37985 4.03387 7.66443e-10
273.464 -10.2036 4.06048 7.75951e-10
272.854 -9.47237 4.05456 2.18707e-06
272.866 -9.5124 4.04579 0.0111932
272.685 -9.90322 4.02496 0.000803317
272.484 -9.7154 4.02691 0.0125562
273.552 -9.97662 4.06067 3.43588e-06
272.953 -9.49296 4.03526 0.0657266
273.026 -9.80905 4.01123 1.01135e-15
273.615 -9.72197 4.0458 2.85585e-06
273.606 -9.48256 4.04635 5.6498e-06
273.263 -9.90122 4.02966 2.04239e-08
273.791 -10.5784 4.06026 8.50923e-22
273.16 -9.57895 4.03325 0.000764876
273.102 -9.76134 4.04172 0.0575667
273.244 -9.84761 4.02622 1.3613e-09
272.706 -9.48072 4.06111 6.99996e-14
273.105 -9.86563 4.02771 2.12222e-06
273.169 -9.80136 4.05169 0.00679562
273.199 -9.97519 4.0286 1.31446e-08
273.188 -9.55731 4.03732 0.00645323
273.083 -9.58453 4.03161 0.00165723
272.758 -9.34386 4.03977 0.00302258
273.221 -9.70267 4.04514 0.0515808
273.189 -9.7936 4.04147 0.0132233
273.205 -9.5221 4.03783 0.00482674
273.397 -9.81176 4.05601 0.00155214
273.261 -9.67139 4.0482 0.0512769
273.367 -9.38304 4.03065 1.60137e-09
272.709 -10.4026 4.04055 4.10601e-13
273.109 -9.83625 4.03117 9.42173e-05
273.576 -9.26217 4.04616 2.68461e-07
272.762 -9.51004 4.03466 0.0981716
273.604 -10.1652 4.02369 5.87745e-26
273.413 -9.51762 4.04039 7.0425e-05
273.479 -9.26347 4.05538 7.12102e-05
272.497 -9.63003 4.03865 0.000172239
273.521 -10.0789 4.04412 8.1712e-09
273.5 -10.2228 4.04196 7.67241e-12
273.014 -9.5696 4.04526 0.112393
272.527 -9.5301 4.02903 0.019773
272.779 -9.66646 4.04943 8.35582e-05
273.037 -9.75606 4.06059 4.45873e-07
273.667 -9.90697 4.04367 1.98837e-09
272.637 -9.90441 4.0386 0.000331933
272.478 -9.02781 4.01185 1.33836e-11
272.722 -10.0149 4.04987 1.21955e-08
272.603 -9.21995 4.04469 8.02875e-08
273.269 -9.8992 4.02644 1.98782e-10
272.827 -9.58368 4.032 0.10511
273.218 -9.77184 4.05199 0.0113614
272.819 -9.83426 4.03764 0.0255379
274.004 -9.33405 4.05622 5.03438e-11
272.753 -10.1888 4.02629 6.66136e-08
272.737 -9.31693 4.04212 0.000381639
273.121 -9.46203 4.05376 0.00312013
273.554 -10.2209 4.05422 5.32899e-10
274.149 -9.45314 4.04614 2.76162e-20
273.024 -9.73351 4.02332 1.42641e-06
272.728 -9.79694 4.04187 0.00272512
272.977 -9.82779 4.04559 0.0124183
272.738 -9.70625 4.03929 0.0317597
272.948 -10.1859 4.02653 2.93995e-09
272.946 -9.65516 4.04829 0.0131943
272.849 -9.43095 4.04593 0.00318782
273.035 -9.77399 4.02977 0.000531894
273.178 -9.8243 4.04169 0.0103389
273.744 -9.8223 4.0436 1.91011e-10
273.421 -9.58973 4.03773 6.34641e-06
272.893 -9.99051 4.04429 0.000186255
273.463 -9.70713 4.04081 1.61695e-05
