77.8941 -36.4095 3.70613 0.0300576 78.126 -36.453 3.7071
78.7037 -36.1647 3.69985 4.68016e-15 78.126 -36.453 3.7071
78.291 -35.9495 3.70825 2.83341e-07 78.126 -36.453 3.7071
78.8242 -36.2654 3.69453 1.86029e-20 78.126 -36.453 3.7071
78.2675 -36.2834 3.69302 6.5213e-11 78.126 -36.453 3.7071
78.6922 -36.7313 3.69701 4.18917e-12 78.126 -36.453 3.7071
78.9421 -36.4952 3.7071 1.42499e-16 78.126 -36.453 3.7071
78.0965 -36.7131 3.71431 1.57899e-06 78.126 -36.453 3.7071
78.8928 -36.493 3.70191 8.07666e-16 78.126 -36.453 3.7071
78.1063 -36.4579 3.70855 0.337683 78.126 -36.453 3.7071
77.5922 -36.2893 3.70579 2.85732e-08 78.126 -36.453 3.7071
78.0135 -36.2989 3.70381 0.0161078 78.126 -36.453 3.7071
78.5087 -36.4751 3.70426 3.96688e-05 78.126 -36.453 3.7071
77.9617 -36.5938 3.72547 1.45576e-16 78.126 -36.453 3.7071
78.3829 -36.368 3.70168 0.000251447 78.126 -36.453 3.7071
78.5185 -37.1844 3.68134 1.1649e-23 78.126 -36.453 3.7071
78.8055 -36.5056 3.70769 5.76442e-12 78.126 -36.453 3.7071
78.4107 -36.574 3.69577 1.29304e-06 78.126 -36.453 3.7071
77.9045 -36.1876 3.70114 4.19686e-06 78.126 -36.453 3.7071
78.7751 -36.3033 3.70001 7.65861e-15 78.126 -36.453 3.7071
78.503 -36.1323 3.71019 1.23318e-06 78.126 -36.453 3.7071
78.2172 -36.2504 3.70702 0.0295897 78.126 -36.453 3.7071
78.5257 -36.5379 3.71307 2.63063e-07 78.126 -36.453 3.7071
78.703 -37.1215 3.69944 5.35968e-18 78.126 -36.453 3.7071
78.4007 -36.8014 3.69408 1.11764e-07 78.126 -36.453 3.7071
78.4183 -36.3637 3.7237 5.02388e-12 78.126 -36.453 3.7071
78.3196 -36.6564 3.69122 1.28991e-08 78.126 -36.453 3.7071
78.3423 -36.5681 3.69459 1.4867e-06 78.126 -36.453 3.7071
78.1591 -36.3417 3.71349 0.0268509 78.126 -36.453 3.7071
78.0732 -36.3593 3.70856 0.294636 78.126 -36.453 3.7071
78.2755 -36.5591 3.69968 0.00449413 78.126 -36.453 3.7071
78.2251 -36.9628 3.70109 2.93294e-06 78.126 -36.453 3.7071
78.0919 -36.9512 3.70439 2.71276e-06 78.126 -36.453 3.7071
78.2671 -35.9642 3.70716 3.68463e-07 78.126 -36.453 3.7071
78.9211 -36.318 3.73632 5.13527e-36 78.126 -36.453 3.7071
78.2706 -36.6855 3.71452 8.84326e-07 78.126 -36.453 3.7071
78.4638 -36.7332 3.70144 1.03152e-05 78.126 -36.453 3.7071
77.671 -36.44 3.72217 9.42459e-14 78.126 -36.453 3.7071
78.0832 -36.6546 3.72499 6.76597e-17 78.126 -36.453 3.7071
77.9537 -36.3763 3.70673 0.0895545 78.126 -36.453 3.7071
78.0846 -36.8892 3.70145 0.000128199 78.126 -36.453 3.7071
78.8495 -36.2379 3.71033 3.5028e-14 78.126 -36.453 3.7071
78.0774 -36.2069 3.70428 0.00299027 78.126 -36.453 3.7071
78.4342 -36.5929 3.71966 1.76686e-11 78.126 -36.453 3.7071
78.4725 -36.8782 3.71124 3.8425e-11 78.126 -36.453 3.7071
78.2824 -36.3899 3.70659 0.0679129 78.126 -36.453 3.7071
78.4673 -36.5438 3.70028 2.50994e-05 78.126 -36.453 3.7071
78.4639 -36.3011 3.69314 6.37424e-13 78.126 -36.453 3.7071
78.6411 -36.5571 3.69198 2.04202e-14 78.126 -36.453 3.7071
78.3454 -35.917 3.71699 7.45815e-08 78.126 -36.453 3.7071
78.1926 -37.0104 3.70279 2.16165e-07 78.126 -36.453 3.7071
78.29 -36.7087 3.72016 8.58995e-13 78.126 -36.453 3.7071
77.8929 -36.0093 3.70808 2.23552e-06 78.126 -36.453 3.7071
78.3036 -35.8648 3.69247 8.0505e-25 78.126 -36.453 3.7071
77.5696 -36.8388 3.72869 4.75917e-36 78.126 -36.453 3.7071
78.0142 -36.6189 3.70489 0.0813444 78.126 -36.453 3.7071
78.481 -36.2524 3.71245 2.06419e-05 78.126 -36.453 3.7071
79.1479 -35.8513 3.70829 5.91204e-33 78.126 -36.453 3.7071
78.8812 -37.0877 3.69761 8.83301e-22 78.126 -36.453 3.7071
78.7949 -36.9952 3.71245 1.55305e-23 78.126 -36.453 3.7071
78.1292 -36.1382 3.71516 0.00190638 78.126 -36.453 3.7071
78.1914 -36.2467 3.70395 0.00526865 78.126 -36.453 3.7071
77.7563 -36.3762 3.70593 0.000293091 78.126 -36.453 3.7071
78.5199 -37.0974 3.70038 5.08855e-13 78.126 -36.453 3.7071
78.2472 -36.1856 3.7085 0.00694003 78.126 -36.453 3.7071
78.4042 -36.1953 3.71794 2.14325e-06 78.126 -36.453 3.7071
78.9639 -36.7515 3.70048 1.85953e-19 78.126 -36.453 3.7071
78.4377 -36.3961 3.6986 1.78732e-06 78.126 -36.453 3.7071
78.4979 -37.3382 3.70649 1.23715e-23 78.126 -36.453 3.7071
77.7875 -35.5487 3.71563 1.47095e-18 78.126 -36.453 3.7071
78.539 -36.8418 3.71401 1.26472e-13 78.126 -36.453 3.7071
78.3137 -36.3124 3.71621 0.0002141 78.126 -36.453 3.7071
78.213 -37.3876 3.72261 1.02127e-44 78.126 -36.453 3.7071
77.9845 -36.6724 3.7127 4.49272e-05 78.126 -36.453 3.7071
78.3607 -36.4639 3.71599 1.24569e-05 78.126 -36.453 3.7071
78.6442 -36.7389 3.68632 3.01941e-19 78.126 -36.453 3.7071
78.8835 -36.7482 3.71417 1.96472e-18 78.126 -36.453 3.7071
78.5132 -36.5799 3.71697 3.49793e-10 78.126 -36.453 3.7071
78.5342 -36.4934 3.70942 7.90785e-06 78.126 -36.453 3.7071
78.4194 -36.5066 3.71363 1.94513e-05 78.126 -36.453 3.7071
78.3246 -37.0204 3.71398 1.30312e-15 78.126 -36.453 3.7071
78.4068 -36.5788 3.70587 0.00147069 78.126 -36.453 3.7071
77.9323 -36.3217 3.70011 0.000184778 78.126 -36.453 3.7071
78.4572 -36.4572 3.70214 9.77624e-05 78.126 -36.453 3.7071
78.6786 -36.8132 3.70361 1.8264e-11 78.126 -36.453 3.7071
78.5996 -36.6185 3.70203 1.12353e-07 78.126 -36.453 3.7071
78.0442 -36.5058 3.72489 1.88825e-13 78.126 -36.453 3.7071
78.4907 -36.2383 3.69887 2.33929e-09 78.126 -36.453 3.7071
77.9935 -36.1118 3.70286 7.92513e-06 78.126 -36.453 3.7071
78.4286 -36.8147 3.68798 8.96966e-13 78.126 -36.453 3.7071
78.1903 -36.1005 3.71014 0.00181173 78.126 -36.453 3.7071
78.2821 -37.2748 3.708 2.87164e-19 78.126 -36.453 3.7071
78.1677 -36.7331 3.68894 2.05892e-09 78.126 -36.453 3.7071
78.1944 -36.6277 3.72034 1.56596e-10 78.126 -36.453 3.7071
77.5071 -36.266 3.70423 3.33953e-11 78.126 -36.453 3.7071
78.1187 -36.8858 3.71854 4.13735e-15 78.126 -36.453 3.7071
78.0061 -36.4722 3.73343 2.90978e-26 78.126 -36.453 3.7071
78.8451 -36.723 3.71468 4.99433e-17 78.126 -36.453 3.7071
78.5532 -36.1134 3.70291 2.92912e-10 78.126 -36.453 3.7071
78.9011 -36.6411 3.69984 8.23467e-17 78.126 -36.453 3.7071
