36.3291 9.68181 0.213408 2.57034e-14
36.3375 9.7017 0.203882 2.36746e-06
36.7941 10.2152 0.178914 6.40879e-06
36.8212 9.99751 0.212028 6.01303e-19
36.2091 10.0903 0.194021 2.03222e-05
36.4684 10.2361 0.202001 2.89671e-07
36.0975 9.6857 0.187872 4.54685e-09
36.2453 9.72543 0.211539 5.38537e-12
35.9998 9.88592 0.218839 1.12309e-19
36.6349 9.78644 0.217389 1.85647e-22
37.0728 10.0456 0.198899 4.30597e-11
36.416 10.118 0.186929 0.00036373
36.5864 9.72496 0.1911 0.131412
36.2291 9.92431 0.20457 1.38508e-06
36.9046 9.94836 0.201954 2.32722e-09
36.3969 9.36667 0.204793 6.56636e-12
37.1504 9.76518 0.19725 1.93597e-11
37.6096 10.0977 0.196507 1.22524e-28
36.985 9.49078 0.191993 1.78271e-07
36.2611 9.9312 0.198974 0.000316468
36.7388 9.75838 0.185898 0.172555
36.5062 9.79115 0.186804 0.04995
36.2073 10.1103 0.201793 1.11437e-06
37.5836 9.94974 0.199736 2.71765e-30
36.5518 10.1747 0.194685 0.00116835
36.7766 9.699 0.19726 0.000137007
36.5779 9.59387 0.206552 3.15058e-10
36.6547 10.315 0.178699 1.85574e-08
36.912 9.7881 0.198016 1.65315e-06
36.8949 9.36501 0.202673 1.75913e-15
36.4545 9.72333 0.192089 0.0342887
36.4405 10.631 0.205922 3.79889e-19
36.5246 9.87275 0.199585 0.00224083
36.1502 10.536 0.212498 1.13071e-21
37.5893 9.59628 0.210948 5.87133e-50
37.0151 9.66454 0.196212 4.26992e-08
35.9566 10.3177 0.197353 1.9607e-13
36.7639 10.206 0.206979 1.20443e-13
36.5485 9.9327 0.183962 0.0173617
36.7079 10.2635 0.1735 1.17436e-10
36.1449 9.85191 0.188127 4.22016e-07
36.3314 10.0831 0.194845 0.00087265
36.1942 9.97303 0.203242 2.14063e-06
36.5461 9.65525 0.188773 0.0263915
36.6736 10.4597 0.205636 6.73848e-16
36.7994 9.78696 0.196453 0.000638354
36.7198 10.1919 0.214059 3.71303e-21
36.2611 9.9354 0.187008 3.01582e-05
36.6015 9.22852 0.191569 3.94468e-10
36.0173 10.4326 0.201063 1.01989e-14
36.2025 9.99053 0.188228 3.8866e-06
36.2247 10.3527 0.186944 5.09504e-11
36.1808 10.1032 0.197818 4.96196e-06
36.4916 10.012 0.192554 0.0590704
36.5671 10.5986 0.209038 1.08886e-21
36.6179 9.58234 0.18574 0.00352078
36.3795 9.55609 0.194808 0.000131826
36.0028 10.7773 0.199736 9.87174e-26
36.6155 9.75813 0.215574 1.36847e-19
37.2316 9.48116 0.174114 1.02662e-10
36.2284 10.0055 0.189716 3.19413e-05
36.3379 10.3281 0.207477 2.7601e-12
36.7358 9.56041 0.203455 7.31314e-10
36.9688 9.71104 0.204506 7.67001e-14
36.5888 9.42431 0.178881 1.81515e-08
36.909 10.4805 0.166915 3.2768e-20
36.7587 10.2846 0.203813 8.48746e-12
36.0388 9.56511 0.192229 3.55508e-10
37.179 10.1795 0.179694 7.16831e-08
36.872 10.0928 0.217503 2.51127e-29
36.4402 10.2405 0.204145 1.48646e-08
35.9732 9.86969 0.203686 1.72961e-09
36.3344 9.91259 0.193521 0.00859202
36.8713 9.84913 0.204656 3.87471e-11
36.5692 10.0789 0.198156 0.000980319
36.9368 9.63231 0.192191 6.63262e-05
36.5362 9.81012 0.223665 1.1881e-30
36.7729 9.8686 0.212322 5.86351e-18
36.8029 10.1487 0.20372 1.83629e-10
36.7555 9.91614 0.19205 0.0934704
36.5884 10.4265 0.201291 4.69638e-11
36.3222 9.41797 0.207264 1.401e-12
36.8864 10.458 0.189713 7.81509e-10
36.0234 9.89891 0.202788 2.40155e-08
36.1354 11.0536 0.187983 6.09944e-38
36.6159 9.88585 0.218108 6.18223e-23
35.8161 10.1936 0.181293 2.8388e-25
36.2237 9.93872 0.201739 2.00228e-05
36.4994 10.1356 0.182829 5.89816e-05
36.4798 9.28936 0.192405 6.0836e-09
36.5593 10.2947 0.207842 4.73596e-13
37.0349 9.59063 0.169138 1.65506e-10
36.6085 9.74762 0.190781 0.198216
36.7572 10.0412 0.206438 2.94092e-11
36.204 9.1289 0.199403 4.53363e-17
36.4407 9.90038 0.182873 0.000437282
36.4457 9.96651 0.194306 0.0412044
36.5777 9.82746 0.20486 4.74633e-07
36.4911 9.8946 0.192389 0.156427
36.0675 10.2832 0.202169 5.71273e-11
