2.4696 4.6174 0.283893 8.94308e-07 2.7908 4.5062 0.28862
2.78138 4.85225 0.273057 4.83265e-13 2.7908 4.5062 0.28862
2.77428 4.67657 0.288734 0.074993 2.7908 4.5062 0.28862
2.60543 4.32412 0.292785 0.00844059 2.7908 4.5062 0.28862
2.64491 4.46011 0.2984 0.0670658 2.7908 4.5062 0.28862
2.54117 5.24052 0.284356 5.0568e-16 2.7908 4.5062 0.28862
3.40948 4.42999 0.288208 2.72635e-11 2.7908 4.5062 0.28862
3.29874 4.3481 0.293629 7.68199e-11 2.7908 4.5062 0.28862
2.68661 4.56793 0.293986 0.384634 2.7908 4.5062 0.28862
3.2686 4.38713 0.286414 1.09584e-07 2.7908 4.5062 0.28862
2.99822 4.47527 0.2946 0.0010489 2.7908 4.5062 0.28862
2.87568 5.11043 0.280792 2.42721e-11 2.7908 4.5062 0.28862
3.08178 4.53596 0.280999 6.11638e-05 2.7908 4.5062 0.28862
2.81835 4.70024 0.307904 3.81506e-09 2.7908 4.5062 0.28862
2.94639 3.98335 0.286069 8.34394e-11 2.7908 4.5062 0.28862
1.88357 4.94217 0.277396 2.76074e-38 2.7908 4.5062 0.28862
3.01109 4.66529 0.287764 0.00461847 2.7908 4.5062 0.28862
2.56364 4.29923 0.28081 3.73655e-09 2.7908 4.5062 0.28862
3.15725 4.70624 0.264167 6.54431e-19 2.7908 4.5062 0.28862
2.48481 4.39904 0.295887 0.0117491 2.7908 4.5062 0.28862
2.64374 4.7644 0.286613 0.00101715 2.7908 4.5062 0.28862
2.60099 4.72284 0.267142 7.87284e-23 2.7908 4.5062 0.28862
3.01976 4.7814 0.276123 3.38193e-08 2.7908 4.5062 0.28862
2.59449 4.76021 0.282715 2.53417e-06 2.7908 4.5062 0.28862
3.33288 4.75372 0.268115 8.20078e-16 2.7908 4.5062 0.28862
2.92465 4.3462 0.276844 4.89197e-08 2.7908 4.5062 0.28862
2.70578 4.39829 0.305555 9.22576e-06 2.7908 4.5062 0.28862
2.35739 4.50057 0.298635 0.00205065 2.7908 4.5062 0.28862
2.95704 5.12143 0.292679 4.70835e-10 2.7908 4.5062 0.28862
3.20853 4.89359 0.292326 1.83383e-09 2.7908 4.5062 0.28862
2.5472 4.67362 0.293465 0.0502699 2.7908 4.5062 0.28862
2.47203 4.33088 0.278939 2.84327e-12 2.7908 4.5062 0.28862
2.79224 4.71059 0.286374 0.012692 2.7908 4.5062 0.28862
2.34287 4.72148 0.279593 4.8239e-14 2.7908 4.5062 0.28862
2.55011 4.5234 0.278868 2.55462e-09 2.7908 4.5062 0.28862
2.54952 4.42928 0.30064 0.0123209 2.7908 4.5062 0.28862
2.43072 4.38161 0.289235 3.72465e-05 2.7908 4.5062 0.28862
2.94709 5.15524 0.282506 8.22755e-12 2.7908 4.5062 0.28862
3.00533 4.30556 0.309036 3.17566e-15 2.7908 4.5062 0.28862
2.84246 4.07159 0.288179 1.20376e-07 2.7908 4.5062 0.28862
2.49332 5.10587 0.278027 4.72974e-18 2.7908 4.5062 0.28862
2.74233 4.59727 0.283555 0.00171649 2.7908 4.5062 0.28862
3.00109 4.49985 0.287071 0.00670204 2.7908 4.5062 0.28862
2.9709 3.99271 0.266749 9.09537e-25 2.7908 4.5062 0.28862
3.04036 5.00918 0.287829 7.37401e-08 2.7908 4.5062 0.28862
2.83166 4.25758 0.279461 9.37251e-08 2.7908 4.5062 0.28862
2.26461 4.7609 0.276191 8.01624e-21 2.7908 4.5062 0.28862
2.77671 4.04046 0.304466 1.51526e-11 2.7908 4.5062 0.28862
2.60156 4.67603 0.290078 0.0297097 2.7908 4.5062 0.28862
2.64449 4.60588 0.290959 0.155821 2.7908 4.5062 0.28862
2.75494 5.06431 0.288251 1.17929e-07 2.7908 4.5062 0.28862
3.1139 4.8391 0.291511 1.89728e-06 2.7908 4.5062 0.28862
2.31508 4.0524 0.294723 1.13856e-10 2.7908 4.5062 0.28862
3.35491 4.79467 0.252943 1.58351e-35 2.7908 4.5062 0.28862
2.04455 4.64565 0.288555 4.88403e-15 2.7908 4.5062 0.28862
2.78857 4.37345 0.276145 3.43572e-09 2.7908 4.5062 0.28862
2.69951 4.56247 0.301419 0.00699381 2.7908 4.5062 0.28862
3.18622 4.56005 0.300815 3.8844e-11 2.7908 4.5062 0.28862
2.76266 4.38162 0.291187 0.049197 2.7908 4.5062 0.28862
2.95025 4.39453 0.28963 0.00660861 2.7908 4.5062 0.28862
3.00873 4.46887 0.285607 0.00266708 2.7908 4.5062 0.28862
2.9601 4.95733 0.294321 1.06006e-06 2.7908 4.5062 0.28862
2.96604 4.93466 0.290972 1.02685e-05 2.7908 4.5062 0.28862
2.98963 4.44362 0.28462 0.00165308 2.7908 4.5062 0.28862
2.88061 4.72531 0.297013 0.00198423 2.7908 4.5062 0.28862
2.31775 4.37084 0.284184 6.69188e-11 2.7908 4.5062 0.28862
2.70633 4.45885 0.286193 0.00834192 2.7908 4.5062 0.28862
2.27333 4.54904 0.291247 1.64341e-06 2.7908 4.5062 0.28862
2.65594 4.14458 0.287179 8.5763e-07 2.7908 4.5062 0.28862
2.84387 4.53489 0.282058 0.000809517 2.7908 4.5062 0.28862
2.64249 4.69188 0.277862 7.02645e-09 2.7908 4.5062 0.28862
3.0099 4.60962 0.286225 0.00520109 2.7908 4.5062 0.28862
2.56543 4.66919 0.296677 0.0788557 2.7908 4.5062 0.28862
3.14045 4.25141 0.277889 2.95904e-09 2.7908 4.5062 0.28862
2.47027 4.5575 0.272691 4.58304e-18 2.7908 4.5062 0.28862
3.07032 4.12166 0.285674 1.74659e-08 2.7908 4.5062 0.28862
3.40828 4.81296 0.280913 1.62007e-11 2.7908 4.5062 0.28862
2.32922 4.89305 0.290453 2.88403e-08 2.7908 4.5062 0.28862
2.40845 4.34679 0.291969 8.77721e-05 2.7908 4.5062 0.28862
3.15983 4.5249 0.289145 4.6282e-05 2.7908 4.5062 0.28862
2.33906 4.72025 0.274079 9.94406e-21 2.7908 4.5062 0.28862
2.79424 4.27947 0.29888 0.00020869 2.7908 4.5062 0.28862
2.60448 4.72278 0.285793 0.000405297 2.7908 4.5062 0.28862
3.07047 4.93343 0.295592 1.66588e-08 2.7908 4.5062 0.28862
2.53501 4.6664 0.281717 2.42468e-07 2.7908 4.5062 0.28862
2.74342 5.08167 0.279632 4.44297e-12 2.7908 4.5062 0.28862
2.62021 4.91576 0.287852 1.94732e-05 2.7908 4.5062 0.28862
2.92307 4.35916 0.293391 0.002895 2.7908 4.5062 0.28862
2.48843 5.37027 0.285475 7.9996e-21 2.7908 4.5062 0.28862
2.79048 4.21632 0.279962 2.44672e-08 2.7908 4.5062 0.28862
2.33779 4.25959 0.289225 2.32609e-08 2.7908 4.5062 0.28862
2.91374 4.3105 0.296116 0.000242077 2.7908 4.5062 0.28862
3.19131 4.00813 0.291997 9.23064e-14 2.7908 4.5062 0.28862
3.27799 5.3672 0.290629 1.72247e-23 2.7908 4.5062 0.28862
2.7355 4.3348 0.296851 0.00880002 2.7908 4.5062 0.28862
2.63746 5.1096 0.291444 1.25022e-08 2.7908 4.5062 0.28862
2.80234 5.14273 0.275674 3.38727e-16 2.7908 4.5062 0.28862
2.43203 4.91366 0.29286 4.95845e-06 2.7908 4.5062 0.28862
2.97435 4.83598 0.278452 2.69364e-07 2.7908 4.5062 0.28862
2.27905 4.38818 0.283927 5.18184e-12 2.7908 4.5062 0.28862
