275.702 17.4441 5.28993 0.00315069 275.68 17.818 5.2946
275.616 17.735 5.26911 1.06527e-07 275.68 17.818 5.2946
275.332 17.7919 5.27914 0.000309563 275.68 17.818 5.2946
275.651 17.3304 5.28908 0.000319254 275.68 17.818 5.2946
275.811 17.8228 5.28398 0.000224373 275.68 17.818 5.2946
276.454 17.4368 5.2776 1.96711e-21 275.68 17.818 5.2946
275.714 17.471 5.27244 3.09808e-06 275.68 17.818 5.2946
275.994 17.6747 5.30503 2.61343e-07 275.68 17.818 5.2946
276.21 16.8205 5.27789 8.15796e-25 275.68 17.818 5.2946
276.277 17.2981 5.28243 3.98965e-16 275.68 17.818 5.2946
275.637 18.0942 5.27837 3.23207e-08 275.68 17.818 5.2946
276.01 17.6768 5.31292 3.75937e-10 275.68 17.818 5.2946
276.035 17.7257 5.27779 3.38181e-09 275.68 17.818 5.2946
275.816 17.3838 5.2848 3.45044e-05 275.68 17.818 5.2946
275.962 17.8258 5.27274 1.56235e-10 275.68 17.818 5.2946
276.182 17.0872 5.30074 4.46182e-20 275.68 17.818 5.2946
275.505 17.8607 5.27735 6.64754e-05 275.68 17.818 5.2946
276.4 17.3418 5.29085 1.91407e-19 275.68 17.818 5.2946
275.408 17.955 5.27759 4.12625e-06 275.68 17.818 5.2946
275.994 17.5661 5.28575 1.44106e-06 275.68 17.818 5.2946
275.632 17.6924 5.27196 3.93733e-06 275.68 17.818 5.2946
275.508 17.6775 5.27135 5.05125e-06 275.68 17.818 5.2946
276.731 17.254 5.29081 1.74521e-34 275.68 17.818 5.2946
275.722 17.5658 5.29524 0.0141204 275.68 17.818 5.2946
275.719 17.6063 5.28608 0.0133458 275.68 17.818 5.2946
275.562 17.5739 5.29434 0.151879 275.68 17.818 5.2946
275.853 17.5369 5.2752 1.23791e-06 275.68 17.818 5.2946
275.67 17.5864 5.27476 6.22972e-05 275.68 17.818 5.2946
275.964 17.6093 5.27699 9.17217e-08 275.68 17.818 5.2946
275.963 17.8711 5.29918 1.30394e-05 275.68 17.818 5.2946
275.354 18.3731 5.28985 2.83696e-10 275.68 17.818 5.2946
275.445 17.4586 5.28955 0.0252816 275.68 17.818 5.2946
276.184 17.6935 5.2787 2.91913e-12 275.68 17.818 5.2946
275.724 17.9779 5.29724 0.00603963 275.68 17.818 5.2946
275.802 17.6489 5.27237 3.80563e-07 275.68 17.818 5.2946
275.099 17.8017 5.28462 2.52614e-05 275.68 17.818 5.2946
275.409 18.1577 5.29071 3.89248e-05 275.68 17.818 5.2946
276.271 17.7377 5.30366 1.29709e-13 275.68 17.818 5.2946
276.153 18.0984 5.28092 4.45311e-15 275.68 17.818 5.2946
275.518 17.6746 5.28367 0.0512166 275.68 17.818 5.2946
274.964 17.1881 5.27896 3.88823e-12 275.68 17.818 5.2946
275.701 17.4931 5.295 0.00559529 275.68 17.818 5.2946
276.664 17.926 5.29212 3.47643e-28 275.68 17.818 5.2946
276.42 17.5592 5.28001 3.90566e-19 275.68 17.818 5.2946
275.818 17.6196 5.28885 0.00253933 275.68 17.818 5.2946
275.273 16.9214 5.30467 2.35542e-18 275.68 17.818 5.2946
276.134 17.5188 5.27713 2.1329e-11 275.68 17.818 5.2946
275.957 17.36 5.29952 9.05127e-09 275.68 17.818 5.2946
276.038 17.6353 5.291 7.72817e-07 275.68 17.818 5.2946
276.148 17.5024 5.2926 3.80848e-10 275.68 17.818 5.2946
275.468 17.5381 5.28567 0.055605 275.68 17.818 5.2946
275.7 17.7925 5.29159 0.0594651 275.68 17.818 5.2946
276.062 17.9061 5.28838 2.28493e-08 275.68 17.818 5.2946
275.464 17.4699 5.30532 0.00020772 275.68 17.818 5.2946
275.238 17.8226 5.27583 1.65069e-06 275.68 17.818 5.2946
275.46 17.7131 5.29022 0.386 275.68 17.818 5.2946
276.143 17.0329 5.28142 2.5012e-17 275.68 17.818 5.2946
276.54 17.7574 5.28674 1.48753e-22 275.68 17.818 5.2946
275.639 18.0579 5.29508 0.00290161 275.68 17.818 5.2946
275.938 17.9058 5.27791 8.03707e-09 275.68 17.818 5.2946
275.442 17.2541 5.29964 1.48553e-06 275.68 17.818 5.2946
276.079 18.0288 5.28152 6.17211e-12 275.68 17.818 5.2946
275.806 17.4698 5.29391 0.000363791 275.68 17.818 5.2946
275.776 18.2519 5.29353 9.74053e-08 275.68 17.818 5.2946
275.818 17.6039 5.31284 1.29377e-07 275.68 17.818 5.2946
275.759 17.7508 5.29324 0.0256155 275.68 17.818 5.2946
275.749 18.153 5.28605 2.50653e-07 275.68 17.818 5.2946
275.449 17.8423 5.28604 0.0321769 275.68 17.818 5.2946
276.241 17.4645 5.30032 4.03939e-14 275.68 17.818 5.2946
275.916 17.5974 5.28137 7.89772e-06 275.68 17.818 5.2946
276.07 17.8793 5.28537 6.92089e-09 275.68 17.818 5.2946
276.281 17.2539 5.29204 4.29771e-17 275.68 17.818 5.2946
275.803 17.9504 5.28037 1.47635e-06 275.68 17.818 5.2946
276.223 18.0833 5.29866 2.74368e-13 275.68 17.818 5.2946
276.365 17.6273 5.28242 1.17569e-16 275.68 17.818 5.2946
275.315 17.3729 5.28761 0.000727946 275.68 17.818 5.2946
275.664 18.1286 5.30103 0.000456231 275.68 17.818 5.2946
276.185 17.8866 5.26783 1.07399e-18 275.68 17.818 5.2946
275.938 18.1999 5.28303 8.80772e-12 275.68 17.818 5.2946
275.108 17.8264 5.3022 0.00031399 275.68 17.818 5.2946
275.347 18.1591 5.28118 2.0212e-08 275.68 17.818 5.2946
276.082 17.8931 5.29829 4.17351e-08 275.68 17.818 5.2946
276.128 17.2148 5.30534 3.63564e-17 275.68 17.818 5.2946
275.771 17.8328 5.28773 0.00311266 275.68 17.818 5.2946
276.202 17.9475 5.28156 7.46193e-14 275.68 17.818 5.2946
275.988 17.366 5.28146 2.15766e-08 275.68 17.818 5.2946
275.603 17.607 5.29666 0.121042 275.68 17.818 5.2946
275.985 17.0115 5.27347 3.22229e-15 275.68 17.818 5.2946
275.25 17.8116 5.28031 0.000115662 275.68 17.818 5.2946
276.127 17.6236 5.28909 5.62524e-09 275.68 17.818 5.2946
276.414 17.3134 5.29002 2.78551e-20 275.68 17.818 5.2946
276.076 17.8152 5.29654 1.28438e-07 275.68 17.818 5.2946
275.886 17.4797 5.29747 1.45034e-05 275.68 17.818 5.2946
275.785 17.8056 5.29175 0.00866678 275.68 17.818 5.2946
275.717 17.5682 5.29487 0.0171972 275.68 17.818 5.2946
275.765 17.7297 5.28165 0.000606921 275.68 17.818 5.2946
276.229 17.5138 5.27596 3.12973e-14 275.68 17.818 5.2946
275.516 17.2876 5.28326 0.000146231 275.68 17.818 5.2946
275.728 17.8339 5.28861 0.0109682 275.68 17.818 5.2946
276.183 17.2156 5.29232 4.62041e-15 275.68 17.818 5.2946
