252.536 28.4681 0.0350368 4.11163e-06 252.26 28.664 0.046121
252.051 28.3286 0.0441896 6.77976e-07 252.26 28.664 0.046121
251.864 29.0022 0.0272006 6.19966e-21 252.26 28.664 0.046121
252.748 29.0247 0.0490254 2.60263e-07 252.26 28.664 0.046121
252.195 28.577 0.0434243 0.00837065 252.26 28.664 0.046121
252.026 28.7744 0.0489341 0.00107422 252.26 28.664 0.046121
252.43 28.4856 0.0307145 5.63408e-09 252.26 28.664 0.046121
252.746 28.1491 0.049275 1.16012e-09 252.26 28.664 0.046121
252.729 28.5901 0.0351312 6.03375e-06 252.26 28.664 0.046121
251.73 28.7268 0.0477941 5.61673e-10 252.26 28.664 0.046121
251.73 28.5244 0.0597398 6.35267e-09 252.26 28.664 0.046121
252.05 28.4821 0.0426699 1.17611e-05 252.26 28.664 0.046121
251.895 28.4911 0.0406044 9.12148e-10 252.26 28.664 0.046121
252.724 28.4401 0.0419001 3.47095e-05 252.26 28.664 0.046121
252.203 28.9146 0.0481335 0.00545966 252.26 28.664 0.046121
251.667 28.6176 0.0608523 1.1972e-10 252.26 28.664 0.046121
251.991 28.6663 0.0339844 7.02563e-11 252.26 28.664 0.046121
251.507 28.5865 0.0605173 4.36113e-15 252.26 28.664 0.046121
251.901 28.6138 0.0414387 2.68844e-08 252.26 28.664 0.046121
252.129 28.7959 0.0481211 0.012753 252.26 28.664 0.046121
252.13 29.0331 0.0518789 1.44424e-05 252.26 28.664 0.046121
252.443 28.641 0.0650968 3.28654e-07 252.26 28.664 0.046121
251.863 28.96 0.0518584 2.98438e-08 252.26 28.664 0.046121
253.058 28.6219 0.0480395 2.51712e-11 252.26 28.664 0.046121
251.613 28.6836 0.0529014 3.6912e-12 252.26 28.664 0.046121
252.301 28.8865 0.043935 0.0185904 252.26 28.664 0.046121
252.239 28.7214 0.0685864 4.99243e-09 252.26 28.664 0.046121
252.006 28.6141 0.0515724 0.002096 252.26 28.664 0.046121
251.822 28.9484 0.042702 8.95565e-11 252.26 28.664 0.046121
251.67 29.1027 0.0524073 1.84122e-15 252.26 28.664 0.046121
252.387 28.9175 0.0497665 0.012527 252.26 28.664 0.046121
252.38 28.7687 0.02778 1.78248e-09 252.26 28.664 0.046121
252.05 28.8536 0.0246917 9.2441e-18 252.26 28.664 0.046121
251.982 28.676 0.0538484 0.000818435 252.26 28.664 0.046121
252.237 28.4357 0.0398354 3.91695e-05 252.26 28.664 0.046121
252.461 28.247 0.0393664 1.73767e-07 252.26 28.664 0.046121
252.375 29.1332 0.0523375 7.00091e-07 252.26 28.664 0.046121
252.357 28.5293 0.042544 0.0225802 252.26 28.664 0.046121
251.51 28.9639 0.0479777 5.03594e-19 252.26 28.664 0.046121
252.024 28.5971 0.0562 0.00219153 252.26 28.664 0.046121
252.023 28.8531 0.0476797 0.00019995 252.26 28.664 0.046121
252.325 28.5311 0.0519555 0.251579 252.26 28.664 0.046121
251.82 28.8536 0.0304618 2.26389e-18 252.26 28.664 0.046121
252.126 28.5819 0.0606147 0.00111737 252.26 28.664 0.046121
252.756 28.8439 0.0350736 8.94941e-06 252.26 28.664 0.046121
251.954 29.0589 0.0219478 2.23709e-24 252.26 28.664 0.046121
251.686 28.662 0.0492938 1.09361e-10 252.26 28.664 0.046121
252.337 28.2462 0.0507137 0.000253941 252.26 28.664 0.046121
252.167 29.0834 0.0517056 3.4739e-06 252.26 28.664 0.046121
252.671 29.036 0.0500983 1.18187e-06 252.26 28.664 0.046121
251.627 28.6754 0.0514528 5.93509e-12 252.26 28.664 0.046121
252.983 28.4208 0.0635294 6.21633e-18 252.26 28.664 0.046121
251.885 28.6453 0.0600807 3.78017e-06 252.26 28.664 0.046121
252.322 28.8245 0.0380559 0.00136574 252.26 28.664 0.046121
252.104 28.4892 0.050507 0.00994937 252.26 28.664 0.046121
251.687 29.0134 0.0288628 1.82941e-25 252.26 28.664 0.046121
252.275 28.4774 0.0670347 6.01074e-07 252.26 28.664 0.046121
252.37 28.8471 0.0285513 6.4575e-09 252.26 28.664 0.046121
251.377 28.3721 0.0560999 6.69207e-21 252.26 28.664 0.046121
251.571 28.8424 0.04533 1.59083e-16 252.26 28.664 0.046121
251.985 28.19 0.0486227 1.0804e-08 252.26 28.664 0.046121
251.846 28.1938 0.0505869 1.25607e-10 252.26 28.664 0.046121
252.215 28.6456 0.0326792 6.25619e-08 252.26 28.664 0.046121
252.451 28.251 0.0398948 3.77165e-07 252.26 28.664 0.046121
251.772 29.1144 0.0374792 5.86502e-17 252.26 28.664 0.046121
251.754 28.4105 0.0412827 5.00617e-14 252.26 28.664 0.046121
251.565 28.6112 0.0498371 2.27399e-14 252.26 28.664 0.046121
252.423 28.8782 0.0441465 0.0410597 252.26 28.664 0.046121
252.151 28.9882 0.0427374 5.3827e-05 252.26 28.664 0.046121
251.829 28.8393 0.0386333 9.24005e-12 252.26 28.664 0.046121
251.905 29.0605 0.0411938 9.23136e-11 252.26 28.664 0.046121
251.451 28.3682 0.0501277 5.15538e-20 252.26 28.664 0.046121
252.405 28.7353 0.0440989 0.22085 252.26 28.664 0.046121
252 28.7288 0.0393776 5.00901e-07 252.26 28.664 0.046121
252.025 28.3448 0.039815 2.07068e-09 252.26 28.664 0.046121
252.051 28.4736 0.040745 1.10977e-06 252.26 28.664 0.046121
251.952 28.8841 0.037399 1.30065e-09 252.26 28.664 0.046121
252.279 28.4436 0.0519715 0.0662023 252.26 28.664 0.046121
252.249 29.105 0.0592767 3.78508e-09 252.26 28.664 0.046121
251.889 29.06 0.0466518 1.18774e-09 252.26 28.664 0.046121
252.35 28.9755 0.0417388 0.00162117 252.26 28.664 0.046121
252.388 28.4532 0.0633975 1.84162e-05 252.26 28.664 0.046121
252.218 28.7963 0.0472931 0.0649378 252.26 28.664 0.046121
251.837 28.6418 0.0540977 3.01855e-06 252.26 28.664 0.046121
252.071 28.8845 0.0262658 1.07647e-15 252.26 28.664 0.046121
251.847 28.8012 0.0437511 1.42072e-08 252.26 28.664 0.046121
252.613 28.322 0.036341 5.77407e-08 252.26 28.664 0.046121
252.252 28.6965 0.0334291 1.07283e-06 252.26 28.664 0.046121
252.097 28.5658 0.0396425 1.00805e-05 252.26 28.664 0.046121
252.399 29.0254 0.0464834 0.000854757 252.26 28.664 0.046121
251.795 28.7159 0.0451619 4.22729e-09 252.26 28.664 0.046121
251.966 28.7405 0.0288242 9.55719e-16 252.26 28.664 0.046121
252.493 28.9811 0.0268769 5.59234e-10 252.26 28.664 0.046121
251.783 28.416 0.0325023 1.79481e-20 252.26 28.664 0.046121
251.934 28.87 0.0403114 2.06407e-08 252.26 28.664 0.046121
251.613 28.4388 0.0406546 9.59685e-19 252.26 28.664 0.046121
251.895 28.6109 0.0450475 8.25114e-07 252.26 28.664 0.046121
251.838 28.9918 0.0570028 6.71011e-10 252.26 28.664 0.046121
252.233 28.6004 0.0516057 0.253328 252.26 28.664 0.046121
251.803 29.1357 0.0443356 1.44718e-13 252.26 28.664 0.046121
