16.4633 4.79897 0.281963 8.37489e-11
15.9511 4.78933 0.288778 0.0513586
15.5838 4.91928 0.28469 0.00206274
15.3147 4.78823 0.286094 6.41709e-08
16.485 4.75869 0.298305 1.98001e-20
15.7511 5.21848 0.292533 0.000898368
16.2626 4.61281 0.300596 3.10705e-15
16.1084 4.5837 0.283557 4.26597e-06
16.0019 4.72807 0.302689 9.94705e-09
15.7357 5.10541 0.285768 0.0107102
16.1542 5.26387 0.271239 5.20865e-11
16.1883 4.77897 0.281642 3.16404e-05
15.5568 4.83802 0.309002 5.58485e-07
15.3662 5.11309 0.27884 7.34521e-13
15.8809 4.34976 0.28801 1.90513e-08
16.4205 5.45833 0.286182 1.21108e-17
16.2494 4.57137 0.262694 9.52898e-21
16.3 5.02674 0.287119 1.30693e-07
15.8858 4.95048 0.290464 0.177439
15.4211 4.86927 0.282573 1.4428e-07
15.706 5.26308 0.292141 0.00017674
15.6962 4.99801 0.274287 3.62519e-09
15.4682 5.17048 0.274611 7.60918e-15
15.6998 4.81605 0.28372 0.00704165
16.1242 4.21908 0.287861 8.27067e-15
16.2206 4.9686 0.295269 6.35107e-09
15.5164 5.04508 0.299149 0.00508329
15.9126 4.89455 0.283955 0.0487426
15.8584 5.29024 0.323802 4.17139e-39
15.6108 5.13527 0.271198 1.01409e-14
15.819 5.0812 0.290172 0.0594777
15.7851 4.76191 0.274708 2.43295e-08
15.9788 5.04582 0.293796 0.000932556
16.0841 4.47128 0.260629 2.76555e-26
16.182 4.77121 0.274279 8.13188e-08
15.66 5.15445 0.270251 6.9688e-15
15.4363 4.89436 0.305467 0.000119409
16.3519 5.05123 0.298262 5.91351e-16
15.8193 5.22221 0.297433 1.10309e-05
16.0978 4.95519 0.291575 0.000238988
16.804 4.46081 0.28273 6.09782e-28
15.553 4.89713 0.264796 2.49206e-24
15.7993 4.53933 0.278366 1.92237e-08
15.7074 5.11421 0.296712 0.00459273
16.1969 4.56717 0.287017 1.33399e-07
15.2629 5.2697 0.308676 3.57972e-12
16.2214 5.54946 0.284334 4.37878e-15
15.5881 4.82655 0.279884 1.79502e-06
15.8332 4.86718 0.301521 0.000128707
15.4957 4.8667 0.287517 0.00225094
16.4016 4.80105 0.289456 5.44035e-11
16.0998 5.22894 0.275883 9.71807e-08
15.7505 4.78666 0.275296 4.83522e-08
16.0193 4.44762 0.281418 1.63048e-08
15.6773 5.05533 0.2757 1.90075e-08
15.9525 4.42509 0.296477 3.46029e-08
15.7969 4.68832 0.271299 2.99037e-12
15.7556 4.63377 0.28371 0.000373462
15.8097 5.09886 0.285004 0.0132017
16.0141 5.12724 0.290217 0.000510811
15.9896 4.95673 0.286087 0.0338326
16.269 4.84631 0.298561 1.99537e-12
15.4144 5.36611 0.302261 3.32226e-10
15.3629 4.55786 0.294404 1.08187e-05
15.958 4.71956 0.294057 0.0024149
15.5968 4.34668 0.290946 3.05176e-08
15.5115 4.80128 0.28687 0.00127461
15.6045 5.04743 0.293324 0.0727307
16.0542 4.73628 0.28458 0.00157599
15.4657 5.05301 0.305082 1.43787e-05
16.081 5.27639 0.290165 2.99035e-07
16.1911 4.93027 0.278031 1.36252e-05
15.9503 4.88428 0.280581 0.00333398
16.09 4.66837 0.288074 0.000153077
15.7813 4.50177 0.289552 0.000155052
16.0319 5.21119 0.302501 1.82626e-12
15.5801 5.21988 0.274299 4.64054e-13
16.2825 4.98314 0.309439 1.055e-25
15.4266 4.79645 0.28374 6.65791e-07
15.5144 5.12988 0.278662 1.54138e-09
15.7122 4.83534 0.298385 0.0539502
15.6743 4.86523 0.296342 0.261407
16.1731 4.95945 0.279166 4.40707e-05
15.4949 5.11639 0.297814 0.00126626
15.6036 5.01626 0.299024 0.0139854
16.3558 5.19365 0.295677 1.06557e-15
15.5108 5.17194 0.30668 3.02056e-08
16.2245 5.41558 0.302975 3.11325e-23
15.8686 5.21645 0.274641 1.43048e-08
15.5387 5.38484 0.307659 7.57584e-14
15.5026 4.55688 0.293769 0.000386461
15.3346 4.63246 0.277642 2.19876e-16
16.0242 4.42344 0.300893 9.09343e-12
16.0913 4.86424 0.298804 1.17168e-07
15.7179 4.93456 0.302782 0.000269246
15.7566 4.71149 0.28519 0.0108794
15.7756 5.0497 0.287445 0.0897172
16.5481 5.18068 0.29793 3.3146e-25
16.1444 4.74437 0.297421 2.56259e-08
15.8973 4.99354 0.285288 0.0671934
