238.644 -16.1774 2.87498 2.03359e-13 238.46 -16.011 2.8891
238.727 -15.7134 2.87557 1.10086e-15 238.46 -16.011 2.8891
237.939 -16.1086 2.89222 0.000323151 238.46 -16.011 2.8891
238.341 -15.972 2.88327 0.033506 238.46 -16.011 2.8891
238.606 -15.7517 2.89513 8.16998e-05 238.46 -16.011 2.8891
238.584 -15.6891 2.87848 5.76651e-10 238.46 -16.011 2.8891
238.266 -16.4334 2.87988 8.85111e-06 238.46 -16.011 2.8891
238.885 -15.8731 2.88203 1.02193e-12 238.46 -16.011 2.8891
238.803 -15.7419 2.88092 1.81331e-12 238.46 -16.011 2.8891
238.649 -15.8922 2.89227 0.00114838 238.46 -16.011 2.8891
238.619 -16.367 2.87113 2.34024e-19 238.46 -16.011 2.8891
238.613 -16.0527 2.90693 3.24926e-08 238.46 -16.011 2.8891
237.974 -15.4678 2.87139 4.80258e-10 238.46 -16.011 2.8891
238.981 -15.4788 2.90763 1.86099e-17 238.46 -16.011 2.8891
239.04 -16.0646 2.88562 1.24674e-13 238.46 -16.011 2.8891
238.328 -16.0306 2.89087 0.277834 238.46 -16.011 2.8891
238.549 -16.2294 2.88669 0.00163873 238.46 -16.011 2.8891
238.58 -16.0126 2.8929 0.0177477 238.46 -16.011 2.8891
238.735 -15.8924 2.87082 1.38689e-20 238.46 -16.011 2.8891
238.864 -15.8945 2.89348 2.20257e-06 238.46 -16.011 2.8891
238.484 -16.0534 2.90377 2.31881e-06 238.46 -16.011 2.8891
238.152 -16.3106 2.88701 0.0413829 238.46 -16.011 2.8891
238.831 -15.5727 2.89076 3.05496e-10 238.46 -16.011 2.8891
238.999 -16.1309 2.89152 5.58216e-09 238.46 -16.011 2.8891
238.32 -15.7321 2.87761 6.4095e-06 238.46 -16.011 2.8891
238.241 -15.6138 2.898 1.79538e-08 238.46 -16.011 2.8891
238.598 -16.1836 2.90444 3.03889e-06 238.46 -16.011 2.8891
238.684 -16.1094 2.88623 3.72765e-05 238.46 -16.011 2.8891
238.57 -16.1402 2.90245 4.54767e-05 238.46 -16.011 2.8891
238.768 -15.2496 2.87775 7.73726e-23 238.46 -16.011 2.8891
238.534 -16.0641 2.88925 0.029243 238.46 -16.011 2.8891
238.36 -15.6151 2.89303 1.74165e-05 238.46 -16.011 2.8891
238.638 -15.7324 2.88656 4.8936e-06 238.46 -16.011 2.8891
238.412 -16.3378 2.90702 6.18823e-10 238.46 -16.011 2.8891
238.787 -15.6946 2.8869 6.68307e-09 238.46 -16.011 2.8891
238.009 -16.2497 2.87168 3.82325e-07 238.46 -16.011 2.8891
238.266 -15.9734 2.90217 2.84808e-07 238.46 -16.011 2.8891
237.87 -16.4378 2.88912 6.1177e-06 238.46 -16.011 2.8891
238.643 -16.3852 2.87698 2.77398e-13 238.46 -16.011 2.8891
238.611 -16.1874 2.90502 1.34049e-06 238.46 -16.011 2.8891
238.514 -15.3946 2.88352 6.93227e-11 238.46 -16.011 2.8891
238.029 -16.3937 2.89654 6.87948e-07 238.46 -16.011 2.8891
238.565 -16.2035 2.89815 0.00289705 238.46 -16.011 2.8891
238.95 -16.035 2.88432 3.85416e-12 238.46 -16.011 2.8891
238.243 -15.864 2.89976 1.9892e-06 238.46 -16.011 2.8891
238.829 -16.4001 2.88385 1.42796e-11 238.46 -16.011 2.8891
238.403 -15.975 2.90182 8.69747e-06 238.46 -16.011 2.8891
238.433 -16.221 2.87905 6.37076e-06 238.46 -16.011 2.8891
238.583 -16.4411 2.88152 7.69747e-09 238.46 -16.011 2.8891
238.843 -16.317 2.89439 5.65498e-06 238.46 -16.011 2.8891
239.134 -16.1616 2.89883 1.01857e-08 238.46 -16.011 2.8891
238.075 -15.9748 2.89058 0.0290765 238.46 -16.011 2.8891
238.79 -15.7126 2.89394 4.75372e-07 238.46 -16.011 2.8891
238.459 -15.9552 2.89777 0.00201443 238.46 -16.011 2.8891
238.752 -16.3825 2.88419 2.02459e-09 238.46 -16.011 2.8891
237.964 -16.3164 2.8868 0.00418971 238.46 -16.011 2.8891
238.726 -15.665 2.88166 6.08929e-11 238.46 -16.011 2.8891
238.95 -16.2814 2.90213 2.79657e-07 238.46 -16.011 2.8891
238.622 -16.4447 2.89857 3.55108e-05 238.46 -16.011 2.8891
238.972 -16.1902 2.87507 2.18397e-23 238.46 -16.011 2.8891
238.281 -15.857 2.90915 2.32592e-15 238.46 -16.011 2.8891
238.69 -16.1859 2.87244 9.04737e-18 238.46 -16.011 2.8891
238.761 -15.9546 2.86577 4.09506e-29 238.46 -16.011 2.8891
238.409 -16.0277 2.8889 0.186047 238.46 -16.011 2.8891
238.65 -15.5939 2.89817 3.07968e-08 238.46 -16.011 2.8891
238.431 -15.5734 2.90556 7.31561e-14 238.46 -16.011 2.8891
238.714 -16.1253 2.88559 5.02714e-06 238.46 -16.011 2.8891
238.391 -16.1717 2.892 0.148648 238.46 -16.011 2.8891
238.356 -15.9179 2.89328 0.0349876 238.46 -16.011 2.8891
237.771 -15.7086 2.89686 1.57535e-13 238.46 -16.011 2.8891
238.801 -16.1061 2.89426 0.000125298 238.46 -16.011 2.8891
238.314 -16.1159 2.88125 0.00833007 238.46 -16.011 2.8891
238.407 -16.4641 2.88237 3.35225e-06 238.46 -16.011 2.8891
238.638 -16.6592 2.87859 2.54548e-16 238.46 -16.011 2.8891
238.596 -16.2123 2.87893 9.20637e-09 238.46 -16.011 2.8891
239 -16.6897 2.8859 2.09252e-17 238.46 -16.011 2.8891
238.358 -16.3106 2.87464 3.95392e-09 238.46 -16.011 2.8891
238.405 -15.9935 2.86881 3.06701e-14 238.46 -16.011 2.8891
238.661 -16.3005 2.89827 0.000429603 238.46 -16.011 2.8891
238.778 -16.428 2.8841 1.38018e-10 238.46 -16.011 2.8891
238.24 -15.8957 2.88734 0.176267 238.46 -16.011 2.8891
239.38 -15.7828 2.88327 2.66562e-25 238.46 -16.011 2.8891
238.169 -16.3605 2.88243 0.00273503 238.46 -16.011 2.8891
238.119 -15.3435 2.88932 1.7217e-10 238.46 -16.011 2.8891
238.815 -15.9739 2.89373 3.77234e-05 238.46 -16.011 2.8891
238.081 -16.1413 2.8947 0.000845202 238.46 -16.011 2.8891
237.859 -16.148 2.89024 0.000200458 238.46 -16.011 2.8891
238.775 -16.5409 2.88351 1.16579e-12 238.46 -16.011 2.8891
238.673 -16.242 2.88348 4.5797e-07 238.46 -16.011 2.8891
238.642 -16.0467 2.88064 1.06505e-07 238.46 -16.011 2.8891
238.187 -15.5647 2.8895 1.24672e-05 238.46 -16.011 2.8891
238.355 -16.0958 2.91038 5.31772e-14 238.46 -16.011 2.8891
238.833 -16.3633 2.89273 1.43572e-06 238.46 -16.011 2.8891
238.5 -16.1029 2.87541 2.11328e-09 238.46 -16.011 2.8891
237.799 -15.5244 2.88421 1.06052e-07 238.46 -16.011 2.8891
238.402 -15.9783 2.91122 6.0426e-15 238.46 -16.011 2.8891
238.921 -16.5644 2.91568 3.86989e-11 238.46 -16.011 2.8891
238.24 -16.4686 2.89578 4.43087e-05 238.46 -16.011 2.8891
237.738 -16.1152 2.89632 5.61789e-11 238.46 -16.011 2.8891
237.992 -15.8636 2.89724 9.54187e-08 238.46 -16.011 2.8891
