-11.0429 -93.4908 2.87726 9.00886e-07 -11.112 -93.921 2.8642
-10.8101 -94.0103 2.85306 9.01006e-08 -11.112 -93.921 2.8642
-11.254 -94.1245 2.87861 0.00029504 -11.112 -93.921 2.8642
-10.684 -93.6718 2.87008 1.85047e-06 -11.112 -93.921 2.8642
-11.114 -94.2696 2.88016 6.49997e-05 -11.112 -93.921 2.8642
-11.2407 -94.2226 2.8599 0.0348537 -11.112 -93.921 2.8642
-11.4431 -93.8019 2.87538 6.41399e-05 -11.112 -93.921 2.8642
-10.7374 -94.3024 2.87498 4.29779e-05 -11.112 -93.921 2.8642
-11.4156 -94.167 2.85997 0.0534811 -11.112 -93.921 2.8642
-12.0371 -93.8452 2.86077 1.48784e-08 -11.112 -93.921 2.8642
-11.6564 -94.4956 2.87433 1.0917e-08 -11.112 -93.921 2.8642
-11.5055 -94.0496 2.85278 0.00411548 -11.112 -93.921 2.8642
-11.3587 -94.1841 2.85037 0.000523454 -11.112 -93.921 2.8642
-11.2632 -94.3184 2.86639 0.01949 -11.112 -93.921 2.8642
-10.5147 -93.7944 2.87222 1.24891e-07 -11.112 -93.921 2.8642
-10.8466 -94.2002 2.8725 0.00163057 -11.112 -93.921 2.8642
-10.8198 -94.2684 2.86604 0.000329033 -11.112 -93.921 2.8642
-10.956 -94.0296 2.87188 0.0153139 -11.112 -93.921 2.8642
-11.051 -93.8735 2.88984 7.53593e-09 -11.112 -93.921 2.8642
-10.4368 -94.0409 2.84917 1.12992e-17 -11.112 -93.921 2.8642
-10.3553 -94.7173 2.86474 1.39681e-16 -11.112 -93.921 2.8642
-11.1747 -94.3308 2.86055 0.00776384 -11.112 -93.921 2.8642
-11.7364 -93.953 2.84863 3.86869e-05 -11.112 -93.921 2.8642
-10.8359 -94.4761 2.86214 3.10163e-06 -11.112 -93.921 2.8642
-10.4748 -94.1958 2.85895 3.07435e-11 -11.112 -93.921 2.8642
-11.761 -94.7778 2.86697 1.9129e-11 -11.112 -93.921 2.8642
-11.0509 -94.206 2.86326 0.0185802 -11.112 -93.921 2.8642
-11.0369 -93.9103 2.85311 3.12136e-05 -11.112 -93.921 2.8642
-11.025 -94.037 2.86795 0.0454359 -11.112 -93.921 2.8642
-10.4665 -94.513 2.85279 9.51709e-17 -11.112 -93.921 2.8642
-11.3212 -94.2333 2.86715 0.0388804 -11.112 -93.921 2.8642
-11.3971 -94.6869 2.87051 1.68932e-07 -11.112 -93.921 2.8642
-10.7172 -94.3383 2.8751 1.57264e-05 -11.112 -93.921 2.8642
-11.3169 -94.0858 2.86573 0.119799 -11.112 -93.921 2.8642
-10.3584 -94.009 2.8611 1.05218e-12 -11.112 -93.921 2.8642
-10.8698 -93.8263 2.85272 8.60637e-08 -11.112 -93.921 2.8642
-11.1423 -93.6558 2.85991 0.000287329 -11.112 -93.921 2.8642
-11.0659 -93.6771 2.87239 0.000734919 -11.112 -93.921 2.8642
-10.7722 -93.5511 2.85972 7.72737e-09 -11.112 -93.921 2.8642
-11.0946 -94.433 2.87069 0.000844286 -11.112 -93.921 2.8642
-10.8194 -94.2708 2.87164 0.000531609 -11.112 -93.921 2.8642
-11.4765 -93.998 2.83067 4.63275e-15 -11.112 -93.921 2.8642
-11.5819 -94.3691 2.83379 1.04016e-12 -11.112 -93.921 2.8642
-11.5249 -93.7263 2.84884 8.80051e-06 -11.112 -93.921 2.8642
-11.2187 -94.097 2.86522 0.137323 -11.112 -93.921 2.8642
-10.4484 -94.2647 2.85406 1.42497e-14 -11.112 -93.921 2.8642
-10.4485 -94.1885 2.87247 3.62205e-08 -11.112 -93.921 2.8642
-11.08 -94.2223 2.87245 0.0126946 -11.112 -93.921 2.8642
-11.1 -94.7113 2.86841 4.40349e-07 -11.112 -93.921 2.8642
-10.8346 -94.1261 2.88566 1.78333e-06 -11.112 -93.921 2.8642
-10.6008 -93.8598 2.8683 1.75119e-06 -11.112 -93.921 2.8642
-10.941 -93.9622 2.86599 0.00981088 -11.112 -93.921 2.8642
-11.2036 -94.3716 2.86619 0.00850182 -11.112 -93.921 2.8642
-10.7989 -94.2418 2.85747 2.31717e-06 -11.112 -93.921 2.8642
-11.2556 -94.1196 2.85533 0.00933577 -11.112 -93.921 2.8642
-11.3394 -94.0641 2.85725 0.0375559 -11.112 -93.921 2.8642
-11.3567 -93.9139 2.86827 0.0327593 -11.112 -93.921 2.8642
-11.223 -93.9491 2.86747 0.0906236 -11.112 -93.921 2.8642
-11.1729 -93.7067 2.85843 0.000591248 -11.112 -93.921 2.8642
-10.3125 -94.3324 2.85663 7.94517e-17 -11.112 -93.921 2.8642
-11.3163 -94.2726 2.83926 4.57108e-10 -11.112 -93.921 2.8642
-11.0932 -94.1702 2.86126 0.0222741 -11.112 -93.921 2.8642
-10.9 -94.1881 2.86498 0.00293436 -11.112 -93.921 2.8642
-11.2693 -94.1196 2.87816 0.000370202 -11.112 -93.921 2.8642
-11.5039 -94.0713 2.86504 0.0249694 -11.112 -93.921 2.8642
-10.563 -94.0156 2.85033 6.6706e-14 -11.112 -93.921 2.8642
-10.6138 -94.1443 2.85552 6.30727e-10 -11.112 -93.921 2.8642
-10.7968 -94.1551 2.85605 1.15047e-06 -11.112 -93.921 2.8642
-10.6716 -94.0832 2.88259 3.82504e-06 -11.112 -93.921 2.8642
-11.188 -93.9543 2.87503 0.00717074 -11.112 -93.921 2.8642
-11.7192 -94.2751 2.85717 0.000432006 -11.112 -93.921 2.8642
-11.4442 -93.7453 2.86678 0.00245795 -11.112 -93.921 2.8642
-11.1326 -93.5083 2.86709 2.68819e-05 -11.112 -93.921 2.8642
-10.9758 -94.0333 2.87343 0.01266 -11.112 -93.921 2.8642
-11.2742 -93.9839 2.86461 0.125952 -11.112 -93.921 2.8642
-10.8475 -93.602 2.86346 2.53705e-06 -11.112 -93.921 2.8642
-11.0648 -93.7971 2.87608 0.00128948 -11.112 -93.921 2.8642
-10.7348 -93.9182 2.8738 0.000228131 -11.112 -93.921 2.8642
-10.9413 -93.4515 2.8726 6.97818e-07 -11.112 -93.921 2.8642
-10.3809 -94.2045 2.88095 1.86142e-09 -11.112 -93.921 2.8642
-10.5629 -93.9396 2.87422 3.03768e-06 -11.112 -93.921 2.8642
-10.8694 -94.3015 2.85332 2.46757e-07 -11.112 -93.921 2.8642
-11.077 -94.3888 2.86793 0.00306642 -11.112 -93.921 2.8642
-10.891 -94.5183 2.85242 3.62935e-09 -11.112 -93.921 2.8642
-10.4179 -94.1113 2.85046 3.18149e-17 -11.112 -93.921 2.8642
-11.3985 -94.3709 2.84964 5.07726e-05 -11.112 -93.921 2.8642
-10.7263 -93.9565 2.86712 0.000115492 -11.112 -93.921 2.8642
-10.9255 -94.1503 2.86397 0.00448956 -11.112 -93.921 2.8642
-10.4965 -93.7965 2.87682 9.40781e-08 -11.112 -93.921 2.8642
-11.5751 -94.4379 2.84611 1.19514e-06 -11.112 -93.921 2.8642
-11.0729 -94.3457 2.85379 3.65463e-05 -11.112 -93.921 2.8642
-11.5468 -94.1394 2.8527 0.0030341 -11.112 -93.921 2.8642
-11.2589 -94.244 2.87539 0.0012639 -11.112 -93.921 2.8642
-11.0329 -94.1987 2.8685 0.0265038 -11.112 -93.921 2.8642
-10.5128 -94.4928 2.86249 3.85706e-11 -11.112 -93.921 2.8642
-11.0396 -94.1429 2.8634 0.0247654 -11.112 -93.921 2.8642
-11.2894 -94.2709 2.86108 0.0329415 -11.112 -93.921 2.8642
-10.803 -93.9665 2.86567 0.000552442 -11.112 -93.921 2.8642
-11.3714 -93.788 2.84969 3.66179e-05 -11.112 -93.921 2.8642
-10.8422 -93.811 2.8459 3.1712e-12 -11.112 -93.921 2.8642
