144.139 20.6363 0.0819914 8.39758e-07
144.549 20.4416 0.070841 2.65806e-06
144.44 20.4507 0.0927406 0.0594246
143.857 20.815 0.0860342 2.26715e-13
145.101 20.9624 0.0817517 6.48659e-07
144.809 20.9676 0.0970072 4.32096e-08
144.251 20.2888 0.0842261 6.42662e-05
144.449 20.3826 0.0799837 0.00383678
144.539 20.9837 0.0744666 2.21153e-07
144.456 20.3972 0.0851527 0.0750439
144.757 20.2068 0.0710665 9.17815e-07
144.397 21.0725 0.079046 1.43164e-08
144.569 20.846 0.0822641 0.00391859
144.761 20.7541 0.0863856 0.0551405
144.122 20.9978 0.073421 9.2103e-15
144.646 20.9278 0.0733992 2.40705e-06
144.901 20.5744 0.0778783 0.0254284
144.894 20.9109 0.0993195 1.84181e-09
144.487 20.8632 0.0867871 0.00203763
143.85 21.1292 0.0718142 9.31338e-26
144.305 20.1307 0.0900775 5.10144e-05
144.596 20.1542 0.0990668 2.109e-05
144.107 20.4523 0.104917 8.28277e-09
144.446 20.8981 0.0785651 1.59625e-05
144.25 20.3494 0.077858 7.50089e-07
144.59 20.8014 0.080509 0.00672364
144.433 20.4103 0.0773501 0.000352441
145.083 20.6774 0.0833656 0.000667929
144.844 20.9643 0.0746152 5.1847e-06
144.738 20.2772 0.088012 0.0679789
144.468 20.7584 0.0788128 0.000778782
144.636 19.9886 0.0917225 1.18741e-05
144.957 20.8752 0.0924917 3.06424e-06
144.638 20.3179 0.0906718 0.105138
144.892 20.2714 0.0780113 0.00207832
144.338 21.1625 0.0762986 4.02044e-12
145.081 20.7463 0.0892781 1.86885e-05
144.23 20.6396 0.0769607 3.32522e-07
144.174 20.6077 0.070494 2.33874e-12
144.493 20.8632 0.0697233 5.9649e-09
144.587 20.2402 0.0834691 0.0200421
144.503 20.9986 0.0886488 2.31677e-05
144.684 20.4629 0.0763213 0.0120712
144.779 20.4356 0.0915799 0.0682216
144.542 20.2852 0.0866882 0.069882
144.326 20.9855 0.0914327 1.11113e-06
143.686 20.8904 0.0798338 3.52678e-22
144.689 20.3965 0.111272 5.03378e-13
144.732 20.5506 0.0682419 1.91132e-06
144.113 20.5985 0.0940052 1.08455e-05
144.598 20.4829 0.0754637 0.00244745
144.974 20.9746 0.0718475 1.41436e-07
143.654 20.291 0.0858809 6.20109e-19
144.203 20.6754 0.0954689 4.48417e-05
144.105 20.6572 0.095537 2.60093e-06
144.692 21.0106 0.0792673 1.72767e-05
144.305 21.013 0.0898476 3.35045e-07
144.615 20.9198 0.0686883 5.09314e-09
144.643 20.952 0.065306 1.52966e-11
144.09 20.2772 0.0857915 2.34044e-07
144.048 20.3489 0.0902471 6.04773e-07
144.183 20.6345 0.0842691 2.49269e-05
144.852 20.1431 0.0932446 6.97638e-05
144.1 20.8116 0.0964109 6.97833e-08
144.469 20.8155 0.0883863 0.00508102
143.87 20.6199 0.0897013 7.33074e-11
145.16 20.791 0.0781874 9.06141e-06
144.729 20.9169 0.0787887 0.000348974
144.309 19.9734 0.0939468 1.76481e-07
144.049 20.6401 0.0829314 2.35443e-08
144.643 20.8209 0.0765408 0.000617003
144.211 20.3171 0.0815881 3.78726e-06
144.825 21.0292 0.0799691 8.65146e-06
144.137 21.2834 0.0563964 6.42564e-36
144.567 19.8321 0.0666957 5.61159e-18
144.253 20.7655 0.0914293 0.000129238
144.656 20.7831 0.0713174 7.69425e-06
144.513 20.6063 0.0809114 0.0430681
144.64 20.3338 0.0758222 0.00123572
144.563 20.9545 0.0864943 0.000263285
144.559 21.1043 0.0765948 1.97065e-08
144.35 20.7931 0.0596253 1.62094e-19
144.652 20.6961 0.0796422 0.0441814
144.618 20.7458 0.0801119 0.0208535
144.987 20.7231 0.0865761 0.00207176
144.709 20.8071 0.0689842 4.43917e-07
144.695 20.0798 0.061333 1.93523e-16
144.397 20.3854 0.0913634 0.033581
144.157 20.4025 0.0730755 3.41968e-11
144.416 20.4879 0.0658495 1.35705e-11
144.518 20.8835 0.0757399 1.03261e-05
144.411 20.5062 0.0734369 3.85877e-06
144.554 21.2205 0.0833433 1.47089e-09
144.738 20.6476 0.0874389 0.262914
144.191 20.4136 0.0838895 3.00131e-05
144.215 20.1007 0.0783025 7.41227e-10
144.314 20.4873 0.0781754 3.95395e-05
144.581 20.8369 0.0768458 0.000257616
144.624 20.8804 0.0867983 0.00365958
144.751 20.3765 0.0704706 1.36094e-05
