115.832 -22.2986 3.42549 0.219885 115.74 -22.23 3.4186
115.97 -22.4427 3.4151 0.000757881 115.74 -22.23 3.4186
116.046 -21.8786 3.43553 5.72852e-06 115.74 -22.23 3.4186
116.24 -22.1381 3.41624 2.32946e-06 115.74 -22.23 3.4186
115.57 -22.4838 3.44001 5.73083e-08 115.74 -22.23 3.4186
115.179 -22.422 3.42895 2.89409e-08 115.74 -22.23 3.4186
115.974 -22.2474 3.41374 0.000378371 115.74 -22.23 3.4186
115.85 -21.7462 3.42559 9.16636e-06 115.74 -22.23 3.4186
115.843 -22.5079 3.41015 2.36985e-05 115.74 -22.23 3.4186
115.692 -21.5873 3.43127 2.25443e-10 115.74 -22.23 3.4186
115.898 -22.7402 3.42211 0.00145476 115.74 -22.23 3.4186
115.545 -22.2569 3.41936 0.0449099 115.74 -22.23 3.4186
115.569 -22.3428 3.41064 0.00177738 115.74 -22.23 3.4186
115.68 -21.542 3.40611 1.96581e-11 115.74 -22.23 3.4186
116.235 -22.4434 3.41723 9.02612e-06 115.74 -22.23 3.4186
115.519 -22.0416 3.4124 0.00121449 115.74 -22.23 3.4186
115.313 -22.256 3.42445 0.000109417 115.74 -22.23 3.4186
116.358 -21.8083 3.43463 7.01403e-08 115.74 -22.23 3.4186
115.407 -21.9474 3.41564 0.000221713 115.74 -22.23 3.4186
115.431 -22.2685 3.42508 0.00174726 115.74 -22.23 3.4186
116.024 -22.2699 3.39455 1.09868e-18 115.74 -22.23 3.4186
115.122 -22.1691 3.42503 5.12298e-08 115.74 -22.23 3.4186
115.917 -22.5415 3.42081 0.0234337 115.74 -22.23 3.4186
115.777 -21.7346 3.42148 1.08383e-05 115.74 -22.23 3.4186
115.564 -22.4566 3.42151 0.037067 115.74 -22.23 3.4186
115.346 -21.9101 3.43025 1.03729e-08 115.74 -22.23 3.4186
115.764 -22.3368 3.40769 2.38712e-05 115.74 -22.23 3.4186
115.51 -22.4794 3.42869 0.00111618 115.74 -22.23 3.4186
115.545 -21.6848 3.41843 8.39088e-07 115.74 -22.23 3.4186
116.245 -21.9225 3.42003 1.63215e-06 115.74 -22.23 3.4186
115.686 -22.0049 3.42375 0.00645255 115.74 -22.23 3.4186
116.545 -22.3399 3.41025 1.17924e-15 115.74 -22.23 3.4186
115.883 -22.0212 3.41672 0.00186324 115.74 -22.23 3.4186
115.214 -21.8491 3.43947 5.43781e-18 115.74 -22.23 3.4186
115.573 -22.1837 3.4175 0.0322627 115.74 -22.23 3.4186
115.533 -22.1574 3.42956 0.000401722 115.74 -22.23 3.4186
115.236 -22.4019 3.40536 3.8387e-06 115.74 -22.23 3.4186
115.966 -22.1113 3.4225 0.0240715 115.74 -22.23 3.4186
115.353 -21.9494 3.42707 7.59647e-07 115.74 -22.23 3.4186
116.164 -22.3073 3.40289 1.54582e-13 115.74 -22.23 3.4186
115.53 -22.3343 3.42528 0.0144102 115.74 -22.23 3.4186
115.898 -22.4305 3.41313 0.000476747 115.74 -22.23 3.4186
116.466 -22.0375 3.40314 2.59504e-20 115.74 -22.23 3.4186
115.753 -21.3794 3.40598 5.44863e-15 115.74 -22.23 3.4186
115.292 -22.1824 3.41534 0.000639261 115.74 -22.23 3.4186
115.023 -21.7357 3.41629 6.73184e-11 115.74 -22.23 3.4186
116.257 -22.4781 3.41222 6.66462e-09 115.74 -22.23 3.4186
116.456 -22.3081 3.42161 4.95588e-07 115.74 -22.23 3.4186
115.798 -22.0823 3.41838 0.0180541 115.74 -22.23 3.4186
115.819 -22.3991 3.42214 0.182221 115.74 -22.23 3.4186
115.249 -22.2787 3.41306 0.000300615 115.74 -22.23 3.4186
115.338 -22.3638 3.41808 0.00199062 115.74 -22.23 3.4186
115.58 -22.3232 3.42176 0.0684287 115.74 -22.23 3.4186
115.408 -22.1225 3.41369 0.00197893 115.74 -22.23 3.4186
116.095 -22.4857 3.42354 0.0147068 115.74 -22.23 3.4186
115.578 -22.2173 3.42931 0.00230532 115.74 -22.23 3.4186
115.954 -22.4617 3.4239 0.0995829 115.74 -22.23 3.4186
116.265 -22.4671 3.42637 0.00213703 115.74 -22.23 3.4186
116.127 -22.4361 3.4063 1.26723e-10 115.74 -22.23 3.4186
115.345 -22.6119 3.43158 2.63161e-07 115.74 -22.23 3.4186
115.842 -21.9477 3.40665 1.83874e-07 115.74 -22.23 3.4186
116.012 -22.1725 3.41475 0.000306391 115.74 -22.23 3.4186
115.905 -22.5811 3.41392 0.000139707 115.74 -22.23 3.4186
116.316 -22.2499 3.42021 1.63084e-05 115.74 -22.23 3.4186
115.597 -22.0896 3.41433 0.0061388 115.74 -22.23 3.4186
116.285 -22.4072 3.41541 2.89289e-07 115.74 -22.23 3.4186
115.482 -22.2863 3.40051 8.34094e-08 115.74 -22.23 3.4186
115.609 -21.9602 3.42191 0.00199965 115.74 -22.23 3.4186
115.435 -21.8819 3.41165 3.4429e-05 115.74 -22.23 3.4186
115.717 -21.8002 3.41848 6.91756e-05 115.74 -22.23 3.4186
116.372 -21.8309 3.41653 1.37263e-10 115.74 -22.23 3.4186
115.017 -22.3511 3.42599 5.37257e-10 115.74 -22.23 3.4186
115.904 -22.4439 3.42616 0.177225 115.74 -22.23 3.4186
116.309 -21.8078 3.42793 3.47214e-07 115.74 -22.23 3.4186
115.867 -22.1447 3.40228 1.65818e-09 115.74 -22.23 3.4186
115.514 -22.3639 3.40348 1.88348e-06 115.74 -22.23 3.4186
116.629 -22.3409 3.43231 6.59441e-07 115.74 -22.23 3.4186
116.304 -21.9137 3.41712 2.13447e-08 115.74 -22.23 3.4186
115.42 -21.9737 3.41579 0.00043097 115.74 -22.23 3.4186
115.469 -22.1117 3.41152 0.0013789 115.74 -22.23 3.4186
115.814 -22.2768 3.43809 0.00013651 115.74 -22.23 3.4186
116.409 -22.1147 3.43029 4.66697e-05 115.74 -22.23 3.4186
116.243 -22.0214 3.41709 1.12423e-06 115.74 -22.23 3.4186
115.901 -22.4428 3.40195 1.03028e-10 115.74 -22.23 3.4186
115.617 -22.1177 3.43682 1.31675e-06 115.74 -22.23 3.4186
115.281 -22.3967 3.42574 2.12015e-05 115.74 -22.23 3.4186
115.659 -21.9074 3.42306 0.000763815 115.74 -22.23 3.4186
115.513 -22.3112 3.4121 0.00458308 115.74 -22.23 3.4186
115.57 -22.0081 3.39108 1.3864e-15 115.74 -22.23 3.4186
115.688 -22.053 3.40631 6.40552e-06 115.74 -22.23 3.4186
115.735 -22.2125 3.40915 0.000193856 115.74 -22.23 3.4186
116.321 -22.4989 3.42228 3.83978e-05 115.74 -22.23 3.4186
115.603 -22.4535 3.44786 3.91793e-13 115.74 -22.23 3.4186
115.78 -22.66 3.40853 6.18838e-07 115.74 -22.23 3.4186
115.508 -21.9657 3.442 7.08113e-13 115.74 -22.23 3.4186
114.911 -22.8428 3.41543 1.94455e-12 115.74 -22.23 3.4186
116.22 -22.0892 3.41814 1.44274e-05 115.74 -22.23 3.4186
115.3 -21.8284 3.40498 1.19926e-07 115.74 -22.23 3.4186
115.074 -21.704 3.40657 3.36905e-10 115.74 -22.23 3.4186
115.814 -22.2929 3.39094 7.15759e-19 115.74 -22.23 3.4186
