-34.4733 -78.1976 2.1676 9.74737e-06 -34.131 -78.247 2.161
-33.483 -78.3615 2.15318 0.000229421 -34.131 -78.247 2.161
-34.5077 -78.1382 2.15222 1.04557e-06 -34.131 -78.247 2.161
-34.7028 -77.8758 2.16291 1.43119e-10 -34.131 -78.247 2.161
-34.1441 -78.3906 2.15888 0.0108577 -34.131 -78.247 2.161
-34.3151 -78.68 2.17273 0.000158709 -34.131 -78.247 2.161
-34.5911 -78.6776 2.18015 3.47115e-09 -34.131 -78.247 2.161
-34.0974 -78.7979 2.17438 0.00187086 -34.131 -78.247 2.161
-34.5778 -77.2981 2.16552 1.52838e-17 -34.131 -78.247 2.161
-34.2814 -78.5645 2.16735 0.00128726 -34.131 -78.247 2.161
-34.1597 -77.9542 2.15937 0.00145038 -34.131 -78.247 2.161
-34.7044 -78.0714 2.16291 2.74425e-09 -34.131 -78.247 2.161
-34.0184 -78.222 2.18801 8.16217e-07 -34.131 -78.247 2.161
-34.4583 -77.9299 2.15244 1.12977e-06 -34.131 -78.247 2.161
-33.9186 -78.3831 2.15681 0.0322845 -34.131 -78.247 2.161
-33.7752 -78.0085 2.16643 0.0202079 -34.131 -78.247 2.161
-34.2623 -78.2689 2.18178 4.74098e-06 -34.131 -78.247 2.161
-34.9197 -78.4941 2.1554 9.65554e-14 -34.131 -78.247 2.161
-34.7174 -78.2774 2.15419 1.8325e-09 -34.131 -78.247 2.161
-34.5297 -78.1144 2.15297 6.76507e-07 -34.131 -78.247 2.161
-34.4681 -78.4081 2.16389 2.76445e-05 -34.131 -78.247 2.161
-33.9235 -78.709 2.19438 8.74321e-07 -34.131 -78.247 2.161
-33.9646 -77.7156 2.17458 1.94605e-07 -34.131 -78.247 2.161
-34.1924 -77.6114 2.17624 5.14482e-11 -34.131 -78.247 2.161
-33.8306 -77.9543 2.17208 0.00126992 -34.131 -78.247 2.161
-34.1579 -78.9821 2.17959 1.44253e-05 -34.131 -78.247 2.161
-34.1687 -78.1079 2.17837 2.77307e-05 -34.131 -78.247 2.161
-34.3445 -78.1416 2.1736 1.86764e-05 -34.131 -78.247 2.161
-33.9645 -77.9709 2.15718 0.0094355 -34.131 -78.247 2.161
-34.0474 -78.2887 2.17792 0.00329018 -34.131 -78.247 2.161
-34.2367 -78.3134 2.17427 0.00100075 -34.131 -78.247 2.161
-34.0138 -78.6424 2.16026 0.00469524 -34.131 -78.247 2.161
-34.0351 -78.0881 2.17316 0.00268083 -34.131 -78.247 2.161
-33.7281 -78.457 2.17474 0.15419 -34.131 -78.247 2.161
-34.194 -78.0886 2.16567 0.00306603 -34.131 -78.247 2.161
-34.4641 -78.2124 2.17267 2.60918e-06 -34.131 -78.247 2.161
-34.168 -78.4807 2.16568 0.0166722 -34.131 -78.247 2.161
-34.4787 -78.0523 2.15656 4.55567e-06 -34.131 -78.247 2.161
-33.9611 -77.7815 2.18169 4.66716e-09 -34.131 -78.247 2.161
-34.6648 -79.1711 2.19023 6.95396e-16 -34.131 -78.247 2.161
-33.5906 -77.5118 2.17797 4.44526e-12 -34.131 -78.247 2.161
-34.1129 -78.0328 2.16846 0.00246967 -34.131 -78.247 2.161
-34.8257 -78.3665 2.18115 5.01136e-14 -34.131 -78.247 2.161
-34.4011 -78.3371 2.17174 5.8239e-05 -34.131 -78.247 2.161
-34.0476 -78.3408 2.17699 0.00832564 -34.131 -78.247 2.161
-34.7227 -78.2203 2.15762 3.54843e-09 -34.131 -78.247 2.161
-34.7918 -78.2893 2.17517 6.8907e-12 -34.131 -78.247 2.161
-34.5419 -78.3434 2.16489 3.24767e-06 -34.131 -78.247 2.161
-33.9006 -78.2901 2.16152 0.187489 -34.131 -78.247 2.161
-34.9317 -78.1895 2.16814 9.44429e-14 -34.131 -78.247 2.161
-33.9096 -78.0812 2.16158 0.0622912 -34.131 -78.247 2.161
-34.4448 -77.7775 2.17336 4.11377e-10 -34.131 -78.247 2.161
-34.1002 -78.4825 2.17839 0.00421225 -34.131 -78.247 2.161
-33.9037 -78.061 2.17407 0.00326577 -34.131 -78.247 2.161
-34.3942 -77.9723 2.17566 6.15065e-08 -34.131 -78.247 2.161
-34.5317 -78.8408 2.18637 2.47194e-10 -34.131 -78.247 2.161
-34.4855 -78.531 2.17523 1.91554e-06 -34.131 -78.247 2.161
-34.323 -77.5808 2.13641 7.15744e-11 -34.131 -78.247 2.161
-34.0709 -78.1334 2.15805 0.0208283 -34.131 -78.247 2.161
-34.4879 -78.2252 2.15861 1.09448e-05 -34.131 -78.247 2.161
-35.0524 -77.9071 2.16444 1.27093e-17 -34.131 -78.247 2.161
-34.3173 -78.4982 2.16278 0.000650282 -34.131 -78.247 2.161
-34.6579 -78.4682 2.1683 3.32255e-08 -34.131 -78.247 2.161
-34.2636 -78.5438 2.16515 0.00188965 -34.131 -78.247 2.161
-34.0341 -77.9086 2.18378 1.71879e-08 -34.131 -78.247 2.161
-34.4329 -78.2906 2.15081 2.87972e-06 -34.131 -78.247 2.161
-34.7379 -77.7563 2.15915 7.01547e-12 -34.131 -78.247 2.161
-34.1321 -78.5734 2.16627 0.0151564 -34.131 -78.247 2.161
-34.6084 -78.0793 2.15949 1.28581e-07 -34.131 -78.247 2.161
-34.2347 -78.3846 2.17877 0.000199548 -34.131 -78.247 2.161
-34.6004 -78.5252 2.17354 6.99864e-08 -34.131 -78.247 2.161
-34.1312 -78.4662 2.17904 0.00181899 -34.131 -78.247 2.161
-34.1886 -77.4947 2.17325 6.04734e-12 -34.131 -78.247 2.161
-33.8275 -77.8052 2.16495 0.000482899 -34.131 -78.247 2.161
-34.5641 -78.3525 2.19793 3.09208e-17 -34.131 -78.247 2.161
-33.5672 -78.3096 2.17344 0.0456514 -34.131 -78.247 2.161
-33.6977 -78.298 2.17243 0.130062 -34.131 -78.247 2.161
-33.8511 -78.2229 2.18681 1.26837e-05 -34.131 -78.247 2.161
-34.1824 -77.9477 2.15845 0.000925338 -34.131 -78.247 2.161
-33.6734 -78.1837 2.16957 0.0790874 -34.131 -78.247 2.161
-34.7809 -78.4553 2.15282 2.24385e-11 -34.131 -78.247 2.161
-34.1483 -78.2892 2.18621 1.7668e-06 -34.131 -78.247 2.161
-34.2798 -78.2773 2.1575 0.00121734 -34.131 -78.247 2.161
-34.1989 -78.6701 2.17641 0.000966322 -34.131 -78.247 2.161
-34.3118 -78.435 2.15874 0.00045538 -34.131 -78.247 2.161
-34.3738 -78.236 2.1733 3.19923e-05 -34.131 -78.247 2.161
-34.3684 -77.8929 2.16914 8.78388e-07 -34.131 -78.247 2.161
-34.0039 -77.9013 2.15657 0.00270086 -34.131 -78.247 2.161
-34.1915 -78.2427 2.16483 0.0125149 -34.131 -78.247 2.161
-34.248 -78.2324 2.16988 0.00190022 -34.131 -78.247 2.161
-35.4031 -78.3077 2.17326 6.88511e-27 -34.131 -78.247 2.161
-34.0456 -77.9235 2.15608 0.00252984 -34.131 -78.247 2.161
-33.7713 -78.4888 2.17609 0.11668 -34.131 -78.247 2.161
-34.5036 -77.947 2.16471 3.21094e-07 -34.131 -78.247 2.161
-34.0926 -78.5573 2.18564 8.78452e-05 -34.131 -78.247 2.161
-34.3576 -77.7513 2.14922 4.20639e-07 -34.131 -78.247 2.161
-34.3014 -78.3622 2.17367 0.000412428 -34.131 -78.247 2.161
-33.8379 -78.0254 2.16556 0.0307478 -34.131 -78.247 2.161
-34.2304 -77.7767 2.14501 1.13051e-06 -34.131 -78.247 2.161
-34.3577 -78.5581 2.17431 9.27459e-05 -34.131 -78.247 2.161
