54.6662 -57.8811 3.9246 3.75998e-10 55.082 -58.149 3.9228
55.0975 -58.5437 3.92717 7.02987e-05 55.082 -58.149 3.9228
55.3816 -57.7879 3.92952 7.36016e-06 55.082 -58.149 3.9228
54.7347 -58.4985 3.92518 1.91944e-08 55.082 -58.149 3.9228
55.527 -57.894 3.93504 8.79386e-07 55.082 -58.149 3.9228
55.3534 -57.7581 3.91984 1.91504e-06 55.082 -58.149 3.9228
54.9669 -58.1954 3.936 7.60789e-08 55.082 -58.149 3.9228
54.876 -57.7763 3.9145 6.65594e-08 55.082 -58.149 3.9228
55.1372 -57.3396 3.92803 1.14108e-17 55.082 -58.149 3.9228
55.327 -58.3006 3.91127 0.00351736 55.082 -58.149 3.9228
55.151 -58.657 3.94982 3.7311e-25 55.082 -58.149 3.9228
54.9046 -57.991 3.9352 9.08009e-09 55.082 -58.149 3.9228
55.812 -58.5007 3.92638 1.00218e-10 55.082 -58.149 3.9228
54.9168 -58.0361 3.93299 5.04731e-07 55.082 -58.149 3.9228
54.4841 -57.9438 3.91175 1.07486e-12 55.082 -58.149 3.9228
54.8518 -58.2963 3.90829 0.000502075 55.082 -58.149 3.9228
54.9625 -57.8274 3.91531 6.34785e-06 55.082 -58.149 3.9228
54.8533 -57.7934 3.94415 1.56093e-18 55.082 -58.149 3.9228
55.7231 -57.3284 3.92202 3.1483e-24 55.082 -58.149 3.9228
54.7572 -57.7338 3.9257 6.18149e-11 55.082 -58.149 3.9228
55.6222 -57.7692 3.94399 2.36457e-13 55.082 -58.149 3.9228
55.1659 -58.0694 3.92568 0.0793551 55.082 -58.149 3.9228
54.8239 -58.3058 3.93314 4.73214e-09 55.082 -58.149 3.9228
55.5372 -57.7318 3.91542 9.58904e-11 55.082 -58.149 3.9228
54.9628 -57.7004 3.92038 5.32099e-08 55.082 -58.149 3.9228
55.8499 -57.4419 3.92431 1.56397e-22 55.082 -58.149 3.9228
55.6055 -58.2219 3.93642 4.96054e-07 55.082 -58.149 3.9228
54.7827 -57.7743 3.94476 3.85151e-21 55.082 -58.149 3.9228
54.8617 -58.4909 3.92451 9.88677e-06 55.082 -58.149 3.9228
55.304 -57.5668 3.93623 4.48938e-12 55.082 -58.149 3.9228
55.2138 -57.53 3.93881 1.93292e-14 55.082 -58.149 3.9228
54.6533 -57.9628 3.92496 1.4275e-09 55.082 -58.149 3.9228
54.8541 -57.4663 3.93371 2.11187e-18 55.082 -58.149 3.9228
55.1524 -57.8106 3.93501 1.96448e-07 55.082 -58.149 3.9228
55.4091 -58.1799 3.93207 0.0015864 55.082 -58.149 3.9228
54.8343 -58.347 3.93277 6.57743e-09 55.082 -58.149 3.9228
55.4896 -58.4423 3.93084 2.25322e-05 55.082 -58.149 3.9228
54.8021 -57.8509 3.92432 1.15656e-07 55.082 -58.149 3.9228
55.5104 -58.1932 3.91704 0.0007509 55.082 -58.149 3.9228
55.162 -57.9797 3.92372 0.0274954 55.082 -58.149 3.9228
54.9142 -58.0515 3.92857 5.89653e-05 55.082 -58.149 3.9228
54.8602 -58.0803 3.9257 0.000115451 55.082 -58.149 3.9228
55.3059 -58.4657 3.92973 0.000288172 55.082 -58.149 3.9228
55.2184 -56.9983 3.90519 4.45133e-43 55.082 -58.149 3.9228
55.3796 -57.3874 3.9228 1.46557e-16 55.082 -58.149 3.9228
55.1523 -58.1987 3.91601 0.367379 55.082 -58.149 3.9228
55.4235 -57.761 3.94075 2.07183e-10 55.082 -58.149 3.9228
55.0194 -57.9572 3.92255 0.0037812 55.082 -58.149 3.9228
55.1133 -57.9517 3.91619 0.00424259 55.082 -58.149 3.9228
55.2646 -58.1381 3.93173 0.00425766 55.082 -58.149 3.9228
54.9502 -58.0824 3.91661 0.0170582 55.082 -58.149 3.9228
55.313 -57.607 3.90241 2.64531e-19 55.082 -58.149 3.9228
55.4816 -58.6203 3.92881 2.10684e-07 55.082 -58.149 3.9228
55.2949 -58.3194 3.92147 0.263081 55.082 -58.149 3.9228
55.1933 -58.8557 3.9273 1.94992e-11 55.082 -58.149 3.9228
55.2392 -58.0346 3.92408 0.0869479 55.082 -58.149 3.9228
55.7319 -58.1063 3.93829 1.78972e-09 55.082 -58.149 3.9228
55.5519 -57.8504 3.9102 2.80111e-11 55.082 -58.149 3.9228
55.0795 -57.8 3.91765 2.10018e-05 55.082 -58.149 3.9228
54.9509 -57.9096 3.93758 4.08589e-10 55.082 -58.149 3.9228
55.5548 -57.9558 3.90923 3.89918e-10 55.082 -58.149 3.9228
54.9344 -58.2756 3.92257 0.0139559 55.082 -58.149 3.9228
54.7662 -58.0995 3.91762 0.00010492 55.082 -58.149 3.9228
55.5874 -57.5811 3.91675 5.384e-15 55.082 -58.149 3.9228
55.672 -57.8669 3.93376 1.48021e-08 55.082 -58.149 3.9228
54.9274 -57.8676 3.91942 4.08423e-05 55.082 -58.149 3.9228
54.9849 -57.6489 3.92901 6.66534e-10 55.082 -58.149 3.9228
54.7057 -57.715 3.93991 6.08906e-20 55.082 -58.149 3.9228
55.5706 -59.0943 3.914 1.64043e-20 55.082 -58.149 3.9228
55.5858 -57.8355 3.93166 2.57991e-07 55.082 -58.149 3.9228
55.2848 -58.441 3.92601 0.00860545 55.082 -58.149 3.9228
55.7688 -57.8924 3.93628 1.33353e-10 55.082 -58.149 3.9228
55.4815 -58.0154 3.93202 0.000192438 55.082 -58.149 3.9228
55.5012 -57.9578 3.9252 0.000320433 55.082 -58.149 3.9228
55.5591 -57.853 3.90244 2.89619e-17 55.082 -58.149 3.9228
55.5275 -57.7361 3.93344 1.3287e-08 55.082 -58.149 3.9228
54.4781 -58.1141 3.91625 4.14934e-11 55.082 -58.149 3.9228
54.4079 -58.3033 3.92193 1.52784e-14 55.082 -58.149 3.9228
55.2835 -57.8395 3.9303 6.06699e-05 55.082 -58.149 3.9228
54.9344 -58.1165 3.94468 1.82711e-15 55.082 -58.149 3.9228
54.5623 -57.883 3.92949 6.67102e-15 55.082 -58.149 3.9228
55.085 -57.9584 3.90224 4.20427e-09 55.082 -58.149 3.9228
54.5566 -58.419 3.91568 5.03727e-09 55.082 -58.149 3.9228
55.034 -58.2801 3.93339 1.16158e-05 55.082 -58.149 3.9228
55.3005 -58.1933 3.9143 0.0397549 55.082 -58.149 3.9228
55.3568 -57.0821 3.93758 1.92321e-29 55.082 -58.149 3.9228
55.1253 -57.9807 3.92748 0.0052098 55.082 -58.149 3.9228
55.3212 -57.7165 3.92805 9.51194e-07 55.082 -58.149 3.9228
54.6123 -58.3156 3.92813 3.2085e-11 55.082 -58.149 3.9228
55.0634 -57.6282 3.91831 2.54133e-09 55.082 -58.149 3.9228
55.3413 -57.7741 3.91772 1.62981e-06 55.082 -58.149 3.9228
55.0242 -58.7337 3.91953 1.05577e-06 55.082 -58.149 3.9228
55.1435 -58.4062 3.93552 5.47745e-07 55.082 -58.149 3.9228
55.1224 -58.0759 3.92683 0.0333373 55.082 -58.149 3.9228
55.0202 -58.0211 3.91545 0.0106342 55.082 -58.149 3.9228
54.9875 -58.292 3.92361 0.0272072 55.082 -58.149 3.9228
55.121 -57.7364 3.8905 1.63035e-25 55.082 -58.149 3.9228
54.8963 -57.6412 3.92549 1.62209e-10 55.082 -58.149 3.9228
55.4438 -57.7957 3.93742 2.38494e-08 55.082 -58.149 3.9228
54.9506 -57.6466 3.91588 5.19475e-10 55.082 -58.149 3.9228
