33.1303 9.45983 0.226559 6.10684e-12 33.333 9.2685 0.20628
33.8344 9.21388 0.205001 3.27878e-10 33.333 9.2685 0.20628
33.4163 8.89231 0.210752 2.17025e-08 33.333 9.2685 0.20628
33.4918 9.41406 0.199399 0.00349176 33.333 9.2685 0.20628
33.2461 8.89455 0.181624 4.35556e-19 33.333 9.2685 0.20628
33.3254 9.40412 0.203095 0.0991997 33.333 9.2685 0.20628
33.1607 9.60583 0.197703 4.36994e-07 33.333 9.2685 0.20628
32.7601 9.06328 0.203886 7.35723e-08 33.333 9.2685 0.20628
33.3525 8.9118 0.196421 3.74587e-05 33.333 9.2685 0.20628
33.4421 9.57115 0.207968 0.000113441 33.333 9.2685 0.20628
33.9243 9.65357 0.208542 1.35002e-18 33.333 9.2685 0.20628
32.879 9.2115 0.215303 0.00289982 33.333 9.2685 0.20628
33.5829 9.40899 0.219053 9.55788e-15 33.333 9.2685 0.20628
33.3388 8.81611 0.203925 2.1758e-06 33.333 9.2685 0.20628
32.7093 8.80225 0.197478 8.18496e-18 33.333 9.2685 0.20628
33.5358 9.01022 0.184413 9.94974e-11 33.333 9.2685 0.20628
33.2166 8.82435 0.202613 5.25465e-06 33.333 9.2685 0.20628
33.3665 9.59821 0.186383 2.21934e-15 33.333 9.2685 0.20628
33.2849 8.86245 0.205628 1.65314e-05 33.333 9.2685 0.20628
33.3707 9.06453 0.190973 2.56339e-06 33.333 9.2685 0.20628
32.6066 9.57796 0.22751 9.02345e-10 33.333 9.2685 0.20628
33.7266 9.07982 0.206192 6.81077e-09 33.333 9.2685 0.20628
33.4145 8.52746 0.208969 6.19439e-18 33.333 9.2685 0.20628
33.1197 9.60663 0.215583 0.000272031 33.333 9.2685 0.20628
33.5469 9.05136 0.1852 8.76094e-10 33.333 9.2685 0.20628
33.454 9.6629 0.198881 1.01792e-06 33.333 9.2685 0.20628
33.0072 9.17784 0.190322 9.42614e-13 33.333 9.2685 0.20628
33.535 9.58548 0.199324 1.03324e-05 33.333 9.2685 0.20628
32.7967 9.38609 0.189604 1.63581e-21 33.333 9.2685 0.20628
32.5953 9.55619 0.18183 2.30338e-48 33.333 9.2685 0.20628
32.9845 8.80391 0.199199 1.09553e-09 33.333 9.2685 0.20628
33.0721 9.652 0.191618 2.75856e-15 33.333 9.2685 0.20628
32.9987 9.60356 0.207205 0.000644426 33.333 9.2685 0.20628
33.6139 9.43258 0.202919 8.74909e-05 33.333 9.2685 0.20628
33.1897 9.30271 0.208366 0.447094 33.333 9.2685 0.20628
33.4662 9.4877 0.204853 0.00186979 33.333 9.2685 0.20628
33.1264 9.40341 0.218016 0.000268879 33.333 9.2685 0.20628
33.6638 8.82248 0.196399 3.8911e-08 33.333 9.2685 0.20628
33.3423 8.36359 0.208239 1.76123e-23 33.333 9.2685 0.20628
33.0582 9.33238 0.191874 2.01773e-10 33.333 9.2685 0.20628
33.2859 8.80326 0.201664 2.24335e-06 33.333 9.2685 0.20628
32.791 9.66189 0.22234 4.55561e-07 33.333 9.2685 0.20628
32.6981 9.33466 0.19921 2.19023e-12 33.333 9.2685 0.20628
33.1484 9.48481 0.195649 7.20573e-07 33.333 9.2685 0.20628
32.5159 9.4084 0.221217 7.41553e-08 33.333 9.2685 0.20628
33.2243 8.96775 0.216156 4.40204e-08 33.333 9.2685 0.20628
33.0186 9.25434 0.211766 0.105359 33.333 9.2685 0.20628
33.0644 9.48851 0.205669 0.0196882 33.333 9.2685 0.20628
33.4276 9.26212 0.202622 0.0788302 33.333 9.2685 0.20628
32.631 9.30022 0.208929 3.40175e-07 33.333 9.2685 0.20628
33.1204 9.14234 0.207364 0.118102 33.333 9.2685 0.20628
33.9292 9.31082 0.202859 8.09965e-12 33.333 9.2685 0.20628
32.9897 9.43395 0.223159 9.34687e-07 33.333 9.2685 0.20628
33.2022 9.60858 0.20887 0.00285789 33.333 9.2685 0.20628
33.0923 9.79928 0.189131 4.57249e-22 33.333 9.2685 0.20628
33.2093 9.20014 0.195856 0.00036042 33.333 9.2685 0.20628
33.6227 9.88904 0.202043 1.24133e-13 33.333 9.2685 0.20628
32.9643 9.46558 0.213347 0.0279554 33.333 9.2685 0.20628
33.115 9.09965 0.207568 0.0472225 33.333 9.2685 0.20628
33.3004 8.73309 0.203586 3.36298e-08 33.333 9.2685 0.20628
33.4204 8.81651 0.226635 3.81128e-29 33.333 9.2685 0.20628
33.4803 8.7771 0.214899 5.66588e-16 33.333 9.2685 0.20628
33.063 8.2027 0.20197 1.65392e-29 33.333 9.2685 0.20628
32.8548 9.19437 0.205872 0.000419626 33.333 9.2685 0.20628
32.8979 9.37956 0.193785 1.25642e-12 33.333 9.2685 0.20628
33.6884 9.3339 0.201025 3.49214e-05 33.333 9.2685 0.20628
33.4066 9.16637 0.197277 0.0122986 33.333 9.2685 0.20628
32.9186 9.24984 0.219631 0.000116252 33.333 9.2685 0.20628
32.399 9.16358 0.21104 1.80193e-13 33.333 9.2685 0.20628
33.6631 8.9946 0.19623 1.36474e-05 33.333 9.2685 0.20628
33.4985 9.34105 0.219194 2.13286e-12 33.333 9.2685 0.20628
32.6443 8.90082 0.20069 2.12174e-15 33.333 9.2685 0.20628
33.4373 9.30612 0.207851 0.00701707 33.333 9.2685 0.20628
33.1923 9.21746 0.223913 2.91794e-11 33.333 9.2685 0.20628
33.3313 9.50558 0.188446 1.27477e-11 33.333 9.2685 0.20628
33.6816 8.82028 0.197053 1.84041e-08 33.333 9.2685 0.20628
33.6109 9.91853 0.196037 5.64778e-16 33.333 9.2685 0.20628
33.7291 8.78388 0.201722 2.12725e-11 33.333 9.2685 0.20628
33.1716 9.00699 0.21444 1.09844e-05 33.333 9.2685 0.20628
33.7424 8.82614 0.207912 7.70784e-15 33.333 9.2685 0.20628
33.5307 9.32239 0.198702 0.00521408 33.333 9.2685 0.20628
33.0696 8.84256 0.204375 2.68147e-06 33.333 9.2685 0.20628
32.9321 9.47212 0.219026 0.000524657 33.333 9.2685 0.20628
33.1637 8.96863 0.209665 0.000352014 33.333 9.2685 0.20628
33.1595 8.45914 0.213709 1.52539e-21 33.333 9.2685 0.20628
33.0561 9.75438 0.221204 1.04762e-08 33.333 9.2685 0.20628
32.9524 9.44237 0.227222 4.75291e-10 33.333 9.2685 0.20628
33.4302 8.81422 0.196347 9.34317e-07 33.333 9.2685 0.20628
33.3066 9.36036 0.212127 0.00565279 33.333 9.2685 0.20628
33.3639 9.11273 0.207935 0.00596933 33.333 9.2685 0.20628
32.6604 9.67697 0.219866 2.03288e-07 33.333 9.2685 0.20628
32.6156 9.79088 0.221071 6.37726e-10 33.333 9.2685 0.20628
32.9135 9.20566 0.190509 3.49871e-15 33.333 9.2685 0.20628
33.743 9.19708 0.198944 1.00004e-05 33.333 9.2685 0.20628
33.6066 9.35708 0.194874 0.000103504 33.333 9.2685 0.20628
33.3683 8.61198 0.199777 2.07394e-11 33.333 9.2685 0.20628
33.4469 9.8927 0.201717 1.02876e-11 33.333 9.2685 0.20628
33.0918 9.60824 0.209309 0.00351856 33.333 9.2685 0.20628
33.417 9.42086 0.209163 0.00234225 33.333 9.2685 0.20628
33.8795 9.62831 0.201084 7.62499e-13 33.333 9.2685 0.20628
