84.5902 -32.7861 3.5779 7.09808e-08 84.634 -32.728 3.5934
84.3268 -32.2471 3.59699 4.14214e-06 84.634 -32.728 3.5934
84.2376 -32.6949 3.59781 8.7161e-08 84.634 -32.728 3.5934
84.2598 -32.6045 3.5935 4.11938e-06 84.634 -32.728 3.5934
84.4556 -33.1883 3.59669 2.10945e-13 84.634 -32.728 3.5934
84.6601 -33.3484 3.59568 2.50583e-16 84.634 -32.728 3.5934
85.0402 -32.6704 3.61613 6.58325e-24 84.634 -32.728 3.5934
84.3167 -32.786 3.59355 4.92827e-06 84.634 -32.728 3.5934
84.4742 -32.8619 3.60294 7.13865e-10 84.634 -32.728 3.5934
84.2259 -33.568 3.60176 2.49807e-38 84.634 -32.728 3.5934
84.5817 -33.2988 3.60032 1.52075e-19 84.634 -32.728 3.5934
84.59 -32.5424 3.58309 1.14037e-05 84.634 -32.728 3.5934
84.4274 -32.9133 3.58743 2.59196e-05 84.634 -32.728 3.5934
84.446 -32.7412 3.58727 0.000390355 84.634 -32.728 3.5934
84.7161 -33.027 3.60262 1.54097e-12 84.634 -32.728 3.5934
84.7476 -32.8296 3.57731 2.27973e-07 84.634 -32.728 3.5934
84.1581 -32.8946 3.59596 1.40807e-11 84.634 -32.728 3.5934
84.7105 -33.0851 3.58231 1.09306e-05 84.634 -32.728 3.5934
84.3625 -32.2638 3.60265 7.74594e-06 84.634 -32.728 3.5934
84.7863 -32.5968 3.59514 0.282103 84.634 -32.728 3.5934
83.9835 -32.3787 3.58592 2.57829e-18 84.634 -32.728 3.5934
84.6805 -32.6467 3.59941 0.00705655 84.634 -32.728 3.5934
84.8728 -32.579 3.5959 0.10346 84.634 -32.728 3.5934
84.7562 -32.8435 3.60429 1.32708e-09 84.634 -32.728 3.5934
84.0801 -32.7497 3.58857 1.15274e-11 84.634 -32.728 3.5934
84.7816 -33.3743 3.59631 8.26904e-18 84.634 -32.728 3.5934
84.3757 -32.3882 3.5876 4.30912e-07 84.634 -32.728 3.5934
84.7722 -32.6965 3.59247 0.232197 84.634 -32.728 3.5934
84.2756 -31.9244 3.56963 4.8334e-50 84.634 -32.728 3.5934
84.4098 -32.5593 3.58412 6.97907e-07 84.634 -32.728 3.5934
84.3413 -32.6131 3.59094 8.17955e-05 84.634 -32.728 3.5934
84.1713 -32.3613 3.59598 1.61608e-08 84.634 -32.728 3.5934
84.8064 -32.7477 3.58522 0.0108648 84.634 -32.728 3.5934
85.1135 -32.8935 3.59674 5.63924e-08 84.634 -32.728 3.5934
85.3283 -32.9901 3.5894 4.49138e-11 84.634 -32.728 3.5934
84.3514 -32.9067 3.59913 1.68043e-09 84.634 -32.728 3.5934
84.4544 -32.636 3.56706 8.01934e-26 84.634 -32.728 3.5934
84.5018 -32.5612 3.59681 0.0152336 84.634 -32.728 3.5934
84.8323 -32.5524 3.60408 4.77773e-05 84.634 -32.728 3.5934
84.2697 -32.7108 3.59904 8.7101e-08 84.634 -32.728 3.5934
84.5723 -32.6324 3.58087 1.17612e-06 84.634 -32.728 3.5934
84.908 -32.6558 3.5956 0.03161 84.634 -32.728 3.5934
84.4547 -32.8021 3.59145 0.00081281 84.634 -32.728 3.5934
84.504 -32.3118 3.62541 2.33644e-29 84.634 -32.728 3.5934
84.2974 -32.7978 3.5956 5.39017e-07 84.634 -32.728 3.5934
84.7185 -32.9639 3.58921 0.0015544 84.634 -32.728 3.5934
83.9197 -32.1939 3.58953 4.71227e-21 84.634 -32.728 3.5934
84.4057 -33.0061 3.5939 6.90499e-08 84.634 -32.728 3.5934
84.4932 -32.7906 3.59076 0.00297327 84.634 -32.728 3.5934
84.6957 -32.7441 3.59591 0.021349 84.634 -32.728 3.5934
84.7986 -32.8916 3.60589 1.20716e-12 84.634 -32.728 3.5934
83.9893 -32.8632 3.57751 6.47526e-21 84.634 -32.728 3.5934
84.2859 -32.8737 3.59508 4.43893e-08 84.634 -32.728 3.5934
84.4131 -32.6601 3.59633 0.000550252 84.634 -32.728 3.5934
84.4264 -33.4185 3.60322 9.16417e-30 84.634 -32.728 3.5934
84.3469 -32.8973 3.58626 1.09262e-06 84.634 -32.728 3.5934
84.5978 -32.1095 3.57654 1.74935e-23 84.634 -32.728 3.5934
84.0491 -32.779 3.56664 1.02552e-33 84.634 -32.728 3.5934
84.3431 -32.9577 3.58124 5.64664e-09 84.634 -32.728 3.5934
84.5965 -32.9977 3.59802 4.6422e-08 84.634 -32.728 3.5934
85.2065 -32.6058 3.59412 6.9573e-06 84.634 -32.728 3.5934
84.1459 -32.8167 3.5954 1.519e-10 84.634 -32.728 3.5934
85.0148 -32.8775 3.5929 0.000124153 84.634 -32.728 3.5934
84.4417 -32.8622 3.61085 2.56598e-19 84.634 -32.728 3.5934
84.0969 -32.848 3.58538 1.56076e-12 84.634 -32.728 3.5934
84.6901 -33.0681 3.58612 5.73544e-05 84.634 -32.728 3.5934
84.167 -32.2564 3.59809 2.988e-09 84.634 -32.728 3.5934
84.7593 -32.4379 3.60404 0.000634378 84.634 -32.728 3.5934
84.3579 -32.8924 3.5947 6.16961e-07 84.634 -32.728 3.5934
84.2248 -32.8273 3.60269 7.6545e-13 84.634 -32.728 3.5934
84.7311 -32.8885 3.58601 0.00617287 84.634 -32.728 3.5934
84.6946 -32.4244 3.59877 0.100498 84.634 -32.728 3.5934
84.7262 -33.0125 3.58512 0.000310435 84.634 -32.728 3.5934
83.976 -33.139 3.58414 1.07279e-19 84.634 -32.728 3.5934
84.5664 -33.1211 3.59778 3.034e-11 84.634 -32.728 3.5934
84.5722 -32.5354 3.59532 0.104254 84.634 -32.728 3.5934
83.9485 -33.0477 3.58986 6.52486e-19 84.634 -32.728 3.5934
84.9338 -32.8632 3.60334 3.56957e-10 84.634 -32.728 3.5934
84.3058 -33.0918 3.59192 1.37552e-10 84.634 -32.728 3.5934
84.666 -32.8244 3.58356 0.00124461 84.634 -32.728 3.5934
85.3273 -32.6833 3.59366 7.17615e-09 84.634 -32.728 3.5934
84.9365 -32.6889 3.58183 3.58304e-05 84.634 -32.728 3.5934
84.7485 -32.9876 3.61186 7.81652e-24 84.634 -32.728 3.5934
84.1768 -32.4356 3.59871 3.4772e-08 84.634 -32.728 3.5934
84.0475 -32.5051 3.59779 1.57482e-11 84.634 -32.728 3.5934
84.4185 -32.8027 3.59391 0.000126399 84.634 -32.728 3.5934
84.7039 -32.1144 3.59767 0.000300515 84.634 -32.728 3.5934
84.427 -32.9394 3.5953 6.3217e-07 84.634 -32.728 3.5934
85.1236 -32.3573 3.59726 4.20103e-05 84.634 -32.728 3.5934
84.8542 -32.3839 3.59551 0.0731603 84.634 -32.728 3.5934
84.2225 -32.8041 3.60121 2.34101e-11 84.634 -32.728 3.5934
84.4076 -32.8903 3.59346 9.21028e-06 84.634 -32.728 3.5934
84.9208 -32.7699 3.57767 1.02939e-07 84.634 -32.728 3.5934
84.3095 -33.0037 3.61332 1.0928e-29 84.634 -32.728 3.5934
84.6982 -33.0412 3.59749 2.28556e-08 84.634 -32.728 3.5934
84.2835 -32.4482 3.59449 9.58463e-06 84.634 -32.728 3.5934
84.4456 -32.5135 3.5815 6.02208e-09 84.634 -32.728 3.5934
84.8854 -32.8136 3.5962 0.000833437 84.634 -32.728 3.5934
84.2224 -32.7461 3.60528 1.74658e-13 84.634 -32.728 3.5934
84.623 -32.9196 3.59075 0.00181981 84.634 -32.728 3.5934
