23.0451 -86.4763 3.77205 3.46498e-10
23.1714 -86.3633 3.79284 0.0424157
23.2193 -86.2843 3.77757 4.29342e-06
23.3563 -86.6734 3.80159 1.34173e-07
23.0925 -86.5991 3.78192 4.17905e-06
23.101 -85.9244 3.76966 3.6384e-10
22.7409 -86.2455 3.77419 0.000101026
23.5466 -85.939 3.78412 1.26303e-07
22.8766 -85.908 3.79188 0.000948329
23.0652 -85.9563 3.77644 0.000109456
22.9422 -86.1517 3.76803 1.20878e-09
23.0815 -86.5983 3.78143 3.08924e-06
23.1369 -85.4789 3.80209 3.49497e-15
23.3582 -85.803 3.77611 4.8856e-10
22.9162 -86.2936 3.76411 2.20855e-14
23.5114 -86.648 3.76726 1.12945e-28
23.3033 -86.4546 3.79703 0.0011836
23.5508 -86.3329 3.79444 0.000203915
23.2607 -86.5016 3.77636 7.58693e-10
23.4501 -86.1713 3.78245 3.54918e-06
23.45 -86.1361 3.77809 4.77641e-09
23.1371 -85.9618 3.77398 5.12398e-07
22.7755 -86.2252 3.75768 6.20083e-20
23.3778 -86.296 3.76241 1.75266e-26
22.4552 -86.9654 3.76748 2.14392e-23
23.2742 -86.1858 3.77174 2.84134e-11
23.0194 -85.8695 3.78699 0.0199595
22.8381 -86.273 3.77295 9.30728e-06
23.2881 -86.2419 3.77481 5.34457e-09
23.1249 -85.6942 3.78435 6.29872e-05
22.8969 -86.4448 3.77762 4.94223e-05
23.3178 -86.3534 3.81366 5.97722e-14
22.9497 -85.9542 3.7696 3.19153e-08
23.5266 -86.0058 3.77753 2.73449e-11
22.7253 -86.361 3.77905 0.000805845
23.1989 -85.421 3.75994 8.56997e-29
23.076 -86.1447 3.78057 0.0144294
23.0364 -86.7082 3.77201 2.37397e-14
23.4578 -86.228 3.778 1.48302e-09
23.6019 -86.0231 3.7731 1.42025e-17
22.9575 -85.9037 3.77633 0.000307166
23.3692 -86.6084 3.78412 6.46102e-08
23.465 -86.3751 3.78099 1.86853e-08
23.0718 -86.6071 3.77971 3.77308e-07
22.8657 -86.3655 3.7848 0.0229867
23.2743 -86.178 3.76967 2.2104e-13
22.9391 -85.8835 3.7789 0.00263819
22.7345 -86.481 3.78084 0.000116659
23.0695 -86.6959 3.76044 1.0266e-28
23.0064 -86.1613 3.78727 0.403794
23.055 -86.3257 3.78101 0.00480178
23.1084 -86.5594 3.78894 0.000766339
23.0787 -85.5623 3.78588 6.42358e-07
23.8657 -86.0345 3.77186 3.50455e-28
22.6019 -86.0097 3.776 0.000420527
22.9329 -86.1271 3.77338 2.69977e-05
23.0897 -85.9873 3.77501 1.1498e-05
23.0931 -86.4051 3.78002 0.000211021
23.2008 -86.1774 3.76187 1.49069e-21
23.3353 -86.2335 3.78084 2.02769e-05
23.7388 -86.5468 3.78635 9.79497e-13
22.7204 -86.4894 3.78886 5.31028e-05
23.1715 -86.331 3.76413 4.02944e-19
22.3691 -86.787 3.77735 1.30085e-14
23.1981 -86.9825 3.78498 4.22418e-14
23.3928 -86.1276 3.7752 3.00864e-10
22.9054 -86.3314 3.78982 0.032832
22.2451 -86.1286 3.76639 5.95823e-11
23.1972 -85.8957 3.79569 0.000897934
22.6035 -85.9704 3.78916 1.6603e-05
23.3689 -84.9701 3.77229 2.84484e-32
23.347 -85.9101 3.77612 5.181e-09
22.7386 -85.7779 3.7763 6.58984e-05
23.132 -85.6344 3.76844 2.87848e-14
23.1546 -86.3939 3.78276 0.0014593
22.5387 -86.2649 3.78699 2.2043e-05
22.804 -86.1305 3.79125 0.00491968
22.762 -86.1373 3.78144 0.0390689
22.4689 -85.7176 3.78027 1.73976e-07
22.9619 -85.9528 3.76 1.63062e-18
23.3579 -86.3023 3.79099 0.0142367
23.2406 -86.2894 3.78466 0.00786796
23.0169 -86.1771 3.78919 0.334267
23.2381 -85.7039 3.77892 1.65475e-07
23.4518 -86.1633 3.77765 1.72335e-09
23.5624 -85.734 3.78708 8.33123e-09
23.0811 -86.0056 3.77975 0.00461192
23.4032 -85.9114 3.78233 3.91416e-06
22.8698 -86.0465 3.77457 0.000318793
22.59 -86.3733 3.77142 1.56657e-07
22.5951 -86.0795 3.78981 2.03385e-05
23.0382 -86.1834 3.79443 0.0296254
23.6094 -86.3807 3.78224 1.16878e-10
23.4826 -85.7257 3.7826 2.86463e-09
23.5316 -86.0865 3.7818 4.24619e-08
23.4333 -85.9247 3.77167 8.0155e-15
23.4131 -85.4475 3.77037 1.88797e-21
22.7404 -86.1839 3.75933 4.61673e-17
23.2479 -85.9339 3.79157 0.0133148
23.3308 -86.0465 3.76212 5.0475e-24
