-26.4343 -86.2126 2.44931 1.63826e-06
-26.3449 -85.7023 2.46696 0.0256103
-26.0149 -85.5866 2.4452 5.22507e-06
-26.2082 -84.9987 2.45722 1.48902e-09
-26.1399 -85.7321 2.4522 0.0085444
-26.0998 -84.9417 2.45132 9.68372e-11
-25.9131 -85.6671 2.44668 2.98142e-06
-25.9146 -85.1797 2.4529 5.10285e-08
-25.8365 -85.7423 2.45552 0.000358374
-26.0134 -86.0854 2.45186 5.18467e-05
-25.7804 -85.6847 2.46237 0.000474912
-25.9938 -85.8719 2.48151 1.26774e-05
-26.1282 -85.4471 2.45092 0.000392673
-25.9783 -85.8425 2.47389 0.00376266
-26.0743 -85.6269 2.4496 0.000593511
-26.6102 -85.0638 2.45298 2.77309e-09
-25.644 -85.8044 2.44108 2.40979e-13
-25.6565 -85.5633 2.45532 4.42106e-07
-26.0041 -85.5516 2.45719 0.00335909
-26.2606 -85.6947 2.46432 0.087382
-26.274 -85.9526 2.4341 8.33794e-13
-25.7149 -86.0466 2.45865 1.7387e-05
-26.019 -85.663 2.43681 1.5864e-10
-26.0458 -86.1015 2.44364 4.3648e-09
-26.0978 -85.3841 2.45002 6.30702e-05
-25.8493 -85.8184 2.46531 0.00684937
-26.3183 -85.4394 2.46296 0.00100389
-26.156 -85.1895 2.46981 4.33804e-09
-25.5778 -85.5091 2.47612 3.6694e-10
-25.6637 -85.5475 2.47447 4.28316e-08
-25.87 -85.3347 2.45727 3.69264e-06
-25.8857 -85.8403 2.44609 3.58465e-07
-25.7754 -85.9908 2.46022 0.00036479
-26.0967 -85.6764 2.46392 0.0562423
-25.5695 -86.1401 2.44388 1.06559e-15
-25.6333 -85.8395 2.45672 1.70103e-06
-25.3936 -85.7379 2.44976 2.31652e-13
-26.0898 -86.2102 2.47593 0.00298016
-25.8539 -85.7618 2.45304 0.000128938
-26.0313 -86.1594 2.46678 0.0274035
-25.8296 -85.83 2.4553 0.000268041
-26.0245 -85.7824 2.4624 0.0810535
-25.8918 -85.1176 2.46007 3.35483e-09
-26.2484 -86.1966 2.44807 8.30031e-07
-25.9804 -85.5126 2.45153 0.000169806
-26.13 -85.8712 2.46765 0.154456
-25.6441 -85.8596 2.46206 2.48214e-05
-25.9886 -85.905 2.44794 1.26251e-05
-26.1005 -85.11 2.45381 9.86569e-08
-25.7624 -85.2254 2.46268 5.99077e-09
-26.183 -85.5473 2.46624 0.00463941
-25.4906 -85.3178 2.45669 9.76314e-12
-26.7042 -85.6607 2.45891 0.000291106
-25.3978 -85.792 2.47163 2.00876e-09
-26.4466 -85.8648 2.4479 0.000312435
-26.0489 -85.7634 2.44591 1.58079e-05
-25.9355 -85.4535 2.45746 0.000217096
-26.1081 -85.0751 2.44833 1.02344e-08
-26.0241 -85.7349 2.45669 0.0200522
-26.2211 -85.5753 2.45577 0.0217306
-25.7186 -85.718 2.4535 3.80669e-06
-25.3077 -85.7147 2.45828 2.03978e-12
-25.7701 -85.2272 2.46721 1.26006e-09
-25.5278 -86.1836 2.46119 1.60639e-08
-25.4979 -85.8836 2.46631 3.18446e-07
-25.3511 -85.7333 2.43898 9.66761e-21
-25.7374 -85.3029 2.44471 9.2167e-11
-25.9257 -85.7223 2.43957 6.67271e-10
-26.1082 -85.1467 2.45817 3.0677e-07
-25.9109 -85.0776 2.45461 1.64685e-09
-25.4653 -85.7854 2.44735 4.66986e-13
-25.9971 -85.9788 2.47457 0.00742662
-25.8272 -85.5864 2.4721 1.97705e-05
-26.0128 -85.6835 2.4502 0.00043302
-25.4753 -85.9097 2.48413 9.32831e-11
-25.838 -85.6259 2.4448 6.04511e-08
-25.8907 -86.0972 2.475 0.00196246
-26.1086 -86.0219 2.45319 0.00159406
-26.0226 -85.5147 2.45248 0.000558252
-26.1805 -85.7258 2.44725 0.000336118
-25.8859 -86.096 2.46661 0.00813879
-25.9493 -85.4293 2.45004 1.27375e-05
-25.651 -85.5785 2.45912 1.75854e-06
-26.4603 -86.5207 2.45328 1.23818e-09
-25.6192 -85.7554 2.44127 1.89636e-13
-26.1287 -85.634 2.46271 0.0458852
-25.6278 -85.6942 2.45299 1.12028e-07
-26.319 -85.8466 2.45372 0.0291049
-25.525 -85.734 2.46258 2.35719e-07
-25.7896 -85.5654 2.45242 6.2611e-06
-25.7667 -85.4555 2.44844 6.00813e-08
-26.1785 -86.1257 2.46556 0.0821018
-26.0237 -86.1699 2.47558 0.00374004
-26.0359 -85.9258 2.45371 0.00303023
-25.8803 -85.5371 2.44426 8.0774e-08
-25.5406 -85.781 2.46215 5.29485e-07
-26.1107 -86.1736 2.4581 0.00297756
-26.1583 -86.0024 2.46656 0.201731
-26.2552 -85.92 2.45741 0.102078
-25.5661 -85.3735 2.4387 3.23455e-16
