276.913 -0.422074 4.43998 0.00153925
277.331 -0.199369 4.44964 0.0448285
278.018 -0.193031 4.45576 2.46822e-08
276.889 -0.332512 4.45929 7.32737e-07
276.934 -0.254605 4.45291 0.000136362
276.9 -0.171 4.44462 0.000143364
277.77 -0.202842 4.43665 1.96599e-11
277.153 -0.39236 4.44281 0.0320611
276.967 -0.0377699 4.45003 2.61272e-05
277.283 0.075672 4.44588 2.02736e-05
276.809 -0.217312 4.44711 1.11876e-05
277.587 -0.259656 4.44166 1.81344e-05
277.265 0.261164 4.46464 4.11443e-08
277.441 -0.55892 4.45369 0.0221878
276.943 -0.295172 4.4624 6.71237e-07
276.866 -0.149382 4.4638 2.51528e-09
277.136 0.0298859 4.45978 2.93139e-05
277.064 -0.177385 4.43475 0.000149019
277.561 -0.210207 4.45357 0.0191322
277.244 -0.397615 4.45731 0.0416817
277.433 -0.913488 4.44316 1.37049e-07
277.596 -0.772561 4.45021 7.49707e-06
276.802 -1.03105 4.46349 1.32572e-19
277.291 -0.275426 4.46246 0.0188014
277.217 -0.298045 4.46008 0.0135199
277.453 -0.320005 4.46393 0.0632119
276.986 -0.721755 4.45713 2.71107e-07
277.892 -0.064378 4.44068 2.30168e-13
277.605 -0.621648 4.44026 1.19728e-06
277.323 -0.5335 4.46305 0.00259864
277.228 -0.486864 4.45702 0.0160264
277.158 -0.396637 4.45636 0.0138796
276.874 -0.322712 4.45483 8.07194e-06
277.023 -0.91334 4.4643 8.87119e-13
277.363 -0.409669 4.47403 2.75875e-05
276.815 -0.643723 4.44827 1.22074e-06
277.294 -0.0116618 4.44834 0.00076479
277.7 -0.552124 4.45401 0.000432511
277.26 -0.567331 4.45516 0.0115637
277.594 -0.329899 4.45601 0.041092
276.464 -0.788296 4.44848 4.83481e-16
277.54 -0.483351 4.46234 0.0245274
276.836 -0.249643 4.44778 3.25198e-05
276.625 -0.396471 4.46557 1.71333e-16
277.068 -0.494723 4.46033 7.44606e-05
277.584 -0.423257 4.45038 0.00684779
277.157 -0.653276 4.44893 0.00234058
277.35 -0.265463 4.45171 0.11743
277.215 -0.0529284 4.45029 0.00255647
276.926 -0.532942 4.45469 1.34566e-05
277.557 -0.671229 4.46406 0.000236396
277.543 -0.437251 4.44973 0.011295
277.36 -0.315915 4.47002 0.001203
277.582 -0.551817 4.4349 5.9105e-08
277.77 -0.210823 4.46308 0.00473655
277.575 -0.394658 4.44828 0.0036973
277.219 0.0413278 4.46352 4.00074e-05
277.001 -0.112327 4.46385 7.15493e-07
277.631 0.04911 4.46232 0.000485429
277.235 -0.470547 4.43369 0.000352483
276.823 -0.19173 4.44031 3.31819e-05
277.535 -0.408847 4.46054 0.07306
277.737 0.0133417 4.45822 6.20872e-05
276.977 -0.165305 4.45476 0.000102187
277.115 -0.364855 4.45533 0.00939336
277.447 -0.732203 4.45668 0.00027099
277.423 0.289718 4.44787 1.83241e-09
277.928 -0.108949 4.46057 8.14452e-06
277.909 -0.650846 4.45533 9.63812e-08
277.413 -0.248851 4.45551 0.134909
277.297 -0.480586 4.46903 0.000102174
277.551 -0.174025 4.45716 0.0357993
277.917 0.0740023 4.4527 6.18088e-10
276.466 -0.270574 4.45647 1.83028e-16
276.888 -0.00283047 4.44547 1.99406e-06
276.716 -0.298276 4.44799 4.02809e-07
277.13 0.197925 4.44563 8.70109e-08
276.936 -0.366271 4.45238 0.000252755
276.992 -0.313576 4.45829 8.06124e-05
277.144 -0.334111 4.46361 0.00036237
277.05 -0.360025 4.46376 1.35779e-05
276.909 0.263172 4.45994 3.1666e-12
277.508 -0.550888 4.45391 0.0145558
277.656 -0.199289 4.43848 3.08255e-08
277.089 -0.40331 4.45266 0.0109078
277.569 -1.02848 4.4367 7.64484e-13
277.702 -1.05026 4.46141 6.05193e-12
277.123 -0.419875 4.45322 0.0164632
277.484 -0.169356 4.45598 0.0497504
276.741 -0.545706 4.4465 9.42008e-07
277.018 -0.305367 4.45139 0.00326052
277.308 -0.367503 4.44622 0.0662752
277.976 -0.605174 4.46713 7.76889e-07
277.183 -0.0825848 4.44263 0.00070322
276.746 -0.696167 4.46805 3.32603e-17
277.121 -0.492619 4.46862 6.07459e-07
277.482 -0.300283 4.46534 0.0503485
277.628 -0.779442 4.45926 8.91598e-06
277.432 -0.0792832 4.45523 0.0134985
277.695 0.379815 4.45496 9.72613e-12
