193.454 25.0319 0.0762629 9.60457e-06
194.198 25.1207 0.0672933 8.86615e-05
193.906 26.0377 0.0691162 1.75578e-10
194.225 25.1851 0.0521766 3.87644e-09
194.03 25.2806 0.0593527 0.000328672
193.984 25.1332 0.0712888 0.00872832
193.81 25.7337 0.0566261 1.42729e-09
193.785 24.9109 0.0884949 8.85318e-12
193.877 24.7977 0.0647363 9.19779e-08
193.621 25.6847 0.0846358 1.4656e-05
194.098 24.857 0.0593914 1.6397e-08
193.907 24.8934 0.0738855 5.39853e-06
193.848 25.4865 0.0775393 0.0358462
193.942 25.3642 0.081646 0.000468935
194.363 25.0667 0.0871579 6.07448e-18
193.864 25.6623 0.0850346 3.04644e-06
193.544 25.4336 0.0708165 0.00746726
193.99 25.3309 0.0797558 0.000884811
194.028 25.128 0.0708189 0.00418738
193.701 25.9974 0.0704755 1.94464e-09
194.323 24.8092 0.0686334 1.78152e-11
194.009 25.6585 0.0538071 1.03561e-09
193.622 25.1691 0.0534847 1.27726e-10
193.637 25.7875 0.0663556 1.10262e-06
193.994 25.1201 0.078548 0.000107045
193.398 25.2298 0.0729048 0.000101172
193.346 24.9313 0.0670573 3.63106e-10
193.752 25.1387 0.0855895 3.18397e-06
194.233 25.0182 0.0855189 5.51232e-14
194.509 25.0831 0.0657663 7.75889e-11
193.996 25.3339 0.0619236 0.00391815
194.03 25.5231 0.0685452 0.0121501
194.319 25.5874 0.0633596 4.1537e-07
193.999 25.358 0.0616671 0.00301861
194.053 24.9699 0.0697114 4.16404e-05
194.498 25.2808 0.0914831 1.88851e-24
193.745 25.2937 0.0710753 0.194543
194.388 25.4592 0.080371 2.60335e-11
194.136 24.4191 0.0630606 1.24074e-19
193.739 25.1592 0.0683134 0.0206513
193.8 25.795 0.0738588 9.64922e-05
194.43 25.4738 0.0595343 6.23265e-09
194.097 25.4836 0.0729588 0.00320902
193.993 25.3184 0.0628251 0.00759116
193.957 25.124 0.0905677 9.37709e-12
193.552 25.477 0.0945133 2.45629e-10
193.998 25.5919 0.0648736 0.00131945
194.445 25.3835 0.0673612 3.38792e-08
194.483 25.2681 0.0698241 1.34427e-09
194.225 25.3614 0.0680416 0.000374227
193.584 25.3204 0.0792869 0.010914
193.858 24.6388 0.0795509 1.28448e-13
194.002 24.7132 0.065662 8.3433e-10
194.344 25.2948 0.0753384 7.02434e-08
194.371 25.3432 0.0755941 1.74661e-08
193.231 25.5631 0.0661625 8.7442e-11
194.278 25.4899 0.077259 2.64917e-07
194.274 25.4934 0.0749832 1.91126e-06
194.113 24.883 0.0894744 2.29814e-17
194.151 25.097 0.0564217 6.79288e-07
194.248 25.0235 0.0701937 8.06915e-07
194.018 25.5542 0.108703 6.28514e-33
193.605 25.9151 0.0801606 7.26113e-08
194.016 25.1204 0.0595463 8.3844e-05
194.048 24.7753 0.0585087 3.76453e-10
194.307 25.2902 0.0612754 4.8679e-06
194.126 25.1061 0.0680789 0.000450677
193.783 25.4702 0.0641914 0.00650278
194.163 25.0618 0.0722535 1.82171e-05
193.507 25.1675 0.0722786 0.00102454
193.817 24.8779 0.0779875 5.14802e-07
194.843 24.6824 0.0818411 2.84923e-38
194.001 25.2245 0.0754073 0.00644401
194.372 25.3228 0.0758907 1.17807e-08
194.026 25.8875 0.0786886 1.93333e-08
193.764 25.3573 0.0725391 0.289846
194.692 24.6587 0.0779423 1.56583e-29
193.853 25.694 0.0715576 0.00227531
193.479 24.5761 0.0797503 2.09467e-16
194.556 25.2944 0.0658731 8.5644e-11
193.766 25.4591 0.062449 0.00128447
193.707 25.266 0.071078 0.116055
194.057 24.672 0.0758936 7.96392e-13
193.708 25.6951 0.0749989 0.00195169
194.051 25.0258 0.0912139 3.46849e-15
194.373 24.7851 0.0584978 4.3346e-13
194.682 25.4472 0.0730568 1.81983e-16
194.215 25.3009 0.0760815 1.37471e-05
194.503 24.9389 0.058565 8.56578e-13
193.86 26.0313 0.0887037 2.39671e-14
193.949 25.7533 0.0821302 1.14659e-06
193.791 25.1312 0.068682 0.0202752
194.623 25.5857 0.0651924 1.01608e-13
194.114 24.9389 0.0566333 2.49615e-08
193.878 25.3255 0.0699859 0.234334
193.135 25.4412 0.0637876 5.22394e-14
194.071 25.2431 0.074078 0.00335231
194.299 24.6912 0.0699286 4.74736e-14
194.075 25.6357 0.0598622 3.92414e-06
193.86 24.9063 0.0893078 4.35006e-13
