-25.0829 -10.2496 0.817848 0.00473267 -25.076 -10.393 0.82137
-25.0557 -10.1495 0.807047 0.204206 -25.076 -10.393 0.82137
-24.9326 -9.80446 0.797603 0.00300121 -25.076 -10.393 0.82137
-24.832 -10.1501 0.818177 4.41861e-06 -25.076 -10.393 0.82137
-25.5952 -10.2336 0.837163 2.53737e-19 -25.076 -10.393 0.82137
-25.3275 -10.0182 0.809866 0.0196861 -25.076 -10.393 0.82137
-25.483 -11.1802 0.826426 6.47111e-15 -25.076 -10.393 0.82137
-25.1671 -9.99684 0.820398 1.18428e-06 -25.076 -10.393 0.82137
-25.3086 -10.0832 0.812626 0.0171217 -25.076 -10.393 0.82137
-25.0838 -10.0304 0.808186 0.113595 -25.076 -10.393 0.82137
-25.3603 -10.5882 0.821357 0.000145482 -25.076 -10.393 0.82137
-25.0647 -9.88159 0.827824 9.65523e-16 -25.076 -10.393 0.82137
-25.9993 -10.3789 0.825744 1.60308e-17 -25.076 -10.393 0.82137
-24.6458 -10.7945 0.808433 5.18984e-14 -25.076 -10.393 0.82137
-24.8157 -10.3246 0.811768 0.000430639 -25.076 -10.393 0.82137
-24.9167 -9.63288 0.809271 2.85469e-08 -25.076 -10.393 0.82137
-24.9986 -9.73517 0.822525 7.11463e-15 -25.076 -10.393 0.82137
-25.0464 -10.3365 0.816727 0.0103447 -25.076 -10.393 0.82137
-24.9379 -10.6729 0.806896 9.22043e-08 -25.076 -10.393 0.82137
-25.2275 -10.1765 0.825156 3.4529e-07 -25.076 -10.393 0.82137
-25.3854 -10.0854 0.823033 1.30294e-07 -25.076 -10.393 0.82137
-24.9562 -10.0987 0.816736 0.000188788 -25.076 -10.393 0.82137
-24.9159 -10.0332 0.82992 1.44041e-15 -25.076 -10.393 0.82137
-25.3375 -10.4817 0.82555 1.65066e-05 -25.076 -10.393 0.82137
-24.8988 -10.0277 0.797675 0.00274515 -25.076 -10.393 0.82137
-24.8882 -9.78883 0.824722 1.08274e-16 -25.076 -10.393 0.82137
-24.9658 -9.83279 0.819695 2.78703e-10 -25.076 -10.393 0.82137
-24.9855 -10.5005 0.833221 5.71673e-11 -25.076 -10.393 0.82137
-25.0689 -9.92966 0.817202 4.64755e-06 -25.076 -10.393 0.82137
-25.3629 -10.4182 0.811259 0.00671471 -25.076 -10.393 0.82137
-26.0322 -10.0141 0.816965 3.4356e-18 -25.076 -10.393 0.82137
-25.192 -10.2515 0.814126 0.0766492 -25.076 -10.393 0.82137
-25.1875 -10.0207 0.819012 1.93898e-05 -25.076 -10.393 0.82137
-24.7277 -10.2067 0.815216 3.41621e-06 -25.076 -10.393 0.82137
-25.1123 -10.0027 0.822953 1.81929e-08 -25.076 -10.393 0.82137
-24.8519 -10.5648 0.822622 1.08882e-06 -25.076 -10.393 0.82137
-24.6347 -9.89104 0.78984 8.23289e-09 -25.076 -10.393 0.82137
-25.4186 -10.045 0.819736 1.83451e-06 -25.076 -10.393 0.82137
-25.2444 -10.292 0.827904 9.81391e-08 -25.076 -10.393 0.82137
-24.8083 -10.415 0.819022 8.31503e-06 -25.076 -10.393 0.82137
-25.2706 -9.85011 0.810452 0.000504853 -25.076 -10.393 0.82137
-24.9329 -9.50423 0.831147 2.43867e-34 -25.076 -10.393 0.82137
-24.9687 -9.73774 0.823039 1.47257e-15 -25.076 -10.393 0.82137
-25.6441 -10.6498 0.823413 1.37215e-08 -25.076 -10.393 0.82137
-25.0648 -10.2431 0.820765 0.00022391 -25.076 -10.393 0.82137
-25.8265 -9.65779 0.80664 3.23891e-14 -25.076 -10.393 0.82137
-24.9078 -10.8158 0.834204 3.85457e-12 -25.076 -10.393 0.82137
-25.385 -10.9201 0.808055 1.76383e-13 -25.076 -10.393 0.82137
-25.4083 -9.89224 0.832907 3.17497e-21 -25.076 -10.393 0.82137
-25.4183 -10.4041 0.832433 1.38655e-10 -25.076 -10.393 0.82137
-25.0241 -9.64002 0.796451 0.000415346 -25.076 -10.393 0.82137
-25.3306 -10.1477 0.833988 1.64411e-15 -25.076 -10.393 0.82137
-25.1879 -10.5084 0.831716 1.16286e-08 -25.076 -10.393 0.82137
-25.3038 -10.4572 0.824301 7.18744e-05 -25.076 -10.393 0.82137
-24.886 -10.5774 0.821841 4.46486e-06 -25.076 -10.393 0.82137
-25.1282 -10.3519 0.814154 0.0574328 -25.076 -10.393 0.82137
-25.5648 -9.53301 0.826111 5.64851e-27 -25.076 -10.393 0.82137
-24.6853 -10.2183 0.832443 2.55474e-18 -25.076 -10.393 0.82137
-25.6302 -10.0013 0.811326 1.6778e-06 -25.076 -10.393 0.82137
-24.8332 -9.97197 0.809822 0.00021961 -25.076 -10.393 0.82137
-25.1775 -9.65758 0.807154 1.09495e-05 -25.076 -10.393 0.82137
-25.221 -9.82669 0.828644 1.16246e-17 -25.076 -10.393 0.82137
-24.9363 -10.5433 0.814091 0.000283741 -25.076 -10.393 0.82137
-24.8574 -10.2723 0.818996 2.49452e-05 -25.076 -10.393 0.82137
-25.5175 -10.4377 0.801031 5.87967e-08 -25.076 -10.393 0.82137
-25.0429 -9.79842 0.82426 1.68416e-14 -25.076 -10.393 0.82137
-25.0041 -10.5091 0.815227 0.0019574 -25.076 -10.393 0.82137
-25.0717 -9.5733 0.813077 5.54527e-11 -25.076 -10.393 0.82137
-25.0283 -10.6992 0.827984 2.36353e-07 -25.076 -10.393 0.82137
-24.9072 -9.78184 0.826511 1.53225e-18 -25.076 -10.393 0.82137
-25.4395 -9.42653 0.833347 2.4459e-40 -25.076 -10.393 0.82137
-24.857 -10.0387 0.826442 6.72877e-13 -25.076 -10.393 0.82137
-25.0329 -10.1136 0.811195 0.0511678 -25.076 -10.393 0.82137
-25.0025 -10.5136 0.824193 1.73164e-05 -25.076 -10.393 0.82137
-24.8877 -9.64842 0.823411 1.69241e-19 -25.076 -10.393 0.82137
-24.5978 -10.2524 0.831845 3.48612e-19 -25.076 -10.393 0.82137
-25.0317 -9.48597 0.815067 2.88488e-15 -25.076 -10.393 0.82137
-25.3958 -9.91124 0.823939 1.44467e-11 -25.076 -10.393 0.82137
-24.7839 -9.79549 0.830576 1.08685e-24 -25.076 -10.393 0.82137
-25.1908 -10.8676 0.8274 6.751e-08 -25.076 -10.393 0.82137
-25.1198 -10.0169 0.815178 0.00113065 -25.076 -10.393 0.82137
-25.485 -9.99253 0.81795 6.58633e-07 -25.076 -10.393 0.82137
-25.2171 -10.8929 0.828611 1.81838e-08 -25.076 -10.393 0.82137
-25.3945 -10.234 0.815576 0.00464327 -25.076 -10.393 0.82137
-25.225 -10.4238 0.81618 0.0199275 -25.076 -10.393 0.82137
-25.4595 -9.9476 0.819456 3.49029e-08 -25.076 -10.393 0.82137
-25.1616 -10.0036 0.804473 0.205976 -25.076 -10.393 0.82137
-25.3407 -10.515 0.819368 0.00105859 -25.076 -10.393 0.82137
-25.0625 -10.3303 0.827604 1.23077e-07 -25.076 -10.393 0.82137
-25.1494 -10.0377 0.823947 1.73858e-08 -25.076 -10.393 0.82137
-25.2603 -10.3313 0.816707 0.0199815 -25.076 -10.393 0.82137
-25.1909 -10.9101 0.814287 2.22507e-09 -25.076 -10.393 0.82137
-25.3096 -9.94674 0.819914 2.11288e-07 -25.076 -10.393 0.82137
-25.2357 -10.1777 0.822919 9.37908e-06 -25.076 -10.393 0.82137
-24.6748 -9.94803 0.829298 6.01021e-21 -25.076 -10.393 0.82137
-25.0639 -10.008 0.803797 0.159455 -25.076 -10.393 0.82137
-25.2326 -10.9494 0.817097 1.569e-09 -25.076 -10.393 0.82137
-24.948 -10.4417 0.801314 1.00385e-05 -25.076 -10.393 0.82137
-25.753 -10.064 0.816215 9.62286e-10 -25.076 -10.393 0.82137
-25.089 -10.2671 0.816449 0.0158479 -25.076 -10.393 0.82137
