27.3097 -83.343 3.84283 1.26715e-09
26.8435 -82.5728 3.84204 2.23932e-05
27.8719 -82.9318 3.86265 1.43184e-05
26.9661 -82.7149 3.84377 0.00218483
26.598 -83.0567 3.84597 1.78326e-12
27.0926 -82.2213 3.82869 6.10204e-14
27.1157 -82.4146 3.85169 2.35101e-05
26.8005 -82.9625 3.8462 5.72594e-07
27.0616 -82.6206 3.85322 0.000147822
27.4149 -82.7796 3.8409 0.000679368
27.1695 -82.5435 3.87078 2.60619e-19
26.8055 -82.9979 3.84155 5.29949e-07
27.4243 -82.5836 3.8588 0.00051542
27.2729 -82.9539 3.84483 0.0144506
26.9613 -82.4614 3.85955 1.96543e-12
26.5386 -82.9309 3.85205 2.64415e-16
26.384 -82.5244 3.83397 5.13003e-15
26.9712 -82.1461 3.84942 1.92397e-11
26.5656 -83.0566 3.84659 1.42665e-13
26.6292 -82.3119 3.84361 1.58271e-12
27.1157 -83.0467 3.86082 1.27788e-08
27.317 -83.0391 3.84416 0.00109122
26.968 -83.2912 3.8308 3.05866e-16
27.3271 -82.5875 3.8464 0.0634386
27.3699 -82.6125 3.84894 0.128584
27.3396 -82.2996 3.83717 2.04712e-08
27.2633 -82.4146 3.85576 1.19503e-05
26.7346 -82.4715 3.82265 2.7227e-16
27.2714 -82.8014 3.84248 0.0194761
27.0765 -82.9652 3.85777 1.18598e-06
26.7647 -81.6633 3.83797 3.68946e-27
27.2571 -82.8943 3.84485 0.039028
26.7398 -82.9066 3.84502 1.54711e-07
27.0688 -82.6524 3.85841 2.56534e-07
27.1142 -83.0953 3.85941 4.16001e-08
27.0516 -82.5379 3.83821 0.000165708
26.7528 -82.5803 3.85987 4.57756e-17
26.2705 -82.2792 3.84488 8.05499e-25
27.0947 -82.7976 3.85255 0.00259284
26.9798 -82.9638 3.84126 0.000111126
26.9835 -82.4174 3.85677 2.96123e-10
26.7692 -82.6994 3.83702 1.2219e-06
27.4493 -82.9731 3.84408 0.00102537
27.384 -82.8695 3.83362 1.6009e-09
27.3214 -82.3008 3.84195 4.07466e-06
27.1629 -82.6842 3.86657 8.56353e-13
26.8989 -82.8096 3.83419 7.65556e-07
27.2507 -82.8586 3.84615 0.104145
26.5412 -83.2912 3.83227 2.43991e-15
27.1475 -82.4089 3.8439 0.000421768
26.5399 -82.4489 3.84722 1.36866e-14
27.3515 -83.1378 3.84655 0.000240019
27.1072 -82.9199 3.86611 5.85757e-13
26.8796 -82.3081 3.84804 5.0913e-09
27.1163 -82.3173 3.84137 7.69074e-06
27.3277 -82.2472 3.84817 2.85953e-06
26.9439 -82.6276 3.84572 0.000570123
27.4402 -82.279 3.84263 4.96869e-07
26.3998 -82.807 3.8429 2.22278e-15
27.1791 -82.6047 3.82687 3.49022e-13
26.43 -82.8902 3.8423 1.19416e-14
26.467 -83.3751 3.86074 1.66579e-30
26.9093 -82.6613 3.85935 1.76475e-11
26.7139 -83.1077 3.85777 1.03861e-16
27.3242 -82.9027 3.85149 0.137741
27.0056 -83.3025 3.849 5.03634e-09
27.5456 -82.9094 3.85597 0.0423218
26.9537 -82.1403 3.84874 1.44585e-11
27.3561 -82.596 3.84615 0.0576751
26.9955 -82.44 3.85639 2.1155e-09
27.0819 -82.4935 3.86464 2.1381e-14
27.6712 -83.3449 3.84444 3.13127e-12
27.1631 -82.9156 3.86383 1.60533e-09
27.6026 -82.7435 3.84556 0.0014339
26.5038 -83.0815 3.84433 6.46418e-15
27.2613 -83.2187 3.85542 5.56608e-06
27.0161 -82.0772 3.84035 3.03258e-11
27.3461 -83.0718 3.84732 0.00295433
27.2468 -82.6822 3.84909 0.170226
27.1709 -82.2532 3.85894 1.08406e-11
26.7092 -82.5207 3.84761 1.61906e-09
27.3081 -82.356 3.81728 5.08028e-30
27.0491 -82.5089 3.84827 0.000563391
27.2814 -82.3366 3.8331 3.76161e-10
26.4919 -82.2637 3.84427 2.98591e-17
27.3302 -82.8101 3.84639 0.167803
26.7439 -82.2435 3.83843 9.45813e-11
26.9888 -82.7995 3.83194 6.15697e-08
27.2 -82.515 3.86278 6.17889e-10
27.3646 -82.6824 3.82822 3.31149e-14
27.2519 -83.0298 3.84836 0.00983798
27.3999 -83.3656 3.83939 6.33843e-13
26.327 -82.4582 3.84867 8.07399e-23
27.0457 -82.9818 3.85028 0.000447957
27.1599 -83.0475 3.8412 8.55854e-05
26.8378 -81.7127 3.82338 1.64774e-30
27.6837 -82.5187 3.85427 0.000574132
27.2579 -82.5183 3.85031 0.0120507
27.3177 -82.9556 3.8548 0.0173187
26.7157 -82.9216 3.85261 3.07483e-11
