121.07 18.5963 0.0698079 0.0303847 120.81 18.968 0.070474
120.589 18.7853 0.0578765 0.000693692 120.81 18.968 0.070474
120.496 18.9981 0.0640339 0.000109843 120.81 18.968 0.070474
120.686 18.3432 0.0619809 0.00370463 120.81 18.968 0.070474
120.637 18.8698 0.0666703 0.0174271 120.81 18.968 0.070474
121.132 18.778 0.0902145 1.71379e-09 120.81 18.968 0.070474
120.97 19.1296 0.0783957 7.58032e-06 120.81 18.968 0.070474
120.688 19.2422 0.0648812 3.73549e-06 120.81 18.968 0.070474
120.86 19.0395 0.0614117 0.00105516 120.81 18.968 0.070474
120.786 18.4526 0.0845418 0.000100649 120.81 18.968 0.070474
121.376 18.8951 0.047455 1.37511e-07 120.81 18.968 0.070474
120.964 18.4364 0.0508067 0.000209789 120.81 18.968 0.070474
120.518 19.0477 0.0537998 1.06755e-07 120.81 18.968 0.070474
121.03 19.0684 0.0676314 0.000512007 120.81 18.968 0.070474
120.509 18.8705 0.0774738 0.00193228 120.81 18.968 0.070474
120.858 18.5295 0.0584284 0.0261173 120.81 18.968 0.070474
120.994 18.7293 0.0823306 0.000153714 120.81 18.968 0.070474
120.946 18.7049 0.0549652 0.00634867 120.81 18.968 0.070474
121.32 19.5089 0.0643521 4.00379e-13 120.81 18.968 0.070474
121.157 19.3101 0.0705179 2.94329e-08 120.81 18.968 0.070474
121.191 18.9426 0.0738412 7.19147e-05 120.81 18.968 0.070474
120.656 18.9152 0.0624252 0.00371633 120.81 18.968 0.070474
120.674 18.9079 0.0839484 0.000146367 120.81 18.968 0.070474
120.841 18.9409 0.0820494 0.000166024 120.81 18.968 0.070474
120.291 18.9253 0.0721809 1.91486e-05 120.81 18.968 0.070474
120.745 18.7698 0.0624379 0.0483972 120.81 18.968 0.070474
121.198 19.3614 0.079076 2.64944e-11 120.81 18.968 0.070474
120.407 18.7315 0.062896 0.000254016 120.81 18.968 0.070474
120.279 19.298 0.097925 2.28353e-15 120.81 18.968 0.070474
120.942 19.086 0.0577683 8.91809e-05 120.81 18.968 0.070474
121.082 19.1447 0.0704245 2.37567e-05 120.81 18.968 0.070474
121.411 18.8861 0.0806714 1.45357e-09 120.81 18.968 0.070474
120.921 19.0465 0.0629048 0.00130091 120.81 18.968 0.070474
120.162 18.7497 0.0771498 2.46818e-06 120.81 18.968 0.070474
120.87 18.2415 0.0612066 0.0013286 120.81 18.968 0.070474
121.127 19.0115 0.07283 0.000123832 120.81 18.968 0.070474
120.931 18.6232 0.0794517 0.00321196 120.81 18.968 0.070474
120.633 18.8176 0.0799092 0.00384205 120.81 18.968 0.070474
120.742 18.7458 0.0666295 0.131065 120.81 18.968 0.070474
120.728 18.8846 0.0804894 0.00162698 120.81 18.968 0.070474
121.032 18.9791 0.0736742 0.000833375 120.81 18.968 0.070474
121.196 18.9383 0.0586769 0.000350879 120.81 18.968 0.070474
121.305 18.6756 0.0773684 3.97961e-06 120.81 18.968 0.070474
120.867 19.2002 0.0813722 5.58362e-07 120.81 18.968 0.070474
121.328 19.8335 0.0817681 1.16852e-24 120.81 18.968 0.070474
120.744 18.8939 0.0774516 0.00610643 120.81 18.968 0.070474
120.591 19.2005 0.077567 4.11854e-06 120.81 18.968 0.070474
120.779 18.2397 0.0583772 0.000315267 120.81 18.968 0.070474
121.034 18.8472 0.0717879 0.0104879 120.81 18.968 0.070474
121.134 19.0025 0.0783329 7.47868e-06 120.81 18.968 0.070474
121.106 18.8079 0.0699043 0.00880865 120.81 18.968 0.070474
121.393 18.9771 0.0807381 6.99171e-10 120.81 18.968 0.070474
120.951 18.8103 0.0640072 0.0640581 120.81 18.968 0.070474
120.961 19.3292 0.0737724 1.08748e-07 120.81 18.968 0.070474
120.425 18.4019 0.0611823 4.94152e-05 120.81 18.968 0.070474
120.956 19.1762 0.0550486 1.74508e-06 120.81 18.968 0.070474
120.621 19.1393 0.0882522 5.27461e-08 120.81 18.968 0.070474
121.187 19.2017 0.0617772 1.24971e-06 120.81 18.968 0.070474
120.317 19.0716 0.0721868 2.3011e-06 120.81 18.968 0.070474
121.11 19.1462 0.0663969 2.62546e-05 120.81 18.968 0.070474
120.851 18.6536 0.0618766 0.111388 120.81 18.968 0.070474
120.875 18.7544 0.067171 0.158909 120.81 18.968 0.070474
120.949 18.9442 0.0625346 0.00848322 120.81 18.968 0.070474
120.5 18.3753 0.0738826 0.0016112 120.81 18.968 0.070474
120.756 18.9223 0.0749074 0.00996626 120.81 18.968 0.070474
120.996 18.5555 0.0687171 0.0787112 120.81 18.968 0.070474
120.781 19.3012 0.0809181 4.82077e-08 120.81 18.968 0.070474
120.514 18.6105 0.0624129 0.00310657 120.81 18.968 0.070474
121.204 19.206 0.0560155 1.76903e-07 120.81 18.968 0.070474
120.444 19.6845 0.0774911 4.52932e-16 120.81 18.968 0.070474
120.956 18.9177 0.0777537 0.000987293 120.81 18.968 0.070474
120.614 18.8839 0.0700863 0.0152098 120.81 18.968 0.070474
120.892 18.862 0.0815309 0.000416789 120.81 18.968 0.070474
120.914 19.0928 0.0539994 9.23667e-06 120.81 18.968 0.070474
120.739 18.9885 0.0483583 2.05637e-07 120.81 18.968 0.070474
120.6 18.4405 0.0651301 0.0112935 120.81 18.968 0.070474
121.171 19.4069 0.0618689 7.88923e-10 120.81 18.968 0.070474
121.091 19.0684 0.0701085 0.000154539 120.81 18.968 0.070474
120.41 18.8364 0.070288 0.000965321 120.81 18.968 0.070474
121.214 18.9342 0.0591672 0.00031771 120.81 18.968 0.070474
120.9 18.4829 0.0731074 0.0380525 120.81 18.968 0.070474
120.807 19.4392 0.084013 2.42631e-11 120.81 18.968 0.070474
120.9 18.7808 0.0629699 0.0820393 120.81 18.968 0.070474
120.83 19.0493 0.0640082 0.00157172 120.81 18.968 0.070474
120.924 19.6216 0.0850082 4.76571e-16 120.81 18.968 0.070474
120.545 18.9211 0.0764824 0.00196386 120.81 18.968 0.070474
120.606 18.8988 0.0725481 0.010408 120.81 18.968 0.070474
121.371 18.9058 0.0832718 4.25252e-10 120.81 18.968 0.070474
121.174 18.9284 0.0802425 2.5782e-06 120.81 18.968 0.070474
120.285 18.6058 0.0722826 0.000130891 120.81 18.968 0.070474
119.986 19.408 0.0513573 2.17503e-23 120.81 18.968 0.070474
120.965 18.7164 0.0715759 0.0651414 120.81 18.968 0.070474
120.501 18.977 0.0754647 0.000566421 120.81 18.968 0.070474
121.117 18.9777 0.0700578 0.000690484 120.81 18.968 0.070474
120.519 19.0912 0.0803335 1.50594e-05 120.81 18.968 0.070474
121.344 18.884 0.0628982 6.08168e-05 120.81 18.968 0.070474
121.663 19.254 0.0846466 3.22004e-20 120.81 18.968 0.070474
120.477 18.6037 0.0571188 6.92432e-05 120.81 18.968 0.070474
120.886 19.2113 0.0717081 1.91835e-05 120.81 18.968 0.070474
121.05 18.8429 0.0646358 0.0225332 120.81 18.968 0.070474
