-2.79557 2.14458 0.363842 0.00147993 -3.0656 2.1818 0.3568
-3.64689 2.22975 0.365442 2.90841e-15 -3.0656 2.1818 0.3568
-3.05125 1.95544 0.368873 6.12443e-05 -3.0656 2.1818 0.3568
-2.51305 2.19478 0.351163 0.00614463 -3.0656 2.1818 0.3568
-3.42314 2.29345 0.361467 6.99026e-10 -3.0656 2.1818 0.3568
-3.00032 1.82785 0.361631 0.00860758 -3.0656 2.1818 0.3568
-3.06023 2.06025 0.358804 0.0314449 -3.0656 2.1818 0.3568
-3.14782 2.2231 0.352904 0.00016664 -3.0656 2.1818 0.3568
-2.96213 1.95168 0.361168 0.0551136 -3.0656 2.1818 0.3568
-3.09662 1.99921 0.338194 5.70631e-10 -3.0656 2.1818 0.3568
-3.04441 1.56138 0.362821 1.06699e-06 -3.0656 2.1818 0.3568
-3.0848 1.9302 0.366828 0.000314161 -3.0656 2.1818 0.3568
-3.59941 2.33389 0.367156 1.92139e-15 -3.0656 2.1818 0.3568
-2.89922 2.49306 0.359665 9.04892e-07 -3.0656 2.1818 0.3568
-3.50003 2.24043 0.347662 2.38957e-15 -3.0656 2.1818 0.3568
-3.1036 1.87338 0.355346 0.00474613 -3.0656 2.1818 0.3568
-3.30934 2.14039 0.354063 1.05715e-06 -3.0656 2.1818 0.3568
-2.75241 1.40194 0.365463 2.04203e-11 -3.0656 2.1818 0.3568
-2.94914 2.00076 0.359377 0.147326 -3.0656 2.1818 0.3568
-3.10697 2.16294 0.345051 4.9036e-06 -3.0656 2.1818 0.3568
-2.95083 2.04881 0.359943 0.103202 -3.0656 2.1818 0.3568
-2.65269 1.68612 0.363675 3.54814e-06 -3.0656 2.1818 0.3568
-2.96443 1.72959 0.342516 5.30139e-07 -3.0656 2.1818 0.3568
-3.49806 1.99223 0.343338 1.95659e-17 -3.0656 2.1818 0.3568
-3.79926 2.0245 0.342157 2.50063e-31 -3.0656 2.1818 0.3568
-3.2065 1.98427 0.35278 0.000118939 -3.0656 2.1818 0.3568
-2.62743 2.14439 0.365039 8.7485e-06 -3.0656 2.1818 0.3568
-3.04012 1.96315 0.37434 3.42049e-08 -3.0656 2.1818 0.3568
-3.0303 2.37612 0.345456 1.00328e-06 -3.0656 2.1818 0.3568
-3.58216 2.13317 0.356676 2.08807e-13 -3.0656 2.1818 0.3568
-2.84931 1.99883 0.359553 0.180371 -3.0656 2.1818 0.3568
-3.35236 2.23547 0.352531 8.07591e-09 -3.0656 2.1818 0.3568
-2.70188 2.35768 0.363099 2.45286e-06 -3.0656 2.1818 0.3568
-3.4125 2.4771 0.369202 2.13412e-14 -3.0656 2.1818 0.3568
-2.83571 2.1695 0.367266 3.11215e-05 -3.0656 2.1818 0.3568
-3.16286 2.05341 0.36172 0.00142976 -3.0656 2.1818 0.3568
-3.20806 1.55661 0.355103 1.01772e-08 -3.0656 2.1818 0.3568
-3.32569 1.88108 0.357922 2.26822e-06 -3.0656 2.1818 0.3568
-3.1537 2.05539 0.348041 3.23657e-05 -3.0656 2.1818 0.3568
-3.71431 1.84057 0.37522 3.35423e-18 -3.0656 2.1818 0.3568
-3.51319 1.27481 0.370776 9.15063e-22 -3.0656 2.1818 0.3568
-3.04769 1.86195 0.349887 0.00162482 -3.0656 2.1818 0.3568
-2.64499 2.09966 0.367455 9.06399e-07 -3.0656 2.1818 0.3568
-3.19457 1.99888 0.367968 1.97645e-05 -3.0656 2.1818 0.3568
-2.81496 1.65634 0.357541 0.00085785 -3.0656 2.1818 0.3568
-3.47706 2.06494 0.347266 6.37344e-14 -3.0656 2.1818 0.3568
-2.60217 1.54109 0.363427 4.48852e-09 -3.0656 2.1818 0.3568
-3.41569 1.75101 0.361674 4.6025e-09 -3.0656 2.1818 0.3568
-3.11385 2.27889 0.353561 0.000182053 -3.0656 2.1818 0.3568
-3.22095 2.83551 0.345908 2.3477e-21 -3.0656 2.1818 0.3568
-2.8513 2.28771 0.337868 2.65569e-07 -3.0656 2.1818 0.3568
-2.99671 2.1413 0.34323 4.62543e-05 -3.0656 2.1818 0.3568
-2.93229 2.15392 0.362639 0.00768353 -3.0656 2.1818 0.3568
-2.76172 2.19236 0.349239 0.111048 -3.0656 2.1818 0.3568
-3.47366 2.46715 0.372622 9.08924e-17 -3.0656 2.1818 0.3568
-3.2852 2.02537 0.358697 3.37204e-05 -3.0656 2.1818 0.3568
-2.69784 1.56483 0.346425 1.76244e-06 -3.0656 2.1818 0.3568
-2.93254 2.00065 0.372681 2.49477e-07 -3.0656 2.1818 0.3568
-3.29336 1.9198 0.35269 1.30368e-06 -3.0656 2.1818 0.3568
-2.84514 2.27367 0.359839 0.00360697 -3.0656 2.1818 0.3568
-3.23679 2.26023 0.354999 4.95638e-06 -3.0656 2.1818 0.3568
-2.98228 2.44766 0.370942 4.87713e-11 -3.0656 2.1818 0.3568
-3.5098 2.6196 0.351464 2.03982e-20 -3.0656 2.1818 0.3568
-3.15832 2.24315 0.355323 0.00015984 -3.0656 2.1818 0.3568
-3.05283 2.5067 0.366376 7.25455e-10 -3.0656 2.1818 0.3568
-3.15486 2.29367 0.373997 1.23066e-10 -3.0656 2.1818 0.3568
-3.35557 1.85488 0.364958 3.40984e-07 -3.0656 2.1818 0.3568
-2.91753 2.70057 0.361095 1.30745e-12 -3.0656 2.1818 0.3568
-3.50398 2.22501 0.346297 3.42537e-16 -3.0656 2.1818 0.3568
-3.44223 2.45937 0.344724 3.33655e-18 -3.0656 2.1818 0.3568
-2.83484 1.87484 0.361981 0.0182208 -3.0656 2.1818 0.3568
-3.70959 2.12079 0.356766 8.62168e-18 -3.0656 2.1818 0.3568
-3.46719 2.00715 0.340799 2.08534e-18 -3.0656 2.1818 0.3568
-2.82487 1.50529 0.345329 1.73828e-08 -3.0656 2.1818 0.3568
-3.20729 2.436 0.349626 3.25389e-09 -3.0656 2.1818 0.3568
-3.3604 2.57146 0.367605 3.65054e-15 -3.0656 2.1818 0.3568
-3.29285 2.31757 0.368106 3.79691e-09 -3.0656 2.1818 0.3568
-2.62422 1.9861 0.34996 0.208017 -3.0656 2.1818 0.3568
-2.92965 2.21773 0.362965 0.00173757 -3.0656 2.1818 0.3568
-3.48654 2.1282 0.358708 4.14033e-10 -3.0656 2.1818 0.3568
-3.48705 1.90281 0.343606 3.25776e-17 -3.0656 2.1818 0.3568
-3.25256 1.63976 0.365128 8.24021e-08 -3.0656 2.1818 0.3568
-3.00235 2.12502 0.355086 0.069525 -3.0656 2.1818 0.3568
-2.77377 2.87986 0.363767 2.17557e-20 -3.0656 2.1818 0.3568
-2.99107 1.35987 0.342138 1.07621e-15 -3.0656 2.1818 0.3568
-2.82468 1.85186 0.345094 0.00403142 -3.0656 2.1818 0.3568
-3.14242 1.85954 0.354774 0.000996455 -3.0656 2.1818 0.3568
-3.12143 2.14385 0.369948 2.14423e-06 -3.0656 2.1818 0.3568
-3.13185 2.69544 0.337634 7.55298e-20 -3.0656 2.1818 0.3568
-2.4823 1.83184 0.346764 0.00129375 -3.0656 2.1818 0.3568
-3.32631 2.22237 0.365723 1.02041e-07 -3.0656 2.1818 0.3568
-3.11115 2.2525 0.371377 3.1606e-08 -3.0656 2.1818 0.3568
-3.52517 1.6904 0.374195 1.91647e-14 -3.0656 2.1818 0.3568
-3.44863 1.98126 0.360615 1.37494e-08 -3.0656 2.1818 0.3568
-3.19579 2.43773 0.359721 6.77837e-08 -3.0656 2.1818 0.3568
-2.83169 2.41007 0.347469 0.000102192 -3.0656 2.1818 0.3568
-2.61267 2.04177 0.361056 0.00155095 -3.0656 2.1818 0.3568
-2.91038 2.47205 0.340205 3.43736e-09 -3.0656 2.1818 0.3568
-3.26643 2.04401 0.370291 3.23626e-07 -3.0656 2.1818 0.3568
-2.87716 2.19904 0.359354 0.0286326 -3.0656 2.1818 0.3568
