59.7362 13.2189 0.13034 0.00445995
59.4705 13.696 0.135416 0.0037492
59.7186 13.0007 0.134029 9.49141e-05
59.4791 13.7853 0.132314 0.000386314
58.981 13.8568 0.12305 4.05886e-11
59.3969 13.4596 0.115635 2.6336e-07
59.4359 13.4487 0.124979 0.012126
59.3981 13.1081 0.140738 0.0029032
59.61 13.3054 0.126754 0.0271222
59.4993 13.6953 0.147673 4.75005e-07
58.8273 13.8042 0.12694 6.66318e-11
59.4184 13.7277 0.117584 2.89121e-08
59.235 13.3183 0.128665 0.0342469
59.8919 13.4202 0.116335 1.36251e-07
59.9453 13.5197 0.149638 5.38939e-14
59.4322 13.5571 0.119343 1.49849e-05
59.8943 13.4161 0.148843 4.15008e-12
59.172 13.4224 0.138567 0.0505981
59.9335 13.2432 0.11222 6.75715e-10
59.1264 13.8535 0.129714 1.42951e-06
58.9173 13.3158 0.128267 1.21267e-05
59.5174 13.0519 0.121646 0.000176655
59.7003 13.2845 0.117514 1.32776e-05
59.3567 14.0745 0.103656 2.28534e-27
59.4472 13.2081 0.12441 0.0091729
59.6252 13.9404 0.148665 6.41089e-12
59.5915 13.3088 0.131265 0.0800514
59.8073 13.2126 0.127103 0.000701012
59.6725 13.3264 0.108751 3.63942e-11
59.6257 13.5488 0.13026 0.0120024
59.9239 13.4632 0.107189 8.96019e-14
59.9319 13.3604 0.129497 3.49817e-05
59.8088 13.5479 0.117882 6.61399e-07
59.1868 13.545 0.123398 5.21881e-05
59.4768 13.3687 0.135129 0.17783
60.0435 13.3034 0.110172 3.15962e-12
59.0704 13.2247 0.13821 0.00812198
58.9574 13.1281 0.146742 4.02976e-06
59.4378 13.7404 0.110986 4.18882e-13
59.1245 13.2332 0.152659 1.1063e-07
59.5768 13.1998 0.142766 0.000181893
59.5334 14.0064 0.1401 1.36979e-08
59.6105 13.0305 0.123394 0.000295535
59.3139 13.4474 0.130912 0.125923
59.1513 13.1259 0.113869 7.00658e-11
59.6055 13.4918 0.130807 0.0327339
59.8044 13.4874 0.127793 0.000607176
60.0777 13.0576 0.118349 1.03576e-09
59.2603 13.8005 0.119159 2.78514e-09
59.5165 13.3708 0.128768 0.107129
59.1831 13.6224 0.110759 2.11157e-14
59.4864 14.1767 0.137844 1.75717e-11
59.2504 13.1954 0.13028 0.0421275
59.1326 14.2822 0.122508 1.02162e-18
59.2025 13.0299 0.14678 5.2718e-06
59.661 13.2136 0.136187 0.00445471
60.053 13.3981 0.0990521 7.70529e-22
59.4221 14.1162 0.11885 1.86306e-14
59.1243 13.5385 0.138849 0.0113654
59.7683 13.2266 0.125385 0.00114524
59.4392 13.4668 0.13915 0.0389311
59.8133 13.2785 0.136025 0.000153215
59.2279 13.5396 0.138195 0.035386
58.7593 13.2267 0.127165 5.13441e-09
60.2856 13.5712 0.121314 5.32983e-13
59.053 13.5982 0.11157 2.18019e-15
59.7021 13.4094 0.132412 0.0108373
59.7714 13.9049 0.108938 6.49494e-17
59.6278 13.3001 0.130575 0.0475485
60.0319 13.8545 0.128156 1.24559e-10
59.4971 13.5322 0.1339 0.0637304
59.3778 13.6165 0.114354 1.99956e-09
59.1055 13.5959 0.135152 0.00470268
59.5057 13.5552 0.144566 0.000125553
59.5031 13.7745 0.124605 1.88996e-05
59.8779 13.1438 0.147133 1.86299e-11
59.422 13.5752 0.120231 2.8526e-05
59.7963 13.5142 0.143561 2.61308e-07
59.4506 13.3506 0.118346 3.99456e-05
59.5288 13.767 0.112264 4.90416e-12
59.6067 13.5721 0.14618 2.03171e-06
59.2125 13.0687 0.1314 0.00628511
59.7188 13.8361 0.108462 5.25509e-16
58.8442 13.2419 0.11865 3.90154e-12
59.3389 13.4421 0.124138 0.00358243
60.1141 13.5496 0.136968 1.18138e-10
59.1015 13.7446 0.128995 1.51848e-05
59.8168 13.8485 0.121497 5.87731e-09
59.921 13.4306 0.126798 3.45914e-05
59.9799 12.8983 0.121417 4.20495e-09
59.5552 13.694 0.143209 1.94543e-05
59.7799 13.7015 0.131223 3.48863e-05
59.1534 13.9551 0.116103 4.42979e-15
59.4537 13.0595 0.13493 0.0119434
59.3025 12.9438 0.135367 0.000851604
59.817 13.1737 0.142522 1.86443e-07
59.6502 12.6304 0.138523 4.73612e-11
60.0015 13.5698 0.115654 6.45634e-10
59.1948 13.5661 0.135934 0.0258815
59.8164 13.8252 0.128457 3.59595e-07
