189.518 24.0965 0.061793 9.21241e-06 189.59 24.218 0.074028
189.982 23.857 0.0519987 1.44299e-12 189.59 24.218 0.074028
189.647 24.4216 0.079834 0.015051 189.59 24.218 0.074028
189.847 23.7557 0.0554567 2.43334e-11 189.59 24.218 0.074028
189.398 24.2882 0.0619995 2.90686e-07 189.59 24.218 0.074028
189.733 24.0164 0.0770691 0.0852385 189.59 24.218 0.074028
189.722 24.0272 0.0718537 0.115383 189.59 24.218 0.074028
190.196 24.3601 0.0477207 6.58147e-16 189.59 24.218 0.074028
189.855 25.0538 0.0661706 5.9557e-17 189.59 24.218 0.074028
189.331 24.2381 0.0665396 9.37223e-06 189.59 24.218 0.074028
189.699 24.1314 0.0682046 0.0713098 189.59 24.218 0.074028
189.801 24.4233 0.0826712 0.000469483 189.59 24.218 0.074028
189.507 24.8685 0.0541092 2.93404e-20 189.59 24.218 0.074028
189.531 24.0264 0.0810425 0.0252366 189.59 24.218 0.074028
189.066 24.0668 0.0587549 2.69911e-17 189.59 24.218 0.074028
189.563 24.2276 0.0737439 0.246905 189.59 24.218 0.074028
189.522 23.6856 0.0803981 1.40599e-06 189.59 24.218 0.074028
189.55 23.8874 0.0643766 1.06524e-05 189.59 24.218 0.074028
189.874 24.0278 0.0606232 3.62767e-05 189.59 24.218 0.074028
189.503 23.9023 0.0692561 0.000412443 189.59 24.218 0.074028
189.557 24.2689 0.0708897 0.0721596 189.59 24.218 0.074028
189.556 24.4083 0.0592576 1.10592e-07 189.59 24.218 0.074028
189.422 24.1676 0.0668776 0.000311682 189.59 24.218 0.074028
189.667 24.1944 0.0581895 1.61825e-06 189.59 24.218 0.074028
189.202 24.3111 0.058213 4.82372e-14 189.59 24.218 0.074028
189.377 23.9803 0.0663613 6.47093e-06 189.59 24.218 0.074028
189.745 24.542 0.0712914 0.00114396 189.59 24.218 0.074028
189.057 25.1018 0.0592027 6.22379e-33 189.59 24.218 0.074028
189.488 24.0555 0.0654094 0.000201958 189.59 24.218 0.074028
189.178 23.973 0.0732936 6.03028e-07 189.59 24.218 0.074028
190.198 24.2867 0.076352 6.95457e-07 189.59 24.218 0.074028
190.172 24.1356 0.0567116 7.49521e-09 189.59 24.218 0.074028
189.544 24.5836 0.0747836 0.000233105 189.59 24.218 0.074028
190.017 24.6119 0.0688176 1.1641e-06 189.59 24.218 0.074028
189.298 23.968 0.0628086 2.99794e-09 189.59 24.218 0.074028
189.259 24.7754 0.078343 1.09705e-10 189.59 24.218 0.074028
189.035 24.4591 0.0685518 1.41934e-12 189.59 24.218 0.074028
189.437 24.151 0.0552695 1.86269e-11 189.59 24.218 0.074028
189.146 24.8724 0.0629587 1.43093e-20 189.59 24.218 0.074028
189.352 24.4872 0.0683191 2.4119e-06 189.59 24.218 0.074028
189.56 24.4321 0.0739329 0.0186188 189.59 24.218 0.074028
190.404 24.7117 0.0707188 8.70361e-16 189.59 24.218 0.074028
189.295 23.9437 0.0734933 3.91366e-05 189.59 24.218 0.074028
189.691 23.6856 0.0615959 2.86424e-09 189.59 24.218 0.074028
189.719 23.989 0.0582024 5.51521e-07 189.59 24.218 0.074028
189.332 24.3298 0.0648646 6.63961e-07 189.59 24.218 0.074028
189.702 24.3739 0.0541577 6.76112e-10 189.59 24.218 0.074028
189.583 24.4072 0.0732787 0.0345771 189.59 24.218 0.074028
190.282 24.4995 0.0612863 1.86149e-10 189.59 24.218 0.074028
189.405 24.1171 0.0610137 1.08744e-07 189.59 24.218 0.074028
189.466 24.1357 0.0694278 0.00692264 189.59 24.218 0.074028
190.092 23.8817 0.0574177 2.15216e-09 189.59 24.218 0.074028
190.167 23.9566 0.0781017 1.35495e-07 189.59 24.218 0.074028
189.555 23.9751 0.0598822 2.98172e-07 189.59 24.218 0.074028
189.634 23.83 0.0687961 0.000258282 189.59 24.218 0.074028
189.548 24.5729 0.0525126 4.41967e-15 189.59 24.218 0.074028
189.872 24.1516 0.0689369 0.0508523 189.59 24.218 0.074028
189.657 24.0236 0.0560041 1.15882e-08 189.59 24.218 0.074028
189.218 23.9598 0.0795029 1.32657e-05 189.59 24.218 0.074028
189.484 24.2555 0.0715829 0.0318947 189.59 24.218 0.074028
189.697 24.382 0.0609328 2.06527e-05 189.59 24.218 0.074028
189.141 23.2865 0.084755 5.91492e-22 189.59 24.218 0.074028
189.286 23.8916 0.0688705 3.54311e-07 189.59 24.218 0.074028
189.288 23.7207 0.0685601 8.6885e-10 189.59 24.218 0.074028
189.522 24.2394 0.0755071 0.180834 189.59 24.218 0.074028
189.949 24.2691 0.0633149 0.000555671 189.59 24.218 0.074028
189.69 24.7824 0.0622237 7.56254e-11 189.59 24.218 0.074028
189.443 23.9785 0.061266 1.03056e-07 189.59 24.218 0.074028
190.021 23.6706 0.0644079 2.85124e-09 189.59 24.218 0.074028
189.722 24.4928 0.0641457 7.085e-05 189.59 24.218 0.074028
189.584 23.8907 0.0677191 0.000416928 189.59 24.218 0.074028
189.844 24.4662 0.0579119 1.39855e-07 189.59 24.218 0.074028
189.446 24.078 0.0656876 0.000112845 189.59 24.218 0.074028
189.58 23.9615 0.0788022 0.0251104 189.59 24.218 0.074028
189.559 24.23 0.0616221 2.61814e-05 189.59 24.218 0.074028
189.646 24.6006 0.0662651 8.07446e-06 189.59 24.218 0.074028
189.8 24.0689 0.0557108 6.94922e-08 189.59 24.218 0.074028
189.199 24.3109 0.0626335 8.36989e-11 189.59 24.218 0.074028
189.877 24.6587 0.0509441 1.84666e-15 189.59 24.218 0.074028
189.432 24.189 0.0454909 6.52535e-22 189.59 24.218 0.074028
189.455 24.3888 0.0788556 0.0106417 189.59 24.218 0.074028
189.576 23.787 0.0557621 3.21954e-12 189.59 24.218 0.074028
190.001 24.3897 0.088615 1.74892e-09 189.59 24.218 0.074028
189.729 24.087 0.0856607 0.000754415 189.59 24.218 0.074028
189.176 23.9703 0.0714183 1.44381e-07 189.59 24.218 0.074028
189.187 23.8635 0.0624997 6.48802e-13 189.59 24.218 0.074028
190.251 24.3587 0.0684213 2.1826e-07 189.59 24.218 0.074028
189.458 24.4354 0.0650983 9.81213e-06 189.59 24.218 0.074028
189.315 23.994 0.0731719 0.000176933 189.59 24.218 0.074028
189.897 24.5791 0.0631772 1.41959e-06 189.59 24.218 0.074028
189.084 24.578 0.0791576 4.7796e-10 189.59 24.218 0.074028
190.11 24.6196 0.0671117 3.81094e-08 189.59 24.218 0.074028
189.594 24.1636 0.0651 0.0026801 189.59 24.218 0.074028
189.751 23.7672 0.0689052 4.69905e-05 189.59 24.218 0.074028
189.442 24.3288 0.0651356 4.04638e-05 189.59 24.218 0.074028
189.88 23.9909 0.0574355 3.53057e-07 189.59 24.218 0.074028
189.545 24.2835 0.0655057 0.00115984 189.59 24.218 0.074028
189.306 24.1516 0.067332 8.61497e-06 189.59 24.218 0.074028
190.207 24.2544 0.0751501 1.11278e-06 189.59 24.218 0.074028
190.008 23.9395 0.0622957 7.57919e-06 189.59 24.218 0.074028
