57.5377 13.7844 0.126217 5.58668e-10 57.428 14.168 0.11076
57.5717 13.9013 0.109929 0.00846736 57.428 14.168 0.11076
57.3912 13.7676 0.122045 3.92913e-06 57.428 14.168 0.11076
57.5897 14.4382 0.10888 0.00021867 57.428 14.168 0.11076
57.3278 14.5601 0.116257 0.000416789 57.428 14.168 0.11076
57.5608 14.869 0.123922 6.24435e-13 57.428 14.168 0.11076
56.557 13.6579 0.106581 5.7462e-17 57.428 14.168 0.11076
57.1628 14.3948 0.114986 0.0155741 57.428 14.168 0.11076
57.3351 14.1566 0.12463 0.00050081 57.428 14.168 0.11076
57.0502 13.8117 0.110901 0.000335429 57.428 14.168 0.11076
57.1714 14.3184 0.111468 0.0222258 57.428 14.168 0.11076
57.6057 14.1208 0.114192 0.0140784 57.428 14.168 0.11076
57.4339 13.982 0.104913 0.00898132 57.428 14.168 0.11076
57.4562 13.931 0.116664 0.0126883 57.428 14.168 0.11076
57.4106 13.5454 0.11736 5.03973e-08 57.428 14.168 0.11076
56.8451 14.3225 0.12234 3.26463e-05 57.428 14.168 0.11076
57.7645 13.8987 0.126355 2.54118e-12 57.428 14.168 0.11076
57.8869 14.2112 0.12083 1.93124e-09 57.428 14.168 0.11076
57.3848 14.2833 0.114601 0.142092 57.428 14.168 0.11076
57.2755 13.7023 0.110182 0.000393253 57.428 14.168 0.11076
56.8275 13.9461 0.110151 1.86954e-06 57.428 14.168 0.11076
57.6379 14.0743 0.110247 0.0109898 57.428 14.168 0.11076
57.4065 13.9772 0.125612 5.58817e-06 57.428 14.168 0.11076
57.4946 14.2003 0.12774 2.93132e-07 57.428 14.168 0.11076
57.0649 14.5382 0.10454 7.5667e-09 57.428 14.168 0.11076
57.0396 14.3668 0.111575 0.000897943 57.428 14.168 0.11076
57.5986 14.2133 0.104207 0.000732327 57.428 14.168 0.11076
57.1811 13.8823 0.114713 0.0189656 57.428 14.168 0.11076
57.358 14.2852 0.11942 0.0341148 57.428 14.168 0.11076
56.8693 14.4631 0.107825 1.12929e-08 57.428 14.168 0.11076
57.4127 14.5343 0.0980564 5.84548e-11 57.428 14.168 0.11076
57.2473 14.1061 0.0978776 1.71892e-07 57.428 14.168 0.11076
57.2513 14.394 0.139472 4.78863e-16 57.428 14.168 0.11076
57.4348 14.0805 0.117129 0.0728086 57.428 14.168 0.11076
57.3225 14.6595 0.114705 1.01695e-05 57.428 14.168 0.11076
56.634 14.0706 0.130903 9.31166e-12 57.428 14.168 0.11076
57.5673 14.4239 0.122598 9.00247e-06 57.428 14.168 0.11076
57.0268 13.8804 0.11388 0.00163293 57.428 14.168 0.11076
57.3024 14.3858 0.106973 0.000937253 57.428 14.168 0.11076
57.4615 14.1104 0.122842 0.000450262 57.428 14.168 0.11076
57.0364 13.9148 0.117062 0.00292327 57.428 14.168 0.11076
57.0641 14.006 0.120433 0.00469264 57.428 14.168 0.11076
57.9034 14.3054 0.118588 5.73019e-09 57.428 14.168 0.11076
57.0429 14.6321 0.112787 7.87174e-07 57.428 14.168 0.11076
57.7648 13.788 0.10813 1.02334e-05 57.428 14.168 0.11076
57.4473 14.0152 0.110903 0.150986 57.428 14.168 0.11076
57.6779 14.3652 0.129815 6.49168e-12 57.428 14.168 0.11076
57.1693 13.6095 0.124302 1.46109e-09 57.428 14.168 0.11076
57.2152 13.9651 0.114781 0.0980666 57.428 14.168 0.11076
57.2337 14.0716 0.123135 0.00292385 57.428 14.168 0.11076
57.6113 14.0323 0.123005 3.56906e-06 57.428 14.168 0.11076
57.1036 14.9354 0.121582 5.16937e-12 57.428 14.168 0.11076
57.0614 13.3461 0.117299 3.22994e-13 57.428 14.168 0.11076
57.2425 13.8023 0.127956 1.01314e-08 57.428 14.168 0.11076
57.7378 14.3581 0.111083 7.20771e-05 57.428 14.168 0.11076
57.3267 14.0144 0.121686 0.0038244 57.428 14.168 0.11076
57.3883 13.993 0.133128 6.52141e-12 57.428 14.168 0.11076
57.186 14.7863 0.113048 8.40409e-09 57.428 14.168 0.11076
57.3152 14.1302 0.105334 0.00953631 57.428 14.168 0.11076
57.2052 13.6147 0.114075 8.6287e-06 57.428 14.168 0.11076
57.4034 13.8796 0.114948 0.0197224 57.428 14.168 0.11076
56.826 14.3298 0.107686 4.02777e-08 57.428 14.168 0.11076
57.7602 13.7841 0.109332 9.89057e-06 57.428 14.168 0.11076
58.0631 13.8511 0.109451 1.03496e-10 57.428 14.168 0.11076
57.7099 14.3304 0.110841 0.00026805 57.428 14.168 0.11076
56.6513 13.8741 0.0984749 4.17102e-18 57.428 14.168 0.11076
57.5276 14.4634 0.129048 1.94169e-09 57.428 14.168 0.11076
56.9324 13.774 0.104565 3.47962e-08 57.428 14.168 0.11076
57.862 14.1309 0.12335 1.63852e-10 57.428 14.168 0.11076
57.2469 14.1985 0.135081 2.20368e-11 57.428 14.168 0.11076
57.5082 14.1441 0.111612 0.115309 57.428 14.168 0.11076
56.9243 13.8407 0.115966 5.24747e-05 57.428 14.168 0.11076
57.2504 13.7687 0.115299 0.00160808 57.428 14.168 0.11076
57.8629 13.9389 0.112838 1.4739e-06 57.428 14.168 0.11076
57.3505 13.8117 0.107018 0.00327625 57.428 14.168 0.11076
57.6058 14.0737 0.111029 0.0220052 57.428 14.168 0.11076
57.3185 14.3167 0.126179 6.99495e-05 57.428 14.168 0.11076
57.0008 13.5941 0.0876329 2.10443e-23 57.428 14.168 0.11076
57.1567 14.0972 0.105168 0.00103678 57.428 14.168 0.11076
57.9363 14.8396 0.12255 1.3435e-18 57.428 14.168 0.11076
57.2958 14.008 0.100254 2.47639e-05 57.428 14.168 0.11076
56.7387 13.8625 0.10535 7.56683e-11 57.428 14.168 0.11076
57.0701 13.9816 0.12271 0.000649875 57.428 14.168 0.11076
57.3754 14.2526 0.124187 0.000530761 57.428 14.168 0.11076
57.3595 13.6759 0.124528 6.46055e-09 57.428 14.168 0.11076
56.8761 14.2767 0.109328 4.57756e-06 57.428 14.168 0.11076
57.4877 14.0184 0.106177 0.0208683 57.428 14.168 0.11076
57.4741 14.0628 0.111288 0.159541 57.428 14.168 0.11076
57.2651 14.2061 0.122029 0.0137451 57.428 14.168 0.11076
56.9819 14.5348 0.109775 5.1103e-07 57.428 14.168 0.11076
57.4647 14.5394 0.109486 6.33873e-05 57.428 14.168 0.11076
56.9303 14.5336 0.132797 2.78673e-10 57.428 14.168 0.11076
57.4088 14.4017 0.141767 1.09073e-20 57.428 14.168 0.11076
58.082 14.1778 0.106486 3.23526e-10 57.428 14.168 0.11076
56.6703 13.5753 0.102815 2.85182e-17 57.428 14.168 0.11076
57.282 14.0116 0.0929567 2.75345e-11 57.428 14.168 0.11076
57.217 14.4971 0.133843 1.08869e-10 57.428 14.168 0.11076
57.3419 14.0032 0.102325 0.000592815 57.428 14.168 0.11076
56.9235 14.0624 0.134557 2.04839e-11 57.428 14.168 0.11076
57.7197 14.1474 0.120323 5.71488e-06 57.428 14.168 0.11076
