97.8542 18.3281 0.0708504 8.09805e-05 98.057 18.604 0.066584
98.3695 18.9116 0.0629305 0.0175403 98.057 18.604 0.066584
98.213 18.1338 0.087297 1.74085e-07 98.057 18.604 0.066584
97.5555 18.9016 0.0823457 2.87773e-06 98.057 18.604 0.066584
98.0125 18.8683 0.074921 0.0347169 98.057 18.604 0.066584
97.9362 17.9735 0.0893995 6.26189e-11 98.057 18.604 0.066584
98.5113 19.1355 0.0787102 0.000896915 98.057 18.604 0.066584
98.3725 18.6143 0.085212 0.00308797 98.057 18.604 0.066584
98.1622 18.8828 0.060287 0.00546187 98.057 18.604 0.066584
97.7119 18.5736 0.0810233 7.78311e-05 98.057 18.604 0.066584
97.7349 18.7913 0.0597647 5.76712e-06 98.057 18.604 0.066584
98.1262 18.6429 0.0592971 0.00633168 98.057 18.604 0.066584
98.149 18.6584 0.0884629 0.00225473 98.057 18.604 0.066584
98.0484 18.6684 0.0881323 0.00206721 98.057 18.604 0.066584
98.1518 18.7767 0.0743339 0.124876 98.057 18.604 0.066584
98.6253 19.0298 0.0966471 9.11632e-08 98.057 18.604 0.066584
97.8521 18.11 0.0806498 1.15762e-07 98.057 18.604 0.066584
97.8365 18.3362 0.0837291 1.12348e-05 98.057 18.604 0.066584
98.0717 18.1381 0.0627805 1.22649e-05 98.057 18.604 0.066584
97.9841 18.5008 0.0807005 0.00295562 98.057 18.604 0.066584
97.9536 18.3045 0.0746131 0.000223366 98.057 18.604 0.066584
98.3381 18.2483 0.085712 6.05661e-06 98.057 18.604 0.066584
98.2278 19.0078 0.0696168 0.0272061 98.057 18.604 0.066584
98.3783 18.8312 0.0678357 0.0818062 98.057 18.604 0.066584
98.3309 18.637 0.0717228 0.114554 98.057 18.604 0.066584
97.8632 18.6696 0.0781987 0.00411188 98.057 18.604 0.066584
97.8319 18.9157 0.0764183 0.00210406 98.057 18.604 0.066584
97.8688 18.4355 0.0636996 0.000168889 98.057 18.604 0.066584
98.0991 18.3509 0.0724299 0.00275796 98.057 18.604 0.066584
98.0553 18.3263 0.0832512 0.000123344 98.057 18.604 0.066584
97.7212 18.6877 0.065719 5.74491e-05 98.057 18.604 0.066584
97.3665 18.5656 0.0657134 2.48283e-10 98.057 18.604 0.066584
97.8696 18.3866 0.0822839 7.84013e-05 98.057 18.604 0.066584
97.9094 18.1356 0.0921455 2.47862e-09 98.057 18.604 0.066584
97.9701 18.9018 0.0957355 4.72612e-05 98.057 18.604 0.066584
98.0546 18.3272 0.0659849 0.000936166 98.057 18.604 0.066584
97.7394 18.9853 0.0875955 5.60376e-05 98.057 18.604 0.066584
98.1389 18.5368 0.0703747 0.0434073 98.057 18.604 0.066584
98.161 18.3695 0.0988345 2.68249e-08 98.057 18.604 0.066584
98.3147 18.2694 0.0669293 0.00121147 98.057 18.604 0.066584
98.5565 18.8124 0.0557527 0.000989221 98.057 18.604 0.066584
98.126 18.5163 0.0747636 0.0289604 98.057 18.604 0.066584
98.5326 18.4531 0.0652492 0.00578233 98.057 18.604 0.066584
98.0796 18.2975 0.0718245 0.000900069 98.057 18.604 0.066584
98.1793 18.4529 0.083959 0.00150148 98.057 18.604 0.066584
98.1647 19.0875 0.0767477 0.0120011 98.057 18.604 0.066584
98.4453 18.9908 0.0743897 0.0196991 98.057 18.604 0.066584
98.2811 19.3762 0.0743207 3.14788e-05 98.057 18.604 0.066584
97.9059 18.4608 0.0639403 0.000480879 98.057 18.604 0.066584
98.5581 18.975 0.0673985 0.00578406 98.057 18.604 0.066584
98.189 18.5683 0.0830638 0.00957061 98.057 18.604 0.066584
97.4126 18.3579 0.0653921 1.39245e-10 98.057 18.604 0.066584
97.7897 18.39 0.0625003 1.20019e-05 98.057 18.604 0.066584
98.01 18.862 0.0846051 0.00918262 98.057 18.604 0.066584
97.7497 18.2193 0.100175 1.10885e-11 98.057 18.604 0.066584
98.7005 18.4115 0.0741481 0.000118926 98.057 18.604 0.066584
98.1376 18.3587 0.104018 1.75603e-10 98.057 18.604 0.066584
98.3208 18.4871 0.077736 0.0140487 98.057 18.604 0.066584
98.364 18.2235 0.0864046 1.79018e-06 98.057 18.604 0.066584
98.1757 18.3898 0.0823426 0.000949304 98.057 18.604 0.066584
98.1681 18.2258 0.0927398 8.23678e-08 98.057 18.604 0.066584
98.4779 18.9707 0.072389 0.0190903 98.057 18.604 0.066584
97.8334 19.0279 0.0812124 0.000691213 98.057 18.604 0.066584
97.7718 19.0967 0.0699118 3.1617e-05 98.057 18.604 0.066584
97.7491 17.9372 0.0707708 2.37168e-10 98.057 18.604 0.066584
98.0562 18.3722 0.0827962 0.000368755 98.057 18.604 0.066584
98.3051 18.3613 0.0851082 0.000130817 98.057 18.604 0.066584
97.8465 18.6229 0.0641214 0.000529752 98.057 18.604 0.066584
98.4462 18.5937 0.0801963 0.00900092 98.057 18.604 0.066584
98.0204 18.9612 0.0522352 4.79652e-06 98.057 18.604 0.066584
98.0041 18.358 0.082746 0.000192164 98.057 18.604 0.066584
98.1397 18.6819 0.0727479 0.108686 98.057 18.604 0.066584
97.7875 18.6652 0.0673193 0.000421966 98.057 18.604 0.066584
98.3512 18.8701 0.0698319 0.0895418 98.057 18.604 0.066584
97.8048 19.2316 0.0770713 1.87496e-05 98.057 18.604 0.066584
98.0502 18.0036 0.0722065 2.79841e-07 98.057 18.604 0.066584
98.1349 18.3 0.076407 0.00077073 98.057 18.604 0.066584
97.8358 18.3479 0.0840533 1.26902e-05 98.057 18.604 0.066584
97.9019 18.3705 0.0743333 0.000377575 98.057 18.604 0.066584
97.8742 17.9068 0.0681427 1.03072e-09 98.057 18.604 0.066584
97.8217 18.5662 0.0724315 0.00111377 98.057 18.604 0.066584
98.4276 18.3483 0.0744951 0.00174268 98.057 18.604 0.066584
98.489 18.4118 0.0794685 0.000718834 98.057 18.604 0.066584
97.996 18.7414 0.0821452 0.0150965 98.057 18.604 0.066584
98.4152 18.3498 0.0863668 2.25981e-05 98.057 18.604 0.066584
97.9761 18.8196 0.0828219 0.0114154 98.057 18.604 0.066584
98.5453 19.2985 0.0802485 1.86154e-05 98.057 18.604 0.066584
97.9592 18.612 0.0799708 0.00834905 98.057 18.604 0.066584
98.3408 18.0399 0.0692804 3.13619e-06 98.057 18.604 0.066584
98.4883 18.1543 0.0724504 1.98477e-05 98.057 18.604 0.066584
97.797 18.0391 0.0842435 1.3334e-09 98.057 18.604 0.066584
98.3136 18.4789 0.0810904 0.00489544 98.057 18.604 0.066584
98.009 18.8358 0.0754206 0.0380199 98.057 18.604 0.066584
97.9636 18.803 0.0633551 0.00311539 98.057 18.604 0.066584
98.2153 18.6435 0.0660347 0.0758027 98.057 18.604 0.066584
97.8264 18.8571 0.0815751 0.00180657 98.057 18.604 0.066584
98.3111 17.9231 0.0868051 9.41403e-11 98.057 18.604 0.066584
98.1891 19.0016 0.0817058 0.0185678 98.057 18.604 0.066584
98.7604 18.9474 0.0635236 0.000171105 98.057 18.604 0.066584
97.54 19.1032 0.0699772 5.0153e-08 98.057 18.604 0.066584
