30.3039 -78.7869 3.8813 6.37811e-36 30.58 -79.784 3.8858
30.5719 -79.349 3.89078 5.12035e-13 30.58 -79.784 3.8858
30.7704 -79.5056 3.87289 3.68511e-10 30.58 -79.784 3.8858
30.8256 -80.3476 3.8856 0.0648837 30.58 -79.784 3.8858
30.3585 -80.2888 3.86466 2.37158e-11 30.58 -79.784 3.8858
30.6766 -79.3336 3.87689 1.67621e-11 30.58 -79.784 3.8858
30.3495 -80.1225 3.88555 0.00650968 30.58 -79.784 3.8858
29.9564 -79.5835 3.88085 3.25486e-14 30.58 -79.784 3.8858
29.874 -80.1151 3.87456 5.30048e-11 30.58 -79.784 3.8858
30.7174 -79.768 3.86417 4.8758e-14 30.58 -79.784 3.8858
30.2194 -79.703 3.88359 6.49981e-07 30.58 -79.784 3.8858
31.0408 -79.8087 3.86728 1.55082e-17 30.58 -79.784 3.8858
30.442 -79.1867 3.88165 2.58999e-16 30.58 -79.784 3.8858
30.8139 -79.5519 3.87449 1.03228e-08 30.58 -79.784 3.8858
30.0234 -79.51 3.87245 2.34367e-12 30.58 -79.784 3.8858
30.963 -79.6122 3.88175 6.28553e-06 30.58 -79.784 3.8858
30.3831 -79.8618 3.90072 2.14448e-15 30.58 -79.784 3.8858
30.6075 -79.4889 3.88415 1.682e-06 30.58 -79.784 3.8858
30.8446 -79.2253 3.88556 1.24715e-14 30.58 -79.784 3.8858
30.3793 -79.6844 3.88411 0.000117061 30.58 -79.784 3.8858
29.9331 -79.7101 3.86428 2.79243e-13 30.58 -79.784 3.8858
31.0285 -79.3494 3.87308 1.1309e-18 30.58 -79.784 3.8858
30.625 -79.0328 3.87665 3.98671e-22 30.58 -79.784 3.8858
30.6602 -80.2015 3.86762 1.424e-09 30.58 -79.784 3.8858
30.1188 -79.9352 3.87887 1.54097e-05 30.58 -79.784 3.8858
30.3069 -80.2275 3.87516 0.00060585 30.58 -79.784 3.8858
30.5329 -79.2989 3.88617 7.93236e-13 30.58 -79.784 3.8858
30.5388 -79.3761 3.88606 2.33814e-10 30.58 -79.784 3.8858
30.5854 -79.5508 3.87195 4.21867e-08 30.58 -79.784 3.8858
30.0582 -79.9475 3.88738 7.9102e-11 30.58 -79.784 3.8858
30.3187 -79.9636 3.88177 0.0198735 30.58 -79.784 3.8858
29.7599 -79.4391 3.86538 9.23741e-21 30.58 -79.784 3.8858
30.7718 -79.804 3.88095 0.127202 30.58 -79.784 3.8858
30.3241 -79.6885 3.87898 0.000179166 30.58 -79.784 3.8858
30.7711 -80.6641 3.8724 2.66173e-15 30.58 -79.784 3.8858
30.6079 -79.317 3.87754 1.54122e-11 30.58 -79.784 3.8858
30.3548 -79.8762 3.87599 0.0134337 30.58 -79.784 3.8858
30.5694 -79.4597 3.8853 1.24683e-07 30.58 -79.784 3.8858
30.1015 -80.2606 3.85745 6.36306e-19 30.58 -79.784 3.8858
30.3672 -79.1544 3.88296 1.11125e-18 30.58 -79.784 3.8858
30.5191 -79.5687 3.88077 6.09154e-05 30.58 -79.784 3.8858
30.2461 -79.6486 3.86883 2.96113e-08 30.58 -79.784 3.8858
30.0347 -79.721 3.87215 9.42461e-09 30.58 -79.784 3.8858
30.2774 -79.7275 3.90302 7.74956e-24 30.58 -79.784 3.8858
30.0534 -79.503 3.88214 7.36867e-14 30.58 -79.784 3.8858
30.5513 -79.8176 3.87923 0.19884 30.58 -79.784 3.8858
30.468 -80.183 3.90663 6.11863e-20 30.58 -79.784 3.8858
30.36 -79.5953 3.87856 1.31111e-05 30.58 -79.784 3.8858
30.3586 -79.8114 3.86805 1.17842e-06 30.58 -79.784 3.8858
30.3428 -79.5369 3.86273 1.82026e-14 30.58 -79.784 3.8858
30.379 -79.7041 3.89411 2.31389e-10 30.58 -79.784 3.8858
31.166 -79.2302 3.88283 3.11711e-19 30.58 -79.784 3.8858
30.3415 -79.7945 3.86505 3.95716e-09 30.58 -79.784 3.8858
30.3904 -79.8197 3.86733 3.73263e-07 30.58 -79.784 3.8858
30.674 -79.8396 3.87318 0.000293096 30.58 -79.784 3.8858
30.5207 -79.8121 3.88585 0.0700233 30.58 -79.784 3.8858
30.238 -79.9322 3.88013 0.00153689 30.58 -79.784 3.8858
30.4213 -79.9207 3.88231 0.211425 30.58 -79.784 3.8858
30.213 -79.8142 3.89132 1.56283e-10 30.58 -79.784 3.8858
30.2144 -80.1343 3.88805 7.06519e-07 30.58 -79.784 3.8858
30.064 -79.6197 3.87036 5.14569e-10 30.58 -79.784 3.8858
30.521 -79.0936 3.89288 1.37319e-24 30.58 -79.784 3.8858
30.3508 -79.522 3.88574 8.50859e-09 30.58 -79.784 3.8858
30.5501 -79.8408 3.87544 0.0217442 30.58 -79.784 3.8858
30.5352 -80.3328 3.89546 1.21366e-06 30.58 -79.784 3.8858
30.6886 -79.3048 3.88822 2.41706e-12 30.58 -79.784 3.8858
30.6407 -79.6107 3.88724 0.000243432 30.58 -79.784 3.8858
30.6853 -80.2887 3.87477 0.000131508 30.58 -79.784 3.8858
30.596 -79.1131 3.87281 3.381e-20 30.58 -79.784 3.8858
30.5303 -79.3758 3.87268 1.86639e-11 30.58 -79.784 3.8858
30.5126 -79.674 3.87502 0.000264288 30.58 -79.784 3.8858
30.5733 -79.6365 3.87763 0.000480058 30.58 -79.784 3.8858
30.3774 -80.0344 3.87518 0.0247329 30.58 -79.784 3.8858
30.2428 -79.7972 3.87546 0.000228962 30.58 -79.784 3.8858
30.1641 -80.3768 3.88642 2.33216e-09 30.58 -79.784 3.8858
30.2897 -79.5643 3.88491 1.45566e-08 30.58 -79.784 3.8858
29.9088 -79.8311 3.89261 3.32885e-22 30.58 -79.784 3.8858
31.0005 -79.568 3.89101 2.02974e-06 30.58 -79.784 3.8858
29.8251 -79.345 3.90157 7.54248e-51 30.58 -79.784 3.8858
30.4547 -80.2799 3.86419 3.42831e-12 30.58 -79.784 3.8858
30.8837 -79.8857 3.87356 1.84e-06 30.58 -79.784 3.8858
30.1241 -79.6583 3.88921 1.74773e-13 30.58 -79.784 3.8858
30.5621 -79.0292 3.88023 8.66935e-22 30.58 -79.784 3.8858
30.3151 -79.2983 3.87518 1.62749e-13 30.58 -79.784 3.8858
30.6248 -79.237 3.88791 7.13664e-15 30.58 -79.784 3.8858
31.284 -79.4136 3.91124 7.97213e-26 30.58 -79.784 3.8858
30.7688 -79.8321 3.89613 0.000254633 30.58 -79.784 3.8858
30.9217 -79.9853 3.86866 4.94879e-12 30.58 -79.784 3.8858
30.3467 -79.1675 3.89735 9.0115e-30 30.58 -79.784 3.8858
30.984 -79.3838 3.88196 1.95703e-11 30.58 -79.784 3.8858
30.5326 -80.0434 3.87642 0.197459 30.58 -79.784 3.8858
30.6375 -79.3504 3.88396 4.12037e-10 30.58 -79.784 3.8858
30.744 -80.1647 3.89574 0.00536751 30.58 -79.784 3.8858
30.7676 -80.0607 3.87188 6.16248e-06 30.58 -79.784 3.8858
30.6251 -79.5959 3.86453 3.94327e-14 30.58 -79.784 3.8858
30.6048 -79.6899 3.88447 0.0128771 30.58 -79.784 3.8858
30.006 -79.5853 3.87298 3.26925e-11 30.58 -79.784 3.8858
30.1149 -79.1446 3.88149 4.95277e-23 30.58 -79.784 3.8858
30.2395 -79.8619 3.87562 0.000678674 30.58 -79.784 3.8858
30.3714 -79.8271 3.8788 0.0205025 30.58 -79.784 3.8858
