180.792 -10.5363 3.21504 9.12138e-17
180.57 -10.7128 3.20075 6.54209e-12
181.323 -10.1214 3.20918 0.000625472
181.782 -10.6827 3.21087 9.4004e-11
181.776 -9.9948 3.19532 5.1489e-12
181.625 -11.2741 3.22096 3.59054e-32
181.413 -10.5818 3.19403 0.000101854
181.304 -10.5535 3.20438 0.00302378
180.816 -10.3505 3.19183 0.0284673
181.097 -10.7103 3.22268 4.87841e-22
181.212 -10.2928 3.20463 0.0594765
180.717 -10.1254 3.19864 3.1003e-05
180.748 -10.6248 3.18768 7.34235e-05
181.05 -11.1054 3.21091 4.69484e-20
181.3 -10.6612 3.20023 0.000742745
180.921 -10.3292 3.20554 0.000104146
181.359 -10.9402 3.1999 1.45005e-09
181.152 -10.6646 3.19044 0.000258955
180.637 -10.607 3.21997 5.33362e-29
180.91 -10.707 3.18404 1.79442e-06
180.986 -10.5533 3.19034 0.0107785
180.965 -10.4466 3.20482 0.000314746
181.481 -10.8518 3.20055 1.16664e-08
181.473 -11.2187 3.2033 2.86185e-19
181.394 -10.4178 3.19598 0.00897987
181.467 -10.0079 3.18956 1.65133e-08
181.411 -10.2659 3.20051 0.0439099
181.059 -10.3098 3.19476 0.515248
181.206 -10.9997 3.20188 6.7317e-11
181.139 -10.848 3.20477 2.28459e-08
181.224 -10.6156 3.18416 1.47037e-07
180.96 -10.5809 3.22338 5.96116e-24
181.299 -10.7035 3.19287 2.83621e-05
181.044 -10.4316 3.21205 6.55736e-08
180.695 -10.8594 3.19075 6.48026e-09
181.059 -10.4332 3.17605 4.81278e-11
181.012 -10.6256 3.18548 4.43731e-05
181.099 -10.8359 3.20826 2.93779e-10
181.107 -10.1698 3.19203 0.0585245
181.146 -10.6485 3.1775 2.90018e-12
180.945 -10.3915 3.19698 0.123821
180.984 -10.6639 3.21041 5.41509e-10
180.932 -10.2641 3.21878 3.96154e-16
180.788 -10.2531 3.20544 8.32924e-07
181.755 -10.2956 3.20385 1.26647e-06
181.304 -11.0363 3.20142 5.39728e-12
180.974 -10.3265 3.20866 6.63564e-06
181.447 -10.5156 3.1883 1.62709e-07
181.258 -11.1062 3.21089 3.108e-18
180.711 -10.3013 3.19761 0.000242079
181.887 -10.6105 3.21752 9.13342e-14
181.101 -10.4858 3.18328 9.02229e-06
181.584 -10.0428 3.19174 4.81788e-09
181.354 -10.7178 3.20674 2.58096e-06
181.424 -10.978 3.19364 4.90759e-12
181.282 -10.7256 3.19412 3.86865e-05
181.365 -10.6664 3.19484 6.59969e-05
181.415 -10.8415 3.21045 1.73871e-10
181.103 -10.4479 3.19067 0.0407067
180.902 -10.7233 3.20086 2.72221e-06
180.8 -10.6245 3.20856 3.43743e-11
180.812 -11.3491 3.20715 1.12978e-29
180.309 -10.6998 3.2022 1.59406e-20
181.047 -10.2262 3.20482 0.00586565
180.86 -10.7463 3.19924 1.48708e-06
180.937 -10.366 3.2058 9.96955e-05
180.956 -10.2454 3.18419 0.000315765
181.72 -10.9295 3.19211 1.42164e-17
181.233 -10.2679 3.20416 0.0856162
181.099 -10.7051 3.19388 0.000557402
180.867 -10.7342 3.2046 8.1507e-09
181.02 -10.4598 3.17575 6.0664e-11
181.539 -10.5847 3.21544 3.69053e-09
181.291 -10.0352 3.20964 7.94964e-05
181.021 -10.624 3.22299 1.40338e-22
181.166 -10.5533 3.21083 9.86108e-07
181.118 -10.8913 3.22076 3.63214e-23
180.928 -10.6433 3.1929 0.0017955
180.866 -10.8035 3.20175 1.44747e-08
180.825 -10.6397 3.22033 4.57746e-24
181.122 -10.5915 3.21551 1.71696e-11
181.073 -11.0562 3.20354 1.50369e-13
180.923 -10.5491 3.21746 1.31732e-16
181.064 -10.3721 3.20802 0.000155531
181.454 -11.0431 3.21224 7.54617e-17
181.139 -10.6551 3.20803 1.68203e-06
180.947 -10.4112 3.20326 0.00170343
180.856 -10.6951 3.18787 4.39781e-05
181.448 -10.359 3.19748 0.00678987
181.303 -10.6851 3.20862 1.45288e-06
181.167 -10.6869 3.21455 1.7075e-11
181.53 -10.5314 3.19801 8.43525e-05
181.09 -10.8141 3.17481 2.17876e-16
181.309 -10.6986 3.20678 5.80258e-06
180.977 -10.872 3.19063 2.37561e-07
180.756 -10.7743 3.19516 3.80423e-07
181.302 -10.5557 3.18454 6.8935e-08
181.195 -10.7136 3.19206 8.38808e-05
181.346 -10.5241 3.2065 0.00116439
180.634 -11.098 3.19606 4.37234e-17
