-8.46213 -0.18494 0.46341 2.73539e-09
-8.62979 0.0371975 0.443634 7.40496e-10
-8.40836 -0.120395 0.452953 1.57642e-10
-9.29263 -0.164898 0.463242 0.00176254
-8.49133 0.00809453 0.463753 2.58849e-07
-8.39882 0.18518 0.463504 7.73251e-10
-8.59746 -0.0110721 0.469776 1.01427e-06
-8.69878 -0.362102 0.455792 6.58499e-09
-8.58335 -0.56096 0.454075 2.08125e-16
-9.23511 -0.274894 0.468472 0.00191439
-8.57454 0.112986 0.459546 5.66581e-05
-8.8529 -0.0417784 0.452099 0.000200846
-8.7346 0.486642 0.481278 7.27887e-18
-9.02885 0.161744 0.467176 0.2969
-8.20637 -0.560761 0.473119 3.93941e-27
-8.70882 0.193327 0.450966 0.000119153
-8.65533 -0.127156 0.469489 7.48752e-06
-9.32369 -0.381301 0.463797 6.55589e-07
-8.8765 0.0599656 0.465139 0.198877
-8.3183 0.562684 0.444828 2.15296e-15
-8.78093 -0.108634 0.46253 0.00716261
-8.70164 0.131666 0.464771 0.001784
-8.81437 -0.110275 0.458227 0.00388429
-8.69581 -0.487627 0.45586 5.44636e-12
-8.54536 -0.165356 0.480187 1.44698e-14
-8.76468 -0.499772 0.463108 1.83927e-09
-8.65948 -0.135021 0.451055 2.86276e-07
-8.54058 0.0383055 0.469098 9.57417e-08
-8.97643 0.020483 0.456003 0.0280341
-8.89207 0.211855 0.478578 1.02303e-07
-9.58875 -0.229565 0.464892 7.26218e-09
-8.48005 0.249249 0.464357 2.07469e-08
-8.41253 0.0012697 0.466683 3.39154e-10
-8.43269 -0.712638 0.446934 9.68869e-29
-8.39046 0.295861 0.457039 1.6507e-09
-8.32936 0.447828 0.453136 2.14672e-12
-8.83031 0.019678 0.464524 0.0854746
-8.74214 -0.297416 0.470855 2.37402e-06
-9.18436 -0.128271 0.446323 2.15951e-11
-8.66638 -0.15552 0.460422 7.00916e-05
-9.33639 -0.324646 0.469642 6.54963e-05
-8.86077 0.531133 0.471783 2.31296e-09
-8.81943 -0.320128 0.49018 1.68139e-17
-8.72913 -0.0366294 0.46461 0.00385253
-8.46388 -0.650298 0.461742 2.79816e-19
-8.58817 0.456015 0.469499 5.1499e-11
-8.80073 -0.198726 0.45564 4.43675e-05
-8.75365 0.479567 0.466352 5.0351e-07
-8.63503 -0.22908 0.459361 2.0533e-06
-8.66272 0.158914 0.470368 4.22275e-06
-8.39637 0.0290386 0.444173 8.86921e-13
-8.80387 -0.614153 0.454759 2.04423e-15
-8.90334 0.100914 0.458861 0.192779
-8.6081 -0.425874 0.471176 5.14185e-11
-8.47725 -0.151593 0.456802 1.25035e-08
-8.61761 -0.115528 0.461807 3.24535e-05
-8.56231 -0.34738 0.456302 2.34603e-10
-8.75467 -0.278364 0.447304 2.79264e-11
-8.60144 -0.178052 0.466604 1.37993e-06
-9.23358 -0.201883 0.45072 1.27299e-09
-9.08868 0.131016 0.478936 2.25708e-05
-8.93407 0.181121 0.480287 4.31786e-08
-8.44957 -0.0766828 0.457634 2.30997e-08
-8.6755 0.287358 0.464169 9.47417e-05
-8.60795 1.02895 0.464171 4.64831e-25
-9.05275 0.104132 0.449553 2.75573e-05
-8.85485 0.0147254 0.439274 3.53805e-13
-8.66184 -0.0873355 0.46885 2.56429e-05
-8.40782 -0.474157 0.460326 7.95783e-16
-8.86135 -0.158585 0.445452 3.58266e-10
-8.96904 -0.575434 0.45269 3.86859e-15
-8.47279 -0.0618232 0.479339 6.4922e-16
-8.46377 0.454062 0.461034 3.02525e-10
-9.10846 -0.197366 0.463313 0.0178006
-8.93607 0.00541667 0.455021 0.010575
-9.15597 0.145811 0.459002 0.0656936
-8.88293 -0.317226 0.47496 6.48256e-06
-8.94725 -0.243589 0.459408 0.000661556
-8.41745 0.0237051 0.455352 1.31804e-08
-8.86482 -0.019104 0.448199 2.43878e-06
-8.19726 0.06438 0.457324 1.17034e-14
-8.63842 -0.363335 0.470356 4.55402e-09
-8.66082 0.0893176 0.467901 7.51989e-05
-8.65151 -0.816024 0.458321 1.20801e-22
-8.62257 -0.179084 0.442747 1.28483e-13
-8.67807 0.129974 0.456018 0.00121278
-8.6743 -0.0709048 0.450021 8.336e-07
-8.6509 -0.404146 0.457441 6.79559e-10
-9.04978 0.0358975 0.473702 0.0200982
-8.31793 -0.419551 0.454513 6.58658e-18
-9.36899 -0.159443 0.452483 6.1118e-10
-8.52727 0.214778 0.464856 3.37582e-07
-9.20342 -0.349656 0.458889 6.18259e-07
-9.06986 -0.058009 0.458514 0.0354138
-8.78136 0.0130236 0.459581 0.0251832
-8.26292 0.406249 0.460139 7.02068e-15
-8.79519 -0.680824 0.460623 4.55542e-15
-8.7902 -0.324912 0.453178 1.74922e-08
-8.82249 -0.175811 0.454954 7.04855e-05
-8.26546 0.184607 0.482361 3.97076e-28
