-30.6119 -83.6818 2.40842 0.000290237 -30.243 -83.746 2.3996
-29.9623 -83.5329 2.39988 0.0111233 -30.243 -83.746 2.3996
-30.6958 -83.911 2.42098 1.42725e-09 -30.243 -83.746 2.3996
-30.5569 -83.4417 2.40578 0.000176136 -30.243 -83.746 2.3996
-29.9997 -83.2891 2.40557 3.88012e-05 -30.243 -83.746 2.3996
-30.4039 -83.6236 2.39366 0.0324285 -30.243 -83.746 2.3996
-29.718 -84.3829 2.42028 7.07177e-09 -30.243 -83.746 2.3996
-30.6973 -83.9095 2.40594 0.000127136 -30.243 -83.746 2.3996
-30.0853 -83.9088 2.39845 0.0150747 -30.243 -83.746 2.3996
-30.4279 -84.163 2.38619 5.38115e-10 -30.243 -83.746 2.3996
-30.787 -84.7686 2.39592 6.98803e-21 -30.243 -83.746 2.3996
-29.788 -83.4834 2.40759 2.61205e-05 -30.243 -83.746 2.3996
-30.2079 -83.665 2.41378 0.000655326 -30.243 -83.746 2.3996
-30.1606 -83.1775 2.40947 1.28351e-07 -30.243 -83.746 2.3996
-30.1242 -83.7987 2.40871 0.042846 -30.243 -83.746 2.3996
-30.3492 -83.6888 2.39063 0.00636684 -30.243 -83.746 2.3996
-30.0821 -84.1097 2.39143 8.74824e-07 -30.243 -83.746 2.3996
-30.1004 -83.4481 2.41709 1.53123e-07 -30.243 -83.746 2.3996
-29.8935 -83.9322 2.3884 1.73102e-07 -30.243 -83.746 2.3996
-30.2264 -83.3211 2.41362 2.02015e-07 -30.243 -83.746 2.3996
-30.3044 -83.6635 2.40002 0.18121 -30.243 -83.746 2.3996
-29.9747 -84.1335 2.39655 1.12625e-05 -30.243 -83.746 2.3996
-30.3259 -83.6303 2.3798 3.19945e-07 -30.243 -83.746 2.3996
-30.1097 -83.6511 2.40829 0.0196002 -30.243 -83.746 2.3996
-29.919 -83.5623 2.41091 0.000180891 -30.243 -83.746 2.3996
-30.3896 -83.4851 2.38912 0.00482838 -30.243 -83.746 2.3996
-30.3991 -83.3987 2.40478 0.00134235 -30.243 -83.746 2.3996
-30.8383 -82.7895 2.38856 1.49964e-12 -30.243 -83.746 2.3996
-29.9669 -83.6128 2.38841 0.000115998 -30.243 -83.746 2.3996
-29.9238 -83.4887 2.39859 0.00373265 -30.243 -83.746 2.3996
-30.5366 -84.0905 2.42634 2.24974e-10 -30.243 -83.746 2.3996
-30.3188 -83.662 2.38512 9.51643e-05 -30.243 -83.746 2.3996
-30.4367 -83.4259 2.40705 0.000358188 -30.243 -83.746 2.3996
-30.1479 -84.0671 2.39041 2.0668e-06 -30.243 -83.746 2.3996
-30.4137 -83.4283 2.4152 1.72996e-07 -30.243 -83.746 2.3996
-30.4641 -84.1294 2.40197 0.000494915 -30.243 -83.746 2.3996
-29.3364 -83.6137 2.39907 1.4598e-11 -30.243 -83.746 2.3996
-30.2392 -84.1508 2.41721 0.000148062 -30.243 -83.746 2.3996
-30.2476 -83.4039 2.3829 5.15525e-05 -30.243 -83.746 2.3996
-30.014 -83.4256 2.39465 0.00511872 -30.243 -83.746 2.3996
-30.837 -83.5026 2.41937 6.35671e-14 -30.243 -83.746 2.3996
-30.3235 -84.1812 2.3947 5.81377e-06 -30.243 -83.746 2.3996
-30.5132 -83.5286 2.38567 0.000170186 -30.243 -83.746 2.3996
-30.2184 -83.8266 2.40446 0.14545 -30.243 -83.746 2.3996
-30.4116 -83.6834 2.40795 0.0119096 -30.243 -83.746 2.3996
-30.4132 -83.8507 2.41857 9.53467e-06 -30.243 -83.746 2.3996
-30.0115 -83.8314 2.41474 0.000855054 -30.243 -83.746 2.3996
-30.7233 -84.2143 2.39451 6.26589e-09 -30.243 -83.746 2.3996
-30.8877 -84.6991 2.39576 1.76039e-20 -30.243 -83.746 2.3996
-30.4058 -83.3939 2.39782 0.0134039 -30.243 -83.746 2.3996
-30.4603 -83.7551 2.399 0.0456224 -30.243 -83.746 2.3996
-30.1899 -83.1018 2.38395 6.01043e-06 -30.243 -83.746 2.3996
-29.5987 -83.6963 2.40517 2.71745e-06 -30.243 -83.746 2.3996
-29.9555 -83.3795 2.40874 2.82564e-05 -30.243 -83.746 2.3996
-30.3306 -83.2955 2.39506 0.00530198 -30.243 -83.746 2.3996
-30.3122 -84.149 2.4129 0.00089849 -30.243 -83.746 2.3996
-30.8804 -83.5919 2.41292 4.97263e-10 -30.243 -83.746 2.3996
-29.9723 -83.9248 2.38945 3.26055e-06 -30.243 -83.746 2.3996
-30.5411 -83.7813 2.38823 6.9327e-05 -30.243 -83.746 2.3996
-29.8977 -83.2368 2.39113 2.02532e-05 -30.243 -83.746 2.3996
-30.0908 -83.226 2.39228 0.000509001 -30.243 -83.746 2.3996
-30.3383 -84.1173 2.40721 0.00408035 -30.243 -83.746 2.3996
-30.8186 -84.1656 2.4033 8.86767e-08 -30.243 -83.746 2.3996
-29.9521 -83.5725 2.39028 0.000429201 -30.243 -83.746 2.3996
-30.3775 -83.6454 2.39416 0.0435159 -30.243 -83.746 2.3996
-29.789 -84.0716 2.37973 2.17514e-16 -30.243 -83.746 2.3996
-30.4586 -83.5414 2.40495 0.00679534 -30.243 -83.746 2.3996
-30.2943 -83.6448 2.39657 0.12155 -30.243 -83.746 2.3996
-30.7265 -83.9054 2.39886 7.46321e-05 -30.243 -83.746 2.3996
-29.7994 -83.936 2.41195 0.000194992 -30.243 -83.746 2.3996
-30.0446 -83.5584 2.40849 0.00347619 -30.243 -83.746 2.3996
-30.2808 -83.946 2.38934 3.34334e-05 -30.243 -83.746 2.3996
-30.258 -84.0946 2.40236 0.0049682 -30.243 -83.746 2.3996
-30.4448 -83.4048 2.38946 0.00300886 -30.243 -83.746 2.3996
-29.7608 -84.1084 2.42229 8.96993e-08 -30.243 -83.746 2.3996
-29.8211 -83.5838 2.38652 9.08466e-07 -30.243 -83.746 2.3996
-29.9566 -83.4958 2.39498 0.00386826 -30.243 -83.746 2.3996
-30.3396 -84.151 2.40786 0.00216414 -30.243 -83.746 2.3996
-29.9644 -83.5823 2.40542 0.00754287 -30.243 -83.746 2.3996
-30.7998 -84.3137 2.38831 2.64331e-14 -30.243 -83.746 2.3996
-29.9818 -83.5075 2.40372 0.00638711 -30.243 -83.746 2.3996
-30.0616 -83.3169 2.39514 0.0025238 -30.243 -83.746 2.3996
-29.642 -83.4588 2.40924 1.23186e-07 -30.243 -83.746 2.3996
-30.0103 -83.4268 2.40069 0.00581506 -30.243 -83.746 2.3996
-30.0674 -83.6337 2.38949 0.00114259 -30.243 -83.746 2.3996
-30.2467 -83.9042 2.39855 0.0362943 -30.243 -83.746 2.3996
-29.9793 -83.5293 2.42269 3.73685e-10 -30.243 -83.746 2.3996
-29.9636 -83.6111 2.42614 1.53314e-11 -30.243 -83.746 2.3996
-29.7445 -83.9423 2.40085 4.63591e-05 -30.243 -83.746 2.3996
-29.8939 -83.7418 2.40272 0.00837031 -30.243 -83.746 2.3996
-29.9303 -83.8297 2.41521 0.000248549 -30.243 -83.746 2.3996
-30.2691 -83.2598 2.39688 0.00260172 -30.243 -83.746 2.3996
-30.3884 -83.6615 2.40317 0.0781464 -30.243 -83.746 2.3996
-30.2825 -83.3634 2.39161 0.00894697 -30.243 -83.746 2.3996
-30.2239 -83.2107 2.40466 2.70894e-05 -30.243 -83.746 2.3996
-29.9437 -83.4882 2.41426 3.21564e-06 -30.243 -83.746 2.3996
-29.7098 -83.3487 2.39098 5.4527e-07 -30.243 -83.746 2.3996
-30.1229 -83.7468 2.39481 0.0237048 -30.243 -83.746 2.3996
-30.4323 -83.6869 2.40152 0.0714845 -30.243 -83.746 2.3996
-30.5408 -84.0004 2.40602 0.00184223 -30.243 -83.746 2.3996
