-21.4219 -8.4761 0.758976 0.254765 -21.574 -8.5196 0.75651
-20.9674 -8.32517 0.749085 2.37918e-07 -21.574 -8.5196 0.75651
-21.6311 -8.42776 0.758464 0.189929 -21.574 -8.5196 0.75651
-21.5446 -8.92326 0.755104 1.30111e-05 -21.574 -8.5196 0.75651
-21.9004 -8.17903 0.770948 4.06679e-10 -21.574 -8.5196 0.75651
-21.8535 -8.04793 0.745707 1.58812e-07 -21.574 -8.5196 0.75651
-21.2588 -8.54744 0.730715 6.83762e-16 -21.574 -8.5196 0.75651
-21.3977 -8.02249 0.74792 0.00013169 -21.574 -8.5196 0.75651
-21.26 -8.81741 0.768144 0.000413548 -21.574 -8.5196 0.75651
-21.8628 -8.50456 0.754735 0.000652522 -21.574 -8.5196 0.75651
-22.0037 -8.78346 0.750232 1.10225e-10 -21.574 -8.5196 0.75651
-21.7612 -8.32616 0.748761 0.000459387 -21.574 -8.5196 0.75651
-21.7188 -8.54861 0.741595 2.0304e-08 -21.574 -8.5196 0.75651
-21.2918 -8.12919 0.761925 4.70082e-06 -21.574 -8.5196 0.75651
-21.052 -8.84209 0.748585 1.01945e-10 -21.574 -8.5196 0.75651
-21.3988 -8.68568 0.759549 0.0722896 -21.574 -8.5196 0.75651
-21.356 -8.31079 0.760686 0.00884235 -21.574 -8.5196 0.75651
-21.5102 -8.86294 0.758405 0.0016647 -21.574 -8.5196 0.75651
-21.3671 -8.21531 0.755005 0.00888397 -21.574 -8.5196 0.75651
-21.1885 -8.17139 0.730429 7.24367e-12 -21.574 -8.5196 0.75651
-21.7446 -8.19915 0.756249 0.00104597 -21.574 -8.5196 0.75651
-21.7794 -8.81631 0.762384 0.00250979 -21.574 -8.5196 0.75651
-20.8542 -8.09388 0.75349 1.22876e-11 -21.574 -8.5196 0.75651
-21.6589 -8.68598 0.7532 0.00196483 -21.574 -8.5196 0.75651
-21.5047 -8.45093 0.773044 4.81448e-05 -21.574 -8.5196 0.75651
-21.5548 -8.32466 0.73213 1.25696e-11 -21.574 -8.5196 0.75651
-21.1901 -8.23784 0.7409 2.97295e-06 -21.574 -8.5196 0.75651
-21.6736 -8.56082 0.749286 0.000664513 -21.574 -8.5196 0.75651
-21.9505 -8.43259 0.758081 9.18802e-05 -21.574 -8.5196 0.75651
-21.6324 -7.80496 0.742832 8.99693e-09 -21.574 -8.5196 0.75651
-21.5227 -8.58751 0.754422 0.0812146 -21.574 -8.5196 0.75651
-21.6488 -8.35461 0.748926 0.00527846 -21.574 -8.5196 0.75651
-21.2584 -8.43459 0.756262 0.017687 -21.574 -8.5196 0.75651
-21.1581 -8.67657 0.773454 4.77379e-07 -21.574 -8.5196 0.75651
-21.1557 -8.31604 0.750733 0.000377134 -21.574 -8.5196 0.75651
-21.1056 -8.04722 0.75644 6.04435e-08 -21.574 -8.5196 0.75651
-20.9146 -8.68798 0.748341 6.89658e-11 -21.574 -8.5196 0.75651
-21.3331 -8.34201 0.752187 0.0278866 -21.574 -8.5196 0.75651
-21.1575 -7.41324 0.754855 2.20969e-24 -21.574 -8.5196 0.75651
-21.1934 -8.21339 0.733869 9.76654e-10 -21.574 -8.5196 0.75651
-21.3384 -8.62499 0.748233 0.000157458 -21.574 -8.5196 0.75651
-21.2011 -8.21739 0.76314 3.52117e-06 -21.574 -8.5196 0.75651
-21.1855 -8.67925 0.736172 4.12588e-14 -21.574 -8.5196 0.75651
-21.2099 -8.2764 0.744442 7.37658e-05 -21.574 -8.5196 0.75651
-21.571 -8.91823 0.746557 1.76982e-10 -21.574 -8.5196 0.75651
-22.2749 -8.61006 0.758961 4.44344e-12 -21.574 -8.5196 0.75651
-20.8324 -8.39777 0.75115 3.77322e-10 -21.574 -8.5196 0.75651
-20.9113 -8.10651 0.742131 2.87954e-10 -21.574 -8.5196 0.75651
-21.6281 -8.10542 0.758396 0.000186115 -21.574 -8.5196 0.75651
-21.2533 -8.51489 0.747526 0.000235213 -21.574 -8.5196 0.75651
-21.3051 -8.66977 0.748322 3.22655e-05 -21.574 -8.5196 0.75651
-21.2366 -8.64617 0.757601 0.00427856 -21.574 -8.5196 0.75651
-21.8311 -8.61691 0.751785 5.35157e-05 -21.574 -8.5196 0.75651
-21.0303 -8.10628 0.736989 8.84589e-10 -21.574 -8.5196 0.75651
-21.4512 -8.68984 0.741964 9.25879e-09 -21.574 -8.5196 0.75651
-20.9949 -8.71306 0.753421 5.25547e-08 -21.574 -8.5196 0.75651
-21.8051 -8.42328 0.76025 0.00886106 -21.574 -8.5196 0.75651
-21.4273 -8.70481 0.742545 1.2794e-08 -21.574 -8.5196 0.75651
-20.9563 -8.43424 0.756693 3.19e-07 -21.574 -8.5196 0.75651
-21.6512 -8.9564 0.761705 0.000269355 -21.574 -8.5196 0.75651
-21.4203 -7.92266 0.758737 4.55449e-08 -21.574 -8.5196 0.75651
-20.6913 -8.74927 0.744857 4.80837e-19 -21.574 -8.5196 0.75651
-21.367 -8.31401 0.753106 0.041224 -21.574 -8.5196 0.75651
-21.8132 -8.47383 0.751413 0.000463531 -21.574 -8.5196 0.75651
-21.8325 -8.74525 0.760493 0.0014117 -21.574 -8.5196 0.75651
-21.0354 -8.19474 0.760467 3.22808e-08 -21.574 -8.5196 0.75651
-21.7947 -8.91008 0.753458 9.0441e-08 -21.574 -8.5196 0.75651
-21.8602 -7.6069 0.753243 6.26869e-17 -21.574 -8.5196 0.75651
-21.2559 -8.68724 0.750377 5.76674e-05 -21.574 -8.5196 0.75651
-21.6328 -8.88956 0.742451 2.17563e-13 -21.574 -8.5196 0.75651
-21.6196 -8.4635 0.767691 0.0125834 -21.574 -8.5196 0.75651
-21.5247 -8.54591 0.752434 0.0448908 -21.574 -8.5196 0.75651
-21.6388 -8.62582 0.75815 0.119872 -21.574 -8.5196 0.75651
-21.8245 -8.81655 0.730339 1.13934e-26 -21.574 -8.5196 0.75651
-21.3561 -8.74234 0.76542 0.0186402 -21.574 -8.5196 0.75651
-21.6118 -8.24603 0.767504 3.69491e-05 -21.574 -8.5196 0.75651
-21.2668 -8.05848 0.742525 1.15338e-05 -21.574 -8.5196 0.75651
-21.7206 -8.30787 0.761132 0.00622289 -21.574 -8.5196 0.75651
-21.2689 -8.4152 0.755608 0.020338 -21.574 -8.5196 0.75651
-21.2153 -8.60635 0.754148 0.00146597 -21.574 -8.5196 0.75651
-21.4661 -8.32926 0.745831 0.00263203 -21.574 -8.5196 0.75651
-21.1923 -8.46908 0.751399 0.00115676 -21.574 -8.5196 0.75651
-21.6433 -8.55161 0.740523 1.77566e-08 -21.574 -8.5196 0.75651
-21.6791 -8.08892 0.757875 7.17779e-05 -21.574 -8.5196 0.75651
-21.4117 -8.20312 0.756617 0.00743849 -21.574 -8.5196 0.75651
-21.5129 -8.04405 0.727869 3.98899e-13 -21.574 -8.5196 0.75651
-21.7765 -9.02131 0.754979 4.98451e-09 -21.574 -8.5196 0.75651
-21.0536 -7.87324 0.74468 7.54446e-10 -21.574 -8.5196 0.75651
-20.8648 -8.5298 0.73795 6.14064e-15 -21.574 -8.5196 0.75651
-22.343 -8.45009 0.7492 4.59798e-17 -21.574 -8.5196 0.75651
-21.7205 -7.82398 0.740271 8.51623e-10 -21.574 -8.5196 0.75651
-20.8365 -8.19163 0.75479 3.15987e-11 -21.574 -8.5196 0.75651
-21.001 -7.83988 0.749521 7.89701e-12 -21.574 -8.5196 0.75651
-21.4266 -8.19973 0.750394 0.0103155 -21.574 -8.5196 0.75651
-21.6718 -8.34257 0.73922 1.45976e-07 -21.574 -8.5196 0.75651
-21.006 -8.2245 0.749874 7.04946e-07 -21.574 -8.5196 0.75651
-21.4817 -8.31165 0.746953 0.00599541 -21.574 -8.5196 0.75651
-21.7152 -8.35465 0.761751 0.0141947 -21.574 -8.5196 0.75651
-22.0973 -8.03359 0.735615 3.62071e-17 -21.574 -8.5196 0.75651
-21.2535 -8.45032 0.741622 1.94473e-06 -21.574 -8.5196 0.75651
