62.482 -49.0447 3.86945 0.0783958 62.224 -48.866 3.8594
62.1305 -48.7335 3.85767 7.97385e-05 62.224 -48.866 3.8594
61.9476 -49.4308 3.85711 8.31253e-08 62.224 -48.866 3.8594
62.3228 -48.6277 3.85559 1.05472e-05 62.224 -48.866 3.8594
61.7696 -48.4291 3.86478 1.45728e-15 62.224 -48.866 3.8594
62.3578 -48.6411 3.86025 0.000276235 62.224 -48.866 3.8594
62.2216 -48.8279 3.84359 7.22068e-08 62.224 -48.866 3.8594
62.5256 -48.8776 3.87749 0.00111043 62.224 -48.866 3.8594
62.429 -48.6764 3.85385 2.16665e-05 62.224 -48.866 3.8594
62.5767 -48.3517 3.85901 2.65289e-11 62.224 -48.866 3.8594
62.6842 -49.0826 3.85822 0.00659586 62.224 -48.866 3.8594
62.0219 -48.7443 3.8482 8.72168e-09 62.224 -48.866 3.8594
62.5195 -49.4153 3.86791 2.21415e-05 62.224 -48.866 3.8594
62.2379 -49.0084 3.86555 0.0750421 62.224 -48.866 3.8594
61.7656 -48.8932 3.85754 1.33193e-09 62.224 -48.866 3.8594
62.1719 -48.6097 3.87976 2.84191e-07 62.224 -48.866 3.8594
61.5294 -48.9613 3.84958 3.42378e-17 62.224 -48.866 3.8594
62.2623 -49.1693 3.85532 0.0403149 62.224 -48.866 3.8594
62.1124 -49.0657 3.85238 0.00119557 62.224 -48.866 3.8594
62.1792 -48.7186 3.87537 5.2521e-05 62.224 -48.866 3.8594
62.0215 -48.6588 3.84484 7.00655e-12 62.224 -48.866 3.8594
61.349 -48.5281 3.85928 8.19086e-28 62.224 -48.866 3.8594
62.5006 -49.0269 3.8489 0.000995836 62.224 -48.866 3.8594
61.9194 -48.6853 3.86871 4.66643e-08 62.224 -48.866 3.8594
61.5722 -48.9355 3.86217 8.66364e-15 62.224 -48.866 3.8594
62.2951 -48.8847 3.87403 0.00504713 62.224 -48.866 3.8594
61.9854 -48.7555 3.84959 1.37438e-08 62.224 -48.866 3.8594
62.6423 -49.0013 3.85687 0.00957592 62.224 -48.866 3.8594
62.4818 -49.1714 3.85705 0.08744 62.224 -48.866 3.8594
62.1178 -48.8204 3.88773 1.06943e-10 62.224 -48.866 3.8594
62.1845 -48.7257 3.85383 2.25858e-05 62.224 -48.866 3.8594
62.478 -49.0743 3.87678 0.00054068 62.224 -48.866 3.8594
61.7258 -48.5676 3.86699 4.97496e-14 62.224 -48.866 3.8594
62.3286 -48.2935 3.85336 1.08032e-14 62.224 -48.866 3.8594
62.6166 -48.814 3.86499 0.0134811 62.224 -48.866 3.8594
62.0943 -48.9705 3.86813 0.00135198 62.224 -48.866 3.8594
62.6231 -49.0799 3.86861 0.0168895 62.224 -48.866 3.8594
61.9901 -49.2904 3.88334 2.36204e-14 62.224 -48.866 3.8594
61.4973 -48.3104 3.84856 2.72777e-31 62.224 -48.866 3.8594
62.5866 -48.9034 3.85726 0.0122593 62.224 -48.866 3.8594
62.0895 -48.7838 3.84754 1.15997e-07 62.224 -48.866 3.8594
62.0866 -48.5986 3.87283 8.24191e-07 62.224 -48.866 3.8594
62.264 -48.8084 3.8815 6.69199e-06 62.224 -48.866 3.8594
62.5864 -48.5652 3.8804 1.28656e-06 62.224 -48.866 3.8594
62.2667 -49.01 3.86127 0.163958 62.224 -48.866 3.8594
62.1062 -49.1007 3.86062 0.00605809 62.224 -48.866 3.8594
62.7424 -48.8606 3.85015 7.94238e-07 62.224 -48.866 3.8594
62.0386 -48.6173 3.8567 6.80908e-08 62.224 -48.866 3.8594
62.0395 -49.4217 3.85791 2.64157e-06 62.224 -48.866 3.8594
61.9476 -48.9961 3.84787 2.73417e-07 62.224 -48.866 3.8594
62.0079 -49.2218 3.85602 8.51089e-05 62.224 -48.866 3.8594
62.9782 -48.8091 3.87188 5.0518e-08 62.224 -48.866 3.8594
62.383 -48.2799 3.87619 1.18644e-10 62.224 -48.866 3.8594
62.2132 -48.9731 3.86352 0.0637226 62.224 -48.866 3.8594
62.3434 -48.726 3.85317 7.65541e-05 62.224 -48.866 3.8594
61.5664 -48.7967 3.88571 4.60794e-23 62.224 -48.866 3.8594
62.0238 -48.5884 3.86743 2.13139e-07 62.224 -48.866 3.8594
62.0644 -48.5912 3.87028 6.58603e-07 62.224 -48.866 3.8594
61.8937 -48.7963 3.85839 1.62266e-07 62.224 -48.866 3.8594
61.8765 -48.6843 3.8683 6.5775e-09 62.224 -48.866 3.8594
62.3362 -48.639 3.86441 0.000771655 62.224 -48.866 3.8594
61.9441 -48.6525 3.87014 4.18554e-08 62.224 -48.866 3.8594
62.3524 -48.8671 3.87183 0.0264581 62.224 -48.866 3.8594
61.9721 -48.5959 3.84775 1.95928e-12 62.224 -48.866 3.8594
62.0971 -49.2405 3.86503 0.000267731 62.224 -48.866 3.8594
62.2591 -48.4885 3.88128 2.23427e-08 62.224 -48.866 3.8594
62.0345 -49.2615 3.85373 8.07694e-05 62.224 -48.866 3.8594
62.6418 -48.3037 3.86922 8.31464e-11 62.224 -48.866 3.8594
62.8089 -48.9137 3.86239 0.000210246 62.224 -48.866 3.8594
62.5292 -49.0653 3.8666 0.122352 62.224 -48.866 3.8594
62.6066 -48.3813 3.87457 1.13346e-08 62.224 -48.866 3.8594
63.2797 -48.8746 3.85905 8.87731e-17 62.224 -48.866 3.8594
62.0869 -48.413 3.85107 7.44397e-14 62.224 -48.866 3.8594
61.6057 -49.0675 3.85488 1.52447e-13 62.224 -48.866 3.8594
61.9361 -48.7107 3.86707 2.46403e-07 62.224 -48.866 3.8594
62.4259 -48.2108 3.8546 8.99113e-17 62.224 -48.866 3.8594
62.427 -49.1549 3.86093 0.20122 62.224 -48.866 3.8594
61.9761 -49.4528 3.8706 8.67716e-11 62.224 -48.866 3.8594
62.6059 -49.3957 3.858 0.00024305 62.224 -48.866 3.8594
62.1331 -48.26 3.86263 9.87708e-14 62.224 -48.866 3.8594
62.5257 -49.3731 3.8831 2.22823e-11 62.224 -48.866 3.8594
62.7593 -49.2656 3.83271 1.21831e-14 62.224 -48.866 3.8594
62.0368 -48.7282 3.8693 1.19427e-05 62.224 -48.866 3.8594
62.164 -48.5992 3.84227 3.18605e-13 62.224 -48.866 3.8594
62.2126 -48.6808 3.85589 2.90866e-05 62.224 -48.866 3.8594
62.0837 -49.1573 3.86897 0.000131423 62.224 -48.866 3.8594
62.6456 -48.5856 3.87618 8.52203e-06 62.224 -48.866 3.8594
62.2556 -48.2818 3.88611 1.37802e-13 62.224 -48.866 3.8594
62.4831 -48.4483 3.87983 8.54817e-08 62.224 -48.866 3.8594
62.3826 -48.3308 3.85457 5.85542e-13 62.224 -48.866 3.8594
62.0043 -48.9022 3.86281 0.000144862 62.224 -48.866 3.8594
62.2488 -49.1138 3.86765 0.0223773 62.224 -48.866 3.8594
62.0048 -48.4564 3.856 6.48819e-12 62.224 -48.866 3.8594
61.9588 -48.8228 3.86609 6.59332e-06 62.224 -48.866 3.8594
61.8983 -48.8599 3.84952 9.85248e-09 62.224 -48.866 3.8594
62.6392 -49.03 3.86291 0.0410505 62.224 -48.866 3.8594
63.286 -48.9697 3.88562 4.52534e-20 62.224 -48.866 3.8594
62.316 -48.4225 3.86222 3.04801e-08 62.224 -48.866 3.8594
62.5503 -49.2964 3.88523 2.61192e-11 62.224 -48.866 3.8594
61.6488 -48.8771 3.86207 1.09659e-12 62.224 -48.866 3.8594
