136.406 20.5062 0.0741708 0.000422596 136.49 20.637 0.068949
136.366 20.9083 0.0582427 4.94347e-05 136.49 20.637 0.068949
136.321 21.0557 0.0692808 0.00245373 136.49 20.637 0.068949
136.609 20.5403 0.071146 0.00692202 136.49 20.637 0.068949
136.544 21.0547 0.0818842 0.000439473 136.49 20.637 0.068949
136.089 19.9925 0.0609722 1.02962e-21 136.49 20.637 0.068949
136.488 20.3493 0.0585919 2.65947e-09 136.49 20.637 0.068949
136.12 21.0202 0.0646575 1.19584e-06 136.49 20.637 0.068949
135.864 21.3094 0.0690412 2.76663e-13 136.49 20.637 0.068949
135.924 21.1328 0.0417044 1.30814e-24 136.49 20.637 0.068949
136.416 21.1556 0.0645546 0.00213347 136.49 20.637 0.068949
136.804 21.0304 0.0728109 0.07166 136.49 20.637 0.068949
136.102 20.841 0.0656384 1.00274e-06 136.49 20.637 0.068949
136.641 20.8377 0.0844802 0.000313932 136.49 20.637 0.068949
136.905 20.516 0.0788625 6.30716e-05 136.49 20.637 0.068949
136.175 20.8125 0.0588231 7.42046e-08 136.49 20.637 0.068949
135.904 20.5738 0.065685 1.84653e-12 136.49 20.637 0.068949
136.089 20.5131 0.0594439 8.31585e-12 136.49 20.637 0.068949
136.198 20.6055 0.0693539 9.66259e-06 136.49 20.637 0.068949
136.544 20.6754 0.0623184 0.0027391 136.49 20.637 0.068949
136.121 21.5055 0.0541579 2.79942e-14 136.49 20.637 0.068949
136.674 20.7434 0.0690009 0.207492 136.49 20.637 0.068949
136.455 20.8261 0.0628136 0.00647056 136.49 20.637 0.068949
136.574 20.5238 0.0601296 2.13292e-05 136.49 20.637 0.068949
136.405 21.4997 0.0651738 2.19497e-07 136.49 20.637 0.068949
136.164 20.5097 0.0783622 1.09424e-06 136.49 20.637 0.068949
136.217 21.0723 0.074896 8.60784e-05 136.49 20.637 0.068949
136.382 20.7224 0.0569659 2.76926e-06 136.49 20.637 0.068949
136.184 20.5736 0.0696585 3.5656e-06 136.49 20.637 0.068949
136.535 21.2586 0.0478713 4.63628e-09 136.49 20.637 0.068949
136.08 20.093 0.0584903 1.18004e-20 136.49 20.637 0.068949
136.809 21.267 0.0524127 1.21352e-05 136.49 20.637 0.068949
136.407 20.4108 0.0560968 2.9642e-10 136.49 20.637 0.068949
136.529 20.9205 0.0604993 0.00883733 136.49 20.637 0.068949
136.474 20.6141 0.0423909 3.25342e-16 136.49 20.637 0.068949
136.835 20.7406 0.0643085 0.0440774 136.49 20.637 0.068949
136.1 20.6142 0.0702069 4.76256e-07 136.49 20.637 0.068949
136.198 20.1896 0.0782406 9.40118e-11 136.49 20.637 0.068949
136.079 20.8885 0.0621429 4.62599e-08 136.49 20.637 0.068949
136.179 20.7461 0.0932612 2.66975e-10 136.49 20.637 0.068949
136.502 20.4046 0.0526083 1.85841e-11 136.49 20.637 0.068949
136.373 20.727 0.0606589 7.53975e-05 136.49 20.637 0.068949
136.41 20.486 0.0614119 1.2014e-06 136.49 20.637 0.068949
137.159 21.0269 0.0533349 3.67872e-06 136.49 20.637 0.068949
135.846 21.0546 0.0664188 3.74141e-12 136.49 20.637 0.068949
136.646 20.2725 0.0713614 1.53508e-06 136.49 20.637 0.068949
135.984 20.0029 0.062361 8.24196e-23 136.49 20.637 0.068949
136.79 21.1595 0.0649173 0.0407377 136.49 20.637 0.068949
136.835 21.1044 0.0566341 0.00236451 136.49 20.637 0.068949
136.316 20.5234 0.0577679 8.62095e-09 136.49 20.637 0.068949
136.125 20.7633 0.0644069 6.21185e-07 136.49 20.637 0.068949
135.95 20.857 0.0505637 3.63699e-17 136.49 20.637 0.068949
135.947 20.1473 0.07029 7.56323e-17 136.49 20.637 0.068949
136.595 20.7711 0.0603989 0.00605513 136.49 20.637 0.068949
136.251 20.9819 0.0612781 2.0043e-05 136.49 20.637 0.068949
136.297 21.3049 0.0583443 2.31824e-07 136.49 20.637 0.068949
136.108 20.7901 0.0560629 1.58103e-10 136.49 20.637 0.068949
136.843 20.9671 0.0684916 0.194588 136.49 20.637 0.068949
136.199 20.4665 0.0527607 2.33349e-14 136.49 20.637 0.068949
136.193 20.5483 0.0726107 6.13617e-06 136.49 20.637 0.068949
136.292 21.236 0.0485027 1.41276e-11 136.49 20.637 0.068949
136.248 20.3798 0.0616464 4.22137e-10 136.49 20.637 0.068949
135.856 20.9844 0.0608363 1.65357e-13 136.49 20.637 0.068949
136.063 20.8209 0.0600567 2.28056e-09 136.49 20.637 0.068949
135.968 20.4319 0.0508346 3.10159e-21 136.49 20.637 0.068949
136.391 20.7146 0.0600584 5.7873e-05 136.49 20.637 0.068949
136.715 20.7275 0.0768401 0.0398962 136.49 20.637 0.068949
136.871 21.4631 0.0486817 3.91687e-09 136.49 20.637 0.068949
136.19 20.9835 0.0678588 7.2423e-05 136.49 20.637 0.068949
136.501 20.2768 0.0398917 1.19517e-24 136.49 20.637 0.068949
136.283 20.7747 0.0793432 0.000504064 136.49 20.637 0.068949
136.438 20.7702 0.096972 2.45129e-11 136.49 20.637 0.068949
136.214 20.8694 0.0633591 2.00378e-05 136.49 20.637 0.068949
136.865 20.6504 0.0608334 0.00156401 136.49 20.637 0.068949
136.727 20.829 0.0763256 0.0754667 136.49 20.637 0.068949
136.216 20.5896 0.055781 1.67933e-10 136.49 20.637 0.068949
136.365 21.2732 0.062423 3.48742e-05 136.49 20.637 0.068949
136.267 20.5391 0.0640857 1.0641e-06 136.49 20.637 0.068949
136.336 20.5174 0.0582549 2.20312e-08 136.49 20.637 0.068949
136.203 20.5307 0.0690836 1.98754e-06 136.49 20.637 0.068949
136.831 20.8812 0.0685327 0.244352 136.49 20.637 0.068949
136.258 19.9064 0.0727332 3.86935e-17 136.49 20.637 0.068949
136.273 20.4615 0.0637687 1.03602e-07 136.49 20.637 0.068949
137.085 20.9793 0.0630207 0.00236303 136.49 20.637 0.068949
136.217 20.6234 0.0615064 1.98146e-07 136.49 20.637 0.068949
136.478 20.4899 0.0738104 0.000785978 136.49 20.637 0.068949
136.692 20.5836 0.0599601 0.000250058 136.49 20.637 0.068949
136.422 20.6786 0.0680388 0.00660056 136.49 20.637 0.068949
136.276 20.8602 0.0677839 0.00110808 136.49 20.637 0.068949
136.347 21.4266 0.0700591 8.8832e-07 136.49 20.637 0.068949
136.353 20.4954 0.0430869 4.72298e-19 136.49 20.637 0.068949
136.245 20.8727 0.0869439 9.21692e-07 136.49 20.637 0.068949
136.299 20.7743 0.0642613 0.000242901 136.49 20.637 0.068949
136.731 20.4893 0.0662711 0.000742565 136.49 20.637 0.068949
136.31 20.7579 0.0474074 9.21536e-13 136.49 20.637 0.068949
136.704 20.9301 0.0419553 1.10745e-11 136.49 20.637 0.068949
136.778 21.4731 0.0609287 8.68826e-06 136.49 20.637 0.068949
136.332 20.9708 0.0605339 0.000142218 136.49 20.637 0.068949
136.4 20.4429 0.0888474 6.77926e-08 136.49 20.637 0.068949
136.51 20.8759 0.0632132 0.0277146 136.49 20.637 0.068949
