263.485 -16.2412 3.62087 8.577e-09 263.43 -16.185 3.6355
263.483 -15.9368 3.63952 0.00625897 263.43 -16.185 3.6355
263.353 -16.0862 3.64759 7.90579e-08 263.43 -16.185 3.6355
263.699 -15.7123 3.63791 5.10904e-06 263.43 -16.185 3.6355
262.579 -16.3021 3.63064 1.49946e-10 263.43 -16.185 3.6355
262.955 -15.9757 3.61512 0.000133033 263.43 -16.185 3.6355
263.192 -15.943 3.63942 0.000244401 263.43 -16.185 3.6355
263.832 -16.0349 3.62518 7.01025e-13 263.43 -16.185 3.6355
263.755 -16.026 3.66303 1.24535e-18 263.43 -16.185 3.6355
263.057 -15.8991 3.62549 0.0639102 263.43 -16.185 3.6355
263.321 -15.6922 3.65323 4.99543e-17 263.43 -16.185 3.6355
264.067 -16.4014 3.64109 1.90676e-08 263.43 -16.185 3.6355
263.191 -15.9184 3.64565 4.45991e-09 263.43 -16.185 3.6355
263.222 -16.1995 3.63599 0.0105786 263.43 -16.185 3.6355
263.406 -16.5863 3.65291 4.28107e-17 263.43 -16.185 3.6355
263.57 -16.0312 3.65022 1.09221e-07 263.43 -16.185 3.6355
262.452 -16.7747 3.60588 2.00613e-20 263.43 -16.185 3.6355
263.225 -15.9879 3.62695 0.106263 263.43 -16.185 3.6355
262.891 -15.5686 3.63865 5.04147e-13 263.43 -16.185 3.6355
263.547 -15.8575 3.64215 0.000314383 263.43 -16.185 3.6355
263.531 -15.8847 3.64031 0.00177228 263.43 -16.185 3.6355
262.999 -15.8055 3.64075 3.49581e-09 263.43 -16.185 3.6355
262.907 -16.2595 3.6231 0.00459424 263.43 -16.185 3.6355
262.887 -16.012 3.62939 0.00451068 263.43 -16.185 3.6355
263.021 -15.7401 3.61787 4.16626e-05 263.43 -16.185 3.6355
262.924 -16.0325 3.62471 0.0584408 263.43 -16.185 3.6355
263.198 -16.2752 3.62167 0.000259406 263.43 -16.185 3.6355
263.917 -16.3244 3.63826 1.28394e-06 263.43 -16.185 3.6355
263.431 -15.5206 3.62854 5.09471e-08 263.43 -16.185 3.6355
262.77 -15.87 3.6274 0.000186418 263.43 -16.185 3.6355
262.965 -15.8541 3.63775 5.02528e-07 263.43 -16.185 3.6355
263.828 -16.4204 3.61726 8.07474e-24 263.43 -16.185 3.6355
263.897 -16.5695 3.63938 1.34456e-08 263.43 -16.185 3.6355
263.208 -16.182 3.63232 0.0763201 263.43 -16.185 3.6355
263.369 -16.2185 3.6026 1.17968e-28 263.43 -16.185 3.6355
263.249 -15.9068 3.62532 0.0168543 263.43 -16.185 3.6355
263.455 -16.4028 3.62554 7.15494e-07 263.43 -16.185 3.6355
263.459 -15.901 3.63732 0.0120382 263.43 -16.185 3.6355
262.749 -16.1787 3.62371 0.00117566 263.43 -16.185 3.6355
263.672 -15.5894 3.63939 1.04977e-07 263.43 -16.185 3.6355
263.558 -16.0858 3.62582 7.14318e-06 263.43 -16.185 3.6355
263.898 -16.4038 3.62681 6.19578e-15 263.43 -16.185 3.6355
263.373 -15.5889 3.63479 6.77076e-06 263.43 -16.185 3.6355
263.366 -16.2091 3.61213 1.44149e-14 263.43 -16.185 3.6355
264.05 -16.152 3.64683 2.13124e-05 263.43 -16.185 3.6355
263.041 -16.1254 3.63001 0.0575377 263.43 -16.185 3.6355
263.193 -15.7515 3.65725 4.97565e-25 263.43 -16.185 3.6355
264.062 -16.1299 3.63386 3.43248e-11 263.43 -16.185 3.6355
263.057 -16.0356 3.62481 0.126992 263.43 -16.185 3.6355
263.333 -15.9828 3.62596 0.0104978 263.43 -16.185 3.6355
262.897 -15.8619 3.6325 7.36333e-05 263.43 -16.185 3.6355
263.045 -16.2824 3.62942 0.00821807 263.43 -16.185 3.6355
263.215 -16.2631 3.6546 5.40992e-19 263.43 -16.185 3.6355
263.401 -15.5445 3.63623 5.5115e-07 263.43 -16.185 3.6355
263.457 -16.6922 3.61503 1.12607e-21 263.43 -16.185 3.6355
263.178 -15.9756 3.61245 2.37482e-09 263.43 -16.185 3.6355
264.299 -16.1091 3.6663 3.76942e-10 263.43 -16.185 3.6355
263.153 -15.921 3.62767 0.115361 263.43 -16.185 3.6355
263.58 -15.8412 3.64231 0.000193771 263.43 -16.185 3.6355
263.052 -16.2507 3.62278 0.00669359 263.43 -16.185 3.6355
263.88 -16.4222 3.65142 2.97786e-05 263.43 -16.185 3.6355
263.7 -15.6372 3.63301 4.36967e-08 263.43 -16.185 3.6355
262.889 -15.8406 3.64848 1.9174e-20 263.43 -16.185 3.6355
263.385 -16.0979 3.64949 4.54252e-09 263.43 -16.185 3.6355
262.572 -16.0315 3.62433 5.66925e-06 263.43 -16.185 3.6355
264.088 -16.1701 3.64456 2.33177e-06 263.43 -16.185 3.6355
263.854 -16.1206 3.6341 3.00765e-07 263.43 -16.185 3.6355
263.058 -16.3259 3.63524 7.98965e-05 263.43 -16.185 3.6355
263.976 -15.7143 3.66197 2.20537e-14 263.43 -16.185 3.6355
263.004 -16.0203 3.62755 0.102104 263.43 -16.185 3.6355
262.994 -15.8574 3.6339 0.000281764 263.43 -16.185 3.6355
263.127 -16.0576 3.63386 0.0311788 263.43 -16.185 3.6355
264.229 -16.6396 3.64969 2.69099e-10 263.43 -16.185 3.6355
262.889 -16.001 3.6263 0.0241758 263.43 -16.185 3.6355
264.073 -15.8938 3.63187 2.49557e-13 263.43 -16.185 3.6355
263.515 -16.1144 3.63177 0.00805314 263.43 -16.185 3.6355
262.871 -16.2435 3.65358 1.98969e-28 263.43 -16.185 3.6355
263.576 -15.9208 3.65101 1.12707e-08 263.43 -16.185 3.6355
263.867 -16.4024 3.64055 9.67245e-06 263.43 -16.185 3.6355
263.446 -16.112 3.64109 0.00338568 263.43 -16.185 3.6355
263.025 -16.1573 3.6282 0.0636303 263.43 -16.185 3.6355
263.338 -15.6386 3.61519 1.33667e-12 263.43 -16.185 3.6355
262.944 -16.0901 3.62715 0.0452179 263.43 -16.185 3.6355
263.039 -16.0104 3.64575 6.70856e-12 263.43 -16.185 3.6355
263.556 -15.8025 3.6334 0.000515249 263.43 -16.185 3.6355
263.796 -15.5569 3.61649 6.80277e-26 263.43 -16.185 3.6355
263.533 -15.9438 3.63667 0.0123331 263.43 -16.185 3.6355
262.974 -16.0948 3.64513 9.52768e-13 263.43 -16.185 3.6355
262.877 -16.4265 3.62795 1.29676e-05 263.43 -16.185 3.6355
263.491 -16.3471 3.64419 7.65809e-06 263.43 -16.185 3.6355
263.93 -16.2637 3.65157 0.000107544 263.43 -16.185 3.6355
262.785 -15.7284 3.63255 4.44806e-08 263.43 -16.185 3.6355
263.545 -16.2257 3.6333 0.00260225 263.43 -16.185 3.6355
263.902 -16.336 3.652 6.44193e-05 263.43 -16.185 3.6355
263.734 -16.3559 3.65085 9.37984e-09 263.43 -16.185 3.6355
263.286 -16.1099 3.61379 2.5362e-10 263.43 -16.185 3.6355
263.969 -16.661 3.65355 3.85622e-08 263.43 -16.185 3.6355
263.489 -15.9091 3.63525 0.0153518 263.43 -16.185 3.6355
263.67 -16.2669 3.65348 3.98861e-10 263.43 -16.185 3.6355
263.21 -16.3809 3.62853 0.00134134 263.43 -16.185 3.6355
