79.8971 -35.6987 3.67255 8.93372e-11
79.7292 -35.4341 3.67338 2.59096e-08
79.6954 -35.3297 3.68898 0.00316111
79.7439 -35.5749 3.70544 7.28087e-17
79.1002 -35.4286 3.67566 8.77806e-07
79.4155 -35.6343 3.7008 2.1221e-10
79.6444 -35.3266 3.68937 0.0106709
79.9977 -36.2229 3.69373 3.22657e-28
79.5611 -35.012 3.68035 2.06492e-08
79.0928 -35.3767 3.67573 2.65655e-07
79.1327 -35.2801 3.67816 2.43414e-06
79.4243 -35.4201 3.68605 0.290052
79.4913 -35.6575 3.70637 1.45885e-17
79.5092 -35.4766 3.68719 0.150008
79.3008 -35.3923 3.68091 0.0137601
79.8054 -35.1349 3.68286 1.349e-07
79.8048 -35.4178 3.67365 2.02721e-09
79.5758 -35.4415 3.68462 0.0659403
79.3439 -35.3099 3.68335 0.033198
79.9732 -35.9239 3.68327 1.60245e-12
79.1568 -35.808 3.68192 3.80771e-05
79.603 -35.8112 3.70055 4.79224e-15
79.2477 -35.2746 3.67165 2.10953e-10
79.1517 -35.7671 3.68019 8.03256e-05
79.3517 -35.1662 3.67728 5.07076e-07
79.0525 -34.9815 3.69006 1.27496e-07
79.8256 -35.1373 3.68101 8.77966e-09
79.6286 -35.2345 3.68047 6.04161e-05
79.921 -35.907 3.6758 2.23698e-11
79.4045 -35.8108 3.69128 1.84642e-06
79.4842 -35.5565 3.66739 1.58701e-10
78.7007 -35.2992 3.6848 7.1864e-13
79.6325 -35.5048 3.68596 0.0209708
79.4325 -35.5784 3.69709 2.93379e-06
79.6043 -35.551 3.67035 1.79365e-08
79.0395 -35.3686 3.67526 1.63837e-08
79.2425 -35.4449 3.69561 0.000184543
79.2205 -36.04 3.68333 4.62806e-09
79.8056 -35.789 3.6985 5.94579e-15
79.8935 -34.9994 3.70495 9.01858e-15
79.162 -35.3401 3.69818 4.65372e-06
79.8336 -35.7782 3.67498 1.27147e-08
79.5742 -35.4101 3.68958 0.0433648
79.3956 -35.5539 3.66458 1.45927e-13
79.6319 -35.0447 3.6829 7.65987e-07
79.5198 -35.6452 3.68881 0.00459818
79.3738 -35.4911 3.68653 0.224913
78.8598 -35.0351 3.67695 1.25154e-16
79.5932 -34.9746 3.6648 3.11315e-27
78.8367 -34.881 3.69262 1.31576e-13
79.2206 -35.203 3.68831 0.00583101
79.1822 -35.2323 3.6892 0.00447026
78.879 -35.5599 3.67818 4.87885e-09
79.6043 -35.1654 3.70402 2.28944e-09
79.413 -35.4275 3.69484 0.00244608
79.5545 -34.9637 3.69199 1.89806e-05
79.3621 -35.5575 3.68067 0.0431624
79.1608 -35.1716 3.67761 5.31702e-08
79.0483 -36.1723 3.67373 5.27934e-14
78.9716 -35.6507 3.67718 1.41491e-07
79.2696 -35.1699 3.66382 2.34154e-22
79.2872 -35.7413 3.68542 0.00164589
79.505 -35.3526 3.69608 0.000848074
79.337 -35.2458 3.70109 1.8052e-06
79.335 -35.6349 3.66826 3.11374e-09
79.8317 -35.5054 3.69971 3.1615e-11
79.0467 -35.9188 3.69255 1.27722e-12
79.3095 -36.2017 3.68949 1.96774e-16
79.2376 -35.3813 3.69474 0.00105701
79.8326 -34.9884 3.67861 1.5065e-13
79.4809 -35.4685 3.7006 9.96393e-08
79.5617 -35.5375 3.6944 0.000162065
79.5126 -35.239 3.68923 0.0413678
79.6722 -35.6138 3.67672 7.11701e-05
79.9799 -35.3508 3.70368 2.4775e-16
79.1815 -35.85 3.66109 2.72673e-17
79.0873 -35.9075 3.69445 3.59035e-13
79.4194 -35.7217 3.66661 2.30715e-10
79.2406 -35.7496 3.69115 7.06728e-06
79.7572 -35.571 3.67072 8.19675e-10
79.4201 -35.6075 3.65708 2.52395e-23
79.2238 -35.9681 3.67785 3.98648e-07
79.0434 -35.6066 3.67851 1.00874e-05
79.1324 -35.6138 3.6868 0.00094522
79.7852 -36.2995 3.68452 1.3264e-19
79.8385 -35.6671 3.6871 1.49096e-06
78.9869 -35.9303 3.69576 1.50541e-16
79.2094 -35.7838 3.67854 0.00011406
79.3401 -35.2878 3.67631 7.97056e-06
79.5175 -35.9943 3.6751 1.6808e-07
79.2472 -35.619 3.68602 0.0140729
80.0295 -35.4872 3.6823 7.06419e-10
80.2212 -35.5151 3.69884 4.26458e-21
79.6857 -36.0716 3.68083 4.13745e-10
79.6573 -35.8865 3.68327 2.54089e-06
79.4657 -36.1454 3.6836 3.30398e-11
79.6198 -34.8897 3.69668 1.25342e-07
79.1814 -35.6439 3.66917 1.9543e-09
79.7876 -35.4234 3.67639 3.01796e-07
79.3912 -35.3623 3.6813 0.02274
