101.212 18.6179 0.0842222 1.09301e-06
101.628 18.31 0.0601498 0.0383415
101.633 17.8434 0.0647003 1.88731e-05
101.975 18.2218 0.0866322 1.25515e-08
101.648 18.1803 0.0768002 0.00430557
102.061 18.8221 0.0758391 3.74653e-06
101.54 18.3861 0.0687441 0.122291
101.406 18.6447 0.0621157 0.000945615
101.722 18.198 0.043746 2.69429e-08
101.188 18.2654 0.0622632 4.62855e-06
101.529 18.2353 0.0827049 0.000130073
101.833 18.1389 0.074017 0.00413834
101.391 18.4574 0.0605501 0.00114328
101.984 18.4156 0.0751042 0.00261659
101.569 18.6814 0.0623379 0.0101729
101.513 17.7027 0.0799154 1.47833e-09
101.83 17.8037 0.0748599 6.19323e-07
101.421 18.2584 0.078187 0.00149355
102.144 18.6158 0.0595165 0.00261572
101.282 18.8966 0.0786496 5.80932e-07
102.274 18.6292 0.0798063 4.22779e-09
102.528 18.6969 0.06655 2.32857e-09
101.376 18.2564 0.0860065 3.72906e-06
101.397 18.464 0.0698992 0.0163339
101.59 18.4728 0.0865262 8.02858e-06
102.127 18.1934 0.0947352 2.00299e-16
101.694 18.8481 0.0590347 0.00042237
101.665 18.1103 0.0513245 1.50331e-05
101.411 18.7761 0.0710211 0.000650415
101.418 18.9512 0.0902966 3.9779e-11
101.786 17.688 0.0745547 1.34472e-08
101.906 18.1402 0.0768174 0.000327065
102.488 18.0286 0.0602505 7.50496e-09
101.077 17.7991 0.0723984 1.01049e-10
101.695 18.3517 0.0692807 0.260725
101.667 18.5427 0.0620475 0.104736
101.609 18.0615 0.0668454 0.00599453
101.663 18.421 0.0802287 0.00223854
101.577 18.246 0.0557556 0.000959738
101.647 18.6589 0.0413661 2.19543e-10
101.869 18.0272 0.0778789 3.08803e-05
101.43 18.0837 0.0904999 4.0876e-09
101.385 17.9783 0.0642785 2.16179e-05
101.567 18.7111 0.0875211 2.86952e-07
101.405 18.1468 0.0669119 0.00184836
101.958 18.1674 0.0470527 4.91081e-06
101.338 18.1922 0.0756741 0.000592905
102.05 17.6635 0.0749888 8.69307e-11
101.472 18.6961 0.0691412 0.00701376
101.628 18.4346 0.075891 0.0344125
101.34 17.8066 0.0611187 1.14969e-08
101.519 18.2192 0.0654859 0.0238815
101.79 18.8436 0.0514918 7.44949e-06
101.849 18.8413 0.0709548 0.000919487
102.082 18.8733 0.0724817 6.26137e-06
101.866 17.8309 0.0731604 2.52599e-06
101.268 17.6988 0.069824 5.28358e-10
101.07 18.6417 0.100165 7.29908e-16
101.382 18.2343 0.0773514 0.00105909
101.477 18.756 0.0834113 6.65465e-06
102.022 18.1257 0.0562681 0.00123063
101.173 18.3498 0.0624632 5.30934e-06
101.108 17.8286 0.0740522 7.40529e-10
101.387 18.4222 0.0771818 0.00322756
101.624 18.3765 0.0840066 9.58384e-05
101.71 17.9397 0.0884175 7.11339e-10
101.504 18.0589 0.0791363 9.94109e-05
101.769 18.4647 0.0610778 0.18068
101.297 18.1431 0.0740183 0.000199591
101.762 17.8767 0.0861003 1.04914e-09
101.705 18.0361 0.0790561 7.23466e-05
101.42 18.1541 0.0714464 0.00309925
102.307 18.1089 0.0862082 6.57001e-14
101.998 17.8738 0.0640814 1.97174e-05
102.01 18.0346 0.0792799 9.38372e-07
101.46 18.1375 0.0636203 0.00193637
102.197 18.0088 0.10083 1.46961e-24
101.5 18.0294 0.0509289 9.89921e-08
101.651 18.7189 0.0616159 0.0107257
102.088 18.8035 0.0630182 0.000440846
101.251 18.0065 0.073391 5.64293e-06
102.078 18.4586 0.0698977 0.00660576
101.237 18.2853 0.0862881 6.21522e-07
101.566 18.3525 0.0639564 0.0859318
101.303 18.5126 0.0837984 1.63266e-05
102.074 18.1131 0.036004 1.71284e-12
101.988 18.4777 0.0779224 0.000276477
101.445 18.5922 0.0604434 0.00170094
101.073 17.7705 0.0763155 2.49884e-11
101.316 18.6853 0.0571525 2.55594e-06
101.559 17.9818 0.0786543 3.08182e-05
101.505 18.7265 0.0807097 0.000102697
101.453 18.3727 0.0760032 0.0108389
101.772 18.5829 0.0765745 0.00738751
101.665 18.3491 0.0763271 0.0238739
101.415 17.9849 0.0784993 1.25712e-05
101.688 18.9635 0.0657104 0.000103166
101.991 18.5991 0.0748791 0.0011126
101.939 18.3112 0.0823115 9.72782e-06
102.124 18.5232 0.0632276 0.0097079
