104.825 -24.9596 3.41183 0.00265644 105.19 -25.184 3.4108
104.692 -25.1646 3.40813 7.16044e-05 105.19 -25.184 3.4108
105.182 -25.1399 3.40955 0.149474 105.19 -25.184 3.4108
105.267 -25.1693 3.41057 0.168362 105.19 -25.184 3.4108
105.075 -25.0372 3.41553 0.0806115 105.19 -25.184 3.4108
104.939 -24.9939 3.40208 0.00160498 105.19 -25.184 3.4108
104.792 -24.8408 3.40288 5.96621e-05 105.19 -25.184 3.4108
105.035 -24.7842 3.41278 0.0243061 105.19 -25.184 3.4108
105.83 -24.4968 3.41809 4.46203e-05 105.19 -25.184 3.4108
105.051 -24.7954 3.40655 0.00932769 105.19 -25.184 3.4108
104.456 -24.3271 3.38405 2.73223e-23 105.19 -25.184 3.4108
104.958 -25.1352 3.40452 0.00660113 105.19 -25.184 3.4108
105.34 -25.0203 3.40546 0.0717 105.19 -25.184 3.4108
105.44 -24.4068 3.4047 1.95741e-06 105.19 -25.184 3.4108
105.493 -25.4709 3.42581 1.83386e-06 105.19 -25.184 3.4108
104.91 -25.0057 3.41824 0.00465677 105.19 -25.184 3.4108
104.929 -25.6435 3.40552 3.61614e-06 105.19 -25.184 3.4108
104.3 -25.267 3.40359 2.00232e-11 105.19 -25.184 3.4108
104.754 -25.1109 3.41205 0.000483666 105.19 -25.184 3.4108
105.136 -24.2712 3.43993 1.25766e-12 105.19 -25.184 3.4108
105.591 -25.1434 3.41821 0.00991859 105.19 -25.184 3.4108
105.587 -24.5113 3.43371 6.66069e-08 105.19 -25.184 3.4108
104.7 -24.5149 3.40078 5.30921e-09 105.19 -25.184 3.4108
104.811 -24.674 3.37125 5.13407e-25 105.19 -25.184 3.4108
104.914 -24.6239 3.40916 0.00028454 105.19 -25.184 3.4108
105.291 -24.9051 3.40544 0.0473752 105.19 -25.184 3.4108
105.655 -24.6251 3.397 6.85613e-08 105.19 -25.184 3.4108
105.266 -24.5738 3.40271 8.39289e-05 105.19 -25.184 3.4108
105.231 -24.9707 3.39373 2.07578e-05 105.19 -25.184 3.4108
104.75 -25.0844 3.40344 0.000107355 105.19 -25.184 3.4108
104.334 -24.5677 3.39912 3.53403e-14 105.19 -25.184 3.4108
104.536 -24.3826 3.39732 6.3288e-14 105.19 -25.184 3.4108
104.605 -24.7259 3.39738 2.98114e-09 105.19 -25.184 3.4108
105.038 -24.9094 3.41968 0.0173403 105.19 -25.184 3.4108
105.147 -24.3417 3.40621 9.10635e-07 105.19 -25.184 3.4108
104.921 -24.9313 3.40495 0.00331577 105.19 -25.184 3.4108
104.675 -24.9168 3.40267 6.7544e-06 105.19 -25.184 3.4108
105.108 -24.6837 3.40295 0.000528595 105.19 -25.184 3.4108
105.13 -24.7769 3.40556 0.00943774 105.19 -25.184 3.4108
104.989 -25.3095 3.41295 0.00559089 105.19 -25.184 3.4108
104.574 -25.0865 3.42584 1.00498e-08 105.19 -25.184 3.4108
104.83 -24.7557 3.41126 0.000654066 105.19 -25.184 3.4108
104.762 -24.8563 3.41299 0.000414871 105.19 -25.184 3.4108
104.596 -24.8736 3.39372 7.83847e-10 105.19 -25.184 3.4108
104.74 -24.8063 3.3993 1.43631e-06 105.19 -25.184 3.4108
105.076 -25.0556 3.40143 0.00621768 105.19 -25.184 3.4108
104.634 -24.8889 3.40499 5.00601e-06 105.19 -25.184 3.4108
104.919 -25.5845 3.40218 6.04207e-06 105.19 -25.184 3.4108
105.05 -24.9824 3.4244 0.00183771 105.19 -25.184 3.4108
104.39 -25.1709 3.40749 3.42648e-09 105.19 -25.184 3.4108
104.706 -25.3919 3.39572 8.76142e-08 105.19 -25.184 3.4108
104.656 -24.8067 3.39059 5.70735e-11 105.19 -25.184 3.4108
104.591 -24.9009 3.41373 4.967e-06 105.19 -25.184 3.4108
105.017 -24.2791 3.40352 7.4398e-09 105.19 -25.184 3.4108
104.715 -25.0523 3.41003 0.000220391 105.19 -25.184 3.4108
105.172 -24.2483 3.40913 1.82244e-07 105.19 -25.184 3.4108
105.034 -25.5518 3.40698 0.000148061 105.19 -25.184 3.4108
105.265 -25.3367 3.41679 0.0110207 105.19 -25.184 3.4108
105.006 -24.7574 3.40666 0.00375021 105.19 -25.184 3.4108
104.882 -25.0331 3.40623 0.00385376 105.19 -25.184 3.4108
104.369 -24.0725 3.41271 0 105.19 -25.184 3.4108
104.3 -25.1067 3.39729 1.81803e-12 105.19 -25.184 3.4108
104.733 -24.8315 3.40789 9.77199e-05 105.19 -25.184 3.4108
105.282 -24.9948 3.4189 0.105945 105.19 -25.184 3.4108
104.634 -25.247 3.41341 6.27378e-06 105.19 -25.184 3.4108
104.94 -25.2913 3.40978 0.00431044 105.19 -25.184 3.4108
105.441 -24.6034 3.42555 0.000341757 105.19 -25.184 3.4108
105.067 -24.6248 3.39972 1.35367e-05 105.19 -25.184 3.4108
104.424 -24.9682 3.40557 9.94854e-09 105.19 -25.184 3.4108
104.763 -24.7985 3.41201 0.000259988 105.19 -25.184 3.4108
104.507 -24.7929 3.3996 2.18357e-09 105.19 -25.184 3.4108
104.559 -25.1686 3.4029 4.25689e-07 105.19 -25.184 3.4108
105.2 -25.5975 3.41249 0.000122035 105.19 -25.184 3.4108
105.174 -24.9525 3.40962 0.164059 105.19 -25.184 3.4108
105.043 -24.7271 3.40412 0.00120272 105.19 -25.184 3.4108
105.501 -24.8304 3.40991 0.0336807 105.19 -25.184 3.4108
104.806 -24.7893 3.4053 0.000132973 105.19 -25.184 3.4108
105.032 -25.2853 3.40379 0.00487959 105.19 -25.184 3.4108
104.77 -25.0939 3.40846 0.000642322 105.19 -25.184 3.4108
105.59 -24.7614 3.40353 0.000391599 105.19 -25.184 3.4108
104.928 -24.908 3.42886 1.26451e-05 105.19 -25.184 3.4108
105.056 -25.2736 3.39891 0.000652672 105.19 -25.184 3.4108
104.817 -24.8269 3.43011 4.20196e-07 105.19 -25.184 3.4108
104.909 -24.6951 3.40701 0.000446359 105.19 -25.184 3.4108
105.038 -24.6881 3.40784 0.00295519 105.19 -25.184 3.4108
104.781 -24.9316 3.3962 1.27098e-06 105.19 -25.184 3.4108
104.963 -24.6403 3.40263 4.56612e-05 105.19 -25.184 3.4108
105.136 -24.4906 3.41114 0.000343705 105.19 -25.184 3.4108
105.105 -24.7038 3.40557 0.00284094 105.19 -25.184 3.4108
105.411 -24.8195 3.40324 0.00464729 105.19 -25.184 3.4108
104.969 -24.5296 3.41134 0.000159535 105.19 -25.184 3.4108
104.664 -24.9267 3.4168 2.71886e-05 105.19 -25.184 3.4108
104.941 -24.8578 3.41592 0.010095 105.19 -25.184 3.4108
105.11 -24.7958 3.40314 0.00325481 105.19 -25.184 3.4108
105.03 -24.817 3.39971 0.000251141 105.19 -25.184 3.4108
105.541 -24.9213 3.42142 0.0117615 105.19 -25.184 3.4108
104.637 -24.8609 3.38619 3.24887e-13 105.19 -25.184 3.4108
105.584 -24.733 3.40979 0.0042164 105.19 -25.184 3.4108
105.921 -24.7319 3.40714 8.69791e-05 105.19 -25.184 3.4108
104.361 -25.0261 3.41053 1.99356e-09 105.19 -25.184 3.4108
