265.113 27.5154 5.9997 3.88563e-05 265.13 27.191 5.9936
265.032 27.1571 5.9915 0.0249904 265.13 27.191 5.9936
265.471 27.3345 6.00442 1.79902e-11 265.13 27.191 5.9936
264.96 27.5108 5.99924 0.00105336 265.13 27.191 5.9936
265.051 27.2671 5.98536 0.00152567 265.13 27.191 5.9936
265.364 27.3504 6.02046 1.5532e-16 265.13 27.191 5.9936
265.156 27.5161 5.98346 2.82147e-06 265.13 27.191 5.9936
265.166 27.8045 5.99581 9.66433e-11 265.13 27.191 5.9936
265.2 27.2267 6.00812 5.757e-06 265.13 27.191 5.9936
264.855 28.0514 5.99152 3.93466e-16 265.13 27.191 5.9936
264.514 27.393 6.00104 0.00154836 265.13 27.191 5.9936
264.752 26.8462 6.00458 0.00441463 265.13 27.191 5.9936
265.352 27.5677 6.00662 7.47385e-12 265.13 27.191 5.9936
265.376 27.4991 6.00259 4.23024e-10 265.13 27.191 5.9936
264.661 27.371 6.00014 0.0314196 265.13 27.191 5.9936
265.133 27.7843 6.00119 1.4112e-10 265.13 27.191 5.9936
264.774 27.8986 6.00346 1.70674e-11 265.13 27.191 5.9936
265.551 28.0967 6.00573 1.06346e-30 265.13 27.191 5.9936
265.235 27.4008 5.98454 1.12837e-05 265.13 27.191 5.9936
265.354 27.0797 5.98835 2.05903e-06 265.13 27.191 5.9936
264.638 27.8915 6.00523 9.31849e-12 265.13 27.191 5.9936
265.512 27.841 5.98687 4.44049e-17 265.13 27.191 5.9936
265.556 27.9024 6.00413 8.12161e-24 265.13 27.191 5.9936
265.127 28.0853 5.99275 2.35303e-18 265.13 27.191 5.9936
265.474 27.726 5.99342 3.4285e-14 265.13 27.191 5.9936
265.059 27.5234 6.00213 5.64814e-05 265.13 27.191 5.9936
264.893 27.3745 6.00738 0.00808124 265.13 27.191 5.9936
265.108 27.4481 5.98165 9.81403e-06 265.13 27.191 5.9936
265.051 27.1291 5.99276 0.0229372 265.13 27.191 5.9936
265.13 27.3008 6.00953 1.66055e-05 265.13 27.191 5.9936
264.873 27.2403 5.99323 0.107915 265.13 27.191 5.9936
264.798 27.4219 5.99638 0.0197547 265.13 27.191 5.9936
265.208 27.8422 6.01016 5.61896e-16 265.13 27.191 5.9936
265.019 27.2015 5.98812 0.00920788 265.13 27.191 5.9936
265.309 27.7846 6.00584 6.26695e-15 265.13 27.191 5.9936
264.681 27.5254 5.98949 2.23348e-05 265.13 27.191 5.9936
264.716 27.9678 6.00752 3.76446e-14 265.13 27.191 5.9936
264.521 27.4558 6.0086 0.000480434 265.13 27.191 5.9936
265.864 27.6996 5.99288 1.62132e-25 265.13 27.191 5.9936
265.391 27.7057 5.97206 1.70235e-14 265.13 27.191 5.9936
264.992 27.3205 5.99258 0.0264057 265.13 27.191 5.9936
265.693 27.2303 6.00043 1.59694e-16 265.13 27.191 5.9936
265.588 27.3993 5.99169 3.73497e-12 265.13 27.191 5.9936
265.114 27.472 5.98202 6.85729e-06 265.13 27.191 5.9936
265.806 28.1085 6.00082 1.02958e-37 265.13 27.191 5.9936
265.062 27.6579 5.98912 7.5598e-07 265.13 27.191 5.9936
264.587 27.6112 6.00667 1.00462e-05 265.13 27.191 5.9936
264.72 27.7853 5.98853 7.15506e-10 265.13 27.191 5.9936
265.654 27.9584 5.99799 3.40011e-26 265.13 27.191 5.9936
265.465 27.5523 5.991 1.03105e-10 265.13 27.191 5.9936
265.237 27.5908 6.00101 2.97553e-08 265.13 27.191 5.9936
265.358 27.9589 5.99267 1.50909e-17 265.13 27.191 5.9936
265.247 27.5704 5.97596 1.16717e-09 265.13 27.191 5.9936
264.962 27.5667 5.99899 0.000174005 265.13 27.191 5.9936
265.146 27.5009 5.98195 2.18592e-06 265.13 27.191 5.9936
265.737 27.5328 6.01225 1.5055e-26 265.13 27.191 5.9936
264.911 27.1839 6.00942 0.019899 265.13 27.191 5.9936
265.121 27.635 5.99955 4.51711e-07 265.13 27.191 5.9936
265.317 27.3706 6.00545 2.79434e-08 265.13 27.191 5.9936
265.061 27.6644 6.00277 2.00208e-07 265.13 27.191 5.9936
265.596 27.85 6.00506 4.73917e-24 265.13 27.191 5.9936
264.833 27.0352 5.98206 2.23422e-05 265.13 27.191 5.9936
265.447 27.6518 6.00916 7.10073e-17 265.13 27.191 5.9936
264.885 27.3296 5.98467 0.000722532 265.13 27.191 5.9936
265.194 27.7142 6.00543 6.03692e-11 265.13 27.191 5.9936
265.577 27.6701 6.00233 3.58612e-18 265.13 27.191 5.9936
264.803 27.5241 5.99961 0.00186104 265.13 27.191 5.9936
265.541 27.2879 5.99292 2.11611e-10 265.13 27.191 5.9936
265.295 27.1662 5.96974 1.7561e-10 265.13 27.191 5.9936
265.452 26.9193 6.01241 1.29437e-14 265.13 27.191 5.9936
265.128 27.9787 5.99829 2.3685e-15 265.13 27.191 5.9936
264.518 26.9428 5.99471 7.80508e-05 265.13 27.191 5.9936
265.413 27.9885 5.9993 7.49146e-21 265.13 27.191 5.9936
264.783 27.7565 5.98234 1.22719e-10 265.13 27.191 5.9936
265.027 27.976 5.99841 2.80604e-14 265.13 27.191 5.9936
265.213 26.9069 5.99339 2.04599e-05 265.13 27.191 5.9936
264.701 28.0564 5.99012 3.21292e-17 265.13 27.191 5.9936
265.478 27.257 6.02235 8.05894e-21 265.13 27.191 5.9936
265.498 27.8233 5.9975 8.27174e-18 265.13 27.191 5.9936
264.604 27.5099 6.00181 0.000591806 265.13 27.191 5.9936
265.127 27.2507 6.00611 0.000279944 265.13 27.191 5.9936
265.29 27.2236 5.98652 2.48422e-05 265.13 27.191 5.9936
265.076 27.9663 6.00183 5.84128e-15 265.13 27.191 5.9936
265.246 26.8805 5.99728 2.97059e-06 265.13 27.191 5.9936
264.717 27.4573 5.98752 7.3439e-05 265.13 27.191 5.9936
264.706 27.445 5.98493 1.0722e-05 265.13 27.191 5.9936
265.862 27.3371 5.99467 2.51574e-21 265.13 27.191 5.9936
264.376 27.2233 5.99878 6.46076e-05 265.13 27.191 5.9936
265.344 27.5234 5.99043 5.88867e-08 265.13 27.191 5.9936
265.061 27.3476 6.00808 0.000214511 265.13 27.191 5.9936
264.881 27.838 6.00381 3.83957e-10 265.13 27.191 5.9936
265.319 27.1383 5.99702 8.43427e-06 265.13 27.191 5.9936
264.287 27.4421 6.00706 9.15577e-07 265.13 27.191 5.9936
264.99 27.8089 5.99862 2.04221e-09 265.13 27.191 5.9936
264.805 28.0721 5.99925 1.23712e-16 265.13 27.191 5.9936
264.749 27.6762 5.99998 5.0493e-06 265.13 27.191 5.9936
264.865 27.1903 6.00099 0.358967 265.13 27.191 5.9936
264.768 27.238 6.00235 0.357057 265.13 27.191 5.9936
265.702 27.6184 5.99405 1.22505e-18 265.13 27.191 5.9936
265.275 27.4949 5.99646 8.0728e-07 265.13 27.191 5.9936
