259.702 -19.7905 3.41159 3.65074e-08
260.157 -19.6376 3.42416 1.42534e-06
260.049 -19.5684 3.40989 0.0122294
260.626 -19.1441 3.42894 8.43654e-06
260.636 -18.9518 3.40453 2.21282e-12
260.371 -19.4036 3.38438 9.05233e-29
260.429 -18.7959 3.4149 2.52043e-06
260.281 -19.2953 3.40571 0.00152448
260.917 -19.3078 3.41153 7.96437e-13
260.123 -18.7784 3.41339 2.457e-05
260.215 -19.4557 3.42766 8.1789e-07
260.173 -19.3425 3.40683 0.0370359
260.365 -19.4141 3.38977 1.79065e-20
260.926 -19.2238 3.39007 1.76537e-41
260.156 -19.0364 3.40908 0.031061
259.232 -19.2377 3.40093 4.3303e-07
260.602 -19.3768 3.42197 0.00129912
260.049 -19.1535 3.41423 0.100779
259.847 -19.5643 3.40797 0.00505655
260.694 -19.6201 3.40117 2.02107e-18
260.33 -19.3867 3.39286 2.33187e-15
260.208 -19.1319 3.414 0.123446
259.634 -18.8402 3.41892 8.10569e-13
260.343 -18.9469 3.40054 5.86798e-09
260.726 -19.3581 3.41712 1.17558e-05
260.739 -19.8798 3.40735 6.20547e-18
260.052 -19.6702 3.39682 3.49254e-09
260.666 -19.2563 3.40537 4.98997e-11
259.699 -19.2796 3.41154 0.00140607
260.367 -19.4201 3.40191 1.10051e-07
259.73 -19.3457 3.42155 1.52294e-09
259.646 -20.0175 3.41091 1.37633e-13
260.077 -18.9949 3.41446 0.00907556
259.781 -19.5104 3.4021 0.00424277
260.153 -19.031 3.40651 0.00921736
260.819 -19.1554 3.40863 1.44367e-12
260.395 -19.3442 3.40314 6.15508e-07
260.286 -19.2687 3.40288 4.47982e-05
260.356 -19.0011 3.39738 2.04503e-11
260.667 -18.788 3.40954 9.40799e-12
260.194 -18.9638 3.41255 0.00787939
260.811 -19.0657 3.41396 2.6603e-09
260.597 -19.1656 3.39883 1.56494e-15
260.149 -18.9285 3.41291 0.00372419
260.713 -18.6909 3.43226 7.48309e-14
259.92 -19.1055 3.41529 0.00391561
260.449 -19.2495 3.41299 0.00628828
260.356 -19.4277 3.42541 0.00028133
260.372 -19.7556 3.40904 2.00488e-07
260.199 -19.1055 3.40747 0.0213282
260.114 -18.858 3.40027 1.58753e-06
260.131 -19.0159 3.39768 8.24511e-07
260.059 -18.6728 3.40935 6.80591e-07
260.129 -19.2608 3.40029 0.000192623
259.726 -19.4849 3.40647 0.00676187
260.259 -19.3486 3.42073 0.0149733
260.573 -19.4943 3.4019 7.31036e-13
261.02 -19.2204 3.42532 6.98229e-09
260.283 -19.0547 3.40299 1.68345e-05
260.501 -19.5745 3.41241 2.87184e-05
260.092 -19.3085 3.40281 0.00729882
260.602 -20.1445 3.41127 9.38719e-19
260.664 -19.3431 3.42374 0.000370757
260.394 -19.1781 3.40435 5.68004e-06
260.633 -18.8962 3.40219 6.39274e-15
260.365 -19.696 3.40034 5.63279e-12
260.029 -19.3871 3.40064 0.00129776
261.131 -19.1218 3.41309 1.50032e-18
260.174 -19.3125 3.41501 0.234184
260.258 -19.5996 3.40914 0.000514758
260.35 -19.3658 3.38778 1.77624e-22
260.059 -19.4374 3.39776 6.26323e-06
260.487 -18.8346 3.40125 8.91273e-13
259.95 -19.0107 3.40149 0.00416669
260.434 -18.8978 3.41746 8.04911e-05
260.463 -18.8884 3.42353 3.55367e-06
260.656 -18.9036 3.40297 8.76873e-15
260.196 -19.413 3.3958 1.92537e-09
259.652 -19.0135 3.4049 0.00311462
260.535 -19.0362 3.41475 0.00017597
260.227 -18.3605 3.39744 3.14936e-20
260.299 -19.34 3.41608 0.118734
260.175 -19.0795 3.38844 3.87678e-16
259.803 -19.6817 3.39446 1.80628e-08
260.129 -19.0113 3.42361 3.19138e-06
260.375 -19.6295 3.4225 0.000121737
260.055 -19.067 3.40522 0.0308246
260.291 -18.2571 3.39492 1.09393e-26
260.168 -19.1514 3.41309 0.195389
260.579 -19.4328 3.4131 5.0836e-05
260.424 -19.6152 3.40356 2.11028e-09
260.329 -19.2463 3.40381 3.57559e-05
260.587 -18.6466 3.41783 1.65619e-10
260.915 -19.9854 3.41429 2.68201e-19
260.564 -19.0531 3.42437 8.73039e-05
260.617 -19.807 3.41992 4.86086e-08
260.592 -18.7403 3.40126 7.51971e-17
260.679 -18.3349 3.41293 3.27056e-21
260.699 -18.9806 3.40702 9.31007e-12
259.75 -19.1308 3.41214 0.00167169
