265.79 27.1852 5.86788 7.69076e-09 265.75 26.773 5.8884
266.223 27.0278 5.89053 4.05466e-06 265.75 26.773 5.8884
266.685 26.3631 5.89626 2.14928e-20 265.75 26.773 5.8884
265.843 26.8377 5.91146 2.11965e-08 265.75 26.773 5.8884
265.821 26.5728 5.8823 0.050518 265.75 26.773 5.8884
265.727 26.5085 5.89983 0.000700297 265.75 26.773 5.8884
265.956 27.3246 5.8731 5.25993e-09 265.75 26.773 5.8884
266.006 26.4177 5.89559 8.29979e-05 265.75 26.773 5.8884
266.269 27.4995 5.87738 1.24662e-14 265.75 26.773 5.8884
265.976 26.9171 5.88458 0.0492035 265.75 26.773 5.8884
266.2 26.8656 5.87928 0.00416961 265.75 26.773 5.8884
265.73 26.4432 5.8819 0.00101521 265.75 26.773 5.8884
266.175 26.635 5.88406 0.0066875 265.75 26.773 5.8884
266.208 26.5982 5.88257 0.00244029 265.75 26.773 5.8884
266.062 27.1782 5.87232 2.61678e-06 265.75 26.773 5.8884
266.119 26.704 5.88386 0.0344733 265.75 26.773 5.8884
266.619 26.3941 5.86737 1.63487e-12 265.75 26.773 5.8884
265.925 26.7256 5.88455 0.284232 265.75 26.773 5.8884
266.358 26.6785 5.87023 2.5013e-05 265.75 26.773 5.8884
266.247 26.599 5.88443 0.000585758 265.75 26.773 5.8884
266.263 27.4767 5.89285 1.31635e-16 265.75 26.773 5.8884
265.911 26.965 5.89423 0.00248637 265.75 26.773 5.8884
266.194 26.1654 5.87901 3.96481e-09 265.75 26.773 5.8884
266.523 27.2248 5.87244 4.53559e-12 265.75 26.773 5.8884
265.85 26.1978 5.86802 1.26305e-10 265.75 26.773 5.8884
266.077 26.8647 5.89269 0.00200357 265.75 26.773 5.8884
266.197 27.1251 5.88443 5.94221e-06 265.75 26.773 5.8884
265.749 27.1447 5.88046 2.5859e-05 265.75 26.773 5.8884
266.033 26.89 5.86969 0.00100786 265.75 26.773 5.8884
265.966 27.0707 5.88732 0.00102213 265.75 26.773 5.8884
266.155 26.8916 5.86459 2.1961e-05 265.75 26.773 5.8884
266.172 26.6532 5.86848 0.000359589 265.75 26.773 5.8884
266.164 26.7153 5.89882 5.26475e-06 265.75 26.773 5.8884
266.359 26.4308 5.86892 1.9235e-07 265.75 26.773 5.8884
265.957 27.0289 5.86589 3.24445e-06 265.75 26.773 5.8884
265.978 26.682 5.88001 0.139366 265.75 26.773 5.8884
265.778 26.755 5.89172 0.11311 265.75 26.773 5.8884
266.299 26.5792 5.87929 0.000185622 265.75 26.773 5.8884
266.099 26.3924 5.85244 1.36918e-13 265.75 26.773 5.8884
266.054 27.0581 5.85861 3.07328e-09 265.75 26.773 5.8884
265.711 26.7882 5.85068 1.07597e-16 265.75 26.773 5.8884
266.56 25.8947 5.88043 1.03282e-22 265.75 26.773 5.8884
266.25 26.809 5.88571 0.000606538 265.75 26.773 5.8884
265.936 26.9857 5.89684 0.000268175 265.75 26.773 5.8884
265.854 26.8705 5.86805 7.24412e-05 265.75 26.773 5.8884
266.156 27.2561 5.87026 2.09077e-08 265.75 26.773 5.8884
266.212 27.4032 5.88245 1.31485e-11 265.75 26.773 5.8884
265.642 26.5039 5.89162 0.00344138 265.75 26.773 5.8884
266.076 27.2378 5.86729 1.48148e-08 265.75 26.773 5.8884
265.933 27.1618 5.87246 4.30566e-06 265.75 26.773 5.8884
265.752 27.2459 5.87379 2.16985e-08 265.75 26.773 5.8884
266.415 26.6119 5.88735 2.61242e-07 265.75 26.773 5.8884
266.078 27.0875 5.87076 2.60014e-05 265.75 26.773 5.8884
266.332 26.8264 5.88931 4.68265e-06 265.75 26.773 5.8884
266.301 27.0104 5.8713 9.85798e-06 265.75 26.773 5.8884
265.688 26.9284 5.89253 0.00738872 265.75 26.773 5.8884
265.945 26.7547 5.87293 0.0119036 265.75 26.773 5.8884
266.508 26.5682 5.86903 2.56736e-08 265.75 26.773 5.8884
265.652 27.1907 5.87292 8.23064e-09 265.75 26.773 5.8884
266.302 27.1405 5.86389 7.68989e-09 265.75 26.773 5.8884
265.862 26.2178 5.90423 2.15945e-09 265.75 26.773 5.8884
265.808 26.7044 5.87178 0.000975254 265.75 26.773 5.8884
266.409 26.7889 5.88712 6.38897e-07 265.75 26.773 5.8884
265.807 26.8419 5.87131 0.000508999 265.75 26.773 5.8884
266.564 26.5371 5.87747 1.56198e-09 265.75 26.773 5.8884
265.905 26.8576 5.87221 0.00338726 265.75 26.773 5.8884
266.468 26.7107 5.87406 1.22525e-06 265.75 26.773 5.8884
265.621 26.8832 5.88926 0.00704266 265.75 26.773 5.8884
265.991 26.7304 5.87127 0.00555234 265.75 26.773 5.8884
266.33 27.45 5.89506 5.94802e-18 265.75 26.773 5.8884
266.066 27.1459 5.87002 2.75931e-06 265.75 26.773 5.8884
266.403 26.6364 5.89396 6.33432e-09 265.75 26.773 5.8884
265.948 27.2811 5.88097 4.1025e-07 265.75 26.773 5.8884
266.041 26.7259 5.88488 0.111748 265.75 26.773 5.8884
265.822 27.0532 5.88293 0.00209679 265.75 26.773 5.8884
265.661 26.9766 5.88221 0.000981331 265.75 26.773 5.8884
265.141 26.9516 5.88191 5.13747e-14 265.75 26.773 5.8884
266.384 26.3465 5.88658 4.49634e-09 265.75 26.773 5.8884
266.496 27.3507 5.88388 2.09079e-15 265.75 26.773 5.8884
266.165 26.7892 5.88475 0.00988551 265.75 26.773 5.8884
265.883 26.9449 5.87548 0.00471072 265.75 26.773 5.8884
265.616 27.1939 5.88972 1.14735e-06 265.75 26.773 5.8884
266.167 26.796 5.88265 0.0129618 265.75 26.773 5.8884
265.912 26.2364 5.89306 1.69922e-06 265.75 26.773 5.8884
266.665 26.1067 5.8756 6.46122e-19 265.75 26.773 5.8884
265.994 26.5059 5.88392 0.0196388 265.75 26.773 5.8884
266.231 26.8847 5.89319 1.10481e-05 265.75 26.773 5.8884
266.086 26.7196 5.88077 0.0686191 265.75 26.773 5.8884
265.446 26.9715 5.85929 3.04396e-17 265.75 26.773 5.8884
265.997 26.8897 5.87088 0.00193659 265.75 26.773 5.8884
266.124 26.6001 5.89009 0.0027737 265.75 26.773 5.8884
266.233 26.865 5.88457 0.000878187 265.75 26.773 5.8884
265.996 26.322 5.8824 9.48843e-05 265.75 26.773 5.8884
266.127 26.6719 5.87878 0.0268019 265.75 26.773 5.8884
265.871 27.0868 5.87697 0.000256573 265.75 26.773 5.8884
266.136 27.0372 5.87403 0.00024172 265.75 26.773 5.8884
265.501 27.1978 5.8909 5.26906e-08 265.75 26.773 5.8884
266.082 26.3069 5.87647 7.84811e-06 265.75 26.773 5.8884
265.938 27.0759 5.88083 0.00125602 265.75 26.773 5.8884
265.553 26.8565 5.88049 0.000155241 265.75 26.773 5.8884
