276.188 16.845 5.27651 2.9039e-08 276.02 17.219 5.2646
275.936 16.8243 5.25219 0.0259294 276.02 17.219 5.2646
275.615 17.15 5.28003 1.04178e-06 276.02 17.219 5.2646
275.646 17.0167 5.27063 0.000556654 276.02 17.219 5.2646
275.778 16.9327 5.27502 4.4139e-05 276.02 17.219 5.2646
276.17 17.1286 5.25306 0.00180772 276.02 17.219 5.2646
275.641 16.7488 5.24854 0.000276296 276.02 17.219 5.2646
275.525 17.5674 5.25751 3.42579e-09 276.02 17.219 5.2646
276.23 16.9185 5.25005 0.000245296 276.02 17.219 5.2646
275.888 15.9747 5.27198 3.36793e-30 276.02 17.219 5.2646
276.376 17.6281 5.25184 3.56364e-14 276.02 17.219 5.2646
275.483 17.6858 5.2472 5.20643e-16 276.02 17.219 5.2646
275.931 16.7734 5.25634 0.0109046 276.02 17.219 5.2646
275.82 16.4614 5.27489 6.87934e-14 276.02 17.219 5.2646
276.157 17.0436 5.25598 0.00832238 276.02 17.219 5.2646
276.196 17.2365 5.25785 0.00068698 276.02 17.219 5.2646
275.328 16.6543 5.26426 2.12534e-11 276.02 17.219 5.2646
275.944 17.1299 5.24605 0.00176857 276.02 17.219 5.2646
276.456 16.9356 5.27344 1.46078e-10 276.02 17.219 5.2646
275.877 17.4097 5.25246 6.03691e-05 276.02 17.219 5.2646
275.514 16.6654 5.26088 3.45315e-07 276.02 17.219 5.2646
275.445 16.6814 5.24739 1.21134e-07 276.02 17.219 5.2646
276.138 17.81 5.25143 4.94445e-16 276.02 17.219 5.2646
275.243 17.0753 5.25773 2.47796e-09 276.02 17.219 5.2646
275.767 17.2665 5.26146 0.0239712 276.02 17.219 5.2646
276.318 16.7846 5.26329 6.93173e-07 276.02 17.219 5.2646
275.774 16.8341 5.25987 0.0145789 276.02 17.219 5.2646
276.155 16.9726 5.26279 0.00432886 276.02 17.219 5.2646
275.885 17.4784 5.26888 0.000217091 276.02 17.219 5.2646
276.685 17.4267 5.25154 8.60512e-18 276.02 17.219 5.2646
275.508 17.0492 5.25182 0.000144242 276.02 17.219 5.2646
275.78 16.6003 5.25003 6.06207e-05 276.02 17.219 5.2646
276.014 17.1506 5.26757 0.0275886 276.02 17.219 5.2646
275.748 17.1764 5.25281 0.0135909 276.02 17.219 5.2646
275.435 16.6012 5.25698 6.09565e-09 276.02 17.219 5.2646
275.734 16.9204 5.27037 0.000617244 276.02 17.219 5.2646
275.918 16.8803 5.26482 0.0132254 276.02 17.219 5.2646
275.639 16.9786 5.25706 0.0138675 276.02 17.219 5.2646
276.048 17.2482 5.27082 0.0032908 276.02 17.219 5.2646
276.658 17.0522 5.2542 4.94102e-13 276.02 17.219 5.2646
275.843 17.1549 5.26348 0.132747 276.02 17.219 5.2646
275.781 17.0859 5.24168 0.000104082 276.02 17.219 5.2646
275.745 17.3045 5.25353 0.00117377 276.02 17.219 5.2646
276.043 16.7159 5.26429 6.97852e-05 276.02 17.219 5.2646
275.55 17.6705 5.28693 5.92459e-13 276.02 17.219 5.2646
275.961 17.3561 5.27036 0.00234558 276.02 17.219 5.2646
275.789 16.7985 5.27862 2.47522e-08 276.02 17.219 5.2646
275.912 16.9347 5.25647 0.146876 276.02 17.219 5.2646
276.547 16.7632 5.24876 2.04206e-11 276.02 17.219 5.2646
276.019 17.1955 5.25736 0.0386918 276.02 17.219 5.2646
275.721 16.9824 5.27393 0.000145323 276.02 17.219 5.2646
276.214 16.7559 5.26296 1.17723e-05 276.02 17.219 5.2646
275.854 17.6892 5.25088 1.76652e-11 276.02 17.219 5.2646
275.957 17.2055 5.25812 0.0671262 276.02 17.219 5.2646
276.04 16.9494 5.25417 0.0486701 276.02 17.219 5.2646
275.853 17.5659 5.2896 1.20648e-10 276.02 17.219 5.2646
276.13 17.2683 5.27623 3.8198e-05 276.02 17.219 5.2646
276.125 16.6998 5.26135 3.56774e-05 276.02 17.219 5.2646
276.158 16.7752 5.25629 0.000465162 276.02 17.219 5.2646
276.214 17.3488 5.25068 1.46472e-06 276.02 17.219 5.2646
276.129 17.7476 5.26125 2.88859e-11 276.02 17.219 5.2646
276.3 17.1789 5.25341 1.87558e-05 276.02 17.219 5.2646
275.692 16.9899 5.26627 0.00806403 276.02 17.219 5.2646
276.075 17.073 5.2728 0.000726014 276.02 17.219 5.2646
275.822 17.0619 5.26079 0.201001 276.02 17.219 5.2646
275.876 17.1586 5.23931 4.47853e-06 276.02 17.219 5.2646
275.927 17.6736 5.25748 4.3927e-09 276.02 17.219 5.2646
275.705 17.0167 5.2709 0.00143644 276.02 17.219 5.2646
276.104 17.133 5.2411 5.07992e-06 276.02 17.219 5.2646
275.865 17.2989 5.26463 0.0239563 276.02 17.219 5.2646
276.043 16.7274 5.26854 7.93239e-06 276.02 17.219 5.2646
275.757 16.8139 5.25408 0.013757 276.02 17.219 5.2646
276.055 16.9755 5.26853 0.0036578 276.02 17.219 5.2646
275.751 16.9284 5.24283 0.000691039 276.02 17.219 5.2646
276.225 17.0357 5.27784 2.78179e-07 276.02 17.219 5.2646
276.146 17.0484 5.26832 0.00158976 276.02 17.219 5.2646
276.134 17.1912 5.24971 0.000389223 276.02 17.219 5.2646
275.523 17.7289 5.27245 1.8635e-11 276.02 17.219 5.2646
276.051 17.1487 5.26229 0.0510436 276.02 17.219 5.2646
275.984 17.3675 5.27248 0.00076618 276.02 17.219 5.2646
276.123 16.8935 5.26199 0.00377252 276.02 17.219 5.2646
276.2 17.5637 5.25793 2.07264e-08 276.02 17.219 5.2646
275.91 17.6164 5.26238 6.52997e-07 276.02 17.219 5.2646
276.313 17.1103 5.27898 1.3486e-08 276.02 17.219 5.2646
276.025 17.2269 5.2516 0.00319453 276.02 17.219 5.2646
275.718 16.7335 5.24839 0.000805925 276.02 17.219 5.2646
275.712 17.0147 5.25807 0.0633894 276.02 17.219 5.2646
275.744 16.9398 5.27973 4.21435e-07 276.02 17.219 5.2646
276.446 17.2221 5.26695 4.15123e-08 276.02 17.219 5.2646
275.88 16.8043 5.25939 0.0148976 276.02 17.219 5.2646
275.585 17.3037 5.26366 0.000411962 276.02 17.219 5.2646
275.049 16.7477 5.26613 6.38456e-18 276.02 17.219 5.2646
275.671 17.0293 5.24733 0.00181153 276.02 17.219 5.2646
275.701 17.1069 5.24047 9.16449e-06 276.02 17.219 5.2646
275.712 17.6155 5.26275 1.98145e-07 276.02 17.219 5.2646
276.325 17.3336 5.2591 1.62001e-06 276.02 17.219 5.2646
276.164 16.938 5.27567 1.52718e-06 276.02 17.219 5.2646
275.334 17.0019 5.24958 5.78815e-08 276.02 17.219 5.2646
275.997 17.5893 5.25473 5.16616e-08 276.02 17.219 5.2646
275.899 16.7659 5.27487 5.18255e-07 276.02 17.219 5.2646
