87.8785 -33.3546 3.56046 0.000335825
88.3032 -32.8259 3.56512 0.00379042
88.1895 -32.3133 3.57352 6.67214e-07
88.7398 -32.5523 3.58188 4.08967e-13
87.8757 -32.9861 3.56516 0.0626845
88.0775 -32.605 3.577 0.0104298
88.2621 -32.5052 3.57031 7.28215e-05
87.9495 -32.8354 3.5688 0.21087
88.3084 -32.8398 3.57327 0.0159484
88.7272 -32.7774 3.57867 6.61279e-11
88.6694 -33.7244 3.57887 5.48179e-25
88.3451 -33.129 3.56275 0.00204479
89.1835 -33.0361 3.58152 2.55336e-28
88.3346 -32.9989 3.56253 0.00214846
88.0015 -32.3292 3.57093 7.02255e-07
88.3328 -32.5488 3.57213 0.000128377
88.4485 -32.8362 3.5607 2.46081e-06
88.5754 -33.0467 3.55298 2.87536e-11
88.0479 -32.5059 3.55024 8.71914e-19
88.8594 -33.0306 3.5566 2.80673e-15
88.0922 -32.9254 3.57871 0.00567432
88.6914 -33.4159 3.56231 7.73656e-11
88.0042 -32.8829 3.56328 0.0241386
88.0563 -33.0105 3.54672 3.93405e-13
87.8565 -33.0761 3.58433 3.80092e-08
88.1686 -33.1516 3.57008 0.043955
88.3238 -33.0224 3.5859 4.62936e-10
87.7092 -32.3599 3.5918 5.09741e-12
88.2171 -32.458 3.59266 7.63929e-12
88.147 -32.993 3.56458 0.109663
87.9195 -32.6258 3.58718 7.76177e-07
88.3333 -32.7916 3.57477 0.00451469
88.3824 -32.931 3.5773 0.00016174
88.3439 -32.9363 3.57477 0.0028974
88.2318 -33.3014 3.56704 0.00226499
88.5027 -32.3647 3.56289 1.47547e-13
88.0374 -32.4853 3.57658 0.00108218
87.9343 -32.2659 3.571 2.44989e-08
88.7815 -33.2672 3.56777 1.10536e-11
87.9087 -32.5529 3.57533 0.00353063
88.297 -32.4329 3.57563 1.53413e-05
88.4474 -32.9173 3.5687 0.000825776
87.778 -32.378 3.57753 4.17255e-06
88.9368 -33.256 3.57094 1.32202e-16
88.5248 -32.7844 3.59989 5.28492e-26
88.3533 -32.2917 3.58009 1.9307e-08
88.5325 -32.4177 3.56305 1.01942e-12
87.9266 -32.7069 3.56312 0.000326307
88.3676 -32.7688 3.55901 4.85769e-07
88.025 -32.7314 3.56868 0.0683614
88.4624 -32.6445 3.5696 1.74357e-05
88.3193 -32.8212 3.56337 0.000683287
88.6983 -32.5278 3.55579 6.37315e-19
88.1212 -33.1026 3.56685 0.186636
88.0293 -32.6612 3.56996 0.0291764
88.3802 -32.6891 3.55208 4.75745e-14
88.0819 -32.7833 3.55679 8.55943e-07
88.4564 -33.1786 3.5607 2.56572e-05
88.5363 -33.1794 3.57194 1.214e-06
87.9859 -33.0532 3.56163 0.0236479
87.8875 -32.9441 3.56415 0.0331534
89.092 -33.0647 3.56691 1.04033e-19
88.7688 -33.4204 3.56096 9.91834e-13
88.3417 -33.1598 3.57421 0.000152899
87.7477 -32.2564 3.57008 3.66235e-10
88.2479 -32.6878 3.57332 0.0136004
87.9319 -32.3373 3.57147 1.01513e-06
88.1139 -33.1932 3.5613 0.01428
87.8008 -32.2033 3.56625 4.6638e-13
88.6197 -32.2655 3.57429 4.0896e-13
88.6194 -32.3735 3.5714 1.32069e-11
87.6891 -32.7115 3.56196 9.77167e-07
88.0836 -32.9113 3.55361 1.05063e-07
88.3153 -32.0678 3.5659 1.86326e-17
88.4887 -32.6523 3.57127 1.31896e-05
88.6974 -33.1217 3.56495 1.16755e-08
88.2098 -32.6713 3.56096 5.93963e-06
88.7616 -32.8837 3.58359 8.38355e-15
88.8166 -33.1414 3.56961 7.78225e-12
88.641 -32.8927 3.56069 4.81578e-09
88.3539 -32.7648 3.57008 0.00388872
88.0637 -32.6701 3.57164 0.0537352
88.4128 -33.2604 3.56428 0.00013512
88.262 -32.5739 3.58678 1.21562e-07
88.0576 -33.0625 3.57539 0.017845
88.365 -33.4861 3.57954 9.88025e-14
88.465 -32.8246 3.58292 5.27996e-08
88.4214 -32.7696 3.57017 0.000673507
88.3534 -32.7251 3.56914 0.00170373
88.9592 -32.8667 3.56632 1.45416e-15
88.3529 -32.7012 3.57221 0.00195744
87.993 -32.9995 3.55571 1.77498e-05
88.2882 -32.9418 3.5677 0.0427233
88.1402 -33.203 3.54338 5.07254e-15
88.2234 -32.7574 3.583 4.02331e-05
88.3942 -33.3661 3.55395 8.24567e-08
88.4883 -33.2641 3.56272 9.22841e-06
88.9004 -33.3288 3.56917 6.96238e-16
88.4323 -32.5214 3.58539 5.76644e-09
88.7386 -32.7492 3.56366 3.55665e-11
