172.222 -10.9649 3.22542 7.33154e-06 172.03 -11.102 3.2349
172.472 -10.261 3.23657 1.26748e-16 172.03 -11.102 3.2349
172.481 -10.488 3.22507 1.91777e-15 172.03 -11.102 3.2349
171.919 -10.2743 3.23195 6.68348e-18 172.03 -11.102 3.2349
171.604 -11.1336 3.22872 9.38613e-09 172.03 -11.102 3.2349
172.395 -11.4102 3.24108 0.115919 172.03 -11.102 3.2349
172.519 -11.2754 3.23844 0.0772196 172.03 -11.102 3.2349
172.161 -11.2612 3.22734 0.000383087 172.03 -11.102 3.2349
171.664 -11.0494 3.22607 2.47666e-08 172.03 -11.102 3.2349
171.533 -11.0765 3.25737 2.18993e-25 172.03 -11.102 3.2349
172.532 -11.0977 3.23175 0.000274888 172.03 -11.102 3.2349
171.896 -11.3245 3.22965 8.78628e-05 172.03 -11.102 3.2349
172.143 -10.947 3.22878 0.00022941 172.03 -11.102 3.2349
172.096 -11.0155 3.2194 7.58112e-09 172.03 -11.102 3.2349
172.161 -10.8963 3.24475 0.000697676 172.03 -11.102 3.2349
172.171 -10.48 3.24307 9.99813e-11 172.03 -11.102 3.2349
172.247 -10.937 3.23674 0.018224 172.03 -11.102 3.2349
171.93 -11.2577 3.23901 0.000815347 172.03 -11.102 3.2349
171.827 -10.9633 3.23701 6.25734e-06 172.03 -11.102 3.2349
172.001 -11.8149 3.23685 3.16669e-09 172.03 -11.102 3.2349
171.853 -10.7806 3.23395 2.58802e-07 172.03 -11.102 3.2349
171.458 -11.4047 3.23076 9.78093e-13 172.03 -11.102 3.2349
172.407 -10.5038 3.23235 1.00078e-10 172.03 -11.102 3.2349
172.305 -11.4969 3.22425 4.69572e-08 172.03 -11.102 3.2349
172.281 -11.5142 3.20771 3.58818e-24 172.03 -11.102 3.2349
171.909 -10.8011 3.22004 2.36761e-10 172.03 -11.102 3.2349
172.757 -10.7516 3.24675 2.37181e-06 172.03 -11.102 3.2349
171.856 -10.8767 3.24944 8.48961e-11 172.03 -11.102 3.2349
172.416 -11.6029 3.24465 0.00118575 172.03 -11.102 3.2349
171.878 -11.1557 3.22996 0.000143764 172.03 -11.102 3.2349
172.592 -11.156 3.23941 0.0397661 172.03 -11.102 3.2349
172.117 -10.3462 3.24716 4.39522e-16 172.03 -11.102 3.2349
172.36 -11.233 3.22584 9.05247e-06 172.03 -11.102 3.2349
171.913 -11.1393 3.23776 0.000691069 172.03 -11.102 3.2349
171.191 -10.6864 3.22054 2.72479e-23 172.03 -11.102 3.2349
172.484 -10.3236 3.22731 2.17458e-18 172.03 -11.102 3.2349
172.932 -10.6522 3.21834 2.155e-28 172.03 -11.102 3.2349
172.447 -10.8672 3.2377 0.00251178 172.03 -11.102 3.2349
171.963 -10.6346 3.23697 1.78165e-08 172.03 -11.102 3.2349
172.206 -11.1382 3.23928 0.233016 172.03 -11.102 3.2349
171.757 -11.0397 3.22154 1.18843e-08 172.03 -11.102 3.2349
172.231 -10.8737 3.25059 1.71176e-05 172.03 -11.102 3.2349
172.534 -10.9807 3.2452 0.0387978 172.03 -11.102 3.2349
172.618 -11.3489 3.24915 0.0307464 172.03 -11.102 3.2349
172.4 -11.0458 3.23989 0.198942 172.03 -11.102 3.2349
171.908 -10.86 3.22213 1.31436e-08 172.03 -11.102 3.2349
172.311 -11.103 3.22464 3.69788e-06 172.03 -11.102 3.2349
171.938 -11.1768 3.22158 3.64333e-07 172.03 -11.102 3.2349
172.257 -10.5271 3.23673 7.16849e-09 172.03 -11.102 3.2349
172.443 -11.2149 3.22307 1.60211e-08 172.03 -11.102 3.2349
171.964 -11.52 3.22617 6.02373e-07 172.03 -11.102 3.2349
171.793 -11.4109 3.23847 1.42287e-06 172.03 -11.102 3.2349
171.857 -11.2612 3.21997 1.43921e-08 172.03 -11.102 3.2349
172.601 -10.5009 3.23478 1.14885e-11 172.03 -11.102 3.2349
172.348 -10.6431 3.23358 3.66605e-07 172.03 -11.102 3.2349
172.08 -11.1057 3.23597 0.0304483 172.03 -11.102 3.2349
172.541 -10.8892 3.25644 4.32197e-06 172.03 -11.102 3.2349
171.997 -10.7558 3.23582 4.98116e-06 172.03 -11.102 3.2349
172.466 -11.1948 3.2154 6.67548e-16 172.03 -11.102 3.2349
172.316 -10.6128 3.24506 2.61095e-07 172.03 -11.102 3.2349
172.327 -10.6979 3.23567 1.13414e-05 172.03 -11.102 3.2349
172.353 -11.3178 3.22816 0.00011221 172.03 -11.102 3.2349
171.327 -11.231 3.20016 5.19428e-29 172.03 -11.102 3.2349
172.062 -11.4527 3.21409 3.77395e-14 172.03 -11.102 3.2349
172.828 -10.8094 3.23229 6.58198e-11 172.03 -11.102 3.2349
172.516 -10.6484 3.22435 3.89367e-13 172.03 -11.102 3.2349
172.513 -11.1141 3.22634 4.19889e-07 172.03 -11.102 3.2349
172.57 -11.165 3.23962 0.0684441 172.03 -11.102 3.2349
172.644 -11.0231 3.216 3.82417e-19 172.03 -11.102 3.2349
172.291 -11.2119 3.22621 4.91788e-05 172.03 -11.102 3.2349
172.195 -10.4815 3.23863 4.80178e-10 172.03 -11.102 3.2349
171.679 -11.2373 3.2242 2.16436e-08 172.03 -11.102 3.2349
171.687 -10.7089 3.24667 1.38137e-15 172.03 -11.102 3.2349
171.643 -10.8086 3.22276 1.81582e-11 172.03 -11.102 3.2349
172.376 -11.4851 3.24495 0.0217047 172.03 -11.102 3.2349
171.836 -10.881 3.23687 1.55532e-06 172.03 -11.102 3.2349
171.874 -10.1683 3.23009 5.47613e-22 172.03 -11.102 3.2349
171.744 -10.9309 3.22758 1.21863e-07 172.03 -11.102 3.2349
172.759 -10.8794 3.22951 1.76208e-10 172.03 -11.102 3.2349
171.654 -11.4525 3.23611 3.28824e-09 172.03 -11.102 3.2349
172.243 -10.9911 3.23737 0.0549769 172.03 -11.102 3.2349
171.878 -10.9471 3.21385 3.34395e-13 172.03 -11.102 3.2349
171.829 -10.9395 3.2264 7.56328e-07 172.03 -11.102 3.2349
172.591 -10.6161 3.23739 2.7889e-08 172.03 -11.102 3.2349
172.09 -11.0169 3.26069 5.13586e-13 172.03 -11.102 3.2349
172.848 -11.8015 3.22533 7.17947e-21 172.03 -11.102 3.2349
171.995 -11.4666 3.21104 6.25763e-17 172.03 -11.102 3.2349
171.724 -11.4609 3.23515 8.83153e-08 172.03 -11.102 3.2349
172.484 -10.3802 3.23645 3.3512e-13 172.03 -11.102 3.2349
171.944 -11.2216 3.22134 2.51936e-07 172.03 -11.102 3.2349
172.087 -11.3726 3.21637 1.46782e-11 172.03 -11.102 3.2349
172.537 -11.1257 3.23193 0.000345691 172.03 -11.102 3.2349
171.67 -11.1899 3.21892 1.60199e-10 172.03 -11.102 3.2349
172.593 -10.6589 3.23745 1.76958e-07 172.03 -11.102 3.2349
172.672 -11.0878 3.2249 7.77173e-11 172.03 -11.102 3.2349
172.149 -11.1408 3.25899 7.82753e-10 172.03 -11.102 3.2349
172.153 -11.2525 3.24265 0.0641936 172.03 -11.102 3.2349
172.419 -10.5816 3.25608 1.41561e-11 172.03 -11.102 3.2349
171.495 -10.9785 3.23513 2.03123e-12 172.03 -11.102 3.2349
171.786 -10.9252 3.23849 3.31246e-07 172.03 -11.102 3.2349
