171.051 23.1465 0.0816866 0.0028134
171.022 23.572 0.0872148 0.0171616
171.442 23.6805 0.0596381 2.48251e-10
171.469 23.8337 0.0959595 1.72075e-07
170.59 23.6001 0.101432 1.54861e-11
171.744 23.4178 0.0517683 2.53693e-16
171.764 23.9565 0.0681722 1.20688e-11
171.372 23.2802 0.0621111 7.34051e-08
170.769 23.9536 0.0685828 1.74251e-15
171.113 23.2222 0.0645973 3.16768e-08
171.541 23.4256 0.0809628 0.0432513
171.489 24.2086 0.0688048 7.31707e-15
171.114 23.8433 0.101771 6.64997e-09
171.059 23.9368 0.0886574 1.86267e-06
171.41 23.418 0.0752546 0.0499189
171.028 23.723 0.0753723 4.22492e-05
171.099 23.4332 0.0720087 0.000509738
171.468 24.1186 0.0832852 7.75958e-10
171.172 23.1706 0.0640665 2.19867e-08
170.678 23.3555 0.0756719 3.29406e-09
172.178 23.4214 0.0863202 1.99057e-15
171.425 22.8713 0.0901483 1.93947e-07
170.721 23.3944 0.0763682 5.50555e-08
171.423 23.5238 0.0750878 0.0272793
171.237 23.498 0.0882092 0.190093
171.705 23.1682 0.0949647 1.91448e-08
171.463 23.9488 0.0796775 2.3858e-06
171.216 23.9616 0.0764995 7.05065e-07
171.452 23.6953 0.0839074 0.00822346
171.347 23.7713 0.0884628 0.00123533
171.52 23.0788 0.0756353 0.000225908
170.721 23.6609 0.077309 1.19478e-08
171.66 23.3122 0.0929775 5.61489e-06
170.858 23.5822 0.0762701 5.88807e-06
171.343 23.7432 0.0724596 0.000164269
170.96 23.4515 0.100635 5.50488e-06
171.973 23.5744 0.102806 1.2445e-18
171.276 23.2179 0.0996898 8.07763e-06
170.932 23.7965 0.0881947 2.27946e-05
171.292 24.0989 0.0761866 1.35263e-09
171.546 23.3163 0.0692859 0.000179361
170.895 23.6456 0.0828115 0.000209372
171.332 23.5136 0.0801324 0.258845
170.938 23.8923 0.0943384 1.24817e-07
171.681 23.2387 0.0999352 3.60082e-10
170.895 24.0189 0.0928693 5.325e-10
171.142 22.951 0.0845206 5.01149e-05
171.34 23.1611 0.0805269 0.0287168
171.775 23.1464 0.0760439 2.56503e-06
171.17 24.0506 0.0874254 4.87881e-08
171.744 23.0203 0.0827902 2.72987e-07
171.708 23.6484 0.0915323 7.37e-07
171.567 23.322 0.0815577 0.0174914
171.394 22.6903 0.0923005 9.00156e-12
170.989 23.3263 0.0745203 0.000222682
171.388 23.3744 0.101791 5.77008e-07
171.128 24.0559 0.0844577 3.49789e-08
171.151 22.8792 0.0944658 7.81876e-08
170.899 23.3878 0.0803813 0.000719151
170.92 23.7595 0.0731632 1.20122e-07
171.036 22.7974 0.067153 2.08861e-13
171.218 23.6925 0.0678965 3.00531e-06
171.696 23.552 0.0861952 0.000123236
171.513 23.5726 0.0518448 8.87277e-16
171.399 23.4626 0.0916097 0.0143827
171.734 23.7665 0.0739009 7.30907e-07
171.575 23.6638 0.0761046 0.00090243
171.479 23.7293 0.078385 0.0019709
170.901 23.9141 0.0648014 1.23401e-14
171.014 23.6188 0.0650435 3.21261e-09
171.513 23.4273 0.0821182 0.0707812
171.13 23.4882 0.0760238 0.0151519
171.08 23.8507 0.10106 1.04795e-08
170.736 23.7999 0.0802848 5.61146e-09
171.434 23.3998 0.0829751 0.212852
171.208 23.0685 0.0911201 0.000532133
171.399 23.4077 0.070643 0.00244536
170.909 23.4783 0.0724433 3.45278e-06
171.119 23.842 0.07309 1.69978e-06
171.478 23.2692 0.0735067 0.00489101
171.716 23.7094 0.0722267 2.26421e-06
171.09 23.2817 0.0915438 0.0133744
171.89 23.5124 0.0858602 6.40891e-08
171.225 23.8463 0.0813374 0.000324832
171.091 23.0249 0.0991186 2.15081e-07
170.963 23.2894 0.0736412 3.69183e-05
170.831 23.7781 0.0800085 4.15543e-07
171.61 23.8752 0.0707884 8.36434e-08
171.356 24.1546 0.0795627 2.19917e-10
171.073 24.0858 0.091544 8.85392e-10
171.769 23.8278 0.0893942 3.98769e-09
170.961 23.1112 0.0922746 6.89356e-05
171.367 24.202 0.0819092 1.82809e-11
170.786 23.8636 0.0896031 2.95901e-08
171.096 24.0855 0.0792615 1.63464e-09
171.762 23.2391 0.0784492 2.87892e-05
170.759 23.0081 0.0814247 9.53766e-09
171.073 23.3326 0.0779603 0.0147109
171.916 23.2879 0.0888469 1.74634e-09
170.962 23.9207 0.0634581 1.15728e-14
