144.574 21.8063 0.07201 3.50197e-14 144.03 21.361 0.065097
143.668 21.6144 0.0624161 3.14334e-05 144.03 21.361 0.065097
143.522 21.5567 0.0626861 9.15052e-07 144.03 21.361 0.065097
143.71 21.7285 0.0517068 3.48745e-10 144.03 21.361 0.065097
143.911 21.0352 0.0699381 0.00833963 144.03 21.361 0.065097
143.922 21.0948 0.0746767 0.00237127 144.03 21.361 0.065097
143.839 21.139 0.0643601 0.0240952 144.03 21.361 0.065097
143.709 21.7233 0.0599797 1.34367e-06 144.03 21.361 0.065097
143.553 21.5496 0.0682506 2.04973e-05 144.03 21.361 0.065097
144.05 21.4795 0.0700755 0.0134483 144.03 21.361 0.065097
144.172 21.35 0.0815319 3.00768e-08 144.03 21.361 0.065097
143.383 21.3922 0.0749872 2.44602e-07 144.03 21.361 0.065097
143.749 21.2185 0.0561123 3.58852e-05 144.03 21.361 0.065097
143.794 21.8261 0.0689723 7.36655e-07 144.03 21.361 0.065097
143.689 21.6957 0.0827023 4.16992e-10 144.03 21.361 0.065097
143.864 21.1051 0.0727032 0.00855843 144.03 21.361 0.065097
143.45 22.261 0.0745536 1.29634e-22 144.03 21.361 0.065097
144.123 21.8841 0.0667808 1.44269e-07 144.03 21.361 0.065097
143.977 21.3862 0.0498541 4.60482e-06 144.03 21.361 0.065097
143.491 21.453 0.0690701 1.33618e-05 144.03 21.361 0.065097
143.914 21.4224 0.0750226 0.00231385 144.03 21.361 0.065097
143.516 21.628 0.0544604 6.21761e-11 144.03 21.361 0.065097
143.809 21.0363 0.0863275 2.55237e-09 144.03 21.361 0.065097
143.415 21.5608 0.0584739 1.99592e-10 144.03 21.361 0.065097
144.022 21.7467 0.0696587 2.34052e-05 144.03 21.361 0.065097
143.561 21.0531 0.0399139 2.73235e-23 144.03 21.361 0.065097
143.816 21.6048 0.0685229 0.00158093 144.03 21.361 0.065097
143.475 20.9429 0.0642027 1.94223e-08 144.03 21.361 0.065097
144.032 20.7088 0.0716241 9.42775e-08 144.03 21.361 0.065097
144.108 21.4159 0.0677365 0.0453131 144.03 21.361 0.065097
143.693 21.104 0.0638 0.000756754 144.03 21.361 0.065097
143.952 20.9718 0.0568302 3.5446e-05 144.03 21.361 0.065097
143.728 21.5083 0.0597393 0.000248546 144.03 21.361 0.065097
144.354 21.5901 0.0660341 4.27424e-05 144.03 21.361 0.065097
143.978 21.4411 0.0725496 0.00881545 144.03 21.361 0.065097
144.547 21.2033 0.0547921 1.15031e-06 144.03 21.361 0.065097
144.064 21.2204 0.0643057 0.137791 144.03 21.361 0.065097
143.44 21.3875 0.068201 3.26677e-06 144.03 21.361 0.065097
143.726 21.4918 0.0719854 0.0017701 144.03 21.361 0.065097
144.114 21.1628 0.0659018 0.0551909 144.03 21.361 0.065097
143.612 21.5201 0.082706 2.95035e-08 144.03 21.361 0.065097
143.841 21.1357 0.065846 0.0324617 144.03 21.361 0.065097
144.202 21.5143 0.0796841 2.09263e-08 144.03 21.361 0.065097
143.543 21.4736 0.0603642 1.43703e-06 144.03 21.361 0.065097
144.101 21.2286 0.0648532 0.115904 144.03 21.361 0.065097
143.622 21.0942 0.0706759 0.000469629 144.03 21.361 0.065097
143.29 20.3866 0.0698187 1.56201e-22 144.03 21.361 0.065097
143.786 22.0975 0.0520081 6.08739e-16 144.03 21.361 0.065097
143.472 20.8829 0.060379 9.60288e-11 144.03 21.361 0.065097
143.908 21.6226 0.0717887 0.000465185 144.03 21.361 0.065097
144.226 21.464 0.0647302 0.0114657 144.03 21.361 0.065097
144.256 21.6119 0.0542396 6.47655e-05 144.03 21.361 0.065097
143.877 21.374 0.0612223 0.0356819 144.03 21.361 0.065097
143.943 20.8777 0.0518884 5.50296e-09 144.03 21.361 0.065097
143.396 21.314 0.0623821 2.81276e-08 144.03 21.361 0.065097
143.749 21.5054 0.0583145 0.000153322 144.03 21.361 0.065097
143.772 20.9554 0.0745635 0.000119581 144.03 21.361 0.065097
144.231 20.9066 0.0764025 8.04793e-08 144.03 21.361 0.065097
143.785 21.4802 0.06359 0.00836461 144.03 21.361 0.065097
143.382 20.863 0.0839799 5.56267e-12 144.03 21.361 0.065097
143.955 21.8565 0.068745 5.68165e-07 144.03 21.361 0.065097
144.359 20.8868 0.0457644 4.13358e-12 144.03 21.361 0.065097
143.8 21.7012 0.0738082 7.82476e-06 144.03 21.361 0.065097
143.858 21.7295 0.0565123 2.98537e-06 144.03 21.361 0.065097
143.983 21.2133 0.0703771 0.0633814 144.03 21.361 0.065097
143.944 21.7668 0.0602519 2.45014e-05 144.03 21.361 0.065097
143.622 21.5434 0.0578141 1.16627e-06 144.03 21.361 0.065097
143.325 21.5093 0.0506612 2.37659e-17 144.03 21.361 0.065097
143.6 21.7404 0.0320057 4.15276e-32 144.03 21.361 0.065097
143.745 20.9948 0.0468768 3.55217e-13 144.03 21.361 0.065097
144.065 21.2719 0.0776346 0.000110124 144.03 21.361 0.065097
143.594 20.8318 0.0372351 3.05183e-29 144.03 21.361 0.065097
143.254 21.1343 0.0680915 2.25971e-10 144.03 21.361 0.065097
144.348 21.3884 0.049724 6.19823e-06 144.03 21.361 0.065097
143.519 21.3516 0.0677143 7.03883e-05 144.03 21.361 0.065097
143.754 21.3638 0.0674088 0.0264082 144.03 21.361 0.065097
143.975 21.6635 0.0668843 0.00113052 144.03 21.361 0.065097
143.943 21.4763 0.064404 0.0611886 144.03 21.361 0.065097
144.265 21.6495 0.0736853 2.89139e-07 144.03 21.361 0.065097
144.038 22.0742 0.0502189 4.25976e-14 144.03 21.361 0.065097
143.696 22.0817 0.0539402 7.92994e-16 144.03 21.361 0.065097
144.129 21.5775 0.0604875 0.00563146 144.03 21.361 0.065097
144.072 21.5216 0.0550899 0.00105169 144.03 21.361 0.065097
144.258 21.0034 0.0498682 1.19689e-07 144.03 21.361 0.065097
143.977 21.5219 0.0467819 1.9394e-08 144.03 21.361 0.065097
143.825 21.1596 0.0670022 0.0406671 144.03 21.361 0.065097
144.092 21.2877 0.0674821 0.102373 144.03 21.361 0.065097
144.002 21.8098 0.0611157 9.31617e-06 144.03 21.361 0.065097
144.062 21.8304 0.0650443 4.12434e-06 144.03 21.361 0.065097
143.319 21.1799 0.0823306 5.50046e-10 144.03 21.361 0.065097
143.884 21.3771 0.0629724 0.072631 144.03 21.361 0.065097
143.975 22.021 0.0589118 2.53048e-10 144.03 21.361 0.065097
144.192 21.0172 0.0642236 0.00203595 144.03 21.361 0.065097
143.987 21.4645 0.0731072 0.0041008 144.03 21.361 0.065097
144.211 21.8615 0.0705243 9.08134e-09 144.03 21.361 0.065097
143.796 21.6085 0.0536869 1.07823e-06 144.03 21.361 0.065097
144.181 21.2647 0.0710886 0.00486026 144.03 21.361 0.065097
143.9 21.6167 0.0768563 9.17212e-06 144.03 21.361 0.065097
144.055 21.2962 0.068659 0.0983315 144.03 21.361 0.065097
143.605 21.388 0.0500862 9.0932e-11 144.03 21.361 0.065097
