138.749 20.6619 0.07645 2.53937e-25 139.86 21.098 0.059689
139.806 20.8513 0.0744457 1.33982e-05 139.86 21.098 0.059689
139.474 20.688 0.0751433 1.17459e-08 139.86 21.098 0.059689
139.989 20.6528 0.0553892 5.578e-05 139.86 21.098 0.059689
139.36 21.1043 0.0719836 1.20671e-07 139.86 21.098 0.059689
140.342 20.7085 0.0631228 1.17842e-06 139.86 21.098 0.059689
140.894 21.0731 0.0465042 8.75488e-14 139.86 21.098 0.059689
139.711 20.475 0.0502296 2.09238e-12 139.86 21.098 0.059689
140.158 20.9371 0.0559676 0.0513157 139.86 21.098 0.059689
139.578 21.1752 0.082066 1.18594e-11 139.86 21.098 0.059689
139.552 20.4274 0.0621104 7.94326e-11 139.86 21.098 0.059689
139.676 20.3353 0.0575656 7.01737e-13 139.86 21.098 0.059689
139.251 21.5461 0.0614459 2.13952e-12 139.86 21.098 0.059689
139.337 21.253 0.0753004 3.29232e-10 139.86 21.098 0.059689
139.854 21.0517 0.0671734 0.0329037 139.86 21.098 0.059689
140.245 20.7295 0.0693296 3.45759e-07 139.86 21.098 0.059689
139.5 20.4936 0.0620051 3.8201e-10 139.86 21.098 0.059689
140.208 20.7681 0.0682367 7.10138e-06 139.86 21.098 0.059689
139.187 20.6928 0.0661908 3.18912e-12 139.86 21.098 0.059689
139.88 20.6667 0.0567457 0.000108595 139.86 21.098 0.059689
139.712 21.077 0.053744 0.0064127 139.86 21.098 0.059689
140.259 20.9041 0.0795884 2.29143e-13 139.86 21.098 0.059689
139.832 20.5656 0.0614087 6.87078e-06 139.86 21.098 0.059689
139.602 20.5132 0.0618583 1.74842e-08 139.86 21.098 0.059689
139.841 21.2035 0.0753835 1.02905e-06 139.86 21.098 0.059689
140.082 20.932 0.0634014 0.037828 139.86 21.098 0.059689
140.021 21.1736 0.0644143 0.062005 139.86 21.098 0.059689
139.409 20.9906 0.057055 8.54726e-07 139.86 21.098 0.059689
139.136 20.7373 0.0613256 5.65871e-14 139.86 21.098 0.059689
139.572 20.8492 0.0626595 0.000372802 139.86 21.098 0.059689
139.984 20.8484 0.0675681 0.00323686 139.86 21.098 0.059689
139.1 21.2541 0.0678204 6.14775e-13 139.86 21.098 0.059689
139.899 21.1446 0.0662612 0.0432138 139.86 21.098 0.059689
139.689 21.4287 0.0631961 0.000333539 139.86 21.098 0.059689
139.681 20.4638 0.0608316 6.93723e-09 139.86 21.098 0.059689
139.867 21.2911 0.0689872 0.000604201 139.86 21.098 0.059689
139.551 20.2249 0.056295 3.83269e-18 139.86 21.098 0.059689
139.402 20.6605 0.070992 9.74469e-09 139.86 21.098 0.059689
140.177 21.1226 0.0730228 3.39582e-07 139.86 21.098 0.059689
139.909 20.7134 0.0593893 0.00151084 139.86 21.098 0.059689
139.641 21.1004 0.0709382 0.000294812 139.86 21.098 0.059689
139.605 20.5937 0.0703975 2.73913e-07 139.86 21.098 0.059689
139.59 20.7567 0.0837267 2.77566e-12 139.86 21.098 0.059689
139.728 20.8011 0.0788868 2.12032e-08 139.86 21.098 0.059689
139.641 20.3432 0.06202 7.66817e-12 139.86 21.098 0.059689
140.145 21.1459 0.0491294 0.0266534 139.86 21.098 0.059689
139.814 20.1519 0.08231 6.58049e-21 139.86 21.098 0.059689
140.036 21.3574 0.0665745 0.000471697 139.86 21.098 0.059689
139.443 21.2225 0.0706481 1.20572e-06 139.86 21.098 0.059689
139.897 20.9817 0.0540447 0.0726581 139.86 21.098 0.059689
140.028 20.7033 0.051237 2.31413e-05 139.86 21.098 0.059689
139.857 21.0646 0.0688065 0.0092889 139.86 21.098 0.059689
139.574 20.8795 0.0598934 0.000361264 139.86 21.098 0.059689
139.609 20.2401 0.0707532 1.62989e-14 139.86 21.098 0.059689
139.841 20.9671 0.0605622 0.20155 139.86 21.098 0.059689
139.876 21.033 0.0585663 0.416393 139.86 21.098 0.059689
139.264 20.4427 0.0708823 1.95347e-14 139.86 21.098 0.059689
140.134 20.7474 0.0503815 4.50374e-05 139.86 21.098 0.059689
139.67 21.1601 0.0504301 0.000183024 139.86 21.098 0.059689
139.496 21.128 0.0638794 0.000271605 139.86 21.098 0.059689
139.484 21.2216 0.0619651 0.000100852 139.86 21.098 0.059689
140.082 20.4627 0.0671163 9.95309e-09 139.86 21.098 0.059689
139.825 20.8371 0.0526781 0.000705677 139.86 21.098 0.059689
140.041 20.77 0.0652096 0.00166979 139.86 21.098 0.059689
139.656 21.1734 0.076539 2.378e-07 139.86 21.098 0.059689
139.615 20.8427 0.0663945 0.000696703 139.86 21.098 0.059689
139.488 21.0532 0.0741251 1.13159e-06 139.86 21.098 0.059689
140.268 20.3086 0.0632897 2.11158e-13 139.86 21.098 0.059689
139.953 21.0165 0.0681997 0.0106418 139.86 21.098 0.059689
140.38 20.9612 0.0515538 0.000391965 139.86 21.098 0.059689
139.505 20.6233 0.0752153 4.25094e-09 139.86 21.098 0.059689
139.124 20.4403 0.0783393 1.58361e-18 139.86 21.098 0.059689
139.414 21.0007 0.0663702 1.20517e-05 139.86 21.098 0.059689
139.935 20.3917 0.0704925 3.02722e-10 139.86 21.098 0.059689
139.222 20.9981 0.0642625 2.36793e-09 139.86 21.098 0.059689
139.325 20.7591 0.0899025 3.76036e-19 139.86 21.098 0.059689
139.732 20.8858 0.0688856 0.00231925 139.86 21.098 0.059689
139.757 21.1657 0.0721982 0.000130407 139.86 21.098 0.059689
139.802 20.8019 0.0531706 0.000280398 139.86 21.098 0.059689
139.459 20.8384 0.0527577 1.03376e-08 139.86 21.098 0.059689
139.217 21.3384 0.0713291 1.18381e-11 139.86 21.098 0.059689
139.425 20.8103 0.0734756 1.18063e-07 139.86 21.098 0.059689
139.647 20.9696 0.0646756 0.00904253 139.86 21.098 0.059689
139.502 20.9477 0.0660548 0.000163709 139.86 21.098 0.059689
139.786 20.9605 0.0528303 0.00490783 139.86 21.098 0.059689
140.226 20.9027 0.0810336 3.96978e-14 139.86 21.098 0.059689
139.239 20.7737 0.06064 4.08787e-11 139.86 21.098 0.059689
139.417 20.8108 0.0671271 1.39753e-06 139.86 21.098 0.059689
139.292 20.2741 0.0470771 1.26515e-28 139.86 21.098 0.059689
139.355 20.9302 0.0604574 2.54805e-07 139.86 21.098 0.059689
139.029 20.8942 0.0590708 2.28889e-16 139.86 21.098 0.059689
139.778 20.3549 0.077349 2.74172e-13 139.86 21.098 0.059689
139.821 21.1899 0.0830635 9.54031e-13 139.86 21.098 0.059689
139.534 20.873 0.077445 5.6688e-08 139.86 21.098 0.059689
139.568 20.5386 0.0714216 1.22333e-08 139.86 21.098 0.059689
139.744 20.4122 0.0613484 1.83929e-09 139.86 21.098 0.059689
139.611 20.8686 0.0598166 0.00080464 139.86 21.098 0.059689
139.195 20.7452 0.0871378 1.81504e-18 139.86 21.098 0.059689
139.518 20.593 0.0915011 1.45446e-20 139.86 21.098 0.059689
139.451 20.7284 0.0708688 2.6211e-07 139.86 21.098 0.059689
