274.621 -5.28733 4.18685 3.07183e-10
274.146 -5.44969 4.20393 6.28959e-10
275.574 -5.95446 4.19058 2.78301e-24
274.575 -6.57447 4.20654 9.52863e-11
274.5 -6.20291 4.21283 5.61111e-07
274.28 -5.65205 4.19332 0.00179026
274.689 -6.37179 4.20127 1.18013e-05
274.903 -5.97916 4.19833 0.00212061
274.503 -5.77146 4.19784 0.0671987
274.427 -5.74877 4.20037 0.0147765
274.113 -6.25433 4.19144 8.90208e-06
275.01 -5.54032 4.21978 6.43745e-05
274.95 -6.19043 4.20509 0.000301638
274.514 -6.15944 4.1937 0.007039
274.697 -5.74613 4.20447 0.0604511
274.84 -6.11922 4.22765 5.63308e-09
274.671 -6.1058 4.21326 0.000222621
274.362 -6.22025 4.19535 0.0007159
274.463 -5.65037 4.20054 0.00582356
274.342 -6.48825 4.19901 8.61684e-09
275.007 -5.39576 4.19525 7.54875e-10
274.826 -5.81572 4.20961 0.0468746
275.501 -5.86308 4.22054 4.25174e-07
274.755 -5.51165 4.19165 4.59337e-06
274.787 -5.73012 4.21259 0.00947901
274.756 -5.74286 4.20514 0.0541357
274.618 -5.66578 4.21602 2.97221e-05
274.756 -5.40443 4.1972 3.21625e-06
274.635 -6.06835 4.19694 0.032047
274.632 -5.43155 4.20345 5.0034e-05
274.555 -6.4258 4.19822 1.89263e-06
274.891 -5.80171 4.18217 3.38041e-10
274.647 -6.22905 4.21932 2.25125e-08
274.893 -6.28116 4.19125 9.11857e-08
274.76 -6.33209 4.21326 1.21405e-06
274.71 -6.06829 4.20845 0.00945562
274.362 -6.1463 4.218 1.66836e-11
274.512 -5.81031 4.20945 0.00125683
274.939 -5.79199 4.23682 2.08001e-11
274.287 -5.92209 4.2158 2.70229e-10
274.92 -5.29736 4.21075 1.54841e-07
274.449 -5.72324 4.19939 0.0197209
274.659 -5.70917 4.20794 0.0146734
273.913 -5.6612 4.18757 9.98568e-07
273.554 -5.6945 4.19104 9.30619e-16
274.14 -6.22061 4.19909 4.74851e-07
274.221 -5.99476 4.19291 0.00538173
274.564 -5.78423 4.20691 0.0133048
274.663 -5.75436 4.21184 0.00396977
274.745 -5.44359 4.21773 9.61852e-07
274.913 -6.32242 4.18855 9.1756e-10
275.136 -5.3598 4.20624 1.17889e-08
274.697 -5.98831 4.19975 0.0757575
274.806 -5.73582 4.22045 0.000102427
274.553 -5.69055 4.19539 0.0229012
274.884 -5.63534 4.20778 0.00622536
274.241 -6.2083 4.19028 0.00048359
274.584 -6.05484 4.21927 2.09388e-07
274.683 -6.16609 4.18794 5.95638e-05
274.105 -6.02198 4.18327 0.00181273
274.037 -6.33547 4.21119 2.62066e-17
275.356 -6.00151 4.20205 6.13924e-10
274.142 -5.5727 4.19921 7.71305e-07
274.228 -5.72958 4.2059 1.47644e-06
274.362 -5.91096 4.2079 6.24184e-05
274.436 -5.68667 4.20628 0.000517286
275.303 -5.67732 4.20584 1.14219e-07
274.501 -5.59058 4.21429 1.2927e-06
274.941 -6.11211 4.19636 4.56437e-05
274.746 -5.79909 4.18154 9.33763e-08
273.996 -5.80415 4.2209 1.22623e-22
274.848 -5.92537 4.19189 0.000169786
274.647 -6.00831 4.20326 0.0613256
274.584 -6.03323 4.19663 0.0592863
274.855 -6.35554 4.18841 2.58412e-09
274.992 -6.31395 4.19766 1.36141e-07
274.592 -6.02053 4.19631 0.0636747
274.856 -5.40144 4.21453 4.88036e-06
274.853 -6.49702 4.21955 2.40358e-11
275.021 -5.41212 4.18478 1.29885e-15
274.585 -5.85699 4.19743 0.132071
274.172 -6.06511 4.19874 4.12425e-05
274.519 -5.41949 4.20834 1.57223e-06
274.49 -5.51942 4.18436 5.23879e-06
275.158 -5.65888 4.21273 0.000300202
274.571 -5.60283 4.20232 0.0048306
274.145 -5.94946 4.2139 1.47682e-12
274.495 -5.71628 4.20924 0.000475886
274.491 -5.39904 4.19526 7.83235e-06
274.52 -6.1606 4.19395 0.00700231
274.187 -6.14246 4.20476 1.07745e-07
274.047 -5.98348 4.18192 0.000922086
274.36 -5.20377 4.21839 5.77142e-17
274.867 -5.81235 4.20054 0.0141576
274.275 -6.28749 4.18204 2.88661e-05
274.528 -5.92012 4.19185 0.0598207
274.393 -5.48955 4.20705 1.36942e-06
274.596 -5.85987 4.19655 0.116974
274.993 -6.01278 4.23244 6.23158e-09
274.262 -5.55119 4.20093 7.7629e-06
