255.447 -18.4684 3.28009 1.38531e-07 255.21 -18.569 3.2578
255.947 -18.3203 3.26257 8.51251e-15 255.21 -18.569 3.2578
255.273 -18.7314 3.26891 0.152245 255.21 -18.569 3.2578
255 -18.8326 3.27497 9.87575e-07 255.21 -18.569 3.2578
255.575 -18.7522 3.2653 0.00326657 255.21 -18.569 3.2578
254.748 -18.4741 3.27796 9.61616e-18 255.21 -18.569 3.2578
254.918 -18.9591 3.25764 0.00446876 255.21 -18.569 3.2578
255.092 -18.4979 3.25814 0.0213694 255.21 -18.569 3.2578
254.804 -18.5458 3.2549 0.00830025 255.21 -18.569 3.2578
255.273 -19.1132 3.24301 4.08788e-19 255.21 -18.569 3.2578
254.602 -18.3675 3.26206 2.27958e-08 255.21 -18.569 3.2578
255.518 -18.4464 3.26492 0.000253962 255.21 -18.569 3.2578
254.993 -18.6788 3.26795 0.00368228 255.21 -18.569 3.2578
255.247 -18.7384 3.27516 0.000745577 255.21 -18.569 3.2578
255.494 -19.0918 3.26692 0.000872901 255.21 -18.569 3.2578
255.297 -18.3188 3.26215 0.000147671 255.21 -18.569 3.2578
255.205 -18.4459 3.2729 2.16158e-05 255.21 -18.569 3.2578
254.738 -19.0694 3.26035 1.38075e-05 255.21 -18.569 3.2578
255.528 -18.4037 3.27716 1.41786e-06 255.21 -18.569 3.2578
254.964 -18.6365 3.26527 0.012128 255.21 -18.569 3.2578
255.062 -18.3623 3.27179 2.43506e-07 255.21 -18.569 3.2578
254.624 -18.7246 3.26672 2.45251e-08 255.21 -18.569 3.2578
255.562 -18.3584 3.28116 1.98031e-09 255.21 -18.569 3.2578
255.374 -18.1791 3.27886 1.15219e-12 255.21 -18.569 3.2578
255.316 -18.133 3.26502 6.3278e-08 255.21 -18.569 3.2578
255.409 -18.9847 3.27236 0.021431 255.21 -18.569 3.2578
254.946 -18.4559 3.26481 0.000600927 255.21 -18.569 3.2578
255.508 -18.2683 3.25818 1.27083e-08 255.21 -18.569 3.2578
255.513 -18.2089 3.25211 2.26456e-13 255.21 -18.569 3.2578
254.935 -18.5289 3.27107 1.49877e-06 255.21 -18.569 3.2578
255.435 -19.1429 3.24933 1.21917e-15 255.21 -18.569 3.2578
254.895 -18.7255 3.25901 0.0578798 255.21 -18.569 3.2578
255.321 -18.393 3.24023 6.25951e-19 255.21 -18.569 3.2578
255.545 -18.0327 3.26111 1.49028e-12 255.21 -18.569 3.2578
255.232 -18.8076 3.25377 0.000116453 255.21 -18.569 3.2578
254.805 -18.4743 3.26258 0.000188898 255.21 -18.569 3.2578
254.933 -18.3853 3.26088 0.000931783 255.21 -18.569 3.2578
255.18 -18.3605 3.26215 0.00128552 255.21 -18.569 3.2578
255.246 -18.4631 3.24492 1.21813e-11 255.21 -18.569 3.2578
254.809 -18.5258 3.25285 0.00422333 255.21 -18.569 3.2578
255.563 -18.4415 3.25242 1.02758e-11 255.21 -18.569 3.2578
255.557 -19.114 3.27069 0.000874515 255.21 -18.569 3.2578
255.202 -18.8939 3.27094 0.0212989 255.21 -18.569 3.2578
255.501 -18.9532 3.26374 0.00136054 255.21 -18.569 3.2578
255.284 -18.701 3.25481 0.000248857 255.21 -18.569 3.2578
253.837 -18.9307 3.26426 3.58848e-33 255.21 -18.569 3.2578
255.102 -18.5187 3.24951 1.27927e-05 255.21 -18.569 3.2578
254.993 -18.5917 3.25752 0.0634364 255.21 -18.569 3.2578
255.237 -17.925 3.24968 2.7e-15 255.21 -18.569 3.2578
255.28 -18.4061 3.26632 0.00186712 255.21 -18.569 3.2578
254.816 -18.9943 3.29152 3.43231e-32 255.21 -18.569 3.2578
254.626 -18.6212 3.26005 4.40521e-05 255.21 -18.569 3.2578
254.749 -18.3074 3.25448 4.81576e-05 255.21 -18.569 3.2578
255.659 -18.7722 3.26833 0.00227076 255.21 -18.569 3.2578
255.151 -18.7212 3.26526 0.249546 255.21 -18.569 3.2578
255.302 -18.3047 3.24939 4.84686e-10 255.21 -18.569 3.2578
255.297 -18.5018 3.25195 1.24519e-06 255.21 -18.569 3.2578
255.486 -19.1811 3.25145 4.06826e-15 255.21 -18.569 3.2578
255.318 -17.8397 3.25511 2.97908e-16 255.21 -18.569 3.2578
255.439 -18.549 3.26088 0.00101551 255.21 -18.569 3.2578
254.777 -18.5864 3.24832 0.000322553 255.21 -18.569 3.2578
255.109 -18.5472 3.2425 2.81756e-11 255.21 -18.569 3.2578
255.092 -18.6616 3.2824 2.22834e-12 255.21 -18.569 3.2578
255.154 -18.0231 3.25114 2.442e-11 255.21 -18.569 3.2578
255.347 -18.5516 3.26059 0.0069717 255.21 -18.569 3.2578
255.144 -17.6798 3.26268 4.0834e-20 255.21 -18.569 3.2578
255.028 -18.1325 3.25491 2.96124e-07 255.21 -18.569 3.2578
254.791 -18.5972 3.25421 0.00939278 255.21 -18.569 3.2578
254.713 -19.3081 3.25889 1.26987e-09 255.21 -18.569 3.2578
254.95 -18.1646 3.24531 1.00442e-09 255.21 -18.569 3.2578
255.235 -19.4154 3.26284 4.70132e-09 255.21 -18.569 3.2578
254.937 -18.4427 3.25112 0.000462271 255.21 -18.569 3.2578
255.222 -19.2015 3.2616 3.15807e-05 255.21 -18.569 3.2578
255.287 -18.8817 3.25907 0.00587638 255.21 -18.569 3.2578
255.272 -18.7078 3.25661 0.00274678 255.21 -18.569 3.2578
255.601 -18.4805 3.26051 1.205e-06 255.21 -18.569 3.2578
254.95 -18.6535 3.26079 0.0803043 255.21 -18.569 3.2578
255.306 -18.46 3.23261 1.79967e-29 255.21 -18.569 3.2578
254.862 -18.8894 3.24739 3.09108e-06 255.21 -18.569 3.2578
255.036 -18.9367 3.24661 1.16077e-08 255.21 -18.569 3.2578
256.133 -19.101 3.26459 1.2575e-17 255.21 -18.569 3.2578
254.709 -19.218 3.26784 1.73623e-10 255.21 -18.569 3.2578
255.128 -18.5347 3.25913 0.0419832 255.21 -18.569 3.2578
255.102 -19.142 3.2702 9.70042e-05 255.21 -18.569 3.2578
255.639 -19.1728 3.27421 0.000114384 255.21 -18.569 3.2578
255.353 -19.0201 3.26178 0.0015591 255.21 -18.569 3.2578
255.353 -18.6368 3.25772 0.00114532 255.21 -18.569 3.2578
255.022 -18.1684 3.26365 2.90387e-07 255.21 -18.569 3.2578
254.762 -18.7047 3.25864 0.00645434 255.21 -18.569 3.2578
255.687 -19.023 3.26247 1.69438e-07 255.21 -18.569 3.2578
255.438 -19.5555 3.26177 2.14513e-14 255.21 -18.569 3.2578
254.874 -18.6531 3.26811 7.9057e-05 255.21 -18.569 3.2578
254.875 -18.6413 3.27825 5.10411e-13 255.21 -18.569 3.2578
254.874 -18.7978 3.28782 1.84893e-24 255.21 -18.569 3.2578
255.542 -18.9342 3.25501 1.79588e-09 255.21 -18.569 3.2578
255.094 -18.855 3.26638 0.0785666 255.21 -18.569 3.2578
255.215 -18.7311 3.26048 0.126859 255.21 -18.569 3.2578
256.018 -18.7499 3.27363 1.84377e-07 255.21 -18.569 3.2578
255.169 -19.1686 3.26967 0.000198037 255.21 -18.569 3.2578
255.13 -18.8078 3.27337 0.000627097 255.21 -18.569 3.2578
