33.8607 11.402 0.181978 2.66961e-24 34.123 10.871 0.14766
34.6633 10.6472 0.153425 3.73834e-16 34.123 10.871 0.14766
33.7874 10.6309 0.151531 0.00114935 34.123 10.871 0.14766
33.2391 10.664 0.14412 2.6508e-18 34.123 10.871 0.14766
34.3841 10.7735 0.131018 1.87295e-08 34.123 10.871 0.14766
34.3673 11.0393 0.140195 0.000967343 34.123 10.871 0.14766
34.5017 11.883 0.145737 1.13739e-25 34.123 10.871 0.14766
33.6904 11.2106 0.158402 0.000203098 34.123 10.871 0.14766
34.1729 11.0849 0.148666 0.0859041 34.123 10.871 0.14766
34.8002 10.6964 0.154005 1.9601e-21 34.123 10.871 0.14766
33.9795 11.2957 0.146763 0.000319799 34.123 10.871 0.14766
34.1997 11.6133 0.151243 9.36638e-12 34.123 10.871 0.14766
34.0057 10.6567 0.144537 0.0771904 34.123 10.871 0.14766
34.1699 11.4146 0.141979 2.67665e-06 34.123 10.871 0.14766
34.5044 11.131 0.153236 6.19501e-10 34.123 10.871 0.14766
34.0202 10.6901 0.13623 0.000585271 34.123 10.871 0.14766
34.3306 10.8304 0.138579 0.00174749 34.123 10.871 0.14766
34.4525 10.51 0.119995 1.67466e-23 34.123 10.871 0.14766
34.7277 10.7591 0.140323 2.49434e-10 34.123 10.871 0.14766
34.3959 10.7519 0.133182 5.36689e-07 34.123 10.871 0.14766
34.5386 10.4563 0.136968 1.34562e-10 34.123 10.871 0.14766
34.0082 10.947 0.152572 0.247548 34.123 10.871 0.14766
34.8898 10.2176 0.159476 3.08131e-44 34.123 10.871 0.14766
34.5547 10.9515 0.148228 2.1507e-07 34.123 10.871 0.14766
34.6656 10.5173 0.16822 7.43069e-40 34.123 10.871 0.14766
34.4978 10.0049 0.153366 8.54386e-30 34.123 10.871 0.14766
33.8925 11.416 0.133788 1.51025e-11 34.123 10.871 0.14766
33.9628 10.8809 0.12093 4.85053e-21 34.123 10.871 0.14766
34.7296 10.8139 0.156645 2.11688e-20 34.123 10.871 0.14766
34.191 11.0115 0.143079 0.116183 34.123 10.871 0.14766
34.2314 11.3394 0.139789 2.39404e-07 34.123 10.871 0.14766
34.4402 11.0397 0.150624 4.35971e-06 34.123 10.871 0.14766
33.9635 11.1273 0.146663 0.0410803 34.123 10.871 0.14766
34.1639 10.7378 0.131319 7.37789e-09 34.123 10.871 0.14766
34.4139 11.192 0.13513 4.66969e-08 34.123 10.871 0.14766
34.289 11.0461 0.148429 0.0111559 34.123 10.871 0.14766
34.3274 10.885 0.154828 5.51714e-06 34.123 10.871 0.14766
34.78 11.012 0.159145 2.05578e-25 34.123 10.871 0.14766
33.676 11.271 0.152712 0.00163163 34.123 10.871 0.14766
33.7437 10.5637 0.160433 3.38635e-08 34.123 10.871 0.14766
34.2842 10.8027 0.141051 0.0162802 34.123 10.871 0.14766
34.3025 10.459 0.137363 4.39674e-08 34.123 10.871 0.14766
34.1673 11.2397 0.131055 3.0357e-12 34.123 10.871 0.14766
34.0792 11.1912 0.14092 0.000356947 34.123 10.871 0.14766
34.2213 10.3137 0.136567 9.57775e-12 34.123 10.871 0.14766
33.903 11.2885 0.138172 3.18657e-09 34.123 10.871 0.14766
33.8701 10.7599 0.133985 1.2663e-07 34.123 10.871 0.14766
34.9086 10.8192 0.142125 2.65264e-16 34.123 10.871 0.14766
34.8759 11.5467 0.149482 1.8039e-28 34.123 10.871 0.14766
34.5219 11.2906 0.143752 5.96223e-09 34.123 10.871 0.14766
34.2129 11.0665 0.137316 0.000191525 34.123 10.871 0.14766
34.041 10.8804 0.13427 8.37352e-07 34.123 10.871 0.14766
33.8458 11.7098 0.140024 1.43572e-16 34.123 10.871 0.14766
34.3994 10.7146 0.148745 3.78924e-05 34.123 10.871 0.14766
34.5536 10.7553 0.156763 1.84009e-14 34.123 10.871 0.14766
33.8663 11.1458 0.137979 2.18937e-07 34.123 10.871 0.14766
34.2227 10.7391 0.145968 0.0537476 34.123 10.871 0.14766
34.1459 10.3346 0.153654 9.32569e-11 34.123 10.871 0.14766
33.6778 10.6405 0.136403 1.72608e-10 34.123 10.871 0.14766
34.2485 10.8498 0.151066 0.010326 34.123 10.871 0.14766
34.1326 11.6416 0.139566 2.91922e-13 34.123 10.871 0.14766
34.4859 10.8208 0.134912 1.82042e-06 34.123 10.871 0.14766
34.2738 10.9902 0.142476 0.0387518 34.123 10.871 0.14766
34.3196 10.8921 0.155251 4.12835e-06 34.123 10.871 0.14766
34.6387 11.1534 0.152249 1.64393e-13 34.123 10.871 0.14766
34.0483 11.2183 0.170848 2.86525e-19 34.123 10.871 0.14766
34.1402 10.776 0.153485 0.00659154 34.123 10.871 0.14766
34.2475 11.3843 0.13279 2.97656e-13 34.123 10.871 0.14766
34.4082 10.6486 0.147858 9.60283e-06 34.123 10.871 0.14766
34.467 10.8804 0.148127 2.69644e-05 34.123 10.871 0.14766
34.2693 10.8857 0.146518 0.0930307 34.123 10.871 0.14766
33.7266 11.0429 0.172718 5.43609e-13 34.123 10.871 0.14766
34.3715 11.2554 0.149985 9.77183e-07 34.123 10.871 0.14766
34.304 10.6578 0.148164 0.000463748 34.123 10.871 0.14766
34.8759 11.0094 0.149669 2.12633e-19 34.123 10.871 0.14766
34.5688 11.2683 0.147849 1.53199e-10 34.123 10.871 0.14766
34.501 11.5484 0.157942 5.77633e-20 34.123 10.871 0.14766
34.5649 10.9963 0.145349 8.93472e-07 34.123 10.871 0.14766
33.9529 11.0268 0.157239 0.00774289 34.123 10.871 0.14766
34.5454 10.2935 0.144634 4.92982e-15 34.123 10.871 0.14766
34.3385 11.2163 0.143107 7.57009e-05 34.123 10.871 0.14766
34.567 10.6738 0.152252 1.12992e-11 34.123 10.871 0.14766
34.3053 11.334 0.128616 3.22181e-16 34.123 10.871 0.14766
34.4702 10.9785 0.136538 9.72724e-06 34.123 10.871 0.14766
34.4632 10.4434 0.154077 2.0472e-14 34.123 10.871 0.14766
34.0142 11.117 0.139843 0.000354233 34.123 10.871 0.14766
34.0647 11.7039 0.152017 2.06608e-13 34.123 10.871 0.14766
34.5792 10.5913 0.139479 1.4088e-08 34.123 10.871 0.14766
34.505 11.0243 0.131335 2.07595e-09 34.123 10.871 0.14766
34.223 11.1891 0.141422 0.000564099 34.123 10.871 0.14766
34.436 10.7489 0.151241 8.76065e-07 34.123 10.871 0.14766
33.6458 11.1178 0.146365 9.41991e-06 34.123 10.871 0.14766
34.3884 10.5214 0.130413 1.61965e-11 34.123 10.871 0.14766
34.3543 11.1818 0.13882 1.32068e-05 34.123 10.871 0.14766
34.1698 10.9903 0.154498 0.00342211 34.123 10.871 0.14766
34.6006 10.7751 0.14312 2.34092e-07 34.123 10.871 0.14766
34.0541 10.4194 0.136259 2.47715e-06 34.123 10.871 0.14766
34.1816 10.6233 0.15731 1.26476e-07 34.123 10.871 0.14766
33.8773 10.9382 0.15348 0.17193 34.123 10.871 0.14766
34.1104 10.7438 0.140387 0.0103708 34.123 10.871 0.14766
