-33.5873 -79.6395 2.23494 8.71511e-05
-34.0786 -79.5966 2.24802 0.000267542
-33.8955 -79.3505 2.24119 3.22177e-05
-33.5213 -80.244 2.24979 3.44433e-06
-33.4654 -79.6847 2.25808 5.18174e-10
-33.5985 -80.3943 2.24608 3.23406e-06
-33.8141 -79.6483 2.24439 0.000994268
-34.3974 -79.581 2.24232 0.00065279
-34.2264 -79.8708 2.22975 0.068947
-34.1716 -79.9938 2.2412 0.0680163
-34.1918 -79.4362 2.25403 2.1848e-08
-33.9354 -79.3109 2.22411 0.000255271
-33.3747 -80.2573 2.23752 1.67113e-08
-33.8223 -79.5148 2.25021 3.19128e-06
-34.4984 -79.7641 2.21799 0.000155495
-33.7524 -80.1018 2.2486 0.00088921
-33.787 -80.009 2.24394 0.00575078
-33.5189 -79.7257 2.23783 2.86749e-05
-33.8465 -79.488 2.2446 8.1665e-05
-34.4965 -80.0726 2.24903 8.77536e-05
-34.2607 -79.8764 2.24068 0.0561039
-33.836 -79.6577 2.24356 0.00201451
-34.0027 -79.7902 2.24494 0.0153163
-33.3521 -79.8259 2.23927 2.84404e-07
-34.0734 -79.4963 2.24395 0.000482941
-34.0622 -80.2099 2.23719 0.00836407
-34.1256 -78.6006 2.22596 8.40863e-14
-33.6374 -79.26 2.22196 2.36166e-07
-33.7412 -79.4033 2.23339 0.000112305
-33.6467 -78.7915 2.22007 6.60971e-13
-33.5382 -79.6997 2.2468 5.32546e-06
-33.887 -79.0133 2.22572 1.54879e-07
-34.1686 -79.7981 2.24698 0.00581139
-33.6689 -79.31 2.22838 4.69838e-06
-33.762 -79.9992 2.23211 0.00161184
-34.1497 -79.6915 2.23883 0.0580642
-33.7993 -80.0279 2.24736 0.00287
-33.9683 -79.6987 2.24029 0.0279901
-34.294 -79.9488 2.25855 1.3157e-06
-33.8995 -79.8845 2.21925 4.5276e-05
-34.621 -79.9113 2.24528 4.04033e-05
-33.7327 -79.927 2.24267 0.00352877
-34.7027 -80.0317 2.23969 3.07978e-05
-34.0505 -79.8208 2.22837 0.0458693
-33.3847 -79.7965 2.22419 6.38805e-09
-33.3081 -79.5084 2.23744 3.57964e-09
-34.3476 -78.9068 2.2255 2.30196e-08
-33.9151 -80.2334 2.23719 0.00232884
-34.1426 -79.6233 2.23966 0.0233826
-33.5044 -79.8728 2.23514 2.06204e-05
-33.6034 -79.8457 2.23141 0.000120038
-33.8504 -79.8736 2.23975 0.0249699
-33.613 -79.8915 2.24644 0.000157807
-34.5833 -79.6725 2.25682 5.40068e-10
-34.2369 -79.7815 2.22577 0.0322594
-34.1705 -79.7577 2.24221 0.0339392
-34.1325 -79.7631 2.23334 0.147374
-34.1506 -79.6826 2.24773 0.0010989
-34.4664 -79.8896 2.22905 0.00813881
-33.9379 -79.4793 2.23021 0.00607044
-34.0078 -79.8436 2.23667 0.111685
-34.17 -79.9796 2.24203 0.0612792
-33.932 -79.3474 2.24014 6.68891e-05
-33.6981 -79.3584 2.25932 1.14912e-12
-34.182 -79.5656 2.22766 0.03797
-34.299 -79.4175 2.25361 6.98246e-09
-34.1732 -80.048 2.21866 2.11454e-05
-33.7742 -79.1525 2.22748 1.20014e-06
-33.6389 -79.561 2.26087 4.95963e-11
-33.9038 -79.5822 2.23778 0.00856758
-33.5454 -79.8255 2.23203 3.37564e-05
-34.3195 -80.0144 2.24238 0.0189028
-33.1758 -79.9981 2.23876 2.67195e-10
-33.8334 -79.7207 2.22256 0.000491079
-34.1582 -79.8341 2.26128 7.93877e-08
-33.5706 -80.112 2.24293 7.03566e-05
-33.2939 -79.7189 2.24117 1.92481e-08
-33.7056 -79.1075 2.24306 4.99861e-10
-33.4781 -79.6173 2.22866 1.22146e-06
-34.1332 -79.2076 2.23105 0.00010703
-33.6818 -79.0693 2.22461 1.78532e-08
-33.477 -80.4347 2.25116 7.25967e-08
-33.8544 -79.8404 2.24783 0.00250775
-34.2562 -79.9559 2.23245 0.0615433
-33.7916 -79.8455 2.23433 0.0101254
-34.0648 -79.5668 2.24172 0.00501367
-34.475 -79.7082 2.23674 0.00690403
-34.6211 -79.0154 2.24302 7.69609e-13
-33.8835 -79.0949 2.23252 6.1391e-07
-33.7313 -79.6482 2.24617 0.000146166
-34.0289 -79.9519 2.24761 0.0119227
-32.9654 -79.7624 2.23763 1.34263e-14
-33.3524 -80.1576 2.23759 3.74131e-08
-33.3812 -79.7302 2.22083 7.83242e-10
-33.5366 -79.2936 2.22419 5.15146e-08
-34.0834 -79.6315 2.21893 0.00143821
-34.0774 -79.7203 2.2456 0.00670712
-33.5398 -79.9226 2.26447 3.41328e-10
-34.0254 -79.8269 2.20871 2.30947e-08
-33.8687 -79.3267 2.23565 0.000109202
