-32.3176 -82.436 2.30115 2.5764e-13 -31.514 -81.878 2.2988
-31.7114 -82.6559 2.26799 6.01682e-40 -31.514 -81.878 2.2988
-31.5526 -81.9819 2.29575 0.00717906 -31.514 -81.878 2.2988
-31.0201 -82.1028 2.29119 5.35986e-09 -31.514 -81.878 2.2988
-31.3895 -81.6203 2.29935 0.0232512 -31.514 -81.878 2.2988
-31.5307 -81.3975 2.29783 0.000984692 -31.514 -81.878 2.2988
-32.1362 -82.8591 2.29641 6.06251e-21 -31.514 -81.878 2.2988
-31.2417 -81.7861 2.29209 0.000248687 -31.514 -81.878 2.2988
-31.0804 -82.3836 2.29631 2.91701e-09 -31.514 -81.878 2.2988
-31.555 -81.7457 2.30491 0.098681 -31.514 -81.878 2.2988
-32.0174 -82.0612 2.29746 1.02009e-05 -31.514 -81.878 2.2988
-31.5043 -82.3213 2.28546 2.57853e-12 -31.514 -81.878 2.2988
-31.6537 -82.1189 2.28569 5.24542e-09 -31.514 -81.878 2.2988
-31.7791 -81.8558 2.30527 0.0264622 -31.514 -81.878 2.2988
-31.706 -81.3876 2.2908 0.000121288 -31.514 -81.878 2.2988
-31.5274 -82.0801 2.30555 0.129614 -31.514 -81.878 2.2988
-31.1291 -81.5341 2.28625 2.45293e-07 -31.514 -81.878 2.2988
-31.6092 -82.2267 2.30219 0.00466811 -31.514 -81.878 2.2988
-31.0836 -81.7954 2.25072 1.75688e-45 -31.514 -81.878 2.2988
-31.892 -82.5952 2.30866 7.76101e-08 -31.514 -81.878 2.2988
-31.3359 -82.5611 2.31324 3.43007e-05 -31.514 -81.878 2.2988
-31.0463 -81.7664 2.28554 4.52779e-09 -31.514 -81.878 2.2988
-31.7763 -81.9584 2.30723 0.0253297 -31.514 -81.878 2.2988
-31.3884 -82.2449 2.31348 0.0152399 -31.514 -81.878 2.2988
-31.3092 -81.8003 2.28133 2.82174e-09 -31.514 -81.878 2.2988
-31.4706 -81.8672 2.31817 0.000312289 -31.514 -81.878 2.2988
-31.1131 -82.5893 2.27553 6.96392e-31 -31.514 -81.878 2.2988
-31.3957 -81.9758 2.30803 0.146912 -31.514 -81.878 2.2988
-31.5329 -82.1501 2.29705 0.00110734 -31.514 -81.878 2.2988
-31.8427 -81.8636 2.30725 0.0061164 -31.514 -81.878 2.2988
-31.2876 -82.5361 2.32765 1.7073e-07 -31.514 -81.878 2.2988
-32.0587 -81.9213 2.30791 2.80619e-05 -31.514 -81.878 2.2988
-32.2152 -82.4988 2.28273 3.37366e-23 -31.514 -81.878 2.2988
-31.0633 -81.6856 2.28666 5.28038e-08 -31.514 -81.878 2.2988
-31.6932 -82.1774 2.31446 0.00590073 -31.514 -81.878 2.2988
-31.6268 -82.2807 2.28805 8.16682e-10 -31.514 -81.878 2.2988
-31.3046 -81.773 2.29708 0.0129972 -31.514 -81.878 2.2988
-31.5512 -81.9216 2.29523 0.0101375 -31.514 -81.878 2.2988
-31.1622 -82.0346 2.2906 4.73024e-07 -31.514 -81.878 2.2988
-31.1173 -82.1757 2.2741 2.63117e-22 -31.514 -81.878 2.2988
-31.4404 -81.881 2.28631 2.75926e-06 -31.514 -81.878 2.2988
-31.8455 -82.0343 2.30401 0.00645912 -31.514 -81.878 2.2988
-31.4489 -82.146 2.28712 1.60297e-08 -31.514 -81.878 2.2988
-32.236 -82.5152 2.2753 3.59302e-31 -31.514 -81.878 2.2988
-31.848 -81.9669 2.31832 1.64587e-05 -31.514 -81.878 2.2988
-31.7321 -82.0224 2.28546 3.29233e-08 -31.514 -81.878 2.2988
-31.4502 -81.72 2.3058 0.060695 -31.514 -81.878 2.2988
-31.2833 -81.4567 2.31136 2.46711e-06 -31.514 -81.878 2.2988
-31.6927 -82.1507 2.29103 1.84721e-06 -31.514 -81.878 2.2988
-31.9373 -81.7316 2.29987 0.000856966 -31.514 -81.878 2.2988
-31.4148 -81.8412 2.30073 0.11698 -31.514 -81.878 2.2988
-31.8123 -81.8798 2.31164 0.00195814 -31.514 -81.878 2.2988
-31.3724 -81.4639 2.29605 0.00156316 -31.514 -81.878 2.2988
-32.004 -81.7612 2.28947 1.76796e-06 -31.514 -81.878 2.2988
-31.9551 -81.8442 2.30368 0.000896919 -31.514 -81.878 2.2988
-31.8545 -82.2685 2.30379 0.000199767 -31.514 -81.878 2.2988
-31.4401 -82.2695 2.2944 3.55114e-06 -31.514 -81.878 2.2988
-31.2989 -81.8081 2.31232 0.00473622 -31.514 -81.878 2.2988
-31.2801 -82.4966 2.29849 2.51593e-08 -31.514 -81.878 2.2988
-31.8199 -81.9835 2.26265 3.90315e-29 -31.514 -81.878 2.2988
-31.3975 -82.2238 2.29566 3.52071e-05 -31.514 -81.878 2.2988
-31.4561 -81.9825 2.27914 5.1407e-12 -31.514 -81.878 2.2988
-31.5448 -82.4439 2.30716 0.00031571 -31.514 -81.878 2.2988
-31.4719 -81.7837 2.31028 0.0265 -31.514 -81.878 2.2988
-31.8072 -82.3589 2.28094 2.38792e-17 -31.514 -81.878 2.2988
-31.9851 -82.3251 2.28518 1.19933e-14 -31.514 -81.878 2.2988
-31.3732 -81.3139 2.28288 1.86378e-07 -31.514 -81.878 2.2988
-31.709 -81.8455 2.29167 0.000755731 -31.514 -81.878 2.2988
-31.4762 -81.6676 2.27358 3.74305e-13 -31.514 -81.878 2.2988
-31.6022 -82.042 2.29926 0.0230349 -31.514 -81.878 2.2988
-31.5705 -82.4308 2.30197 2.59451e-05 -31.514 -81.878 2.2988
-31.2868 -82.2641 2.30568 0.00316778 -31.514 -81.878 2.2988
-31.8424 -81.9912 2.30176 0.00633781 -31.514 -81.878 2.2988
-31.6284 -81.6905 2.284 2.74237e-06 -31.514 -81.878 2.2988
-32.2116 -82.4419 2.30114 1.70425e-11 -31.514 -81.878 2.2988
-32.1214 -81.7466 2.30207 4.98645e-06 -31.514 -81.878 2.2988
-31.7472 -81.9438 2.30187 0.0372041 -31.514 -81.878 2.2988
-31.4653 -81.559 2.30757 0.00190284 -31.514 -81.878 2.2988
-31.5247 -81.6691 2.30879 0.0093836 -31.514 -81.878 2.2988
-31.176 -82.2301 2.29894 2.57192e-05 -31.514 -81.878 2.2988
-31.5618 -81.8433 2.28333 1.71406e-07 -31.514 -81.878 2.2988
-31.4853 -81.6575 2.29197 0.00361015 -31.514 -81.878 2.2988
-32.0109 -82.2637 2.29225 1.24012e-09 -31.514 -81.878 2.2988
-31.8404 -81.7948 2.2899 5.48722e-05 -31.514 -81.878 2.2988
-32.0937 -81.4785 2.31207 2.47761e-10 -31.514 -81.878 2.2988
-31.6973 -82.4935 2.31221 8.62147e-05 -31.514 -81.878 2.2988
-31.9026 -81.7968 2.30569 0.00172664 -31.514 -81.878 2.2988
-31.4708 -81.8641 2.30073 0.146825 -31.514 -81.878 2.2988
-31.5606 -82.3562 2.31683 0.00163864 -31.514 -81.878 2.2988
-31.7414 -82.0547 2.30236 0.0200414 -31.514 -81.878 2.2988
-31.9138 -81.7002 2.29422 0.000307939 -31.514 -81.878 2.2988
-30.3727 -82.0018 2.3004 8.59311e-18 -31.514 -81.878 2.2988
-31.1423 -81.8703 2.28172 5.12804e-11 -31.514 -81.878 2.2988
-31.4769 -81.9876 2.29407 0.00173273 -31.514 -81.878 2.2988
-31.405 -82.3016 2.30217 0.000814401 -31.514 -81.878 2.2988
-30.7888 -81.8307 2.29199 2.56552e-10 -31.514 -81.878 2.2988
-31.3755 -81.7191 2.29348 0.00459562 -31.514 -81.878 2.2988
-31.4221 -82.3686 2.30194 0.000136287 -31.514 -81.878 2.2988
-31.1169 -82.217 2.28896 1.48682e-10 -31.514 -81.878 2.2988
-31.2181 -81.8931 2.31975 2.12179e-05 -31.514 -81.878 2.2988
