-2.4185 -95.5617 3.0956 0.0157962 -2.0646 -95.646 3.1131
-2.5113 -95.2445 3.12408 1.30451e-05 -2.0646 -95.646 3.1131
-1.9009 -95.767 3.10698 0.000943627 -2.0646 -95.646 3.1131
-1.57373 -96.2207 3.09952 3.70641e-13 -2.0646 -95.646 3.1131
-2.06426 -95.7595 3.11772 0.00246536 -2.0646 -95.646 3.1131
-2.45828 -95.7521 3.10476 0.020324 -2.0646 -95.646 3.1131
-2.57326 -95.8905 3.11496 3.29115e-05 -2.0646 -95.646 3.1131
-2.5234 -95.6687 3.10293 0.028874 -2.0646 -95.646 3.1131
-1.5633 -95.9526 3.11543 3.98187e-08 -2.0646 -95.646 3.1131
-2.52971 -95.4004 3.12248 5.84002e-05 -2.0646 -95.646 3.1131
-2.07982 -95.7323 3.10655 0.0146871 -2.0646 -95.646 3.1131
-2.14544 -96.659 3.10041 3.46573e-15 -2.0646 -95.646 3.1131
-2.23037 -95.096 3.11281 0.00545916 -2.0646 -95.646 3.1131
-2.34819 -95.3829 3.13005 2.39935e-06 -2.0646 -95.646 3.1131
-2.77186 -95.6314 3.11082 0.000141712 -2.0646 -95.646 3.1131
-1.88595 -95.6318 3.11826 0.00224168 -2.0646 -95.646 3.1131
-2.17691 -94.5323 3.10668 2.36306e-10 -2.0646 -95.646 3.1131
-2.63617 -95.7964 3.10373 0.00212521 -2.0646 -95.646 3.1131
-1.84305 -95.9214 3.0965 3.88379e-07 -2.0646 -95.646 3.1131
-2.39585 -96.0556 3.10947 5.15712e-05 -2.0646 -95.646 3.1131
-2.52757 -95.8273 3.11147 0.000971195 -2.0646 -95.646 3.1131
-1.75722 -95.3736 3.11113 0.000656493 -2.0646 -95.646 3.1131
-2.60982 -95.2538 3.11747 0.00015266 -2.0646 -95.646 3.1131
-2.019 -96.2234 3.11897 1.32505e-08 -2.0646 -95.646 3.1131
-2.36686 -95.4154 3.11188 0.0735518 -2.0646 -95.646 3.1131
-2.18638 -96.1018 3.1156 4.10174e-06 -2.0646 -95.646 3.1131
-2.17921 -95.6553 3.10208 0.0313173 -2.0646 -95.646 3.1131
-1.692 -95.5121 3.11761 0.000222651 -2.0646 -95.646 3.1131
-2.45005 -95.6866 3.11728 0.0013447 -2.0646 -95.646 3.1131
-2.47951 -95.7162 3.11077 0.00977303 -2.0646 -95.646 3.1131
-2.11327 -94.9029 3.11041 7.95987e-05 -2.0646 -95.646 3.1131
-1.56711 -95.9213 3.10818 3.0538e-08 -2.0646 -95.646 3.1131
-2.09406 -95.5428 3.09602 0.0016332 -2.0646 -95.646 3.1131
-2.39674 -95.3931 3.09161 0.00140653 -2.0646 -95.646 3.1131
-2.48295 -95.7009 3.11579 0.00159163 -2.0646 -95.646 3.1131
-2.41592 -95.4961 3.10937 0.0885155 -2.0646 -95.646 3.1131
-2.00369 -95.9661 3.11856 2.69894e-05 -2.0646 -95.646 3.1131
-2.05417 -94.8581 3.11084 1.68551e-05 -2.0646 -95.646 3.1131
-1.91999 -95.5102 3.09312 7.8845e-06 -2.0646 -95.646 3.1131
-1.89201 -95.4669 3.10688 0.00481539 -2.0646 -95.646 3.1131
-2.57164 -95.2166 3.1139 0.00113007 -2.0646 -95.646 3.1131
-2.57309 -95.3752 3.09048 0.000678128 -2.0646 -95.646 3.1131
-2.37101 -95.6536 3.10164 0.0563244 -2.0646 -95.646 3.1131
-2.4948 -95.636 3.09722 0.0185021 -2.0646 -95.646 3.1131
-2.25089 -95.7143 3.11672 0.00666834 -2.0646 -95.646 3.1131
-1.98896 -95.5394 3.13901 4.33714e-09 -2.0646 -95.646 3.1131
-2.00872 -95.3597 3.08846 5.61051e-07 -2.0646 -95.646 3.1131
-2.27709 -95.7894 3.09927 0.00747252 -2.0646 -95.646 3.1131
-2.31603 -95.6883 3.11077 0.0407465 -2.0646 -95.646 3.1131
-2.20277 -96.1306 3.0992 4.93049e-06 -2.0646 -95.646 3.1131
-2.55448 -95.9537 3.12284 4.78289e-08 -2.0646 -95.646 3.1131
-2.61701 -94.858 3.10345 2.60383e-06 -2.0646 -95.646 3.1131
-1.77097 -95.6719 3.1197 0.000218684 -2.0646 -95.646 3.1131
-1.96801 -95.7671 3.11363 0.00289031 -2.0646 -95.646 3.1131
-1.8393 -95.7538 3.12823 3.65447e-06 -2.0646 -95.646 3.1131
-2.5381 -95.9059 3.10583 0.000916045 -2.0646 -95.646 3.1131
-2.08506 -95.4037 3.10727 0.0593942 -2.0646 -95.646 3.1131
-2.34604 -95.6811 3.09976 0.031345 -2.0646 -95.646 3.1131
-1.35251 -95.6232 3.11176 2.62924e-09 -2.0646 -95.646 3.1131
-2.55661 -95.8816 3.1138 9.27402e-05 -2.0646 -95.646 3.1131
-1.66989 -96.077 3.13057 6.06648e-11 -2.0646 -95.646 3.1131
-1.83409 -95.6138 3.10357 0.000381724 -2.0646 -95.646 3.1131
-2.36895 -95.3877 3.12177 0.00113013 -2.0646 -95.646 3.1131
-1.71739 -95.814 3.12221 5.83573e-06 -2.0646 -95.646 3.1131
-2.19366 -95.1767 3.12246 0.000847198 -2.0646 -95.646 3.1131
-1.93593 -95.8572 3.09003 1.01543e-07 -2.0646 -95.646 3.1131
-1.8975 -95.6077 3.12482 0.000253125 -2.0646 -95.646 3.1131
-2.18829 -95.9312 3.09058 6.4571e-06 -2.0646 -95.646 3.1131
-1.94665 -95.5576 3.10246 0.00295266 -2.0646 -95.646 3.1131
-2.12835 -95.9018 3.13097 3.10392e-08 -2.0646 -95.646 3.1131
-2.35672 -95.6922 3.09959 0.0279405 -2.0646 -95.646 3.1131
-2.14857 -95.7272 3.08369 1.29218e-07 -2.0646 -95.646 3.1131
-2.21995 -95.2912 3.10931 0.0724602 -2.0646 -95.646 3.1131
-1.85743 -95.6983 3.12463 7.55032e-05 -2.0646 -95.646 3.1131
-1.70931 -95.7597 3.09264 3.84991e-09 -2.0646 -95.646 3.1131
-2.34094 -95.7658 3.11755 0.00135326 -2.0646 -95.646 3.1131
-2.4568 -95.5248 3.11749 0.00361122 -2.0646 -95.646 3.1131
-1.93301 -95.2952 3.08991 1.89387e-07 -2.0646 -95.646 3.1131
-1.54553 -95.6096 3.10203 4.26876e-08 -2.0646 -95.646 3.1131
-1.78104 -96.1628 3.11389 2.31597e-08 -2.0646 -95.646 3.1131
-2.28843 -95.6615 3.09646 0.00982258 -2.0646 -95.646 3.1131
-1.92678 -95.0962 3.11586 0.000817567 -2.0646 -95.646 3.1131
-2.47901 -96.1127 3.10084 1.62447e-05 -2.0646 -95.646 3.1131
-2.15584 -95.261 3.12327 0.0013581 -2.0646 -95.646 3.1131
-2.29061 -96.4474 3.11274 3.44667e-11 -2.0646 -95.646 3.1131
-2.35606 -95.5288 3.10378 0.126583 -2.0646 -95.646 3.1131
-2.15086 -95.6839 3.11096 0.0393227 -2.0646 -95.646 3.1131
-2.28637 -95.2363 3.13677 3.75562e-09 -2.0646 -95.646 3.1131
-1.79623 -95.5776 3.11849 0.000945971 -2.0646 -95.646 3.1131
-2.27531 -95.3195 3.11179 0.0727663 -2.0646 -95.646 3.1131
-2.56167 -95.6048 3.12275 1.17754e-05 -2.0646 -95.646 3.1131
-2.37858 -95.2971 3.11072 0.0480056 -2.0646 -95.646 3.1131
-2.34542 -95.4464 3.09564 0.01236 -2.0646 -95.646 3.1131
-2.1889 -95.0889 3.10795 0.00482223 -2.0646 -95.646 3.1131
-1.95193 -95.5536 3.1167 0.0108942 -2.0646 -95.646 3.1131
-1.98509 -95.4139 3.11527 0.0238838 -2.0646 -95.646 3.1131
-1.89007 -94.8605 3.10626 7.09661e-07 -2.0646 -95.646 3.1131
-1.85753 -96.0961 3.08382 2.89343e-13 -2.0646 -95.646 3.1131
-2.56388 -95.632 3.12675 2.55549e-07 -2.0646 -95.646 3.1131
-1.86616 -95.6967 3.11488 0.00167514 -2.0646 -95.646 3.1131
