11.5877 4.07404 0.293476 3.8385e-16
11.8924 3.46864 0.326012 4.31142e-14
11.273 3.10734 0.293224 4.59773e-38
12.1186 3.9449 0.297527 0.0158415
12.2698 3.6585 0.312719 1.76026e-06
11.9353 4.16317 0.301123 2.04498e-05
11.7485 4.24258 0.300678 1.36177e-09
11.7457 4.09782 0.29935 9.38483e-08
11.553 4.21912 0.294705 1.55207e-18
11.839 4.15174 0.295583 2.95093e-09
12.2128 3.82809 0.30377 0.0695906
11.557 3.79553 0.283843 1.66993e-27
11.3344 3.81667 0.29557 2.23159e-21
11.4513 4.01467 0.295771 9.574e-18
12.3944 3.65792 0.302962 0.000499079
11.9169 3.75195 0.322919 1.70965e-08
12.5075 3.37307 0.282969 4.42416e-13
12.1547 3.81418 0.305255 0.122255
11.0505 3.79605 0.310335 9.29716e-21
12.1013 3.93292 0.290016 9.34489e-07
11.4633 3.80819 0.294393 1.59566e-17
11.8687 3.27201 0.307316 1.09077e-08
11.8304 3.62763 0.308228 0.00853855
11.7002 3.60338 0.303481 1.90851e-05
11.7168 3.65468 0.298247 2.91329e-07
11.6096 4.02158 0.301256 1.28327e-08
11.7034 3.81328 0.316287 0.000498534
11.5048 3.67104 0.297918 4.45735e-13
11.8415 3.75239 0.308784 0.051277
11.6514 3.45906 0.290368 7.02073e-18
11.5 3.60687 0.306448 1.56357e-08
11.4932 4.02243 0.32005 4.59079e-08
12.0386 3.76062 0.301035 0.118352
11.7784 3.20376 0.311859 1.39865e-11
11.6736 3.54941 0.318532 8.80273e-07
12.0557 3.13526 0.300134 2.56272e-12
12.0533 3.70206 0.292145 2.04798e-05
11.6615 3.4503 0.309358 7.33751e-07
12.1293 3.08768 0.312238 2.59952e-16
11.3444 4.12245 0.309234 5.01598e-13
12.205 3.93489 0.298673 0.0315698
11.5073 3.74093 0.318867 9.19834e-07
12.04 4.18254 0.303621 0.000163594
12.0774 3.653 0.304985 0.0736324
11.5636 3.47041 0.306998 1.14672e-08
11.1865 3.32469 0.323999 6.42203e-20
12.7966 4.14529 0.288749 3.90467e-11
12.2303 3.8001 0.301102 0.0702556
12.0167 3.53281 0.320397 1.67675e-09
11.9124 4.08073 0.288899 2.95126e-12
11.8152 4.0416 0.281382 2.19459e-23
12.6023 3.70251 0.289725 1.54123e-06
11.9167 3.63268 0.301994 0.00826819
11.9809 3.95604 0.295283 7.45559e-05
12.0276 3.34929 0.302514 2.46017e-06
12.1011 4.10947 0.301696 0.0019007
12.1657 3.86957 0.291933 0.000619509
11.7695 3.29229 0.293096 2.65308e-15
11.895 3.04359 0.294923 5.671e-19
11.737 3.57162 0.30357 3.93854e-05
11.874 2.92282 0.312884 1.04897e-21
11.9227 3.95069 0.318355 1.82261e-05
11.4353 3.79126 0.30707 5.41235e-09
11.9652 3.84937 0.31027 0.0701689
11.3996 3.28593 0.293493 4.70379e-27
12.2031 4.20049 0.290451 4.22467e-07
12.415 3.31018 0.28664 2.98315e-12
12.1078 3.73414 0.296418 0.00976566
11.6492 3.6003 0.297331 6.58806e-10
11.5143 3.68466 0.308252 5.45839e-07
12.0615 4.22563 0.287482 2.33001e-10
12.147 3.54638 0.291525 3.67939e-06
11.6103 3.73458 0.303242 1.73772e-06
12.2969 3.4515 0.309033 1.90072e-07
12.083 3.20797 0.313735 9.46567e-13
12.0475 4.02082 0.294068 1.78872e-05
11.6739 4.00475 0.304144 1.06407e-05
12.0709 3.2497 0.307906 3.47362e-09
12.2301 3.65924 0.313366 3.4294e-06
12.1531 3.56174 0.315135 4.26994e-07
11.5247 3.66062 0.298163 2.56732e-12
12.1726 3.36833 0.325577 7.73491e-21
11.4909 4.29813 0.316454 6.95005e-12
12.0249 3.68752 0.315502 0.000128602
11.8115 4.30867 0.301586 1.0687e-09
12.0637 3.88589 0.307863 0.0943231
11.3599 4.47283 0.311355 4.93846e-20
11.4247 3.59732 0.297382 7.3808e-17
11.5938 3.61331 0.282081 3.01459e-29
12.1792 3.57857 0.311179 5.63294e-05
12.1405 4.05851 0.311004 0.000209748
12.2074 4.0146 0.298475 0.00897601
12.1056 3.42333 0.28446 7.99838e-14
11.8949 4.05417 0.299895 0.00012819
12.6498 3.68762 0.296377 4.55634e-07
11.3805 3.77152 0.303537 1.45325e-12
11.5398 3.3089 0.301951 1.32555e-14
11.7082 3.65053 0.301576 1.12572e-05
12.1181 3.88524 0.299242 0.0544311
12.1336 3.84893 0.302966 0.188297
