-5.93334 -95.025 2.98005 4.97553e-06
-6.23475 -95.2349 2.97541 0.00082096
-6.41257 -95.4938 2.9854 0.0788998
-6.70386 -95.1991 2.97156 6.74413e-05
-6.08992 -94.9607 2.99846 0.000415743
-6.82987 -94.5532 2.98938 3.87685e-13
-6.21475 -94.4763 2.98851 1.92064e-10
-7.0261 -95.4881 2.99922 7.38434e-15
-5.54795 -94.6279 2.99569 1.22289e-11
-6.33868 -94.4603 2.98158 5.20021e-12
-6.61741 -95.0611 2.97601 0.000179775
-6.01758 -95.2659 2.98391 0.00899138
-6.40731 -95.3838 2.98342 0.131859
-5.80423 -94.9846 2.99096 5.71099e-05
-6.02933 -95.1068 2.97734 1.99256e-05
-6.2468 -95.6414 2.98801 0.014557
-6.36097 -94.7732 3.00012 2.28484e-07
-5.87412 -94.7718 2.99426 2.40336e-06
-5.96657 -95.3042 2.99424 0.0166772
-6.35922 -95.0926 2.97466 0.000184195
-6.52174 -95.9487 2.98911 4.50382e-07
-6.10885 -95.3805 2.98543 0.0678858
-5.96917 -94.2353 2.99891 5.5181e-16
-6.58272 -95.1497 2.96727 1.24296e-06
-6.61988 -95.2807 2.98297 0.0127425
-6.36503 -94.582 2.96732 1.03955e-15
-6.27552 -94.7004 3.01172 6.16328e-13
-5.76367 -94.7343 2.98387 3.5679e-10
-6.02228 -95.0408 2.98048 7.3053e-05
-6.31222 -95.3516 2.98418 0.168798
-6.02435 -94.6228 2.99277 8.41278e-08
-6.14926 -95.3118 2.96751 5.42293e-08
-6.05835 -95.4394 2.99494 0.0148616
-6.43242 -94.6649 2.99489 5.5865e-08
-6.18806 -95.12 3.0104 1.12266e-08
-5.61235 -94.8768 3.00092 1.50798e-07
-6.44202 -95.5368 3.00046 2.24808e-06
-6.19504 -94.6694 2.98693 4.44698e-07
-6.08467 -94.8753 2.99512 0.000233063
-6.14128 -94.9459 2.98691 0.00130184
-6.22054 -94.9668 2.99237 0.00294324
-6.46872 -95.1148 2.99638 0.000248938
-6.53161 -95.5423 2.98299 0.0239541
-5.44393 -95.0896 2.99062 2.11136e-09
-6.31705 -95.3768 2.99105 0.0729054
-6.32561 -94.6003 2.98797 3.82365e-08
-6.64474 -94.3897 2.99045 2.28628e-14
-6.91433 -95.1289 2.9806 4.43649e-06
-5.94129 -94.6732 2.98054 2.27849e-10
-6.12024 -95.467 2.9864 0.0638136
-6.267 -95.7327 2.98671 0.00323592
-6.71865 -94.9758 2.98984 5.28748e-06
-5.70262 -95.5282 2.98934 2.11866e-05
-6.05988 -95.2028 2.98328 0.00825532
-5.9904 -94.8004 2.99259 2.16174e-05
-5.56786 -95.0194 2.98663 7.36502e-09
-6.65453 -94.803 2.97196 6.77623e-09
-6.63529 -95.0975 2.99454 1.71596e-05
-5.82932 -94.9994 2.99584 0.000200419
-6.5951 -95.2574 2.97362 0.00111819
-6.17835 -95.205 2.99024 0.0859764
-6.03549 -94.8693 2.98849 0.000112786
-6.4784 -95.5433 2.99595 9.83623e-05
-5.92466 -95.0141 2.98671 0.000264654
-6.29301 -95.3083 2.96658 3.213e-07
-6.63552 -95.3192 2.97582 0.00397083
-5.71138 -95.1015 2.99632 7.38936e-05
-5.71307 -95.0508 2.9761 7.11782e-11
-6.12347 -94.803 2.97242 2.23142e-10
-6.30607 -94.9376 2.99195 0.00124231
-5.75172 -94.7493 2.99283 8.59756e-08
-6.52082 -95.015 3.00342 2.39192e-08
-6.19539 -95.2894 3.00049 0.000812784
-6.22671 -95.1514 2.9854 0.0490439
-6.2553 -94.8509 2.98821 0.000235133
-5.35697 -94.61 2.99349 1.30005e-15
-6.60212 -95.2559 2.99223 0.000616649
-6.18685 -95.4252 2.96865 1.16708e-06
-6.11333 -94.5416 3.00451 1.01628e-10
-6.01824 -95.0953 2.99156 0.0107987
-6.57069 -95.1651 2.98492 0.00901598
-6.41579 -95.0327 2.98845 0.0060116
-6.20164 -95.1313 2.99907 0.00150391
-6.31647 -95.0553 2.99639 0.00134326
-6.24996 -95.231 2.98888 0.12236
-6.24736 -95.0574 2.9606 9.54666e-14
-5.92428 -94.6673 3.01523 3.9772e-13
-6.39654 -94.5624 2.99268 3.83652e-09
-6.2952 -95.0785 2.99593 0.00286154
-6.66023 -94.9376 2.98943 1.28214e-05
-6.56765 -95.1558 2.97647 0.00171181
-7.14499 -94.9467 2.98425 7.36977e-12
-6.63382 -95.3851 2.98956 0.00147916
-6.35527 -95.9069 2.99814 1.14168e-08
-6.0786 -95.0584 3.00242 0.000137528
-6.17873 -94.7414 2.98992 9.716e-06
-6.16054 -94.7421 2.98841 7.31901e-06
-5.99013 -94.982 2.98313 7.25495e-05
-6.44607 -95.073 2.99061 0.00484251
-6.62228 -94.9059 3.00514 1.85886e-11
