214.521 26.4413 0.0568618 0.000399697
213.92 26.8438 0.0700168 2.34627e-06
214.685 26.6546 0.0593026 0.000238023
214.765 26.9466 0.0518618 3.33122e-12
214.09 26.6788 0.0685855 0.00357145
214.012 27.0066 0.0722753 1.18765e-06
214.388 26.7182 0.0666311 0.0588453
214.427 26.2986 0.074993 0.00673481
214.124 26.9176 0.0851636 4.17013e-06
214.648 26.2503 0.0657186 0.00171613
213.792 26.8678 0.0751065 4.0708e-08
214.638 26.4724 0.0640618 0.0206842
214.057 26.4532 0.070578 0.00372021
214.046 26.931 0.0590583 5.35496e-10
214.31 26.2917 0.0759274 0.00400733
214.007 26.7864 0.0641022 2.8175e-06
213.654 26.8055 0.0517281 1.1365e-22
213.705 26.8787 0.0765283 6.48459e-10
215.174 26.8067 0.0733723 4.92067e-13
214.763 26.3776 0.0561686 1.27866e-05
214.545 26.4067 0.0633323 0.0313783
214.631 25.9734 0.0756478 2.76704e-09
214.183 26.6541 0.0819029 0.00194812
214.546 26.7877 0.0815359 0.000180467
214.47 26.9173 0.0649856 0.000264183
214.638 26.3963 0.0660751 0.0203196
214.647 26.4838 0.0978253 2.93324e-18
214.825 26.6567 0.0661249 0.000243116
214.059 27.0981 0.065156 1.22691e-09
214.634 26.5577 0.0512739 1.47352e-07
214.557 26.5896 0.0803959 0.00104476
214.228 26.4364 0.0609737 0.00135026
214.351 26.5356 0.0795113 0.0154924
214.003 26.7442 0.0748313 0.00061569
214.083 26.5042 0.0622197 0.000135684
214.562 26.4786 0.0586406 0.00181891
214.241 26.9849 0.0791571 0.000103168
214.459 26.7814 0.0690622 0.041866
214.192 27.1115 0.0598688 4.82794e-11
214.761 27.0205 0.0763544 1.35874e-07
214.629 26.5958 0.0830264 1.31769e-05
214.697 26.8907 0.0725244 0.000125928
214.303 26.3043 0.0675546 0.0243586
214.264 26.9698 0.095467 2.52538e-12
214.531 26.9503 0.0790148 6.87983e-05
214.675 26.8038 0.0556904 3.26038e-07
214.87 26.2528 0.0597499 2.08832e-06
214.155 26.6259 0.0617556 0.00031182
214.518 26.6434 0.0717639 0.161428
214.965 26.7382 0.0660691 4.98897e-07
214.129 26.2648 0.0691509 0.00101768
213.474 26.9106 0.0748413 2.36461e-16
214.468 26.8167 0.0821006 0.000261767
214.09 26.9632 0.0717416 3.00598e-05
214.386 25.8831 0.0693818 1.456e-08
214.758 26.4045 0.0647369 0.00155393
214.633 26.7553 0.0723525 0.00804087
214.735 26.5288 0.0624203 0.00189057
214.321 26.4434 0.080581 0.00266693
214.497 26.8399 0.0680048 0.00770382
214.54 26.4695 0.0765326 0.013313
214.586 27.0205 0.0676134 1.11729e-05
214.43 27.0842 0.0605973 9.19432e-09
215.173 26.6994 0.0851142 3.03479e-18
214.877 26.2727 0.0583927 1.18129e-06
214.333 26.514 0.0724475 0.316321
214.68 26.3029 0.0718877 0.000886921
214.373 27.0025 0.0700145 0.000160673
214.376 26.1612 0.0774849 3.22481e-05
214.63 26.9681 0.0618982 1.52097e-06
213.536 26.6901 0.0721896 2.20271e-13
214.662 26.9334 0.0905238 9.50471e-12
214.192 26.4363 0.0687949 0.0418563
214.249 26.2974 0.0688005 0.0142303
214.493 26.9697 0.068892 0.000261855
214.745 26.778 0.0653955 0.000293345
214.187 26.0241 0.066677 1.44147e-06
214.231 26.4559 0.0630571 0.00743472
214.789 26.2485 0.0619949 4.27256e-05
214.242 26.5237 0.0548058 1.65584e-06
214.015 26.8237 0.0657644 6.60453e-06
213.875 27.0348 0.0655058 3.13858e-11
214.322 26.9197 0.0672747 0.000614615
214.242 26.7764 0.068596 0.0155172
214.301 27.2171 0.0749232 3.61112e-08
214.126 26.6125 0.069569 0.0194359
214.027 26.863 0.076269 0.000149961
214.526 26.5025 0.0897018 4.26674e-09
213.974 26.7002 0.0660023 1.93118e-05
214.068 26.8471 0.0682501 9.54161e-05
214.201 27.2311 0.088629 1.41968e-11
214.194 26.8978 0.0673003 0.000237988
214.917 26.7916 0.0800616 3.63688e-09
214.19 26.6922 0.0721664 0.0538067
214.99 26.6895 0.0637122 2.39807e-07
214.645 26.658 0.0761146 0.00370722
214.427 26.4256 0.0742789 0.0849418
214.594 27.086 0.0566249 4.98357e-11
214.806 26.419 0.0563922 7.3344e-06
214.392 26.5201 0.057477 0.000433895
