155.867 21.9264 0.0663357 0.152285
155.917 22.0441 0.0561337 0.000605145
155.252 21.9617 0.067583 3.08143e-09
156.031 21.6555 0.0648538 0.00778538
156.101 21.9759 0.0777518 0.000255607
156.007 22.211 0.0804682 1.12194e-06
155.656 21.7211 0.0723497 0.00726762
155.376 21.9721 0.0715179 5.28785e-06
155.702 22.5271 0.0793537 4.56866e-11
156.108 22.0654 0.0885535 1.86895e-11
155.498 22.0637 0.0903663 5.76488e-10
155.865 21.8489 0.0894914 2.15896e-08
155.684 22.2558 0.0605771 1.06276e-05
156.417 21.766 0.0716388 1.28746e-06
156.111 22.0782 0.0648724 0.0257741
155.717 21.9383 0.0619155 0.00268375
155.933 21.8109 0.0821799 0.00012796
156.272 22.0408 0.0571756 0.00053323
155.695 22.0161 0.0894446 1.57046e-08
156.093 21.7498 0.085221 8.11393e-08
156.297 21.8133 0.0844232 1.80819e-10
155.788 22.0072 0.0736379 0.0372623
156.251 21.6967 0.0742685 4.17246e-05
155.82 21.9064 0.0752372 0.0431827
155.991 21.7274 0.0761651 0.00521366
155.898 22.1792 0.074076 0.00187488
155.448 21.6773 0.0936307 4.95549e-11
156.016 22.1127 0.0862972 4.15071e-09
156.02 21.8237 0.0621442 0.0385483
155.605 21.0721 0.0853195 5.87233e-15
155.409 22.0723 0.0676031 1.88516e-06
155.823 21.8031 0.075928 0.0288701
155.649 21.7999 0.0873295 1.66421e-06
156.166 21.909 0.0743825 0.00130253
155.626 21.2834 0.0894944 4.55094e-12
155.968 21.8588 0.0749215 0.0290572
155.698 21.7995 0.0708332 0.0297448
156.218 21.5847 0.0849925 2.45317e-10
155.208 21.9612 0.0786737 5.30877e-09
155.461 22.1885 0.0701532 3.86344e-06
155.51 21.9078 0.0695003 0.000442891
156.68 22.4232 0.0763906 6.04947e-20
155.997 21.5372 0.0804699 7.85957e-06
155.798 22.3846 0.0675555 1.64286e-05
155.547 22.2655 0.0669077 4.01434e-06
155.908 21.7509 0.0651764 0.0466602
156.105 22.4429 0.0636286 2.11092e-06
155.558 22.7576 0.0709214 4.98853e-16
155.719 22.0238 0.0775867 0.00321489
155.875 21.9564 0.0822483 0.000126755
155.556 22.3464 0.0824623 2.23373e-09
156.127 21.5722 0.073349 0.000165749
156.473 21.7492 0.0651578 1.85483e-06
156.031 22.1401 0.070337 0.00927365
155.842 21.9575 0.0688869 0.156935
155.545 21.3012 0.0800219 3.25504e-09
155.951 21.9326 0.0717782 0.113371
155.343 21.9833 0.0793594 8.49796e-07
155.879 22.0561 0.0529109 1.12396e-05
155.842 22.4051 0.0716044 4.3679e-06
155.8 21.7462 0.0819641 0.00037015
156.321 21.6269 0.0711029 8.22231e-06
155.892 21.936 0.0709801 0.161523
155.823 21.6715 0.0883958 1.19263e-07
156.037 21.2447 0.0863998 3.56548e-13
156.065 22.4472 0.0979293 3.17514e-26
155.787 22.2204 0.0685882 0.00225206
156.214 21.3556 0.0490198 9.00033e-14
156.013 21.1921 0.0820427 4.90178e-12
155.896 21.3575 0.0652551 6.01016e-07
155.963 21.6579 0.074911 0.00532856
156.43 21.9618 0.10315 8.03248e-34
155.586 21.9906 0.0748754 0.00234119
156.155 22.0222 0.0817173 3.98882e-07
155.963 22.1768 0.100808 1.00104e-22
155.687 22.267 0.0880791 1.37934e-10
156.269 21.8127 0.0716768 0.000370012
156.083 21.6672 0.0729499 0.00303739
156.763 21.9796 0.0800057 7.66088e-20
155.995 22.1461 0.0791821 3.00554e-05
155.852 22.0038 0.0632581 0.0407848
155.434 22.0736 0.0866638 1.49203e-08
156.073 21.5627 0.0691102 0.000934352
155.76 21.6618 0.0865682 1.77167e-06
156.031 21.7361 0.088995 1.39104e-09
156.049 21.9594 0.0830669 2.67934e-06
155.951 21.4828 0.0985213 7.16637e-18
155.934 21.4438 0.0735763 4.85583e-05
156.129 22.8139 0.0776786 7.32213e-20
156.001 22.1528 0.0734319 0.00233041
156.404 22.1615 0.0690681 1.34016e-06
156.263 22.2417 0.073121 1.34064e-06
155.69 21.7548 0.0656834 0.00414725
155.778 21.9246 0.0757217 0.028679
155.744 22.0305 0.0873622 2.08687e-07
155.795 21.368 0.0752264 2.55893e-06
155.434 21.957 0.0915323 2.95864e-10
156.504 22.2054 0.0853691 1.69153e-18
156.211 21.2272 0.0784029 3.22381e-12
156.065 22.0967 0.0724574 0.00512405
