189.007 24.6403 0.0646349 0.00483774
189.124 24.0441 0.0569934 8.82567e-09
188.819 24.679 0.0694422 0.0327099
189.09 24.8963 0.0678488 8.50872e-07
189.212 23.6296 0.054369 5.77164e-21
189.162 24.6117 0.048369 1.31205e-10
188.963 23.6245 0.0645721 1.05287e-15
188.846 24.7196 0.0517626 1.38751e-08
189.019 23.8741 0.0612484 6.76297e-10
188.931 24.3581 0.0721227 0.0372774
188.975 24.0707 0.0819255 1.4854e-08
189.424 24.083 0.0640795 1.3088e-11
189.083 23.9132 0.0549102 6.81881e-12
188.755 24.7483 0.0633437 0.00108446
189.676 24.6543 0.0639041 1.3662e-16
189.104 24.4859 0.069387 0.00206778
189.022 24.4008 0.0624 0.00561242
189.334 25.0198 0.057528 1.14121e-13
188.76 24.6008 0.0624143 0.00969027
189.227 24.7418 0.0463388 1.42353e-13
189.086 24.8941 0.0619008 4.47288e-07
188.886 24.311 0.0663168 0.0498474
189.332 24.704 0.0612783 3.8344e-08
189.277 24.2129 0.0740197 1.45656e-08
189.627 24.917 0.0604605 3.97665e-18
189.477 24.0812 0.0679538 2.4716e-13
188.368 24.1468 0.0643674 1.18842e-07
189.108 24.4637 0.0531585 6.49041e-07
189.243 24.9434 0.0505303 8.67288e-14
189.002 24.9226 0.0576535 3.48949e-08
188.905 24.011 0.0656127 1.17695e-05
189.092 24.4304 0.0424537 5.50774e-15
188.47 23.8497 0.0569791 3.22442e-15
188.625 24.7674 0.0629537 9.7842e-05
189.119 24.3329 0.0823784 1.11262e-08
188.632 24.1079 0.0588237 3.8747e-07
188.908 24.1917 0.0647297 0.0027319
189.214 24.5033 0.0631621 6.58866e-05
189.211 24.6729 0.0660094 1.39236e-05
189.259 24.7712 0.0914301 1.45545e-21
189.081 24.4187 0.0597468 0.000480378
189.159 24.3489 0.0431899 8.49036e-15
189.1 25.0256 0.0591101 2.39793e-10
188.487 24.6454 0.069065 0.00187183
188.842 24.4411 0.0596648 0.0035475
188.865 24.5573 0.0938144 5.97655e-14
189.458 24.6791 0.0644662 1.43965e-10
189.172 24.8929 0.052887 6.07792e-11
189.333 24.7446 0.0617102 1.58692e-08
188.828 24.0898 0.0831405 2.10374e-07
189.259 24.8859 0.058204 8.07375e-10
189.446 24.0459 0.0574681 1.80075e-13
188.236 24.8412 0.0575011 5.63594e-15
188.814 24.3756 0.0671249 0.167142
189.225 24.2017 0.0539189 5.14602e-09
189.397 24.4974 0.0623043 2.86669e-08
189.08 24.2222 0.0636129 0.000263716
189.161 24.9465 0.0552873 1.15858e-10
189.02 23.9883 0.078673 6.65001e-09
189.055 24.4377 0.0664443 0.0102301
188.809 24.7807 0.067446 0.00249234
189.08 24.1054 0.0678079 2.16413e-05
188.996 23.6548 0.0762272 9.08026e-16
189.507 24.1232 0.0665311 2.45675e-13
189.168 24.4613 0.0711845 0.00013342
188.975 24.6719 0.0574061 5.22413e-05
188.959 24.2623 0.0759832 0.000862341
188.756 24.9164 0.0743775 9.82719e-06
188.494 24.3377 0.069857 0.00725356
188.45 24.227 0.065998 5.88435e-05
189.057 24.4737 0.0509473 5.84518e-08
188.83 23.8642 0.0606103 7.90027e-10
188.889 24.3707 0.0610323 0.00717472
188.695 24.306 0.0708358 0.105462
189.087 24.2486 0.065755 0.000620655
189.158 25.1745 0.0428974 6.10653e-24
188.975 24.3688 0.0743476 0.00602355
189.441 24.5075 0.0565418 3.64251e-10
189.564 24.7555 0.0631426 4.70509e-14
188.991 24.6232 0.0478851 1.92424e-10
189.349 24.7474 0.0664684 6.7957e-09
189.059 24.263 0.0698076 0.00130702
189.305 23.967 0.0558611 8.73011e-13
188.971 24.0584 0.0703935 3.97548e-05
189.318 24.107 0.0709437 9.64839e-10
189.119 24.2238 0.0699657 0.000103711
188.788 24.3933 0.0692893 0.269357
188.77 24.3392 0.0670833 0.11912
189.349 24.1507 0.051733 2.42992e-12
188.425 23.9583 0.0462954 3.85608e-23
189.18 23.6933 0.0683605 1.17251e-15
188.825 24.4449 0.0651915 0.122022
188.965 24.7894 0.0447562 1.34026e-14
188.984 24.349 0.0680345 0.026974
189.331 24.286 0.0520085 1.34758e-10
189.014 24.2621 0.0791895 1.16557e-05
188.963 25.0396 0.053504 2.44706e-12
189.072 24.233 0.0579329 1.36355e-05
189.271 24.462 0.0756769 5.41046e-08
189.098 24.3814 0.070798 0.00129959
