64.6521 -46.5346 3.83931 3.67051e-16 65.267 -46.242 3.8403
65.0259 -46.3521 3.82516 5.0316e-08 65.267 -46.242 3.8403
65.1917 -46.1005 3.8355 0.00666767 65.267 -46.242 3.8403
65.23 -46.1844 3.85491 1.82584e-05 65.267 -46.242 3.8403
64.9085 -46.2757 3.8496 3.49684e-09 65.267 -46.242 3.8403
65.0566 -46.2334 3.8507 2.87649e-06 65.267 -46.242 3.8403
65.6036 -46.6274 3.83515 5.51086e-07 65.267 -46.242 3.8403
64.8961 -46.3167 3.84571 2.21595e-08 65.267 -46.242 3.8403
64.9554 -46.4274 3.84707 6.23049e-09 65.267 -46.242 3.8403
65.4434 -46.3424 3.84188 0.053012 65.267 -46.242 3.8403
65.0858 -46.7139 3.82784 5.80495e-10 65.267 -46.242 3.8403
64.7519 -45.6485 3.84637 1.741e-15 65.267 -46.242 3.8403
65.198 -46.2177 3.86095 3.37631e-10 65.267 -46.242 3.8403
65.16 -46.1194 3.83732 0.00981876 65.267 -46.242 3.8403
64.8995 -46.1858 3.84952 1.127e-08 65.267 -46.242 3.8403
64.833 -46.6923 3.8365 1.57679e-13 65.267 -46.242 3.8403
64.9575 -46.7989 3.82262 8.91762e-15 65.267 -46.242 3.8403
65.0497 -46.3732 3.8237 1.57865e-08 65.267 -46.242 3.8403
66.1949 -45.8282 3.83015 1.37998e-23 65.267 -46.242 3.8403
65.1197 -46.0856 3.83069 3.00624e-05 65.267 -46.242 3.8403
64.7687 -46.5382 3.82603 1.95898e-13 65.267 -46.242 3.8403
64.1503 -45.6894 3.83294 8.0196e-41 65.267 -46.242 3.8403
65.0188 -46.1922 3.85128 6.73373e-07 65.267 -46.242 3.8403
65.2138 -46.2961 3.83279 0.00300742 65.267 -46.242 3.8403
64.625 -46.6761 3.84033 4.37164e-20 65.267 -46.242 3.8403
65.4031 -46.4808 3.82856 2.25729e-05 65.267 -46.242 3.8403
65.3787 -46.4631 3.85333 2.30231e-07 65.267 -46.242 3.8403
65.1984 -46.3059 3.85861 1.26264e-09 65.267 -46.242 3.8403
64.6743 -45.618 3.83988 6.84033e-19 65.267 -46.242 3.8403
65.504 -46.8004 3.84869 1.91248e-13 65.267 -46.242 3.8403
64.9916 -46.5074 3.82986 9.85846e-08 65.267 -46.242 3.8403
65.329 -46.2489 3.8502 0.00412687 65.267 -46.242 3.8403
64.9133 -46.2593 3.84805 2.74632e-08 65.267 -46.242 3.8403
64.8849 -46.2974 3.821 1.52441e-12 65.267 -46.242 3.8403
64.7311 -46.0404 3.84118 3.66289e-11 65.267 -46.242 3.8403
64.8344 -46.456 3.81742 7.9338e-16 65.267 -46.242 3.8403
65.2418 -46.2764 3.82858 0.000139671 65.267 -46.242 3.8403
64.6799 -46.428 3.83923 8.28902e-14 65.267 -46.242 3.8403
64.995 -46.776 3.812 4.56992e-20 65.267 -46.242 3.8403
64.9718 -46.186 3.83746 3.25464e-05 65.267 -46.242 3.8403
65.4918 -46.1669 3.84307 0.325813 65.267 -46.242 3.8403
65.0299 -45.8205 3.81946 3.60993e-18 65.267 -46.242 3.8403
65.047 -46.3623 3.82186 1.29307e-09 65.267 -46.242 3.8403
64.9958 -46.4429 3.84795 9.70224e-09 65.267 -46.242 3.8403
65.3703 -46.6113 3.84073 9.11948e-06 65.267 -46.242 3.8403
64.6436 -46.1506 3.83542 1.45036e-13 65.267 -46.242 3.8403
64.5401 -45.5624 3.83964 6.55667e-25 65.267 -46.242 3.8403
65.3452 -46.136 3.84689 0.157422 65.267 -46.242 3.8403
65.1148 -46.3335 3.83511 0.000865216 65.267 -46.242 3.8403
64.7615 -46.8913 3.83409 5.8342e-20 65.267 -46.242 3.8403
65.335 -46.4398 3.85289 6.8861e-07 65.267 -46.242 3.8403
65.1846 -46.4179 3.85681 2.05936e-10 65.267 -46.242 3.8403
65.1332 -46.4363 3.85108 7.531e-08 65.267 -46.242 3.8403
65.1465 -46.8037 3.83249 1.0699e-10 65.267 -46.242 3.8403
64.7204 -46.6223 3.84009 7.5323e-16 65.267 -46.242 3.8403
64.9688 -45.6665 3.8568 4.59662e-12 65.267 -46.242 3.8403
64.826 -46.3518 3.85299 4.729e-14 65.267 -46.242 3.8403
65.5979 -46.5424 3.8423 1.8492e-05 65.267 -46.242 3.8403
65.0188 -46.4933 3.83635 1.9069e-06 65.267 -46.242 3.8403
65.404 -46.224 3.84234 0.312002 65.267 -46.242 3.8403
64.6633 -46.3725 3.82282 1.6907e-16 65.267 -46.242 3.8403
64.7693 -46.2757 3.83889 5.86542e-10 65.267 -46.242 3.8403
65.5137 -46.9336 3.81514 1.30206e-20 65.267 -46.242 3.8403
64.6315 -45.5299 3.82993 1.54432e-26 65.267 -46.242 3.8403
65.2076 -45.5987 3.83375 1.78609e-11 65.267 -46.242 3.8403
64.7693 -46.262 3.86116 8.90519e-21 65.267 -46.242 3.8403
65.2559 -46.4222 3.83732 0.00412014 65.267 -46.242 3.8403
65.5407 -45.8547 3.84249 0.00454947 65.267 -46.242 3.8403
65.011 -46.3453 3.82761 4.04508e-07 65.267 -46.242 3.8403
65.359 -46.1959 3.85562 6.64033e-05 65.267 -46.242 3.8403
64.4683 -46.2475 3.83434 8.84284e-20 65.267 -46.242 3.8403
65.3028 -46.5047 3.83881 0.000651039 65.267 -46.242 3.8403
64.9766 -46.7015 3.84644 6.34526e-14 65.267 -46.242 3.8403
64.718 -46.3904 3.85358 2.60033e-18 65.267 -46.242 3.8403
64.8495 -45.7115 3.84289 1.10455e-11 65.267 -46.242 3.8403
65.2803 -46.1762 3.83341 0.0100141 65.267 -46.242 3.8403
64.5374 -46.2292 3.82195 4.62984e-21 65.267 -46.242 3.8403
65.6031 -46.2884 3.8518 0.00033462 65.267 -46.242 3.8403
64.8408 -46.3545 3.82552 6.13613e-11 65.267 -46.242 3.8403
65.2581 -46.2035 3.83454 0.0186886 65.267 -46.242 3.8403
65.6057 -46.1779 3.86512 5.27838e-11 65.267 -46.242 3.8403
65.6446 -46.0525 3.8469 0.0285911 65.267 -46.242 3.8403
65.1421 -46.3799 3.85541 2.44964e-09 65.267 -46.242 3.8403
65.157 -46.3984 3.83637 0.00110592 65.267 -46.242 3.8403
65.2981 -46.6358 3.83312 3.12537e-06 65.267 -46.242 3.8403
65.1321 -46.2686 3.83795 0.00506096 65.267 -46.242 3.8403
64.8401 -45.7717 3.83835 1.84485e-11 65.267 -46.242 3.8403
64.6346 -46.4573 3.83511 3.99063e-15 65.267 -46.242 3.8403
65.4873 -46.4053 3.83557 0.00447058 65.267 -46.242 3.8403
65.3299 -46.2768 3.83023 0.00111995 65.267 -46.242 3.8403
64.6117 -45.4645 3.8567 1.96528e-26 65.267 -46.242 3.8403
64.9591 -46.7176 3.83702 1.59371e-11 65.267 -46.242 3.8403
65.0444 -46.4589 3.83347 7.69659e-06 65.267 -46.242 3.8403
65.0047 -46.3052 3.8159 1.23671e-14 65.267 -46.242 3.8403
64.6884 -46.2928 3.84766 1.14055e-14 65.267 -46.242 3.8403
65.6131 -46.5169 3.85402 3.92192e-09 65.267 -46.242 3.8403
65.2358 -46.2382 3.83768 0.0482011 65.267 -46.242 3.8403
64.7201 -46.287 3.83962 1.8245e-11 65.267 -46.242 3.8403
64.9142 -46.1395 3.83581 1.46631e-06 65.267 -46.242 3.8403
64.8196 -46.5785 3.82985 7.67005e-12 65.267 -46.242 3.8403
