253.256 -18.5817 3.14688 1.37305e-17 252.66 -18.629 3.1656
253.024 -18.8147 3.18046 0.000434824 252.66 -18.629 3.1656
252.902 -19.0077 3.1626 3.37775e-05 252.66 -18.629 3.1656
252.691 -18.7616 3.1559 0.000400039 252.66 -18.629 3.1656
252.943 -18.68 3.16829 0.129631 252.66 -18.629 3.1656
252.429 -19.1717 3.15992 1.46974e-09 252.66 -18.629 3.1656
252.692 -18.1371 3.16406 0.000281761 252.66 -18.629 3.1656
252 -18.551 3.18226 2.64167e-28 252.66 -18.629 3.1656
252.701 -19.0233 3.1555 2.10101e-07 252.66 -18.629 3.1656
253.078 -18.4338 3.17887 0.00172012 252.66 -18.629 3.1656
253.104 -18.8117 3.17116 0.0241067 252.66 -18.629 3.1656
252.781 -18.3074 3.18164 8.11516e-09 252.66 -18.629 3.1656
252.835 -18.9788 3.18656 6.82768e-11 252.66 -18.629 3.1656
252.291 -19.1983 3.18125 1.80172e-21 252.66 -18.629 3.1656
253.093 -19.0116 3.14424 1.58286e-21 252.66 -18.629 3.1656
252.111 -18.1321 3.15862 4.27822e-09 252.66 -18.629 3.1656
252.001 -18.7311 3.17357 1.09377e-18 252.66 -18.629 3.1656
252.608 -18.7147 3.16005 0.00747213 252.66 -18.629 3.1656
252.371 -18.4811 3.1691 1.34192e-06 252.66 -18.629 3.1656
252.811 -18.5461 3.16586 0.14634 252.66 -18.629 3.1656
253.089 -19.0682 3.1732 8.87791e-05 252.66 -18.629 3.1656
252.828 -18.9124 3.1744 0.000360264 252.66 -18.629 3.1656
252.543 -18.9676 3.18395 1.45289e-14 252.66 -18.629 3.1656
252.1 -18.7558 3.16819 5.02457e-12 252.66 -18.629 3.1656
253.067 -18.9175 3.17761 0.00117477 252.66 -18.629 3.1656
252.369 -18.6125 3.16716 1.11267e-05 252.66 -18.629 3.1656
252.873 -18.3957 3.1463 5.21264e-10 252.66 -18.629 3.1656
252.907 -18.8281 3.18237 3.89168e-06 252.66 -18.629 3.1656
252.773 -18.8714 3.18842 6.75618e-13 252.66 -18.629 3.1656
252.843 -18.7887 3.15061 3.5718e-08 252.66 -18.629 3.1656
253.018 -18.4222 3.17897 0.000673374 252.66 -18.629 3.1656
252.282 -18.8381 3.16289 7.40301e-07 252.66 -18.629 3.1656
253.255 -18.9495 3.1581 2.40554e-10 252.66 -18.629 3.1656
253.423 -18.7577 3.18348 0.0006209 252.66 -18.629 3.1656
252.65 -19.3702 3.16777 8.34458e-12 252.66 -18.629 3.1656
253.123 -19.2404 3.15534 1.9803e-15 252.66 -18.629 3.1656
252.624 -18.7925 3.18501 1.19327e-12 252.66 -18.629 3.1656
252.459 -18.4582 3.16026 0.00384632 252.66 -18.629 3.1656
252.949 -18.4894 3.17693 0.00359913 252.66 -18.629 3.1656
252.419 -19.4843 3.17995 9.91723e-23 252.66 -18.629 3.1656
252.766 -18.3525 3.16208 0.0282382 252.66 -18.629 3.1656
252.94 -19.0503 3.18445 1.26748e-08 252.66 -18.629 3.1656
252.753 -18.6475 3.16562 0.0796674 252.66 -18.629 3.1656
253.202 -19.03 3.17024 5.44687e-05 252.66 -18.629 3.1656
252.727 -18.7597 3.15758 0.00127464 252.66 -18.629 3.1656
252.771 -18.8033 3.17514 0.000368862 252.66 -18.629 3.1656
253.057 -18.8462 3.16567 0.00295513 252.66 -18.629 3.1656
252.57 -18.8614 3.14728 4.94895e-09 252.66 -18.629 3.1656
253.169 -19.1311 3.17419 9.32135e-06 252.66 -18.629 3.1656
252.371 -18.4198 3.16442 6.10004e-05 252.66 -18.629 3.1656
252.921 -18.8592 3.16074 0.000385348 252.66 -18.629 3.1656
252.489 -18.6381 3.17484 1.73563e-07 252.66 -18.629 3.1656
252.621 -18.3132 3.17028 0.000152007 252.66 -18.629 3.1656
253.31 -18.0549 3.17714 2.34948e-07 252.66 -18.629 3.1656
252.779 -18.5805 3.15728 0.00560966 252.66 -18.629 3.1656
252.433 -18.2333 3.17237 5.23741e-09 252.66 -18.629 3.1656
252.649 -18.669 3.17885 3.09631e-07 252.66 -18.629 3.1656
253.267 -18.3037 3.1606 8.48428e-07 252.66 -18.629 3.1656
252.75 -18.5557 3.1471 4.49486e-08 252.66 -18.629 3.1656
253.143 -18.7103 3.17633 0.0341069 252.66 -18.629 3.1656
252.739 -18.6608 3.17788 2.46967e-05 252.66 -18.629 3.1656
251.976 -17.9173 3.17953 2.19305e-33 252.66 -18.629 3.1656
252.778 -18.4739 3.16866 0.051443 252.66 -18.629 3.1656
253.252 -18.7862 3.17619 0.0133099 252.66 -18.629 3.1656
252.228 -18.6244 3.16343 1.17322e-06 252.66 -18.629 3.1656
253.131 -19.0459 3.16596 6.79042e-06 252.66 -18.629 3.1656
252.896 -18.6205 3.16412 0.0913121 252.66 -18.629 3.1656
252.16 -18.6834 3.16681 1.42837e-09 252.66 -18.629 3.1656
252.867 -19.1287 3.14641 3.6923e-17 252.66 -18.629 3.1656
252.588 -18.6771 3.17097 0.000349072 252.66 -18.629 3.1656
253.028 -19.1891 3.15568 8.92288e-13 252.66 -18.629 3.1656
252.338 -18.6266 3.18372 1.47172e-18 252.66 -18.629 3.1656
252.583 -19.079 3.16614 1.08467e-06 252.66 -18.629 3.1656
252.492 -18.4548 3.16303 0.00360133 252.66 -18.629 3.1656
252.866 -18.3524 3.17927 8.40608e-06 252.66 -18.629 3.1656
253.042 -19.3115 3.16127 4.18941e-12 252.66 -18.629 3.1656
253.212 -18.4049 3.1655 0.00134657 252.66 -18.629 3.1656
252.93 -18.2464 3.17963 1.8973e-06 252.66 -18.629 3.1656
252.298 -18.3129 3.1633 3.76379e-06 252.66 -18.629 3.1656
252.285 -19.072 3.17225 3.95934e-13 252.66 -18.629 3.1656
252.932 -18.1831 3.16207 0.000624222 252.66 -18.629 3.1656
252.604 -18.1867 3.15486 0.000195664 252.66 -18.629 3.1656
252.948 -18.722 3.17971 0.000479157 252.66 -18.629 3.1656
252.624 -18.4929 3.1568 0.0100122 252.66 -18.629 3.1656
252.738 -18.693 3.16888 0.0256827 252.66 -18.629 3.1656
252.169 -19.0436 3.15774 2.75697e-10 252.66 -18.629 3.1656
253.315 -18.7767 3.17176 0.0031794 252.66 -18.629 3.1656
252.958 -18.7004 3.17673 0.00800685 252.66 -18.629 3.1656
253.183 -18.6492 3.17699 0.0327105 252.66 -18.629 3.1656
252.796 -18.5962 3.1673 0.116392 252.66 -18.629 3.1656
253.313 -19.0362 3.18153 3.22188e-05 252.66 -18.629 3.1656
252.86 -18.4609 3.15604 0.000873535 252.66 -18.629 3.1656
252.971 -18.5315 3.17696 0.00665429 252.66 -18.629 3.1656
252.821 -18.4545 3.14763 2.85927e-08 252.66 -18.629 3.1656
252.659 -18.3763 3.17519 7.30095e-06 252.66 -18.629 3.1656
252.373 -17.8298 3.18755 7.7175e-33 252.66 -18.629 3.1656
252.983 -18.6783 3.16939 0.132744 252.66 -18.629 3.1656
253.186 -19.3813 3.17449 2.00718e-10 252.66 -18.629 3.1656
253.179 -18.6635 3.17741 0.0273103 252.66 -18.629 3.1656
252.422 -18.9694 3.1688 1.00269e-07 252.66 -18.629 3.1656
