248.626 27.9769 0.0604777 1.64046e-09 248.23 28.47 0.061964
248.128 28.3899 0.0787698 5.79753e-09 248.23 28.47 0.061964
248.127 28.9062 0.0756481 2.16529e-14 248.23 28.47 0.061964
248.363 27.6109 0.0656565 1.79752e-17 248.23 28.47 0.061964
248.479 28.6598 0.0235946 1.27328e-35 248.23 28.47 0.061964
248.454 28.7955 0.0492124 2.86751e-06 248.23 28.47 0.061964
248.019 28.1711 0.0501464 2.04729e-10 248.23 28.47 0.061964
248.372 28.5196 0.0796695 2.07523e-13 248.23 28.47 0.061964
248.09 28.801 0.0747871 6.13763e-11 248.23 28.47 0.061964
248.339 27.6071 0.0361248 6.51553e-42 248.23 28.47 0.061964
248.287 28.2997 0.0642133 0.0703857 248.23 28.47 0.061964
247.824 28.2083 0.0782648 1.32556e-09 248.23 28.47 0.061964
248.191 28.1338 0.0756736 1.91107e-07 248.23 28.47 0.061964
248.552 28.4432 0.0371294 2.95831e-15 248.23 28.47 0.061964
248.274 28.6638 0.0746686 5.21594e-09 248.23 28.47 0.061964
248.288 28.966 0.0700855 3.3082e-12 248.23 28.47 0.061964
248.21 28.6291 0.0525801 0.000678179 248.23 28.47 0.061964
248.28 28.4953 0.0649781 0.0696669 248.23 28.47 0.061964
247.942 28.4385 0.0603713 0.000764423 248.23 28.47 0.061964
248.341 28.5742 0.074291 3.82396e-08 248.23 28.47 0.061964
248.068 28.0396 0.0750443 6.9516e-08 248.23 28.47 0.061964
248.288 28.414 0.0812676 4.27406e-13 248.23 28.47 0.061964
248.439 28.4588 0.0451045 2.22634e-07 248.23 28.47 0.061964
247.745 29.0925 0.0681552 6.12715e-19 248.23 28.47 0.061964
248.661 28.4763 0.0576683 0.000150137 248.23 28.47 0.061964
248.184 28.5309 0.0555816 0.0168033 248.23 28.47 0.061964
248.629 28.4211 0.0676131 3.77802e-07 248.23 28.47 0.061964
248.563 28.3815 0.0701571 2.45951e-07 248.23 28.47 0.061964
248.46 28.298 0.0711064 3.09784e-06 248.23 28.47 0.061964
248.717 28.671 0.0539017 5.25652e-05 248.23 28.47 0.061964
248.599 28.1393 0.0761734 4.21147e-14 248.23 28.47 0.061964
248.737 28.5239 0.0571829 5.16457e-06 248.23 28.47 0.061964
248.584 28.4527 0.0527472 0.000518977 248.23 28.47 0.061964
247.962 28.1277 0.0801457 1.63201e-10 248.23 28.47 0.061964
248.336 28.5737 0.0704666 3.05506e-05 248.23 28.47 0.061964
248.346 28.5593 0.0777282 2.60607e-11 248.23 28.47 0.061964
248.678 28.5843 0.0628299 1.48411e-06 248.23 28.47 0.061964
248.512 29.0677 0.0738514 4.84622e-21 248.23 28.47 0.061964
248.377 28.1615 0.035673 1.94291e-22 248.23 28.47 0.061964
248.524 28.7029 0.073588 2.69122e-12 248.23 28.47 0.061964
248.568 28.4613 0.0589069 0.00333448 248.23 28.47 0.061964
248.166 27.8818 0.0596635 2.55196e-09 248.23 28.47 0.061964
248.481 28.3771 0.0646265 0.00305646 248.23 28.47 0.061964
248.153 28.508 0.063604 0.101787 248.23 28.47 0.061964
247.703 28.4146 0.0497249 2.15478e-16 248.23 28.47 0.061964
248.847 28.9513 0.0549438 4.17962e-11 248.23 28.47 0.061964
248.252 28.4336 0.0589026 0.22562 248.23 28.47 0.061964
248.529 28.98 0.0729433 1.07096e-17 248.23 28.47 0.061964
248.069 28.8465 0.0602136 3.8141e-06 248.23 28.47 0.061964
248.428 29.1198 0.0560175 1.17714e-08 248.23 28.47 0.061964
248.403 28.6169 0.0515489 0.0013128 248.23 28.47 0.061964
248.298 28.3567 0.0613485 0.204531 248.23 28.47 0.061964
248.172 29.1258 0.0678045 1.74214e-15 248.23 28.47 0.061964
248.25 28.6471 0.0633763 0.0132295 248.23 28.47 0.061964
248.56 28.5702 0.0744973 4.77127e-12 248.23 28.47 0.061964
248.545 28.3004 0.0700604 4.82215e-07 248.23 28.47 0.061964
248.457 28.5708 0.0706226 8.57808e-07 248.23 28.47 0.061964
248.206 28.3592 0.0722655 0.000234471 248.23 28.47 0.061964
248.649 27.9359 0.0703006 7.49373e-14 248.23 28.47 0.061964
248.246 29.0481 0.0568287 7.8806e-10 248.23 28.47 0.061964
248.221 28.8671 0.0707391 1.08561e-09 248.23 28.47 0.061964
248.479 28.4259 0.0709196 2.08292e-06 248.23 28.47 0.061964
248.318 28.9054 0.0690422 4.72995e-10 248.23 28.47 0.061964
248.214 28.5449 0.0832196 7.31635e-16 248.23 28.47 0.061964
248.169 29.1819 0.0583979 8.78976e-11 248.23 28.47 0.061964
248.011 29.3454 0.0770999 5.57196e-32 248.23 28.47 0.061964
247.994 28.7505 0.0494198 9.47891e-10 248.23 28.47 0.061964
248.511 28.6828 0.05164 0.000203521 248.23 28.47 0.061964
248.237 28.0338 0.0703682 3.72952e-06 248.23 28.47 0.061964
248.406 28.5282 0.0506423 0.000962556 248.23 28.47 0.061964
247.923 28.0346 0.0511804 3.60552e-14 248.23 28.47 0.061964
248.353 28.8465 0.0575484 4.38689e-05 248.23 28.47 0.061964
248.319 28.8959 0.0691723 6.6286e-10 248.23 28.47 0.061964
248.351 28.4214 0.0628985 0.130784 248.23 28.47 0.061964
248.2 28.3337 0.0431556 4.77495e-12 248.23 28.47 0.061964
248.273 28.2959 0.0871436 5.36205e-20 248.23 28.47 0.061964
248.23 28.5288 0.0580763 0.117375 248.23 28.47 0.061964
248.145 28.2851 0.0667352 0.0248565 248.23 28.47 0.061964
248.304 27.856 0.0666668 2.71679e-09 248.23 28.47 0.061964
248.464 28.3347 0.056692 0.0127124 248.23 28.47 0.061964
248.176 28.0257 0.046568 2.2732e-14 248.23 28.47 0.061964
248.439 29.0434 0.0621274 1.87459e-09 248.23 28.47 0.061964
248.12 28.8053 0.0700313 1.00255e-07 248.23 28.47 0.061964
248.302 28.2008 0.0476902 1.65349e-08 248.23 28.47 0.061964
248.614 28.2815 0.0615039 7.21165e-05 248.23 28.47 0.061964
248.129 27.9289 0.055758 4.24124e-10 248.23 28.47 0.061964
248.005 28.4875 0.0420778 8.79803e-16 248.23 28.47 0.061964
248.127 28.6506 0.0771609 3.82448e-10 248.23 28.47 0.061964
248.597 28.6525 0.0681786 1.64724e-08 248.23 28.47 0.061964
247.955 28.335 0.0529325 1.93458e-07 248.23 28.47 0.061964
248.465 28.7286 0.0645181 2.11268e-05 248.23 28.47 0.061964
248.168 28.3896 0.0757072 1.46811e-06 248.23 28.47 0.061964
248.107 28.0392 0.076875 5.18617e-09 248.23 28.47 0.061964
248.556 28.4112 0.0511586 0.000203182 248.23 28.47 0.061964
248.174 28.8127 0.0401267 1.34288e-15 248.23 28.47 0.061964
248.85 28.6942 0.0759056 1.01107e-22 248.23 28.47 0.061964
248.305 28.6913 0.0450567 3.20075e-08 248.23 28.47 0.061964
248.241 28.0373 0.0467234 3.44963e-13 248.23 28.47 0.061964
248.002 28.6563 0.0627481 0.000583173 248.23 28.47 0.061964
247.549 28.6855 0.0692558 4.17706e-14 248.23 28.47 0.061964
