38.988 -72.868 3.93116 0.0046516
39.4247 -73.4054 3.92958 1.06055e-18
39.0987 -73.0832 3.93883 5.72685e-06
38.743 -72.8604 3.94107 2.15733e-05
39.406 -73.6036 3.92798 4.43606e-24
39.2581 -73.1614 3.93702 6.81003e-09
38.7398 -73.0841 3.93617 0.00202102
39.0466 -73.3093 3.93194 2.24281e-07
38.8873 -73.1187 3.95094 3.77215e-13
38.8678 -73.0628 3.93003 0.0228375
38.9221 -73.3494 3.96654 3.90096e-36
39.5619 -73.2916 3.93312 9.30048e-20
38.863 -73.0398 3.9283 0.0330355
39.0487 -73.486 3.92864 1.20604e-11
39.3567 -73.4368 3.94682 1.82663e-17
39.0101 -72.6741 3.92623 5.02915e-05
38.8756 -73.7086 3.93338 3.57613e-16
38.8207 -73.5678 3.92641 2.12644e-11
38.8063 -74.1089 3.94197 3.1243e-36
38.9491 -73.3912 3.93843 6.75266e-09
38.9749 -73.1585 3.93296 0.000240826
38.6541 -72.966 3.92592 0.821677
38.395 -72.9435 3.93063 0.00372936
38.6459 -73.1107 3.95455 2.0994e-20
38.6158 -73.9194 3.93264 3.17508e-24
38.2209 -72.9382 3.93614 1.03511e-09
39.173 -73.6075 3.95371 2.62271e-24
38.7287 -73.8239 3.92698 1.16749e-19
38.2963 -72.6436 3.90872 3.72087e-06
39.2488 -72.5467 3.92817 3.41599e-11
39.3561 -73.0048 3.93961 5.29948e-10
39.4834 -73.3988 3.93754 3.60418e-18
39.2834 -73.2968 3.95287 2.03541e-17
38.7278 -72.9491 3.95983 1.21077e-25
39.2801 -73.5287 3.93932 2.31038e-16
39.1852 -72.7754 3.95241 4.05066e-14
38.6728 -73.7968 3.92312 6.39601e-19
38.8883 -73.0728 3.9172 2.10684e-06
38.8356 -73.029 3.94283 2.68979e-06
38.5763 -73.4389 3.94029 3.70975e-12
38.8678 -73.6214 3.94062 1.96278e-15
38.512 -72.6051 3.95738 1.537e-29
39.1395 -73.4168 3.93534 6.75434e-11
37.9593 -72.9178 3.93488 2.02408e-16
39.305 -73.8313 3.94557 3.06432e-28
39.1964 -73.6942 3.94981 3.43524e-24
38.9648 -73.1684 3.9395 7.77787e-06
38.7572 -73.0971 3.94841 1.16841e-11
38.6076 -72.9599 3.93415 0.0146765
39.1726 -72.5257 3.96233 5.10145e-28
38.5594 -72.8254 3.94083 4.34921e-07
38.4862 -73.8186 3.93999 6.11939e-25
38.8093 -73.3628 3.94629 7.93412e-13
39.0401 -73.5602 3.93264 4.8535e-13
38.5123 -72.7649 3.94331 3.14893e-10
39.3173 -73.0978 3.93544 1.38388e-09
39.0306 -72.9699 3.95814 1.89254e-19
39.099 -73.3008 3.94574 2.40173e-11
38.9887 -72.9669 3.95853 3.31121e-20
39.097 -73.5836 3.96967 4.69918e-44
38.9727 -73.1408 3.94406 8.69253e-08
38.8712 -72.9077 3.94715 4.2138e-09
39.0526 -73.5812 3.93556 6.56782e-14
38.1259 -72.9974 3.92559 5.89118e-06
39.3886 -72.4803 3.94407 1.01031e-15
38.8225 -73.3519 3.93062 6.26665e-06
38.8311 -72.9624 3.92071 0.0039696
38.7435 -73.1729 3.93443 0.00120137
39.2914 -73.4979 3.95474 5.76246e-23
39.1628 -73.4369 3.94261 4.22429e-13
38.337 -73.0441 3.92556 0.00942762
39.1945 -73.3112 3.93692 8.07088e-10
38.9864 -73.2024 3.94782 5.80377e-11
39.0053 -72.8536 3.93406 0.00184816
39.0572 -73.2136 3.94319 1.72101e-08
39.2964 -73.0462 3.95399 6.94487e-16
39.2438 -74.2014 3.93408 1.37624e-43
38.8182 -73.0246 3.93267 0.0419719
38.5331 -73.9981 3.92513 2.34137e-27
39.2598 -73.0381 3.95342 4.47823e-15
39.7716 -72.8719 3.94384 1.98081e-22
39.1851 -73.8826 3.92949 1.27471e-27
38.595 -73.151 3.92666 0.0380041
39.5048 -73.3838 3.92562 2.56455e-23
39.0576 -73.0727 3.9248 5.2166e-06
39.4132 -72.8237 3.93081 1.83087e-12
38.3783 -73.5325 3.92914 1.7454e-11
39.004 -73.2468 3.93826 1.13507e-06
38.7167 -73.0918 3.93715 0.000571387
38.8568 -72.7139 3.94977 1.54188e-12
38.8813 -73.1362 3.94004 1.79331e-05
38.912 -73.2638 3.94737 1.54294e-11
39.2089 -73.3239 3.927 6.42697e-12
38.9096 -73.4167 3.94138 1.67455e-10
39.0559 -73.3188 3.93199 1.11776e-07
38.9188 -73.4262 3.94596 2.03058e-13
38.8958 -72.3779 3.93132 4.53238e-08
39.3954 -73.4323 3.92826 5.65713e-19
38.7936 -73.4029 3.9279 8.19284e-07
38.5511 -73.357 3.9307 3.89417e-06
