196.973 -8.86233 3.11717 2.66432e-08
196.633 -9.29353 3.11783 7.69363e-05
196.575 -9.37898 3.12811 3.50475e-07
196.812 -9.46473 3.10769 2.03732e-07
197.075 -9.83698 3.13936 1.47292e-12
196.513 -9.28009 3.11718 1.87853e-06
196.972 -9.13136 3.13446 0.00441824
196.976 -9.04939 3.11429 4.60613e-07
197.275 -9.291 3.12842 0.249851
197.377 -8.76417 3.12424 3.28656e-08
196.625 -9.27683 3.10568 8.13481e-10
197.274 -9.80746 3.12009 7.79479e-07
197.051 -9.05568 3.11549 1.51714e-06
196.796 -8.99767 3.11796 4.40242e-06
197.034 -9.62334 3.12632 0.00282497
197.145 -9.6338 3.13552 1.49183e-05
196.96 -9.81236 3.11024 4.86039e-08
196.632 -9.42884 3.1359 9.76128e-11
197.113 -9.4456 3.10924 1.59606e-08
197.043 -9.23715 3.12215 0.0429638
196.82 -9.2146 3.13101 0.000781631
196.882 -9.69443 3.13772 7.84533e-11
197.401 -9.01646 3.13168 0.0294764
197.434 -9.52337 3.13485 0.00123135
197.259 -9.22385 3.13882 0.0225142
197.58 -9.243 3.13151 0.00388509
197.365 -9.337 3.12596 0.0225038
196.485 -9.39172 3.11981 1.05047e-06
197.446 -9.00183 3.11487 1.52519e-12
197.167 -9.3458 3.15155 5.46206e-13
197.102 -9.91282 3.13186 1.35673e-09
197.366 -9.7502 3.11364 3.38486e-10
197.025 -9.07746 3.12463 0.0172065
197.44 -9.6486 3.15592 4.0215e-20
196.933 -9.15803 3.12411 0.0233727
197.461 -9.14913 3.12146 5.47814e-06
197.287 -9.7901 3.13002 2.85598e-06
197.71 -9.1704 3.14015 0.0552964
197.18 -9.12181 3.10845 1.08064e-12
197.326 -9.78658 3.11984 3.83692e-07
197.253 -8.95575 3.11919 5.41927e-07
196.405 -9.88205 3.10756 4.13149e-11
196.852 -8.79101 3.13735 4.93577e-08
197.137 -9.69085 3.13605 8.1293e-07
196.818 -8.55915 3.12739 9.76542e-12
196.979 -9.50122 3.12347 0.0282785
197.159 -9.51185 3.1316 0.0126136
197.328 -9.88584 3.14607 2.88549e-17
196.852 -9.49813 3.11586 0.000999463
197.279 -10.3386 3.13698 5.57756e-20
196.946 -9.59937 3.13786 2.44686e-08
197.447 -9.32084 3.12314 0.000296897
197.021 -9.40651 3.12312 0.0805146
197.571 -10.0836 3.13679 1.82951e-12
196.434 -8.88382 3.12207 1.1514e-11
197.737 -8.90938 3.12283 8.80143e-13
197.508 -9.3964 3.13175 0.0072749
197.748 -9.0899 3.13538 0.00759678
197.199 -9.12894 3.12469 0.0307063
197.271 -9.5053 3.14102 9.98007e-06
196.768 -8.72689 3.11187 7.65069e-15
197.07 -9.69851 3.10895 1.02452e-08
197.334 -9.37508 3.1138 3.25247e-08
197.051 -9.14926 3.13028 0.124845
196.999 -9.43097 3.12832 0.0449234
196.619 -8.55246 3.12401 4.09161e-15
197.286 -9.09338 3.11425 3.09884e-09
197.418 -9.33854 3.13364 0.0672554
197.146 -9.66579 3.11613 2.12088e-05
196.902 -9.48988 3.15403 4.44858e-24
197.516 -9.22162 3.13183 0.0213124
197.358 -8.84272 3.15755 8.36494e-13
197.208 -9.30456 3.11116 8.75606e-09
196.997 -9.6677 3.12193 0.00116436
197.617 -9.14672 3.13111 0.000846007
197.067 -9.84254 3.11049 4.62578e-09
197.295 -9.81921 3.12155 7.1104e-07
196.862 -9.89498 3.12828 2.203e-09
196.951 -9.53094 3.11324 7.82644e-05
196.87 -9.65014 3.14604 4.54886e-18
197.314 -9.34889 3.11688 7.51584e-06
196.909 -9.16145 3.11616 0.000112827
197.048 -9.19339 3.13786 0.00165318
196.557 -9.38836 3.12944 3.47095e-08
197.349 -9.33136 3.12044 0.000256533
197.268 -8.84604 3.11834 1.47359e-09
196.683 -9.29185 3.11889 0.000329563
197.13 -8.84071 3.12619 9.38773e-05
197.486 -8.99715 3.1192 1.65325e-09
197.151 -9.31971 3.1509 2.89605e-12
196.924 -9.37036 3.10197 2.52611e-13
197.152 -9.75094 3.11909 2.26861e-05
197.329 -9.69255 3.13766 6.71453e-07
196.859 -9.41908 3.12921 0.00231406
196.869 -9.15166 3.1311 0.00256474
197.15 -9.3537 3.1204 0.0120051
197.307 -9.29395 3.11736 1.2335e-05
197.086 -9.50595 3.12638 0.0443695
196.967 -9.31628 3.13063 0.0310591
196.777 -9.55293 3.12914 2.09461e-05
