68.5579 -44.7644 3.82979 1.03871e-09 69.135 -45.009 3.8268
68.8309 -44.9113 3.82844 0.00196318 69.135 -45.009 3.8268
69.4186 -45.5247 3.83595 1.10824e-11 69.135 -45.009 3.8268
68.8965 -45.461 3.83718 2.36955e-10 69.135 -45.009 3.8268
68.9574 -44.9076 3.83226 0.00910681 69.135 -45.009 3.8268
69.1973 -44.3854 3.82334 2.35666e-14 69.135 -45.009 3.8268
69.6211 -45.5127 3.82169 1.05494e-10 69.135 -45.009 3.8268
68.9163 -45.2173 3.82134 0.0614893 69.135 -45.009 3.8268
69.0941 -45.2153 3.81058 3.46136e-05 69.135 -45.009 3.8268
68.7226 -44.7481 3.82166 7.16237e-08 69.135 -45.009 3.8268
68.8682 -44.5539 3.8067 2.15074e-22 69.135 -45.009 3.8268
68.9043 -44.795 3.79831 2.92961e-24 69.135 -45.009 3.8268
69.4042 -45.2377 3.82629 0.000756842 69.135 -45.009 3.8268
69.3293 -44.5931 3.83534 5.5508e-07 69.135 -45.009 3.8268
67.9943 -44.3819 3.82264 2.02694e-39 69.135 -45.009 3.8268
68.605 -43.924 3.8191 3.62798e-42 69.135 -45.009 3.8268
69.1278 -45.4001 3.80724 6.92675e-07 69.135 -45.009 3.8268
69.1542 -45.3651 3.8246 0.0158317 69.135 -45.009 3.8268
69.2533 -44.5065 3.81737 8.34761e-15 69.135 -45.009 3.8268
68.7252 -45.0439 3.82587 0.00047458 69.135 -45.009 3.8268
69.0048 -45.3194 3.81905 0.0396311 69.135 -45.009 3.8268
68.3692 -44.772 3.82358 5.691e-15 69.135 -45.009 3.8268
69.3863 -45.3909 3.83248 9.77473e-07 69.135 -45.009 3.8268
68.9396 -44.7341 3.82392 3.09486e-05 69.135 -45.009 3.8268
68.3288 -45.1216 3.81245 5.36863e-15 69.135 -45.009 3.8268
69.6631 -44.9669 3.83229 9.2239e-09 69.135 -45.009 3.8268
69.2295 -44.7398 3.8281 0.000266779 69.135 -45.009 3.8268
69.5403 -45.0337 3.82201 9.61409e-07 69.135 -45.009 3.8268
69.2355 -45.2171 3.82526 0.0605121 69.135 -45.009 3.8268
69.7383 -44.6696 3.8337 3.39053e-13 69.135 -45.009 3.8268
68.3735 -45.4785 3.82063 1.71439e-13 69.135 -45.009 3.8268
68.7333 -44.6555 3.83149 6.5654e-08 69.135 -45.009 3.8268
68.6375 -44.4436 3.82814 1.30335e-14 69.135 -45.009 3.8268
68.684 -45.0393 3.81853 1.59728e-05 69.135 -45.009 3.8268
68.8808 -44.8019 3.84033 1.36807e-06 69.135 -45.009 3.8268
68.7353 -44.826 3.84268 6.20508e-10 69.135 -45.009 3.8268
69.4158 -44.972 3.81753 1.02197e-06 69.135 -45.009 3.8268
68.4841 -45.4332 3.8252 6.48198e-11 69.135 -45.009 3.8268
69.0226 -45.3202 3.81963 0.0490862 69.135 -45.009 3.8268
68.7126 -44.6302 3.81985 2.73613e-11 69.135 -45.009 3.8268
69.2311 -44.6303 3.82391 1.69805e-07 69.135 -45.009 3.8268
68.6399 -45.0077 3.82287 9.64366e-06 69.135 -45.009 3.8268
69.1471 -44.9887 3.82827 0.133804 69.135 -45.009 3.8268
69.3183 -45.2532 3.83447 5.73412e-05 69.135 -45.009 3.8268
69.0378 -45.4331 3.83378 1.36209e-06 69.135 -45.009 3.8268
69.1633 -45.6118 3.8249 1.87164e-06 69.135 -45.009 3.8268
68.6035 -45.227 3.79995 6.85746e-16 69.135 -45.009 3.8268
68.7438 -44.8581 3.80547 1.83504e-15 69.135 -45.009 3.8268
68.5298 -45.0578 3.81824 2.1259e-08 69.135 -45.009 3.8268
68.9159 -44.9387 3.83157 0.00827367 69.135 -45.009 3.8268
68.5953 -44.8639 3.81713 1.10124e-09 69.135 -45.009 3.8268
68.8745 -44.9931 3.82563 0.0188237 69.135 -45.009 3.8268
69.3737 -44.9139 3.8196 7.98586e-06 69.135 -45.009 3.8268
68.4738 -45.1457 3.79986 2.0412e-19 69.135 -45.009 3.8268
68.2646 -44.7261 3.82043 6.54433e-20 69.135 -45.009 3.8268
69.3762 -44.9981 3.82933 0.00277234 69.135 -45.009 3.8268
68.8548 -44.9385 3.8303 0.00350711 69.135 -45.009 3.8268
68.7249 -44.6997 3.81528 6.88534e-12 69.135 -45.009 3.8268
68.5618 -44.7896 3.84122 5.8666e-13 69.135 -45.009 3.8268
69.2172 -44.8963 3.83036 0.0197122 69.135 -45.009 3.8268
69.0809 -44.9486 3.80452 2.5551e-13 69.135 -45.009 3.8268
69.1112 -45.1739 3.83168 0.0252569 69.135 -45.009 3.8268
68.7333 -44.9819 3.81383 3.07392e-07 69.135 -45.009 3.8268
69.1386 -45.0373 3.82157 0.0551148 69.135 -45.009 3.8268
69.0104 -44.9579 3.83233 0.0264141 69.135 -45.009 3.8268
69.2454 -45.501 3.83806 4.86332e-11 69.135 -45.009 3.8268
68.4831 -45.3645 3.8453 6.4909e-24 69.135 -45.009 3.8268
69.3865 -45.4718 3.82302 1.12109e-05 69.135 -45.009 3.8268
69.53 -45.2801 3.84041 2.83004e-11 69.135 -45.009 3.8268
69.2577 -45.0837 3.80958 3.89458e-08 69.135 -45.009 3.8268
68.5876 -44.0355 3.84656 5.39971e-29 69.135 -45.009 3.8268
69.0221 -44.6638 3.82222 6.70721e-07 69.135 -45.009 3.8268
69.089 -45.1496 3.82651 0.281947 69.135 -45.009 3.8268
68.6386 -45.1134 3.81736 4.32766e-06 69.135 -45.009 3.8268
68.6562 -44.6776 3.82502 2.05192e-09 69.135 -45.009 3.8268
69.201 -45.1049 3.82571 0.155046 69.135 -45.009 3.8268
68.8584 -44.6151 3.8243 3.89529e-08 69.135 -45.009 3.8268
69.0539 -44.6291 3.82805 8.02768e-06 69.135 -45.009 3.8268
68.9279 -44.9482 3.83201 0.00918811 69.135 -45.009 3.8268
69.1943 -44.127 3.82734 8.67389e-22 69.135 -45.009 3.8268
68.714 -45.3434 3.83251 9.61141e-08 69.135 -45.009 3.8268
69.125 -45.2452 3.80695 1.7219e-07 69.135 -45.009 3.8268
68.7871 -45.8916 3.84215 5.09333e-31 69.135 -45.009 3.8268
69.5758 -44.9946 3.82082 3.55635e-08 69.135 -45.009 3.8268
69.032 -45.7855 3.82129 1.98789e-09 69.135 -45.009 3.8268
68.7009 -44.6592 3.8237 2.38816e-09 69.135 -45.009 3.8268
68.6384 -44.3779 3.81447 4.60976e-24 69.135 -45.009 3.8268
69.3336 -45.2456 3.82907 0.00224781 69.135 -45.009 3.8268
68.5767 -44.394 3.81395 5.38172e-25 69.135 -45.009 3.8268
68.3527 -45.2508 3.82896 4.699e-14 69.135 -45.009 3.8268
68.7125 -45.2204 3.81818 0.000195745 69.135 -45.009 3.8268
68.9607 -44.8641 3.8351 0.00129917 69.135 -45.009 3.8268
68.7959 -44.6942 3.82792 1.72963e-06 69.135 -45.009 3.8268
69.6245 -45.0271 3.83269 7.41114e-08 69.135 -45.009 3.8268
69.1605 -44.9028 3.81562 6.85398e-06 69.135 -45.009 3.8268
68.8634 -44.9206 3.83394 0.000632999 69.135 -45.009 3.8268
69.0196 -45.0736 3.81308 9.79252e-05 69.135 -45.009 3.8268
69.2218 -44.7658 3.83281 0.000996859 69.135 -45.009 3.8268
69.0694 -45.2807 3.82946 0.0152791 69.135 -45.009 3.8268
69.3158 -44.7228 3.83217 7.16128e-05 69.135 -45.009 3.8268
