245.162 29.0484 0.0412774 4.998e-17
244.843 28.7519 0.0754718 0.000346219
245.109 29.4155 0.0573108 3.54361e-11
244.93 29.2277 0.043978 2.75905e-14
244.65 28.3239 0.064303 1.06885e-07
244.574 28.5001 0.0639308 0.000114248
244.68 29.3272 0.0868725 9.71178e-25
244.468 28.8538 0.0668926 0.0272751
244.436 29.1304 0.0758739 1.54065e-07
244.743 28.2512 0.0854386 9.83489e-14
244.769 28.6462 0.074831 0.00336491
244.871 28.7693 0.0676685 0.0894655
244.289 28.5588 0.067527 2.61683e-06
244.217 28.45 0.0684653 5.45076e-09
244.764 28.4362 0.070957 0.000309939
244.981 28.6564 0.0740276 1.42043e-05
244.115 28.2773 0.0830483 2.54567e-13
245.092 29.0426 0.0722028 9.68386e-09
244.072 28.9966 0.0533348 4.71381e-21
244.809 28.7227 0.0633377 0.0915035
244.926 28.9931 0.0736069 6.64229e-06
244.088 28.4245 0.068888 1.73362e-12
245.839 29.1854 0.062349 3.56251e-32
244.594 28.6826 0.0624288 0.00733282
244.804 29.1469 0.0670201 0.000563035
244.786 28.8801 0.0673214 0.27537
244.321 28.6709 0.0700978 0.000365868
245.19 29.0217 0.0677315 3.42775e-08
244.875 28.9216 0.0666962 0.0587161
245.351 28.4829 0.0611781 1.7809e-13
245.053 28.5609 0.0721983 9.81118e-07
244.692 29.2208 0.08149 1.54254e-14
244.839 28.4362 0.0701491 0.000102718
244.525 28.7688 0.0619233 0.00344244
244.308 28.7752 0.0762134 8.64787e-05
244.565 29.4118 0.076681 2.71053e-15
244.104 29.6401 0.069877 1.37437e-26
244.837 29.1918 0.0558896 1.55031e-05
244.713 29.106 0.0698921 0.000822158
244.624 29.351 0.0481536 1.404e-14
244.632 29.0501 0.0616973 0.00704389
244.735 29.4294 0.0686948 5.99127e-11
244.542 28.8017 0.0438437 2.23606e-20
244.815 29.2084 0.073727 2.09143e-08
244.787 28.6634 0.0739789 0.00609586
244.884 28.7566 0.0557822 9.66139e-05
245.242 29.0021 0.0723306 3.58919e-12
244.565 28.9059 0.055247 2.93502e-06
244.657 28.3977 0.0673304 5.43411e-05
244.664 28.7583 0.0747752 0.0181743
244.965 28.9461 0.0731559 1.01705e-05
244.605 28.309 0.0875871 3.01276e-13
244.518 28.133 0.0668432 7.82257e-13
244.957 28.9697 0.0721058 3.16589e-05
244.889 28.6278 0.0702081 0.00554408
244.849 28.6761 0.0733939 0.0027989
244.449 29.0001 0.0535082 1.08313e-09
244.644 28.9626 0.0597405 0.00694495
245.176 28.4979 0.058094 4.76224e-10
245.125 29.2275 0.0686856 1.807e-10
244.784 29.071 0.0546309 4.03705e-05
245.456 28.7542 0.051824 3.66821e-15
245.664 29.0848 0.0691371 5.13379e-27
245.385 28.3126 0.0642782 4.5236e-18
244.116 28.9661 0.067982 1.75618e-09
245.079 28.5265 0.0873815 1.20441e-20
244.712 28.3283 0.0453185 2.7097e-26
244.753 29.2608 0.067733 3.66731e-06
244.388 29.1604 0.0582824 1.10005e-08
245.249 28.8268 0.0770065 8.41128e-15
244.748 29.2188 0.0636371 0.000139881
245.062 28.6372 0.0711355 6.47797e-06
245.055 28.9117 0.0599004 0.000717992
244.138 28.507 0.0679388 2.84887e-10
244.689 28.4525 0.0644628 0.000100591
245.295 28.77 0.077316 2.07695e-16
244.915 28.7494 0.0553869 4.01589e-05
244.812 29.2487 0.062499 3.45963e-05
244.463 28.433 0.0812653 7.56412e-07
244.889 29.018 0.0783955 1.9835e-09
244.69 28.9994 0.071696 0.00625206
244.881 29.2249 0.0630084 4.31619e-05
244.764 29.0388 0.0720871 0.000629652
244.643 28.4229 0.054224 1.00345e-12
244.506 28.7045 0.0667244 0.0373383
244.349 29.3986 0.0500432 1.46555e-19
245.086 28.7329 0.0671425 9.44255e-05
244.444 28.8036 0.0804483 8.62176e-06
245.022 29.5378 0.086989 2.67332e-40
245.279 28.513 0.0677619 2.23659e-11
244.74 28.7017 0.0704146 0.169094
244.419 28.9055 0.0493664 7.85103e-15
245.331 29.0111 0.0735889 3.372e-16
244.953 29.0868 0.0651992 0.000630723
244.685 28.7014 0.0650393 0.173321
244.431 28.8077 0.0754615 0.00212377
245.289 28.6599 0.0696287 7.4431e-11
244.568 28.1202 0.0607853 8.46478e-17
244.72 29.1284 0.0628833 0.00336028
244.899 29.0994 0.0965303 9.86804e-39
