34.9396 -77.5715 3.89979 2.27956e-26 34.497 -77.455 3.9158
34.5213 -77.5373 3.92019 0.0630656 34.497 -77.455 3.9158
35.0447 -77.8511 3.90677 9.87723e-26 34.497 -77.455 3.9158
34.8101 -77.0806 3.92021 7.46502e-07 34.497 -77.455 3.9158
34.329 -77.2126 3.91196 0.0497596 34.497 -77.455 3.9158
33.9945 -76.8463 3.90062 1.81754e-09 34.497 -77.455 3.9158
34.2295 -77.3687 3.90734 0.0153476 34.497 -77.455 3.9158
33.8764 -77.1704 3.92164 8.45607e-11 34.497 -77.455 3.9158
34.0473 -77.435 3.92548 2.856e-08 34.497 -77.455 3.9158
34.7911 -77.6807 3.89181 2.86278e-35 34.497 -77.455 3.9158
34.1353 -77.6559 3.90137 9.03257e-08 34.497 -77.455 3.9158
34.3502 -77.1743 3.90615 0.00028699 34.497 -77.455 3.9158
34.5611 -77.3712 3.91005 0.000302028 34.497 -77.455 3.9158
34.576 -77.0247 3.89809 5.70333e-16 34.497 -77.455 3.9158
34.4666 -77.9649 3.91646 1.55908e-08 34.497 -77.455 3.9158
34.2654 -77.1804 3.91256 0.0393043 34.497 -77.455 3.9158
34.3868 -77.411 3.90662 0.000524831 34.497 -77.455 3.9158
34.2673 -77.6111 3.90555 3.18965e-05 34.497 -77.455 3.9158
34.8853 -77.4946 3.91096 5.80896e-11 34.497 -77.455 3.9158
34.7732 -77.3796 3.90993 1.95902e-08 34.497 -77.455 3.9158
34.2205 -77.6332 3.92169 0.000479377 34.497 -77.455 3.9158
34.414 -78.0429 3.92284 3.12243e-10 34.497 -77.455 3.9158
34.6891 -77.1519 3.89662 4.38584e-20 34.497 -77.455 3.9158
34.2793 -77.3916 3.88923 2.48455e-19 34.497 -77.455 3.9158
34.366 -77.632 3.91486 0.0141728 34.497 -77.455 3.9158
34.6788 -77.214 3.91825 0.000996228 34.497 -77.455 3.9158
34.6684 -77.5676 3.90956 2.09742e-07 34.497 -77.455 3.9158
34.4876 -77.2515 3.89952 5.76507e-11 34.497 -77.455 3.9158
34.4553 -77.1873 3.92332 0.00188007 34.497 -77.455 3.9158
34.9863 -77.8614 3.89973 8.03731e-34 34.497 -77.455 3.9158
34.2927 -76.6048 3.90719 2.15546e-14 34.497 -77.455 3.9158
34.2785 -77.0356 3.91098 0.000710188 34.497 -77.455 3.9158
34.648 -77.3305 3.91873 0.0118354 34.497 -77.455 3.9158
35.1028 -77.4301 3.90815 8.99386e-21 34.497 -77.455 3.9158
34.0284 -77.211 3.8826 2.86542e-23 34.497 -77.455 3.9158
34.2362 -77.3585 3.9099 0.0853458 34.497 -77.455 3.9158
34.4121 -77.0127 3.89348 2.85013e-17 34.497 -77.455 3.9158
35.1688 -77.5734 3.92224 1.91909e-12 34.497 -77.455 3.9158
34.4373 -77.7005 3.89293 5.36284e-22 34.497 -77.455 3.9158
34.3849 -77.5791 3.9249 0.00194944 34.497 -77.455 3.9158
34.9628 -77.656 3.90852 3.43895e-17 34.497 -77.455 3.9158
34.3162 -77.5678 3.90354 2.214e-06 34.497 -77.455 3.9158
34.2356 -77.4505 3.90382 0.000156357 34.497 -77.455 3.9158
34.5712 -77.2558 3.89643 1.771e-16 34.497 -77.455 3.9158
34.8867 -77.2898 3.92024 4.14203e-06 34.497 -77.455 3.9158
34.9374 -77.4338 3.89309 5.75625e-36 34.497 -77.455 3.9158
34.5783 -77.5308 3.9094 1.39919e-05 34.497 -77.455 3.9158
34.8181 -77.881 3.91361 1.13586e-12 34.497 -77.455 3.9158
34.7955 -77.6805 3.89603 3.37398e-28 34.497 -77.455 3.9158
34.2747 -77.6048 3.90922 0.00175084 34.497 -77.455 3.9158
34.5642 -77.1865 3.91553 0.00400668 34.497 -77.455 3.9158
34.0672 -77.6197 3.90007 6.9899e-08 34.497 -77.455 3.9158
34.9103 -77.2722 3.90714 9.2058e-15 34.497 -77.455 3.9158
33.8394 -77.4662 3.91621 4.56017e-07 34.497 -77.455 3.9158
34.2806 -77.2761 3.91099 0.0917959 34.497 -77.455 3.9158
34.4366 -77.4083 3.9144 0.153929 34.497 -77.455 3.9158
33.8845 -77.1667 3.89111 9.407e-12 34.497 -77.455 3.9158
34.6233 -77.0136 3.92332 3.39014e-06 34.497 -77.455 3.9158
33.8603 -76.9833 3.90367 3.58475e-07 34.497 -77.455 3.9158
34.3122 -77.4392 3.89994 5.04291e-08 34.497 -77.455 3.9158
34.3978 -77.2392 3.90376 7.10554e-06 34.497 -77.455 3.9158
34.7445 -77.8834 3.90055 3.46168e-24 34.497 -77.455 3.9158
34.0877 -77.0187 3.89834 3.82151e-08 34.497 -77.455 3.9158
34.7717 -76.763 3.89564 2.00943e-29 34.497 -77.455 3.9158
34.9809 -77.8998 3.91404 5.67439e-17 34.497 -77.455 3.9158
34.3296 -77.3473 3.9174 0.259632 34.497 -77.455 3.9158
34.0035 -76.8115 3.9142 2.88637e-10 34.497 -77.455 3.9158
34.9534 -76.8897 3.91416 2.34173e-15 34.497 -77.455 3.9158
34.1877 -77.3259 3.91397 0.13369 34.497 -77.455 3.9158
34.5863 -77.7439 3.88385 6.35726e-44 34.497 -77.455 3.9158
33.8455 -77.8038 3.92358 8.98897e-15 34.497 -77.455 3.9158
34.6412 -77.6052 3.91745 0.00136699 34.497 -77.455 3.9158
34.2574 -77.7855 3.92045 3.15045e-05 34.497 -77.455 3.9158
34.3021 -77.4663 3.92441 0.00162025 34.497 -77.455 3.9158
34.1303 -77.0797 3.89915 2.95124e-07 34.497 -77.455 3.9158
34.6845 -76.8275 3.90578 6.1544e-15 34.497 -77.455 3.9158
34.9308 -77.1477 3.9143 1.24867e-10 34.497 -77.455 3.9158
34.5908 -78.0588 3.90301 4.35023e-22 34.497 -77.455 3.9158
35.0384 -77.651 3.89855 9.25062e-34 34.497 -77.455 3.9158
35.0024 -77.1441 3.91322 2.06211e-13 34.497 -77.455 3.9158
34.2345 -76.9744 3.89915 2.72247e-09 34.497 -77.455 3.9158
34.2136 -77.4702 3.91061 0.0601413 34.497 -77.455 3.9158
34.469 -77.1148 3.90333 5.5933e-08 34.497 -77.455 3.9158
34.4258 -77.0594 3.89994 1.92514e-10 34.497 -77.455 3.9158
34.4521 -77.8715 3.92743 1.59887e-07 34.497 -77.455 3.9158
34.567 -77.0743 3.9111 1.43848e-05 34.497 -77.455 3.9158
34.2392 -76.844 3.91262 2.30752e-07 34.497 -77.455 3.9158
34.0123 -77.7465 3.89127 5.05193e-18 34.497 -77.455 3.9158
34.2156 -76.9654 3.89417 2.52926e-13 34.497 -77.455 3.9158
34.2908 -77.109 3.90526 0.000102379 34.497 -77.455 3.9158
34.0769 -77.239 3.89645 4.72174e-08 34.497 -77.455 3.9158
34.6948 -76.8987 3.89622 2.01602e-23 34.497 -77.455 3.9158
34.1166 -77.5059 3.90187 1.53973e-05 34.497 -77.455 3.9158
34.9024 -77.4805 3.8993 1.17413e-24 34.497 -77.455 3.9158
34.2018 -77.2249 3.89401 1.4926e-11 34.497 -77.455 3.9158
34.3383 -77.4303 3.88783 3.84972e-23 34.497 -77.455 3.9158
34.649 -77.2199 3.92085 0.00305175 34.497 -77.455 3.9158
34.529 -77.6664 3.91704 0.00266976 34.497 -77.455 3.9158
34.7295 -76.9822 3.8935 3.06214e-27 34.497 -77.455 3.9158
34.1206 -77.8329 3.90776 1.09113e-07 34.497 -77.455 3.9158
