0.35764 3.18817 0.308425 0.135952 0.3534 3.2907 0.30824
0.655383 3.47967 0.312393 2.27214e-09 0.3534 3.2907 0.30824
0.347769 2.9738 0.30568 0.03386 0.3534 3.2907 0.30824
-0.195498 3.08586 0.307341 1.17476e-07 0.3534 3.2907 0.30824
0.231703 3.15733 0.322291 1.34377e-09 0.3534 3.2907 0.30824
0.198349 4.07407 0.304699 1.51946e-19 0.3534 3.2907 0.30824
0.908325 3.25999 0.309482 1.43441e-11 0.3534 3.2907 0.30824
-0.123582 3.41053 0.315349 5.81697e-08 0.3534 3.2907 0.30824
0.732275 3.09844 0.313841 2.89696e-10 0.3534 3.2907 0.30824
0.2852 3.50328 0.313135 7.74926e-06 0.3534 3.2907 0.30824
0.546273 3.17842 0.295439 0.100701 0.3534 3.2907 0.30824
0.321639 2.7158 0.322224 7.86451e-15 0.3534 3.2907 0.30824
0.731744 3.24474 0.330531 2.32416e-32 0.3534 3.2907 0.30824
0.287998 3.23242 0.316171 3.73132e-05 0.3534 3.2907 0.30824
0.114642 3.88551 0.311172 1.13677e-14 0.3534 3.2907 0.30824
0.235727 3.34048 0.305729 0.125487 0.3534 3.2907 0.30824
0.459679 3.52335 0.306249 0.000572801 0.3534 3.2907 0.30824
0.0108098 3.80752 0.312792 1.15471e-13 0.3534 3.2907 0.30824
0.958629 3.16652 0.305706 2.19388e-10 0.3534 3.2907 0.30824
0.349521 2.96898 0.303989 0.0400674 0.3534 3.2907 0.30824
0.141206 3.64418 0.336054 1.94171e-33 0.3534 3.2907 0.30824
0.993468 3.13102 0.305203 3.01552e-11 0.3534 3.2907 0.30824
0.148121 3.75883 0.311123 1.46981e-10 0.3534 3.2907 0.30824
0.622444 3.63572 0.335959 5.2382e-45 0.3534 3.2907 0.30824
0.0320844 3.38317 0.325818 1.01291e-13 0.3534 3.2907 0.30824
0.0658231 3.0161 0.310751 0.000920686 0.3534 3.2907 0.30824
0.541026 4.03438 0.319613 6.04603e-30 0.3534 3.2907 0.30824
0.520487 3.47178 0.33055 3.52114e-28 0.3534 3.2907 0.30824
0.264983 3.12346 0.312593 0.00494193 0.3534 3.2907 0.30824
-0.229722 2.81593 0.313606 3.37716e-11 0.3534 3.2907 0.30824
0.247087 3.64075 0.31596 3.85372e-10 0.3534 3.2907 0.30824
0.644944 2.98928 0.294982 0.00106794 0.3534 3.2907 0.30824
0.778856 3.59973 0.313622 1.67119e-15 0.3534 3.2907 0.30824
0.559014 3.301 0.311688 2.49547e-05 0.3534 3.2907 0.30824
0.00136096 3.67568 0.315193 3.46612e-11 0.3534 3.2907 0.30824
0.959366 3.34243 0.315553 1.05628e-19 0.3534 3.2907 0.30824
-0.139419 3.37019 0.30869 1.01325e-06 0.3534 3.2907 0.30824
0.212943 3.45829 0.307045 0.00478881 0.3534 3.2907 0.30824
0.10609 2.99147 0.310357 0.00143639 0.3534 3.2907 0.30824
-0.236571 3.22928 0.320342 1.72286e-10 0.3534 3.2907 0.30824
0.389679 2.99707 0.31625 1.28836e-06 0.3534 3.2907 0.30824
-0.237696 3.22548 0.315539 1.08299e-08 0.3534 3.2907 0.30824
0.227651 3.25273 0.337295 3.38906e-30 0.3534 3.2907 0.30824
-0.133296 3.54098 0.322094 9.67467e-14 0.3534 3.2907 0.30824
0.434722 3.60201 0.293025 1.145e-05 0.3534 3.2907 0.30824
0.958664 3.50378 0.309946 7.74452e-16 0.3534 3.2907 0.30824
0.554607 3.59909 0.311625 4.50256e-09 0.3534 3.2907 0.30824
-0.33929 4.07706 0.335779 2.92017e-48 0.3534 3.2907 0.30824
0.165335 3.82436 0.304564 7.60671e-11 0.3534 3.2907 0.30824
-0.257996 3.69676 0.316453 4.50862e-16 0.3534 3.2907 0.30824
0.103393 3.35077 0.318179 6.95805e-07 0.3534 3.2907 0.30824
0.0253125 3.79684 0.311907 7.17048e-13 0.3534 3.2907 0.30824
0.322693 3.30021 0.321692 1.91867e-10 0.3534 3.2907 0.30824
0.0238105 3.77952 0.313049 8.35218e-13 0.3534 3.2907 0.30824
0.11797 3.62537 0.302672 1.8847e-06 0.3534 3.2907 0.30824
-0.398793 3.17307 0.30854 5.68175e-13 0.3534 3.2907 0.30824
0.319866 3.61197 0.3139 1.89708e-08 0.3534 3.2907 0.30824
-0.180319 3.08201 0.32475 2.0465e-12 0.3534 3.2907 0.30824
0.309514 3.35705 0.304482 0.224543 0.3534 3.2907 0.30824
-0.132279 3.43391 0.314246 5.05e-08 0.3534 3.2907 0.30824
0.390368 3.1167 0.331164 7.55214e-23 0.3534 3.2907 0.30824
-0.261337 3.66096 0.294037 8.69206e-21 0.3534 3.2907 0.30824
0.0746166 3.36705 0.350311 2.59551e-55 0.3534 3.2907 0.30824
0.375457 3.29078 0.306879 0.199107 0.3534 3.2907 0.30824
0.199212 3.21793 0.301053 0.101674 0.3534 3.2907 0.30824
0.201356 2.72995 0.329992 1.26617e-21 0.3534 3.2907 0.30824
0.573637 3.41354 0.302692 0.0150223 0.3534 3.2907 0.30824
0.16945 3.35677 0.310537 0.00504465 0.3534 3.2907 0.30824
0.132144 2.63536 0.312482 3.0548e-10 0.3534 3.2907 0.30824
0.464353 3.68234 0.323547 3.6094e-21 0.3534 3.2907 0.30824
0.400725 3.23073 0.31518 2.31567e-05 0.3534 3.2907 0.30824
0.530562 3.71882 0.313782 4.21199e-13 0.3534 3.2907 0.30824
0.134819 3.25075 0.298658 0.00324949 0.3534 3.2907 0.30824
-0.120436 3.17194 0.313282 5.68462e-06 0.3534 3.2907 0.30824
-0.0856401 3.09527 0.307106 2.98419e-05 0.3534 3.2907 0.30824
0.503683 3.17765 0.312945 5.39109e-05 0.3534 3.2907 0.30824
0.388292 2.9326 0.310035 0.000694543 0.3534 3.2907 0.30824
0.49701 3.50687 0.324904 9.31736e-20 0.3534 3.2907 0.30824
-0.0106477 3.58745 0.307544 2.23636e-07 0.3534 3.2907 0.30824
0.0532398 3.6393 0.321285 4.56503e-14 0.3534 3.2907 0.30824
0.414451 3.22972 0.324794 7.78065e-15 0.3534 3.2907 0.30824
0.439038 3.25695 0.313516 9.91374e-05 0.3534 3.2907 0.30824
0.00234093 3.04472 0.295647 3.98988e-08 0.3534 3.2907 0.30824
0.238454 4.09598 0.323035 2.49513e-32 0.3534 3.2907 0.30824
0.22528 3.78754 0.319986 3.02392e-17 0.3534 3.2907 0.30824
-0.792786 3.71091 0.313439 1.1326e-34 0.3534 3.2907 0.30824
0.918946 3.75235 0.306771 3.06773e-17 0.3534 3.2907 0.30824
0.507442 3.04254 0.31803 2.12598e-09 0.3534 3.2907 0.30824
0.265953 3.38139 0.313914 0.00012022 0.3534 3.2907 0.30824
-0.171787 3.15222 0.311134 1.18319e-06 0.3534 3.2907 0.30824
-0.0792994 3.34958 0.321417 5.36872e-10 0.3534 3.2907 0.30824
0.531437 3.5866 0.316131 4.57851e-12 0.3534 3.2907 0.30824
0.145244 2.54672 0.311516 1.7777e-12 0.3534 3.2907 0.30824
0.881558 3.44214 0.297364 1.94275e-06 0.3534 3.2907 0.30824
0.599141 3.46256 0.323601 9.79831e-20 0.3534 3.2907 0.30824
0.126068 3.48862 0.302689 0.000447849 0.3534 3.2907 0.30824
-0.128304 3.4718 0.314175 1.89176e-08 0.3534 3.2907 0.30824
0.445156 3.34084 0.321832 1.07376e-12 0.3534 3.2907 0.30824
-0.0577762 3.45508 0.315747 8.03197e-08 0.3534 3.2907 0.30824
-0.236488 3.64206 0.294242 2.50392e-19 0.3534 3.2907 0.30824
