-39.3227 -50.3225 1.5527 0.296994 -39.39 -50.519 1.5577
-39.8782 -50.2285 1.58158 8.01e-23 -39.39 -50.519 1.5577
-39.4729 -50.053 1.54649 0.011047 -39.39 -50.519 1.5577
-39.4402 -50.1617 1.55273 0.068688 -39.39 -50.519 1.5577
-39.6342 -50.0888 1.56785 4.80479e-09 -39.39 -50.519 1.5577
-39.7126 -50.5259 1.54613 4.89882e-07 -39.39 -50.519 1.5577
-39.7348 -50.816 1.56299 3.28e-10 -39.39 -50.519 1.5577
-39.1586 -50.3937 1.55478 0.281185 -39.39 -50.519 1.5577
-39.0069 -50.5339 1.54566 0.000457016 -39.39 -50.519 1.5577
-39.6041 -50.066 1.56446 4.46696e-07 -39.39 -50.519 1.5577
-39.5113 -50.3743 1.58209 1.62355e-16 -39.39 -50.519 1.5577
-40.0421 -50.5202 1.55911 7.25989e-13 -39.39 -50.519 1.5577
-39.6339 -50.2674 1.56711 1.69172e-07 -39.39 -50.519 1.5577
-39.2985 -50.2007 1.5453 0.0881736 -39.39 -50.519 1.5577
-39.9604 -50.5987 1.56134 6.50255e-12 -39.39 -50.519 1.5577
-39.8976 -50.048 1.54794 1.63032e-08 -39.39 -50.519 1.5577
-38.7937 -50.3111 1.55878 0.000847375 -39.39 -50.519 1.5577
-39.9314 -50.6143 1.54405 1.18845e-12 -39.39 -50.519 1.5577
-39.5663 -50.2372 1.55888 0.000971986 -39.39 -50.519 1.5577
-39.3898 -50.5172 1.5561 0.0151323 -39.39 -50.519 1.5577
-39.9003 -50.3227 1.56436 1.13876e-10 -39.39 -50.519 1.5577
-39.9102 -50.5856 1.55578 5.35362e-10 -39.39 -50.519 1.5577
-39.2985 -50.0617 1.56362 0.000251812 -39.39 -50.519 1.5577
-39.8954 -50.4105 1.56667 1.5747e-11 -39.39 -50.519 1.5577
-39.3995 -50.8803 1.57194 3.33009e-10 -39.39 -50.519 1.5577
-39.4947 -50.8384 1.56374 1.19459e-07 -39.39 -50.519 1.5577
-39.4504 -50.8404 1.5605 8.25582e-07 -39.39 -50.519 1.5577
-39.9737 -50.7072 1.55991 5.52928e-13 -39.39 -50.519 1.5577
-39.374 -50.6873 1.55605 0.000469217 -39.39 -50.519 1.5577
-39.9404 -50.6747 1.54184 1.26169e-14 -39.39 -50.519 1.5577
-39.1911 -50.1218 1.55902 0.0406113 -39.39 -50.519 1.5577
-39.452 -50.7533 1.56763 2.27997e-07 -39.39 -50.519 1.5577
-39.5105 -50.4475 1.55337 0.00585495 -39.39 -50.519 1.5577
-39.7668 -51.1462 1.54347 3.80271e-21 -39.39 -50.519 1.5577
-39.2064 -50.912 1.55999 6.59479e-07 -39.39 -50.519 1.5577
-39.9063 -50.3815 1.56094 1.20556e-09 -39.39 -50.519 1.5577
-39.6737 -49.8479 1.55423 2.02823e-06 -39.39 -50.519 1.5577
-39.3884 -51.0681 1.55995 1.57745e-10 -39.39 -50.519 1.5577
-39.5517 -50.4764 1.54235 8.5454e-06 -39.39 -50.519 1.5577
-39.5585 -49.836 1.54967 0.000236475 -39.39 -50.519 1.5577
-39.741 -49.6351 1.558 1.6572e-11 -39.39 -50.519 1.5577
-39.7775 -50.7095 1.54389 3.08231e-11 -39.39 -50.519 1.5577
-39.4429 -49.9275 1.55058 0.00630779 -39.39 -50.519 1.5577
-39.8078 -50.8243 1.57888 5.89687e-19 -39.39 -50.519 1.5577
-39.5678 -50.2342 1.55951 0.000646165 -39.39 -50.519 1.5577
-39.7178 -50.3995 1.56947 1.14105e-09 -39.39 -50.519 1.5577
-39.0783 -49.8526 1.56212 8.0641e-05 -39.39 -50.519 1.5577
-39.1102 -50.4187 1.56995 1.20053e-05 -39.39 -50.519 1.5577
-39.0346 -50.0042 1.56128 0.000498519 -39.39 -50.519 1.5577
-39.6111 -49.8124 1.54611 0.000150347 -39.39 -50.519 1.5577
-39.9754 -50.7903 1.5419 2.2035e-17 -39.39 -50.519 1.5577
-39.5073 -50.6427 1.55397 0.000145474 -39.39 -50.519 1.5577
-39.596 -50.7809 1.56293 8.49002e-08 -39.39 -50.519 1.5577
-39.6714 -50.4424 1.5598 2.03192e-05 -39.39 -50.519 1.5577
-39.4803 -50.3577 1.58404 3.12432e-18 -39.39 -50.519 1.5577
-39.6562 -50.2007 1.54689 0.000249095 -39.39 -50.519 1.5577
-38.7105 -50.9097 1.55338 1.21698e-10 -39.39 -50.519 1.5577
-39.2557 -50.739 1.55704 0.000284358 -39.39 -50.519 1.5577
-38.7231 -49.7782 1.54491 6.80406e-07 -39.39 -50.519 1.5577
-39.3691 -50.3575 1.55126 0.130397 -39.39 -50.519 1.5577
-39.8763 -50.0725 1.54193 5.3933e-09 -39.39 -50.519 1.5577
-39.1203 -50.935 1.56028 2.23773e-07 -39.39 -50.519 1.5577
-39.5859 -50.636 1.55 9.4247e-06 -39.39 -50.519 1.5577
-38.9104 -50.7256 1.56915 1.49098e-07 -39.39 -50.519 1.5577
-39.5401 -50.0406 1.58605 1.23302e-24 -39.39 -50.519 1.5577
-39.5651 -50.463 1.54689 0.000210055 -39.39 -50.519 1.5577
-39.2773 -50.2062 1.56048 0.029095 -39.39 -50.519 1.5577
-39.346 -49.9384 1.55817 0.0012036 -39.39 -50.519 1.5577
-39.5023 -49.9791 1.55382 0.00183115 -39.39 -50.519 1.5577
-38.989 -50.6921 1.55722 0.000327599 -39.39 -50.519 1.5577
-39.1602 -50.8896 1.5688 2.67471e-08 -39.39 -50.519 1.5577
-39.7812 -50.5738 1.57035 1.6415e-11 -39.39 -50.519 1.5577
-40.217 -50.6687 1.55771 1.05002e-18 -39.39 -50.519 1.5577
-39.3421 -51.1087 1.56252 2.76978e-11 -39.39 -50.519 1.5577
-39.157 -50.9275 1.55746 3.52431e-07 -39.39 -50.519 1.5577
-39.7915 -50.0014 1.55111 4.64709e-06 -39.39 -50.519 1.5577
-39.4552 -50.5202 1.55328 0.00539071 -39.39 -50.519 1.5577
-39.6717 -50.0268 1.5623 2.33943e-07 -39.39 -50.519 1.5577
-39.585 -50.9304 1.56809 4.17782e-11 -39.39 -50.519 1.5577
-39.0346 -49.9746 1.54016 0.00150145 -39.39 -50.519 1.5577
-38.8769 -50.3592 1.56329 0.000444593 -39.39 -50.519 1.5577
-39.3937 -50.537 1.54772 0.00165119 -39.39 -50.519 1.5577
-40.0409 -49.7086 1.56679 3.2711e-21 -39.39 -50.519 1.5577
-39.2563 -50.4368 1.5638 0.00439161 -39.39 -50.519 1.5577
-39.1594 -50.4423 1.53763 5.24358e-06 -39.39 -50.519 1.5577
-40.1002 -50.768 1.56331 1.82012e-17 -39.39 -50.519 1.5577
-39.4549 -50.7092 1.52861 1.48801e-17 -39.39 -50.519 1.5577
-39.5434 -50.0073 1.55279 0.00172933 -39.39 -50.519 1.5577
-39.6751 -50.0683 1.55818 1.15022e-05 -39.39 -50.519 1.5577
-38.9723 -50.257 1.57073 5.0066e-07 -39.39 -50.519 1.5577
-39.9523 -50.8518 1.55377 1.79523e-14 -39.39 -50.519 1.5577
-38.633 -50.7209 1.55139 4.8066e-09 -39.39 -50.519 1.5577
-39.5009 -50.743 1.56555 5.32248e-07 -39.39 -50.519 1.5577
-39.5264 -50.4392 1.5658 1.76699e-05 -39.39 -50.519 1.5577
-39.412 -50.6798 1.54449 2.04418e-06 -39.39 -50.519 1.5577
-39.7574 -50.3262 1.5626 2.50635e-07 -39.39 -50.519 1.5577
-39.8123 -50.7463 1.56357 8.25825e-11 -39.39 -50.519 1.5577
-39.65 -50.7316 1.54807 2.68664e-08 -39.39 -50.519 1.5577
-39.6025 -50.2278 1.55289 0.00244491 -39.39 -50.519 1.5577
-40.2382 -50.6553 1.5682 5.04405e-22 -39.39 -50.519 1.5577
