26.5701 9.36015 0.182522 4.12467e-11
27.2692 9.77412 0.186525 0.0177989
27.168 9.35027 0.193589 0.00274681
26.7007 9.96963 0.179793 5.4259e-13
27.3308 10.0469 0.191195 1.95065e-07
27.116 10.0772 0.179222 2.1777e-09
26.8153 9.51372 0.17854 1.64139e-07
27.3135 9.86675 0.179035 4.00341e-05
26.6158 9.787 0.184437 7.27805e-09
27.3155 9.6848 0.18363 0.0265728
27.0683 10.0599 0.205941 6.87597e-11
26.6606 9.60397 0.200338 0.00227493
27.0316 9.59449 0.183384 0.0439371
26.7785 9.43027 0.18134 1.35243e-06
27.3343 9.79237 0.179861 0.000544657
27.1501 9.24221 0.179109 6.0604e-05
26.8766 9.34861 0.177791 1.21464e-07
26.6251 9.63397 0.184402 1.07014e-07
26.8022 9.32067 0.186545 0.000122535
26.8125 9.58021 0.189055 0.023705
26.9105 9.58867 0.190355 0.265342
27.476 9.80091 0.161178 1.09611e-16
26.8727 9.38157 0.187963 0.00753547
26.8934 9.96055 0.194272 0.000461067
26.635 9.65464 0.181531 1.4562e-09
26.6226 9.69127 0.19469 0.000730475
27.0883 9.4905 0.193273 0.136336
27.4441 9.48082 0.17308 1.98827e-05
26.9887 10.1374 0.160646 4.78508e-33
26.833 9.77122 0.182087 6.7162e-06
27.0842 9.44344 0.19292 0.0893473
27.3558 9.83294 0.177615 2.68922e-05
27.2266 9.51095 0.174357 4.85795e-05
26.9809 9.58299 0.171893 5.74725e-10
26.8059 9.65877 0.196842 0.0580915
26.8251 9.73714 0.181959 8.27828e-06
27.0461 9.91399 0.186752 0.00110031
26.6984 9.50188 0.173617 7.55943e-15
26.9663 9.95698 0.189884 0.000477755
26.6604 10.0177 0.183984 1.46523e-11
26.8675 9.76213 0.197758 0.0249002
27.1396 9.60162 0.200735 0.000102416
26.7706 9.75089 0.178911 4.09963e-09
27.083 9.95619 0.202819 1.98172e-07
27.1088 9.54219 0.197107 0.0106366
27.1571 9.54666 0.172529 7.87433e-07
27.0869 9.77978 0.187765 0.0710161
25.7195 9.85541 0.180769 7.56655e-54
26.9176 9.53538 0.17657 4.50596e-07
26.9762 9.76185 0.17694 4.82011e-07
26.8219 10.163 0.179427 4.17533e-15
27.2599 10.394 0.17001 1.13586e-21
27.4962 9.31272 0.190365 4.68384e-07
27.1833 9.77809 0.185363 0.0305831
26.6302 9.9287 0.178128 1.19656e-15
26.9206 9.93588 0.190722 0.000839839
27.19 9.8118 0.184677 0.0106897
27.3164 9.33755 0.186859 0.0033666
26.5254 9.47022 0.179377 2.12452e-14
27.5338 8.99511 0.197754 3.85187e-19
26.5574 9.89955 0.170485 8.39153e-27
26.635 10.2564 0.179006 1.71043e-18
26.8436 10.2801 0.178769 1.18563e-15
27.4665 10.0055 0.190931 9.15687e-09
26.8072 9.23166 0.176155 1.74677e-11
27.2295 10.0789 0.177209 5.02158e-10
26.6256 9.68495 0.183629 2.06007e-08
26.9998 9.61155 0.177728 3.49462e-05
26.8505 9.69006 0.174715 1.61388e-10
26.8746 9.79148 0.186464 0.00192614
26.6634 9.71854 0.166625 5.67451e-26
27.0495 9.513 0.171739 8.05313e-09
27.0815 10.1453 0.190674 1.1843e-07
26.7373 9.12645 0.178592 7.92797e-13
27.0364 10.01 0.171625 1.2658e-14
26.7923 9.48674 0.184417 0.000192924
26.9587 9.62494 0.179077 6.44841e-05
27.226 9.70381 0.189999 0.068909
27.0307 10.0006 0.165892 5.71001e-21
26.125 9.28287 0.178448 3.94387e-33
26.5902 9.53804 0.200214 0.000335042
26.7408 10.1176 0.174854 4.1504e-20
26.8065 9.89887 0.182256 8.60487e-08
26.5162 9.91217 0.17118 1.27568e-27
26.2369 9.88213 0.172137 3.52107e-38
26.8628 9.74533 0.184974 0.000918162
27.1761 9.53763 0.173269 4.15306e-06
26.9797 9.99706 0.182302 3.96779e-07
27.2274 10.1992 0.186538 7.10465e-10
26.6548 9.31625 0.175317 2.86143e-15
26.5384 9.59555 0.183037 8.53712e-11
27.1916 9.6669 0.176623 0.000219919
27.3374 9.69302 0.184693 0.0196633
27.4522 9.95258 0.192331 4.13737e-08
27.0127 9.38495 0.180107 0.000398308
26.5873 10.1197 0.181177 6.43335e-18
26.8652 9.57453 0.197266 0.0778354
26.7615 9.73391 0.183964 1.06389e-05
26.6926 9.93255 0.192111 1.31548e-05
26.5737 10.2833 0.157171 2.33554e-46
