7.58008 3.1987 0.302738 7.41116e-21
7.96141 2.73198 0.305044 0.0131747
8.07424 3.06085 0.321191 3.8156e-12
7.76763 2.22751 0.315757 9.97234e-05
7.66972 2.42747 0.309521 0.00093336
8.17395 2.18181 0.338612 1.59487e-28
8.31674 2.53292 0.310388 0.000504178
8.23218 1.90771 0.302363 2.94748e-13
7.32542 2.26969 0.300818 5.9012e-22
7.74748 2.2141 0.308063 1.18077e-05
7.93853 2.65286 0.314229 0.134506
7.56083 2.80502 0.335487 1.48691e-16
7.59983 2.70831 0.307294 2.43566e-06
8.377 2.46381 0.30275 0.000236941
8.33536 2.56235 0.307863 0.00091249
7.89347 2.34231 0.301304 3.81506e-05
8.08772 2.2274 0.324838 8.98473e-10
7.66089 2.53907 0.295277 1.1348e-14
7.75213 2.16804 0.30825 2.07008e-06
8.23535 2.86955 0.302526 6.2712e-05
8.51351 2.76128 0.292828 5.55133e-09
7.91529 2.42879 0.31769 0.030793
7.74877 2.86672 0.288647 1.09565e-24
8.14064 2.45871 0.288617 1.84225e-11
7.51625 2.88006 0.322162 5.41133e-08
8.13259 2.4823 0.299532 0.00136346
7.79275 2.22376 0.304412 2.41939e-06
8.07978 2.04845 0.307535 1.52349e-07
7.89224 3.03553 0.31768 3.91868e-08
7.69393 2.1093 0.289827 2.05334e-25
8.16402 2.85912 0.307688 0.000507045
7.85056 2.93992 0.302911 4.946e-07
8.13518 3.10689 0.304687 5.0747e-09
7.77163 2.85536 0.330931 4.99723e-12
7.53395 2.90867 0.291571 1.87266e-28
7.78976 2.24381 0.300674 2.16493e-08
8.06413 2.33982 0.318976 0.000165218
7.93602 2.47518 0.308559 0.218708
7.57583 2.42115 0.311543 7.04256e-05
7.63718 2.82063 0.299381 5.21635e-13
7.39699 2.55351 0.3024 1.68348e-15
8.13967 2.44337 0.314631 0.00557623
7.87096 2.26653 0.297075 1.41238e-09
8.36813 2.59087 0.319183 8.00302e-10
7.95784 2.79105 0.308708 0.0149895
7.48914 2.41649 0.32212 1.4904e-06
7.76034 2.718 0.296487 1.27807e-11
7.52752 2.46753 0.323412 3.57544e-06
7.83963 2.36236 0.324736 3.24008e-07
8.16161 2.15672 0.315618 7.43309e-07
7.29678 2.95299 0.301144 1.31965e-25
8.52514 3.18279 0.29691 8.35603e-16
8.09282 2.92788 0.319338 3.50694e-08
7.42978 2.50937 0.320329 1.32943e-06
7.97323 3.16188 0.303358 5.52957e-11
7.30052 3.19335 0.302277 6.38722e-31
8.26024 2.62806 0.299855 0.00133822
8.17748 2.19891 0.317071 5.83724e-07
8.06248 2.79639 0.323271 3.40055e-08
7.84903 2.63069 0.311891 0.191449
7.95133 3.12423 0.304258 8.42753e-10
7.05308 2.3088 0.304089 1.02156e-30
7.92907 2.0592 0.318956 9.54416e-10
7.9346 3.33597 0.321154 1.29367e-19
8.03902 2.22457 0.308374 0.000844545
7.93579 2.06199 0.324728 5.81072e-14
8.13324 2.58747 0.317421 0.000655594
7.19901 2.3111 0.319106 3.00837e-14
7.50633 3.04029 0.317754 7.9379e-11
7.67271 3.13606 0.312428 3.40461e-11
8.00334 2.61344 0.310023 0.346171
7.44061 2.18052 0.306954 1.26339e-13
7.55713 2.3063 0.314815 7.74124e-06
8.12458 2.57419 0.326119 8.32285e-10
7.80094 2.42639 0.30143 1.01216e-05
7.62432 2.83261 0.297708 2.20028e-15
8.20195 2.10006 0.2975 7.99156e-10
7.88468 2.22562 0.310396 0.000793337
7.99676 2.91669 0.31275 0.00012559
8.04473 2.53224 0.298516 0.00029348
7.22125 2.65356 0.312019 1.36895e-14
7.59903 2.1214 0.29676 4.31547e-19
8.08483 2.91649 0.310354 0.00011356
7.76998 2.75498 0.311579 0.0112007
7.16417 2.55744 0.317253 4.18868e-14
8.05763 2.49255 0.30052 0.00265916
7.95718 2.79788 0.306123 0.00515383
7.7636 2.47096 0.306687 0.00384718
7.95214 3.01497 0.311552 2.15496e-06
7.4494 2.31094 0.311729 8.45471e-09
8.01664 2.68941 0.302959 0.0105132
7.37458 2.41133 0.302747 2.0845e-16
8.16022 2.6644 0.315442 0.000963151
7.97548 2.47184 0.300038 0.000389136
8.26183 2.3873 0.301857 0.000781563
7.85557 3.00648 0.305436 2.46906e-07
7.54935 2.58077 0.299492 2.48669e-13
7.94246 2.94133 0.302934 3.69627e-06
8.03963 3.05526 0.31022 2.20255e-07
7.71649 2.83702 0.321504 1.53725e-05
