118.19 -22.7933 3.38124 3.46523e-10
118.141 -22.9152 3.39143 8.23216e-09
118.684 -22.3846 3.38288 1.28056e-11
117.209 -22.2832 3.38891 1.1084e-08
117.753 -22.8751 3.39142 9.09473e-09
118.186 -22.3418 3.36839 2.46458e-13
118.281 -22.8136 3.37419 5.48571e-16
117.544 -22.0038 3.38227 0.00150761
118.219 -22.3497 3.3858 0.0014201
117.92 -22.1887 3.38834 0.172936
117.721 -22.4632 3.38865 0.00161636
118.458 -22.4105 3.41615 1.80589e-07
118.607 -22.7554 3.40831 2.20011e-08
118.418 -22.9835 3.4064 4.6409e-11
117.94 -22.8225 3.3937 4.86966e-07
117.921 -22.9015 3.39589 1.2851e-08
118.172 -22.4691 3.38742 0.00120811
117.477 -22.6281 3.40667 2.36211e-14
118.453 -22.6364 3.38659 2.83894e-08
118.835 -23.0002 3.39862 1.42705e-15
117.659 -22.3782 3.396 0.000197558
118.308 -22.7612 3.39188 6.59595e-07
117.949 -22.082 3.37351 3.44331e-06
118.462 -22.4406 3.40677 0.000287976
117.785 -22.5498 3.39299 0.000406084
117.957 -22.9246 3.37955 7.35576e-12
118.618 -23.1276 3.388 4.66621e-19
118.001 -22.5346 3.40119 0.000375324
117.733 -22.3525 3.37445 8.32201e-06
117.937 -22.1881 3.3798 0.00210903
117.979 -23.0327 3.39476 5.99337e-11
118.484 -22.5222 3.41014 9.02805e-06
117.761 -22.6001 3.40047 1.76509e-06
117.999 -22.2465 3.37991 0.00083798
118.394 -22.3685 3.38958 0.000469945
118.15 -22.8732 3.37564 1.99751e-14
117.611 -23.0021 3.39648 2.68604e-13
118.153 -22.386 3.4066 0.00046762
117.666 -22.3025 3.38031 0.00125646
118.317 -22.4365 3.38675 0.000113279
118.75 -22.7469 3.39221 7.03952e-12
118.12 -22.802 3.38662 9.04341e-08
118.377 -22.1507 3.39426 0.027365
117.77 -23.027 3.39974 6.57011e-13
117.582 -22.3633 3.40767 5.94662e-11
118.041 -22.7728 3.38615 4.02254e-07
117.94 -22.2258 3.38178 0.00736878
118.558 -22.5616 3.41638 1.43035e-08
118.378 -23.2503 3.38146 2.22442e-22
118.589 -22.8436 3.36585 7.70353e-31
117.73 -23.0642 3.39601 3.10186e-13
117.952 -21.6807 3.3829 0.000160775
117.791 -22.3899 3.40259 2.85016e-05
117.528 -21.875 3.40129 1.10937e-08
118.231 -22.8757 3.39673 7.30084e-08
118.122 -23.0108 3.38117 6.78211e-14
117.244 -22.3025 3.39108 9.68895e-09
117.748 -22.0714 3.39334 0.0204641
117.753 -22.9537 3.38552 1.28521e-10
118.008 -22.9428 3.37554 1.34656e-14
117.915 -22.4431 3.37424 2.91259e-07
117.944 -22.1841 3.38984 0.234441
117.864 -23.0718 3.39655 1.8675e-12
118.007 -22.9641 3.37401 5.45221e-16
117.818 -22.3382 3.39039 0.0339583
118.53 -22.7402 3.40303 3.81148e-07
118.021 -22.3095 3.37704 1.68782e-05
117.744 -22.9004 3.37398 2.15228e-13
118.124 -22.4324 3.38842 0.00674563
118.24 -22.7083 3.3768 7.19821e-12
117.44 -22.8553 3.37008 9.40694e-15
118.038 -23.0832 3.40236 8.7068e-13
118.064 -22.2166 3.38896 0.144556
118.174 -22.1034 3.38413 0.0043673
117.476 -22.3159 3.37788 3.6997e-05
118.378 -23.1667 3.39839 1.83456e-14
118.367 -23.0715 3.39208 3.65883e-13
118.347 -22.8106 3.42619 1.20104e-18
117.894 -22.7113 3.39483 1.32829e-05
118.34 -22.7833 3.37473 5.94669e-16
118.853 -22.5975 3.40138 4.74944e-09
117.829 -22.6779 3.39515 1.47508e-05
118.007 -22.2127 3.3891 0.186832
118.692 -22.5711 3.38867 3.59608e-10
117.796 -22.2324 3.39106 0.0629919
118.168 -22.6175 3.38821 5.96463e-05
117.825 -22.667 3.38334 5.14071e-06
118.024 -22.2866 3.39876 0.0516541
118.337 -22.3481 3.39844 0.0243461
117.987 -23.2012 3.39308 6.23151e-15
117.666 -22.8054 3.38328 1.40201e-08
118.549 -22.4954 3.39593 4.52066e-05
117.968 -21.719 3.38237 0.000254125
118.367 -22.6581 3.3948 2.23423e-05
117.61 -22.8616 3.37551 5.59473e-12
118.144 -22.7064 3.39521 4.23442e-05
118.706 -22.6163 3.38867 6.21556e-11
117.779 -22.6025 3.38271 2.17317e-05
117.765 -22.4921 3.38001 6.5479e-05
117.883 -22.4634 3.39097 0.00888665
