63.2122 -47.5406 3.87128 5.64613e-14 63.439 -47.806 3.8507
63.4864 -48.0771 3.88212 2.29827e-29 63.439 -47.806 3.8507
63.1673 -47.9504 3.85317 1.5114e-05 63.439 -47.806 3.8507
63.5727 -48.1438 3.84402 0.00471029 63.439 -47.806 3.8507
63.6174 -47.7008 3.85131 0.10363 63.439 -47.806 3.8507
63.3637 -48.1439 3.8412 0.00431328 63.439 -47.806 3.8507
63.7781 -47.8933 3.83879 1.47929e-05 63.439 -47.806 3.8507
63.1587 -47.6854 3.8648 4.30201e-10 63.439 -47.806 3.8507
63.4835 -48.2721 3.85638 2.62096e-07 63.439 -47.806 3.8507
63.6361 -48.1305 3.84825 0.00185947 63.439 -47.806 3.8507
63.4238 -48.2318 3.86067 2.03882e-08 63.439 -47.806 3.8507
63.7828 -48.2099 3.83958 8.81603e-06 63.439 -47.806 3.8507
63.6751 -47.6152 3.84835 0.0164354 63.439 -47.806 3.8507
63.2106 -47.906 3.84092 0.00231875 63.439 -47.806 3.8507
63.271 -47.1714 3.84922 9.26707e-10 63.439 -47.806 3.8507
63.4097 -48.0102 3.85148 0.00263082 63.439 -47.806 3.8507
63.739 -47.9536 3.85462 0.000343757 63.439 -47.806 3.8507
64.0259 -47.9427 3.8402 2.7307e-10 63.439 -47.806 3.8507
63.3993 -47.5063 3.86049 7.9738e-05 63.439 -47.806 3.8507
63.667 -47.3754 3.83762 1.41088e-09 63.439 -47.806 3.8507
63.1254 -48.0401 3.86248 1.02878e-12 63.439 -47.806 3.8507
63.5045 -47.8879 3.85978 0.000121803 63.439 -47.806 3.8507
63.012 -48.2683 3.85947 5.21429e-13 63.439 -47.806 3.8507
63.6053 -48.105 3.87016 2.03982e-11 63.439 -47.806 3.8507
63.769 -47.8386 3.84459 0.00137254 63.439 -47.806 3.8507
63.1613 -48.218 3.85203 6.92024e-07 63.439 -47.806 3.8507
63.7114 -47.7347 3.85441 0.0128623 63.439 -47.806 3.8507
63.5559 -47.4173 3.86491 1.17441e-06 63.439 -47.806 3.8507
63.4153 -48.0266 3.85059 0.00278118 63.439 -47.806 3.8507
63.4169 -47.4019 3.86467 2.24992e-07 63.439 -47.806 3.8507
63.6788 -46.99 3.85115 3.43811e-14 63.439 -47.806 3.8507
63.9438 -47.5978 3.85031 4.57793e-06 63.439 -47.806 3.8507
63.9899 -47.861 3.85888 6.75335e-08 63.439 -47.806 3.8507
63.82 -47.8 3.83656 2.39979e-07 63.439 -47.806 3.8507
63.0479 -47.0738 3.84394 1.04188e-16 63.439 -47.806 3.8507
64.1084 -48.1579 3.83678 7.46654e-12 63.439 -47.806 3.8507
63.698 -47.3093 3.86195 5.52498e-07 63.439 -47.806 3.8507
63.393 -47.8522 3.85928 0.000121663 63.439 -47.806 3.8507
63.2024 -47.8519 3.85592 3.01861e-05 63.439 -47.806 3.8507
63.4312 -47.922 3.83911 0.00941367 63.439 -47.806 3.8507
63.7225 -47.3049 3.86121 5.40967e-07 63.439 -47.806 3.8507
63.5003 -47.7579 3.86171 0.000123397 63.439 -47.806 3.8507
63.386 -47.8422 3.84253 0.0674577 63.439 -47.806 3.8507
63.634 -47.2626 3.84574 6.50418e-08 63.439 -47.806 3.8507
63.3057 -48.1782 3.84673 0.000626222 63.439 -47.806 3.8507
63.0152 -47.8154 3.8549 4.27795e-08 63.439 -47.806 3.8507
63.2445 -48.1007 3.85974 9.92014e-07 63.439 -47.806 3.8507
64.1582 -47.5151 3.8444 7.51672e-14 63.439 -47.806 3.8507
63.3382 -47.4924 3.84988 0.00265166 63.439 -47.806 3.8507
64.0755 -47.7385 3.85232 2.34638e-08 63.439 -47.806 3.8507
63.6508 -47.6768 3.84326 0.00650714 63.439 -47.806 3.8507
63.9369 -47.8358 3.87936 7.6866e-21 63.439 -47.806 3.8507
63.7981 -47.9434 3.85047 0.000407358 63.439 -47.806 3.8507
64.0439 -47.0952 3.86002 2.75526e-15 63.439 -47.806 3.8507
63.6931 -47.6925 3.86461 6.51638e-06 63.439 -47.806 3.8507
63.9338 -47.5778 3.85096 6.17268e-06 63.439 -47.806 3.8507
63.2661 -47.9525 3.84493 0.00759541 63.439 -47.806 3.8507
63.8331 -48.0685 3.84847 6.70895e-06 63.439 -47.806 3.8507
63.2771 -47.9075 3.84673 0.015427 63.439 -47.806 3.8507
63.4721 -48.0277 3.85224 0.0016 63.439 -47.806 3.8507
63.6507 -47.7702 3.85157 0.0655229 63.439 -47.806 3.8507
63.3552 -47.7492 3.84653 0.119254 63.439 -47.806 3.8507
63.7862 -47.3365 3.84472 2.50966e-08 63.439 -47.806 3.8507
64.1018 -47.8149 3.86765 1.81203e-13 63.439 -47.806 3.8507
63.6355 -47.585 3.84842 0.0198996 63.439 -47.806 3.8507
63.7287 -47.9822 3.85497 0.000163066 63.439 -47.806 3.8507
63.7537 -47.4242 3.84772 1.93789e-05 63.439 -47.806 3.8507
63.7527 -48.1982 3.85509 8.0981e-07 63.439 -47.806 3.8507
63.3395 -48.1599 3.84447 0.0024191 63.439 -47.806 3.8507
63.2284 -47.7271 3.85916 1.01328e-05 63.439 -47.806 3.8507
63.278 -48.0876 3.85908 8.76659e-09 63.439 -47.806 3.8507
63.0106 -47.652 3.85609 1.94842e-08 63.439 -47.806 3.8507
63.3813 -47.5964 3.84571 0.0251522 63.439 -47.806 3.8507
63.5992 -47.5963 3.85469 0.0263844 63.439 -47.806 3.8507
63.9916 -47.6369 3.85619 9.72465e-07 63.439 -47.806 3.8507
63.6674 -48.1714 3.84802 0.000355503 63.439 -47.806 3.8507
63.4738 -47.7772 3.84914 0.263989 63.439 -47.806 3.8507
63.4534 -48.3249 3.84064 2.38501e-05 63.439 -47.806 3.8507
63.1523 -47.6306 3.86042 1.63831e-07 63.439 -47.806 3.8507
63.6696 -47.5366 3.86363 2.14127e-05 63.439 -47.806 3.8507
64.2921 -47.5553 3.85609 6.67089e-15 63.439 -47.806 3.8507
63.8834 -48.2699 3.85956 1.53734e-11 63.439 -47.806 3.8507
63.2161 -48.0441 3.8349 2.1689e-05 63.439 -47.806 3.8507
63.8606 -48.2463 3.85807 4.33183e-10 63.439 -47.806 3.8507
63.2901 -47.626 3.85326 0.00490017 63.439 -47.806 3.8507
64.004 -48.2367 3.86102 1.44079e-13 63.439 -47.806 3.8507
63.5014 -47.7599 3.86327 1.76852e-05 63.439 -47.806 3.8507
63.6101 -47.7415 3.86027 0.00083748 63.439 -47.806 3.8507
63.9025 -48.0846 3.84887 5.03923e-06 63.439 -47.806 3.8507
63.7277 -47.8401 3.8345 7.2549e-07 63.439 -47.806 3.8507
63.5026 -47.2378 3.84622 8.82208e-08 63.439 -47.806 3.8507
63.4965 -47.8427 3.84886 0.19534 63.439 -47.806 3.8507
62.9437 -47.6571 3.84872 5.49219e-08 63.439 -47.806 3.8507
63.8689 -47.6192 3.86015 1.55526e-05 63.439 -47.806 3.8507
63.4167 -47.4364 3.85059 0.00146075 63.439 -47.806 3.8507
63.8666 -48.3327 3.85594 3.08955e-11 63.439 -47.806 3.8507
63.029 -48.0167 3.85989 1.46087e-12 63.439 -47.806 3.8507
64.2078 -47.8699 3.86237 4.41987e-14 63.439 -47.806 3.8507
63.7725 -47.2908 3.85369 5.46678e-07 63.439 -47.806 3.8507
63.6422 -47.6293 3.85706 0.00869626 63.439 -47.806 3.8507
