-15.1729 -4.07287 0.611305 6.67531e-14 -15.883 -4.1221 0.61388
-15.6933 -4.14748 0.60191 7.46396e-09 -15.883 -4.1221 0.61388
-16.4163 -4.27037 0.599294 1.72664e-19 -15.883 -4.1221 0.61388
-15.9746 -4.23877 0.620189 0.0751829 -15.883 -4.1221 0.61388
-15.9903 -3.28979 0.604705 2.98616e-11 -15.883 -4.1221 0.61388
-15.3349 -3.66975 0.609565 1.9353e-10 -15.883 -4.1221 0.61388
-15.7322 -4.25905 0.620803 0.0019727 -15.883 -4.1221 0.61388
-15.5078 -4.16709 0.62542 8.94914e-07 -15.883 -4.1221 0.61388
-15.7514 -5.03685 0.617498 2.10064e-23 -15.883 -4.1221 0.61388
-15.6069 -3.4265 0.621842 1.92846e-11 -15.883 -4.1221 0.61388
-15.2318 -4.02369 0.613625 6.39137e-12 -15.883 -4.1221 0.61388
-15.2854 -4.52 0.61649 3.57093e-16 -15.883 -4.1221 0.61388
-15.9893 -4.34374 0.603606 6.14163e-11 -15.883 -4.1221 0.61388
-15.455 -4.24443 0.603189 5.58466e-12 -15.883 -4.1221 0.61388
-15.9125 -4.1499 0.628764 0.11939 -15.883 -4.1221 0.61388
-15.5067 -4.54193 0.619447 4.07926e-11 -15.883 -4.1221 0.61388
-15.7311 -4.12015 0.635081 1.138e-05 -15.883 -4.1221 0.61388
-15.4633 -3.65079 0.620302 2.46812e-09 -15.883 -4.1221 0.61388
-15.8201 -4.48204 0.604599 5.91253e-13 -15.883 -4.1221 0.61388
-15.8767 -3.92875 0.61002 0.00525666 -15.883 -4.1221 0.61388
-15.9757 -4.00531 0.610841 0.00609141 -15.883 -4.1221 0.61388
-15.8979 -3.68862 0.619288 0.00331019 -15.883 -4.1221 0.61388
-15.2759 -4.51522 0.630627 2.56731e-17 -15.883 -4.1221 0.61388
-15.8652 -4.35705 0.610218 7.25899e-07 -15.883 -4.1221 0.61388
-15.6041 -4.03547 0.598511 3.24766e-10 -15.883 -4.1221 0.61388
-15.404 -4.24629 0.604457 3.16284e-12 -15.883 -4.1221 0.61388
-16.3905 -4.28498 0.602101 1.77428e-16 -15.883 -4.1221 0.61388
-15.8812 -3.99155 0.628771 0.0344842 -15.883 -4.1221 0.61388
-15.3745 -3.83258 0.600186 5.40098e-11 -15.883 -4.1221 0.61388
-15.8729 -4.15382 0.600203 8.66922e-10 -15.883 -4.1221 0.61388
-15.1379 -3.62904 0.611738 3.62184e-16 -15.883 -4.1221 0.61388
-16.1971 -4.37707 0.622492 0.00209244 -15.883 -4.1221 0.61388
-15.8118 -4.29158 0.603966 2.27894e-09 -15.883 -4.1221 0.61388
-15.5787 -3.9284 0.640451 2.02991e-13 -15.883 -4.1221 0.61388
-16.016 -4.32609 0.624073 0.044621 -15.883 -4.1221 0.61388
-16.1677 -4.3932 0.613476 7.27674e-07 -15.883 -4.1221 0.61388
-15.7506 -4.33621 0.599442 1.42177e-13 -15.883 -4.1221 0.61388
-15.8902 -3.95647 0.617546 0.206702 -15.883 -4.1221 0.61388
-15.8896 -4.59544 0.621937 4.43086e-07 -15.883 -4.1221 0.61388
-15.4413 -3.93235 0.612294 5.73169e-07 -15.883 -4.1221 0.61388
-15.3896 -4.12523 0.604924 1.09059e-10 -15.883 -4.1221 0.61388
-16.0579 -4.2565 0.616974 0.00729953 -15.883 -4.1221 0.61388
-15.3748 -4.12503 0.603628 1.79292e-11 -15.883 -4.1221 0.61388
-15.973 -3.31804 0.597925 5.01537e-13 -15.883 -4.1221 0.61388
-15.5164 -3.66495 0.612958 5.05083e-07 -15.883 -4.1221 0.61388
-15.7582 -3.81392 0.605193 5.09771e-05 -15.883 -4.1221 0.61388
-15.9169 -3.57208 0.5892 1.28452e-15 -15.883 -4.1221 0.61388
-15.4777 -4.25466 0.615891 1.14766e-07 -15.883 -4.1221 0.61388
-15.8878 -3.92336 0.612795 0.0316374 -15.883 -4.1221 0.61388
-15.5337 -4.00945 0.607677 1.53597e-06 -15.883 -4.1221 0.61388
-15.6419 -4.23609 0.624385 0.000174538 -15.883 -4.1221 0.61388
-15.2175 -4.42539 0.641798 5.5625e-24 -15.883 -4.1221 0.61388
-15.9414 -3.61008 0.617764 0.000461458 -15.883 -4.1221 0.61388
-15.8133 -3.9964 0.600683 1.04113e-07 -15.883 -4.1221 0.61388
-15.4692 -3.38727 0.615657 8.07116e-13 -15.883 -4.1221 0.61388
-15.467 -3.94452 0.595604 1.58406e-12 -15.883 -4.1221 0.61388
-15.9824 -3.94571 0.617561 0.293593 -15.883 -4.1221 0.61388
-15.4174 -3.74742 0.62459 1.56569e-10 -15.883 -4.1221 0.61388
-15.3497 -3.66893 0.62742 8.75124e-15 -15.883 -4.1221 0.61388
-15.6412 -4.14014 0.584915 1.99896e-23 -15.883 -4.1221 0.61388
-15.9438 -4.02433 0.608041 0.000430879 -15.883 -4.1221 0.61388
-16.2292 -3.90297 0.615088 0.00403244 -15.883 -4.1221 0.61388
-15.4892 -4.57504 0.613111 8.14759e-14 -15.883 -4.1221 0.61388
-15.4354 -3.98481 0.620231 2.74351e-07 -15.883 -4.1221 0.61388
-15.6497 -3.80629 0.614247 0.000529695 -15.883 -4.1221 0.61388
-15.2119 -3.67836 0.605146 1.49147e-13 -15.883 -4.1221 0.61388
-15.6963 -3.86973 0.627524 8.43191e-05 -15.883 -4.1221 0.61388
-15.5998 -4.07215 0.613336 0.000123159 -15.883 -4.1221 0.61388
-16.0419 -4.4745 0.643139 2.6207e-06 -15.883 -4.1221 0.61388
-16.4247 -4.22917 0.614345 1.42994e-07 -15.883 -4.1221 0.61388
-15.4975 -3.55796 0.599314 1.60901e-10 -15.883 -4.1221 0.61388
-15.7599 -4.05229 0.614136 0.0094647 -15.883 -4.1221 0.61388
-15.8812 -4.24983 0.631778 0.0100787 -15.883 -4.1221 0.61388
-15.5406 -4.15422 0.620462 1.71674e-05 -15.883 -4.1221 0.61388
-15.4715 -3.79983 0.616717 6.92292e-07 -15.883 -4.1221 0.61388
-15.2438 -3.25776 0.603558 6.74964e-19 -15.883 -4.1221 0.61388
-15.7278 -4.33002 0.619999 0.000266756 -15.883 -4.1221 0.61388
-15.6324 -4.12153 0.613589 0.00018161 -15.883 -4.1221 0.61388
-15.4373 -4.2014 0.617342 7.71997e-08 -15.883 -4.1221 0.61388
-15.9122 -3.83895 0.621712 0.0807059 -15.883 -4.1221 0.61388
-15.1895 -3.62219 0.607755 1.83528e-14 -15.883 -4.1221 0.61388
-15.4581 -3.55427 0.619887 7.06897e-11 -15.883 -4.1221 0.61388
-15.6942 -3.42464 0.609134 2.33419e-08 -15.883 -4.1221 0.61388
-15.9349 -4.09701 0.605668 8.55851e-06 -15.883 -4.1221 0.61388
-16.0755 -4.60946 0.61383 1.11023e-10 -15.883 -4.1221 0.61388
-15.4101 -3.94504 0.610878 1.00572e-07 -15.883 -4.1221 0.61388
-15.4274 -4.58868 0.617139 3.59554e-14 -15.883 -4.1221 0.61388
-15.5096 -3.6339 0.595398 1.37598e-11 -15.883 -4.1221 0.61388
-15.199 -4.18216 0.591892 1.53411e-22 -15.883 -4.1221 0.61388
-15.237 -4.27617 0.634366 5.20674e-18 -15.883 -4.1221 0.61388
-14.9059 -4.26287 0.614119 8.76046e-25 -15.883 -4.1221 0.61388
-15.5795 -4.62992 0.611378 1.41761e-14 -15.883 -4.1221 0.61388
-15.4233 -3.80879 0.584127 1.02392e-20 -15.883 -4.1221 0.61388
-15.7979 -4.13531 0.615246 0.0107054 -15.883 -4.1221 0.61388
-15.6691 -4.48985 0.648413 4.52677e-15 -15.883 -4.1221 0.61388
-15.8068 -3.91355 0.615965 0.0473815 -15.883 -4.1221 0.61388
-15.5943 -4.38272 0.627258 7.19522e-07 -15.883 -4.1221 0.61388
-16.0578 -4.44367 0.626758 0.0036177 -15.883 -4.1221 0.61388
-15.8694 -3.61603 0.624055 2.92819e-05 -15.883 -4.1221 0.61388
-15.5329 -3.6123 0.617931 5.61028e-08 -15.883 -4.1221 0.61388
