86.9205 -32.047 3.55119 0.0141331 86.661 -31.759 3.556
86.5354 -31.6079 3.56977 7.57715e-05 86.661 -31.759 3.556
86.2722 -31.9374 3.57124 2.41548e-10 86.661 -31.759 3.556
86.5873 -31.6476 3.55833 0.112634 86.661 -31.759 3.556
86.6832 -32.5286 3.5432 2.21849e-07 86.661 -31.759 3.556
86.5163 -31.7921 3.55801 0.24272 86.661 -31.759 3.556
87.2079 -31.0503 3.54872 1.04252e-20 86.661 -31.759 3.556
86.8846 -32.2297 3.55755 8.3457e-05 86.661 -31.759 3.556
86.8518 -31.6028 3.55445 0.00226337 86.661 -31.759 3.556
86.646 -31.5619 3.55992 0.0327556 86.661 -31.759 3.556
86.6754 -31.935 3.56401 0.00342192 86.661 -31.759 3.556
86.6928 -31.7564 3.54103 2.40293e-09 86.661 -31.759 3.556
86.0134 -31.9978 3.54585 1.21102e-12 86.661 -31.759 3.556
87.074 -31.9985 3.57538 7.14176e-19 86.661 -31.759 3.556
86.5125 -32.0951 3.55412 0.0436467 86.661 -31.759 3.556
86.4494 -32.331 3.54787 3.7702e-05 86.661 -31.759 3.556
87.2401 -31.5798 3.55272 6.62434e-09 86.661 -31.759 3.556
86.9305 -31.6839 3.56655 4.18807e-05 86.661 -31.759 3.556
86.6931 -31.9308 3.57082 4.0712e-08 86.661 -31.759 3.556
86.33 -31.8118 3.54638 5.32424e-07 86.661 -31.759 3.556
87.1566 -31.9783 3.5492 4.3811e-06 86.661 -31.759 3.556
87.1103 -32.1336 3.56039 7.92179e-08 86.661 -31.759 3.556
86.5225 -31.4415 3.55412 1.02466e-05 86.661 -31.759 3.556
87.2995 -31.8654 3.56351 2.5066e-10 86.661 -31.759 3.556
86.9765 -31.3281 3.57543 2.08453e-08 86.661 -31.759 3.556
86.9469 -32.2322 3.56323 7.95784e-09 86.661 -31.759 3.556
87.1018 -31.8012 3.55422 7.91139e-05 86.661 -31.759 3.556
87.2149 -32.1466 3.55483 1.04417e-07 86.661 -31.759 3.556
86.4528 -31.9702 3.56126 0.00705475 86.661 -31.759 3.556
86.6966 -31.6385 3.56395 0.0241762 86.661 -31.759 3.556
86.904 -32.0007 3.55507 0.0334901 86.661 -31.759 3.556
86.2827 -32.2769 3.56771 1.07381e-13 86.661 -31.759 3.556
86.735 -31.4333 3.55096 2.82544e-07 86.661 -31.759 3.556
87.2165 -32.1557 3.55938 4.37386e-09 86.661 -31.759 3.556
86.5266 -32.756 3.55862 3.70122e-18 86.661 -31.759 3.556
86.7686 -31.8637 3.56308 0.0133475 86.661 -31.759 3.556
86.4538 -31.8781 3.57206 1.08649e-08 86.661 -31.759 3.556
86.9503 -31.168 3.54027 8.50472e-21 86.661 -31.759 3.556
86.6883 -31.7817 3.57294 2.75192e-08 86.661 -31.759 3.556
86.8218 -31.6784 3.55609 0.0420596 86.661 -31.759 3.556
86.6322 -32.259 3.55017 0.00482952 86.661 -31.759 3.556
86.9042 -31.7282 3.54037 4.89001e-11 86.661 -31.759 3.556
86.477 -32.1412 3.54563 0.000241876 86.661 -31.759 3.556
86.2064 -32.2594 3.54535 8.35399e-09 86.661 -31.759 3.556
86.624 -32.2575 3.55137 0.00508823 86.661 -31.759 3.556
87.2069 -32.2318 3.57523 2.35634e-27 86.661 -31.759 3.556
86.8489 -32.7475 3.57776 4.53893e-46 86.661 -31.759 3.556
86.8993 -31.721 3.55551 0.0181286 86.661 -31.759 3.556
86.348 -32.3838 3.56288 1.58922e-11 86.661 -31.759 3.556
86.9405 -31.9105 3.56031 0.00303842 86.661 -31.759 3.556
86.2732 -31.8128 3.55252 0.000107315 86.661 -31.759 3.556
86.8275 -31.6634 3.57131 5.18575e-07 86.661 -31.759 3.556
86.6433 -32.1409 3.55874 0.00515917 86.661 -31.759 3.556
86.9117 -32.4426 3.55344 3.20007e-07 86.661 -31.759 3.556
87.2303 -31.7812 3.5491 3.52942e-08 86.661 -31.759 3.556
86.3689 -31.4734 3.56071 0.000160744 86.661 -31.759 3.556
86.7475 -32.193 3.57077 2.55459e-13 86.661 -31.759 3.556
86.244 -31.6049 3.54508 1.67021e-12 86.661 -31.759 3.556
86.4101 -32.2791 3.56145 1.34165e-07 86.661 -31.759 3.556
87.618 -32.2882 3.55556 4.79988e-20 86.661 -31.759 3.556
86.6703 -31.4168 3.55564 4.45617e-05 86.661 -31.759 3.556
86.6036 -31.9608 3.56052 0.064913 86.661 -31.759 3.556
86.8228 -31.7947 3.57534 7.93791e-12 86.661 -31.759 3.556
86.7651 -32.2955 3.57688 1.01955e-24 86.661 -31.759 3.556
86.7526 -31.2842 3.54748 5.06912e-13 86.661 -31.759 3.556
86.2941 -32.2519 3.5536 7.25523e-06 86.661 -31.759 3.556
87.2269 -31.9165 3.57531 1.15993e-17 86.661 -31.759 3.556
87.124 -31.7491 3.57432 4.46004e-13 86.661 -31.759 3.556
87.2288 -32.2497 3.55026 1.63084e-08 86.661 -31.759 3.556
86.9438 -31.5611 3.5492 4.03566e-07 86.661 -31.759 3.556
86.854 -32.4717 3.56247 6.02367e-13 86.661 -31.759 3.556
86.4644 -32.0538 3.55591 0.03047 86.661 -31.759 3.556
86.6879 -32.2741 3.56849 1.55893e-12 86.661 -31.759 3.556
86.5639 -31.826 3.55257 0.108183 86.661 -31.759 3.556
86.928 -31.511 3.57024 2.76805e-07 86.661 -31.759 3.556
86.6251 -32.5799 3.55289 4.5931e-09 86.661 -31.759 3.556
87.0996 -31.7094 3.56936 7.60572e-09 86.661 -31.759 3.556
86.2881 -32.5041 3.56416 1.14399e-16 86.661 -31.759 3.556
86.7246 -31.5812 3.55325 0.00172257 86.661 -31.759 3.556
86.6046 -31.4079 3.54393 2.92791e-14 86.661 -31.759 3.556
86.7929 -31.7614 3.55354 0.0799377 86.661 -31.759 3.556
86.3315 -32.1144 3.55461 0.00055067 86.661 -31.759 3.556
87.0447 -32.1204 3.57606 4.68461e-22 86.661 -31.759 3.556
86.8288 -32.5999 3.56818 2.78813e-23 86.661 -31.759 3.556
86.8441 -31.5512 3.56304 0.00227877 86.661 -31.759 3.556
86.451 -31.8785 3.55885 0.0737506 86.661 -31.759 3.556
86.5065 -32.1877 3.5579 0.000965412 86.661 -31.759 3.556
86.0042 -31.392 3.55926 0 86.661 -31.759 3.556
86.9182 -32.0013 3.54774 0.00241269 86.661 -31.759 3.556
87.2738 -31.9462 3.54275 1.03544e-10 86.661 -31.759 3.556
86.9719 -31.7219 3.56691 6.42437e-06 86.661 -31.759 3.556
86.9159 -31.6593 3.54841 8.91324e-06 86.661 -31.759 3.556
86.9551 -31.7114 3.56693 1.12772e-05 86.661 -31.759 3.556
86.6125 -32.0005 3.54819 0.0208838 86.661 -31.759 3.556
86.3549 -31.8867 3.55348 0.00487676 86.661 -31.759 3.556
86.8618 -31.6632 3.56686 0.000170855 86.661 -31.759 3.556
86.8585 -32.3261 3.56234 3.46872e-09 86.661 -31.759 3.556
86.9858 -32.1064 3.56112 6.68608e-06 86.661 -31.759 3.556
86.8515 -32.2074 3.56105 6.43055e-06 86.661 -31.759 3.556
87.1106 -31.9501 3.56266 4.63398e-07 86.661 -31.759 3.556
