2.71117 -95.356 3.26781 0.0212109
2.60654 -95.276 3.25174 8.826e-06
2.74378 -95.9568 3.27326 0.000545719
3.80849 -96.2811 3.25783 3.53835e-15
2.69658 -95.7509 3.27767 0.000662755
3.20667 -95.5117 3.27361 0.105419
3.14288 -95.6624 3.29862 4.19189e-09
3.17538 -95.2855 3.26379 0.0028707
2.31726 -95.7631 3.25739 4.84051e-05
2.84536 -95.1508 3.2711 0.00469055
3.55442 -96.0291 3.26389 3.00396e-07
3.05073 -95.3583 3.24889 5.71567e-07
3.31503 -95.5211 3.25598 2.16033e-05
3.54654 -94.8704 3.2502 1.40472e-17
2.85456 -95.3574 3.24266 5.66026e-09
2.93671 -96.2162 3.26733 2.79575e-05
2.65938 -95.627 3.23192 1.1892e-12
3.29136 -95.8732 3.25625 3.332e-05
3.31638 -95.6779 3.2592 0.000326515
3.36542 -96.0039 3.24742 8.55339e-10
2.99703 -95.4622 3.26301 0.0575686
3.20779 -95.6789 3.25258 2.42307e-05
3.1889 -95.6043 3.26342 0.0222052
2.6818 -95.5242 3.26215 0.0301011
2.99466 -95.6618 3.267 0.190705
2.81851 -95.7355 3.24587 1.16338e-05
3.24222 -95.9046 3.24601 1.30161e-08
3.60257 -96.1452 3.25474 3.11259e-11
2.56531 -95.9596 3.24185 2.94696e-07
3.24675 -96.1075 3.26626 6.69699e-05
3.64931 -95.3563 3.26576 6.90031e-07
3.28287 -95.732 3.28704 0.000128393
2.43615 -95.591 3.2622 0.00099754
2.55294 -95.2479 3.26302 0.000398445
3.03702 -95.2739 3.26276 0.00520074
3.31521 -95.0079 3.25281 5.28051e-11
2.61146 -95.9273 3.25693 0.00142364
3.02812 -95.7169 3.25933 0.0193608
3.52124 -95.2567 3.25578 2.18852e-09
3.13668 -95.469 3.26453 0.0385706
3.39246 -95.2633 3.26461 9.11972e-05
3.46692 -95.0236 3.25044 6.2084e-14
3.1131 -96.1957 3.26683 2.95807e-05
2.74673 -95.9791 3.25642 0.00153483
2.50225 -95.7107 3.26133 0.00293801
2.73748 -95.5461 3.2465 9.79634e-06
3.51594 -95.7389 3.25349 1.72513e-08
2.99395 -95.3632 3.25228 3.13307e-05
3.43429 -96.1919 3.25954 3.82282e-08
3.20539 -95.6941 3.25628 0.000412104
2.55436 -95.7723 3.24607 1.45594e-05
2.8989 -96.1991 3.2552 1.78193e-05
3.01042 -96.1601 3.24798 2.91697e-07
3.42378 -95.4097 3.24703 2.34275e-11
3.09604 -95.1388 3.26839 0.00288534
3.34012 -95.6813 3.24845 1.9652e-08
3.40609 -95.3796 3.25295 2.78688e-08
3.269 -95.4762 3.25337 4.27164e-06
3.1975 -95.323 3.27754 0.039758
3.01223 -95.8602 3.26162 0.0181542
3.12861 -95.3706 3.26224 0.00682807
3.32519 -96.0588 3.26223 2.27983e-05
3.63978 -95.5845 3.25448 4.58425e-10
3.26208 -95.2836 3.27967 0.0145485
3.03537 -95.3894 3.24536 2.50312e-08
2.68757 -95.4429 3.26635 0.0317627
3.64386 -96.0093 3.26884 1.50121e-07
2.87893 -95.7669 3.25927 0.0299778
3.35859 -95.3101 3.27567 0.00886343
3.40373 -95.406 3.25242 2.46481e-08
3.29809 -95.4284 3.26331 0.00190063
2.83591 -95.7901 3.26868 0.0557419
3.52517 -96.3056 3.25479 1.00467e-11
2.86777 -95.5365 3.25606 0.00660515
3.27834 -96.1461 3.27687 3.31397e-06
3.00068 -95.72 3.26216 0.0614204
3.33026 -95.716 3.26854 0.00878205
3.07819 -95.9881 3.25427 0.000108074
2.86062 -95.4748 3.2635 0.0842005
3.90037 -95.9591 3.25192 9.08482e-17
3.50463 -95.269 3.25614 6.68891e-09
3.37144 -95.4615 3.28523 0.00201859
3.57507 -95.0928 3.26671 1.63567e-07
3.09832 -95.5999 3.23521 1.255e-13
3.06344 -95.7993 3.27848 0.00713064
2.98065 -95.6975 3.26153 0.0608942
3.22983 -95.7014 3.24701 7.32282e-08
2.5969 -95.1083 3.25821 8.54849e-06
3.26094 -95.9889 3.26151 0.00019581
2.98498 -95.2969 3.23867 1.24526e-12
3.73896 -94.4783 3.2574 4.59598e-24
3.33057 -95.1791 3.26337 3.48311e-05
2.98646 -96.0889 3.24397 4.36779e-08
2.77039 -96.0157 3.25372 0.00038012
3.59749 -95.6213 3.27625 0.000179155
3.30602 -95.8118 3.24682 8.72857e-09
2.89205 -96.0417 3.26828 0.00157756
3.00502 -95.6935 3.26082 0.0429605
3.48763 -95.7683 3.25332 3.42496e-08
3.21284 -95.6842 3.26098 0.0053414
