190.572 -10.0095 3.14959 9.78036e-05 190.44 -10.375 3.1538
190.213 -10.6629 3.1545 3.9602e-05 190.44 -10.375 3.1538
190.269 -10.0868 3.15505 0.000927071 190.44 -10.375 3.1538
190.268 -10.533 3.15462 0.00199301 190.44 -10.375 3.1538
189.858 -10.0102 3.15457 4.89469e-11 190.44 -10.375 3.1538
190.672 -10.3546 3.16597 0.0208571 190.44 -10.375 3.1538
190.685 -10.6961 3.15486 0.000423746 190.44 -10.375 3.1538
190.318 -10.5149 3.17794 6.36008e-17 190.44 -10.375 3.1538
190.66 -10.3439 3.14893 0.0018748 190.44 -10.375 3.1538
190.196 -10.2186 3.14863 0.00127367 190.44 -10.375 3.1538
190.485 -10.5836 3.15257 0.0103833 190.44 -10.375 3.1538
190.819 -10.3737 3.16176 0.0728772 190.44 -10.375 3.1538
190.182 -9.95071 3.15469 4.39334e-06 190.44 -10.375 3.1538
191.182 -10.6379 3.16368 2.56529e-07 190.44 -10.375 3.1538
190.971 -10.5473 3.15813 0.000193566 190.44 -10.375 3.1538
190.444 -10.5177 3.16815 2.32126e-06 190.44 -10.375 3.1538
190.311 -10.3531 3.13772 5.61286e-07 190.44 -10.375 3.1538
190.401 -10.3736 3.14065 1.15427e-05 190.44 -10.375 3.1538
190.462 -9.70687 3.13574 7.03679e-19 190.44 -10.375 3.1538
191.081 -9.99528 3.16347 5.76983e-05 190.44 -10.375 3.1538
190.751 -10.7896 3.16904 4.02924e-08 190.44 -10.375 3.1538
190.245 -10.4101 3.14179 0.000114096 190.44 -10.375 3.1538
190.459 -10.3971 3.16948 4.93622e-06 190.44 -10.375 3.1538
191.252 -10.0261 3.16228 1.28118e-07 190.44 -10.375 3.1538
190.312 -10.383 3.14911 0.0144056 190.44 -10.375 3.1538
190.426 -10.351 3.14557 0.00178769 190.44 -10.375 3.1538
190.306 -10.45 3.14604 0.00280713 190.44 -10.375 3.1538
190.512 -10.1726 3.15047 0.00965732 190.44 -10.375 3.1538
190.241 -10.7541 3.15329 9.19509e-06 190.44 -10.375 3.1538
190.563 -10.2045 3.15997 0.123282 190.44 -10.375 3.1538
190.211 -9.98078 3.15315 2.57833e-05 190.44 -10.375 3.1538
190.508 -11.0346 3.16658 5.30085e-14 190.44 -10.375 3.1538
190.292 -10.2403 3.16205 0.000247149 190.44 -10.375 3.1538
190.721 -10.4357 3.14489 3.19464e-06 190.44 -10.375 3.1538
190.781 -10.3259 3.16858 0.00897088 190.44 -10.375 3.1538
190.822 -10.6611 3.16647 5.58903e-05 190.44 -10.375 3.1538
190.395 -10.4589 3.147 0.005146 190.44 -10.375 3.1538
190.679 -11.1306 3.14444 5.28624e-15 190.44 -10.375 3.1538
190.966 -10.3016 3.15175 5.78505e-06 190.44 -10.375 3.1538
190.544 -9.94793 3.14793 3.96445e-06 190.44 -10.375 3.1538
190.756 -10.9688 3.15638 4.67529e-09 190.44 -10.375 3.1538
190.526 -10.5634 3.14483 9.87138e-05 190.44 -10.375 3.1538
190.23 -10.0101 3.14418 1.94198e-06 190.44 -10.375 3.1538
190.206 -10.3423 3.14474 0.000731739 190.44 -10.375 3.1538
190.466 -10.4215 3.16028 0.026537 190.44 -10.375 3.1538
191.266 -10.5012 3.15668 8.52253e-10 190.44 -10.375 3.1538
190.104 -10.3851 3.15541 6.18889e-05 190.44 -10.375 3.1538
190.307 -10.4268 3.15281 0.0188763 190.44 -10.375 3.1538
190.692 -10.3934 3.15863 0.154559 190.44 -10.375 3.1538
190.528 -10.7796 3.16452 3.78479e-07 190.44 -10.375 3.1538
190.481 -9.99226 3.17426 4.99085e-09 190.44 -10.375 3.1538
191.131 -10.7716 3.15705 8.34929e-10 190.44 -10.375 3.1538
190.075 -10.8053 3.15328 1.69196e-08 190.44 -10.375 3.1538
190.298 -10.4198 3.15789 0.00351654 190.44 -10.375 3.1538
191.05 -10.3666 3.15918 0.000279572 190.44 -10.375 3.1538
190.526 -10.3337 3.15835 0.172914 190.44 -10.375 3.1538
190.02 -10.5706 3.16775 3.71592e-15 190.44 -10.375 3.1538
190.409 -11.02 3.15973 3.45479e-11 190.44 -10.375 3.1538
190.321 -10.2759 3.13022 2.12364e-13 190.44 -10.375 3.1538
190.68 -10.4548 3.13055 2.52479e-18 190.44 -10.375 3.1538
190.028 -10.7292 3.1592 9.34814e-11 190.44 -10.375 3.1538
190.582 -9.91651 3.15445 0.000182718 190.44 -10.375 3.1538
190.383 -10.147 3.15676 0.0156423 190.44 -10.375 3.1538
190.722 -10.6268 3.14069 7.17672e-10 190.44 -10.375 3.1538
190.505 -10.343 3.15334 0.121964 190.44 -10.375 3.1538
190.797 -10.6908 3.14712 1.58936e-07 190.44 -10.375 3.1538
190.125 -10.1661 3.15222 0.000152963 190.44 -10.375 3.1538
190.67 -10.2222 3.13918 2.86953e-10 190.44 -10.375 3.1538
190.647 -10.4675 3.13701 5.19484e-11 190.44 -10.375 3.1538
190.683 -10.5413 3.17312 5.23005e-07 190.44 -10.375 3.1538
190.372 -9.87637 3.15928 1.4397e-05 190.44 -10.375 3.1538
190.545 -10.2894 3.17062 3.498e-05 190.44 -10.375 3.1538
190.847 -10.1836 3.1411 4.53927e-12 190.44 -10.375 3.1538
190.231 -10.3472 3.14101 4.44007e-05 190.44 -10.375 3.1538
190.821 -10.6492 3.15161 1.89583e-05 190.44 -10.375 3.1538
190.459 -10.4648 3.15892 0.0274643 190.44 -10.375 3.1538
191.033 -9.86296 3.16196 2.62386e-06 190.44 -10.375 3.1538
190.768 -10.0767 3.17976 1.25228e-08 190.44 -10.375 3.1538
190.529 -10.8235 3.16479 4.60214e-08 190.44 -10.375 3.1538
190.007 -10.551 3.1586 7.88498e-09 190.44 -10.375 3.1538
190.924 -11.1801 3.15584 5.18069e-16 190.44 -10.375 3.1538
190.715 -9.83328 3.14905 1.03016e-08 190.44 -10.375 3.1538
190.473 -10.2332 3.14419 0.000107803 190.44 -10.375 3.1538
189.908 -10.1662 3.14418 2.08028e-07 190.44 -10.375 3.1538
190.797 -10.1608 3.15457 0.00387898 190.44 -10.375 3.1538
190.55 -10.5695 3.14934 0.00266467 190.44 -10.375 3.1538
190.678 -10.9336 3.15873 4.29803e-08 190.44 -10.375 3.1538
190.301 -10.4031 3.14611 0.00331067 190.44 -10.375 3.1538
190.389 -10.8891 3.17353 1.93558e-17 190.44 -10.375 3.1538
190.515 -10.5496 3.14823 0.00241985 190.44 -10.375 3.1538
190.223 -10.7375 3.14886 2.4735e-05 190.44 -10.375 3.1538
190.732 -10.4504 3.15447 0.0205434 190.44 -10.375 3.1538
191.044 -9.86799 3.14701 5.62532e-15 190.44 -10.375 3.1538
190.142 -10.1564 3.15451 0.000121159 190.44 -10.375 3.1538
190.463 -10.3308 3.15619 0.135741 190.44 -10.375 3.1538
191.086 -10.4165 3.14909 5.61674e-10 190.44 -10.375 3.1538
190.282 -10.1624 3.15078 0.00365561 190.44 -10.375 3.1538
190.448 -10.5907 3.15138 0.00678022 190.44 -10.375 3.1538
191.114 -10.9044 3.15408 7.09375e-13 190.44 -10.375 3.1538
190.757 -10.73 3.15805 0.000108333 190.44 -10.375 3.1538
