-27.919 -84.8497 2.48108 7.30026e-07 -28.182 -85.595 2.4791
-28.2207 -84.7057 2.48159 1.88488e-09 -28.182 -85.595 2.4791
-27.898 -85.9091 2.46963 1.02969e-06 -28.182 -85.595 2.4791
-28.0262 -85.4261 2.50809 3.14974e-14 -28.182 -85.595 2.4791
-27.8519 -85.0217 2.48569 3.91184e-06 -28.182 -85.595 2.4791
-27.7972 -85.6778 2.48301 0.00862514 -28.182 -85.595 2.4791
-28.0923 -84.669 2.47215 2.02407e-07 -28.182 -85.595 2.4791
-27.5475 -85.6066 2.49355 1.24505e-06 -28.182 -85.595 2.4791
-27.7273 -85.4508 2.49325 1.55808e-05 -28.182 -85.595 2.4791
-28.1288 -85.6005 2.48773 0.0164116 -28.182 -85.595 2.4791
-28.439 -85.2177 2.47802 0.00309082 -28.182 -85.595 2.4791
-28.1324 -85.7207 2.48774 0.0106991 -28.182 -85.595 2.4791
-28.1425 -85.4589 2.50008 1.81155e-08 -28.182 -85.595 2.4791
-28.4447 -85.6526 2.4958 1.64552e-07 -28.182 -85.595 2.4791
-28.5517 -84.6576 2.46437 1.15206e-08 -28.182 -85.595 2.4791
-27.7529 -85.2071 2.50383 6.64212e-14 -28.182 -85.595 2.4791
-28.4202 -85.4884 2.46455 0.00040428 -28.182 -85.595 2.4791
-28.2806 -85.6416 2.47674 0.0466984 -28.182 -85.595 2.4791
-28.1611 -85.4889 2.48936 0.00308453 -28.182 -85.595 2.4791
-28.0716 -85.68 2.47767 0.0689757 -28.182 -85.595 2.4791
-28.2562 -85.7134 2.47091 0.00242503 -28.182 -85.595 2.4791
-27.9973 -85.4643 2.48327 0.0928736 -28.182 -85.595 2.4791
-28.4035 -85.2183 2.49071 3.94171e-07 -28.182 -85.595 2.4791
-27.5489 -85.4837 2.48123 6.60165e-05 -28.182 -85.595 2.4791
-27.9178 -85.5629 2.48783 0.0120899 -28.182 -85.595 2.4791
-28.6858 -85.7458 2.48934 3.64231e-08 -28.182 -85.595 2.4791
-27.7728 -85.7097 2.49618 1.36848e-05 -28.182 -85.595 2.4791
-28.6862 -84.9478 2.48475 5.32889e-11 -28.182 -85.595 2.4791
-28.1928 -85.4753 2.49844 1.34098e-07 -28.182 -85.595 2.4791
-28.1201 -85.6089 2.47412 0.0731423 -28.182 -85.595 2.4791
-27.616 -85.7636 2.49669 7.29801e-07 -28.182 -85.595 2.4791
-28.3349 -85.5185 2.48086 0.0412072 -28.182 -85.595 2.4791
-27.7288 -85.6342 2.48313 0.00355113 -28.182 -85.595 2.4791
-28.0318 -85.5701 2.47811 0.182486 -28.182 -85.595 2.4791
-27.9884 -85.5177 2.48872 0.00859847 -28.182 -85.595 2.4791
-27.7841 -85.4716 2.46756 0.000201292 -28.182 -85.595 2.4791
-28.8625 -85.7458 2.47948 3.42664e-09 -28.182 -85.595 2.4791
-27.6377 -84.9445 2.48106 1.40189e-07 -28.182 -85.595 2.4791
-28.5614 -85.3687 2.48312 8.45962e-05 -28.182 -85.595 2.4791
-28.0555 -85.2611 2.49285 6.08257e-06 -28.182 -85.595 2.4791
-27.901 -86.0144 2.48713 0.000105283 -28.182 -85.595 2.4791
-27.5389 -85.6547 2.48464 2.86179e-05 -28.182 -85.595 2.4791
-28.2447 -85.3033 2.46837 0.0438774 -28.182 -85.595 2.4791
-27.9598 -85.637 2.489 0.00867701 -28.182 -85.595 2.4791
-28.3582 -85.6799 2.4741 0.00697935 -28.182 -85.595 2.4791
-28.433 -84.8119 2.47409 1.60282e-06 -28.182 -85.595 2.4791
-27.5521 -85.8896 2.4806 9.40352e-07 -28.182 -85.595 2.4791
-28.5003 -85.3675 2.49951 4.80792e-12 -28.182 -85.595 2.4791
-28.265 -85.2204 2.49345 1.76911e-07 -28.182 -85.595 2.4791
-28.7355 -85.2073 2.49689 1.19867e-15 -28.182 -85.595 2.4791
-28.581 -85.5157 2.49688 2.56057e-10 -28.182 -85.595 2.4791
-28.2901 -85.1649 2.48546 0.000145472 -28.182 -85.595 2.4791
-28.6684 -85.2497 2.46779 4.55772e-05 -28.182 -85.595 2.4791
-28.3646 -85.2452 2.45508 1.21149e-06 -28.182 -85.595 2.4791
-28.2471 -84.8335 2.48666 1.83491e-09 -28.182 -85.595 2.4791
-27.9825 -85.7109 2.4899 0.00472389 -28.182 -85.595 2.4791
-27.9295 -85.4211 2.48936 0.00197192 -28.182 -85.595 2.4791
-28.362 -85.8904 2.48613 0.000197431 -28.182 -85.595 2.4791
-28.104 -85.5775 2.48359 0.10495 -28.182 -85.595 2.4791
-27.9059 -85.5898 2.45123 1.91676e-13 -28.182 -85.595 2.4791
-27.8791 -85.7538 2.47607 0.00303781 -28.182 -85.595 2.4791
-27.9727 -85.2871 2.4925 1.62473e-05 -28.182 -85.595 2.4791
-28.0221 -85.2838 2.50168 6.02886e-11 -28.182 -85.595 2.4791
-28.8537 -85.65 2.47843 2.0401e-08 -28.182 -85.595 2.4791
-28.8921 -85.4352 2.47559 2.41502e-08 -28.182 -85.595 2.4791
-27.8144 -85.682 2.48551 0.00758703 -28.182 -85.595 2.4791
-28.2867 -85.154 2.48047 0.00346718 -28.182 -85.595 2.4791
-28.2657 -85.0536 2.4626 0.000816727 -28.182 -85.595 2.4791
-28.2185 -84.6707 2.47964 2.26559e-09 -28.182 -85.595 2.4791
-28.2963 -85.3555 2.49661 3.8069e-08 -28.182 -85.595 2.4791
-28.4685 -85.3723 2.47208 0.0101599 -28.182 -85.595 2.4791
-28.5639 -85.3703 2.48648 7.13555e-06 -28.182 -85.595 2.4791
-28.3672 -85.2239 2.47333 0.0260601 -28.182 -85.595 2.4791
-28.1363 -85.4318 2.5053 2.2606e-12 -28.182 -85.595 2.4791
-27.7706 -85.1501 2.47676 0.00112325 -28.182 -85.595 2.4791
-27.9402 -85.9162 2.47769 0.00033693 -28.182 -85.595 2.4791
-28.0132 -84.6976 2.49714 1.4862e-18 -28.182 -85.595 2.4791
-28.6584 -85.2329 2.49658 8.97387e-14 -28.182 -85.595 2.4791
-28.5965 -84.9818 2.5048 6.10895e-24 -28.182 -85.595 2.4791
-28.4945 -86.0613 2.4729 1.66636e-08 -28.182 -85.595 2.4791
-28.3153 -84.8573 2.49472 2.17258e-14 -28.182 -85.595 2.4791
-27.8086 -85.2722 2.49647 4.74838e-08 -28.182 -85.595 2.4791
-27.5661 -85.6876 2.49738 1.36301e-07 -28.182 -85.595 2.4791
-28.2777 -85.6829 2.46436 3.08296e-05 -28.182 -85.595 2.4791
-28.5812 -85.772 2.49291 5.76149e-08 -28.182 -85.595 2.4791
-28.0227 -84.6721 2.47536 4.55542e-08 -28.182 -85.595 2.4791
-27.8362 -85.9532 2.47546 9.81771e-06 -28.182 -85.595 2.4791
-28.4967 -85.4739 2.49078 2.73689e-06 -28.182 -85.595 2.4791
-27.5234 -86.1915 2.46463 6.26547e-19 -28.182 -85.595 2.4791
-27.2672 -85.1944 2.47205 3.048e-11 -28.182 -85.595 2.4791
-28.3582 -85.478 2.48025 0.0352037 -28.182 -85.595 2.4791
-28.2011 -85.2936 2.46885 0.0587355 -28.182 -85.595 2.4791
-28.7167 -85.7502 2.4979 1.66884e-12 -28.182 -85.595 2.4791
-28.4771 -85.3093 2.47252 0.00812084 -28.182 -85.595 2.4791
-27.9131 -85.4906 2.49029 0.00180088 -28.182 -85.595 2.4791
-28.2236 -85.6618 2.479 0.0688861 -28.182 -85.595 2.4791
-27.8514 -85.1818 2.47865 0.00536354 -28.182 -85.595 2.4791
-28.2869 -85.3257 2.48291 0.0127388 -28.182 -85.595 2.4791
-28.0787 -85.6916 2.47126 0.00505799 -28.182 -85.595 2.4791
-28.3227 -85.0623 2.46852 0.00497155 -28.182 -85.595 2.4791
