276.921 -5.99092 4.25567 5.86429e-05 276.82 -6.2529 4.2443
276.916 -5.79246 4.23135 8.33879e-10 276.82 -6.2529 4.2443
276.791 -6.45593 4.21856 1.66841e-07 276.82 -6.2529 4.2443
276.346 -6.29332 4.2353 1.88884e-06 276.82 -6.2529 4.2443
276.374 -5.9359 4.24557 5.52409e-12 276.82 -6.2529 4.2443
276.65 -6.23128 4.23955 0.00238197 276.82 -6.2529 4.2443
276.892 -6.17441 4.2362 0.0067455 276.82 -6.2529 4.2443
276.799 -5.64954 4.24632 1.20409e-10 276.82 -6.2529 4.2443
276.606 -6.88447 4.21442 1.28817e-10 276.82 -6.2529 4.2443
276.538 -6.76348 4.24026 5.94148e-07 276.82 -6.2529 4.2443
276.831 -6.27266 4.24688 0.0229053 276.82 -6.2529 4.2443
276.579 -6.26892 4.23521 0.0013534 276.82 -6.2529 4.2443
276.71 -6.51122 4.24977 6.37666e-05 276.82 -6.2529 4.2443
276.313 -6.67371 4.24368 2.23258e-11 276.82 -6.2529 4.2443
276.535 -6.41568 4.23146 0.00127843 276.82 -6.2529 4.2443
276.755 -6.24016 4.23885 0.0165658 276.82 -6.2529 4.2443
276.411 -6.20618 4.2489 4.45281e-10 276.82 -6.2529 4.2443
276.586 -5.66683 4.24417 1.36964e-12 276.82 -6.2529 4.2443
276.448 -5.83195 4.2395 1.40231e-10 276.82 -6.2529 4.2443
276.46 -6.14262 4.23056 1.56086e-05 276.82 -6.2529 4.2443
276.34 -5.39082 4.24111 3.09396e-24 276.82 -6.2529 4.2443
276.887 -5.55116 4.23489 1.95142e-14 276.82 -6.2529 4.2443
277.176 -6.47814 4.23208 1.40527e-05 276.82 -6.2529 4.2443
276.892 -5.72279 4.23503 5.44031e-10 276.82 -6.2529 4.2443
276.895 -6.12115 4.2121 1.54941e-15 276.82 -6.2529 4.2443
276.544 -6.38144 4.24008 0.000286688 276.82 -6.2529 4.2443
276.526 -6.06498 4.22454 8.52364e-07 276.82 -6.2529 4.2443
276.104 -6.19663 4.24765 2.74345e-18 276.82 -6.2529 4.2443
276.49 -6.65914 4.23519 2.24115e-05 276.82 -6.2529 4.2443
276.896 -6.28631 4.23764 0.0461895 276.82 -6.2529 4.2443
276.856 -5.92345 4.24727 4.53538e-05 276.82 -6.2529 4.2443
276.67 -5.65873 4.21667 1.1129e-18 276.82 -6.2529 4.2443
277.244 -6.46592 4.23773 0.000407804 276.82 -6.2529 4.2443
277.013 -5.9465 4.2395 6.04006e-05 276.82 -6.2529 4.2443
276.642 -6.35815 4.23975 0.0042611 276.82 -6.2529 4.2443
276.213 -6.41001 4.24666 6.03339e-14 276.82 -6.2529 4.2443
277.404 -6.363 4.23563 1.84665e-07 276.82 -6.2529 4.2443
276.3 -6.24618 4.22478 1.68257e-06 276.82 -6.2529 4.2443
276.947 -5.81313 4.24364 1.95374e-06 276.82 -6.2529 4.2443
277.144 -5.63678 4.26276 8.32433e-10 276.82 -6.2529 4.2443
276.518 -6.31937 4.22845 0.000442908 276.82 -6.2529 4.2443
276.59 -7.03581 4.25478 9.99527e-18 276.82 -6.2529 4.2443
276.833 -6.21697 4.24549 0.0224669 276.82 -6.2529 4.2443
276.744 -6.5795 4.22009 1.50069e-06 276.82 -6.2529 4.2443
277.186 -6.53376 4.27215 2.38082e-08 276.82 -6.2529 4.2443
276.65 -6.59998 4.25031 8.88289e-07 276.82 -6.2529 4.2443
276.619 -5.71707 4.24208 9.05339e-11 276.82 -6.2529 4.2443
276.526 -5.9515 4.25126 1.26782e-10 276.82 -6.2529 4.2443
276.216 -6.73201 4.23803 1.07957e-11 276.82 -6.2529 4.2443
276.939 -6.29467 4.24144 0.12827 276.82 -6.2529 4.2443
276.933 -6.28566 4.24439 0.148953 276.82 -6.2529 4.2443
276.83 -5.70953 4.25194 1.29764e-09 276.82 -6.2529 4.2443
277.535 -6.59607 4.24932 4.78888e-05 276.82 -6.2529 4.2443
277.046 -5.93772 4.23335 3.05016e-07 276.82 -6.2529 4.2443
276.896 -5.87059 4.24182 9.72228e-06 276.82 -6.2529 4.2443
276.79 -6.40159 4.21935 3.77317e-07 276.82 -6.2529 4.2443
276.302 -6.12915 4.22741 2.05345e-07 276.82 -6.2529 4.2443
276.203 -5.92716 4.23433 1.75232e-12 276.82 -6.2529 4.2443
276.883 -6.58638 4.25397 0.0001256 276.82 -6.2529 4.2443
276.68 -6.17762 4.23274 0.00115846 276.82 -6.2529 4.2443
277.028 -5.93015 4.24646 0.000378885 276.82 -6.2529 4.2443
276.103 -5.45949 4.23814 6.47152e-27 276.82 -6.2529 4.2443
276.71 -6.31792 4.25248 2.74569e-05 276.82 -6.2529 4.2443
276.499 -6.94931 4.22698 1.30669e-08 276.82 -6.2529 4.2443
276.603 -6.44489 4.23337 0.00386217 276.82 -6.2529 4.2443
276.936 -6.61663 4.24968 0.00276345 276.82 -6.2529 4.2443
276.677 -6.02113 4.23358 3.45314e-05 276.82 -6.2529 4.2443
276.631 -6.29447 4.22748 0.000636028 276.82 -6.2529 4.2443
276.305 -6.35199 4.22698 6.29211e-06 276.82 -6.2529 4.2443
276.514 -5.70715 4.23432 5.12825e-12 276.82 -6.2529 4.2443
277.131 -5.64464 4.23901 1.24631e-11 276.82 -6.2529 4.2443
276.883 -6.09667 4.24399 0.00850864 276.82 -6.2529 4.2443
277.047 -6.25918 4.23875 0.0248171 276.82 -6.2529 4.2443
276.373 -6.19808 4.23642 1.05407e-06 276.82 -6.2529 4.2443
277.082 -5.64038 4.24239 2.04339e-10 276.82 -6.2529 4.2443
276.615 -6.0721 4.25516 3.48088e-09 276.82 -6.2529 4.2443
276.977 -6.33714 4.24581 0.228884 276.82 -6.2529 4.2443
276.337 -6.37933 4.2598 2.19119e-19 276.82 -6.2529 4.2443
276.872 -5.85201 4.24567 5.52854e-06 276.82 -6.2529 4.2443
276.686 -6.4297 4.24472 0.00172438 276.82 -6.2529 4.2443
276.642 -6.37975 4.25273 1.10532e-06 276.82 -6.2529 4.2443
277.099 -6.15722 4.24321 0.0321383 276.82 -6.2529 4.2443
276.786 -6.16312 4.23419 0.00249331 276.82 -6.2529 4.2443
277.064 -6.29739 4.24966 0.281212 276.82 -6.2529 4.2443
276.917 -6.09702 4.23831 0.00338309 276.82 -6.2529 4.2443
276.213 -6.49888 4.22677 4.18344e-07 276.82 -6.2529 4.2443
276.632 -6.46249 4.23778 0.00419755 276.82 -6.2529 4.2443
276.54 -6.42767 4.22538 0.000355864 276.82 -6.2529 4.2443
276.224 -6.04476 4.2308 8.86329e-10 276.82 -6.2529 4.2443
276.893 -6.93496 4.2308 7.68139e-08 276.82 -6.2529 4.2443
276.342 -6.0888 4.24062 3.41072e-09 276.82 -6.2529 4.2443
277.129 -6.75032 4.23143 4.38316e-07 276.82 -6.2529 4.2443
276.559 -5.99916 4.21797 5.70993e-10 276.82 -6.2529 4.2443
276.6 -5.98287 4.23404 4.25906e-06 276.82 -6.2529 4.2443
276.889 -5.65689 4.23377 5.86874e-12 276.82 -6.2529 4.2443
276.242 -6.30996 4.23492 3.31913e-08 276.82 -6.2529 4.2443
277.04 -6.03461 4.23328 7.67463e-06 276.82 -6.2529 4.2443
276.88 -6.04595 4.2362 0.000414201 276.82 -6.2529 4.2443
276.488 -6.3143 4.24666 3.95531e-07 276.82 -6.2529 4.2443
276.986 -5.74571 4.24213 6.28301e-08 276.82 -6.2529 4.2443
