47.1713 12.2471 0.137683 8.23848e-05
47.0716 12.9671 0.15459 0.000676257
46.8495 12.7576 0.147305 0.00101109
46.7389 13.0956 0.144526 1.49798e-11
47.1966 12.5954 0.145017 0.312124
46.9924 12.6166 0.130962 2.08615e-11
47.1478 12.9003 0.141437 6.85019e-05
47.4252 12.8971 0.137606 2.84445e-06
47.2686 13.1124 0.137159 7.82952e-11
46.7886 13.1542 0.153846 2.5795e-08
46.6712 13.2081 0.146848 1.45941e-12
46.9894 13.1495 0.145872 1.24406e-08
46.9249 13.1704 0.141353 2.23647e-12
47.2589 12.774 0.137569 9.87855e-05
46.8379 12.6903 0.144541 0.000158105
47.5171 13.2106 0.155958 4.3008e-13
46.9845 12.6936 0.143511 0.00376911
46.8486 13.0809 0.145694 8.59551e-09
47.6582 12.823 0.176774 9.47087e-36
46.7898 12.7665 0.145776 3.17672e-05
47.2665 12.7201 0.141618 0.0162955
46.9272 13.0614 0.150415 6.40972e-06
46.6601 12.7174 0.155274 0.000121257
46.6195 12.9722 0.15284 8.71404e-08
47.5783 12.6742 0.142412 0.000672438
47.3462 13.2138 0.160182 2.72124e-12
46.9085 12.7899 0.158383 0.00316155
47.3235 12.9489 0.127264 1.93236e-15
47.1155 12.3235 0.13911 0.000541454
47.1285 12.506 0.147566 0.384339
47.3295 13.3645 0.143019 1.28444e-13
46.9103 12.9606 0.147195 2.66259e-05
46.9012 13.0614 0.153053 1.00672e-05
46.6125 12.9077 0.129626 9.74573e-27
46.6622 12.6639 0.120638 1.08269e-35
46.8891 12.493 0.12617 1.48317e-18
46.7317 13.2112 0.133249 2.053e-21
46.923 13.362 0.171881 2.51653e-15
46.4995 12.8247 0.14126 1.537e-15
46.6658 13.0309 0.157016 2.82437e-07
46.6488 13.1709 0.162822 2.96852e-10
47.3657 12.1058 0.127085 2.29695e-11
46.5405 12.8294 0.156758 4.86877e-07
47.3319 12.8677 0.155075 0.000138737
46.7343 13.2981 0.168381 1.33832e-12
47.2081 12.7262 0.136613 4.7611e-05
46.8846 12.8781 0.148036 0.00033002
47.2134 12.9118 0.138397 2.65982e-06
47.1081 12.2135 0.149423 0.00085361
46.9215 12.7266 0.137674 1.34598e-07
47.0304 12.7003 0.152505 0.164034
46.9373 13.1118 0.150018 6.97142e-07
47.1918 12.8489 0.134653 5.68148e-08
47.2053 13.0811 0.151113 1.01073e-05
47.2897 13.1974 0.156527 1.35345e-09
47.1185 12.746 0.138422 8.16236e-05
47.0073 13.1372 0.142282 5.40573e-10
46.5428 12.912 0.129951 8.28526e-29
46.806 12.6432 0.145233 0.000164403
47.1612 12.5257 0.135241 3.86841e-05
47.2238 12.255 0.141694 0.00285321
46.5777 12.6087 0.138517 5.37671e-14
46.9011 12.7092 0.158063 0.0069755
47.1445 13.3834 0.141371 6.43734e-15
46.2613 12.7342 0.147509 1.70406e-17
46.9436 12.6669 0.137084 3.30154e-07
47.2219 13.1216 0.141855 1.45547e-08
47.1041 13.1939 0.145953 5.79604e-09
47.0581 13.0663 0.137536 4.5407e-11
47.2452 12.822 0.147605 0.0275353
46.8151 12.6539 0.155752 0.00791469
47.2981 13.0337 0.157763 3.03236e-07
46.8569 12.6524 0.140004 1.59763e-06
46.8047 13.6842 0.142502 1.34631e-27
46.5888 13.1706 0.152172 4.68006e-12
46.3516 12.7106 0.131308 1.69136e-31
46.9204 12.4111 0.138289 2.53625e-06
46.8811 12.4859 0.122625 1.22842e-23
46.9174 13.0868 0.153673 4.99912e-06
46.8742 12.9799 0.141744 7.99837e-09
47.1009 13.2635 0.168742 1.05217e-12
47.407 12.9757 0.128629 4.23704e-14
47.2085 13.248 0.14461 8.08404e-10
46.968 12.7494 0.142387 0.000320566
47.288 12.9153 0.161382 9.83419e-08
47.4903 12.6089 0.143237 0.0114891
46.4948 12.4027 0.15538 1.79982e-08
46.8477 12.7143 0.143425 4.68818e-05
46.2409 12.5761 0.136553 2.96975e-28
47.1543 12.5463 0.158968 0.000478461
46.9061 12.1393 0.150241 5.00359e-06
47.0722 12.7615 0.154296 0.0534283
46.807 13.0015 0.143434 3.30934e-09
47.149 13.4232 0.150362 7.3288e-13
47.2558 12.9744 0.139201 9.10013e-07
46.7312 12.5448 0.146565 4.16045e-05
47.1689 13.2561 0.161208 1.00894e-09
46.6608 12.8816 0.135603 3.16199e-17
46.6516 13.2637 0.139456 5.90826e-19
47.3799 13.0599 0.161291 7.87895e-11
