232.349 -14.6521 2.89508 7.52045e-05 231.92 -14.491 2.9019
231.774 -15.0233 2.90065 0.000833093 231.92 -14.491 2.9019
231.632 -14.9723 2.912 1.06224e-07 231.92 -14.491 2.9019
232.48 -15.4699 2.89888 5.03984e-13 231.92 -14.491 2.9019
232.587 -14.7836 2.89718 2.31378e-07 231.92 -14.491 2.9019
231.833 -14.5772 2.89012 0.00140284 231.92 -14.491 2.9019
232.005 -14.3811 2.90304 0.0235269 231.92 -14.491 2.9019
231.425 -14.6055 2.89457 7.92524e-05 231.92 -14.491 2.9019
231.806 -14.2718 2.89487 0.000474991 231.92 -14.491 2.9019
232.221 -14.183 2.9042 0.000212498 231.92 -14.491 2.9019
232.095 -14.659 2.89119 0.000337827 231.92 -14.491 2.9019
231.842 -14.0611 2.90022 5.0092e-06 231.92 -14.491 2.9019
232.124 -14.5937 2.90232 0.136304 231.92 -14.491 2.9019
232.077 -14.5837 2.90558 0.15221 231.92 -14.491 2.9019
232.334 -15.2088 2.91358 3.34932e-06 231.92 -14.491 2.9019
232.001 -13.9503 2.90144 1.95725e-07 231.92 -14.491 2.9019
232.553 -14.6567 2.89975 1.45943e-05 231.92 -14.491 2.9019
232.506 -14.5772 2.88037 8.44755e-18 231.92 -14.491 2.9019
231.845 -15.2287 2.89051 1.30972e-07 231.92 -14.491 2.9019
231.898 -14.7758 2.89582 0.0251087 231.92 -14.491 2.9019
231.659 -14.9251 2.90059 0.000798344 231.92 -14.491 2.9019
231.794 -14.4041 2.91217 2.1245e-05 231.92 -14.491 2.9019
231.688 -14.3736 2.89028 0.000198886 231.92 -14.491 2.9019
232.121 -14.1964 2.8999 0.000262494 231.92 -14.491 2.9019
231.608 -14.4949 2.9137 4.00727e-08 231.92 -14.491 2.9019
231.639 -14.3917 2.8684 3.65934e-17 231.92 -14.491 2.9019
232.341 -14.6921 2.86864 2.45363e-27 231.92 -14.491 2.9019
232.133 -14.3956 2.90282 0.0243691 231.92 -14.491 2.9019
232.112 -15.2091 2.89502 9.83831e-07 231.92 -14.491 2.9019
232.188 -14.0192 2.91379 1.05006e-07 231.92 -14.491 2.9019
232.093 -14.7233 2.88821 1.10469e-05 231.92 -14.491 2.9019
231.578 -14.9164 2.89617 0.000300266 231.92 -14.491 2.9019
232.06 -14.4242 2.90248 0.0436386 231.92 -14.491 2.9019
232.058 -15.2013 2.91304 2.23757e-06 231.92 -14.491 2.9019
232.019 -14.4556 2.91422 0.000498612 231.92 -14.491 2.9019
231.921 -14.644 2.87846 2.50561e-10 231.92 -14.491 2.9019
232.064 -14.4416 2.89194 0.000354992 231.92 -14.491 2.9019
232.298 -15.1102 2.91275 7.99406e-05 231.92 -14.491 2.9019
232.024 -14.2688 2.8958 0.000499532 231.92 -14.491 2.9019
231.877 -15.0377 2.90357 0.00135086 231.92 -14.491 2.9019
231.82 -14.8475 2.87712 3.94204e-11 231.92 -14.491 2.9019
232.145 -14.7877 2.88885 5.51022e-06 231.92 -14.491 2.9019
231.739 -14.1036 2.92114 2.53079e-14 231.92 -14.491 2.9019
232.084 -14.4726 2.88999 5.5526e-05 231.92 -14.491 2.9019
232.179 -14.5086 2.9112 0.0220151 231.92 -14.491 2.9019
231.504 -14.5432 2.90639 3.41168e-06 231.92 -14.491 2.9019
231.842 -14.7138 2.90318 0.0532328 231.92 -14.491 2.9019
232.107 -14.4375 2.91015 0.0131675 231.92 -14.491 2.9019
231.432 -14.2375 2.89624 8.22301e-07 231.92 -14.491 2.9019
231.915 -14.4654 2.90881 0.00602269 231.92 -14.491 2.9019
231.637 -14.4243 2.91057 1.75318e-06 231.92 -14.491 2.9019
231.882 -14.3439 2.90173 0.00744219 231.92 -14.491 2.9019
232.149 -14.6397 2.88088 5.40343e-11 231.92 -14.491 2.9019
231.714 -14.846 2.90789 0.000262209 231.92 -14.491 2.9019
232.425 -14.9289 2.8974 9.46263e-06 231.92 -14.491 2.9019
231.632 -13.7317 2.89583 4.42375e-13 231.92 -14.491 2.9019
231.969 -15.3583 2.921 5.82959e-13 231.92 -14.491 2.9019
231.6 -14.8878 2.89893 0.000576958 231.92 -14.491 2.9019
231.789 -14.4188 2.87013 1.1576e-16 231.92 -14.491 2.9019
231.558 -14.2525 2.90792 8.18234e-08 231.92 -14.491 2.9019
231.289 -14.598 2.87314 2.71796e-12 231.92 -14.491 2.9019
232.117 -14.6019 2.89459 0.0043552 231.92 -14.491 2.9019
231.185 -14.8031 2.88701 2.19629e-08 231.92 -14.491 2.9019
232.032 -14.8339 2.90344 0.0798085 231.92 -14.491 2.9019
232.239 -14.8469 2.91237 0.0103826 231.92 -14.491 2.9019
232.617 -14.2913 2.9069 4.36204e-06 231.92 -14.491 2.9019
231.117 -14.3253 2.91449 1.70706e-20 231.92 -14.491 2.9019
232.231 -14.2734 2.91376 0.000184262 231.92 -14.491 2.9019
232.091 -14.2471 2.9028 0.00183594 231.92 -14.491 2.9019
231.54 -14.1493 2.89294 9.08948e-07 231.92 -14.491 2.9019
231.56 -14.3179 2.91901 1.45924e-13 231.92 -14.491 2.9019
232.055 -14.1906 2.90323 0.000499957 231.92 -14.491 2.9019
231.793 -14.1792 2.89486 5.15392e-05 231.92 -14.491 2.9019
231.47 -14.111 2.89162 6.82443e-08 231.92 -14.491 2.9019
232.297 -14.6953 2.89957 0.00710435 231.92 -14.491 2.9019
232.001 -14.722 2.89582 0.0258885 231.92 -14.491 2.9019
232.27 -14.6115 2.90078 0.0205344 231.92 -14.491 2.9019
232.143 -14.5413 2.90258 0.0996443 231.92 -14.491 2.9019
231.582 -15.1279 2.90612 1.55191e-07 231.92 -14.491 2.9019
231.956 -15.2507 2.91789 1.01337e-09 231.92 -14.491 2.9019
231.78 -14.646 2.89081 0.0026535 231.92 -14.491 2.9019
232.135 -15.0139 2.91055 0.00158594 231.92 -14.491 2.9019
232.108 -14.2217 2.89179 3.73137e-06 231.92 -14.491 2.9019
231.94 -14.7818 2.88287 1.01809e-07 231.92 -14.491 2.9019
232.096 -15.0409 2.90643 0.00268648 231.92 -14.491 2.9019
232.033 -14.7361 2.90106 0.134545 231.92 -14.491 2.9019
231.953 -14.9516 2.89993 0.0109425 231.92 -14.491 2.9019
232.77 -14.3671 2.89116 2.63663e-15 231.92 -14.491 2.9019
231.8 -14.723 2.90277 0.0333182 231.92 -14.491 2.9019
231.506 -14.7392 2.90493 1.35821e-05 231.92 -14.491 2.9019
231.751 -14.3181 2.90378 0.000574023 231.92 -14.491 2.9019
232.167 -14.4978 2.88826 1.79597e-06 231.92 -14.491 2.9019
231.999 -14.3034 2.87748 4.18551e-13 231.92 -14.491 2.9019
232.109 -14.4569 2.90904 0.0263165 231.92 -14.491 2.9019
231.781 -14.7975 2.89732 0.0200146 231.92 -14.491 2.9019
232.495 -14.7717 2.89882 2.6206e-05 231.92 -14.491 2.9019
232.308 -14.9038 2.88231 3.97699e-13 231.92 -14.491 2.9019
232.14 -15.1763 2.90818 6.8137e-05 231.92 -14.491 2.9019
231.88 -15.0471 2.90407 0.00103316 231.92 -14.491 2.9019
232.024 -14.7258 2.88951 0.000149419 231.92 -14.491 2.9019
