239.474 -16.0408 2.91604 1.88864e-15
239.053 -16.3303 2.90343 3.96916e-08
239.364 -15.9101 2.88912 0.0103072
238.981 -16.5183 2.89189 0.000292512
239.787 -16.4516 2.89043 3.60012e-05
239.026 -16.732 2.89555 9.68145e-07
239.098 -15.6211 2.89297 2.10237e-08
239.231 -16.4921 2.89763 0.00369512
239.496 -16.2898 2.88898 0.0474719
239.455 -16.211 2.90765 2.18647e-06
239.383 -15.9078 2.88918 0.00875767
239.813 -16.0827 2.88814 4.9135e-06
239.233 -16.2299 2.88157 0.0109935
238.921 -16.5399 2.89114 5.78994e-05
239.164 -17.0767 2.90978 1.94922e-16
239.937 -16.225 2.88823 5.43841e-08
239.283 -16.4272 2.88119 0.000254478
238.824 -16.2197 2.89203 2.44862e-05
239.319 -15.9737 2.88639 0.0301526
239.19 -15.8474 2.88571 0.00473812
239.302 -15.9669 2.87006 9.4668e-10
239.364 -16.6601 2.89544 0.00187526
239.515 -16.7162 2.90017 0.0004604
239.267 -16.3311 2.89294 0.163007
239.296 -16.2569 2.89815 0.0154612
239.634 -16.1259 2.88872 0.00266135
239.21 -15.7266 2.87891 3.45512e-05
238.987 -16.5336 2.90012 1.98699e-07
239.918 -16.4372 2.90556 0.000357595
239.389 -16.1169 2.88664 0.0631478
239.806 -16.6703 2.90548 0.000150883
239.352 -15.9639 2.85727 2.51707e-25
239.31 -15.861 2.88717 0.00477191
239.55 -15.8496 2.88839 0.000239314
239.577 -16.3874 2.87756 8.85011e-10
239.581 -16.1066 2.89781 0.0166834
239.17 -16.0393 2.89867 5.61499e-05
238.659 -16.3629 2.89366 2.53126e-09
239.2 -15.8758 2.89103 0.00219838
239.504 -16.4847 2.89449 0.0478018
239.187 -16.3655 2.90545 2.21658e-07
239.441 -16.2845 2.8725 4.17416e-11
239.746 -16.2076 2.87684 1.39928e-12
239.394 -16.1544 2.87542 3.39326e-07
238.912 -16.0768 2.88878 0.00207098
239.265 -16.0355 2.90201 5.4335e-06
239.03 -16.6671 2.89204 2.91263e-05
239.47 -16.6781 2.89577 0.00150235
238.556 -16.6632 2.88515 8.39789e-11
239.747 -16.2341 2.89826 0.0106192
239.37 -16.4188 2.9005 0.00734159
239.264 -16.3988 2.90861 1.44465e-08
239.247 -16.2293 2.88351 0.0404377
239.411 -16.8288 2.88896 5.07734e-07
239.08 -16.1889 2.89227 0.0188257
239.157 -16.0939 2.8937 0.0129952
238.46 -16.2184 2.88747 3.93057e-10
238.729 -16.1798 2.87983 0.000430363
239.07 -16.2196 2.8953 0.00176491
239.669 -15.8 2.90956 9.38626e-12
239.02 -16.4896 2.88932 0.00238487
238.655 -16.8468 2.8793 4.68814e-13
239.199 -16.4121 2.88001 0.000263232
239.255 -16.7076 2.88825 5.59048e-05
239.389 -16.5751 2.88045 3.0163e-07
239.75 -16.4863 2.89113 0.000124899
239.628 -16.3445 2.89475 0.0511782
239.473 -16.2754 2.87907 3.05832e-06
239.382 -16.4408 2.89276 0.10037
239.186 -16.6592 2.88645 9.02486e-05
239.452 -15.9063 2.8895 0.00467664
239.048 -16.2332 2.90213 1.47769e-07
238.551 -16.5588 2.88441 2.05849e-09
239.218 -16.5354 2.88266 0.000171195
239.311 -15.9827 2.89477 0.00654019
239.081 -15.8755 2.88483 0.00630083
239.793 -16.5478 2.87032 4.94919e-25
239.185 -16.5494 2.89756 0.000742541
239.054 -16.0137 2.91089 8.5815e-18
239.756 -16.4129 2.89567 0.00516595
239.836 -16.4887 2.87681 4.04171e-17
239.081 -16.5606 2.89051 0.00138365
239.605 -16.7467 2.88936 9.19444e-07
239.112 -16.0293 2.88386 0.0535212
239.145 -15.8837 2.88699 0.00778759
238.86 -16.2774 2.87699 0.000321025
239.135 -16.6151 2.88991 0.000780763
239.401 -16.6097 2.89014 0.0018037
239.152 -16.1244 2.89781 0.00040798
239.131 -16.1179 2.90384 3.12066e-08
239.262 -16.5402 2.89823 0.00232785
239.598 -15.9544 2.92042 3.17082e-20
239.889 -16.5195 2.88973 1.29507e-07
239.71 -15.8712 2.90029 7.46266e-06
239.36 -16.5611 2.8807 1.22974e-06
239.394 -16.0574 2.88158 0.00130839
239.29 -16.2548 2.89533 0.0889737
239.176 -15.7646 2.89515 2.06397e-06
238.97 -16.345 2.88334 0.00759022
239.372 -16.3664 2.88967 0.123993
