141.593 21.1785 0.0795388 1.89715e-10 142.48 21.057 0.07065
142.374 20.8821 0.0721811 0.0436749 142.48 21.057 0.07065
142.486 21.3385 0.0855639 6.87895e-07 142.48 21.057 0.07065
142.244 20.3925 0.0900026 2.68734e-08 142.48 21.057 0.07065
142.236 20.9722 0.0591598 1.83878e-08 142.48 21.057 0.07065
142.724 21.0435 0.0812786 1.6639e-05 142.48 21.057 0.07065
142.672 21.3233 0.0842362 2.57599e-08 142.48 21.057 0.07065
142.253 20.8096 0.0715172 0.00803619 142.48 21.057 0.07065
142.187 21.1189 0.0823834 0.0158877 142.48 21.057 0.07065
143.197 20.7889 0.0689836 5.09348e-14 142.48 21.057 0.07065
142.398 21.1416 0.0595058 3.79066e-07 142.48 21.057 0.07065
142.707 20.8264 0.0861192 4.74617e-07 142.48 21.057 0.07065
142.359 21.0179 0.0655447 0.000642005 142.48 21.057 0.07065
142.646 21.2718 0.071224 0.000122797 142.48 21.057 0.07065
142.245 21.3421 0.0658254 4.33225e-06 142.48 21.057 0.07065
142.226 20.3223 0.0886384 4.37937e-09 142.48 21.057 0.07065
142.205 20.6269 0.0795517 0.00252534 142.48 21.057 0.07065
142.096 20.4478 0.0780505 1.84987e-06 142.48 21.057 0.07065
142.935 21.1277 0.0547226 2.55979e-12 142.48 21.057 0.07065
142.564 21.3507 0.0852302 9.9091e-08 142.48 21.057 0.07065
142.053 21.1578 0.072192 0.00045679 142.48 21.057 0.07065
142.206 20.8891 0.0682468 0.000842854 142.48 21.057 0.07065
142.473 21.4137 0.0844868 1.77058e-07 142.48 21.057 0.07065
141.858 20.9673 0.0734799 8.0773e-06 142.48 21.057 0.07065
141.827 21.4302 0.0558431 2.38511e-20 142.48 21.057 0.07065
142.097 19.8922 0.0798445 9.43794e-21 142.48 21.057 0.07065
142.218 20.8916 0.07608 0.0958569 142.48 21.057 0.07065
142.247 21.2876 0.0740224 0.00189038 142.48 21.057 0.07065
142.211 21.0989 0.0728842 0.0216323 142.48 21.057 0.07065
142.25 20.9733 0.0800145 0.139185 142.48 21.057 0.07065
142.061 20.8669 0.0769324 0.011811 142.48 21.057 0.07065
142.45 21.5141 0.087079 2.11348e-10 142.48 21.057 0.07065
142.745 21.2241 0.0564564 8.20057e-10 142.48 21.057 0.07065
141.858 21.3422 0.0800534 3.22156e-07 142.48 21.057 0.07065
142.401 20.9804 0.0744525 0.117409 142.48 21.057 0.07065
142.441 20.6415 0.0582111 1.08935e-10 142.48 21.057 0.07065
142.354 21.0479 0.0597824 4.84979e-07 142.48 21.057 0.07065
141.985 21.1276 0.0609836 1.76506e-10 142.48 21.057 0.07065
142.55 20.6055 0.0474779 5.77396e-21 142.48 21.057 0.07065
142.786 20.9419 0.0506627 2.88356e-14 142.48 21.057 0.07065
143.057 20.6891 0.0805621 3.95167e-13 142.48 21.057 0.07065
142.766 20.4306 0.064431 6.84866e-12 142.48 21.057 0.07065
142.573 21.4283 0.0426286 2.718e-23 142.48 21.057 0.07065
142.61 21.1037 0.0839705 3.70519e-05 142.48 21.057 0.07065
142.284 20.9172 0.071429 0.0282302 142.48 21.057 0.07065
142.404 20.9423 0.0731234 0.0807719 142.48 21.057 0.07065
142.92 20.5811 0.0743646 7.60155e-10 142.48 21.057 0.07065
142.048 20.7163 0.0609514 3.26538e-11 142.48 21.057 0.07065
142.95 20.6907 0.0593483 2.61298e-12 142.48 21.057 0.07065
142.422 21.1992 0.0529425 4.15318e-12 142.48 21.057 0.07065
142.658 20.7783 0.0686864 0.000120043 142.48 21.057 0.07065
142.083 21.0843 0.0578287 2.81933e-11 142.48 21.057 0.07065
142.897 21.0561 0.066625 4.48941e-07 142.48 21.057 0.07065
142.864 20.9576 0.0550312 1.56385e-11 142.48 21.057 0.07065
143.054 20.9693 0.0664329 5.29788e-10 142.48 21.057 0.07065
142.297 21.1256 0.0622872 5.76147e-06 142.48 21.057 0.07065
142.601 20.7243 0.0878244 1.16863e-06 142.48 21.057 0.07065
142.034 20.5733 0.0635299 2.14738e-11 142.48 21.057 0.07065
142.199 20.8737 0.0805344 0.09221 142.48 21.057 0.07065
142.268 21.3119 0.0761684 0.0014377 142.48 21.057 0.07065
141.957 20.9709 0.0959307 1.12099e-07 142.48 21.057 0.07065
142.012 20.992 0.082315 0.00740649 142.48 21.057 0.07065
141.968 20.9393 0.0638399 8.15904e-09 142.48 21.057 0.07065
142.349 21.3839 0.077856 0.000131749 142.48 21.057 0.07065
142.275 20.3447 0.0821469 1.29473e-07 142.48 21.057 0.07065
142.364 20.7994 0.0793715 0.0559154 142.48 21.057 0.07065
142.514 21.476 0.0904294 2.50254e-12 142.48 21.057 0.07065
142.392 20.5191 0.0651036 2.48801e-08 142.48 21.057 0.07065
142.512 20.7842 0.0767651 0.0122801 142.48 21.057 0.07065
142.495 21.247 0.0688181 0.000813251 142.48 21.057 0.07065
142.684 20.8424 0.0781631 0.000347887 142.48 21.057 0.07065
142.49 20.6703 0.0658811 9.07048e-06 142.48 21.057 0.07065
142.51 21.0107 0.0827667 0.0031677 142.48 21.057 0.07065
141.987 21.0902 0.0718436 0.000124776 142.48 21.057 0.07065
142.079 21.1572 0.0555256 1.8461e-13 142.48 21.057 0.07065
141.816 21.6867 0.0748648 8.85354e-15 142.48 21.057 0.07065
142.465 21.171 0.055628 1.16411e-09 142.48 21.057 0.07065
142.526 21.0767 0.0648036 0.000309737 142.48 21.057 0.07065
142.17 20.594 0.0760904 0.00035643 142.48 21.057 0.07065
142.343 21.1805 0.0918383 3.75992e-07 142.48 21.057 0.07065
142.775 20.7967 0.0856319 3.92835e-08 142.48 21.057 0.07065
142.402 20.9099 0.0731992 0.072747 142.48 21.057 0.07065
142.433 21.0666 0.0706074 0.0238259 142.48 21.057 0.07065
142.05 20.7681 0.0758466 0.00205752 142.48 21.057 0.07065
142.474 21.2486 0.0773549 0.00235522 142.48 21.057 0.07065
142.327 21.0486 0.0634315 4.76529e-05 142.48 21.057 0.07065
142.5 20.9838 0.0837389 0.00225776 142.48 21.057 0.07065
142.583 20.4613 0.064162 4.5066e-10 142.48 21.057 0.07065
142.459 21.0194 0.0516881 6.3819e-13 142.48 21.057 0.07065
142.792 20.7759 0.0909815 1.20613e-11 142.48 21.057 0.07065
142.236 21.0252 0.073709 0.062078 142.48 21.057 0.07065
142.439 20.8964 0.0756657 0.0854029 142.48 21.057 0.07065
142.379 21.0699 0.0864641 0.000883538 142.48 21.057 0.07065
141.927 21.1154 0.0706477 5.44406e-06 142.48 21.057 0.07065
142.737 21.0531 0.0693186 0.000165323 142.48 21.057 0.07065
142.57 20.8815 0.0878457 9.73416e-06 142.48 21.057 0.07065
141.997 21.1335 0.0777755 0.0014657 142.48 21.057 0.07065
142.285 21.2504 0.0668164 0.00013051 142.48 21.057 0.07065
142.171 21.2707 0.059126 7.82091e-10 142.48 21.057 0.07065
142.189 20.8537 0.0704064 0.00288353 142.48 21.057 0.07065
