36.9911 -75.3234 3.92406 3.95974e-21
36.1457 -75.8939 3.92123 0.00155652
36.226 -75.9042 3.9351 0.0159377
36.1434 -75.8637 3.91689 2.04856e-05
35.9779 -75.7877 3.94639 1.49479e-12
36.3948 -75.6785 3.91372 1.80993e-10
36.6632 -74.8635 3.90832 7.83152e-36
36.3682 -76.138 3.9336 9.11557e-06
36.3616 -76.022 3.9372 0.000361308
36.4605 -75.2274 3.92074 1.43343e-09
36.555 -75.4934 3.9292 0.000249051
36.2961 -76.1044 3.92881 3.02902e-05
36.0046 -75.8731 3.93021 0.0139931
36.6033 -75.4595 3.93711 0.000132147
36.4065 -75.6415 3.90691 2.1125e-18
35.9611 -75.4573 3.91718 0.001324
36.2181 -75.9264 3.92422 0.00330528
36.5196 -75.8005 3.93452 0.0113998
36.475 -75.5915 3.92521 0.000583059
36.6343 -75.0299 3.91356 4.86255e-24
36.1193 -75.5512 3.91605 0.000214795
36.8011 -75.755 3.93678 1.59288e-06
36.8083 -76.0871 3.93414 1.32391e-10
36.2655 -75.7346 3.93996 0.00311101
36.4997 -76.0267 3.92044 1.66928e-10
36.2989 -76.0927 3.9263 1.15309e-05
35.9762 -75.7415 3.92901 0.078618
36.3692 -75.9031 3.9264 0.0020311
36.1877 -75.7852 3.92532 0.168011
36.388 -75.9092 3.92718 0.00199326
36.5957 -75.153 3.93913 3.3845e-10
37.0271 -75.754 3.93446 4.35042e-13
35.9317 -75.4355 3.91614 0.000376012
36.6011 -75.694 3.93804 0.00212951
36.3962 -76.0715 3.9399 1.31227e-05
36.513 -75.8317 3.93662 0.00773948
36.7141 -75.4644 3.92644 5.92223e-09
35.7273 -75.873 3.90778 2.6152e-10
36.0686 -75.3503 3.92645 0.00573537
36.3457 -75.2574 3.90222 8.37175e-25
36.0524 -74.8118 3.92106 2.28617e-16
36.1839 -75.8979 3.92088 0.000588563
36.4038 -75.348 3.94923 6.11429e-12
35.8999 -75.5712 3.93553 1.51059e-05
36.7793 -76.0201 3.92985 1.07561e-10
36.3163 -75.8917 3.92863 0.0262932
37.1638 -76.0407 3.93061 3.085e-23
36.6616 -75.4937 3.91806 1.73454e-13
36.8821 -76.2487 3.93289 2.36744e-16
36.607 -75.2605 3.9327 1.66128e-07
36.1951 -75.3386 3.93177 0.00193739
35.9489 -75.188 3.90806 6.20049e-12
36.3972 -75.5716 3.95003 6.74126e-10
36.73 -75.7407 3.95064 5.03634e-09
36.5622 -75.2025 3.90505 1.03798e-28
35.7119 -75.9934 3.92228 8.79191e-07
36.3322 -75.7488 3.91278 2.0683e-10
36.3794 -75.8672 3.92355 0.000248374
36.6341 -75.8262 3.92942 1.5345e-05
36.1401 -75.6912 3.93351 0.165049
36.5534 -75.3715 3.90843 1.03719e-21
36.4253 -75.8627 3.92746 0.00271558
36.7295 -75.064 3.9289 4.14739e-15
36.2424 -75.4923 3.92532 0.0695289
36.5241 -75.7197 3.90974 1.32023e-18
36.0729 -75.526 3.91257 2.5167e-06
36.6332 -75.7256 3.91104 1.4966e-20
36.3361 -76.0339 3.94299 1.58965e-06
36.547 -75.4699 3.90313 1.41787e-28
35.9616 -75.8467 3.93015 0.00903149
36.1249 -75.6791 3.92115 0.0511091
36.5186 -75.8803 3.94256 0.000155374
36.5154 -75.409 3.9234 1.14641e-06
36.3894 -76.3836 3.91972 5.83546e-18
36.2291 -75.3188 3.93409 0.000308321
36.4564 -76.0845 3.93621 2.71892e-05
36.6262 -75.9133 3.93412 7.68927e-05
36.2805 -75.8047 3.93305 0.223375
36.0203 -75.8211 3.91919 0.00317099
36.3976 -75.3017 3.91447 1.27668e-11
36.7165 -75.9724 3.9179 8.55796e-18
36.0367 -76.0923 3.9214 2.6295e-06
36.6801 -76.3702 3.93011 2.75927e-16
36.8616 -75.5968 3.92002 6.03862e-18
36.628 -76.1432 3.92593 1.16553e-11
36.4637 -75.6332 3.91497 9.32172e-11
35.9775 -75.4592 3.93674 7.35042e-06
36.0657 -75.0578 3.90629 3.15401e-17
36.2947 -75.7104 3.91443 5.5704e-08
36.4695 -76.3941 3.91406 1.69868e-25
37.3301 -76.0375 3.92825 4.73827e-33
36.579 -75.8831 3.91711 2.81413e-13
36.3492 -75.6436 3.94148 0.00106993
36.2394 -75.5048 3.92457 0.0595708
36.047 -76.1725 3.92767 9.2367e-07
36.3878 -75.6855 3.9371 0.0612184
36.271 -75.8239 3.91605 4.30148e-07
36.0611 -75.0655 3.92766 1.15282e-08
35.9773 -75.3895 3.92196 0.00558974
36.6323 -75.0044 3.90977 6.41481e-29
