225.01 -12.7065 2.91525 2.7334e-06 225 -12.901 2.9248
225.415 -13.3838 2.94406 0.000188185 225 -12.901 2.9248
225.095 -13.1827 2.93967 0.00208867 225 -12.901 2.9248
225.408 -12.7567 2.92491 0.000127425 225 -12.901 2.9248
225.261 -13.4486 2.91865 4.70021e-07 225 -12.901 2.9248
224.739 -13.1742 2.92798 0.00243272 225 -12.901 2.9248
225.106 -12.4936 2.92305 1.4006e-06 225 -12.901 2.9248
224.946 -13.3507 2.90251 2.68779e-16 225 -12.901 2.9248
225.572 -13.2806 2.91527 5.69624e-13 225 -12.901 2.9248
226.378 -12.9441 2.92638 1.69317e-25 225 -12.901 2.9248
225.676 -13.046 2.91009 3.78713e-20 225 -12.901 2.9248
224.898 -13.0124 2.93749 0.000138418 225 -12.901 2.9248
224.838 -12.6333 2.91504 1.03436e-06 225 -12.901 2.9248
224.329 -12.9128 2.91738 3.86224e-08 225 -12.901 2.9248
224.593 -12.7086 2.92121 4.87403e-06 225 -12.901 2.9248
224.857 -13.212 2.92728 0.0276091 225 -12.901 2.9248
225.026 -13.1315 2.92048 0.0146003 225 -12.901 2.9248
224.318 -12.8689 2.92718 8.87652e-11 225 -12.901 2.9248
224.907 -12.9554 2.93789 7.10951e-05 225 -12.901 2.9248
225.221 -12.6974 2.92211 0.000124346 225 -12.901 2.9248
225.771 -13.2723 2.91756 2.18736e-15 225 -12.901 2.9248
224.871 -13.1287 2.91961 0.00823521 225 -12.901 2.9248
224.747 -12.8494 2.92292 0.00186371 225 -12.901 2.9248
225.054 -12.8277 2.90394 1.23873e-14 225 -12.901 2.9248
225.414 -13.4211 2.93736 0.00491701 225 -12.901 2.9248
225.174 -12.7889 2.92004 0.000268022 225 -12.901 2.9248
224.793 -12.5912 2.93922 5.8367e-11 225 -12.901 2.9248
225.241 -13.1553 2.93692 0.126312 225 -12.901 2.9248
225.415 -12.9614 2.92093 2.47659e-05 225 -12.901 2.9248
225.24 -12.6548 2.93688 0.000142065 225 -12.901 2.9248
225.419 -13.1799 2.92697 0.00994607 225 -12.901 2.9248
225.348 -12.5482 2.93552 8.74475e-06 225 -12.901 2.9248
224.979 -12.8062 2.92505 0.0173519 225 -12.901 2.9248
224.668 -13.1729 2.92239 0.00114569 225 -12.901 2.9248
225.567 -13.2935 2.93429 0.00621523 225 -12.901 2.9248
224.86 -12.9286 2.91871 0.00332276 225 -12.901 2.9248
225.268 -13.2095 2.93415 0.281813 225 -12.901 2.9248
224.968 -13.0286 2.93975 7.91713e-05 225 -12.901 2.9248
224.695 -13.4218 2.92504 4.24507e-05 225 -12.901 2.9248
224.704 -13.69 2.93638 9.59956e-12 225 -12.901 2.9248
225.263 -13.4975 2.91412 6.76435e-11 225 -12.901 2.9248
224.52 -12.7416 2.91315 1.71211e-07 225 -12.901 2.9248
225.46 -12.9453 2.92629 0.00184466 225 -12.901 2.9248
225.412 -13.0531 2.91681 7.36238e-08 225 -12.901 2.9248
224.736 -12.7749 2.92883 8.66015e-05 225 -12.901 2.9248
225.154 -12.631 2.9357 7.34086e-05 225 -12.901 2.9248
224.589 -12.8068 2.92473 1.57166e-05 225 -12.901 2.9248
225.403 -12.6712 2.93847 0.000120582 225 -12.901 2.9248
224.927 -12.5008 2.91222 4.57914e-10 225 -12.901 2.9248
225.191 -12.7487 2.94026 7.02405e-05 225 -12.901 2.9248
224.781 -13.4313 2.93111 3.99671e-05 225 -12.901 2.9248
225.672 -12.811 2.90405 1.38914e-28 225 -12.901 2.9248
224.797 -13.3863 2.94064 7.43067e-09 225 -12.901 2.9248
225.034 -13.3487 2.93026 0.0316599 225 -12.901 2.9248
225.133 -12.1145 2.93423 1.86551e-15 225 -12.901 2.9248
225.161 -13.1731 2.92236 0.0176516 225 -12.901 2.9248
224.567 -12.6105 2.92309 1.28382e-07 225 -12.901 2.9248
224.78 -13.063 2.93426 0.000133871 225 -12.901 2.9248
224.877 -13.2178 2.91027 1.01421e-07 225 -12.901 2.9248
224.934 -12.9653 2.93939 2.78994e-05 225 -12.901 2.9248
225.344 -13.081 2.91637 3.29276e-07 225 -12.901 2.9248
224.839 -13.0312 2.92186 0.023272 225 -12.901 2.9248
225.161 -12.8905 2.91532 4.47704e-06 225 -12.901 2.9248
225.384 -12.8292 2.9007 4.88246e-25 225 -12.901 2.9248
224.961 -12.9177 2.90462 1.65139e-12 225 -12.901 2.9248
225.094 -13.122 2.90323 7.4386e-16 225 -12.901 2.9248
224.994 -12.3654 2.92454 1.14968e-08 225 -12.901 2.9248
224.963 -12.9445 2.93955 4.17915e-05 225 -12.901 2.9248
224.889 -13.1767 2.92952 0.037932 225 -12.901 2.9248
225.052 -12.729 2.92516 0.00465573 225 -12.901 2.9248
225.332 -13.2329 2.94873 1.20941e-06 225 -12.901 2.9248
225.319 -13.1525 2.92781 0.107143 225 -12.901 2.9248
224.936 -12.9108 2.94484 3.1307e-09 225 -12.901 2.9248
224.83 -13.2257 2.93573 9.90709e-05 225 -12.901 2.9248
225.224 -13.4551 2.89882 6.3081e-27 225 -12.901 2.9248
224.858 -12.6968 2.93225 3.5008e-05 225 -12.901 2.9248
225.404 -13.2577 2.92669 0.00518365 225 -12.901 2.9248
224.988 -13.0508 2.93517 0.0141201 225 -12.901 2.9248
225.049 -13.4876 2.93454 0.000483216 225 -12.901 2.9248
225.274 -13.2273 2.95068 1.32484e-08 225 -12.901 2.9248
225.449 -12.9461 2.92601 0.00193333 225 -12.901 2.9248
225.595 -13.2284 2.92152 4.9516e-08 225 -12.901 2.9248
224.819 -13.004 2.92024 0.00931105 225 -12.901 2.9248
225.092 -12.9612 2.92284 0.0470167 225 -12.901 2.9248
225.529 -13.2975 2.93222 0.00626365 225 -12.901 2.9248
224.777 -12.9099 2.9194 0.00233328 225 -12.901 2.9248
225.373 -13.2064 2.92566 0.00734168 225 -12.901 2.9248
225.488 -12.8967 2.91961 2.00858e-07 225 -12.901 2.9248
225.03 -13.321 2.91348 4.03591e-07 225 -12.901 2.9248
225.527 -13.2654 2.92391 1.08139e-05 225 -12.901 2.9248
225.04 -13.1416 2.91972 0.00678678 225 -12.901 2.9248
225.127 -12.9409 2.94241 6.59154e-05 225 -12.901 2.9248
225.784 -13.0622 2.94249 0.000166302 225 -12.901 2.9248
224.689 -12.6867 2.93274 1.01003e-07 225 -12.901 2.9248
225.161 -12.7081 2.92606 0.00289397 225 -12.901 2.9248
225.829 -12.5002 2.93073 6.8418e-12 225 -12.901 2.9248
225.246 -13.2495 2.91642 1.49676e-06 225 -12.901 2.9248
224.765 -13.3534 2.91535 8.81359e-06 225 -12.901 2.9248
225.052 -13.2387 2.92739 0.16209 225 -12.901 2.9248
224.384 -12.4166 2.93776 4.25401e-22 225 -12.901 2.9248
