128.767 -19.3379 3.3661 1.73341e-08
129.317 -19.862 3.36803 9.5669e-14
129.175 -19.8747 3.36703 1.16311e-11
128.618 -19.831 3.37663 0.0400263
129.634 -19.5803 3.38866 2.92134e-11
128.667 -19.6475 3.36824 8.35188e-05
128.786 -19.5842 3.36715 3.06411e-06
128.878 -19.6123 3.3855 0.0658228
128.208 -19.8874 3.36947 3.09644e-06
128.572 -19.9898 3.37368 0.00108677
128.83 -19.8411 3.38786 0.0348311
128.432 -20.0042 3.37455 0.000375276
128.836 -20.2811 3.36334 6.01366e-14
128.921 -19.633 3.37456 0.00134817
129.116 -19.7255 3.35674 4.73619e-20
128.439 -19.8422 3.37287 0.00184622
128.838 -19.7344 3.35463 2.08771e-17
128.196 -20.3057 3.36904 3.71043e-11
129.341 -19.9727 3.37745 5.64565e-09
128.681 -19.5419 3.3704 0.000332175
128.419 -20.0578 3.37013 8.5312e-06
128.423 -19.6282 3.38009 0.006266
128.41 -20.0479 3.38122 0.000148952
128.66 -20.3894 3.38532 2.97981e-08
128.723 -19.5998 3.38319 0.100503
128.724 -19.0055 3.38448 3.81568e-09
128.463 -19.7668 3.38128 0.0133914
128.823 -19.5684 3.35768 3.51491e-14
129.01 -19.5804 3.36556 7.72581e-10
128.693 -19.9706 3.38571 0.0102999
128.927 -20.1172 3.3788 0.000135324
128.453 -20.5036 3.3793 2.27351e-11
128.861 -19.8023 3.37184 0.000305541
128.415 -20.0504 3.38925 1.07037e-06
128.809 -19.8494 3.37586 0.0125397
129.036 -19.5627 3.37734 0.000576911
128.654 -19.9924 3.38656 0.00335724
128.169 -19.8846 3.3877 7.56535e-09
128.264 -20.4033 3.38278 1.0023e-11
128.521 -19.6258 3.3844 0.00993358
128.759 -19.8507 3.36506 1.86338e-07
128.888 -19.466 3.36507 3.34005e-09
128.756 -19.7921 3.38267 0.164448
128.947 -19.489 3.38909 0.00318179
128.782 -19.3339 3.37404 6.56123e-05
128.821 -20.2098 3.39094 4.12518e-06
128.412 -19.4281 3.37586 0.000385062
128.462 -19.4412 3.38373 0.000395404
128.65 -20.1318 3.3771 0.000267579
129.207 -20.4825 3.38463 2.77897e-12
128.799 -20.2245 3.36582 7.32504e-11
128.443 -20.3909 3.39351 2.90105e-13
128.377 -19.8714 3.37866 0.00181092
129.043 -20.3486 3.35439 1.36347e-27
128.613 -20.0981 3.37498 0.000236102
128.628 -20.1017 3.37024 6.11074e-06
128.843 -19.8435 3.386 0.0661571
128.749 -19.5229 3.3866 0.017437
129.008 -19.9454 3.37875 0.00109713
128.873 -20.1324 3.35989 3.15408e-15
128.894 -20.3603 3.37991 7.83646e-08
128.812 -19.7841 3.37332 0.00287285
128.849 -20.1719 3.37403 3.5227e-06
127.972 -19.5648 3.38725 4.92413e-13
128.92 -19.5758 3.39388 0.000389509
128.945 -20.3625 3.37251 1.19261e-10
128.773 -19.7414 3.36807 2.06101e-05
128.578 -20.3773 3.37797 3.94482e-08
128.663 -20.1662 3.35756 1.34402e-15
129.007 -19.7967 3.36187 8.37831e-13
128.631 -19.777 3.36222 2.19715e-08
129.326 -19.6139 3.38173 1.93747e-06
128.928 -19.8408 3.3819 0.0436393
129.002 -19.5086 3.35655 1.88158e-18
128.67 -20.0331 3.38435 0.00431353
128.87 -20.0558 3.37886 0.00129934
128.915 -19.8486 3.36068 1.1414e-12
128.714 -20.6723 3.37538 2.09442e-15
128.622 -19.7446 3.38302 0.0903174
129.035 -19.7473 3.37808 0.00216769
128.879 -19.769 3.38547 0.0973344
129.03 -19.6313 3.38013 0.00571913
128.894 -19.7835 3.36863 3.57095e-06
128.845 -19.439 3.39109 0.000433012
129.605 -19.7916 3.37416 3.08246e-16
128.655 -20.196 3.36685 6.5852e-09
128.572 -19.6108 3.39496 1.56613e-06
128.657 -19.4147 3.37557 0.00196089
129.016 -20.5835 3.37705 2.60459e-14
128.158 -19.7272 3.36635 3.03019e-07
128.672 -19.7321 3.37945 0.14451
128.573 -19.6121 3.38347 0.0294671
128.905 -19.8158 3.36795 8.69911e-07
128.857 -20.2599 3.37913 4.39683e-06
129.585 -19.5495 3.37226 2.3879e-17
128.733 -20.032 3.39382 1.35219e-05
128.876 -19.8941 3.36373 8.77224e-10
129.142 -19.9485 3.36557 1.15264e-12
128.979 -20.474 3.38382 3.75358e-10
128.741 -19.9812 3.3797 0.0168069
