280.79 2.35282 4.59944 8.60237e-21 279.72 1.8135 4.5824
279.809 1.86659 4.59345 0.00332627 279.72 1.8135 4.5824
279.32 1.59322 4.58758 3.08513e-06 279.72 1.8135 4.5824
280.386 2.20929 4.57282 1.10417e-17 279.72 1.8135 4.5824
279.89 2.14794 4.59636 4.80747e-06 279.72 1.8135 4.5824
279.738 1.97558 4.57099 0.000226187 279.72 1.8135 4.5824
280.117 2.0662 4.60218 4.2965e-06 279.72 1.8135 4.5824
279.833 1.74145 4.59931 0.000268584 279.72 1.8135 4.5824
279.955 1.86201 4.57661 0.00157387 279.72 1.8135 4.5824
279.772 1.90502 4.57477 0.00521333 279.72 1.8135 4.5824
280.024 2.0219 4.58512 0.000111726 279.72 1.8135 4.5824
280.033 1.34091 4.59069 6.00908e-05 279.72 1.8135 4.5824
280.113 2.20987 4.57145 1.57751e-12 279.72 1.8135 4.5824
280.544 2.16342 4.57976 1.32969e-17 279.72 1.8135 4.5824
280.336 1.58714 4.56154 1.82154e-14 279.72 1.8135 4.5824
279.889 2.08666 4.58886 0.00010481 279.72 1.8135 4.5824
279.377 1.71699 4.58902 1.08026e-05 279.72 1.8135 4.5824
280.027 2.05937 4.59985 1.80697e-05 279.72 1.8135 4.5824
279.593 1.76064 4.62059 4.89552e-19 279.72 1.8135 4.5824
280.151 1.73674 4.58324 0.000511225 279.72 1.8135 4.5824
279.381 2.01128 4.58647 9.50922e-07 279.72 1.8135 4.5824
279.777 1.39576 4.56872 0.0311632 279.72 1.8135 4.5824
279.785 1.45709 4.61238 6.06501e-13 279.72 1.8135 4.5824
279.597 1.68285 4.5887 0.00594993 279.72 1.8135 4.5824
279.995 2.02095 4.58338 0.000128095 279.72 1.8135 4.5824
280.221 1.864 4.57981 2.22198e-06 279.72 1.8135 4.5824
280.238 1.48957 4.58319 1.46586e-05 279.72 1.8135 4.5824
279.294 1.48089 4.58936 5.52307e-08 279.72 1.8135 4.5824
280.004 1.42492 4.58168 0.0039106 279.72 1.8135 4.5824
279.44 1.63279 4.56024 0.0209873 279.72 1.8135 4.5824
279.769 2.51552 4.58215 2.64967e-14 279.72 1.8135 4.5824
279.602 1.87455 4.62157 4.24714e-19 279.72 1.8135 4.5824
279.927 1.29955 4.58511 0.000464664 279.72 1.8135 4.5824
279.813 1.72536 4.57588 0.109954 279.72 1.8135 4.5824
279.541 1.83991 4.55845 7.93738e-05 279.72 1.8135 4.5824
280.102 1.60301 4.56062 4.53977e-09 279.72 1.8135 4.5824
279.726 2.30884 4.60261 1.07101e-10 279.72 1.8135 4.5824
279.703 1.66967 4.58819 0.0346452 279.72 1.8135 4.5824
279.961 1.38355 4.59793 5.52056e-06 279.72 1.8135 4.5824
279.702 1.45552 4.57241 0.236487 279.72 1.8135 4.5824
280.126 1.73054 4.56561 3.73132e-08 279.72 1.8135 4.5824
280.22 1.88643 4.58025 1.88595e-06 279.72 1.8135 4.5824
279.937 1.26197 4.59105 1.03519e-05 279.72 1.8135 4.5824
279.785 1.45894 4.58745 0.0120818 279.72 1.8135 4.5824
279.295 1.32202 4.56575 0.00559361 279.72 1.8135 4.5824
279.531 1.3755 4.57501 0.0502152 279.72 1.8135 4.5824
280.167 2.33081 4.59784 7.07228e-10 279.72 1.8135 4.5824
279.421 1.54953 4.58216 0.00281843 279.72 1.8135 4.5824
279.685 2.04254 4.57804 0.000280426 279.72 1.8135 4.5824
280.256 1.88442 4.57184 8.75821e-10 279.72 1.8135 4.5824
280.659 2.0595 4.58212 3.25397e-18 279.72 1.8135 4.5824
280.063 1.96256 4.57545 4.17161e-06 279.72 1.8135 4.5824
279.952 1.89894 4.57302 0.000130765 279.72 1.8135 4.5824
279.822 1.91715 4.58076 0.00944277 279.72 1.8135 4.5824
279.938 2.26297 4.5967 8.15963e-08 279.72 1.8135 4.5824
279.884 2.07671 4.59181 0.000108598 279.72 1.8135 4.5824
280.174 1.87254 4.55073 2.37314e-19 279.72 1.8135 4.5824
279.468 1.79302 4.5718 0.0255561 279.72 1.8135 4.5824
279.646 1.55936 4.59352 0.000268989 279.72 1.8135 4.5824
279.653 2.11213 4.57876 2.30221e-05 279.72 1.8135 4.5824
279.829 1.74567 4.57116 0.0157871 279.72 1.8135 4.5824
279.967 2.2118 4.57384 1.19932e-09 279.72 1.8135 4.5824
280.577 2.11582 4.58487 1.42216e-15 279.72 1.8135 4.5824
279.243 1.68549 4.59818 1.60046e-12 279.72 1.8135 4.5824
279.774 2.07263 4.59556 2.18558e-05 279.72 1.8135 4.5824
279.349 1.75488 4.57528 0.00388648 279.72 1.8135 4.5824
280.044 1.90719 4.5641 4.54085e-09 279.72 1.8135 4.5824
279.564 2.40164 4.59848 2.17076e-13 279.72 1.8135 4.5824
279.567 2.37649 4.60313 3.97102e-14 279.72 1.8135 4.5824
280.167 1.56226 4.59977 2.3853e-05 279.72 1.8135 4.5824
279.949 2.2916 4.59572 2.869e-08 279.72 1.8135 4.5824
279.782 2.45992 4.59638 2.65993e-12 279.72 1.8135 4.5824
279.325 1.39623 4.56833 0.0159687 279.72 1.8135 4.5824
280.041 1.97603 4.58148 9.64704e-05 279.72 1.8135 4.5824
279.727 1.64706 4.58711 0.0640355 279.72 1.8135 4.5824
279.792 2.01616 4.58278 0.0010319 279.72 1.8135 4.5824
279.734 2.31029 4.60537 2.03902e-11 279.72 1.8135 4.5824
280.286 1.34876 4.58048 1.00695e-07 279.72 1.8135 4.5824
280.256 1.66525 4.57468 2.66245e-07 279.72 1.8135 4.5824
279.957 1.98673 4.58494 0.000800517 279.72 1.8135 4.5824
280.22 1.78613 4.58949 0.000148009 279.72 1.8135 4.5824
280.728 1.9158 4.5931 5.57579e-15 279.72 1.8135 4.5824
280.295 1.3834 4.58277 2.54922e-07 279.72 1.8135 4.5824
279.775 2.57435 4.56893 6.49112e-20 279.72 1.8135 4.5824
279.875 1.95823 4.57024 2.82277e-05 279.72 1.8135 4.5824
279.68 1.53523 4.55835 0.00222232 279.72 1.8135 4.5824
279.468 1.55812 4.57013 0.228282 279.72 1.8135 4.5824
279.071 2.18333 4.57693 4.02793e-13 279.72 1.8135 4.5824
279.847 2.1207 4.5827 2.47711e-05 279.72 1.8135 4.5824
280.153 1.80417 4.60065 0.000111538 279.72 1.8135 4.5824
279.649 1.78781 4.5746 0.0976963 279.72 1.8135 4.5824
279.913 2.25211 4.59788 9.14625e-08 279.72 1.8135 4.5824
279.941 1.91645 4.57943 0.00167921 279.72 1.8135 4.5824
279.25 1.73926 4.55964 0.000591362 279.72 1.8135 4.5824
279.817 1.95392 4.56429 1.83339e-06 279.72 1.8135 4.5824
279.598 2.12378 4.58015 1.12323e-05 279.72 1.8135 4.5824
280.039 2.03169 4.57125 4.88445e-08 279.72 1.8135 4.5824
279.989 1.85245 4.57027 2.70569e-05 279.72 1.8135 4.5824
279.744 1.73377 4.56561 0.00575309 279.72 1.8135 4.5824
280.111 1.80327 4.57208 3.83947e-06 279.72 1.8135 4.5824
