53.1515 -56.8895 3.90468 0.00183244 53.246 -57.253 3.9139
53.0237 -57.0551 3.92223 2.8119e-06 53.246 -57.253 3.9139
53.121 -57.5834 3.89984 0.00012949 53.246 -57.253 3.9139
54.1864 -57.1165 3.92713 2.10521e-29 53.246 -57.253 3.9139
53.0643 -57.2232 3.92986 1.9149e-13 53.246 -57.253 3.9139
52.6285 -57.835 3.89486 3.65549e-12 53.246 -57.253 3.9139
53.4132 -57.4048 3.91393 2.33823e-05 53.246 -57.253 3.9139
53.5827 -56.9337 3.91963 1.01905e-08 53.246 -57.253 3.9139
53.1961 -57.0154 3.90185 0.00466567 53.246 -57.253 3.9139
53.6299 -57.2336 3.9279 1.13524e-13 53.246 -57.253 3.9139
53.5807 -57.0361 3.90757 4.71421e-08 53.246 -57.253 3.9139
52.706 -57.5799 3.91169 1.12006e-08 53.246 -57.253 3.9139
53.6446 -57.4332 3.91612 1.55923e-10 53.246 -57.253 3.9139
53.6423 -57.1129 3.91965 3.08718e-09 53.246 -57.253 3.9139
52.9878 -56.9315 3.90449 0.0209824 53.246 -57.253 3.9139
53.5324 -57.1238 3.92379 6.96127e-09 53.246 -57.253 3.9139
53.5587 -57.2647 3.9142 9.3467e-07 53.246 -57.253 3.9139
53.2542 -56.9015 3.92316 6.48971e-07 53.246 -57.253 3.9139
54.0047 -57.1505 3.91143 5.2147e-20 53.246 -57.253 3.9139
53.3943 -57.203 3.90923 0.00266493 53.246 -57.253 3.9139
53.0703 -56.499 3.92475 9.29632e-16 53.246 -57.253 3.9139
53.25 -57.4556 3.94594 2.27082e-39 53.246 -57.253 3.9139
53.7045 -57.1735 3.92699 4.30893e-14 53.246 -57.253 3.9139
53.1757 -56.7544 3.91908 8.76464e-07 53.246 -57.253 3.9139
53.4685 -57.118 3.91598 5.41534e-05 53.246 -57.253 3.9139
53.5971 -57.3805 3.91494 1.26142e-08 53.246 -57.253 3.9139
53.0507 -56.7892 3.92471 7.0631e-10 53.246 -57.253 3.9139
53.5676 -56.9561 3.91392 1.69803e-07 53.246 -57.253 3.9139
52.8019 -57.5993 3.9283 1.27837e-22 53.246 -57.253 3.9139
53.6191 -57.7035 3.89729 3.20756e-16 53.246 -57.253 3.9139
52.9869 -57.6678 3.93032 8.93973e-24 53.246 -57.253 3.9139
53.6984 -57.2669 3.91657 2.17709e-10 53.246 -57.253 3.9139
53.3606 -57.3578 3.92732 1.2266e-11 53.246 -57.253 3.9139
53.4242 -57.3655 3.92789 1.20004e-12 53.246 -57.253 3.9139
53.803 -57.9665 3.92058 2.95798e-29 53.246 -57.253 3.9139
52.6938 -57.3559 3.90602 0.00129855 53.246 -57.253 3.9139
53.2111 -57.7899 3.91179 2.26875e-10 53.246 -57.253 3.9139
53.3944 -57.1619 3.88479 4.31132e-19 53.246 -57.253 3.9139
53.321 -57.3344 3.90612 0.00617002 53.246 -57.253 3.9139
53.653 -57.574 3.93393 6.9932e-23 53.246 -57.253 3.9139
53.2045 -57.1896 3.91775 0.00330936 53.246 -57.253 3.9139
53.2589 -57.4063 3.91114 0.00503589 53.246 -57.253 3.9139
53.2479 -57.3365 3.91537 0.00233175 53.246 -57.253 3.9139
53.0862 -57.3423 3.91604 0.00201406 53.246 -57.253 3.9139
53.82 -57.6815 3.91231 2.70918e-19 53.246 -57.253 3.9139
53.7761 -56.3931 3.90901 4.49211e-28 53.246 -57.253 3.9139
53.324 -57.3233 3.91956 1.44439e-05 53.246 -57.253 3.9139
52.8015 -57.5423 3.92698 1.57292e-19 53.246 -57.253 3.9139
53.3127 -57.3811 3.90769 0.00448654 53.246 -57.253 3.9139
53.4175 -56.9672 3.92379 9.81054e-08 53.246 -57.253 3.9139
53.4926 -57.7594 3.91647 3.99768e-14 53.246 -57.253 3.9139
53.3994 -57.3965 3.91232 9.54194e-05 53.246 -57.253 3.9139
53.2743 -57.147 3.91401 0.0304752 53.246 -57.253 3.9139
53.8677 -57.5478 3.91706 1.0571e-18 53.246 -57.253 3.9139
53.8401 -56.6532 3.932 1.55584e-23 53.246 -57.253 3.9139
53.0889 -56.9522 3.9054 0.0401103 53.246 -57.253 3.9139
53.4257 -56.8781 3.90979 5.98872e-06 53.246 -57.253 3.9139
52.5937 -57.2106 3.91134 9.0447e-07 53.246 -57.253 3.9139
53.3152 -57.1239 3.90242 0.0013693 53.246 -57.253 3.9139
52.9737 -57.5839 3.90294 0.00096266 53.246 -57.253 3.9139
53.2304 -57.0816 3.92642 1.81824e-08 53.246 -57.253 3.9139
53.2258 -57.289 3.90942 0.149965 53.246 -57.253 3.9139
53.4447 -56.9343 3.91423 2.16221e-05 53.246 -57.253 3.9139
53.5482 -56.938 3.90222 1.69581e-10 53.246 -57.253 3.9139
52.3911 -56.8352 3.91605 7.58996e-18 53.246 -57.253 3.9139
53.0752 -57.4692 3.93908 5.592e-30 53.246 -57.253 3.9139
53.304 -57.5862 3.91747 3.72855e-08 53.246 -57.253 3.9139
53.2884 -56.7421 3.91302 2.74508e-06 53.246 -57.253 3.9139
53.1476 -57.4055 3.91541 0.000824985 53.246 -57.253 3.9139
53.4219 -57.5462 3.90556 7.62892e-07 53.246 -57.253 3.9139
52.8897 -57.1654 3.91272 0.0263246 53.246 -57.253 3.9139
53.3743 -56.5216 3.9113 4.96545e-13 53.246 -57.253 3.9139
52.9129 -57.1748 3.92784 5.69432e-13 53.246 -57.253 3.9139
53.3763 -57.8991 3.90464 2.01865e-14 53.246 -57.253 3.9139
53.1163 -56.9721 3.91805 0.00095664 53.246 -57.253 3.9139
53.0676 -57.445 3.91452 0.000520594 53.246 -57.253 3.9139
53.6352 -57.532 3.91293 3.18385e-11 53.246 -57.253 3.9139
53.4471 -57.5879 3.91092 3.67183e-08 53.246 -57.253 3.9139
53.0562 -57.5017 3.90885 0.00550067 53.246 -57.253 3.9139
53.536 -56.6575 3.89558 2.66347e-21 53.246 -57.253 3.9139
52.9708 -57.5836 3.91404 1.09518e-06 53.246 -57.253 3.9139
53.3561 -57.4303 3.92533 4.32361e-11 53.246 -57.253 3.9139
53.2855 -56.6228 3.9205 3.00198e-10 53.246 -57.253 3.9139
53.2572 -57.0746 3.90521 0.0281906 53.246 -57.253 3.9139
53.6732 -56.645 3.89694 6.27172e-25 53.246 -57.253 3.9139
53.8356 -57.7865 3.90306 2.67576e-23 53.246 -57.253 3.9139
53.6543 -57.1997 3.90805 2.20993e-09 53.246 -57.253 3.9139
53.2953 -57.6914 3.92047 7.24325e-12 53.246 -57.253 3.9139
53.357 -57.7298 3.92429 1.34705e-15 53.246 -57.253 3.9139
53.1415 -57.2749 3.90888 0.624126 53.246 -57.253 3.9139
53.4279 -56.9191 3.89912 1.3296e-09 53.246 -57.253 3.9139
53.5447 -56.9359 3.90096 3.63199e-11 53.246 -57.253 3.9139
52.8316 -57.4808 3.91865 2.43788e-09 53.246 -57.253 3.9139
53.35 -56.5928 3.90535 3.10945e-12 53.246 -57.253 3.9139
53.8233 -56.7144 3.90994 1.30817e-19 53.246 -57.253 3.9139
53.0266 -57.0792 3.91604 0.0111516 53.246 -57.253 3.9139
53.4228 -57.0322 3.91957 1.44755e-05 53.246 -57.253 3.9139
52.9474 -56.9657 3.91145 0.0221546 53.246 -57.253 3.9139
53.1672 -57.4674 3.90014 0.00220503 53.246 -57.253 3.9139
53.5109 -57.712 3.90416 6.56153e-12 53.246 -57.253 3.9139
