268.133 -13.9698 3.78668 2.93655e-09 267.63 -14.414 3.7697
267.761 -14.0135 3.76249 2.84095e-07 267.63 -14.414 3.7697
268.459 -14.6641 3.76167 1.13327e-24 267.63 -14.414 3.7697
267.995 -14.6084 3.76615 9.13182e-07 267.63 -14.414 3.7697
268.359 -13.936 3.76712 2.02003e-19 267.63 -14.414 3.7697
267.321 -14.5797 3.77597 0.000230236 267.63 -14.414 3.7697
267.842 -14.1606 3.76702 4.74923e-05 267.63 -14.414 3.7697
267.32 -14.1893 3.75708 0.0218058 267.63 -14.414 3.7697
267.553 -14.2463 3.78544 6.04321e-08 267.63 -14.414 3.7697
268.293 -14.2968 3.78282 5.82597e-06 267.63 -14.414 3.7697
267.79 -14.1448 3.75691 4.07744e-09 267.63 -14.414 3.7697
267.355 -13.7097 3.77255 1.20729e-12 267.63 -14.414 3.7697
267.089 -15.0207 3.77269 7.56527e-11 267.63 -14.414 3.7697
267.753 -14.5529 3.78385 0.00179963 267.63 -14.414 3.7697
266.742 -14.1351 3.77034 3.95789e-14 267.63 -14.414 3.7697
267.766 -13.7187 3.76782 8.00902e-12 267.63 -14.414 3.7697
267.78 -14.5415 3.78189 0.0111878 267.63 -14.414 3.7697
268.264 -14.2558 3.76979 6.77277e-11 267.63 -14.414 3.7697
267.839 -14.5536 3.76802 0.00277996 267.63 -14.414 3.7697
268.275 -14.3784 3.77393 4.28983e-08 267.63 -14.414 3.7697
267.457 -14.1904 3.75166 9.96246e-06 267.63 -14.414 3.7697
267.575 -14.6574 3.77918 0.00259177 267.63 -14.414 3.7697
267.426 -14.0993 3.75548 0.000193059 267.63 -14.414 3.7697
267.821 -14.3896 3.79531 6.40256e-10 267.63 -14.414 3.7697
267.787 -13.8932 3.77563 6.0203e-08 267.63 -14.414 3.7697
267.857 -14.2068 3.79029 9.67655e-08 267.63 -14.414 3.7697
267.524 -14.0982 3.7687 0.00227842 267.63 -14.414 3.7697
267.72 -14.5364 3.76505 0.00804903 267.63 -14.414 3.7697
268.044 -14.1995 3.77155 4.15344e-06 267.63 -14.414 3.7697
268.248 -14.117 3.78653 2.37306e-07 267.63 -14.414 3.7697
267.697 -13.8046 3.78121 1.15097e-11 267.63 -14.414 3.7697
267.452 -14.2566 3.76327 0.1051 267.63 -14.414 3.7697
267.554 -14.2104 3.77541 0.00242442 267.63 -14.414 3.7697
268.336 -14.4874 3.77072 2.90353e-11 267.63 -14.414 3.7697
267.499 -14.3882 3.78433 6.33007e-07 267.63 -14.414 3.7697
267.887 -14.09 3.75773 2.65988e-11 267.63 -14.414 3.7697
267.726 -14.2339 3.77612 0.00716395 267.63 -14.414 3.7697
267.426 -14.0106 3.75659 3.70107e-05 267.63 -14.414 3.7697
268.485 -14.3021 3.76844 4.56897e-18 267.63 -14.414 3.7697
267.336 -14.1969 3.76882 0.00880426 267.63 -14.414 3.7697
268.018 -14.2217 3.78401 0.000127085 267.63 -14.414 3.7697
267.235 -13.7566 3.76231 6.94411e-09 267.63 -14.414 3.7697
267.878 -14.7164 3.78164 0.00499753 267.63 -14.414 3.7697
267.573 -14.8285 3.77321 0.00247069 267.63 -14.414 3.7697
268.197 -14.8728 3.78215 5.25042e-06 267.63 -14.414 3.7697
267.592 -13.5864 3.78367 3.98829e-20 267.63 -14.414 3.7697
268.284 -14.2468 3.77864 3.12484e-07 267.63 -14.414 3.7697
267.657 -13.896 3.77313 2.62477e-07 267.63 -14.414 3.7697
267.703 -14.1607 3.78585 2.66108e-07 267.63 -14.414 3.7697
267.821 -13.9419 3.78007 7.49076e-08 267.63 -14.414 3.7697
267.778 -14.0974 3.79103 1.25104e-10 267.63 -14.414 3.7697
267.254 -14.0606 3.78141 1.2708e-12 267.63 -14.414 3.7697
268.073 -14.6009 3.77079 8.89987e-06 267.63 -14.414 3.7697
267.804 -14.7486 3.7821 0.00185985 267.63 -14.414 3.7697
267.845 -14.2382 3.77473 0.00438272 267.63 -14.414 3.7697
267.999 -13.5528 3.76036 3.2888e-23 267.63 -14.414 3.7697
268.522 -14.2187 3.78303 2.11437e-10 267.63 -14.414 3.7697
267.33 -14.06 3.77924 1.59746e-09 267.63 -14.414 3.7697
267.892 -14.4137 3.78431 0.00289233 267.63 -14.414 3.7697
267.361 -14.3002 3.77618 0.000147551 267.63 -14.414 3.7697
268.274 -14.147 3.77823 2.97609e-08 267.63 -14.414 3.7697
268.333 -13.3885 3.76111 4.25676e-38 267.63 -14.414 3.7697
268.133 -14.5973 3.77547 7.09278e-05 267.63 -14.414 3.7697
266.793 -14.4092 3.76003 0.00018233 267.63 -14.414 3.7697
268.267 -14.8335 3.77787 9.33957e-08 267.63 -14.414 3.7697
267.833 -14.783 3.7661 1.54238e-05 267.63 -14.414 3.7697
267.939 -14.1418 3.78832 5.188e-07 267.63 -14.414 3.7697
267.665 -14.6406 3.77149 0.0984879 267.63 -14.414 3.7697
268.225 -14.1434 3.78315 8.85041e-07 267.63 -14.414 3.7697
268.311 -14.2025 3.77442 7.87447e-10 267.63 -14.414 3.7697
267.925 -14.1318 3.80406 4.6343e-19 267.63 -14.414 3.7697
267.448 -14.4354 3.78291 1.39531e-06 267.63 -14.414 3.7697
268.254 -13.9014 3.79434 3.85598e-13 267.63 -14.414 3.7697
267.733 -14.4552 3.77228 0.152979 267.63 -14.414 3.7697
267.58 -13.9648 3.7507 8.13597e-11 267.63 -14.414 3.7697
267.843 -14.0192 3.77675 6.54134e-06 267.63 -14.414 3.7697
267.925 -14.4805 3.7775 0.0279375 267.63 -14.414 3.7697
267.814 -13.8849 3.77016 3.04031e-08 267.63 -14.414 3.7697
267.558 -13.9481 3.7883 1.31731e-14 267.63 -14.414 3.7697
267.555 -13.8633 3.77311 4.58392e-08 267.63 -14.414 3.7697
267.81 -14.696 3.77672 0.0208652 267.63 -14.414 3.7697
267.931 -14.3641 3.79049 9.59764e-06 267.63 -14.414 3.7697
268.012 -14.3709 3.77943 0.00437533 267.63 -14.414 3.7697
267.353 -14.0653 3.76513 0.00173363 267.63 -14.414 3.7697
268.023 -13.7442 3.78987 1.20823e-15 267.63 -14.414 3.7697
267.581 -14.2182 3.77345 0.0109472 267.63 -14.414 3.7697
268.165 -13.2625 3.77849 8.60777e-31 267.63 -14.414 3.7697
268.253 -14.6057 3.77079 1.91732e-09 267.63 -14.414 3.7697
267.545 -14.4185 3.77248 0.19523 267.63 -14.414 3.7697
267.306 -14.039 3.76124 0.00141042 267.63 -14.414 3.7697
267.532 -14.2091 3.78724 5.25884e-10 267.63 -14.414 3.7697
268.037 -14.243 3.7755 0.000138892 267.63 -14.414 3.7697
267.386 -14.1627 3.75356 0.000396743 267.63 -14.414 3.7697
267.858 -13.8699 3.78838 1.34615e-12 267.63 -14.414 3.7697
268.458 -13.9301 3.77691 5.49669e-16 267.63 -14.414 3.7697
267.514 -14.5771 3.76977 0.284127 267.63 -14.414 3.7697
268.116 -13.9862 3.76298 9.25506e-15 267.63 -14.414 3.7697
268.454 -13.4774 3.75019 3.3804e-53 267.63 -14.414 3.7697
268.152 -14.2019 3.77895 9.81108e-06 267.63 -14.414 3.7697
267.977 -14.4153 3.78099 0.00966569 267.63 -14.414 3.7697
