132.574 -17.8144 3.38512 1.68977e-07 133.12 -17.901 3.3766
133.003 -18.2354 3.39064 1.79313e-08 133.12 -17.901 3.3766
132.775 -17.5653 3.37186 0.0016568 133.12 -17.901 3.3766
133.166 -17.725 3.37056 0.00607801 133.12 -17.901 3.3766
133.202 -17.8568 3.37392 0.0316159 133.12 -17.901 3.3766
132.979 -17.9837 3.37741 0.0521453 133.12 -17.901 3.3766
133.55 -17.8316 3.36958 1.17525e-07 133.12 -17.901 3.3766
133.399 -18.4098 3.38188 1.56459e-08 133.12 -17.901 3.3766
133.353 -17.9495 3.38736 0.000433072 133.12 -17.901 3.3766
132.763 -17.8808 3.37218 0.013643 133.12 -17.901 3.3766
132.71 -18.248 3.37723 6.34084e-06 133.12 -17.901 3.3766
133.717 -17.6627 3.37561 9.18231e-09 133.12 -17.901 3.3766
132.925 -17.9523 3.36607 0.0014133 133.12 -17.901 3.3766
132.838 -17.6211 3.3783 0.00900255 133.12 -17.901 3.3766
133.744 -17.551 3.35705 5.69273e-23 133.12 -17.901 3.3766
133.362 -18.1295 3.35793 4.37003e-13 133.12 -17.901 3.3766
133.233 -17.5209 3.37878 0.00405454 133.12 -17.901 3.3766
132.607 -17.8066 3.38482 8.25724e-07 133.12 -17.901 3.3766
132.754 -17.7621 3.37827 0.00603795 133.12 -17.901 3.3766
132.834 -17.7119 3.38944 3.57682e-06 133.12 -17.901 3.3766
132.896 -18.134 3.38707 3.60157e-06 133.12 -17.901 3.3766
133.451 -17.8675 3.37353 0.000116127 133.12 -17.901 3.3766
132.637 -18.1202 3.37268 8.03845e-05 133.12 -17.901 3.3766
132.914 -18.0897 3.37046 0.00373782 133.12 -17.901 3.3766
132.614 -17.5689 3.39248 6.73876e-12 133.12 -17.901 3.3766
132.906 -18.1638 3.36547 4.62043e-05 133.12 -17.901 3.3766
132.556 -17.5444 3.36742 3.93337e-06 133.12 -17.901 3.3766
132.282 -18.067 3.36159 2.15375e-10 133.12 -17.901 3.3766
132.969 -18.2358 3.36964 0.000111438 133.12 -17.901 3.3766
133.074 -18.1312 3.36619 5.639e-05 133.12 -17.901 3.3766
133.091 -17.5278 3.37039 0.000834321 133.12 -17.901 3.3766
133.3 -18.2064 3.37008 5.22998e-06 133.12 -17.901 3.3766
132.865 -17.8254 3.39006 3.47834e-06 133.12 -17.901 3.3766
133.141 -17.9016 3.37409 0.0554956 133.12 -17.901 3.3766
133.155 -17.9893 3.37674 0.0394109 133.12 -17.901 3.3766
132.826 -17.5742 3.38282 0.000472434 133.12 -17.901 3.3766
133.057 -17.6504 3.37119 0.0128338 133.12 -17.901 3.3766
133.068 -17.635 3.37597 0.052741 133.12 -17.901 3.3766
132.614 -18.1375 3.37349 2.98469e-05 133.12 -17.901 3.3766
132.876 -17.4946 3.37984 0.001207 133.12 -17.901 3.3766
132.974 -18.8046 3.38159 8.54876e-17 133.12 -17.901 3.3766
133.141 -18.4594 3.38181 2.96453e-08 133.12 -17.901 3.3766
132.919 -17.7775 3.36913 0.0153303 133.12 -17.901 3.3766
132.433 -18.0559 3.37675 9.94286e-08 133.12 -17.901 3.3766
132.967 -18.0663 3.38403 0.000730795 133.12 -17.901 3.3766
132.935 -17.4357 3.38695 1.0455e-05 133.12 -17.901 3.3766
133.117 -18.0745 3.36971 0.00140167 133.12 -17.901 3.3766
132.839 -18.36 3.3853 6.82163e-09 133.12 -17.901 3.3766
133.074 -17.7527 3.36483 0.000150882 133.12 -17.901 3.3766
133.682 -17.8988 3.38389 1.01285e-06 133.12 -17.901 3.3766
133.383 -18.7313 3.39281 1.79224e-19 133.12 -17.901 3.3766
133.037 -17.7975 3.36723 0.00287107 133.12 -17.901 3.3766
133.823 -17.8403 3.38667 3.83651e-09 133.12 -17.901 3.3766
133.104 -17.5169 3.38336 0.0028387 133.12 -17.901 3.3766
133.139 -17.6286 3.37913 0.0432934 133.12 -17.901 3.3766
132.927 -17.8885 3.38646 0.000506731 133.12 -17.901 3.3766
133.106 -18.0851 3.38125 0.00545391 133.12 -17.901 3.3766
133.21 -17.6445 3.38693 0.00213404 133.12 -17.901 3.3766
133.678 -17.6631 3.36382 2.58804e-14 133.12 -17.901 3.3766
132.758 -17.2892 3.38712 2.88061e-09 133.12 -17.901 3.3766
132.906 -17.7528 3.37503 0.0831244 133.12 -17.901 3.3766
132.913 -17.5704 3.37679 0.0134956 133.12 -17.901 3.3766
132.945 -17.9136 3.38443 0.00316541 133.12 -17.901 3.3766
133.098 -17.7329 3.38108 0.0767186 133.12 -17.901 3.3766
132.767 -18.0583 3.38623 2.31235e-06 133.12 -17.901 3.3766
133.073 -17.7926 3.37617 0.15522 133.12 -17.901 3.3766
133.072 -17.6824 3.37807 0.0940106 133.12 -17.901 3.3766
132.721 -17.5224 3.36566 1.60952e-05 133.12 -17.901 3.3766
132.831 -17.9229 3.36615 0.00157162 133.12 -17.901 3.3766
133.056 -17.749 3.38003 0.103792 133.12 -17.901 3.3766
132.923 -18.2179 3.40184 4.55594e-18 133.12 -17.901 3.3766
132.604 -18.4111 3.3844 2.8103e-12 133.12 -17.901 3.3766
132.888 -18.4702 3.37873 2.13107e-08 133.12 -17.901 3.3766
133.537 -17.8345 3.36911 1.18307e-07 133.12 -17.901 3.3766
133.474 -17.9814 3.37774 0.000185916 133.12 -17.901 3.3766
132.64 -17.7952 3.36945 0.000920743 133.12 -17.901 3.3766
133.469 -17.5522 3.36845 4.7025e-08 133.12 -17.901 3.3766
132.553 -17.6487 3.37427 4.61949e-05 133.12 -17.901 3.3766
133.471 -18.227 3.36306 4.84945e-12 133.12 -17.901 3.3766
132.929 -18.1845 3.36934 0.00035046 133.12 -17.901 3.3766
133.295 -17.5174 3.35421 2.74037e-16 133.12 -17.901 3.3766
132.992 -18.4233 3.38749 6.76801e-10 133.12 -17.901 3.3766
133.151 -17.4014 3.37288 9.64817e-05 133.12 -17.901 3.3766
132.764 -17.8352 3.3802 0.00317375 133.12 -17.901 3.3766
133.41 -17.5028 3.37703 8.5579e-05 133.12 -17.901 3.3766
132.679 -18.0948 3.37625 0.000172513 133.12 -17.901 3.3766
132.666 -17.6033 3.37984 9.57276e-05 133.12 -17.901 3.3766
133.093 -17.6668 3.36198 1.44876e-06 133.12 -17.901 3.3766
132.766 -17.9095 3.36295 8.06549e-05 133.12 -17.901 3.3766
132.805 -18.2383 3.38114 7.46206e-06 133.12 -17.901 3.3766
132.606 -18.1334 3.37049 2.90427e-05 133.12 -17.901 3.3766
132.929 -17.8387 3.38071 0.0369662 133.12 -17.901 3.3766
133.07 -17.9959 3.37016 0.00816253 133.12 -17.901 3.3766
132.79 -18.5995 3.36357 1.69355e-12 133.12 -17.901 3.3766
133.039 -17.6322 3.3797 0.0447753 133.12 -17.901 3.3766
133.008 -17.7773 3.38538 0.00549043 133.12 -17.901 3.3766
133.363 -18.5636 3.35906 3.34878e-18 133.12 -17.901 3.3766
132.588 -17.8469 3.37985 3.07977e-05 133.12 -17.901 3.3766
133.142 -17.871 3.38978 0.000208216 133.12 -17.901 3.3766
133.754 -18.0209 3.3765 1.62913e-09 133.12 -17.901 3.3766
