247.084 -19.0961 2.97524 1.56139e-11
247.223 -18.8841 2.9651 1.69647e-07
247.436 -18.9944 2.99828 1.22456e-16
248.284 -19.3135 2.97342 2.37037e-06
247.879 -19.068 2.97428 0.0106746
248.027 -18.955 2.96442 1.57656e-06
248.285 -18.7186 2.98589 0.0189964
247.853 -18.5325 2.96313 8.31727e-07
248.389 -18.7171 2.98403 0.00623639
247.665 -18.8682 2.98105 0.000929265
248.115 -18.9409 2.97491 0.0120585
247.799 -18.6039 2.97422 0.00119921
247.962 -18.7833 2.97044 0.00177942
248.023 -19.0696 2.9749 0.0120765
248.237 -18.5788 2.9743 7.62164e-05
248.044 -18.6862 2.98562 0.00758555
248.15 -18.9103 2.98086 0.122763
247.843 -18.7307 2.99066 1.69428e-05
248.071 -18.6898 2.98068 0.0199292
247.534 -18.5828 2.97698 7.45797e-06
248.926 -18.9272 2.99731 2.00723e-05
247.772 -19.0998 2.98641 0.000685701
247.774 -18.7762 2.981 0.00418962
247.876 -18.6428 2.97253 0.00191455
247.477 -18.5751 2.97111 9.05431e-06
247.401 -19.191 2.95968 4.58842e-09
247.724 -18.7495 2.98499 0.000127397
247.929 -18.8772 2.99111 0.000599284
247.969 -18.1326 2.96886 2.33105e-10
247.506 -18.3156 2.97002 3.49322e-08
248.037 -19.1954 2.98564 0.0342892
247.688 -18.6134 2.9747 0.000459065
247.826 -18.9356 2.98897 0.000460029
247.816 -18.7256 2.97579 0.00843204
248.027 -18.9268 2.99147 0.00459464
248.37 -18.5746 2.97351 2.08487e-06
247.047 -18.6845 2.95595 8.87319e-11
248.51 -18.3152 2.98499 3.01693e-08
248.288 -19.0462 2.96156 4.20233e-12
247.615 -18.3507 2.98155 7.58225e-09
247.469 -18.9745 2.99383 1.94427e-12
247.726 -18.934 2.9645 4.72655e-05
248.583 -18.9191 2.98021 7.38731e-05
248.323 -19.1212 2.97889 0.00405187
248.202 -18.6987 2.96749 1.37085e-06
248.464 -18.797 2.9902 0.0131105
248.232 -19.1198 2.98723 0.133185
248.195 -18.5096 2.95694 2.07593e-14
248.427 -19.2236 2.98494 0.00818853
248.291 -18.3768 2.98687 2.86313e-06
247.795 -19.0462 2.97852 0.0159666
247.43 -18.7156 2.97788 1.94552e-06
248.136 -19.2038 2.97723 0.00463768
248.164 -18.8434 2.99167 0.0122114
247.724 -18.9482 2.97905 0.00705046
248.093 -19.5338 2.98391 3.99043e-05
248.228 -18.6732 2.96517 2.78045e-08
248.182 -18.8148 2.9858 0.0800879
248.029 -19.227 2.97372 0.000647452
248.314 -19.0089 2.97378 0.000146083
248.035 -19.1601 2.98749 0.0308266
247.643 -18.2643 2.96815 3.37474e-08
248.106 -19.0835 2.98115 0.102366
248.664 -19.3769 3.00554 1.43501e-05
248.437 -19.3066 2.99086 0.0096605
248.131 -18.8916 2.9802 0.106421
248.119 -18.5731 2.96562 2.55899e-07
248.37 -18.6278 3.00044 1.33509e-06
247.807 -18.8617 2.98525 0.00239239
247.85 -18.9946 2.98675 0.00422483
248.382 -18.7674 2.99986 6.33539e-05
247.167 -18.4018 2.97572 7.57714e-13
247.629 -19.4105 2.9775 2.73019e-06
247.832 -18.9901 2.97535 0.020791
247.888 -19.203 2.98847 0.00128897
248.09 -18.7649 2.97343 0.00366579
248.197 -18.7806 2.96689 1.22087e-06
247.423 -18.7392 2.9743 1.06664e-05
247.943 -18.9835 2.98264 0.0755078
248.115 -19.05 2.97986 0.0868018
248.824 -18.7401 2.97989 2.92476e-09
247.863 -18.8639 3.00234 3.0475e-11
248.392 -18.587 2.98231 0.000360154
247.629 -19.5242 2.97345 4.01892e-08
247.444 -18.5358 2.95105 2.02215e-11
248.041 -19.2697 2.97177 5.01897e-05
247.819 -18.2913 2.98243 4.04401e-08
247.894 -18.4997 2.98919 1.12275e-06
248.004 -18.2959 2.99154 7.93728e-10
248.075 -19.1623 2.97528 0.00390472
248.15 -18.5816 2.98942 0.00035419
248.075 -18.3171 2.98403 7.3536e-07
248.565 -19.043 2.98101 0.000200293
247.92 -19.2372 2.97374 0.000812768
247.674 -18.5594 2.98208 8.74613e-06
248.227 -18.5181 2.99554 1.45369e-06
247.918 -18.6373 2.95566 4.76004e-11
248.148 -19.0717 2.96869 1.03667e-05
247.634 -19.1131 2.97398 0.000674886
248.545 -18.9231 3.00528 1.26794e-05
