254.268 28.9547 0.0326821 2.55017e-05 254.55 28.984 0.028276
254.264 29.2238 0.0309691 3.27531e-08 254.55 28.984 0.028276
254.478 28.9137 0.0268986 0.0105206 254.55 28.984 0.028276
254.019 28.9958 0.0236822 4.86018e-14 254.55 28.984 0.028276
254.8 29.2372 0.00954328 2.78333e-09 254.55 28.984 0.028276
254.718 28.9613 0.0346799 0.0313013 254.55 28.984 0.028276
254.289 29.2035 0.0322371 1.8918e-07 254.55 28.984 0.028276
254.363 29.062 0.0450528 2.50417e-08 254.55 28.984 0.028276
254.517 29.3701 0.0224023 4.30983e-08 254.55 28.984 0.028276
254.261 28.4987 0.0175715 1.72174e-14 254.55 28.984 0.028276
255.053 28.8054 0.018277 0.000169428 254.55 28.984 0.028276
254.596 29.1183 0.0276372 0.00737746 254.55 28.984 0.028276
254.34 28.7982 0.0219376 1.38709e-06 254.55 28.984 0.028276
254.417 29.7252 0.0184759 2.05591e-20 254.55 28.984 0.028276
255.236 29.1899 0.0199522 4.54895e-08 254.55 28.984 0.028276
254.882 28.9256 0.0184112 0.00452008 254.55 28.984 0.028276
254.95 29.2526 0.0283313 1.81897e-05 254.55 28.984 0.028276
254.595 28.9458 0.0397229 0.00104354 254.55 28.984 0.028276
254.862 28.9715 0.0213372 0.0272722 254.55 28.984 0.028276
254.744 28.9967 0.0350099 0.0123441 254.55 28.984 0.028276
254.767 29.0396 0.0173023 0.000921442 254.55 28.984 0.028276
254.777 29.2231 0.0146127 2.11219e-06 254.55 28.984 0.028276
254.145 28.8819 0.0263511 5.20029e-09 254.55 28.984 0.028276
254.576 29.1637 0.0264319 0.00141166 254.55 28.984 0.028276
254.684 29.1085 0.0284609 0.0195419 254.55 28.984 0.028276
254.889 29.1057 0.0375541 7.81246e-06 254.55 28.984 0.028276
254.492 28.9907 0.0369877 0.00208003 254.55 28.984 0.028276
254.54 29.892 0.0283779 1.65073e-24 254.55 28.984 0.028276
254.254 29.0519 0.0331722 3.13792e-06 254.55 28.984 0.028276
254.714 28.8398 0.0301797 0.311564 254.55 28.984 0.028276
254.786 29.3611 0.0383514 6.60045e-10 254.55 28.984 0.028276
254.505 29.0332 0.0399186 0.000109104 254.55 28.984 0.028276
254.853 29.1998 0.0188711 0.000165666 254.55 28.984 0.028276
254.646 29.1773 0.0208861 0.000303144 254.55 28.984 0.028276
254.88 28.6398 0.0450255 1.3638e-08 254.55 28.984 0.028276
254.494 29.2931 0.052072 2.08509e-17 254.55 28.984 0.028276
254.685 28.9317 0.0488427 1.45451e-09 254.55 28.984 0.028276
254.854 28.7619 0.0329192 0.0239186 254.55 28.984 0.028276
254.331 28.8477 0.0303615 0.000349454 254.55 28.984 0.028276
255.164 29.0952 0.0331618 3.55987e-08 254.55 28.984 0.028276
254.464 29.1592 0.0268529 0.000152279 254.55 28.984 0.028276
255.159 29.1189 0.024895 4.54354e-06 254.55 28.984 0.028276
254.701 28.8428 0.0213096 0.0207034 254.55 28.984 0.028276
254.803 28.9988 0.0342348 0.0101261 254.55 28.984 0.028276
254.377 29.6158 0.00893027 3.28157e-23 254.55 28.984 0.028276
254.34 29.3024 0.0398817 3.47256e-10 254.55 28.984 0.028276
255.118 28.5129 0.00381934 1.41055e-17 254.55 28.984 0.028276
254.398 29.1924 0.0328712 9.59974e-06 254.55 28.984 0.028276
254.136 29.1704 0.0217569 8.88472e-13 254.55 28.984 0.028276
254.921 28.8122 0.0147205 5.15566e-05 254.55 28.984 0.028276
254.446 29.1709 0.0344628 3.75016e-05 254.55 28.984 0.028276
254.803 29.4584 0.0192437 5.93584e-09 254.55 28.984 0.028276
254.694 29.1675 0.018904 0.000187452 254.55 28.984 0.028276
254.878 28.9016 0.0275462 0.107546 254.55 28.984 0.028276
254.174 29.1296 0.0262464 1.29601e-09 254.55 28.984 0.028276
254.303 29.0816 0.0396788 7.33761e-07 254.55 28.984 0.028276
255.171 29.3045 0.0390785 3.41493e-15 254.55 28.984 0.028276
254.413 28.5912 0.035036 0.000216522 254.55 28.984 0.028276
254.36 28.7433 0.0421864 2.06923e-05 254.55 28.984 0.028276
254.706 29.3209 0.0144928 3.28424e-08 254.55 28.984 0.028276
254.71 29.1277 0.0208584 0.00210072 254.55 28.984 0.028276
254.684 29.0644 0.0199785 0.0027568 254.55 28.984 0.028276
254.652 29.2995 0.0372141 2.0228e-07 254.55 28.984 0.028276
254.274 28.8812 0.0314668 4.70922e-05 254.55 28.984 0.028276
254.561 29.2752 0.0465505 2.5393e-12 254.55 28.984 0.028276
254.616 28.8549 0.0227663 0.0206762 254.55 28.984 0.028276
254.254 29.0566 0.0324148 2.84011e-06 254.55 28.984 0.028276
254.163 29.1249 0.0445577 1.91352e-11 254.55 28.984 0.028276
254.883 28.903 0.0456905 4.34453e-09 254.55 28.984 0.028276
254.638 28.9247 0.0295417 0.222801 254.55 28.984 0.028276
254.866 28.9268 0.0332556 0.0159772 254.55 28.984 0.028276
254.582 29.4537 0.0264776 6.64795e-09 254.55 28.984 0.028276
254.358 28.6071 0.0404669 1.26041e-05 254.55 28.984 0.028276
254.678 28.9529 0.0208033 0.0131852 254.55 28.984 0.028276
255.392 29.0583 0.00952259 5.70891e-08 254.55 28.984 0.028276
254.825 29.2259 0.0327195 4.55366e-05 254.55 28.984 0.028276
254.663 28.3982 0.0243406 4.59478e-07 254.55 28.984 0.028276
254.563 29.1001 0.0301022 0.00708026 254.55 28.984 0.028276
254.133 29.0656 0.0331532 7.19666e-09 254.55 28.984 0.028276
254.07 29.0044 0.0315696 4.19484e-10 254.55 28.984 0.028276
254.783 29.5249 0.0324586 1.30955e-11 254.55 28.984 0.028276
254.453 28.9769 0.0277962 0.00479959 254.55 28.984 0.028276
254.088 29.4512 0.0319332 7.01295e-17 254.55 28.984 0.028276
254.711 28.9214 0.0410232 0.000186782 254.55 28.984 0.028276
254.95 29.1023 0.0406639 2.15365e-08 254.55 28.984 0.028276
254.938 28.7996 0.0450007 4.30119e-09 254.55 28.984 0.028276
254.657 28.8271 0.0490341 6.07474e-09 254.55 28.984 0.028276
255.021 29.2519 0.0290499 1.95303e-06 254.55 28.984 0.028276
254.882 29.0314 0.0339097 0.00172818 254.55 28.984 0.028276
254.354 29.2795 0.0324079 9.69052e-08 254.55 28.984 0.028276
254.61 29.3195 0.0265292 8.7756e-06 254.55 28.984 0.028276
254.653 28.8597 0.0172605 0.000275832 254.55 28.984 0.028276
255.048 29.3002 0.0368662 5.03472e-11 254.55 28.984 0.028276
254.417 28.3666 0.0299152 2.3748e-08 254.55 28.984 0.028276
254.12 28.8738 0.0387615 2.75231e-08 254.55 28.984 0.028276
254.675 28.8701 0.0150966 3.16631e-05 254.55 28.984 0.028276
254.687 28.9349 0.0329253 0.114059 254.55 28.984 0.028276
255.011 29.3772 0.0237518 7.21297e-08 254.55 28.984 0.028276
254.807 29.422 0.0328831 4.41806e-09 254.55 28.984 0.028276
255.046 29.1275 0.0245189 0.000193626 254.55 28.984 0.028276
