93.8552 -28.8204 3.46841 0.0173297 93.663 -28.982 3.4735
94.0348 -29.1598 3.45484 3.69931e-11 93.663 -28.982 3.4735
93.2513 -28.6848 3.47059 0.000868968 93.663 -28.982 3.4735
93.8215 -29.0487 3.46337 0.00118688 93.663 -28.982 3.4735
93.8447 -28.9614 3.46572 0.00601944 93.663 -28.982 3.4735
93.5746 -28.771 3.49488 3.49851e-16 93.663 -28.982 3.4735
93.9546 -28.612 3.45467 2.05665e-13 93.663 -28.982 3.4735
93.5706 -29.3401 3.4842 1.18654e-13 93.663 -28.982 3.4735
93.7411 -29.022 3.44912 3.89515e-13 93.663 -28.982 3.4735
93.7493 -28.5316 3.46647 0.000250293 93.663 -28.982 3.4735
94.3921 -29.164 3.46497 7.24861e-14 93.663 -28.982 3.4735
94.0436 -28.5119 3.46238 8.65546e-10 93.663 -28.982 3.4735
93.3082 -29.2214 3.46923 5.30663e-05 93.663 -28.982 3.4735
93.3908 -29.0964 3.48471 2.15967e-10 93.663 -28.982 3.4735
93.5522 -28.6368 3.48067 0.0011613 93.663 -28.982 3.4735
93.9564 -28.607 3.4699 0.000266306 93.663 -28.982 3.4735
93.8851 -28.6785 3.46962 0.00430917 93.663 -28.982 3.4735
93.4742 -28.5245 3.46732 0.000563367 93.663 -28.982 3.4735
93.4679 -29.236 3.48033 1.16593e-08 93.663 -28.982 3.4735
93.6213 -28.9374 3.47218 0.160658 93.663 -28.982 3.4735
93.75 -29.0944 3.46727 0.0120594 93.663 -28.982 3.4735
93.5426 -29.1123 3.4844 1.93251e-09 93.663 -28.982 3.4735
94.1025 -28.7352 3.48613 2.55578e-10 93.663 -28.982 3.4735
93.8785 -28.85 3.48416 5.70387e-07 93.663 -28.982 3.4735
94.3209 -28.8837 3.46979 6.73858e-10 93.663 -28.982 3.4735
93.6925 -28.6594 3.46576 0.00497059 93.663 -28.982 3.4735
93.4879 -28.7263 3.45869 4.03498e-06 93.663 -28.982 3.4735
93.5781 -28.6322 3.46457 0.00138017 93.663 -28.982 3.4735
93.4919 -28.6322 3.49157 6.50004e-12 93.663 -28.982 3.4735
93.849 -28.287 3.47301 8.90888e-07 93.663 -28.982 3.4735
93.2794 -29.1612 3.47108 6.52293e-05 93.663 -28.982 3.4735
93.8444 -29.2965 3.48194 2.86226e-11 93.663 -28.982 3.4735
93.4153 -29.4856 3.48193 5.38449e-16 93.663 -28.982 3.4735
94.2024 -28.5477 3.46998 9.4229e-09 93.663 -28.982 3.4735
94.1344 -29.4109 3.47964 1.53518e-15 93.663 -28.982 3.4735
93.3692 -28.9029 3.46617 0.0134371 93.663 -28.982 3.4735
93.9568 -29.2528 3.45431 7.74318e-11 93.663 -28.982 3.4735
92.9477 -29.6298 3.45446 4.1061e-19 93.663 -28.982 3.4735
93.2944 -28.8547 3.46026 1.79224e-05 93.663 -28.982 3.4735
93.5594 -28.7716 3.47348 0.184798 93.663 -28.982 3.4735
94.3341 -28.9633 3.46308 4.32501e-12 93.663 -28.982 3.4735
93.7245 -28.7338 3.46111 9.33833e-05 93.663 -28.982 3.4735
93.1301 -28.6075 3.46048 1.75443e-09 93.663 -28.982 3.4735
93.4039 -28.9291 3.46888 0.04591 93.663 -28.982 3.4735
93.279 -29.1183 3.4798 4.30097e-08 93.663 -28.982 3.4735
93.7635 -28.3663 3.45431 1.18296e-16 93.663 -28.982 3.4735
93.5098 -29.5476 3.46562 7.35459e-09 93.663 -28.982 3.4735
93.9798 -29.8985 3.47726 8.49229e-27 93.663 -28.982 3.4735
94.0084 -29.0704 3.45771 1.52246e-08 93.663 -28.982 3.4735
93.8756 -28.8992 3.45747 3.01394e-07 93.663 -28.982 3.4735
94.1659 -28.9614 3.48561 1.09327e-12 93.663 -28.982 3.4735
93.2747 -28.8543 3.46106 2.8976e-05 93.663 -28.982 3.4735
93.8806 -28.9638 3.47684 0.000630414 93.663 -28.982 3.4735
93.5591 -28.9299 3.49001 2.94975e-12 93.663 -28.982 3.4735
93.1271 -28.6761 3.47682 2.24428e-06 93.663 -28.982 3.4735
93.9162 -29.3375 3.46732 1.13106e-06 93.663 -28.982 3.4735
93.9689 -28.5035 3.47029 2.20849e-05 93.663 -28.982 3.4735
93.2425 -28.5822 3.45856 1.18004e-09 93.663 -28.982 3.4735
94.318 -29.0029 3.47782 1.45107e-11 93.663 -28.982 3.4735
93.5204 -29.013 3.47113 0.063111 93.663 -28.982 3.4735
93.7429 -28.7316 3.46935 0.0727506 93.663 -28.982 3.4735
93.5221 -28.8221 3.49256 4.51692e-14 93.663 -28.982 3.4735
94.0715 -28.8592 3.45793 8.69466e-10 93.663 -28.982 3.4735
93.6544 -28.9146 3.47269 0.159188 93.663 -28.982 3.4735
93.5332 -29.1446 3.47205 0.00358228 93.663 -28.982 3.4735
93.5208 -29.1558 3.44977 1.40133e-11 93.663 -28.982 3.4735
93.3948 -29.2336 3.47024 0.00014384 93.663 -28.982 3.4735
93.0267 -29.0812 3.45785 3.39754e-10 93.663 -28.982 3.4735
93.4604 -28.8761 3.46455 0.01793 93.663 -28.982 3.4735
94.0333 -29.2075 3.47827 4.18947e-09 93.663 -28.982 3.4735
93.4183 -28.6829 3.46824 0.0147611 93.663 -28.982 3.4735
93.918 -28.7056 3.48393 1.62597e-06 93.663 -28.982 3.4735
93.6341 -28.5524 3.45705 1.34323e-09 93.663 -28.982 3.4735
93.7137 -28.9526 3.46934 0.123018 93.663 -28.982 3.4735
93.7978 -29.4726 3.48609 2.489e-19 93.663 -28.982 3.4735
93.9614 -28.585 3.46883 8.45519e-05 93.663 -28.982 3.4735
93.9327 -29.2356 3.47017 1.31427e-05 93.663 -28.982 3.4735
93.8347 -29.2353 3.47124 7.31642e-05 93.663 -28.982 3.4735
93.6123 -28.9669 3.48362 1.01783e-06 93.663 -28.982 3.4735
93.9153 -28.9385 3.46115 2.48989e-05 93.663 -28.982 3.4735
94.0784 -29.1449 3.47887 4.053e-09 93.663 -28.982 3.4735
93.4485 -29.4072 3.47072 3.69516e-07 93.663 -28.982 3.4735
93.4493 -28.982 3.46409 0.011609 93.663 -28.982 3.4735
93.999 -28.7029 3.48334 5.14342e-07 93.663 -28.982 3.4735
93.838 -29.0594 3.47847 3.55884e-05 93.663 -28.982 3.4735
93.2122 -29.2804 3.45518 7.86155e-10 93.663 -28.982 3.4735
93.5034 -29.0696 3.47353 0.00715218 93.663 -28.982 3.4735
93.5826 -28.593 3.47918 0.00374698 93.663 -28.982 3.4735
93.7998 -28.7915 3.46913 0.0509938 93.663 -28.982 3.4735
93.6956 -29.1623 3.47775 1.7881e-05 93.663 -28.982 3.4735
93.5942 -29.0658 3.47347 0.0129984 93.663 -28.982 3.4735
93.6436 -29.3892 3.44465 5.39769e-18 93.663 -28.982 3.4735
93.9726 -28.7457 3.46408 2.3208e-05 93.663 -28.982 3.4735
93.129 -28.8154 3.4571 1.21257e-09 93.663 -28.982 3.4735
93.8183 -28.8861 3.46369 0.00232873 93.663 -28.982 3.4735
93.237 -29.2377 3.46396 5.51192e-06 93.663 -28.982 3.4735
93.2966 -28.0588 3.47879 4.85273e-12 93.663 -28.982 3.4735
94.2473 -28.7645 3.45749 2.62743e-14 93.663 -28.982 3.4735
93.0728 -29.1445 3.47056 1.18577e-07 93.663 -28.982 3.4735
93.24 -29.0428 3.46599 0.000317112 93.663 -28.982 3.4735
