-20.5785 -7.16404 0.712089 1.06638e-05
-20.1532 -6.93412 0.724444 5.32015e-07
-20.1384 -6.7652 0.730416 1.27889e-14
-19.693 -6.73366 0.707562 3.90371e-13
-20.1732 -6.90945 0.725786 5.59664e-08
-20.0243 -6.49755 0.699479 4.70918e-15
-20.5918 -6.47851 0.730048 7.84789e-26
-20.0749 -6.80537 0.724952 8.75158e-11
-19.6812 -7.43862 0.711006 1.39093e-08
-19.7123 -7.25606 0.718336 5.09093e-07
-20.2513 -7.29935 0.722773 0.215366
-20.1342 -6.76249 0.742541 1.99123e-25
-20.1383 -6.98226 0.716426 0.000170529
-20.2533 -6.86916 0.723588 7.32831e-08
-20.6332 -6.8914 0.722695 1.17796e-09
-20.1594 -7.84901 0.733569 0.00248585
-19.8426 -7.18903 0.699782 1.42446e-09
-20.0511 -7.09677 0.729062 1.92921e-06
-20.6079 -7.23157 0.721027 0.000375788
-20.4125 -7.07097 0.730526 1.80547e-06
-20.674 -7.12571 0.715955 1.42833e-06
-19.6331 -7.64113 0.739692 4.28809e-14
-20.169 -7.25277 0.706302 9.70422e-05
-19.9764 -7.13564 0.741408 1.29957e-14
-20.2557 -6.64675 0.71395 6.77289e-11
-19.6209 -6.97942 0.710901 5.79618e-11
-20.7589 -6.9648 0.723442 2.34301e-10
-20.1252 -7.30847 0.713095 0.0168156
-20.463 -7.56417 0.729672 0.124384
-20.2534 -7.16114 0.723985 0.00838467
-20.3793 -7.35543 0.71003 0.000354652
-20.6176 -6.80662 0.719776 8.80018e-11
-20.1172 -6.68175 0.729267 1.03674e-16
-20.3146 -6.47727 0.727008 4.14819e-22
-20.1652 -6.67734 0.717944 4.95006e-11
-19.9524 -6.81107 0.738602 6.46138e-22
-19.8504 -7.29981 0.717357 0.000212027
-20.4302 -7.29369 0.744874 9.68481e-11
-20.2274 -7.11841 0.735193 5.76167e-08
-20.2569 -7.81338 0.720649 0.00056712
-20.022 -7.32618 0.723777 0.0162269
-20.3341 -7.16366 0.731002 7.97728e-05
-20.2245 -7.07202 0.721326 0.00151074
-20.3255 -6.99131 0.716381 0.000216171
-20.3842 -7.54751 0.72098 0.133272
-20.6439 -6.32142 0.730998 2.39755e-34
-19.5419 -7.10837 0.726258 8.08768e-15
-20.5248 -7.36171 0.712808 0.000173422
-20.186 -7.05278 0.719877 0.00110451
-19.9569 -6.68333 0.708495 1.37084e-10
-19.8793 -7.08232 0.715481 2.1909e-05
-20.166 -6.76953 0.704849 1.69944e-08
-20.5152 -6.76188 0.695877 4.1579e-15
-19.8476 -7.03362 0.722967 7.7768e-08
-19.7731 -6.98514 0.712926 5.61755e-08
-20.3609 -6.77496 0.724389 1.11447e-10
-19.8494 -7.09233 0.709903 4.90583e-06
-20.1714 -6.98234 0.73922 1.61009e-14
-20.152 -7.54915 0.713847 0.00271982
-20.4117 -6.93122 0.709247 1.88151e-06
-20.4584 -7.12913 0.699981 5.78302e-10
-20.2331 -6.86119 0.694144 2.67953e-12
-19.9845 -6.73355 0.726686 1.18167e-14
-20.5655 -7.20381 0.726713 0.000266401
-20.1464 -7.75077 0.741638 2.75178e-05
-20.0473 -7.64598 0.711115 4.97645e-06
-20.0933 -7.00479 0.713724 0.000247384
-20.1412 -6.58007 0.720103 8.61806e-15
-20.09 -6.71549 0.7019 4.32988e-10
-20.5945 -6.80141 0.71723 3.05964e-10
-19.8718 -7.3353 0.734846 3.20843e-08
-20.3623 -6.75795 0.721762 3.58114e-10
-20.5515 -7.62762 0.727789 0.0214499
-20.3837 -6.39854 0.733808 2.86494e-31
-20.5313 -6.72532 0.711377 6.53652e-11
-20.2658 -6.93455 0.732489 1.67899e-10
-20.3937 -6.8606 0.702752 4.50566e-09
-19.9236 -7.65936 0.725057 0.000709401
-20.168 -7.82113 0.716611 9.19269e-06
-20.2963 -7.3541 0.705088 3.56674e-06
-20.6517 -6.72075 0.732563 5.44037e-19
-20.9774 -7.2487 0.707775 1.41919e-16
-20.132 -7.60997 0.740099 4.80201e-05
-19.8212 -7.22482 0.720294 2.20603e-05
-20.127 -7.00445 0.706131 1.74975e-05
-20.5968 -7.14272 0.725561 2.99546e-05
-20.6916 -7.04815 0.71224 2.25759e-08
-20.0375 -7.11893 0.724302 0.000163369
-20.1039 -7.20395 0.706374 0.000100724
-20.3226 -6.94718 0.730305 6.72965e-09
-19.7572 -7.02085 0.718487 1.96551e-08
-19.9713 -7.04246 0.728559 4.00472e-08
-20.2633 -6.5782 0.713217 1.20964e-12
-20.1701 -7.46644 0.719532 0.241933
-20.5292 -7.08422 0.722572 6.81484e-05
-19.894 -7.24028 0.724347 7.83268e-05
-19.8364 -6.65181 0.729273 2.52071e-21
-20.3038 -7.21297 0.736322 1.43316e-06
-20.3833 -7.35677 0.720776 0.192568
-20.0543 -7.48642 0.729333 0.0176895
