-1.74694 -95.0601 3.13913 1.37745e-05 -2.0089 -94.649 3.1499
-2.1073 -94.5711 3.14759 0.0346489 -2.0089 -94.649 3.1499
-1.97362 -94.6723 3.13896 0.00106056 -2.0089 -94.649 3.1499
-2.4702 -95.0112 3.13916 0.000421222 -2.0089 -94.649 3.1499
-1.97474 -93.941 3.15328 6.54072e-08 -2.0089 -94.649 3.1499
-2.07059 -94.8412 3.15112 0.115804 -2.0089 -94.649 3.1499
-2.14353 -95.133 3.16595 3.33633e-05 -2.0089 -94.649 3.1499
-2.01713 -95.0395 3.14014 0.00128335 -2.0089 -94.649 3.1499
-2.51179 -94.5803 3.15708 0.000147869 -2.0089 -94.649 3.1499
-2.32368 -94.5436 3.13609 0.000178456 -2.0089 -94.649 3.1499
-2.4615 -94.209 3.15281 3.80317e-06 -2.0089 -94.649 3.1499
-2.00308 -94.216 3.13854 6.67644e-07 -2.0089 -94.649 3.1499
-1.90487 -95.2173 3.16514 3.78608e-05 -2.0089 -94.649 3.1499
-1.97616 -94.4358 3.12866 1.08732e-08 -2.0089 -94.649 3.1499
-2.89985 -94.3895 3.13115 1.54527e-10 -2.0089 -94.649 3.1499
-1.735 -95.0764 3.15664 0.00213053 -2.0089 -94.649 3.1499
-1.59025 -95.1618 3.15963 5.33143e-05 -2.0089 -94.649 3.1499
-2.58754 -94.7875 3.13623 7.42164e-05 -2.0089 -94.649 3.1499
-1.87514 -94.641 3.15146 0.0505561 -2.0089 -94.649 3.1499
-2.23511 -94.4436 3.15894 0.00283965 -2.0089 -94.649 3.1499
-1.83902 -94.3151 3.16441 0.000596743 -2.0089 -94.649 3.1499
-0.952764 -94.3102 3.15805 1.58843e-13 -2.0089 -94.649 3.1499
-1.96478 -94.4694 3.13759 4.51203e-05 -2.0089 -94.649 3.1499
-2.06446 -95.2909 3.13411 1.21661e-06 -2.0089 -94.649 3.1499
-1.95794 -94.646 3.14034 0.00173264 -2.0089 -94.649 3.1499
-2.39579 -94.5557 3.13733 0.000257449 -2.0089 -94.649 3.1499
-1.66601 -94.7264 3.17238 0.000211121 -2.0089 -94.649 3.1499
-2.25921 -94.7199 3.13238 8.22868e-05 -2.0089 -94.649 3.1499
-1.52446 -94.4728 3.16618 0.000184514 -2.0089 -94.649 3.1499
-1.3362 -95.2402 3.13543 1.78486e-13 -2.0089 -94.649 3.1499
-2.54958 -94.1426 3.1557 6.21856e-08 -2.0089 -94.649 3.1499
-2.40146 -94.3262 3.14098 2.7557e-05 -2.0089 -94.649 3.1499
-1.55601 -94.5131 3.14393 3.14018e-06 -2.0089 -94.649 3.1499
-1.63095 -94.7281 3.12079 2.70091e-15 -2.0089 -94.649 3.1499
-2.34805 -94.8598 3.145 0.0143986 -2.0089 -94.649 3.1499
-1.51399 -94.9288 3.14354 2.71406e-06 -2.0089 -94.649 3.1499
-1.89006 -94.4431 3.14809 0.00344544 -2.0089 -94.649 3.1499
-1.73994 -94.843 3.14777 0.00468997 -2.0089 -94.649 3.1499
-1.89735 -94.7626 3.15806 0.0851551 -2.0089 -94.649 3.1499
-1.78749 -94.8535 3.16122 0.0205148 -2.0089 -94.649 3.1499
-2.14785 -94.5844 3.15994 0.0196239 -2.0089 -94.649 3.1499
-2.48563 -94.5242 3.17072 3.61952e-08 -2.0089 -94.649 3.1499
-1.48582 -94.6837 3.14352 1.43185e-06 -2.0089 -94.649 3.1499
-2.44187 -94.5844 3.13593 0.000119994 -2.0089 -94.649 3.1499
-2.01535 -94.1592 3.1235 4.84596e-14 -2.0089 -94.649 3.1499
-2.61011 -94.075 3.14995 5.08106e-09 -2.0089 -94.649 3.1499
-1.30384 -94.5405 3.16558 3.58329e-06 -2.0089 -94.649 3.1499
-1.16666 -94.6051 3.16104 6.79791e-08 -2.0089 -94.649 3.1499
-1.99638 -95.0106 3.14814 0.0215004 -2.0089 -94.649 3.1499
-1.58006 -94.8014 3.15089 0.000766843 -2.0089 -94.649 3.1499
-2.34153 -94.8289 3.14463 0.0157034 -2.0089 -94.649 3.1499
-2.50374 -94.2488 3.14863 5.2763e-06 -2.0089 -94.649 3.1499
-2.1361 -94.7677 3.14621 0.0635331 -2.0089 -94.649 3.1499
-1.79633 -95.0641 3.15386 0.0049109 -2.0089 -94.649 3.1499
-2.23861 -94.2443 3.14352 3.46461e-05 -2.0089 -94.649 3.1499
-1.62141 -94.4535 3.16314 0.00099519 -2.0089 -94.649 3.1499
-1.96162 -94.9841 3.15333 0.0386767 -2.0089 -94.649 3.1499
-1.61926 -94.7609 3.15278 0.00296617 -2.0089 -94.649 3.1499
-1.88861 -94.4355 3.16366 0.004699 -2.0089 -94.649 3.1499
-2.33212 -94.8593 3.1588 0.00306822 -2.0089 -94.649 3.1499
-2.0752 -94.8515 3.15112 0.110894 -2.0089 -94.649 3.1499
-2.07286 -95.088 3.14364 0.00384279 -2.0089 -94.649 3.1499
-2.29549 -94.3672 3.17053 9.79569e-07 -2.0089 -94.649 3.1499
-1.83461 -94.4323 3.13691 2.30089e-06 -2.0089 -94.649 3.1499
-2.03286 -93.541 3.14381 2.51995e-17 -2.0089 -94.649 3.1499
-1.86351 -94.4177 3.15852 0.00838691 -2.0089 -94.649 3.1499
-2.61974 -94.566 3.14829 7.64824e-05 -2.0089 -94.649 3.1499
-2.45517 -94.9639 3.14268 0.00166434 -2.0089 -94.649 3.1499
-2.66105 -94.8401 3.14113 6.5773e-05 -2.0089 -94.649 3.1499
-2.31381 -94.7574 3.14757 0.030566 -2.0089 -94.649 3.1499
-1.70659 -94.4401 3.15825 0.00309557 -2.0089 -94.649 3.1499
-2.24478 -94.6698 3.13737 0.00142191 -2.0089 -94.649 3.1499
-1.68461 -94.3077 3.14011 1.32196e-07 -2.0089 -94.649 3.1499
-2.2018 -95.1167 3.14625 0.00430212 -2.0089 -94.649 3.1499
-1.93483 -94.949 3.13285 8.67822e-06 -2.0089 -94.649 3.1499
-2.2348 -94.7414 3.16177 0.00564622 -2.0089 -94.649 3.1499
-1.74689 -94.6976 3.15197 0.017773 -2.0089 -94.649 3.1499
-2.343 -94.7112 3.14414 0.0130193 -2.0089 -94.649 3.1499
-2.0463 -94.6927 3.16837 0.00147874 -2.0089 -94.649 3.1499
-2.3859 -94.9347 3.15758 0.00112935 -2.0089 -94.649 3.1499
-1.80274 -95.2949 3.15096 5.29434e-05 -2.0089 -94.649 3.1499
-2.10653 -95.1652 3.15569 0.00188694 -2.0089 -94.649 3.1499
-2.02037 -94.6303 3.15094 0.0889836 -2.0089 -94.649 3.1499
-1.3156 -94.3077 3.16645 2.68555e-07 -2.0089 -94.649 3.1499
-1.70174 -94.4943 3.16043 0.00522824 -2.0089 -94.649 3.1499
-1.98856 -94.1882 3.15521 0.000148097 -2.0089 -94.649 3.1499
-2.05984 -94.9193 3.16341 0.00610258 -2.0089 -94.649 3.1499
-1.7717 -94.2954 3.14882 8.39142e-05 -2.0089 -94.649 3.1499
-1.93692 -94.5674 3.16229 0.0236643 -2.0089 -94.649 3.1499
-1.98852 -94.8963 3.16211 0.0175774 -2.0089 -94.649 3.1499
-2.06675 -94.7 3.14919 0.100169 -2.0089 -94.649 3.1499
-2.46875 -94.7372 3.14508 0.00353738 -2.0089 -94.649 3.1499
-1.87391 -94.6281 3.14302 0.00253848 -2.0089 -94.649 3.1499
-1.75259 -94.409 3.13365 1.56465e-08 -2.0089 -94.649 3.1499
-1.9522 -94.5189 3.14467 0.00434337 -2.0089 -94.649 3.1499
-2.53562 -94.993 3.1247 7.82372e-08 -2.0089 -94.649 3.1499
-2.28262 -95.0009 3.14448 0.00901932 -2.0089 -94.649 3.1499
-1.25835 -94.3391 3.14675 1.07855e-10 -2.0089 -94.649 3.1499
-1.9015 -94.8348 3.14361 0.00792213 -2.0089 -94.649 3.1499
-2.32752 -94.9045 3.14221 0.00812237 -2.0089 -94.649 3.1499
