253.263 -19.9995 3.15112 2.89652e-10
253.316 -19.4988 3.13748 0.0344785
253.204 -19.71 3.13974 0.0023783
252.969 -19.6919 3.13927 4.08138e-06
252.968 -19.724 3.13511 0.000230713
253.425 -20.3508 3.12703 1.92112e-11
253.003 -19.535 3.13349 0.0020494
253.061 -19.732 3.15097 4.34916e-13
253.267 -20.0341 3.13956 9.39314e-05
253.125 -19.2638 3.1348 0.000198421
253.114 -19.2061 3.13958 3.59244e-07
253.078 -20.1148 3.13125 5.25057e-06
253.576 -19.6437 3.13267 0.0293016
253.806 -19.8154 3.13716 0.00125358
253.38 -19.55 3.13767 0.0827001
253.441 -19.8969 3.1501 1.9489e-06
252.599 -19.4365 3.12897 5.5535e-08
253.348 -19.5933 3.13026 0.117053
253.57 -19.9303 3.14562 0.000988511
252.654 -19.1346 3.12156 1.60982e-07
253.357 -19.6373 3.12451 0.00273972
253.237 -19.9641 3.14362 8.24023e-06
252.979 -19.9005 3.13455 5.49051e-05
253.249 -19.4137 3.14734 6.5936e-08
253.543 -19.982 3.14523 0.000405299
252.772 -19.196 3.11578 2.58017e-06
253.288 -19.4404 3.12171 0.000500917
252.984 -19.3709 3.12743 0.00357514
252.958 -19.9474 3.14362 4.47814e-10
253.171 -20.3682 3.16135 6.60575e-27
253.19 -19.6351 3.13247 0.0911842
252.984 -20.4786 3.12707 2.67603e-14
252.88 -19.7459 3.13477 1.5875e-05
253.05 -19.8565 3.137 0.000136251
253.685 -19.3984 3.13287 0.000884923
253.35 -19.958 3.13821 0.002994
253.316 -19.7097 3.16137 1.96005e-18
253.105 -19.5311 3.12863 0.0522724
253.399 -19.8749 3.14526 0.000266535
252.655 -19.8601 3.14442 1.2788e-17
253.552 -19.3121 3.14676 1.25959e-05
253.167 -19.6445 3.12591 0.0336433
253.378 -19.2877 3.12916 0.00286007
252.934 -20.3814 3.1404 8.02943e-15
253.32 -19.9589 3.12784 0.000458839
253.148 -19.61 3.1151 1.83634e-06
253.213 -19.7732 3.13083 0.0474584
252.928 -19.8963 3.15144 2.92575e-17
252.91 -19.6559 3.12361 0.00350377
252.975 -19.4848 3.13382 0.000561263
252.423 -19.4652 3.11865 5.29486e-08
252.758 -19.3855 3.1372 1.04582e-09
252.918 -19.9085 3.13932 6.50844e-08
253.035 -19.2828 3.12706 0.00158455
253.197 -19.6471 3.12886 0.0877773
253.007 -19.5832 3.15538 1.33479e-19
253.069 -19.5098 3.14555 7.32248e-09
253.247 -19.6072 3.13381 0.118252
253.484 -19.7104 3.13602 0.143274
253.463 -19.8464 3.11743 4.42041e-10
253.269 -19.3891 3.12714 0.0155902
253.16 -19.3817 3.12579 0.0121537
253.563 -20.1499 3.14411 1.28516e-05
253.243 -20.5796 3.15824 6.33463e-26
252.963 -19.7682 3.1352 0.000133324
253.333 -19.0897 3.11134 1.53832e-13
253.331 -19.7686 3.13908 0.0241906
253.566 -19.7994 3.12994 0.00165946
253.253 -18.9702 3.1339 8.733e-08
253.364 -19.3413 3.11848 8.1151e-07
253.143 -20.0871 3.14458 9.16239e-09
253.797 -20.2124 3.13307 1.92272e-09
253.522 -19.4647 3.15188 2.7052e-07
253.442 -19.5293 3.15627 2.3437e-11
253.526 -19.0638 3.11733 1.75554e-12
253.191 -19.0344 3.1454 1.40824e-12
252.955 -19.5969 3.15766 5.58904e-24
252.689 -19.3367 3.14702 7.27615e-21
253.059 -19.2723 3.14024 1.8484e-07
252.798 -19.6912 3.13094 3.34524e-05
254.099 -19.6792 3.14782 6.16734e-05
252.998 -19.6785 3.13742 8.78152e-05
252.789 -19.4424 3.13997 1.22928e-10
252.723 -19.3369 3.14796 6.42474e-21
253.535 -19.403 3.13414 0.0181293
252.761 -19.3188 3.11461 8.5125e-06
253.571 -19.5857 3.12961 0.00457453
252.632 -19.7639 3.13066 3.93047e-08
252.955 -19.5653 3.12922 0.00647193
253.344 -19.775 3.12873 0.0206691
253.312 -19.3386 3.1274 0.00636497
252.593 -19.6125 3.11565 3.42832e-06
252.903 -20.008 3.1357 2.07302e-07
253.198 -19.8363 3.13872 0.00173109
252.815 -19.58 3.13814 2.98914e-08
253.266 -20.0566 3.11991 1.34717e-08
252.501 -20.012 3.14391 5.19125e-23
253.21 -19.1537 3.1292 0.000181874
253.303 -19.4559 3.14725 8.6126e-07
253.717 -19.7806 3.14132 0.0227721
