150.22 -13.5129 3.32661 0.00665089 150 -13.575 3.3333
150.394 -13.1698 3.35499 4.13694e-10 150 -13.575 3.3333
150.143 -13.2163 3.33336 0.0152569 150 -13.575 3.3333
150.498 -13.9143 3.34249 7.24582e-05 150 -13.575 3.3333
149.969 -13.608 3.33803 0.00666071 150 -13.575 3.3333
150.059 -13.4724 3.3394 0.0144287 150 -13.575 3.3333
149.867 -13.923 3.31344 3.3513e-08 150 -13.575 3.3333
149.639 -13.2082 3.33752 6.06958e-08 150 -13.575 3.3333
149.859 -13.4978 3.34448 5.99813e-07 150 -13.575 3.3333
149.294 -13.7547 3.33265 7.65781e-11 150 -13.575 3.3333
149.756 -13.592 3.3435 1.31216e-06 150 -13.575 3.3333
149.875 -13.2752 3.34073 1.26818e-05 150 -13.575 3.3333
149.656 -13.6806 3.32499 0.000446593 150 -13.575 3.3333
150.07 -12.9319 3.32913 9.03787e-06 150 -13.575 3.3333
149.554 -13.4376 3.33352 1.05393e-05 150 -13.575 3.3333
149.838 -13.3549 3.34329 4.97815e-07 150 -13.575 3.3333
149.935 -13.6396 3.32658 0.0188919 150 -13.575 3.3333
149.969 -13.4898 3.32601 0.0496389 150 -13.575 3.3333
149.818 -13.3456 3.32822 0.0206991 150 -13.575 3.3333
149.385 -14.3006 3.32403 6.28448e-15 150 -13.575 3.3333
149.66 -12.9875 3.33128 1.79501e-07 150 -13.575 3.3333
150.154 -13.3171 3.353 1.56696e-09 150 -13.575 3.3333
150.067 -13.8371 3.32661 0.000605387 150 -13.575 3.3333
149.64 -13.5804 3.31734 0.000164098 150 -13.575 3.3333
149.451 -13.2591 3.34073 1.46154e-13 150 -13.575 3.3333
149.947 -14.0888 3.34478 2.6496e-09 150 -13.575 3.3333
150.254 -13.2581 3.32458 0.000239409 150 -13.575 3.3333
149.773 -13.0741 3.33744 2.49358e-07 150 -13.575 3.3333
149.914 -13.4144 3.33052 0.0682132 150 -13.575 3.3333
150.12 -13.8506 3.3219 2.1347e-05 150 -13.575 3.3333
150.063 -12.9951 3.35518 8.50826e-17 150 -13.575 3.3333
150.468 -13.3707 3.35318 1.02915e-06 150 -13.575 3.3333
150.256 -13.3457 3.3465 0.000163892 150 -13.575 3.3333
149.833 -13.9754 3.32344 5.14484e-06 150 -13.575 3.3333
149.627 -13.5366 3.34181 1.15136e-07 150 -13.575 3.3333
150.131 -13.5675 3.33023 0.0869954 150 -13.575 3.3333
150.583 -13.628 3.33743 0.000889975 150 -13.575 3.3333
150.008 -13.7002 3.33821 0.00483765 150 -13.575 3.3333
149.891 -12.705 3.34125 1.42173e-14 150 -13.575 3.3333
150.566 -13.4048 3.35132 1.76739e-05 150 -13.575 3.3333
150.247 -13.6334 3.33478 0.0672316 150 -13.575 3.3333
149.762 -13.407 3.33165 0.00445681 150 -13.575 3.3333
150.158 -13.2882 3.32481 0.00252197 150 -13.575 3.3333
150.21 -13.3292 3.344 0.000812736 150 -13.575 3.3333
149.611 -13.6461 3.33389 1.87868e-05 150 -13.575 3.3333
149.432 -13.4929 3.33156 5.37152e-07 150 -13.575 3.3333
150.004 -13.3939 3.33606 0.0310615 150 -13.575 3.3333
150.588 -13.4593 3.33129 2.69546e-05 150 -13.575 3.3333
150.74 -13.0224 3.34616 8.27737e-09 150 -13.575 3.3333
149.458 -13.2645 3.34012 7.26313e-13 150 -13.575 3.3333
149.732 -14.1859 3.33509 3.04979e-10 150 -13.575 3.3333
150.284 -13.5632 3.34473 0.00412523 150 -13.575 3.3333
149.664 -13.5589 3.32767 0.00133088 150 -13.575 3.3333
150.127 -13.4203 3.32244 0.00121449 150 -13.575 3.3333
149.421 -13.3472 3.32568 4.66061e-06 150 -13.575 3.3333
150.462 -13.6398 3.34873 0.000346516 150 -13.575 3.3333
149.441 -13.3961 3.31555 8.26515e-06 150 -13.575 3.3333
149.635 -13.4715 3.33853 3.00386e-07 150 -13.575 3.3333
149.907 -13.4835 3.34655 1.47839e-07 150 -13.575 3.3333
151.14 -13.8845 3.33472 1.07627e-17 150 -13.575 3.3333
150.533 -12.8168 3.33739 5.15423e-10 150 -13.575 3.3333
150.134 -13.8347 3.33903 0.00112645 150 -13.575 3.3333
150.086 -13.7028 3.34771 3.90592e-06 150 -13.575 3.3333
150.055 -13.872 3.32693 0.00032655 150 -13.575 3.3333
149.922 -13.6102 3.32927 0.0427851 150 -13.575 3.3333
150.075 -13.3869 3.3295 0.100704 150 -13.575 3.3333
149.94 -13.2014 3.32596 0.0069663 150 -13.575 3.3333
150.28 -13.7038 3.3487 5.5313e-05 150 -13.575 3.3333
150.801 -13.3137 3.34881 1.91032e-06 150 -13.575 3.3333
149.652 -13.0085 3.32431 6.22634e-06 150 -13.575 3.3333
150.237 -13.7801 3.34493 0.000382364 150 -13.575 3.3333
150.297 -13.3914 3.35254 3.17273e-07 150 -13.575 3.3333
149.42 -13.4384 3.31417 3.60102e-06 150 -13.575 3.3333
149.562 -13.4751 3.33139 4.47871e-05 150 -13.575 3.3333
150.009 -13.8479 3.32867 0.00093713 150 -13.575 3.3333
150.014 -13.3125 3.33256 0.0507934 150 -13.575 3.3333
150.018 -13.2831 3.32955 0.042683 150 -13.575 3.3333
149.996 -14.1138 3.33971 7.97032e-08 150 -13.575 3.3333
149.126 -12.9544 3.36312 7.29722e-60 150 -13.575 3.3333
150.523 -13.628 3.3391 0.00485911 150 -13.575 3.3333
150.326 -13.8909 3.33746 0.000594128 150 -13.575 3.3333
150.17 -13.5838 3.32541 0.00370727 150 -13.575 3.3333
149.522 -13.7317 3.34005 1.88355e-09 150 -13.575 3.3333
149.763 -13.7014 3.35348 1.34435e-12 150 -13.575 3.3333
149.799 -13.7863 3.34898 1.03111e-09 150 -13.575 3.3333
149.729 -13.8065 3.33871 2.30223e-06 150 -13.575 3.3333
150.334 -13.409 3.33055 0.0107014 150 -13.575 3.3333
150.217 -13.2782 3.35616 1.37991e-11 150 -13.575 3.3333
150.259 -13.4287 3.32934 0.021393 150 -13.575 3.3333
150.114 -13.1694 3.33208 0.0068637 150 -13.575 3.3333
149.631 -12.9571 3.33826 1.25277e-11 150 -13.575 3.3333
149.851 -13.7701 3.33658 0.000282241 150 -13.575 3.3333
150.205 -13.7165 3.33489 0.0302048 150 -13.575 3.3333
150.135 -13.4037 3.33263 0.140651 150 -13.575 3.3333
149.536 -13.2899 3.34473 1.521e-14 150 -13.575 3.3333
150.23 -13.4858 3.33342 0.124932 150 -13.575 3.3333
149.898 -13.0063 3.32355 4.45632e-05 150 -13.575 3.3333
149.743 -13.7288 3.3428 3.96231e-07 150 -13.575 3.3333
149.949 -13.2814 3.33898 0.00048916 150 -13.575 3.3333
150.307 -13.1161 3.33116 0.000356875 150 -13.575 3.3333
