160.689 22.3779 0.077598 0.016757 160.17 22.348 0.074008
160.963 22.7789 0.0775564 1.33923e-10 160.17 22.348 0.074008
160.366 22.0188 0.0809301 0.00167441 160.17 22.348 0.074008
160.609 22.3964 0.0811348 0.00475542 160.17 22.348 0.074008
160.238 22.5513 0.0808957 0.00042988 160.17 22.348 0.074008
159.99 22.19 0.0673106 1.07873e-08 160.17 22.348 0.074008
160.15 22.3348 0.0675634 5.63449e-05 160.17 22.348 0.074008
160.087 22.1835 0.061418 2.8284e-10 160.17 22.348 0.074008
160.334 22.7353 0.072794 0.000103847 160.17 22.348 0.074008
160.161 22.0031 0.0815564 5.14116e-05 160.17 22.348 0.074008
160.329 22.2785 0.0642284 0.000286044 160.17 22.348 0.074008
159.825 22.6176 0.0643503 5.75166e-15 160.17 22.348 0.074008
160.526 23.0994 0.0578558 9.26449e-15 160.17 22.348 0.074008
160.334 22.7949 0.0830052 4.31441e-08 160.17 22.348 0.074008
160.681 21.9242 0.0827708 1.85828e-06 160.17 22.348 0.074008
159.775 22.3567 0.0514768 1.04937e-27 160.17 22.348 0.074008
160.124 22.3009 0.0486511 6.34369e-21 160.17 22.348 0.074008
159.555 21.7733 0.0673123 3.66584e-28 160.17 22.348 0.074008
159.636 22.1961 0.0887618 3.74918e-15 160.17 22.348 0.074008
160.358 21.6346 0.0637124 4.49578e-15 160.17 22.348 0.074008
159.904 22.0737 0.0914058 8.89453e-11 160.17 22.348 0.074008
160.457 22.0966 0.0751869 0.0430549 160.17 22.348 0.074008
160.275 22.4307 0.079242 0.0155185 160.17 22.348 0.074008
159.967 22.1401 0.0662491 3.51933e-10 160.17 22.348 0.074008
160.286 22.4174 0.0587686 1.05922e-07 160.17 22.348 0.074008
160.517 22.6095 0.0920232 2.98662e-11 160.17 22.348 0.074008
160.126 21.784 0.0802234 1.32227e-08 160.17 22.348 0.074008
159.791 22.6601 0.0889049 6.74731e-15 160.17 22.348 0.074008
160.109 22.1045 0.0782587 0.000182199 160.17 22.348 0.074008
160.023 22.3165 0.0770077 5.08837e-05 160.17 22.348 0.074008
160.86 22.3958 0.0744878 0.000771347 160.17 22.348 0.074008
160.389 22.0635 0.0808218 0.00510611 160.17 22.348 0.074008
159.868 22.648 0.0822438 8.29996e-11 160.17 22.348 0.074008
160.095 22.4451 0.0713705 8.15067e-05 160.17 22.348 0.074008
160.856 21.9575 0.0842541 3.45482e-09 160.17 22.348 0.074008
160.202 22.9379 0.0908457 7.68101e-17 160.17 22.348 0.074008
160.413 22.5153 0.0885058 8.23103e-07 160.17 22.348 0.074008
160.454 22.229 0.0830396 0.00805604 160.17 22.348 0.074008
160.055 22.2362 0.0817866 7.35515e-05 160.17 22.348 0.074008
160.068 22.0135 0.0764405 4.80344e-06 160.17 22.348 0.074008
159.815 21.9864 0.080289 5.76448e-11 160.17 22.348 0.074008
159.74 22.5497 0.0747901 8.53036e-13 160.17 22.348 0.074008
160.755 22.3491 0.0598113 5.11156e-05 160.17 22.348 0.074008
160.653 22.0614 0.0709625 0.0042436 160.17 22.348 0.074008
160.167 22.5971 0.076689 0.000156005 160.17 22.348 0.074008
159.91 22.4587 0.0733222 4.52713e-08 160.17 22.348 0.074008
159.54 22.2002 0.0821527 3.19229e-17 160.17 22.348 0.074008
160.59 22.2737 0.0765095 0.154146 160.17 22.348 0.074008
160.256 22.8996 0.0686538 9.9854e-09 160.17 22.348 0.074008
160.218 22.1986 0.0830222 0.00170283 160.17 22.348 0.074008
160.139 22.281 0.04851 6.79092e-21 160.17 22.348 0.074008
159.699 23.2281 0.0556422 1.52314e-37 160.17 22.348 0.074008
160.693 22.3141 0.0756579 0.0482623 160.17 22.348 0.074008
159.904 22.4556 0.0796737 1.00292e-07 160.17 22.348 0.074008
159.814 21.7531 0.0807697 9.95261e-15 160.17 22.348 0.074008
160.272 22.6391 0.0998457 2.10819e-18 160.17 22.348 0.074008
160.005 22.5796 0.0815678 2.94457e-07 160.17 22.348 0.074008
160.219 22.4338 0.0723908 0.00697363 160.17 22.348 0.074008
160.3 22.345 0.0795723 0.0382902 160.17 22.348 0.074008
160.313 22.1631 0.0850885 0.000823754 160.17 22.348 0.074008
159.633 22.8707 0.071103 1.03702e-21 160.17 22.348 0.074008
160.331 22.3506 0.0663101 0.00352673 160.17 22.348 0.074008
160.374 22.6678 0.0752082 0.00119502 160.17 22.348 0.074008
160.758 21.855 0.079554 2.01508e-07 160.17 22.348 0.074008
160.078 22.5495 0.061396 6.45926e-10 160.17 22.348 0.074008
160.336 22.7999 0.0486631 5.48272e-18 160.17 22.348 0.074008
160.243 22.2768 0.0589499 1.33324e-08 160.17 22.348 0.074008
159.568 22.9904 0.0550074 2.47838e-37 160.17 22.348 0.074008
160.285 22.3626 0.0747914 0.0694254 160.17 22.348 0.074008
159.587 22.3577 0.0698534 1.24141e-18 160.17 22.348 0.074008
160.17 22.1706 0.0795455 0.00211496 160.17 22.348 0.074008
159.673 22.5795 0.0886336 2.2177e-16 160.17 22.348 0.074008
160.08 22.9947 0.0726637 6.18836e-13 160.17 22.348 0.074008
160.07 22.6366 0.0736791 2.24285e-06 160.17 22.348 0.074008
160.459 22.0209 0.0740703 0.00659367 160.17 22.348 0.074008
160.016 22.8849 0.0674631 1.38942e-12 160.17 22.348 0.074008
159.047 22.2794 0.0836108 3.98509e-38 160.17 22.348 0.074008
160.502 22.6357 0.0676339 0.0035634 160.17 22.348 0.074008
160.1 22.2577 0.0823799 0.000233444 160.17 22.348 0.074008
160.236 22.4628 0.0659976 0.000177876 160.17 22.348 0.074008
160.202 22.3246 0.0703009 0.00235762 160.17 22.348 0.074008
160.22 22.5091 0.066409 0.000100669 160.17 22.348 0.074008
160.218 22.4455 0.0656736 8.28302e-05 160.17 22.348 0.074008
160.359 22.1885 0.0744669 0.0922574 160.17 22.348 0.074008
160.358 22.395 0.0749238 0.168352 160.17 22.348 0.074008
159.975 22.0997 0.104301 9.37186e-20 160.17 22.348 0.074008
160.039 22.6348 0.0625478 1.17249e-10 160.17 22.348 0.074008
160.086 22.6821 0.097534 2.62113e-17 160.17 22.348 0.074008
160.523 22.2181 0.0512265 1.81325e-12 160.17 22.348 0.074008
159.813 22.3836 0.0758056 1.06539e-09 160.17 22.348 0.074008
160.668 22.9296 0.0701435 4.43497e-08 160.17 22.348 0.074008
159.732 21.7797 0.0752787 1.48473e-17 160.17 22.348 0.074008
160.193 23.0563 0.0555861 5.37171e-19 160.17 22.348 0.074008
160.646 22.1761 0.0556041 1.49623e-08 160.17 22.348 0.074008
159.984 22.1211 0.0661335 4.84145e-10 160.17 22.348 0.074008
160.507 22.5824 0.0767284 0.0108095 160.17 22.348 0.074008
159.797 22.3804 0.0715046 3.35218e-11 160.17 22.348 0.074008
160.081 22.6585 0.0696235 3.94164e-07 160.17 22.348 0.074008
159.974 21.8773 0.0604038 3.75809e-18 160.17 22.348 0.074008
160.475 22.339 0.0767893 0.28754 160.17 22.348 0.074008
