128.211 20.113 0.068551 2.2465e-05 128.65 20.107 0.066393
128.759 20.2558 0.0839017 1.57823e-16 128.65 20.107 0.066393
129.167 19.8855 0.0636482 3.00291e-06 128.65 20.107 0.066393
128.405 19.5993 0.0647699 0.00205263 128.65 20.107 0.066393
128.758 20.0026 0.0562286 0.0904044 128.65 20.107 0.066393
128.79 20.0551 0.0611845 0.101703 128.65 20.107 0.066393
128.819 19.7287 0.0664281 0.00974072 128.65 20.107 0.066393
129.216 19.5274 0.0555515 4.07916e-10 128.65 20.107 0.066393
128.618 20.1943 0.0903432 1.94611e-22 128.65 20.107 0.066393
128.586 19.653 0.0792908 4.46557e-08 128.65 20.107 0.066393
128.722 19.6757 0.0728566 0.000133545 128.65 20.107 0.066393
128.612 19.5413 0.0717279 7.37148e-05 128.65 20.107 0.066393
128.792 19.9905 0.0801766 3.99356e-10 128.65 20.107 0.066393
129.026 19.7547 0.0730363 1.62155e-07 128.65 20.107 0.066393
129.17 20.1604 0.0612266 6.42639e-07 128.65 20.107 0.066393
129.02 19.8033 0.0587849 0.000714924 128.65 20.107 0.066393
128.888 20.2956 0.0769999 7.21492e-12 128.65 20.107 0.066393
128.982 19.7035 0.0942917 2.66149e-28 128.65 20.107 0.066393
129.123 19.4942 0.0610041 3.18691e-08 128.65 20.107 0.066393
128.957 20.0151 0.0712486 6.96376e-06 128.65 20.107 0.066393
128.901 20.2219 0.0519041 0.000104576 128.65 20.107 0.066393
128.96 20.035 0.0366911 1.42842e-14 128.65 20.107 0.066393
128.642 20.0979 0.0702051 0.00145759 128.65 20.107 0.066393
128.798 19.7256 0.069041 0.00269118 128.65 20.107 0.066393
128.598 19.8463 0.0633597 0.408917 128.65 20.107 0.066393
128.903 19.9155 0.0683339 0.00118588 128.65 20.107 0.066393
128.686 20.5258 0.0742318 1.14923e-12 128.65 20.107 0.066393
128.937 20.0354 0.0793239 2.39607e-11 128.65 20.107 0.066393
128.355 20.1177 0.0626808 0.00699079 128.65 20.107 0.066393
129.127 20.1119 0.0568464 1.05514e-05 128.65 20.107 0.066393
128.834 19.4649 0.0698619 2.95867e-06 128.65 20.107 0.066393
128.2 19.3603 0.066548 6.96616e-09 128.65 20.107 0.066393
128.87 20.4521 0.047389 6.79468e-09 128.65 20.107 0.066393
128.507 20.2233 0.0468835 7.94936e-07 128.65 20.107 0.066393
129.44 20.1615 0.0605776 5.25906e-13 128.65 20.107 0.066393
128.549 19.8846 0.0533461 0.00993629 128.65 20.107 0.066393
128.715 20.115 0.0646003 0.0382244 128.65 20.107 0.066393
129.087 20.6218 0.0441153 1.88398e-15 128.65 20.107 0.066393
129.096 20.0958 0.074139 2.37592e-10 128.65 20.107 0.066393
128.604 19.7864 0.0670413 0.0873795 128.65 20.107 0.066393
129.349 20.1292 0.0700344 1.09892e-13 128.65 20.107 0.066393
129.399 20.0751 0.0554928 3.10645e-11 128.65 20.107 0.066393
129.123 19.821 0.06383 1.30335e-05 128.65 20.107 0.066393
128.818 19.9769 0.0726579 5.99928e-05 128.65 20.107 0.066393
129.226 19.612 0.055138 2.7195e-09 128.65 20.107 0.066393
129.128 20.9661 0.0852193 8.25844e-44 128.65 20.107 0.066393
129.495 20.1337 0.0767612 8.81953e-23 128.65 20.107 0.066393
129.236 19.6905 0.0812877 5.10474e-18 128.65 20.107 0.066393
128.691 20.263 0.064439 0.00178527 128.65 20.107 0.066393
128.391 20.0663 0.0766692 3.13082e-07 128.65 20.107 0.066393
128.635 19.6785 0.0750169 2.46428e-05 128.65 20.107 0.066393
129.109 20.3284 0.070222 5.75305e-11 128.65 20.107 0.066393
128.914 19.7766 0.0566918 0.00395164 128.65 20.107 0.066393
128.915 19.4069 0.0651706 6.28338e-07 128.65 20.107 0.066393
129.088 19.4391 0.0789865 6.73649e-15 128.65 20.107 0.066393
128.454 19.607 0.0736063 3.48648e-05 128.65 20.107 0.066393
129.258 19.6306 0.0636079 2.34381e-09 128.65 20.107 0.066393
129.128 19.5168 0.0785554 1.72602e-14 128.65 20.107 0.066393
128.775 19.1638 0.0425906 1.63188e-21 128.65 20.107 0.066393
129.405 19.853 0.0714975 8.41197e-15 128.65 20.107 0.066393
129.199 19.961 0.0623383 1.15792e-06 128.65 20.107 0.066393
128.975 20.6024 0.0568485 2.26406e-10 128.65 20.107 0.066393
128.595 20.0896 0.0681114 0.0117748 128.65 20.107 0.066393
128.907 20.0028 0.0731328 3.03279e-06 128.65 20.107 0.066393
129.156 19.6374 0.0492356 5.74461e-10 128.65 20.107 0.066393
128.722 19.8027 0.0733887 0.000205361 128.65 20.107 0.066393
129.135 19.9373 0.0748634 1.27569e-10 128.65 20.107 0.066393
128.752 19.9053 0.0662467 0.0760331 128.65 20.107 0.066393
129.231 19.785 0.0570172 1.49642e-07 128.65 20.107 0.066393
128.476 19.7289 0.0769641 3.15726e-06 128.65 20.107 0.066393
128.28 19.5271 0.0476275 6.51818e-12 128.65 20.107 0.066393
129.137 19.4688 0.0643271 5.37679e-09 128.65 20.107 0.066393
129.228 20.2969 0.0612478 1.8464e-09 128.65 20.107 0.066393
129.15 20.297 0.0736058 1.97387e-13 128.65 20.107 0.066393
129.35 20.0775 0.0653241 3.13559e-11 128.65 20.107 0.066393
129.198 19.7785 0.0692514 9.65081e-09 128.65 20.107 0.066393
128.541 20.1365 0.080071 3.7047e-10 128.65 20.107 0.066393
129.24 19.7386 0.085744 1.18422e-22 128.65 20.107 0.066393
128.837 19.7655 0.065631 0.0154925 128.65 20.107 0.066393
128.86 20.0284 0.0913874 6.52132e-24 128.65 20.107 0.066393
128.662 19.9636 0.0766496 2.22684e-06 128.65 20.107 0.066393
128.74 19.6996 0.0703393 0.00162355 128.65 20.107 0.066393
128.075 20.2385 0.0889463 8.84031e-24 128.65 20.107 0.066393
128.589 20.1242 0.0625593 0.0928324 128.65 20.107 0.066393
129.338 19.9367 0.0711546 6.65061e-13 128.65 20.107 0.066393
128.812 20.398 0.0798925 1.75721e-15 128.65 20.107 0.066393
128.584 19.8779 0.0765773 7.72217e-06 128.65 20.107 0.066393
129.281 19.6004 0.0686421 1.86154e-11 128.65 20.107 0.066393
129.345 19.9043 0.0618772 8.95141e-10 128.65 20.107 0.066393
128.825 20.4119 0.0594586 1.60453e-05 128.65 20.107 0.066393
128.989 20.15 0.0525953 8.20113e-05 128.65 20.107 0.066393
129.01 20.1752 0.0737724 1.84924e-09 128.65 20.107 0.066393
128.91 19.5271 0.050226 3.88748e-08 128.65 20.107 0.066393
128.924 19.8096 0.06956 0.000223256 128.65 20.107 0.066393
128.97 19.7701 0.06022 0.00232837 128.65 20.107 0.066393
128.85 20.0709 0.0577367 0.0306763 128.65 20.107 0.066393
128.943 19.3998 0.0659899 1.87582e-07 128.65 20.107 0.066393
129.504 20.3492 0.0775214 7.47637e-27 128.65 20.107 0.066393
128.787 19.8834 0.0817614 5.47003e-11 128.65 20.107 0.066393
128.416 20.2308 0.0566862 0.00106632 128.65 20.107 0.066393
