-32.6949 -21.1435 1.07111 0.000393774
-32.6566 -21.2449 1.07866 3.79971e-05
-33.257 -20.931 1.08572 0.000153619
-32.7209 -21.2916 1.07339 7.50171e-06
-33.0427 -21.2594 1.07101 1.79637e-06
-32.7752 -20.6237 1.07741 0.0250776
-33.1825 -21.2148 1.08941 7.60388e-06
-32.7544 -20.2876 1.0525 6.09944e-08
-33.1949 -20.7397 1.08389 0.000384969
-32.4976 -21.0406 1.07361 0.000229801
-33.1239 -21.2115 1.05542 2.33973e-16
-33.5887 -20.5065 1.0725 6.36605e-12
-32.9728 -20.5926 1.06833 0.0257813
-32.3726 -20.5339 1.08334 2.49233e-10
-32.8979 -20.49 1.06129 0.000649901
-33.2466 -21.0295 1.07139 1.6361e-05
-32.4362 -21.1126 1.0738 7.22376e-06
-32.0279 -20.8724 1.08364 8.98126e-17
-33.3285 -20.8786 1.06498 2.87144e-08
-32.372 -20.926 1.08747 4.91662e-10
-32.8271 -20.9699 1.07973 0.0549301
-33.0176 -21.0539 1.07685 0.0157037
-32.5784 -21.0134 1.07321 0.0026481
-32.4971 -20.9824 1.07467 0.000559875
-32.8861 -21.0344 1.07213 0.0173468
-32.8284 -20.4943 1.05795 9.702e-05
-32.9503 -21.056 1.0729 0.00987791
-32.9327 -20.2597 1.07942 9.96169e-08
-33.1038 -21.0385 1.08772 0.000412881
-33.206 -20.5756 1.06468 1.0373e-05
-32.3816 -20.348 1.08235 1.92795e-12
-32.8724 -20.5697 1.07316 0.06227
-32.9317 -20.9159 1.07538 0.165706
-33.0713 -20.6559 1.08686 3.63133e-05
-33.2451 -21.151 1.06011 3.0548e-13
-32.6813 -20.607 1.08047 0.000626137
-33.247 -20.5979 1.08669 8.02258e-07
-32.8202 -20.18 1.07202 5.8936e-07
-32.3738 -20.6594 1.07149 7.46215e-05
-33.552 -21.2024 1.08277 3.49959e-10
-32.936 -20.8196 1.08049 0.0716289
-32.9711 -20.615 1.0582 1.62892e-05
-32.6893 -20.5838 1.07625 0.00881254
-33.1943 -20.7229 1.08077 0.00147355
-32.6439 -20.943 1.06823 0.00829329
-32.9013 -20.4732 1.06803 0.00996547
-32.5552 -21.2089 1.06845 1.39245e-06
-32.5802 -20.3282 1.05621 4.4994e-06
-33.311 -20.9035 1.08936 3.60362e-06
-32.5735 -20.1507 1.08432 3.29946e-15
-32.7532 -20.5081 1.07846 0.000876211
-32.8579 -21.1876 1.05581 1.35156e-12
-33.1774 -21.1621 1.08147 0.000228675
-32.8049 -20.8085 1.08033 0.0470208
-32.5375 -20.3377 1.07568 7.23121e-07
-33.4659 -21.0088 1.08238 3.42075e-07
-32.4049 -21.4093 1.06087 1.81694e-15
-33.3746 -20.2725 1.0688 1.88208e-10
-32.4899 -20.5999 1.08654 1.91528e-09
-33.1358 -20.5974 1.08591 1.1076e-05
-32.6241 -20.4125 1.07701 2.24752e-05
-32.5777 -20.2124 1.07377 5.57968e-08
-32.8191 -20.9762 1.07153 0.0475418
-33.229 -20.7793 1.0782 0.00188617
-32.8476 -20.7811 1.0852 0.0014441
-32.5878 -21.0713 1.04707 7.34688e-17
-33.4236 -21.2216 1.07005 1.30014e-11
-32.5363 -20.7773 1.07747 0.00167776
-33.7106 -20.8423 1.06313 5.10623e-19
-32.7468 -20.7666 1.07621 0.135947
-32.6343 -21.8825 1.08411 6.05793e-20
-33.4226 -20.4465 1.06617 5.71229e-10
-32.6025 -20.9103 1.06071 5.70615e-05
-33.0619 -20.638 1.07859 0.00989062
-32.46 -21.3045 1.06037 1.35546e-12
-32.8248 -21.0835 1.08312 0.00397453
-32.7803 -21.0645 1.07352 0.0133424
-32.7445 -21.0464 1.08064 0.00776086
-33.0856 -20.3118 1.07048 1.14665e-05
-32.7955 -20.1998 1.07871 7.39873e-09
-32.8784 -20.5023 1.08575 1.60179e-06
-32.5845 -20.6728 1.07009 0.0277452
-32.7455 -20.7209 1.07521 0.141849
-33.407 -21.2759 1.07898 6.43607e-09
-32.6101 -20.6166 1.05242 4.19682e-07
-33.3079 -20.8367 1.05717 2.11923e-12
-32.8997 -21.0749 1.07738 0.0225881
-33.0465 -20.6533 1.08224 0.00218436
-33.0712 -20.9227 1.08883 0.000227112
-32.9319 -20.5217 1.06672 0.0113065
-32.4793 -21.1925 1.08845 2.68113e-09
-32.4915 -20.5758 1.05692 2.52577e-05
-32.9039 -20.605 1.06637 0.0309018
-31.9741 -21.2863 1.05071 1.32068e-25
-33.1153 -20.0503 1.07238 3.20661e-11
-33.3292 -20.9705 1.06266 2.03812e-10
-32.6282 -20.486 1.06111 0.00127456
-32.5657 -21.0846 1.07794 0.000316619
-33.1155 -20.6346 1.06785 0.00178626
-32.9587 -20.7868 1.08441 0.00484892
