158.724 22.3309 0.0875095 0.0327449
158.718 22.1708 0.0889592 0.000578367
158.66 22.7214 0.0725097 0.000612916
158.891 22.4845 0.0705575 0.00110562
158.269 22.5207 0.0575635 5.12282e-25
158.979 22.3056 0.0823915 0.0146712
158.971 21.9976 0.0714022 1.46065e-10
158.252 22.093 0.0980338 2.80752e-11
158.599 22.3244 0.0861179 0.0125639
158.55 22.728 0.0812339 0.00496131
158.864 23.0711 0.0765934 6.00494e-06
158.949 22.6343 0.0674346 0.000102761
158.892 22.736 0.0778484 0.102411
158.756 22.5429 0.0873152 0.126245
159.001 23.0192 0.0884328 2.08443e-08
159.174 22.3712 0.0746462 0.00021453
158.975 22.432 0.0704472 0.000438158
159.067 22.8991 0.0855805 1.08618e-05
159.042 21.8191 0.06805 6.29899e-18
158.998 22.5949 0.095183 7.12731e-07
158.409 21.9356 0.0555285 1.92722e-35
158.941 22.5622 0.0638956 3.47358e-07
158.959 22.4855 0.0709685 0.00179863
158.553 22.5283 0.0767869 0.00221754
159.142 22.3126 0.0756753 0.000204994
159.164 22.5175 0.0604448 2.23724e-10
158.532 22.3019 0.0925515 0.000232445
158.474 22.6485 0.0843776 0.00225
159.179 22.7595 0.0796632 0.00057245
159.311 22.6336 0.0779803 3.32228e-05
158.474 22.599 0.0784562 0.000645436
158.541 22.4132 0.080496 0.00522599
159.142 22.1738 0.0601574 2.11344e-15
158.677 22.316 0.0577879 7.39453e-18
159.027 22.4653 0.0784834 0.063727
158.463 22.4036 0.0638461 5.10926e-14
158.617 22.3552 0.0698386 4.11736e-07
158.751 22.9701 0.0762205 0.000138971
158.975 21.7625 0.0847452 6.17569e-13
158.648 22.3401 0.0751288 0.000414533
158.881 22.5375 0.0697972 0.00080878
158.871 22.22 0.0702702 9.32033e-07
158.753 22.8497 0.084014 0.00412804
159.036 23.0638 0.0831722 1.94966e-07
158.549 22.816 0.0918857 6.38524e-06
159.092 22.3495 0.0716877 8.70019e-05
159.003 22.5429 0.0741245 0.0285021
158.871 22.7169 0.0739011 0.027139
158.868 22.1066 0.0802054 6.24953e-05
158.879 22.406 0.0886592 0.0221667
158.641 22.757 0.079735 0.0161287
159.463 23.0861 0.0743568 1.23385e-12
158.645 22.5476 0.0797294 0.0942195
159.401 22.4222 0.0821535 7.70111e-08
159.526 22.5949 0.0874494 4.85087e-13
159.364 22.6565 0.0929104 1.61658e-12
158.57 21.9249 0.0886394 1.00074e-08
159.596 22.3415 0.0726349 6.64166e-13
158.849 22.3769 0.085063 0.117586
158.942 22.3625 0.0791333 0.0495029
158.814 22.1092 0.102347 2.19699e-11
158.618 22.3198 0.080289 0.00563939
158.526 21.9206 0.0779619 1.32357e-11
158.688 22.1106 0.0827753 8.77509e-05
158.693 23.004 0.0740681 7.1008e-06
158.988 22.4706 0.0883519 0.00645028
159.04 22.506 0.0764011 0.042518
158.541 23.2566 0.0790173 4.63346e-12
158.781 22.5874 0.102128 2.35591e-10
159.056 22.3503 0.0649191 2.67251e-08
158.566 22.6969 0.0651445 1.68407e-09
159.193 22.5898 0.0783783 0.00239176
158.651 22.2888 0.0626161 1.82328e-13
159.126 22.9029 0.0959255 4.61887e-13
158.928 22.5842 0.0730155 0.0244203
159.328 22.5848 0.0685271 6.81251e-07
158.424 22.5199 0.0723438 2.13466e-07
159.675 22.2007 0.0700994 1.50638e-17
158.728 22.4413 0.0787807 0.107737
159.015 23.0017 0.0808714 1.59607e-05
158.261 22.1938 0.0767369 1.58159e-11
159.172 22.3084 0.0597702 2.01368e-13
159.232 22.6084 0.0655642 5.2249e-07
158.669 22.8015 0.0870843 0.00193469
158.904 21.9114 0.0849072 1.36272e-08
159.041 22.1388 0.0843287 3.72263e-05
159.38 22.7895 0.0855104 1.35496e-09
158.889 22.8161 0.0792679 0.0267689
158.967 22.0002 0.0659953 3.87288e-14
159.082 22.5709 0.0776819 0.0366356
158.974 23.1249 0.075418 3.22585e-07
158.514 22.3893 0.0823601 0.00380734
158.799 22.6312 0.0718587 0.00533861
158.578 22.7156 0.067438 1.11843e-07
159.105 22.5949 0.0695577 0.000345433
159.272 22.1082 0.0950134 3.68529e-13
158.823 22.3179 0.0728735 0.000324676
158.948 22.3451 0.0675753 1.67819e-06
158.461 22.0456 0.0671179 3.70256e-17
158.518 22.7569 0.0852615 0.00106818
