42.4817 -70.6871 3.94247 8.04813e-06
42.7375 -71.0417 3.93325 0.0224653
42.7851 -70.2538 3.94209 4.19621e-16
42.7728 -70.478 3.94874 1.25543e-11
42.1915 -71.286 3.93503 4.32509e-05
42.9055 -71.4711 3.94713 9.55444e-10
42.5094 -70.7103 3.92911 0.000360377
42.5273 -70.8732 3.94585 4.66865e-05
42.9663 -70.4182 3.95068 6.91137e-15
42.5515 -71.3059 3.9352 0.00870479
42.4618 -71.1255 3.94972 5.06275e-08
42.9042 -70.704 3.93188 1.19942e-07
42.485 -70.6094 3.94514 2.95219e-08
42.7643 -70.9215 3.95025 2.38937e-06
42.7524 -71.2436 3.96138 7.9385e-17
41.8952 -71.0326 3.94383 4.41978e-16
42.7374 -71.3541 3.94371 1.47165e-05
42.615 -70.9574 3.92053 3.92033e-06
42.1605 -70.7005 3.92749 5.41384e-06
42.351 -71.2483 3.92248 0.00080037
42.6992 -71.2084 3.94489 0.000264142
42.3477 -70.8177 3.93135 0.00799953
42.6755 -71.2251 3.9238 2.44607e-05
42.8809 -71.5215 3.94925 1.40487e-11
43.0134 -70.7994 3.92987 1.47001e-09
42.547 -70.4444 3.94132 5.58236e-10
42.6644 -70.8697 3.94006 0.0110423
42.2074 -71.0291 3.94449 3.51361e-08
42.9268 -70.6687 3.93221 1.65329e-08
42.5922 -71.4572 3.93469 4.88653e-05
42.0737 -71.4542 3.94613 1.04925e-16
42.5057 -70.9863 3.96112 2.64997e-18
42.3538 -71.3471 3.93811 7.95338e-05
42.1277 -71.3732 3.95665 2.7884e-25
42.0874 -70.9747 3.94111 1.17394e-08
42.5462 -71.1775 3.9507 3.92929e-08
42.5762 -70.3455 3.94933 5.18276e-16
42.9736 -71.3705 3.943 1.23735e-07
42.0956 -70.7858 3.92427 7.23426e-06
42.2338 -71.4239 3.93955 3.82738e-08
42.7379 -71.133 3.93061 0.00467821
42.7515 -70.1522 3.93362 7.47261e-20
42.8202 -71.0642 3.925 1.69812e-06
42.4319 -71.1339 3.92824 0.0966825
42.6224 -70.8571 3.93589 0.0322364
42.8657 -70.7944 3.9546 5.74589e-10
42.614 -70.8458 3.94909 1.59399e-06
42.7233 -70.6167 3.94099 3.16825e-06
42.8397 -71.9838 3.93984 9.81825e-23
42.5348 -70.8709 3.95302 6.87308e-10
42.3223 -71.2023 3.93959 0.000306004
42.4839 -70.6431 3.93868 2.40881e-05
42.7944 -71.1965 3.92947 0.000186861
42.8752 -71.0753 3.93254 0.000233183
42.644 -71.3024 3.95581 8.54067e-13
42.6238 -71.1827 3.93154 0.0445981
42.7651 -70.765 3.93377 0.000260711
42.879 -71.3549 3.94449 1.17256e-06
42.1232 -71.0469 3.93548 4.30692e-05
43.0316 -71.4331 3.93423 3.81293e-10
42.6519 -71.262 3.93383 0.0123048
42.4579 -70.4742 3.94943 6.71665e-14
42.6477 -71.0112 3.93699 0.121021
43.021 -71.417 3.91925 1.84848e-18
42.6345 -71.5436 3.94006 1.10062e-07
42.7915 -71.1891 3.93734 0.00439291
42.545 -71.5265 3.95246 9.14775e-15
42.4599 -70.8218 3.96357 6.15946e-23
42.5366 -71.5982 3.936 4.52232e-08
42.28 -71.2927 3.95613 3.78829e-19
42.0557 -70.9656 3.9292 6.02473e-05
42.2214 -70.9342 3.93889 5.44168e-05
42.4081 -70.9325 3.9351 0.0668256
43.0981 -71.4947 3.94057 8.356e-12
42.7519 -70.9702 3.93757 0.0233823
42.2781 -70.9243 3.93172 0.0163769
42.7495 -71.247 3.94123 0.00116078
42.5796 -70.9963 3.95536 4.77377e-11
42.5633 -70.703 3.9379 0.000473374
42.4904 -71.0779 3.93526 0.228486
42.5705 -70.9794 3.94318 0.00385556
42.5285 -71.1255 3.94925 6.21356e-07
42.6086 -71.38 3.93988 0.00013854
42.1785 -71.2315 3.92603 0.00100112
42.2599 -71.2995 3.95151 1.09742e-14
41.9024 -71.1045 3.92566 2.16803e-07
42.6623 -71.1522 3.93446 0.0663319
42.3827 -71.092 3.9309 0.167618
42.239 -70.4762 3.93751 8.01636e-11
42.7594 -70.9519 3.93215 0.00513077
42.6604 -70.9127 3.91194 2.34305e-14
42.5233 -70.9395 3.94207 0.00479162
43.2874 -71.3106 3.94069 1.47422e-13
42.3424 -71.2674 3.95456 1.23666e-15
42.6346 -71.1438 3.93889 0.045321
42.4345 -70.7597 3.92268 2.81534e-05
42.5548 -71.3288 3.9427 6.38248e-05
42.2392 -71.2844 3.94006 2.24987e-06
42.1839 -70.9111 3.94537 1.40041e-09
42.8151 -70.8854 3.92479 3.29774e-07
