101.41 -26.3458 3.43712 0.0427925
101.826 -25.749 3.43904 4.26635e-06
101.224 -26.5937 3.43921 7.82396e-05
101.712 -26.5239 3.41286 4.47484e-09
101.636 -26.3041 3.43617 0.154548
102.152 -26.0522 3.42985 1.53693e-07
101.382 -26.5307 3.43149 0.0363254
101.295 -26.3016 3.42985 0.0127783
101.197 -26.0203 3.42744 1.79657e-05
101.468 -26.438 3.43462 0.103504
101.454 -26.063 3.42304 2.76713e-05
101.765 -25.8278 3.43171 8.88711e-06
101.719 -25.8102 3.43639 4.66102e-05
101.898 -26.6784 3.42264 9.58007e-06
101.558 -26.8103 3.41622 5.5719e-07
101.667 -26.4338 3.43798 0.0757759
102.147 -26.5865 3.44051 3.92526e-06
101.655 -26.4975 3.42383 0.00326718
102.441 -26.2419 3.438 7.70508e-10
101.849 -26.1064 3.41493 2.04762e-11
101.935 -25.7165 3.43413 6.23344e-08
102.059 -26.0666 3.43831 9.31457e-05
101.404 -26.1937 3.44426 0.000626505
101.299 -26.2612 3.44417 0.000113571
101.989 -25.8543 3.42654 4.97238e-09
101.302 -26.2713 3.42195 0.000163011
101.048 -26.4597 3.4179 3.53328e-07
101.064 -26.1213 3.43255 1.90815e-05
101.794 -26.321 3.4225 8.75689e-05
101.378 -26.2103 3.44086 0.00433343
101.999 -26.4995 3.45851 1.28569e-12
101.256 -26.6391 3.44634 5.68984e-08
101.579 -26.6355 3.44157 0.000778644
102.028 -26.4508 3.42357 2.20346e-06
101.423 -26.3296 3.43117 0.0769673
101.589 -26.3436 3.42243 0.000992883
101.944 -26.062 3.42541 1.3609e-06
101.716 -26.5312 3.42925 0.0296515
101.526 -26.6488 3.43198 0.0241007
101.864 -25.7402 3.43195 1.40554e-07
101.567 -26.188 3.44282 0.00874529
101.393 -26.4402 3.42541 0.0113689
101.852 -26.4074 3.43805 0.0212303
101.632 -26.0692 3.41497 3.70164e-10
101.484 -26.1666 3.44486 0.00100017
101.783 -26.2517 3.45673 3.34685e-09
101.795 -26.1829 3.42828 0.00213483
101.868 -26.0176 3.43664 0.00142455
101.997 -26.2218 3.43649 0.0016575
101.46 -26.4551 3.41573 2.19088e-06
101.376 -25.8794 3.45805 1.28933e-12
101.558 -26.6402 3.41273 2.76472e-08
101.784 -26.461 3.41584 8.31175e-08
101.836 -26.1031 3.43713 0.00835825
101.516 -26.2247 3.45088 3.41265e-06
101.73 -26.2388 3.43991 0.0416328
101.854 -26.2866 3.4433 0.00389087
101.122 -26.5453 3.43614 7.69236e-05
101.25 -26.9188 3.42444 5.27068e-06
101.943 -26.2004 3.44156 0.00219734
101.744 -26.535 3.43406 0.0448724
101.721 -26.4072 3.42045 6.02856e-05
101.647 -26.395 3.44765 0.000138464
101.473 -26.3909 3.41118 1.35587e-09
101.692 -26.3097 3.46287 1.25242e-14
100.987 -26.3894 3.44941 8.05406e-12
101.374 -25.9934 3.43367 0.00111358
100.94 -26.4247 3.42863 3.18586e-06
101.502 -25.7824 3.42826 6.46058e-07
101.404 -26.1896 3.44135 0.00429248
101.329 -26.0954 3.42765 0.000692952
101.433 -26.387 3.41403 1.26594e-07
102.017 -26.357 3.44425 0.0001628
101.431 -26.9104 3.43589 1.04169e-05
101.682 -26.1301 3.4576 1.0084e-09
101.462 -26.7165 3.44183 4.46997e-05
101.543 -25.9807 3.44039 0.00224247
101.487 -26.5178 3.42847 0.0520347
101.815 -25.8972 3.431 2.43477e-05
101.504 -26.0081 3.4498 4.13689e-06
101.947 -26.5112 3.41816 5.13208e-08
101.514 -26.3684 3.43692 0.106409
101.435 -26.0691 3.42784 0.00113482
101.96 -26.5327 3.42961 0.00066061
101.422 -26.4723 3.42627 0.0204448
101.462 -26.2364 3.43596 0.0691343
101.237 -25.7992 3.45367 7.11486e-12
102.094 -25.8848 3.44567 5.78201e-07
101.136 -26.5664 3.43214 0.000349836
102.333 -26.4194 3.42175 2.19633e-12
101.882 -26.2246 3.4543 1.01636e-07
101.478 -26.1157 3.43732 0.0216303
102.035 -26.2887 3.44451 0.000128412
101.433 -26.1298 3.44355 0.00112248
101.257 -25.8283 3.43167 1.73261e-06
101.992 -26.404 3.45942 1.73395e-12
101.664 -25.7952 3.44377 1.80357e-05
101.594 -25.9554 3.4341 0.00187086
101.759 -25.7704 3.4288 1.79289e-07
101.288 -26.0988 3.42809 0.000546143
