69.4901 -43.4957 3.80951 3.03395e-14
69.8959 -43.0045 3.80738 1.94751e-09
69.5567 -42.7897 3.7836 4.17622e-10
69.3919 -42.497 3.81 0.00847915
69.3857 -43.017 3.81192 0.000368646
69.7899 -42.9405 3.81249 3.18447e-08
69.4713 -42.6786 3.79989 0.051118
70.1626 -43.1952 3.79335 1.99811e-19
68.9278 -42.9467 3.80541 0.000422517
69.6431 -43.0103 3.80442 0.000947768
69.7809 -42.749 3.79402 7.76884e-08
69.4702 -42.603 3.8101 0.0238197
70.179 -43.3493 3.81029 6.14671e-26
69.9745 -43.4487 3.81636 6.23637e-27
69.5017 -43.2291 3.78682 1.06284e-05
70.2786 -43.3276 3.79727 1.6616e-25
70.2703 -42.9081 3.79676 9.38244e-22
69.4854 -42.4549 3.8103 0.000851562
69.6962 -42.5845 3.81189 2.11927e-05
69.0614 -43.0682 3.78943 0.000862521
70.1036 -43.4711 3.80197 1.17612e-22
69.3743 -42.8897 3.81074 0.0276505
69.9983 -43.5086 3.79565 7.67075e-19
69.7739 -42.7671 3.80382 2.5973e-05
69.5372 -43.1824 3.78529 1.44524e-06
69.6666 -43.0292 3.8023 0.000566095
69.9357 -42.8492 3.7999 2.2755e-09
69.5783 -43.0535 3.81091 1.5745e-05
69.2865 -43.3006 3.80556 5.60678e-06
69.5514 -42.7536 3.81462 0.000292157
69.8367 -43.0293 3.79221 1.15852e-08
69.8356 -42.4893 3.80309 3.20583e-09
69.6934 -43.0211 3.8038 0.000155886
69.5613 -42.6433 3.82238 2.08249e-08
69.625 -42.4254 3.82461 1.20792e-10
69.3719 -42.6552 3.8128 0.0221677
69.2793 -42.8311 3.79137 0.00825381
70.2116 -42.291 3.8081 1.94363e-23
70.037 -42.9002 3.82307 6.43409e-21
69.3819 -43.2015 3.79722 0.0154004
69.8663 -42.628 3.80636 5.13038e-08
69.6275 -42.6335 3.811 0.000582624
69.6904 -42.7562 3.7978 0.000118374
70.0739 -42.6375 3.8091 5.04066e-14
69.3778 -42.8765 3.81743 1.10465e-05
69.6367 -42.5116 3.81404 1.77635e-05
70.0882 -42.8731 3.82556 2.46407e-24
70.2104 -42.8238 3.80442 2.67761e-18
69.6704 -43.0213 3.80587 0.000145011
69.5028 -42.4566 3.80456 0.000387369
69.4905 -42.7272 3.80292 0.198835
69.8654 -42.7452 3.77746 3.50483e-23
69.8866 -42.7107 3.80855 2.7884e-08
69.4918 -43.2744 3.8053 4.6372e-06
69.541 -42.4224 3.81351 4.42121e-05
70.3546 -42.4149 3.82637 2.91445e-32
69.9713 -42.7363 3.79668 8.88698e-12
69.3931 -43.1455 3.80566 0.002484
69.9291 -42.4792 3.79265 1.25374e-16
69.4642 -42.3008 3.80494 1.04202e-06
69.7932 -43.2814 3.82514 2.53435e-26
69.551 -42.9552 3.79992 0.0609341
69.7702 -43.196 3.7794 1.99243e-14
69.5128 -43.0892 3.80313 0.0102171
69.5164 -42.7303 3.80082 0.0752392
69.2512 -43.3086 3.79226 0.000625149
69.9112 -42.8579 3.81466 2.94965e-11
69.6745 -43.1296 3.80152 5.45672e-05
69.7588 -42.3602 3.82333 2.69932e-12
69.8351 -42.9237 3.81131 1.58998e-08
69.7126 -42.5952 3.79548 1.02178e-07
69.725 -43.7065 3.80595 2.11333e-22
69.8074 -42.3213 3.8041 2.00303e-11
69.5483 -43.4182 3.81759 4.59167e-19
70.3295 -43.1556 3.8039 1.17321e-25
69.3393 -42.9443 3.79218 0.0539552
70.4156 -43.3952 3.81461 2.74721e-40
70.065 -43.0103 3.79248 3.1752e-15
70.4311 -42.2763 3.79354 5.87335e-41
69.8225 -42.793 3.80232 2.3267e-06
69.9237 -43.1954 3.7829 6.40825e-16
69.4521 -43.0214 3.79933 0.238495
69.5755 -42.9255 3.79785 0.0224406
69.7192 -43.2287 3.81014 2.67704e-10
69.8495 -42.6656 3.80588 2.22623e-07
69.8359 -42.7165 3.80779 5.80272e-07
69.6102 -42.5353 3.79641 1.35336e-06
69.8918 -42.7441 3.81798 1.01031e-11
69.3818 -42.6783 3.79947 0.135138
69.3472 -42.6791 3.78804 1.06362e-06
69.8088 -43.2258 3.805 9.15792e-10
69.3195 -42.9768 3.78642 0.000172
69.3403 -42.6418 3.7959 0.00579621
69.5889 -42.3714 3.78008 1.36847e-24
70.1153 -43.2025 3.79987 3.15687e-17
70.1345 -42.82 3.80206 1.56581e-15
69.3303 -42.6506 3.79056 1.77773e-05
69.5057 -42.6124 3.80594 0.0328402
70.1752 -42.7075 3.80283 2.28625e-17
70.1333 -42.8377 3.80831 8.48816e-16
