22.7332 9.08737 0.178057 1.64715e-15 23.469 9.2453 0.16959
23.8319 9.16274 0.150039 1.09219e-09 23.469 9.2453 0.16959
23.6848 9.44285 0.170002 0.346328 23.469 9.2453 0.16959
23.563 9.27162 0.158924 1.73066e-05 23.469 9.2453 0.16959
23.5865 9.47201 0.158457 7.80443e-06 23.469 9.2453 0.16959
24.2075 9.2804 0.172007 9.23888e-09 23.469 9.2453 0.16959
23.2261 9.43942 0.163944 2.20824e-08 23.469 9.2453 0.16959
24.1014 9.02928 0.159957 1.54509e-06 23.469 9.2453 0.16959
23.4363 10.1364 0.17158 3.72714e-14 23.469 9.2453 0.16959
22.8744 8.60595 0.163055 1.35661e-31 23.469 9.2453 0.16959
22.5786 8.71088 0.166988 1.74108e-37 23.469 9.2453 0.16959
23.1164 8.33256 0.150049 7.81469e-48 23.469 9.2453 0.16959
22.5095 8.87603 0.164443 4.26864e-40 23.469 9.2453 0.16959
23.3549 9.29092 0.158841 3.68643e-09 23.469 9.2453 0.16959
23.5248 9.21118 0.184145 0.000322926 23.469 9.2453 0.16959
23.539 9.01177 0.177791 0.000565147 23.469 9.2453 0.16959
23.1724 9.47005 0.153114 9.75785e-21 23.469 9.2453 0.16959
23.308 9.12907 0.175153 0.00230573 23.469 9.2453 0.16959
23.3681 9.46777 0.152153 8.26317e-16 23.469 9.2453 0.16959
23.4688 9.03743 0.151074 8.3177e-16 23.469 9.2453 0.16959
22.8929 8.9758 0.168199 1.48395e-17 23.469 9.2453 0.16959
23.3486 9.05772 0.191424 3.76254e-09 23.469 9.2453 0.16959
23.1088 9.52792 0.174052 2.65308e-06 23.469 9.2453 0.16959
23.1395 8.54914 0.160988 2.9903e-26 23.469 9.2453 0.16959
23.5864 9.29708 0.167656 0.18972 23.469 9.2453 0.16959
23.4796 8.74829 0.178841 1.542e-09 23.469 9.2453 0.16959
23.5938 8.74233 0.177617 1.29198e-09 23.469 9.2453 0.16959
23.083 9.24734 0.175256 5.771e-06 23.469 9.2453 0.16959
23.4394 8.70236 0.164333 9.67733e-13 23.469 9.2453 0.16959
23.1882 9.41774 0.186399 9.20251e-05 23.469 9.2453 0.16959
23.7817 8.85551 0.171815 1.02687e-06 23.469 9.2453 0.16959
22.4415 8.68883 0.172738 3.57197e-39 23.469 9.2453 0.16959
23.2211 9.18537 0.180506 0.000907146 23.469 9.2453 0.16959
22.9789 9.49909 0.152425 1.74131e-29 23.469 9.2453 0.16959
23.3999 8.41073 0.150164 6.45787e-35 23.469 9.2453 0.16959
23.8711 8.76958 0.170705 2.70792e-09 23.469 9.2453 0.16959
22.9638 8.79091 0.176224 7.49752e-15 23.469 9.2453 0.16959
23.1885 9.4054 0.164759 1.37886e-08 23.469 9.2453 0.16959
23.2797 9.09034 0.15827 1.06543e-12 23.469 9.2453 0.16959
23.2075 8.87807 0.169844 6.33063e-10 23.469 9.2453 0.16959
23.1895 9.15458 0.180384 0.000247879 23.469 9.2453 0.16959
23.4261 8.45222 0.177402 5.45936e-19 23.469 9.2453 0.16959
23.1409 8.84272 0.173028 8.73535e-11 23.469 9.2453 0.16959
22.984 9.40976 0.179056 5.4518e-07 23.469 9.2453 0.16959
23.3448 8.73345 0.166307 2.10749e-12 23.469 9.2453 0.16959
23.0325 9.52903 0.169199 2.13008e-10 23.469 9.2453 0.16959
23.7224 9.04071 0.172894 0.00263875 23.469 9.2453 0.16959
23.8006 9.88359 0.167859 8.89645e-08 23.469 9.2453 0.16959
22.7465 9.08534 0.164807 7.58327e-25 23.469 9.2453 0.16959
23.2313 9.04175 0.165835 9.62153e-09 23.469 9.2453 0.16959
23.0528 9.0659 0.17846 2.18828e-07 23.469 9.2453 0.16959
23.3785 9.62835 0.184256 5.64113e-05 23.469 9.2453 0.16959
23.5993 9.216 0.168994 0.183377 23.469 9.2453 0.16959
23.2817 9.0162 0.162257 2.5706e-10 23.469 9.2453 0.16959
23.3768 9.58673 0.17137 0.00179821 23.469 9.2453 0.16959
23.3732 9.06465 0.179773 0.000786214 23.469 9.2453 0.16959
23.2496 8.77585 0.179349 5.51065e-10 23.469 9.2453 0.16959
23.9381 8.30504 0.162303 8.00249e-26 23.469 9.2453 0.16959
22.8458 9.10496 0.179786 2.31287e-11 23.469 9.2453 0.16959
23.2592 8.27495 0.17861 8.73279e-28 23.469 9.2453 0.16959
23.1275 9.39254 0.163625 5.38736e-11 23.469 9.2453 0.16959
23.0108 9.15064 0.17638 8.30795e-08 23.469 9.2453 0.16959
23.7047 9.29772 0.161983 0.0126218 23.469 9.2453 0.16959
23.7015 8.85483 0.17616 3.95061e-07 23.469 9.2453 0.16959
23.1262 8.64977 0.169205 1.07941e-17 23.469 9.2453 0.16959
23.4451 8.82905 0.152534 2.26923e-18 23.469 9.2453 0.16959
23.1249 8.81899 0.164053 1.60603e-16 23.469 9.2453 0.16959
23.1449 8.72984 0.180749 1.9915e-12 23.469 9.2453 0.16959
23.111 9.36306 0.148079 9.96205e-30 23.469 9.2453 0.16959
23.4483 9.13787 0.178345 0.0140998 23.469 9.2453 0.16959
23.0486 9.11284 0.152627 1.36292e-26 23.469 9.2453 0.16959
23.2083 9.32832 0.173446 0.000572862 23.469 9.2453 0.16959
23.3349 9.25764 0.166803 0.000176091 23.469 9.2453 0.16959
22.6032 9.07052 0.18122 7.06359e-19 23.469 9.2453 0.16959
23.1888 9.33437 0.174866 0.000607039 23.469 9.2453 0.16959
23.4345 8.75329 0.179756 1.18864e-09 23.469 9.2453 0.16959
23.7342 9.24281 0.16618 0.137517 23.469 9.2453 0.16959
23.1849 8.76237 0.172426 4.80161e-12 23.469 9.2453 0.16959
23.4965 8.67619 0.191485 1.56538e-18 23.469 9.2453 0.16959
23.3388 9.46129 0.149387 5.39682e-20 23.469 9.2453 0.16959
23.1428 8.84967 0.165763 3.6889e-14 23.469 9.2453 0.16959
23.5507 9.44424 0.168171 0.10493 23.469 9.2453 0.16959
23.1844 8.46418 0.155834 6.12052e-33 23.469 9.2453 0.16959
23.2383 9.19058 0.184599 0.000216374 23.469 9.2453 0.16959
23.2639 9.06788 0.160866 3.98279e-11 23.469 9.2453 0.16959
22.995 9.17078 0.182652 4.46705e-07 23.469 9.2453 0.16959
23.6402 9.03696 0.145684 3.66093e-18 23.469 9.2453 0.16959
23.3001 8.71562 0.166225 1.08452e-13 23.469 9.2453 0.16959
23.3252 9.43893 0.155977 1.06645e-12 23.469 9.2453 0.16959
23.2329 9.23068 0.163773 2.28076e-08 23.469 9.2453 0.16959
23.9707 8.77317 0.198595 2.96216e-36 23.469 9.2453 0.16959
23.211 9.0529 0.183366 1.23064e-05 23.469 9.2453 0.16959
23.1948 8.90412 0.174059 2.80576e-08 23.469 9.2453 0.16959
23.304 9.47513 0.15336 2.82148e-16 23.469 9.2453 0.16959
23.7001 9.09443 0.180495 6.2563e-05 23.469 9.2453 0.16959
22.9541 8.4704 0.15405 1.41452e-43 23.469 9.2453 0.16959
22.816 9.278 0.152601 2.5299e-36 23.469 9.2453 0.16959
23.1681 8.79551 0.174217 4.94707e-11 23.469 9.2453 0.16959
23.361 9.79257 0.158271 4.60857e-14 23.469 9.2453 0.16959
22.7957 8.91613 0.176536 9.51051e-17 23.469 9.2453 0.16959
