-37.2677 -30.2629 1.24957 0.0619435 -37.141 -30.265 1.2529
-36.7919 -30.3374 1.24981 0.000146779 -37.141 -30.265 1.2529
-37.2871 -29.936 1.25919 0.000350423 -37.141 -30.265 1.2529
-36.988 -30.3121 1.24542 0.00191463 -37.141 -30.265 1.2529
-37.0266 -31.244 1.2244 6.49097e-53 -37.141 -30.265 1.2529
-37.2366 -30.3922 1.24731 0.00189152 -37.141 -30.265 1.2529
-36.9401 -30.5021 1.2495 4.60372e-05 -37.141 -30.265 1.2529
-37.1795 -30.5947 1.24313 2.11657e-08 -37.141 -30.265 1.2529
-37.7589 -30.1723 1.25474 1.67482e-07 -37.141 -30.265 1.2529
-37.3471 -30.2294 1.24828 0.027849 -37.141 -30.265 1.2529
-37.2488 -29.8152 1.25353 0.00272783 -37.141 -30.265 1.2529
-37.4162 -29.8158 1.24137 0.002366 -37.141 -30.265 1.2529
-37.5604 -30.6414 1.25626 7.74985e-08 -37.141 -30.265 1.2529
-36.6484 -30.6991 1.24125 2.65213e-16 -37.141 -30.265 1.2529
-37.572 -30.4638 1.24471 4.01684e-08 -37.141 -30.265 1.2529
-37.1591 -29.914 1.25778 0.00141219 -37.141 -30.265 1.2529
-37.8072 -30.23 1.25276 1.73499e-08 -37.141 -30.265 1.2529
-37.1101 -30.6909 1.25659 5.51318e-06 -37.141 -30.265 1.2529
-36.8473 -29.8837 1.23401 8.18184e-06 -37.141 -30.265 1.2529
-36.9527 -30.4075 1.24772 0.000380937 -37.141 -30.265 1.2529
-37.166 -29.5971 1.25678 5.92228e-08 -37.141 -30.265 1.2529
-37.178 -30.2753 1.24172 0.000798256 -37.141 -30.265 1.2529
-36.8952 -30.3631 1.24688 0.000274274 -37.141 -30.265 1.2529
-37.5981 -30.1572 1.23972 8.99324e-07 -37.141 -30.265 1.2529
-37.209 -29.6397 1.24285 0.00191343 -37.141 -30.265 1.2529
-36.6958 -30.527 1.24566 1.71759e-09 -37.141 -30.265 1.2529
-36.6494 -30.0256 1.22344 1.39873e-16 -37.141 -30.265 1.2529
-37.095 -30.0653 1.26864 6.4904e-08 -37.141 -30.265 1.2529
-36.9765 -30.0215 1.24433 0.0487086 -37.141 -30.265 1.2529
-37.1569 -30.5207 1.24048 2.55664e-08 -37.141 -30.265 1.2529
-36.7515 -30.2927 1.27675 9.44315e-15 -37.141 -30.265 1.2529
-37.7685 -29.9166 1.24975 7.93288e-08 -37.141 -30.265 1.2529
-37.5971 -30.0886 1.24201 1.6907e-05 -37.141 -30.265 1.2529
-36.8636 -31.0621 1.23907 4.97447e-27 -37.141 -30.265 1.2529
-36.8475 -30.0084 1.25167 0.0048717 -37.141 -30.265 1.2529
-37.5857 -30.4188 1.22954 1.43018e-17 -37.141 -30.265 1.2529
-37.5433 -30.2489 1.24867 0.00030305 -37.141 -30.265 1.2529
-36.8386 -30.215 1.26063 0.00013387 -37.141 -30.265 1.2529
-37.4112 -30.3889 1.24197 2.55017e-06 -37.141 -30.265 1.2529
-37.0987 -29.9889 1.27301 1.94394e-12 -37.141 -30.265 1.2529
-37.4465 -30.9608 1.25183 1.01831e-14 -37.141 -30.265 1.2529
-37.1662 -30.7075 1.26174 4.23181e-06 -37.141 -30.265 1.2529
-37.5688 -30.2795 1.25805 6.52451e-05 -37.141 -30.265 1.2529
-36.9881 -30.2952 1.24314 0.000554662 -37.141 -30.265 1.2529
-36.9747 -29.8095 1.25349 0.000824002 -37.141 -30.265 1.2529
-37.1159 -30.4672 1.24804 0.000364933 -37.141 -30.265 1.2529
-37.1543 -30.349 1.23797 1.21808e-06 -37.141 -30.265 1.2529
-36.8594 -30.1162 1.24792 0.00918523 -37.141 -30.265 1.2529
-37.3248 -30.751 1.26337 2.71002e-07 -37.141 -30.265 1.2529
-36.7564 -29.998 1.24417 0.000339171 -37.141 -30.265 1.2529
-37.2156 -30.1105 1.23986 0.00443441 -37.141 -30.265 1.2529
-37.1878 -30.2299 1.24568 0.0358528 -37.141 -30.265 1.2529
-37.317 -30.135 1.24874 0.117461 -37.141 -30.265 1.2529
-37.139 -30.2494 1.25722 0.0585379 -37.141 -30.265 1.2529
-37.1571 -30.4223 1.2479 0.00144347 -37.141 -30.265 1.2529
-37.649 -30.2482 1.24213 1.73367e-07 -37.141 -30.265 1.2529
-37.0684 -29.4603 1.23268 1.41536e-06 -37.141 -30.265 1.2529
-37.5316 -29.911 1.23652 8.70967e-06 -37.141 -30.265 1.2529
-37.6542 -29.6494 1.27596 2.82144e-27 -37.141 -30.265 1.2529
-37.1351 -30.219 1.2572 0.0624471 -37.141 -30.265 1.2529
-36.7985 -30.1677 1.23576 1.76402e-07 -37.141 -30.265 1.2529
-36.3506 -30.2231 1.26713 7.50726e-17 -37.141 -30.265 1.2529
-37.4587 -30.6439 1.25661 1.1741e-06 -37.141 -30.265 1.2529
-37.4285 -30.569 1.25366 1.3376e-05 -37.141 -30.265 1.2529
-37.1055 -30.7294 1.2454 2.52286e-10 -37.141 -30.265 1.2529
-37.5266 -30.2674 1.25822 0.000222886 -37.141 -30.265 1.2529
-37.3442 -30.4316 1.2394 7.53916e-08 -37.141 -30.265 1.2529
-37.1591 -30.2633 1.2049 3.27914e-42 -37.141 -30.265 1.2529
-37.4474 -30.5514 1.25691 2.76411e-05 -37.141 -30.265 1.2529
-37.6158 -29.6919 1.23672 2.75785e-07 -37.141 -30.265 1.2529
-36.9518 -30.106 1.28567 9.1789e-25 -37.141 -30.265 1.2529
-37.1845 -30.0673 1.22776 1.68195e-09 -37.141 -30.265 1.2529
-37.0144 -30.3514 1.26422 0.000238013 -37.141 -30.265 1.2529
-36.8492 -30.2359 1.26437 7.30093e-06 -37.141 -30.265 1.2529
-36.8765 -30.1174 1.24463 0.00491758 -37.141 -30.265 1.2529
-37.4701 -30.4611 1.27361 3.48472e-10 -37.141 -30.265 1.2529
-37.6587 -30.5537 1.24484 5.52114e-11 -37.141 -30.265 1.2529
-37.1136 -30.3945 1.24577 0.000742777 -37.141 -30.265 1.2529
-36.9039 -30.2779 1.24837 0.00422016 -37.141 -30.265 1.2529
-37.0223 -30.8264 1.24506 2.47421e-13 -37.141 -30.265 1.2529
-36.9556 -30.1376 1.24997 0.0669736 -37.141 -30.265 1.2529
-36.6191 -30.2653 1.24831 7.66303e-07 -37.141 -30.265 1.2529
-36.6111 -30.3677 1.2722 3.23526e-13 -37.141 -30.265 1.2529
-37.4136 -30.058 1.22632 9.43971e-12 -37.141 -30.265 1.2529
-37.0976 -30.1796 1.25745 0.0468047 -37.141 -30.265 1.2529
-37.2175 -30.2582 1.24529 0.0153013 -37.141 -30.265 1.2529
-37.3681 -30.2386 1.23282 5.55074e-09 -37.141 -30.265 1.2529
-37.1226 -29.7145 1.25644 1.15356e-05 -37.141 -30.265 1.2529
-36.7571 -30.359 1.24992 3.39871e-05 -37.141 -30.265 1.2529
-37.0124 -30.2122 1.2644 0.000117257 -37.141 -30.265 1.2529
-37.3135 -30.1164 1.2713 1.59556e-09 -37.141 -30.265 1.2529
-37.6169 -30.0543 1.24357 2.78499e-05 -37.141 -30.265 1.2529
-37.08 -30.3929 1.25165 0.0116328 -37.141 -30.265 1.2529
-37.3886 -30.3753 1.23564 1.68192e-09 -37.141 -30.265 1.2529
-37.6217 -30.1076 1.26824 1.40694e-10 -37.141 -30.265 1.2529
-36.8311 -30.604 1.26906 1.24414e-08 -37.141 -30.265 1.2529
-37.0593 -29.9457 1.25239 0.0588251 -37.141 -30.265 1.2529
-37.171 -30.2659 1.25025 0.107927 -37.141 -30.265 1.2529
-37.3605 -30.3838 1.2615 0.000791579 -37.141 -30.265 1.2529
-37.2129 -30.1922 1.25094 0.231569 -37.141 -30.265 1.2529
