15.7312 -92.0051 3.62512 0.000113413
15.862 -91.6723 3.62209 0.000358717
16.0444 -91.7958 3.63442 1.04182e-05
15.2589 -91.5385 3.60667 8.23335e-07
16.1023 -92.3418 3.60934 0.0144142
16.1808 -91.7022 3.59987 5.1093e-05
16.2347 -91.7749 3.61537 0.00163955
15.944 -91.8825 3.61774 0.00829783
16.4171 -91.4266 3.61565 8.86983e-07
15.7431 -91.2351 3.60609 5.80199e-08
15.9618 -91.6906 3.60632 0.00202546
16.2342 -92.0064 3.60985 0.00655071
16.3619 -91.4546 3.62175 6.63425e-06
16.0862 -92.639 3.60704 0.000740501
16.1083 -92.1479 3.61516 0.0145169
15.7731 -92.2288 3.62131 0.000505617
16.1792 -91.983 3.61975 0.00463158
16.0978 -92.4894 3.61864 0.000228538
16.2537 -91.6649 3.60732 0.000109154
15.8221 -91.8535 3.60355 0.0212601
15.6795 -92.3075 3.6142 0.00396602
15.6126 -91.9922 3.62083 0.000251345
16.1747 -92.4149 3.61524 0.00134336
16.5787 -91.8808 3.60374 7.96215e-07
15.7272 -91.6614 3.62927 3.64714e-06
16.1611 -92.3742 3.59735 0.00372255
15.8417 -92.166 3.60747 0.100187
16.1604 -92.1175 3.60215 0.0100403
15.8441 -92.1624 3.60441 0.134357
15.9495 -91.8531 3.61512 0.0117512
15.7347 -91.8146 3.61162 0.00811456
15.6678 -91.9328 3.60737 0.0283287
15.7263 -92.1704 3.62406 9.69742e-05
16.0948 -92.5559 3.60857 0.00181329
15.9515 -91.6162 3.63223 6.97618e-06
16.4713 -91.6451 3.61207 7.81289e-06
15.668 -92.2966 3.59603 0.184377
16.714 -91.8469 3.59521 5.66116e-11
16.6666 -92.2558 3.61522 2.75602e-06
15.5966 -91.798 3.59205 0.00153018
15.9342 -91.9122 3.60846 0.033422
15.8353 -91.3569 3.62426 1.31518e-06
16.5315 -91.1592 3.61221 3.22107e-11
15.9736 -92.0512 3.60069 0.0427576
16.3601 -91.993 3.59953 7.46353e-05
16.0216 -92.1224 3.60919 0.0522209
16.1359 -91.974 3.61647 0.0103462
15.8277 -91.9147 3.59524 0.0109992
15.9966 -92.0003 3.62222 0.00303058
15.1902 -91.9524 3.60411 0.000144302
15.4811 -91.5982 3.61702 8.88555e-06
16.0086 -91.9879 3.60072 0.0206857
16.1129 -91.7108 3.61824 0.00165666
16.0057 -91.5421 3.61765 0.000225587
16.197 -91.4277 3.6075 2.00524e-06
16.0831 -91.5032 3.61141 7.15733e-05
16.3335 -92.1761 3.60226 0.000703363
16.8051 -92.1636 3.62495 1.40402e-07
16.0328 -91.8249 3.60682 0.00869263
16.9902 -91.9773 3.60317 1.439e-12
16.0495 -91.6783 3.60919 0.00146648
15.9859 -92.8039 3.59584 0.000347434
15.4201 -91.8225 3.61311 0.000176995
16.5208 -92.1936 3.61996 6.206e-05
15.6372 -91.7867 3.60915 0.00461727
16.4861 -92.1754 3.61167 0.00015915
16.3411 -91.6756 3.60038 2.30963e-06
16.0671 -91.5678 3.60764 0.000153409
15.3583 -92.4874 3.61546 2.67632e-06
16.1196 -92.0313 3.62013 0.00542738
15.8256 -92.032 3.59719 0.0550269
15.6172 -91.7171 3.60158 0.00199583
16.6202 -91.8987 3.61955 1.45573e-05
16.011 -91.9212 3.61917 0.00722047
16.3486 -91.736 3.61986 0.000338106
16.5354 -91.7312 3.60691 1.36285e-06
16.4103 -91.6458 3.62107 6.33115e-05
16.1074 -91.9876 3.60679 0.0186509
16.126 -92.0522 3.61158 0.0213904
16.0081 -92.0441 3.61269 0.0352481
16.0443 -92.3393 3.60799 0.0260948
16.1993 -91.5853 3.62023 0.000199803
15.6232 -91.7464 3.6127 0.00136852
16.6274 -92.2646 3.62616 1.66823e-06
16.38 -91.7336 3.6204 0.000228109
16.5392 -91.7464 3.61014 4.63505e-06
16.1596 -92.1146 3.62611 0.000458217
16.1908 -92.0422 3.61407 0.0105469
16.5771 -91.5091 3.61359 1.39948e-07
16.168 -91.6706 3.62017 0.000691895
16.2499 -91.64 3.61438 0.00026835
16.3584 -92.5616 3.61788 1.23952e-05
15.3853 -92.0668 3.60471 0.00642145
16.1823 -91.74 3.61949 0.00140255
16.0119 -92.0735 3.61016 0.0484012
16.3607 -92.5413 3.6159 2.87869e-05
16.7375 -91.9071 3.61681 7.91246e-07
16.0925 -91.7013 3.62122 0.00103767
16.1436 -92.1824 3.62933 5.63692e-05
15.915 -91.941 3.63395 4.16566e-06
