47.0299 12.1995 0.149859 7.83041e-12
47.4255 12.6339 0.140295 0.153474
47.2413 13.1979 0.139209 2.42848e-06
46.8758 12.8798 0.134074 1.70215e-11
46.85 12.6808 0.153805 8.27519e-08
47.2035 12.8947 0.119066 1.32687e-18
46.89 13.1506 0.131287 5.64976e-17
47.5391 12.948 0.152653 1.52894e-06
46.954 12.7154 0.146841 5.29571e-05
47.9756 12.8738 0.136688 4.35383e-06
47.4226 12.488 0.124538 1.64983e-07
47.6101 12.441 0.111109 1.65369e-18
47.3014 12.8592 0.148683 0.00840573
47.1633 13.1371 0.130624 4.2412e-11
47.541 12.9359 0.13923 0.0369603
47.6839 12.7021 0.140501 0.0176626
47.3317 12.5598 0.147878 0.000995046
47.1871 12.6369 0.131372 6.13401e-06
47.0283 12.7087 0.127805 6.71235e-12
47.7304 12.5036 0.135471 0.00397854
47.3125 12.479 0.141851 0.00427849
46.9493 12.7786 0.145658 5.65472e-05
47.5137 12.7498 0.134241 0.0690263
47.0251 12.6388 0.127865 7.74248e-12
47.6762 12.2916 0.124903 3.17007e-07
47.3877 12.3896 0.147759 5.4748e-06
46.8744 12.6239 0.155703 1.03488e-08
46.8769 12.433 0.147629 9.45367e-09
47.5469 13.0091 0.136053 0.00307709
47.4407 12.3595 0.122048 4.85643e-10
47.092 12.9028 0.117086 1.78285e-24
47.5963 13.1685 0.130218 7.44018e-08
47.397 12.9225 0.151114 0.000297048
47.0526 12.6409 0.14177 0.000336422
47.6946 12.4308 0.126684 4.81686e-05
47.5259 12.7149 0.136199 0.172644
47.6419 13.0042 0.136398 0.00211034
46.7999 12.687 0.148976 1.00858e-07
47.2351 12.3179 0.138419 9.70922e-06
47.1299 12.7977 0.148148 0.00374103
47.1351 12.5841 0.136524 0.000152153
47.7012 12.8104 0.135682 0.0247595
47.3671 12.3366 0.108469 2.2128e-27
47.321 12.625 0.124787 1.98999e-08
47.3493 13.1056 0.153707 1.70422e-06
47.252 13.2395 0.150347 1.30054e-06
46.8482 13.4754 0.156042 4.99314e-15
47.7927 12.9228 0.14652 1.4005e-06
47.2151 13.0241 0.145699 0.00254973
47.217 13.2391 0.153392 2.23081e-07
47.0303 13.0248 0.143242 2.91017e-05
47.1361 12.8253 0.138378 0.000926995
46.9358 12.3372 0.128391 1.45424e-15
47.7757 12.1613 0.130663 4.57525e-08
47.437 13.2561 0.157649 3.58396e-10
47.5861 12.9902 0.154761 6.22732e-09
46.9185 12.9381 0.142053 1.07624e-06
47.0549 12.394 0.13367 1.19815e-08
47.8604 13.328 0.140261 4.77635e-11
47.224 12.4799 0.140147 0.00132587
47.4504 12.9859 0.13928 0.0178712
47.5609 12.9373 0.136566 0.0190966
47.1872 12.7546 0.136307 0.00128903
48.1023 12.7797 0.1435 1.77668e-11
47.5858 12.6901 0.134781 0.0991092
47.5336 12.8672 0.138134 0.0968733
47.3073 12.6343 0.151239 0.000137629
47.5626 12.6473 0.135654 0.11915
47.432 12.7318 0.133722 0.0282906
47.0979 12.6753 0.159554 1.91111e-09
47.7177 12.6555 0.155793 5.95524e-13
46.9829 12.9199 0.158023 9.73093e-08
47.2548 12.646 0.147102 0.00757947
47.4684 13.0933 0.136013 0.000210972
47.463 12.958 0.147638 0.00245002
47.3651 12.2786 0.141081 9.63471e-06
47.4369 11.9612 0.13834 9.46739e-13
47.5518 13.053 0.130351 7.10778e-06
47.5088 13.2372 0.137973 1.50314e-06
47.1545 12.6789 0.148085 0.00252429
47.3509 13.1963 0.134654 3.0038e-07
47.1238 12.9598 0.122763 7.28028e-17
47.2837 12.6999 0.143742 0.0700521
46.9659 12.8701 0.141123 9.9545e-06
47.7815 12.7815 0.151758 8.19874e-10
47.2353 12.2922 0.142039 3.12032e-06
47.1166 12.7538 0.150542 0.000640831
47.069 12.4676 0.140638 1.8505e-05
47.0533 12.9059 0.14931 0.000433823
47.1498 11.9533 0.144325 8.24514e-16
47.5678 13.279 0.140922 3.18954e-07
46.9494 13.2075 0.13261 2.60501e-15
47.0029 12.7734 0.144289 0.000273335
46.853 12.4308 0.139172 2.54522e-10
47.266 12.5805 0.164332 3.66762e-16
47.2502 12.7251 0.146283 0.0256836
47.5067 13.2444 0.139855 2.1013e-06
47.1078 12.897 0.122129 3.27204e-17
47.1965 12.8578 0.123527 4.07117e-13
47.4485 12.6518 0.148317 0.00135801
