141.986 20.1458 0.0743497 2.31597e-18 141.47 20.985 0.070223
141.525 21.8866 0.0531138 1.47757e-19 141.47 20.985 0.070223
141.868 21.1351 0.0809894 4.00457e-10 141.47 20.985 0.070223
141.733 20.9783 0.0623232 0.000396018 141.47 20.985 0.070223
141.57 20.6101 0.0765047 0.000862607 141.47 20.985 0.070223
142.279 21.2262 0.0574308 7.69508e-16 141.47 20.985 0.070223
141.147 21.1412 0.0635667 0.000366352 141.47 20.985 0.070223
141.545 20.6768 0.0408757 1.41397e-21 141.47 20.985 0.070223
141.098 21.4739 0.0541499 2.46367e-13 141.47 20.985 0.070223
141.506 20.9627 0.0631998 0.016063 141.47 20.985 0.070223
141.211 20.7251 0.0595322 2.6788e-06 141.47 20.985 0.070223
141.614 21.2145 0.0686598 0.00198019 141.47 20.985 0.070223
140.996 20.7053 0.0606853 1.98352e-08 141.47 20.985 0.070223
141.636 21.7479 0.0667108 3.4391e-13 141.47 20.985 0.070223
141.579 20.6541 0.0808313 0.000116844 141.47 20.985 0.070223
141.331 21.542 0.0758223 3.69463e-08 141.47 20.985 0.070223
141.427 21.5319 0.0608562 2.8298e-08 141.47 20.985 0.070223
141.986 20.406 0.0694104 2.48335e-12 141.47 20.985 0.070223
141.134 20.7819 0.0789157 0.0749911 141.47 20.985 0.070223
141.366 21.6125 0.0674048 7.5556e-09 141.47 20.985 0.070223
141.216 21.6093 0.0637404 6.57299e-10 141.47 20.985 0.070223
141.921 21.0966 0.0478351 6.03952e-13 141.47 20.985 0.070223
141.122 20.789 0.0633702 0.000137733 141.47 20.985 0.070223
141.297 20.7301 0.052534 1.4061e-10 141.47 20.985 0.070223
141.002 20.4874 0.082312 2.45874e-05 141.47 20.985 0.070223
141.626 21.0234 0.0588244 0.000165529 141.47 20.985 0.070223
141.552 21.5882 0.0618149 2.88175e-09 141.47 20.985 0.070223
141.845 20.8197 0.063049 1.0583e-05 141.47 20.985 0.070223
142.246 21.1068 0.0690124 1.2421e-14 141.47 20.985 0.070223
141.575 21.3677 0.0676737 5.94644e-05 141.47 20.985 0.070223
141.215 21.2451 0.064659 0.000512788 141.47 20.985 0.070223
141.408 20.7618 0.0620341 0.00111774 141.47 20.985 0.070223
141.066 20.7221 0.0723237 0.0111559 141.47 20.985 0.070223
141.835 20.6472 0.0620453 3.08606e-07 141.47 20.985 0.070223
140.935 20.7361 0.064899 1.04723e-06 141.47 20.985 0.070223
140.97 20.9059 0.0825031 0.00184482 141.47 20.985 0.070223
141.705 21.4862 0.0790235 2.55606e-11 141.47 20.985 0.070223
141.412 20.723 0.0753958 0.104723 141.47 20.985 0.070223
141.449 20.5377 0.0531293 8.6187e-12 141.47 20.985 0.070223
141.356 21.1526 0.063123 0.00424077 141.47 20.985 0.070223
141.971 20.6141 0.0678708 5.29777e-09 141.47 20.985 0.070223
142.124 20.9883 0.0629715 1.83508e-10 141.47 20.985 0.070223
141.339 21.3695 0.0779796 1.83783e-05 141.47 20.985 0.070223
141.68 21.0269 0.0637696 0.00225413 141.47 20.985 0.070223
142.288 20.6814 0.0657363 3.6352e-16 141.47 20.985 0.070223
141.433 20.3216 0.056606 1.52065e-13 141.47 20.985 0.070223
141.565 21.2342 0.0699904 0.00268073 141.47 20.985 0.070223
141.529 20.5768 0.0839452 6.16844e-06 141.47 20.985 0.070223
142.156 21.4187 0.0597998 1.34731e-14 141.47 20.985 0.070223
141.597 21.4274 0.0565033 2.59604e-08 141.47 20.985 0.070223
141.233 20.6965 0.0814332 0.0163764 141.47 20.985 0.070223
141.201 20.9901 0.072859 0.318459 141.47 20.985 0.070223
141.666 21.0766 0.0903366 3.12856e-12 141.47 20.985 0.070223
141.051 21.6672 0.0907902 3.50101e-19 141.47 20.985 0.070223
141.732 20.8576 0.0788282 2.67899e-05 141.47 20.985 0.070223
141.682 21.0211 0.0610954 0.000481979 141.47 20.985 0.070223
141.599 21.349 0.07188 3.40433e-05 141.47 20.985 0.070223
141.585 21.6347 0.0645937 4.81471e-10 141.47 20.985 0.070223
141.377 20.7996 0.0554967 4.00128e-07 141.47 20.985 0.070223
141.771 21.2522 0.0657088 1.97677e-05 141.47 20.985 0.070223
141.849 20.973 0.0661165 5.08534e-05 141.47 20.985 0.070223
141.832 20.626 0.0660013 1.27916e-06 141.47 20.985 0.070223
141.46 20.8881 0.0676988 0.18034 141.47 20.985 0.070223
141.422 21.1579 0.0770467 0.00891212 141.47 20.985 0.070223
141.794 20.9216 0.0759445 2.37887e-05 141.47 20.985 0.070223
141.546 21.0043 0.0524967 7.83659e-08 141.47 20.985 0.070223
141.434 20.5426 0.0481978 3.07772e-16 141.47 20.985 0.070223
141.625 21.1067 0.0640463 0.00361715 141.47 20.985 0.070223
142.07 21.1706 0.0575737 1.07043e-10 141.47 20.985 0.070223
141.92 21.1005 0.0640623 1.36316e-06 141.47 20.985 0.070223
141.368 21.1757 0.0680201 0.035535 141.47 20.985 0.070223
141.874 20.8359 0.0399063 7.43953e-21 141.47 20.985 0.070223
141.559 21.6246 0.0771267 8.5702e-12 141.47 20.985 0.070223
141.573 21.0657 0.0750512 0.0108793 141.47 20.985 0.070223
141.488 21.1408 0.0524182 4.14782e-08 141.47 20.985 0.070223
141.498 20.981 0.0651052 0.0525477 141.47 20.985 0.070223
141.676 21.3868 0.0918096 2.12772e-18 141.47 20.985 0.070223
141.612 20.2736 0.0736687 3.81884e-09 141.47 20.985 0.070223
141.539 21.0102 0.0490912 2.00286e-10 141.47 20.985 0.070223
141.767 21.362 0.0624556 6.41358e-07 141.47 20.985 0.070223
141.125 20.527 0.0595818 1.18665e-09 141.47 20.985 0.070223
141.515 20.59 0.079843 0.000332487 141.47 20.985 0.070223
141.596 20.9335 0.0700399 0.0563483 141.47 20.985 0.070223
141.809 21.088 0.0666382 0.000101231 141.47 20.985 0.070223
141.262 21.4349 0.0776929 1.91402e-06 141.47 20.985 0.070223
141.284 21.0437 0.0602845 0.000389114 141.47 20.985 0.070223
141.495 20.7418 0.0729776 0.074128 141.47 20.985 0.070223
142.079 20.5045 0.0604632 8.80696e-14 141.47 20.985 0.070223
141.535 21.1501 0.0660992 0.0142469 141.47 20.985 0.070223
141.249 21.3934 0.0767314 1.83548e-05 141.47 20.985 0.070223
141.475 20.9539 0.0609889 0.00296977 141.47 20.985 0.070223
141.764 20.7451 0.0706271 0.000207857 141.47 20.985 0.070223
140.872 20.6827 0.0555535 5.31704e-15 141.47 20.985 0.070223
141.871 20.9376 0.0704489 1.58667e-05 141.47 20.985 0.070223
141.252 21.3929 0.0636216 7.80459e-06 141.47 20.985 0.070223
141.801 21.0183 0.06301 9.25617e-05 141.47 20.985 0.070223
141.234 20.8062 0.0545041 6.83479e-09 141.47 20.985 0.070223
141.197 20.6028 0.0565085 6.37705e-10 141.47 20.985 0.070223
142.152 20.5566 0.0679756 7.32702e-14 141.47 20.985 0.070223
141.455 20.7027 0.0607373 9.99053e-05 141.47 20.985 0.070223
