154.961 -12.0586 3.32384 1.51866e-21
155.351 -12.4136 3.31201 0.00519076
154.802 -12.8115 3.29151 2.3441e-07
155.554 -12.7135 3.30704 0.0144266
154.877 -12.6798 3.30519 0.000447457
154.801 -12.574 3.27998 2.09281e-14
155.222 -12.7875 3.30864 0.116146
154.992 -12.3282 3.29531 6.01177e-06
154.582 -12.4287 3.30525 1.91419e-10
154.857 -12.0246 3.29914 9.76401e-11
154.896 -12.4076 3.28632 7.5317e-10
155.376 -12.2527 3.30624 6.53305e-05
155.781 -12.6013 3.30148 9.97988e-09
155.017 -12.5721 3.30599 0.00679131
155.485 -12.8246 3.30967 0.0832425
154.851 -12.0827 3.30148 8.90386e-10
154.789 -13.3076 3.30468 7.05056e-12
155.214 -12.5901 3.30468 0.0678102
155.045 -12.1745 3.3062 6.34786e-07
155.535 -12.6724 3.29324 1.51555e-10
155.429 -11.88 3.29649 8.25412e-16
155.539 -12.2411 3.31571 5.15804e-06
155.043 -12.4773 3.29698 0.000326894
155.114 -12.3237 3.31291 7.72115e-06
155.477 -12.3666 3.29027 4.8365e-13
155.174 -12.498 3.2954 5.18989e-05
154.529 -12.652 3.28004 8.45714e-15
154.823 -12.5871 3.30364 0.000104392
155.44 -12.6943 3.28992 5.05355e-12
154.534 -12.458 3.29368 3.59444e-09
155.315 -13.0115 3.28784 5.54246e-15
154.422 -12.554 3.32001 1.92936e-26
155.267 -12.2877 3.31673 1.60114e-06
154.901 -12.6572 3.30433 0.00105557
155.58 -12.7276 3.29403 7.814e-11
155.703 -12.3623 3.30938 1.97892e-05
155.413 -12.6011 3.29634 3.28941e-06
155.09 -12.6159 3.2959 0.000304515
154.876 -12.2941 3.33882 3.21209e-40
155.407 -12.2333 3.29651 1.1164e-08
155.641 -12.3444 3.2987 1.67655e-09
154.964 -12.4227 3.30927 3.68167e-05
155.292 -12.6618 3.30489 0.0944638
155.069 -12.0156 3.31131 1.92539e-11
155.049 -12.6385 3.30117 0.0105518
155.445 -12.7037 3.29909 6.2635e-05
154.896 -12.9171 3.28969 4.53097e-09
155.738 -12.1296 3.29669 7.58389e-16
154.806 -12.3201 3.29818 1.58687e-06
155.105 -12.3221 3.28694 3.94289e-11
155.071 -12.3216 3.30441 0.000208996
154.878 -12.8217 3.30378 0.000281164
155.064 -12.0435 3.30717 1.52212e-09
155.19 -12.4237 3.2942 4.00517e-06
154.965 -12.4897 3.31341 3.07081e-06
154.646 -12.1268 3.30049 1.21267e-11
155.052 -12.5639 3.29939 0.00352923
155.189 -12.3617 3.30182 0.000759005
155.269 -12.5151 3.30796 0.0545687
155.141 -12.2983 3.30262 0.000172855
155.49 -12.8993 3.32081 0.00252536
155.56 -12.2375 3.30953 8.76735e-06
155.271 -12.098 3.28538 3.25161e-17
155.527 -12.5525 3.29812 1.14878e-06
155.376 -12.2615 3.31096 8.26829e-05
155.01 -12.3476 3.32683 9.24375e-18
155.171 -12.2148 3.29557 1.77195e-07
155.397 -12.6827 3.30748 0.14963
155.031 -12.5216 3.29611 0.000253348
155.278 -11.732 3.3091 2.01694e-17
154.745 -12.2993 3.3101 1.0821e-10
155.254 -12.7336 3.31673 0.00501636
155.339 -12.1554 3.29092 1.30163e-12
154.994 -12.1274 3.31106 8.29848e-10
155.499 -12.7734 3.31742 0.0514943
155.463 -12.8535 3.30784 0.0371873
154.775 -13.2593 3.31466 2.88827e-14
154.802 -12.8891 3.31748 2.40625e-11
155.286 -12.0127 3.28999 4.59923e-15
155.221 -12.466 3.28566 9.99753e-13
154.81 -12.4135 3.30833 2.97576e-07
155.793 -12.3981 3.29337 5.09003e-17
155.374 -12.6014 3.3084 0.147602
154.825 -11.8563 3.29382 2.58593e-15
155.251 -12.441 3.31273 0.00284367
155.822 -12.6651 3.30304 1.91167e-08
155.508 -11.8493 3.31017 3.21804e-14
155.242 -13.2746 3.29792 1.18247e-10
155.242 -12.5665 3.31981 3.22901e-05
155.432 -11.9823 3.31274 9.39512e-11
155.951 -12.4269 3.29989 6.46929e-15
155.109 -12.6452 3.31471 0.000655606
154.918 -12.2097 3.28849 2.62189e-10
155.213 -12.559 3.30714 0.0707377
155.367 -12.648 3.28248 7.12157e-19
155.568 -12.3658 3.31149 0.000626332
154.993 -12.361 3.3039 0.0001822
155.293 -12.5487 3.31054 0.070469
155.772 -12.1844 3.30341 3.0821e-11
154.744 -11.9623 3.32622 3.32106e-33
