78.2339 16.0021 0.0995433 0.0282732
77.816 16.0321 0.103815 0.00879967
77.9507 16.6294 0.0987007 0.00844231
77.9714 16.1454 0.106576 0.0656806
78.243 16.54 0.097063 0.0341801
77.8558 16.106 0.0944977 0.0116302
77.9698 16.1929 0.0864225 0.000764945
77.7718 16.9437 0.0779232 6.95268e-13
77.8549 16.0465 0.122721 4.31143e-08
77.1653 16.204 0.0987842 1.32394e-11
77.8185 15.8137 0.110658 2.04122e-05
77.8185 16.4139 0.0860827 0.000109174
77.9949 16.1376 0.0753907 2.07108e-09
77.8974 16.1276 0.0823433 3.85756e-06
77.8499 16.3229 0.094143 0.0263007
77.0677 15.6115 0.127718 3.25119e-25
77.5334 16.0717 0.0934906 3.0123e-06
77.5043 16.1089 0.0874751 3.20563e-08
78.1743 16.5731 0.0905281 0.00516763
77.881 16.5851 0.0964542 0.00740285
78.7106 16.0461 0.102396 1.64637e-06
78.3769 16.5377 0.0918084 0.00237257
77.5873 16.5006 0.0875342 7.58675e-07
78.1535 15.8795 0.0906876 0.000205576
77.5732 15.9045 0.0925394 3.25776e-07
77.9947 16.4967 0.11133 0.00149587
77.8278 16.2031 0.101414 0.0539332
78.3725 16.3237 0.0870343 0.000784128
77.4607 15.9453 0.0998062 2.99727e-07
77.5759 16.507 0.0993904 6.19559e-05
77.9096 16.7471 0.0869917 7.7293e-06
78.1266 16.2393 0.113245 0.00244498
77.5655 16.612 0.0950662 4.35878e-06
77.06 15.8968 0.102906 1.69904e-15
77.7293 16.1373 0.103373 0.00608483
77.2009 15.7891 0.096673 4.94371e-14
77.6601 16.0416 0.0959514 0.000204367
77.9071 16.0021 0.0930948 0.00290864
78.1306 15.7795 0.0955779 0.000153207
78.1876 15.871 0.0790895 3.18094e-09
77.8385 16.0702 0.0853545 1.48685e-05
77.9684 16.3008 0.0970241 0.210553
77.9404 16.0085 0.0854041 2.26486e-05
77.2825 16.1214 0.100837 3.08908e-09
77.9061 15.9079 0.0963214 0.00169246
77.68 16.3384 0.0972338 0.00250967
77.5162 16.1732 0.11514 2.1987e-07
77.5125 15.6013 0.0822716 2.54904e-16
77.6236 16.0908 0.0794379 2.16677e-10
77.7225 16.2714 0.0957711 0.00467581
77.7754 15.8998 0.113035 1.79573e-05
77.7404 16.1437 0.0825526 3.48034e-07
77.9191 15.7306 0.0854465 1.46586e-08
77.6553 16.6063 0.0757337 5.25519e-12
78.3307 16.217 0.105105 0.0315814
77.231 15.999 0.111377 1.15327e-11
78.3015 17.0183 0.083417 2.74498e-10
78.1798 15.7802 0.0932969 5.45819e-05
78.0222 15.748 0.099285 0.000134114
77.8308 16.1071 0.0992442 0.0267172
77.6765 15.6217 0.0938623 2.27392e-09
77.9665 16.1904 0.0715624 7.32047e-12
77.846 16.1795 0.109753 0.00665997
78.1347 16.7435 0.0989205 0.00111533
78.0819 16.542 0.110877 0.00111731
77.3441 15.9553 0.0982312 2.85619e-09
78.0677 15.8109 0.0923061 8.53552e-05
77.9375 15.7424 0.0860751 4.83226e-08
77.6326 16.3578 0.090155 3.92169e-05
78.0399 16.6009 0.105722 0.00614161
77.7436 16.5954 0.102734 0.000723204
78.1816 16.0472 0.0940612 0.0237627
78.0997 15.9263 0.0918933 0.00121186
77.8235 16.1192 0.0904501 0.00108401
77.0842 16.338 0.106813 1.56564e-13
78.1047 16.2303 0.0885184 0.0088838
77.6495 16.3607 0.0837533 3.68484e-07
78.2284 16.256 0.0804281 6.57746e-06
77.7154 16.2186 0.0990983 0.00705986
77.7057 16.1583 0.0960917 0.00217669
77.9599 16.203 0.102603 0.20142
77.605 16.3695 0.105459 0.000272084
78.104 16.2754 0.0874215 0.00497443
77.8645 16.1921 0.0898557 0.00267487
77.7169 15.8501 0.092612 3.87775e-06
77.9021 16.516 0.0871606 0.000399157
78.386 16.153 0.0887807 0.000903185
77.7795 16.6565 0.0947855 0.000302489
77.4377 16.2702 0.102322 3.25527e-06
77.9261 15.9564 0.0836535 1.2761e-06
77.4542 16.2571 0.101121 5.81228e-06
77.3127 16.551 0.0804611 1.33172e-14
77.7924 15.8889 0.111126 5.66133e-05
77.6711 16.4518 0.111441 4.3102e-05
77.762 16.5384 0.104003 0.00201698
77.5427 15.1833 0.123009 8.60346e-23
77.9973 16.1146 0.100622 0.160586
77.4939 15.8592 0.0845218 1.09481e-11
77.7766 16.377 0.09966 0.0208504
77.5006 16.5233 0.0908757 3.27451e-07
