91.4524 -31.1523 3.54498 0.000183914 91.162 -31.519 3.5431
90.5277 -31.3172 3.54761 5.67111e-11 91.162 -31.519 3.5431
90.9276 -31.4382 3.56152 2.8048e-11 91.162 -31.519 3.5431
91.3378 -31.3995 3.54588 0.0928681 91.162 -31.519 3.5431
91.1932 -31.8979 3.55264 9.64998e-07 91.162 -31.519 3.5431
91.4334 -31.7387 3.55903 3.73435e-09 91.162 -31.519 3.5431
91.0763 -31.306 3.54491 0.0141465 91.162 -31.519 3.5431
90.3046 -31.7025 3.54017 9.40964e-16 91.162 -31.519 3.5431
91.791 -31.909 3.54379 6.25879e-09 91.162 -31.519 3.5431
91.6444 -31.3893 3.55068 9.16738e-05 91.162 -31.519 3.5431
90.5684 -31.7552 3.5433 2.10739e-09 91.162 -31.519 3.5431
90.9782 -31.6634 3.54423 0.0110496 91.162 -31.519 3.5431
90.8394 -31.4294 3.53477 4.22849e-06 91.162 -31.519 3.5431
90.5873 -31.7318 3.55529 1.73634e-14 91.162 -31.519 3.5431
91.0718 -31.0991 3.55619 5.04932e-07 91.162 -31.519 3.5431
91.4019 -31.2272 3.55311 0.000411642 91.162 -31.519 3.5431
91.4564 -31.7231 3.54609 0.00649894 91.162 -31.519 3.5431
90.9643 -31.5313 3.5423 0.0161176 91.162 -31.519 3.5431
90.8767 -31.7155 3.54054 0.000793024 91.162 -31.519 3.5431
90.7682 -31.2077 3.54156 4.82402e-07 91.162 -31.519 3.5431
91.2514 -31.498 3.55487 0.000371167 91.162 -31.519 3.5431
91.0193 -31.0902 3.5535 1.99331e-06 91.162 -31.519 3.5431
90.9866 -31.8002 3.5545 6.61375e-08 91.162 -31.519 3.5431
91.007 -31.8078 3.55718 7.35708e-10 91.162 -31.519 3.5431
90.7633 -31.1951 3.56807 7.83606e-21 91.162 -31.519 3.5431
91.2493 -32.0538 3.57349 1.66735e-34 91.162 -31.519 3.5431
91.446 -31.2976 3.54667 0.00735381 91.162 -31.519 3.5431
90.909 -31.449 3.56773 2.03928e-18 91.162 -31.519 3.5431
91.4356 -31.1865 3.5432 0.000294261 91.162 -31.519 3.5431
90.7016 -31.4 3.53869 6.80136e-07 91.162 -31.519 3.5431
91.2201 -31.5656 3.53943 0.0758727 91.162 -31.519 3.5431
91.2559 -31.83 3.56522 7.44737e-17 91.162 -31.519 3.5431
90.9108 -31.6413 3.55723 4.37045e-09 91.162 -31.519 3.5431
91.3298 -31.5635 3.54481 0.172529 91.162 -31.519 3.5431
90.6241 -30.9934 3.54896 1.227e-12 91.162 -31.519 3.5431
91.7942 -31.4168 3.5542 5.51815e-08 91.162 -31.519 3.5431
91.5104 -31.4443 3.55051 0.00300819 91.162 -31.519 3.5431
91.0689 -31.3966 3.55581 2.29474e-05 91.162 -31.519 3.5431
90.9735 -30.9611 3.55683 6.21535e-10 91.162 -31.519 3.5431
91.0692 -31.7394 3.55367 6.48053e-06 91.162 -31.519 3.5431
91.3336 -31.6404 3.54257 0.106408 91.162 -31.519 3.5431
91.2147 -31.9705 3.54407 0.000169847 91.162 -31.519 3.5431
91.3748 -31.1744 3.56146 9.40797e-09 91.162 -31.519 3.5431
90.6516 -30.9675 3.53253 2.56026e-17 91.162 -31.519 3.5431
90.8942 -31.781 3.53732 0.000227339 91.162 -31.519 3.5431
91.0362 -32.0507 3.551 2.41816e-09 91.162 -31.519 3.5431
91.1033 -31.0975 3.55399 6.93785e-06 91.162 -31.519 3.5431
91.4872 -31.5347 3.54676 0.0185576 91.162 -31.519 3.5431
91.4517 -30.9611 3.54205 2.21876e-08 91.162 -31.519 3.5431
91.0628 -31.2796 3.56317 4.67977e-11 91.162 -31.519 3.5431
92.1218 -31.6926 3.55397 1.37667e-16 91.162 -31.519 3.5431
90.5333 -31.5748 3.55073 1.06246e-11 91.162 -31.519 3.5431
90.9404 -31.7441 3.55469 7.30828e-08 91.162 -31.519 3.5431
91.0021 -31.4953 3.55177 0.000577623 91.162 -31.519 3.5431
91.1392 -31.8562 3.55856 9.31823e-11 91.162 -31.519 3.5431
91.1547 -31.3631 3.55515 0.000172262 91.162 -31.519 3.5431
90.8612 -31.7824 3.5392 0.000181991 91.162 -31.519 3.5431
91.2717 -31.1284 3.55643 5.33821e-06 91.162 -31.519 3.5431
91.1029 -31.7539 3.54375 0.0233839 91.162 -31.519 3.5431
90.7954 -31.0504 3.54213 7.81152e-09 91.162 -31.519 3.5431
91.1652 -31.3162 3.55587 6.38816e-05 91.162 -31.519 3.5431
90.9516 -31.1418 3.54597 3.75452e-05 91.162 -31.519 3.5431
91.1839 -31.3346 3.53806 0.00194948 91.162 -31.519 3.5431
91.3573 -31.8118 3.54205 0.00846303 91.162 -31.519 3.5431
91.0127 -31.359 3.53557 7.94249e-05 91.162 -31.519 3.5431
91.483 -31.4978 3.57932 9.78025e-33 91.162 -31.519 3.5431
91.6205 -31.5284 3.54115 0.000250873 91.162 -31.519 3.5431
91.8427 -31.5719 3.53631 4.69155e-10 91.162 -31.519 3.5431
91.4742 -31.6676 3.54212 0.0108866 91.162 -31.519 3.5431
90.895 -31.2905 3.5536 2.90593e-06 91.162 -31.519 3.5431
91.3908 -31.5813 3.556 2.54506e-05 91.162 -31.519 3.5431
90.8639 -31.308 3.54331 0.000165016 91.162 -31.519 3.5431
91.08 -31.2566 3.55844 3.42659e-07 91.162 -31.519 3.5431
91.054 -32.0205 3.56219 1.71597e-18 91.162 -31.519 3.5431
91.0925 -31.5532 3.54076 0.0785823 91.162 -31.519 3.5431
91.3957 -31.8203 3.53514 0.000157326 91.162 -31.519 3.5431
90.9682 -31.9161 3.53985 0.000150647 91.162 -31.519 3.5431
90.8281 -30.931 3.53512 7.47797e-14 91.162 -31.519 3.5431
91.0303 -30.8979 3.53174 1.40068e-15 91.162 -31.519 3.5431
91.6969 -31.1984 3.53863 6.46634e-09 91.162 -31.519 3.5431
91.2248 -31.2981 3.54855 0.0234368 91.162 -31.519 3.5431
91.1157 -31.6549 3.54348 0.0959918 91.162 -31.519 3.5431
90.6367 -31.2736 3.54663 1.22022e-08 91.162 -31.519 3.5431
91.0802 -31.5937 3.54438 0.090526 91.162 -31.519 3.5431
91.1125 -31.2718 3.53211 1.60648e-07 91.162 -31.519 3.5431
91.3787 -31.6238 3.54406 0.0838037 91.162 -31.519 3.5431
90.6865 -31.7085 3.56545 1.97617e-22 91.162 -31.519 3.5431
91.1379 -31.6601 3.55218 0.000585969 91.162 -31.519 3.5431
91.259 -30.9804 3.56767 1.09681e-15 91.162 -31.519 3.5431
90.8683 -31.6704 3.56227 1.0558e-14 91.162 -31.519 3.5431
91.1469 -31.9381 3.55262 1.46527e-07 91.162 -31.519 3.5431
91.3834 -31.1802 3.54689 0.00148664 91.162 -31.519 3.5431
91.2478 -31.7717 3.54843 0.00397114 91.162 -31.519 3.5431
91.3061 -31.5205 3.55066 0.0218787 91.162 -31.519 3.5431
90.7455 -31.6665 3.54774 1.84331e-06 91.162 -31.519 3.5431
91.0056 -31.5036 3.54092 0.0228337 91.162 -31.519 3.5431
90.9656 -31.3322 3.55142 0.000227161 91.162 -31.519 3.5431
91.0489 -31.3568 3.55844 2.98838e-07 91.162 -31.519 3.5431
90.986 -31.4466 3.54934 0.0031214 91.162 -31.519 3.5431
90.7442 -31.7986 3.55486 1.22801e-11 91.162 -31.519 3.5431
