261.286 28.8498 6.01688 3.47721e-10 261.2 28.332 6.0381
261.482 28.2005 6.02302 2.0079e-08 261.2 28.332 6.0381
261.226 28.1789 6.04359 0.000232941 261.2 28.332 6.0381
261.893 28.2087 6.03889 5.16801e-21 261.2 28.332 6.0381
261.098 28.1232 6.02245 4.81008e-06 261.2 28.332 6.0381
261.415 28.3383 6.04329 1.04867e-07 261.2 28.332 6.0381
261.224 27.9717 6.02491 9.431e-08 261.2 28.332 6.0381
261.518 28.5029 6.03029 2.98996e-08 261.2 28.332 6.0381
260.907 28.248 6.0412 0.292871 261.2 28.332 6.0381
261.154 28.7162 6.05648 1.80505e-12 261.2 28.332 6.0381
260.994 28.6559 6.02691 0.000145218 261.2 28.332 6.0381
261.597 28.5555 6.0344 5.21696e-11 261.2 28.332 6.0381
261.14 28.5867 6.03713 0.000810533 261.2 28.332 6.0381
261.092 28.795 6.0259 1.25875e-06 261.2 28.332 6.0381
261.062 27.7065 6.05612 3.41522e-10 261.2 28.332 6.0381
261.267 28.6376 6.04062 1.55593e-06 261.2 28.332 6.0381
260.889 28.3356 6.04564 0.160922 261.2 28.332 6.0381
261.528 28.1871 6.04049 7.67646e-10 261.2 28.332 6.0381
261.105 28.1466 6.01836 1.41195e-07 261.2 28.332 6.0381
261.064 28.1897 6.04031 0.0380215 261.2 28.332 6.0381
261.408 28.5585 6.04216 1.26047e-08 261.2 28.332 6.0381
261.134 28.3398 6.03159 0.0128126 261.2 28.332 6.0381
261.489 28.3898 6.04136 4.74212e-09 261.2 28.332 6.0381
261.858 28.4476 6.03709 3.44774e-19 261.2 28.332 6.0381
261.256 29.1595 6.03888 6.5973e-18 261.2 28.332 6.0381
261.159 28.5483 6.02692 0.000527151 261.2 28.332 6.0381
261.253 29.0265 6.05943 9.46796e-25 261.2 28.332 6.0381
261.53 28.3215 6.03729 6.32793e-09 261.2 28.332 6.0381
261.576 28.3058 6.03546 9.8143e-10 261.2 28.332 6.0381
261.492 27.8882 6.03388 1.78778e-11 261.2 28.332 6.0381
261.54 28.2011 6.02994 8.19013e-09 261.2 28.332 6.0381
261.339 28.4215 6.04353 1.58967e-06 261.2 28.332 6.0381
261.365 28.3609 6.03039 3.75159e-05 261.2 28.332 6.0381
260.937 28.2829 6.03516 0.130776 261.2 28.332 6.0381
261.167 28.6343 6.03356 0.000227183 261.2 28.332 6.0381
260.772 28.09 6.03295 0.000943463 261.2 28.332 6.0381
261.632 28.7329 6.04311 2.68e-17 261.2 28.332 6.0381
261.37 29.0805 6.02619 8.15289e-15 261.2 28.332 6.0381
260.784 28.3718 6.05051 0.0324376 261.2 28.332 6.0381
261.603 28.7697 6.031 4.26589e-13 261.2 28.332 6.0381
261.211 28.5382 6.03141 0.00068362 261.2 28.332 6.0381
261.251 28.9724 6.03929 1.83851e-12 261.2 28.332 6.0381
261.043 28.2503 6.036 0.0700351 261.2 28.332 6.0381
261.388 28.6674 6.03112 2.34996e-07 261.2 28.332 6.0381
260.912 27.8664 6.03399 4.97914e-06 261.2 28.332 6.0381
261.566 28.4968 6.03442 8.13248e-10 261.2 28.332 6.0381
261.13 28.666 6.03887 7.09136e-05 261.2 28.332 6.0381
261.101 28.2935 6.03582 0.0385031 261.2 28.332 6.0381
261.146 28.7825 6.03453 2.30696e-06 261.2 28.332 6.0381
261.196 28.9161 6.04414 8.21324e-12 261.2 28.332 6.0381
261.699 28.4245 6.05276 4.02028e-21 261.2 28.332 6.0381
261.652 27.8211 6.01619 1.68672e-19 261.2 28.332 6.0381
261.187 28.7648 6.03255 2.63917e-06 261.2 28.332 6.0381
260.878 28.5779 6.04207 0.00800001 261.2 28.332 6.0381
261.212 28.7368 6.02764 3.5908e-06 261.2 28.332 6.0381
261.312 28.2351 6.06096 3.47686e-13 261.2 28.332 6.0381
261.568 28.9071 6.03616 3.42949e-16 261.2 28.332 6.0381
261.593 29.449 6.02355 1.15283e-30 261.2 28.332 6.0381
260.817 28.6202 6.02796 0.000104147 261.2 28.332 6.0381
261.144 28.6306 6.05916 2.74187e-12 261.2 28.332 6.0381
261.001 28.7463 6.03887 3.18642e-05 261.2 28.332 6.0381
261.343 28.4267 6.04956 8.41054e-09 261.2 28.332 6.0381
261.407 28.5231 6.01503 1.04055e-08 261.2 28.332 6.0381
261.489 27.5553 6.04825 1.89574e-20 261.2 28.332 6.0381
261.102 28.7436 6.03751 1.21238e-05 261.2 28.332 6.0381
261.119 28.0083 6.02755 8.19287e-06 261.2 28.332 6.0381
261.319 28.9236 6.01481 3.30592e-12 261.2 28.332 6.0381
261.5 28.3371 6.04716 3.39907e-11 261.2 28.332 6.0381
261.297 28.3546 6.02482 5.9208e-05 261.2 28.332 6.0381
261.975 28.4954 6.04973 2.85381e-31 261.2 28.332 6.0381
261.372 28.7103 6.04038 2.34659e-09 261.2 28.332 6.0381
261.021 28.7287 6.0544 1.27632e-09 261.2 28.332 6.0381
260.938 28.6525 6.02443 2.71894e-05 261.2 28.332 6.0381
261.299 28.7766 6.03784 1.48289e-08 261.2 28.332 6.0381
261.526 28.3965 6.04337 1.1893e-10 261.2 28.332 6.0381
261.219 27.9224 6.02642 4.2511e-08 261.2 28.332 6.0381
260.748 28.6188 6.04741 0.000459859 261.2 28.332 6.0381
261.02 28.2343 6.05573 7.07528e-05 261.2 28.332 6.0381
261.747 28.566 6.03657 5.16657e-16 261.2 28.332 6.0381
261.337 28.6824 6.0282 1.00855e-06 261.2 28.332 6.0381
261.785 28.5259 6.03267 8.70383e-16 261.2 28.332 6.0381
260.699 28.6466 6.03315 8.05692e-05 261.2 28.332 6.0381
261.158 28.679 6.04121 8.91072e-06 261.2 28.332 6.0381
260.833 28.2267 6.01896 4.96294e-08 261.2 28.332 6.0381
261.468 28.1108 6.05095 4.20721e-12 261.2 28.332 6.0381
261.211 28.3584 6.02941 0.00193792 261.2 28.332 6.0381
261.463 27.6659 6.04545 2.11662e-16 261.2 28.332 6.0381
261.655 28.0984 6.02585 1.73762e-12 261.2 28.332 6.0381
261.563 28.5702 6.01724 2.39804e-10 261.2 28.332 6.0381
260.834 28.1895 6.04097 0.207412 261.2 28.332 6.0381
261.105 28.6865 6.04041 3.48215e-05 261.2 28.332 6.0381
261.436 28.407 6.0428 2.74078e-08 261.2 28.332 6.0381
261.188 27.6481 6.05324 1.25715e-12 261.2 28.332 6.0381
261.492 28.2439 6.01744 1.20063e-09 261.2 28.332 6.0381
261.18 28.5801 6.04548 8.15646e-06 261.2 28.332 6.0381
261.238 28.6159 6.03993 1.11055e-05 261.2 28.332 6.0381
261.448 28.3153 6.03378 1.15392e-06 261.2 28.332 6.0381
261.054 28.3251 6.02203 9.67769e-05 261.2 28.332 6.0381
260.956 28.3149 6.02551 0.000993289 261.2 28.332 6.0381
261.263 28.4579 6.03131 0.00056073 261.2 28.332 6.0381
