17.0454 -89.8216 3.6568 0.0251473
16.9917 -89.9164 3.65657 0.0104696
17.6255 -89.1513 3.64915 5.73266e-11
17.2542 -90.0011 3.66236 0.0404693
16.9328 -89.052 3.66845 3.83034e-16
17.3702 -88.8428 3.6677 2.65497e-16
17.1422 -89.6931 3.6519 0.0364401
16.951 -89.8486 3.66074 0.000556236
17.1723 -89.2474 3.65221 3.7071e-06
17.3289 -89.4163 3.66848 5.00273e-06
16.5692 -89.7511 3.65177 8.79159e-07
17.1965 -90.0731 3.64344 0.0253214
17.2139 -89.4799 3.67177 9.06804e-08
17.1533 -89.473 3.658 0.00115553
16.8688 -89.373 3.66659 1.22423e-10
17.5472 -89.6508 3.67894 1.53972e-07
17.0518 -89.7122 3.66686 6.10451e-05
17.3354 -90.0312 3.6644 0.0315524
18.1584 -90.3563 3.66854 5.97691e-09
17.1697 -89.2899 3.66323 6.82033e-07
17.1377 -90.258 3.64436 0.00474611
17.1783 -89.9503 3.66051 0.0433935
17.3807 -89.9938 3.65272 0.0228767
17.6667 -89.1627 3.67334 1.10348e-10
16.7318 -90.2036 3.67667 7.75067e-17
17.2924 -90.077 3.64701 0.0765961
16.5048 -89.3632 3.64277 3.07255e-09
17.1802 -90.6533 3.66242 1.22495e-08
16.9168 -89.7061 3.66534 4.78112e-06
17.4794 -89.8645 3.66963 0.00804556
17.3999 -89.4487 3.65751 0.00131952
17.1816 -90.0892 3.66952 3.83075e-05
17.4017 -89.8047 3.66099 0.163242
16.8375 -89.9809 3.66579 2.17074e-07
17.2491 -89.406 3.66125 0.000173692
17.8568 -90.1249 3.66636 0.000590596
16.9162 -89.3426 3.66348 9.37042e-09
17.4619 -89.5275 3.67963 1.08549e-09
17.1789 -89.6537 3.66843 5.37778e-05
17.065 -89.4554 3.67611 6.27094e-13
16.8677 -90.1241 3.67372 1.11552e-11
17.0934 -89.1123 3.67069 4.4441e-14
17.219 -89.7404 3.64633 0.00242248
17.1473 -90.5134 3.64417 2.33335e-05
17.5146 -89.1741 3.67085 9.17336e-10
17.7275 -89.6755 3.66841 0.00244203
17.6542 -89.716 3.64084 5.25879e-11
17.089 -89.2935 3.66707 4.71024e-09
17.196 -89.1585 3.65175 1.44541e-07
17.3116 -89.701 3.67015 0.000228519
17.2975 -88.8124 3.67546 8.57693e-22
16.8535 -89.5476 3.66019 7.11181e-06
16.598 -89.7657 3.6521 2.1107e-06
17.729 -89.5363 3.64875 5.40561e-08
16.6674 -89.8396 3.6502 5.1449e-05
17.1751 -89.4716 3.65854 0.00118065
17.3893 -90.1952 3.66783 0.0010373
17.4604 -89.3187 3.67574 6.24581e-10
16.9305 -89.1331 3.67079 3.86017e-16
17.7751 -90.0689 3.65254 2.60226e-06
17.0658 -89.9107 3.65854 0.0186151
16.8581 -89.6738 3.67366 6.20248e-11
17.1466 -89.4274 3.64464 2.0083e-05
17.2827 -90.2321 3.66681 0.000261729
17.5134 -89.794 3.66478 0.0658282
16.8192 -89.5255 3.66414 9.93077e-08
17.4309 -90.2015 3.66399 0.010605
16.9551 -89.3599 3.66784 3.20272e-10
17.242 -90.0782 3.64588 0.0578175
17.4864 -89.2761 3.66443 2.3541e-06
17.2332 -89.4171 3.66817 1.49462e-06
17.5384 -89.6939 3.67289 0.000241747
17.7557 -89.5029 3.65935 5.84934e-05
17.3541 -89.1498 3.6458 1.19967e-09
17.259 -90.0958 3.67455 1.40183e-06
17.3067 -89.2345 3.67356 3.069e-11
17.5174 -89.2001 3.67953 8.24325e-14
17.0993 -89.7541 3.67134 4.46069e-06
17.8764 -89.7408 3.67562 4.62779e-05
16.9233 -89.6287 3.66813 2.65322e-07
17.012 -90.2957 3.66487 1.35749e-06
16.8655 -89.3602 3.66308 4.98422e-09
17.2275 -89.9028 3.65906 0.157538
17.5202 -89.4457 3.65872 0.000584371
17.8445 -89.614 3.65829 2.57286e-05
17.3472 -89.1436 3.65228 4.74661e-08
16.7586 -89.8594 3.64002 0.000658082
16.6854 -89.8662 3.64466 0.000264404
17.0797 -89.6089 3.65086 0.00938523
16.7849 -89.5732 3.64416 0.000136512
17.0432 -90.3437 3.67334 1.44027e-10
16.576 -89.1739 3.65958 7.46677e-15
16.8436 -89.4779 3.65597 1.47388e-05
17.5353 -89.4907 3.67456 1.01394e-06
17.3641 -89.3917 3.66783 6.59168e-06
17.1446 -89.8597 3.65468 0.174985
17.1449 -89.4252 3.6806 1.03712e-15
17.1627 -89.4782 3.64483 5.74458e-05
16.7171 -89.7096 3.66939 4.8573e-11
17.6755 -89.6376 3.66719 0.00317532
