266.147 26.9539 5.80936 5.66379e-12
265.721 27.0133 5.81225 1.0583e-07
265.131 26.5795 5.81822 1.59921e-08
265.145 26.5728 5.81042 1.43312e-06
266.403 26.4915 5.81333 6.96417e-20
265.101 26.3327 5.80734 1.29791e-08
266.143 26.4166 5.81095 1.80467e-11
265.448 26.9619 5.7949 0.000658091
265.867 26.3013 5.8081 1.30163e-06
265.372 25.972 5.80865 6.32588e-12
265.9 26.5263 5.80553 0.00029782
265.406 27.0639 5.8122 4.75433e-08
265.557 26.6703 5.81094 0.00121107
265.43 26.2207 5.79714 1.28649e-05
265.868 25.9359 5.83074 1.74169e-26
266.342 26.9017 5.80114 1.94969e-12
265.349 25.933 5.79 5.05499e-14
266.217 26.6038 5.8094 1.19392e-11
265.83 26.4155 5.81083 5.08407e-06
265.957 26.6554 5.81641 7.5778e-10
265.598 26.2986 5.79347 0.00170359
265.845 26.2118 5.79187 5.9554e-05
265.302 26.3232 5.78325 7.42694e-09
266.179 26.9832 5.80529 4.0468e-11
265.468 27.0154 5.79232 0.000141088
265.759 27.4387 5.80586 2.31627e-15
265.377 26.5836 5.80881 0.00116281
265.969 26.9666 5.80337 2.49204e-06
265.478 26.7078 5.8045 0.0230084
266.346 26.6753 5.79594 1.95742e-09
265.365 26.3954 5.80161 0.000573671
266.094 27.051 5.78335 3.75396e-06
265.519 26.4916 5.79263 0.0426601
265.79 26.2064 5.80503 2.45106e-06
265.69 26.4298 5.80693 0.00159342
265.481 26.2621 5.78886 1.82928e-05
264.766 26.6424 5.814 2.62374e-15
265.648 26.34 5.80769 0.00020107
266.257 27.2022 5.80643 1.85737e-17
265.361 26.3832 5.8306 8.29146e-14
265.975 26.3645 5.80382 7.19855e-06
265.684 26.4362 5.78992 0.0597018
266.007 26.6119 5.80395 5.60039e-05
265.391 26.2644 5.78558 2.16376e-07
266.264 26.8181 5.81182 5.54256e-15
265.658 26.3623 5.79727 0.0145642
266.26 26.5714 5.79904 2.29452e-08
265.89 26.4955 5.79389 0.0519603
265.551 26.3106 5.814 1.7495e-06
265.816 27.2376 5.79078 1.50311e-07
265.651 26.3407 5.77992 3.77357e-05
265.763 26.6267 5.80256 0.0505059
265.787 26.0961 5.81054 5.10078e-10
265.253 26.7437 5.80689 9.03025e-05
266.53 26.8067 5.80695 1.28216e-20
265.513 27.244 5.79645 2.47593e-08
265.334 26.0529 5.8113 9.02937e-11
265.57 25.8308 5.8179 4.02432e-18
265.961 26.3889 5.79999 0.000192636
265.874 26.5081 5.77946 0.00513969
265.696 26.2695 5.81094 1.69619e-06
265.826 26.4841 5.78575 0.0547683
265.986 26.4927 5.79778 0.00173987
266.05 26.7307 5.80552 1.99416e-06
266.055 26.1648 5.79914 1.01224e-08
265.757 26.6716 5.80328 0.0358149
265.308 26.5103 5.80819 0.000228861
266.034 26.6221 5.81577 6.27229e-11
266.104 26.6559 5.79961 2.98682e-05
265.936 26.3212 5.79324 0.000560678
265.76 25.79 5.80494 2.46282e-16
265.511 26.565 5.79319 0.0924311
265.419 25.9703 5.81722 6.43893e-14
265.617 26.5633 5.81056 0.00116155
265.56 26.9649 5.79992 0.00214417
265.643 26.6887 5.80277 0.101567
265.181 26.2737 5.80901 3.54208e-08
265.839 26.4495 5.79762 0.023849
266.248 25.9186 5.8129 5.7303e-24
265.482 26.4378 5.79899 0.0154842
265.883 27.1274 5.81596 2.17323e-13
265.866 26.2035 5.81153 2.59719e-09
266.035 26.4186 5.7982 9.06144e-05
265.621 26.7523 5.79989 0.171844
265.509 26.8596 5.7922 0.0159611
265.331 26.5891 5.78864 0.000148138
265.576 26.5974 5.80661 0.0190005
265.99 26.8899 5.7947 0.00114905
265.789 26.5613 5.80136 0.0480702
264.574 26.6731 5.80709 6.30132e-22
265.622 26.1343 5.79944 3.30126e-06
265.521 26.1884 5.79612 1.66204e-05
265.462 26.4057 5.81812 4.48979e-07
265.515 26.6634 5.80177 0.0943428
265.263 26.6127 5.81296 1.60321e-05
265.627 26.4259 5.79581 0.0616418
265.833 26.2782 5.81333 1.44561e-08
265.405 26.7169 5.81003 0.000705227
265.408 26.8151 5.80578 0.00165061
266.154 26.181 5.79987 2.3527e-10
