-39.6005 -49.6057 1.5429 0.00498349
-39.0288 -49.364 1.52616 3.7983e-07
-39.3017 -50.2355 1.52099 8.21919e-14
-38.837 -49.268 1.5339 7.91256e-08
-38.7456 -49.1828 1.54905 4.38747e-09
-39.2767 -49.4434 1.54401 0.0100244
-39.6052 -49.6467 1.53874 0.00701453
-39.7185 -49.6855 1.55807 1.78847e-07
-39.099 -49.3718 1.51179 1.92046e-13
-39.0709 -49.6169 1.53634 0.00325222
-39.3716 -49.6674 1.53648 0.0325807
-39.3353 -49.192 1.53256 3.66517e-05
-39.3867 -49.4587 1.53878 0.012083
-38.9514 -48.9648 1.54885 3.31712e-11
-39.7319 -49.7215 1.54488 0.000346717
-39.5183 -49.242 1.53695 8.9289e-05
-39.0107 -49.4682 1.52254 1.38901e-08
-39.4193 -49.9017 1.54313 0.0503728
-39.6944 -49.3439 1.53361 6.80523e-05
-39.239 -49.6177 1.53791 0.035385
-39.1192 -49.3649 1.5359 0.000475427
-38.4519 -49.6483 1.55128 1.45246e-08
-39.4498 -49.4178 1.52257 9.24443e-06
-39.2723 -49.6272 1.53729 0.0349787
-39.57 -49.3427 1.54614 3.95598e-05
-39.4145 -49.7777 1.56986 1.79689e-08
-39.6507 -50.0482 1.53214 4.992e-06
-38.7101 -49.1427 1.53536 1.05918e-10
-39.4924 -49.4475 1.52525 7.22327e-05
-39.2102 -48.9605 1.546 9.75924e-10
-39.5465 -49.478 1.54758 0.000584433
-38.8933 -49.5706 1.54832 0.00190263
-38.7656 -49.0369 1.53478 2.16545e-11
-39.1742 -49.4209 1.55163 0.000702582
-39.1182 -49.5943 1.54755 0.0411678
-39.3808 -49.6627 1.54352 0.0946837
-39.1562 -49.4469 1.54509 0.00696487
-39.1163 -49.4848 1.53821 0.00479357
-39.0819 -50.0692 1.55196 0.0350724
-39.1209 -50.189 1.55494 0.0079459
-39.1411 -49.6481 1.54086 0.0453396
-39.0603 -49.2326 1.53223 4.06773e-06
-38.6989 -49.5096 1.52922 3.64388e-10
-39.3187 -49.6292 1.53099 0.0023428
-39.3723 -49.1086 1.55625 1.35113e-10
-39.7354 -49.1685 1.53215 8.88566e-07
-39.0018 -49.603 1.54074 0.00570658
-39.028 -49.3485 1.55084 7.2007e-05
-39.1871 -49.6694 1.52881 0.000126939
-38.6804 -49.3776 1.55665 4.87379e-08
-38.4774 -49.1371 1.55451 3.20162e-14
-39.3854 -49.6549 1.54327 0.0885196
-39.4309 -48.8416 1.54371 5.22332e-12
-39.4689 -49.7134 1.5375 0.0282041
-39.3514 -49.4474 1.54387 0.00908065
-39.3153 -49.6477 1.5498 0.0485614
-39.256 -49.5745 1.53576 0.0154577
-39.5031 -49.45 1.54306 0.00303213
-39.2146 -49.0136 1.56895 5.80353e-19
-39.1929 -49.5473 1.53606 0.00935182
-39.5491 -49.4705 1.54448 0.00154715
-39.2481 -49.1752 1.54828 2.01496e-06
-39.8183 -49.8966 1.55975 6.37369e-09
-39.0668 -49.5685 1.52926 3.04291e-05
-38.9906 -49.1102 1.52976 1.62267e-08
-38.9914 -48.7713 1.54179 5.86904e-14
-38.8534 -49.4411 1.53926 2.5981e-05
-39.3746 -49.7377 1.56068 0.000216491
-38.5395 -49.4117 1.55296 4.99711e-09
-39.3209 -49.6705 1.52482 1.771e-05
-39.4491 -48.9726 1.53898 1.74037e-08
-39.1611 -49.8381 1.54649 0.167227
-39.2059 -49.4066 1.52992 0.000188014
-38.9839 -49.4591 1.54947 0.000976376
-39.3043 -49.6012 1.5418 0.0782491
-39.416 -49.2246 1.53717 0.000115403
-39.3971 -49.5663 1.51897 2.04449e-07
-38.7967 -49.3516 1.54694 3.57653e-06
-38.6923 -48.857 1.53552 1.71685e-15
-39.2467 -49.5291 1.52992 0.000657166
-39.3536 -49.6217 1.54077 0.0751734
-39.5931 -49.7517 1.54106 0.0103957
-39.2935 -49.6199 1.53221 0.00415323
-39.1631 -49.5292 1.53357 0.00205322
-38.6221 -49.4739 1.5567 1.47563e-07
-39.1311 -49.6138 1.52336 4.06203e-07
-39.3567 -49.5385 1.52905 0.000848856
-39.2237 -49.4428 1.53171 0.000832059
-39.1221 -48.9042 1.52668 1.13196e-10
-38.5577 -49.6645 1.5489 6.26437e-07
-39.4349 -48.9205 1.52396 1.97756e-09
-39.2855 -49.4216 1.54426 0.00639962
-39.0417 -49.6121 1.5558 0.00397792
-39.0345 -49.8741 1.54005 0.0054674
-39.2316 -49.2287 1.55289 9.55074e-07
-39.4964 -49.4706 1.55701 2.74063e-06
-39.3774 -49.3692 1.56147 1.64802e-08
-40.2512 -49.3038 1.53819 5.41895e-14
-38.7287 -49.0092 1.56337 1.62328e-16
-38.9434 -49.2272 1.53649 1.42604e-06
