24.5227 -84.8389 3.82746 2.88942e-12
23.9024 -85.1199 3.81673 2.05329e-08
24.3781 -84.936 3.82637 2.44105e-11
24.4702 -85.9352 3.80247 3.57882e-19
24.3536 -84.9133 3.76814 4.80551e-37
24.4756 -85.0994 3.80408 0.00259243
24.6998 -84.7612 3.81527 1.01714e-06
23.6521 -85.3846 3.80343 1.04296e-07
24.2719 -85.5192 3.801 4.17411e-07
24.7183 -85.0058 3.79571 1.1713e-11
24.4462 -85.0592 3.8071 0.0175226
24.7305 -84.2707 3.81777 1.72131e-16
24.6072 -85.0475 3.81036 0.000541712
24.5509 -85.4382 3.82006 1.53081e-08
24.4462 -85.0711 3.81148 0.00928249
24.3587 -85.3542 3.79704 7.14303e-07
24.2949 -85.129 3.8019 0.0286118
24.7106 -85.221 3.81712 1.49591e-06
24.4771 -85.2323 3.78806 2.34976e-14
24.3026 -85.0669 3.79866 0.00586181
24.3432 -84.7098 3.80845 0.00323239
23.9787 -84.4104 3.7995 2.34922e-06
24.1441 -85.0815 3.79797 0.0377677
24.2114 -84.8582 3.80556 0.168964
24.4496 -84.9443 3.82653 5.14374e-11
24.5068 -85.4586 3.80963 2.0413e-06
23.9756 -85.2412 3.80848 0.00123196
24.4286 -85.2727 3.79175 1.92742e-10
24.3253 -85.02 3.78615 2.04602e-11
24.909 -85.2955 3.79463 2.57917e-20
24.2936 -85.2299 3.80135 0.00401082
24.4728 -84.9261 3.79197 6.40348e-09
24.0446 -85.0567 3.80848 0.0340532
24.1436 -85.0615 3.81074 0.0211194
24.6926 -85.0118 3.8075 2.00398e-05
24.1908 -85.1811 3.81706 1.89728e-05
24.2756 -84.4927 3.80939 3.5611e-06
24.1361 -84.6025 3.79819 0.000975108
23.7125 -85.1653 3.81623 6.92738e-12
24.189 -85.4019 3.79933 3.92027e-05
23.6743 -85.4609 3.81839 1.61746e-17
24.3424 -85.0279 3.80641 0.098853
24.3753 -85.255 3.79741 1.14049e-05
24.1661 -85.0059 3.79863 0.0796213
24.7901 -84.8644 3.80147 9.6283e-10
24.6283 -85.4089 3.80173 2.18037e-09
24.1348 -84.682 3.80034 0.0134394
24.0928 -85.1426 3.79694 0.0131384
24.518 -85.0478 3.79572 2.23357e-07
24.5676 -84.7615 3.80404 4.83105e-05
25.0367 -84.7167 3.81377 5.95751e-13
24.5608 -84.8986 3.81028 0.00115843
24.1744 -84.6481 3.79384 7.69284e-05
24.351 -85.1982 3.79998 0.000927902
24.059 -85.8692 3.79771 4.15898e-16
24.2836 -85.7709 3.81713 1.22659e-13
24.7812 -84.9391 3.82197 1.15004e-08
24.5531 -85.8953 3.79072 3.42524e-28
24.0303 -84.6841 3.80071 0.0170679
23.5356 -85.4547 3.80023 4.86938e-10
24.1832 -84.8382 3.81655 1.53693e-05
24.5125 -85.3269 3.79496 3.26398e-10
24.4354 -85.1446 3.8132 0.00279866
24.9501 -85.2854 3.79729 5.79758e-19
24.4412 -85.5521 3.82546 1.5253e-13
24.5243 -85.1906 3.81265 0.000683558
24.1031 -85.4573 3.81271 1.26286e-06
24.1985 -84.7677 3.81513 3.75559e-05
24.2039 -84.4887 3.81086 8.64238e-07
23.982 -85.0331 3.81693 3.07359e-07
24.3546 -85.1067 3.80861 0.0453989
24.4913 -85.3811 3.7961 8.40689e-10
24.6862 -85.6538 3.81088 5.83813e-12
24.3051 -85.3133 3.82308 1.27733e-09
24.0304 -84.9759 3.78157 3.26751e-11
24.4826 -85.7496 3.7915 2.27668e-21
24.1001 -84.6326 3.78732 5.88877e-08
24.632 -84.6857 3.82519 5.54907e-12
24.4349 -84.6133 3.82231 7.56733e-11
23.8708 -85.4061 3.80143 3.20034e-05
23.8968 -85.6104 3.80459 6.32029e-09
23.7295 -84.9714 3.80327 0.00113038
24.4458 -85.357 3.82066 8.37513e-08
23.8499 -84.8864 3.80063 0.0444028
23.7991 -84.9265 3.79507 0.0138487
24.4191 -85.2019 3.78953 2.1954e-11
24.6204 -85.2234 3.79765 2.62377e-09
24.0816 -85.064 3.78523 6.96826e-09
24.4755 -85.1284 3.8146 0.0009516
24.6168 -85.8139 3.82162 1.20003e-16
24.0498 -85.052 3.80588 0.147578
24.1208 -84.8042 3.79009 2.49952e-05
24.6783 -85.0563 3.79812 3.80958e-09
24.4856 -85.0354 3.79497 3.15992e-07
24.5204 -85.0511 3.79639 5.24025e-07
23.505 -84.6989 3.79148 1.65529e-06
23.9079 -85.9642 3.81585 4.01627e-22
23.9503 -85.1286 3.80185 0.0653804
24.1839 -84.9579 3.78483 4.42133e-10
24.2545 -85.1225 3.80595 0.117511
