71.8198 14.8279 0.109188 0.0255191 71.865 15.036 0.10939
72.7273 14.5019 0.109692 1.82531e-14 71.865 15.036 0.10939
72.1321 15.4914 0.120894 2.14008e-07 71.865 15.036 0.10939
71.9834 15.5934 0.126374 6.92459e-08 71.865 15.036 0.10939
71.7869 14.6392 0.103957 0.00150052 71.865 15.036 0.10939
71.963 14.8524 0.113849 0.012009 71.865 15.036 0.10939
72.0197 15.0094 0.133723 3.44716e-05 71.865 15.036 0.10939
71.7558 14.5867 0.121877 0.00747444 71.865 15.036 0.10939
72.0629 14.5081 0.0996206 2.19605e-06 71.865 15.036 0.10939
71.8075 15.2004 0.106219 0.00193377 71.865 15.036 0.10939
72.193 15.2186 0.1244 4.62523e-06 71.865 15.036 0.10939
71.4289 14.7589 0.120179 0.0383582 71.865 15.036 0.10939
71.8791 15.0174 0.117201 0.0304212 71.865 15.036 0.10939
71.5568 14.9564 0.122127 0.108312 71.865 15.036 0.10939
72.1753 15.1039 0.102735 1.14345e-05 71.865 15.036 0.10939
71.6307 14.4125 0.0938577 1.42196e-07 71.865 15.036 0.10939
71.8171 14.9369 0.103333 0.00447981 71.865 15.036 0.10939
71.9556 14.8506 0.130411 0.000617887 71.865 15.036 0.10939
71.8896 14.9029 0.108383 0.0134606 71.865 15.036 0.10939
72.5237 14.9213 0.124078 6.04247e-10 71.865 15.036 0.10939
71.7591 14.8683 0.11525 0.0971537 71.865 15.036 0.10939
72.0755 14.9858 0.114046 0.00175029 71.865 15.036 0.10939
72.148 14.7426 0.115155 0.000244512 71.865 15.036 0.10939
71.6479 14.6947 0.107058 0.00997154 71.865 15.036 0.10939
72.0139 15.0801 0.115899 0.00323193 71.865 15.036 0.10939
71.2848 15.0904 0.0989923 6.3323e-06 71.865 15.036 0.10939
72.6369 15.8144 0.131075 2.79603e-21 71.865 15.036 0.10939
71.7696 14.7844 0.104226 0.00605435 71.865 15.036 0.10939
72.6091 15.2119 0.109906 1.64852e-11 71.865 15.036 0.10939
72.3049 15.1409 0.115071 2.27859e-06 71.865 15.036 0.10939
71.3391 14.8628 0.121063 0.0232929 71.865 15.036 0.10939
72.1158 14.8579 0.113356 0.000826265 71.865 15.036 0.10939
71.5752 15.0854 0.102123 0.00129795 71.865 15.036 0.10939
72.2258 15.2686 0.106929 1.55556e-06 71.865 15.036 0.10939
71.5759 14.8066 0.0977606 0.000210614 71.865 15.036 0.10939
72.1338 14.9172 0.0929043 4.36031e-07 71.865 15.036 0.10939
71.6504 15.1693 0.120449 0.0316304 71.865 15.036 0.10939
71.4827 15.6051 0.121588 2.03619e-06 71.865 15.036 0.10939
72.2255 14.5438 0.118405 2.72879e-06 71.865 15.036 0.10939
72.3066 15.1067 0.122222 1.11074e-06 71.865 15.036 0.10939
72.0014 15.7162 0.09638 9.06007e-12 71.865 15.036 0.10939
71.9358 15.5319 0.100908 8.51065e-08 71.865 15.036 0.10939
71.4605 14.9714 0.102679 0.00133115 71.865 15.036 0.10939
71.5242 14.9707 0.121324 0.101649 71.865 15.036 0.10939
71.5918 15.0731 0.122831 0.0619635 71.865 15.036 0.10939
71.2838 15.535 0.0928628 1.76526e-11 71.865 15.036 0.10939
71.6725 14.6874 0.09925 0.000326676 71.865 15.036 0.10939
71.5422 14.7606 0.111453 0.0383811 71.865 15.036 0.10939
71.5553 14.9365 0.113423 0.0916498 71.865 15.036 0.10939
72.0324 14.7975 0.114232 0.00337433 71.865 15.036 0.10939
71.9971 15.1553 0.0984722 2.13924e-05 71.865 15.036 0.10939
72.2352 14.8659 0.0964293 4.49929e-07 71.865 15.036 0.10939
72.0095 14.6101 0.100477 3.31578e-05 71.865 15.036 0.10939
71.8859 14.4019 0.107058 3.71299e-05 71.865 15.036 0.10939
71.4626 15.2552 0.101753 5.74112e-05 71.865 15.036 0.10939
71.8864 15.2641 0.12413 0.000986248 71.865 15.036 0.10939
71.8998 15.0048 0.102328 0.0012974 71.865 15.036 0.10939
71.6184 14.8301 0.107276 0.023641 71.865 15.036 0.10939
71.7804 14.7288 0.118732 0.0432503 71.865 15.036 0.10939
72.129 15.042 0.137623 2.2048e-07 71.865 15.036 0.10939
72.0578 15.3034 0.112249 7.47569e-05 71.865 15.036 0.10939
71.628 15.5877 0.123998 3.73584e-06 71.865 15.036 0.10939
71.8739 15.03 0.105801 0.00524777 71.865 15.036 0.10939
71.8075 14.9422 0.103031 0.00412801 71.865 15.036 0.10939
72.2156 15.1448 0.109357 1.69497e-05 71.865 15.036 0.10939
72.303 14.9612 0.122233 2.71311e-06 71.865 15.036 0.10939
71.6874 14.7049 0.118707 0.0551174 71.865 15.036 0.10939
71.8342 14.6079 0.115919 0.00819292 71.865 15.036 0.10939
72.1172 14.6271 0.118171 0.000127859 71.865 15.036 0.10939
71.8142 14.5367 0.119699 0.00288802 71.865 15.036 0.10939
71.6628 15.4095 0.120238 0.000555228 71.865 15.036 0.10939
71.9712 15.3519 0.117045 0.000153895 71.865 15.036 0.10939
71.808 15.0121 0.105319 0.00782973 71.865 15.036 0.10939
72.1421 14.4932 0.095598 5.50515e-08 71.865 15.036 0.10939
72.0967 15.0906 0.104868 0.000126126 71.865 15.036 0.10939
71.0965 15.1913 0.123379 5.66169e-05 71.865 15.036 0.10939
71.6854 15.2959 0.0918874 1.83095e-07 71.865 15.036 0.10939
71.6997 15.054 0.111714 0.050703 71.865 15.036 0.10939
72.2974 15.8118 0.146003 4.8841e-20 71.865 15.036 0.10939
72.0311 15.1593 0.0941081 1.00736e-06 71.865 15.036 0.10939
71.9605 15.4707 0.0981161 8.03127e-08 71.865 15.036 0.10939
72.081 15.1823 0.106051 9.17155e-05 71.865 15.036 0.10939
71.9387 14.8897 0.103834 0.00201346 71.865 15.036 0.10939
71.715 14.9574 0.126494 0.0375799 71.865 15.036 0.10939
72.4251 16.026 0.100399 8.2026e-21 71.865 15.036 0.10939
72.2533 14.4706 0.100046 2.88351e-08 71.865 15.036 0.10939
72.0823 14.8593 0.141117 7.09963e-08 71.865 15.036 0.10939
72.2537 14.6534 0.125214 1.15494e-06 71.865 15.036 0.10939
72.1679 15.508 0.0958534 3.3871e-10 71.865 15.036 0.10939
71.8546 14.9398 0.104684 0.00583769 71.865 15.036 0.10939
71.8501 15.3142 0.100631 2.46743e-05 71.865 15.036 0.10939
71.8522 14.5743 0.116643 0.0043282 71.865 15.036 0.10939
71.7053 14.6419 0.100407 0.000383552 71.865 15.036 0.10939
71.6884 15.3018 0.0987042 1.73839e-05 71.865 15.036 0.10939
72.1018 14.8794 0.119396 0.000900279 71.865 15.036 0.10939
71.6912 15.2867 0.0864914 2.05573e-09 71.865 15.036 0.10939
71.331 14.5922 0.103375 4.61197e-05 71.865 15.036 0.10939
71.6438 15.3201 0.130756 0.00035782 71.865 15.036 0.10939
71.7005 15.1613 0.112555 0.0223361 71.865 15.036 0.10939
71.7269 15.3171 0.116299 0.00303415 71.865 15.036 0.10939
