276.629 16.0294 5.16492 0.000504774 276.54 15.386 5.1656
276.869 15.7119 5.15524 0.000118726 276.54 15.386 5.1656
276.285 15.1135 5.17558 1.55723e-11 276.54 15.386 5.1656
276.562 15.5836 5.14683 0.000251519 276.54 15.386 5.1656
276.725 15.2249 5.17041 1.83278e-06 276.54 15.386 5.1656
276.247 15.864 5.15901 0.000167922 276.54 15.386 5.1656
276.513 15.4011 5.15891 0.0261696 276.54 15.386 5.1656
276.4 15.423 5.15993 0.0176969 276.54 15.386 5.1656
276.411 15.205 5.16545 1.47845e-05 276.54 15.386 5.1656
276.989 15.0362 5.17759 1.66183e-16 276.54 15.386 5.1656
276.535 15.1894 5.14392 1.54168e-06 276.54 15.386 5.1656
276.301 15.2224 5.16774 1.5864e-06 276.54 15.386 5.1656
276.546 15.9208 5.15621 0.000328189 276.54 15.386 5.1656
276.487 14.9717 5.17723 7.29372e-15 276.54 15.386 5.1656
276.549 15.186 5.14351 1.05735e-06 276.54 15.386 5.1656
276.391 15.918 5.16732 0.0077188 276.54 15.386 5.1656
276.629 15.072 5.18031 1.94184e-13 276.54 15.386 5.1656
276.273 15.3269 5.14462 2.20148e-06 276.54 15.386 5.1656
276.579 16.0498 5.14682 2.70844e-10 276.54 15.386 5.1656
276.96 15.4032 5.14495 1.27854e-08 276.54 15.386 5.1656
277.008 15.3946 5.15495 5.10242e-07 276.54 15.386 5.1656
276.588 15.31 5.14545 3.46461e-05 276.54 15.386 5.1656
276.97 15.3033 5.16441 5.34515e-07 276.54 15.386 5.1656
276.449 15.6721 5.14454 8.57865e-06 276.54 15.386 5.1656
276.537 15.1612 5.15875 3.07759e-05 276.54 15.386 5.1656
276.711 15.0654 5.17163 3.12639e-10 276.54 15.386 5.1656
276.614 15.934 5.15084 2.30908e-06 276.54 15.386 5.1656
276.52 15.7713 5.16302 0.136841 276.54 15.386 5.1656
276.838 14.77 5.14615 4.64302e-16 276.54 15.386 5.1656
276.825 15.7395 5.16115 0.00369986 276.54 15.386 5.1656
276.779 15.2788 5.15178 3.22744e-05 276.54 15.386 5.1656
276.445 15.5377 5.15693 0.0557345 276.54 15.386 5.1656
276.515 15.4334 5.16181 0.0499724 276.54 15.386 5.1656
276.306 15.0066 5.14532 1.10488e-09 276.54 15.386 5.1656
276.705 15.4925 5.16113 0.0363059 276.54 15.386 5.1656
276.948 15.4877 5.17446 4.07866e-06 276.54 15.386 5.1656
276.357 15.2675 5.15919 0.000262729 276.54 15.386 5.1656
276.409 15.6999 5.1514 0.00113858 276.54 15.386 5.1656
275.942 15.3922 5.15214 1.04341e-09 276.54 15.386 5.1656
276.227 15.8422 5.15706 6.65266e-05 276.54 15.386 5.1656
276.484 15.2234 5.17031 5.26813e-06 276.54 15.386 5.1656
277.14 15.6568 5.15507 2.34815e-09 276.54 15.386 5.1656
276.21 15.3764 5.15819 0.000135534 276.54 15.386 5.1656
276.603 15.1317 5.1594 7.18529e-06 276.54 15.386 5.1656
276.837 15.4322 5.13828 1.38918e-09 276.54 15.386 5.1656
276.128 15.428 5.13214 2.19194e-13 276.54 15.386 5.1656
275.865 14.919 5.1695 3.27258e-22 276.54 15.386 5.1656
276.604 15.4705 5.15704 0.0422624 276.54 15.386 5.1656
276.85 14.9792 5.14972 7.84238e-11 276.54 15.386 5.1656
276.654 15.6901 5.15554 0.0143886 276.54 15.386 5.1656
276.234 15.6333 5.14554 1.40176e-06 276.54 15.386 5.1656
277.048 14.9123 5.16176 4.55551e-16 276.54 15.386 5.1656
276.281 15.8423 5.15939 0.000721083 276.54 15.386 5.1656
276.779 15.6366 5.15677 0.00512457 276.54 15.386 5.1656
276.659 15.9417 5.16897 0.00987424 276.54 15.386 5.1656
276.787 15.5719 5.14517 2.8903e-06 276.54 15.386 5.1656
276.469 15.7069 5.16421 0.221328 276.54 15.386 5.1656
276.498 15.4716 5.13806 1.18909e-07 276.54 15.386 5.1656
276.42 15.3655 5.17907 1.04301e-06 276.54 15.386 5.1656
277.052 15.1583 5.15944 2.15588e-10 276.54 15.386 5.1656
276.661 15.9429 5.14995 4.48386e-07 276.54 15.386 5.1656
276.226 15.6581 5.15614 0.000712618 276.54 15.386 5.1656
276.764 15.942 5.17023 0.00239072 276.54 15.386 5.1656
276.192 15.9857 5.15494 8.43731e-08 276.54 15.386 5.1656
276.633 15.8894 5.14125 2.03679e-10 276.54 15.386 5.1656
276.589 15.4273 5.18596 2.10722e-08 276.54 15.386 5.1656
276.432 15.397 5.14924 0.000830914 276.54 15.386 5.1656
276.797 15.4532 5.16478 0.00350719 276.54 15.386 5.1656
276.748 15.044 5.15508 3.41652e-08 276.54 15.386 5.1656
276.615 15.8805 5.16966 0.0449665 276.54 15.386 5.1656
276.784 15.4695 5.15997 0.00585106 276.54 15.386 5.1656
276.618 15.0901 5.15307 1.28385e-06 276.54 15.386 5.1656
276.381 15.7062 5.17208 0.0332067 276.54 15.386 5.1656
277.034 15.2457 5.15668 9.23309e-09 276.54 15.386 5.1656
276.139 15.5264 5.1785 1.69064e-07 276.54 15.386 5.1656
276.228 15.1626 5.14742 1.07214e-07 276.54 15.386 5.1656
276.697 15.4525 5.15743 0.0148029 276.54 15.386 5.1656
276.453 15.1435 5.15997 9.10613e-06 276.54 15.386 5.1656
276.96 15.58 5.15849 4.98173e-05 276.54 15.386 5.1656
275.854 15.0048 5.15851 2.39188e-17 276.54 15.386 5.1656
276.599 15.8114 5.17045 0.110371 276.54 15.386 5.1656
276.561 14.5866 5.15867 2.72829e-21 276.54 15.386 5.1656
276.298 15.12 5.13706 2.36308e-10 276.54 15.386 5.1656
276.721 15.0533 5.16106 3.73952e-08 276.54 15.386 5.1656
276.48 15.3689 5.15754 0.0111544 276.54 15.386 5.1656
276.418 15.3213 5.16252 0.0019521 276.54 15.386 5.1656
276.316 15.4248 5.1566 0.0032501 276.54 15.386 5.1656
276.935 15.999 5.16298 1.04896e-06 276.54 15.386 5.1656
276.699 15.7772 5.15817 0.00880036 276.54 15.386 5.1656
276.556 14.9608 5.15884 2.07853e-09 276.54 15.386 5.1656
276.767 15.6737 5.16882 0.0335575 276.54 15.386 5.1656
276.591 14.979 5.15401 9.95021e-09 276.54 15.386 5.1656
276.43 15.9128 5.16268 0.00537694 276.54 15.386 5.1656
276.732 15.7529 5.16814 0.0548451 276.54 15.386 5.1656
276.375 16.0906 5.16229 6.84836e-06 276.54 15.386 5.1656
276.603 15.8936 5.16258 0.0126041 276.54 15.386 5.1656
276.999 15.0085 5.16235 9.28884e-13 276.54 15.386 5.1656
276.354 15.4371 5.15582 0.00631344 276.54 15.386 5.1656
276.84 15.8756 5.15405 4.18543e-06 276.54 15.386 5.1656
276.606 15.3832 5.15806 0.0144666 276.54 15.386 5.1656
