15.5518 -92.5719 3.62049 8.51059e-06 15.338 -92.343 3.593
14.6087 -92.6394 3.59385 9.83597e-06 15.338 -92.343 3.593
14.8868 -92.3199 3.58444 0.01397 15.338 -92.343 3.593
14.8654 -92.2775 3.5966 0.00288854 15.338 -92.343 3.593
15.4053 -92.6544 3.58355 0.00660125 15.338 -92.343 3.593
15.1226 -92.8841 3.60566 3.09789e-06 15.338 -92.343 3.593
15.5601 -92.5912 3.60009 0.00949417 15.338 -92.343 3.593
15.5519 -92.9814 3.60634 1.45805e-06 15.338 -92.343 3.593
15.2668 -92.7447 3.57231 0.000434849 15.338 -92.343 3.593
15.1046 -92.515 3.58628 0.0527568 15.338 -92.343 3.593
15.6854 -92.4786 3.59638 0.00811065 15.338 -92.343 3.593
15.1434 -92.5342 3.59064 0.0530593 15.338 -92.343 3.593
14.6837 -92.4578 3.57575 0.00138399 15.338 -92.343 3.593
15.6214 -92.6699 3.57656 2.24088e-05 15.338 -92.343 3.593
14.7831 -93.2352 3.58731 4.37662e-08 15.338 -92.343 3.593
15.3195 -92.7168 3.59792 0.00485113 15.338 -92.343 3.593
14.8407 -93.0357 3.57785 6.58204e-05 15.338 -92.343 3.593
15.2066 -92.1999 3.59063 0.0619337 15.338 -92.343 3.593
14.7242 -93.3141 3.59516 2.34654e-11 15.338 -92.343 3.593
14.9924 -92.537 3.58 0.020856 15.338 -92.343 3.593
14.8137 -92.9098 3.60516 1.42379e-08 15.338 -92.343 3.593
14.8885 -92.2552 3.59918 0.00203449 15.338 -92.343 3.593
15.1525 -92.2417 3.60065 0.0340913 15.338 -92.343 3.593
15.5364 -92.3845 3.57067 2.99948e-06 15.338 -92.343 3.593
14.5858 -92.4199 3.58375 0.000299155 15.338 -92.343 3.593
15.4468 -92.5534 3.56993 1.82477e-05 15.338 -92.343 3.593
15.468 -92.4205 3.57186 2.83774e-05 15.338 -92.343 3.593
15.2424 -92.3773 3.59287 0.10587 15.338 -92.343 3.593
15.1211 -93.0169 3.58883 9.84724e-05 15.338 -92.343 3.593
15.243 -92.9383 3.59004 0.000463281 15.338 -92.343 3.593
15.0517 -92.8884 3.59973 2.63319e-05 15.338 -92.343 3.593
15.6918 -92.9468 3.58494 5.36442e-06 15.338 -92.343 3.593
15.47 -91.4886 3.61036 1.32445e-05 15.338 -92.343 3.593
14.5751 -92.6679 3.56735 0.000121551 15.338 -92.343 3.593
15.2662 -92.5378 3.57511 0.00260142 15.338 -92.343 3.593
14.8436 -92.1645 3.59771 0.00116119 15.338 -92.343 3.593
15.1006 -92.3996 3.56894 0.000345787 15.338 -92.343 3.593
14.6678 -92.4597 3.57463 0.00101626 15.338 -92.343 3.593
14.7149 -93.1231 3.58143 1.91484e-06 15.338 -92.343 3.593
14.8637 -92.3088 3.59436 0.00478906 15.338 -92.343 3.593
14.8229 -92.8383 3.58865 0.000232603 15.338 -92.343 3.593
14.9072 -92.2831 3.58623 0.015447 15.338 -92.343 3.593
15.2831 -92.408 3.58191 0.021074 15.338 -92.343 3.593
15.2111 -92.1494 3.59702 0.0579658 15.338 -92.343 3.593
15.4836 -92.1237 3.60683 0.0395586 15.338 -92.343 3.593
15.1842 -92.0885 3.58375 0.00607344 15.338 -92.343 3.593
14.9282 -92.0458 3.6001 0.00130736 15.338 -92.343 3.593
15.0136 -92.1889 3.59972 0.00932467 15.338 -92.343 3.593
14.9704 -91.964 3.59352 0.00213769 15.338 -92.343 3.593
15.2676 -92.5086 3.5889 0.065811 15.338 -92.343 3.593
15.1511 -92.2678 3.57824 0.0061704 15.338 -92.343 3.593
15.1693 -92.7726 3.5992 0.000796196 15.338 -92.343 3.593
15.5256 -92.8486 3.58258 0.000190744 15.338 -92.343 3.593
15.7127 -92.5715 3.58279 0.000101217 15.338 -92.343 3.593
14.7245 -92.9789 3.58603 1.16272e-05 15.338 -92.343 3.593
15.5953 -92.0095 3.58521 0.000147696 15.338 -92.343 3.593
15.4188 -91.8978 3.59754 0.00744416 15.338 -92.343 3.593
15.2367 -92.7077 3.58834 0.0156124 15.338 -92.343 3.593
14.8053 -92.3898 3.56938 0.000566563 15.338 -92.343 3.593
15.4981 -92.5922 3.58896 0.0116548 15.338 -92.343 3.593
15.0433 -93.1524 3.59145 1.31366e-06 15.338 -92.343 3.593
14.9613 -92.758 3.59727 0.000268745 15.338 -92.343 3.593
14.8682 -92.0243 3.59306 0.00125898 15.338 -92.343 3.593
15.1362 -92.8637 3.5913 0.00118333 15.338 -92.343 3.593
15.0053 -92.3873 3.58008 0.02023 15.338 -92.343 3.593
14.8457 -92.1351 3.59151 0.00280557 15.338 -92.343 3.593
14.8445 -92.8947 3.58434 0.000330533 15.338 -92.343 3.593
14.8804 -92.3646 3.58304 0.0141202 15.338 -92.343 3.593
15.3117 -92.143 3.59135 0.0454731 15.338 -92.343 3.593
16.1884 -92.5189 3.59164 3.64828e-08 15.338 -92.343 3.593
15.3727 -92.4378 3.57514 0.000752872 15.338 -92.343 3.593
15.1417 -92.9561 3.60319 2.68638e-06 15.338 -92.343 3.593
14.4874 -92.239 3.57923 2.70893e-05 15.338 -92.343 3.593
15.3577 -92.1829 3.5689 2.50262e-06 15.338 -92.343 3.593
15.1578 -92.1824 3.5844 0.0189803 15.338 -92.343 3.593
14.6183 -92.5859 3.58328 0.000404923 15.338 -92.343 3.593
15.3857 -92.2664 3.60909 0.0178926 15.338 -92.343 3.593
15.4996 -92.6129 3.58954 0.0106812 15.338 -92.343 3.593
15.4943 -92.756 3.60272 0.000753224 15.338 -92.343 3.593
15.0745 -92.909 3.58191 0.00120334 15.338 -92.343 3.593
15.2467 -92.2682 3.58873 0.068236 15.338 -92.343 3.593
15.285 -92.5034 3.5745 0.00166988 15.338 -92.343 3.593
14.9836 -92.2094 3.585 0.0161743 15.338 -92.343 3.593
15.0349 -92.3588 3.57811 0.0120471 15.338 -92.343 3.593
14.6522 -92.6754 3.5987 1.60267e-06 15.338 -92.343 3.593
15.7599 -91.3337 3.59379 1.73627e-10 15.338 -92.343 3.593
14.4174 -92.8107 3.57747 4.49596e-06 15.338 -92.343 3.593
15.124 -92.1755 3.56889 2.8989e-05 15.338 -92.343 3.593
15.0671 -92.4233 3.58195 0.0345654 15.338 -92.343 3.593
15.0145 -92.6881 3.59646 0.00178461 15.338 -92.343 3.593
15.4764 -92.6574 3.58742 0.00683482 15.338 -92.343 3.593
15.1691 -92.4993 3.5978 0.02945 15.338 -92.343 3.593
14.612 -92.4227 3.58571 0.00036944 15.338 -92.343 3.593
14.6593 -93.2946 3.59236 7.13556e-11 15.338 -92.343 3.593
15.2173 -92.5581 3.57505 0.0036763 15.338 -92.343 3.593
14.7341 -92.7314 3.59172 0.000100231 15.338 -92.343 3.593
15.2561 -92.0571 3.59843 0.0372699 15.338 -92.343 3.593
15.0749 -92.6033 3.60648 0.000179854 15.338 -92.343 3.593
15.6544 -92.2602 3.57981 4.29001e-05 15.338 -92.343 3.593
15.7524 -92.6678 3.58723 0.00012367 15.338 -92.343 3.593
