177.635 24.2378 0.0687948 0.0026473
178.197 23.9276 0.0945091 2.43051e-13
177.612 23.7717 0.0944192 2.58016e-06
178.326 23.5434 0.0547811 2.23691e-13
178.725 23.3298 0.0549847 6.83236e-25
178.558 23.7086 0.068024 6.87613e-12
177.28 23.7607 0.0819665 1.26044e-05
178.272 24.0249 0.0727244 5.013e-05
177.213 24.016 0.0898661 8.57441e-07
177.976 23.8575 0.0808732 0.00305346
178.124 23.8321 0.0681738 0.000827048
177.958 23.3406 0.0773647 2.41553e-09
177.972 23.9327 0.0609512 0.000410268
178.023 24.2564 0.0519091 6.12381e-08
178.375 24.1201 0.0867339 7.15114e-13
177.856 23.7822 0.078025 0.0195431
178.116 24.0362 0.0715975 0.00607284
178.158 23.8032 0.0794768 2.55356e-05
177.726 24.3373 0.0822336 0.000193372
177.77 23.4815 0.0743126 3.99401e-06
177.698 24.1324 0.0643951 0.00151578
177.796 23.6737 0.0685401 0.000289601
177.958 23.8865 0.0836242 0.000950707
177.892 24.0717 0.0671044 0.0419075
177.928 23.656 0.0776629 0.0006562
177.816 23.486 0.0744416 4.91802e-06
178.598 23.5066 0.0947054 1.54819e-27
178.028 23.7226 0.0992566 6.59729e-14
178.547 23.3325 0.0714294 1.87083e-18
177.698 23.8178 0.087091 0.00170559
177.942 23.8796 0.070444 0.0339783
178.257 23.4976 0.0787317 3.71641e-10
177.758 24.244 0.0770776 0.0167791
177.819 23.9556 0.0741514 0.187128
178.229 23.2025 0.0726332 1.07892e-15
178.141 23.9203 0.0660219 0.00114677
177.943 23.714 0.0786649 0.00162056
178.21 24.0125 0.0653909 0.00042461
177.995 23.4977 0.0701607 6.34612e-07
178.319 24.3758 0.0658751 4.84542e-07
177.816 23.3081 0.064492 1.29465e-12
177.481 23.2903 0.0675298 1.9612e-14
177.991 23.6985 0.0773828 0.00069925
178.132 23.8981 0.074198 0.00147227
177.604 23.8347 0.106148 6.48494e-14
177.919 24.5017 0.080781 2.69083e-07
177.959 24.1051 0.0765201 0.0293181
177.807 23.7681 0.0739094 0.02073
177.858 23.7367 0.0836699 0.00107897
177.621 24.3857 0.0725621 0.000262469
178.082 24.0111 0.0796787 0.000762597
177.693 23.8508 0.0786279 0.0676867
177.634 24.3611 0.0820147 9.73745e-05
177.773 24.224 0.0729551 0.0371605
178.23 24.278 0.0787833 3.56395e-07
177.781 23.6551 0.0979255 6.74504e-10
177.841 24.0815 0.0737461 0.166127
177.526 24.2338 0.0692647 0.00034138
178.259 23.8306 0.0894998 2.19757e-11
177.969 23.9746 0.0737223 0.0645587
177.818 23.7868 0.079041 0.0227491
177.854 23.6111 0.0756432 0.000433012
177.889 24.3819 0.0897247 3.91025e-09
177.889 23.5506 0.0763538 4.65229e-05
178.096 24.0413 0.0814187 0.000130407
178.103 23.7712 0.0682689 0.000393143
177.901 23.8988 0.0788315 0.0362282
177.985 23.8097 0.0933235 9.78182e-09
178.244 24.5512 0.0699678 8.15609e-09
177.748 24.3021 0.0847163 8.12267e-05
178.291 23.2356 0.0856439 3.80666e-18
177.848 23.9508 0.0669346 0.0248314
177.932 23.8955 0.0676657 0.0184571
178.176 23.8314 0.0600651 6.73132e-06
177.701 23.8372 0.0763741 0.0637812
178.009 24.1242 0.0874195 2.25602e-06
177.451 23.8505 0.0660964 2.43605e-06
178.136 24.0463 0.0699314 0.00426496
177.827 23.9355 0.0827836 0.017
177.972 23.4075 0.0712131 2.05511e-08
178.215 23.7133 0.067535 6.68562e-06
177.446 23.5325 0.0765375 9.02391e-07
177.956 23.6223 0.0700768 9.2515e-05
178.034 23.5283 0.0778408 1.77344e-06
177.925 24.146 0.0873755 1.51401e-05
177.796 23.3908 0.0771409 1.29365e-07
178.008 23.694 0.0819771 6.95253e-05
178.45 24.016 0.059185 3.61078e-08
177.673 23.3201 0.0685823 2.45981e-11
178.332 23.6692 0.0613524 5.87863e-09
178.496 24.128 0.0850651 4.24752e-15
178.039 24.1008 0.079459 0.00154576
178.254 24.234 0.0727811 1.56848e-05
177.919 24.2884 0.0825981 7.8625e-05
177.808 24.6852 0.0943318 6.68647e-18
177.893 24.0133 0.0697794 0.0983421
177.937 24.443 0.0723964 0.000106996
178.451 23.2678 0.0917776 1.23993e-24
178.131 23.9444 0.0858648 8.5411e-07
177.494 23.8612 0.091517 6.83188e-05
