154.198 22.0057 0.0904233 0.0413379 154.51 22.156 0.080667
154.62 22.1451 0.070657 1.05245e-05 154.51 22.156 0.080667
155.028 22.0253 0.0673576 6.36551e-11 154.51 22.156 0.080667
154.687 21.7923 0.0911079 2.23091e-05 154.51 22.156 0.080667
154.769 22.6104 0.073528 9.23064e-07 154.51 22.156 0.080667
154.266 22.4729 0.0722416 5.24834e-07 154.51 22.156 0.080667
154.075 21.8712 0.100936 9.80262e-05 154.51 22.156 0.080667
154.814 22.7166 0.0634089 2.63686e-12 154.51 22.156 0.080667
154.933 21.9569 0.0927932 3.53687e-08 154.51 22.156 0.080667
155.068 22.9796 0.0814423 1.08833e-17 154.51 22.156 0.080667
154.869 22.5557 0.0877072 1.68454e-07 154.51 22.156 0.080667
154.338 22.3032 0.0881442 0.149128 154.51 22.156 0.080667
154.292 22.3142 0.0604588 5.10608e-15 154.51 22.156 0.080667
154.277 22.0595 0.0778719 0.000411052 154.51 22.156 0.080667
154.522 21.8494 0.0743332 1.11626e-06 154.51 22.156 0.080667
155.019 21.9545 0.0805387 5.20002e-08 154.51 22.156 0.080667
155.068 22.6656 0.0722724 3.94021e-11 154.51 22.156 0.080667
154.108 22.7259 0.0761394 4.4104e-10 154.51 22.156 0.080667
154.377 22.4654 0.0944113 0.000826775 154.51 22.156 0.080667
154.191 22.0297 0.0942649 0.0348562 154.51 22.156 0.080667
154.566 22.4555 0.0737739 0.000131955 154.51 22.156 0.080667
154.734 22.0693 0.0785118 0.000926594 154.51 22.156 0.080667
154.602 22.1843 0.0863553 0.0751389 154.51 22.156 0.080667
154.251 22.2221 0.075233 5.78122e-05 154.51 22.156 0.080667
154.401 21.8536 0.0803219 0.000202569 154.51 22.156 0.080667
154.564 23.1837 0.0820042 7.47e-18 154.51 22.156 0.080667
154.721 22.2169 0.0756212 0.00071954 154.51 22.156 0.080667
154.816 22.5295 0.0795168 1.78732e-05 154.51 22.156 0.080667
154.896 22.2639 0.0825164 6.7685e-05 154.51 22.156 0.080667
154.438 22.4351 0.0734906 7.09757e-05 154.51 22.156 0.080667
154.604 22.2757 0.0784448 0.0122219 154.51 22.156 0.080667
154.656 22.5853 0.0800674 9.45858e-05 154.51 22.156 0.080667
154.428 22.6944 0.0752257 6.04178e-07 154.51 22.156 0.080667
154.292 22.9598 0.0824748 1.19189e-11 154.51 22.156 0.080667
154.637 22.4684 0.0822259 0.00260476 154.51 22.156 0.080667
155.147 22.3004 0.0729069 7.29746e-10 154.51 22.156 0.080667
155.062 22.3843 0.0890694 5.94632e-10 154.51 22.156 0.080667
154.404 22.1689 0.0977432 0.00637862 154.51 22.156 0.080667
154.623 22.9944 0.0538773 4.69068e-24 154.51 22.156 0.080667
155.118 22.1544 0.07348 2.12514e-09 154.51 22.156 0.080667
154.04 21.9941 0.0884656 0.000998507 154.51 22.156 0.080667
154.141 22.4494 0.0800133 5.49793e-05 154.51 22.156 0.080667
154.258 21.908 0.0855173 0.00477707 154.51 22.156 0.080667
154.204 22.4377 0.0760066 1.14979e-05 154.51 22.156 0.080667
154.014 22.5021 0.0842291 5.2238e-06 154.51 22.156 0.080667
154.611 22.4554 0.0863669 0.00345951 154.51 22.156 0.080667
154.356 22.0941 0.0914813 0.198759 154.51 22.156 0.080667
154.945 21.511 0.0689252 2.09491e-18 154.51 22.156 0.080667
154.751 22.4515 0.0790819 0.000351021 154.51 22.156 0.080667
153.902 22.6271 0.0622382 8.33182e-23 154.51 22.156 0.080667
154.05 22.7273 0.0894206 1.96518e-08 154.51 22.156 0.080667
154.502 21.7953 0.0809036 6.44627e-05 154.51 22.156 0.080667
154.43 21.9017 0.0875765 0.0182119 154.51 22.156 0.080667
154.914 22.1005 0.086125 1.36939e-05 154.51 22.156 0.080667
154.888 22.7418 0.10031 1.00468e-17 154.51 22.156 0.080667
154.113 22.1621 0.100497 0.000880991 154.51 22.156 0.080667
154.387 22.5629 0.093189 9.41459e-05 154.51 22.156 0.080667
154.187 21.7963 0.0923018 0.000732495 154.51 22.156 0.080667
154.51 22.0816 0.0897059 0.11198 154.51 22.156 0.080667
154.229 22.1987 0.10347 6.63751e-05 154.51 22.156 0.080667
154.537 21.9047 0.0843616 0.00567296 154.51 22.156 0.080667
154.263 22.6197 0.0755944 6.45856e-07 154.51 22.156 0.080667
154.323 22.6675 0.0971222 1.01093e-07 154.51 22.156 0.080667
154.401 22.1454 0.106284 5.17834e-07 154.51 22.156 0.080667
154.588 22.1189 0.0989091 9.66277e-05 154.51 22.156 0.080667
154.631 22.2112 0.0796565 0.0177006 154.51 22.156 0.080667
154.48 22.2601 0.0893877 0.136844 154.51 22.156 0.080667
155.15 21.9908 0.0730975 3.4414e-11 154.51 22.156 0.080667
154.28 22.9452 0.0950055 2.2972e-13 154.51 22.156 0.080667
154.256 22.56 0.0773763 1.16161e-05 154.51 22.156 0.080667
154.088 21.8558 0.10021 0.000131061 154.51 22.156 0.080667
154.783 22.1477 0.0705328 2.79731e-06 154.51 22.156 0.080667
154.382 22.088 0.0817867 0.0412016 154.51 22.156 0.080667
155.286 22.2069 0.0787575 1.0971e-12 154.51 22.156 0.080667
154.571 23.1658 0.0629078 8.02675e-22 154.51 22.156 0.080667
154.953 22.4881 0.0807546 6.47984e-07 154.51 22.156 0.080667
154.544 22.2298 0.0997278 5.64105e-05 154.51 22.156 0.080667
154.569 22.18 0.0849179 0.115207 154.51 22.156 0.080667
154.059 22.4419 0.0935415 0.000191024 154.51 22.156 0.080667
154.946 22.6947 0.0733502 1.32808e-09 154.51 22.156 0.080667
154.095 22.1944 0.0770369 5.00314e-06 154.51 22.156 0.080667
154.451 22.176 0.077322 0.00623508 154.51 22.156 0.080667
154.936 21.9943 0.0740143 1.7777e-07 154.51 22.156 0.080667
154.685 21.9269 0.0704527 9.2177e-08 154.51 22.156 0.080667
154.668 21.7866 0.0953858 3.95557e-06 154.51 22.156 0.080667
154.705 22.4454 0.103522 2.27884e-11 154.51 22.156 0.080667
154.668 22.6427 0.0803974 1.45452e-05 154.51 22.156 0.080667
155.046 22.4149 0.0811034 5.27623e-08 154.51 22.156 0.080667
154.555 22.1187 0.0672753 6.66012e-08 154.51 22.156 0.080667
154.564 21.966 0.0799007 0.00253857 154.51 22.156 0.080667
154.972 22.1306 0.0728 2.3521e-07 154.51 22.156 0.080667
154.412 21.5515 0.0648505 6.59517e-20 154.51 22.156 0.080667
154.034 22.4085 0.080373 4.99365e-06 154.51 22.156 0.080667
154.315 21.2729 0.0864488 2.69387e-15 154.51 22.156 0.080667
153.709 22.8089 0.067163 2.48906e-26 154.51 22.156 0.080667
154.504 22.0019 0.0702955 4.07035e-07 154.51 22.156 0.080667
154.513 21.886 0.0875062 0.00794633 154.51 22.156 0.080667
153.996 22.3609 0.0916906 0.000292902 154.51 22.156 0.080667
154.975 22.0043 0.0735859 5.0345e-08 154.51 22.156 0.080667
154.787 22.5153 0.0797355 5.10339e-05 154.51 22.156 0.080667
