122.311 20.0123 0.070525 5.6304e-05
121.876 20.3555 0.0551793 2.66849e-05
122.483 19.8247 0.0705233 4.2904e-07
122.573 19.9457 0.056056 0.00399505
122.864 20.0382 0.0768757 1.37813e-13
122.951 19.5618 0.0559027 5.1463e-13
122.5 19.5443 0.0641276 9.93346e-10
122.477 20.3655 0.0391637 3.91393e-05
122.842 20.7936 0.0629455 4.15317e-09
122.499 20.0212 0.0731905 7.49935e-07
122.785 19.7637 0.0550524 4.21716e-07
122.409 19.5912 0.0672626 3.31025e-09
122.436 19.0939 0.0817918 1.59444e-28
122.324 19.8559 0.0533438 0.00027372
122.618 19.9876 0.0556698 0.0060756
122.281 19.9633 0.0641268 0.00227114
121.943 19.5268 0.0542205 2.17284e-13
123.11 19.885 0.0653911 7.81648e-13
122.791 19.6433 0.059822 1.83088e-09
122.564 20.5839 0.075902 8.05758e-11
122.7 19.4863 0.0556636 8.96153e-12
122.794 19.7084 0.0624819 7.98021e-09
122.47 19.1315 0.0475825 1.92804e-23
123.069 19.7644 0.0383299 4.07986e-15
122.554 20.4354 0.0884724 3.38663e-21
122.891 19.5589 0.058633 2.5534e-12
122.787 19.9042 0.0810569 1.74342e-16
123.043 20.1791 0.0566299 6.78731e-07
122.894 20.336 0.0767063 5.15461e-14
122.22 20.1541 0.0486275 0.00392183
123.304 19.8609 0.0661905 2.39866e-18
122.91 20.1257 0.0679563 1.98147e-08
122.271 19.5812 0.0582916 1.43457e-08
123.772 19.7448 0.049619 3.60802e-31
122.63 19.5253 0.0626205 1.18539e-10
122.026 20.1499 0.0679289 0.000121455
123.167 20.0182 0.0468827 2.45804e-10
122.304 19.8105 0.0640593 5.8333e-05
122.751 19.3674 0.0644814 6.7354e-16
122.88 19.93 0.0706146 1.91262e-10
122.126 20.4253 0.0453685 0.00012704
122.746 20.1386 0.0583732 0.00416681
122.537 19.9779 0.0827786 2.83764e-14
122.07 19.9753 0.0595118 0.00051908
122.431 19.0289 0.0676736 1.7039e-24
122.76 20.4968 0.0616932 0.000218703
123.45 20.2905 0.0586371 4.29012e-17
122.634 19.903 0.0577172 0.000573851
122.92 20.1459 0.0438653 3.96419e-06
122.624 19.8503 0.0663021 3.84833e-06
121.903 20.019 0.0481893 3.87778e-08
122.085 19.4589 0.0508847 2.47603e-14
121.728 20.0692 0.0583096 2.89951e-08
122.987 19.2448 0.071797 1.48519e-25
122.072 19.5407 0.0548085 2.40448e-11
122.33 19.9376 0.075694 3.99924e-08
122.045 19.9283 0.0547176 3.56288e-05
122.472 19.4864 0.0614876 1.48257e-10
122.399 19.167 0.0726227 2.67866e-21
122.509 19.4982 0.0683064 9.17597e-12
122.763 20.0931 0.0682488 1.68587e-06
122.891 20.0556 0.057008 3.76809e-05
122.183 19.4955 0.0552778 2.56959e-11
122.778 20.4605 0.0622678 0.000146035
122.658 19.5052 0.0802474 2.87929e-19
122.439 20.211 0.0830723 2.33174e-13
122.681 19.9264 0.0483541 7.26746e-05
122.756 19.7113 0.0666507 1.74692e-09
122.194 19.651 0.0687417 1.11693e-08
121.977 19.861 0.0611292 3.44624e-06
122.306 20.2913 0.0528516 0.261967
122.551 19.5646 0.0632315 2.08004e-09
122.294 19.9124 0.0625325 0.00148711
122.769 19.914 0.0554598 6.84793e-05
122.443 19.85 0.032299 1.41961e-14
122.372 19.0634 0.0750355 1.893e-25
122.159 19.6323 0.0536762 7.01911e-09
122.309 19.4963 0.0365041 1.17342e-19
121.985 19.3617 0.0715838 8.70167e-17
122.229 19.6189 0.0642171 3.42678e-08
122.29 20.1691 0.066389 0.00810231
122.437 19.8997 0.0730469 2.61599e-07
122.906 19.8191 0.0509157 5.76081e-08
122.408 20.0865 0.0673027 0.00187119
122.919 19.7957 0.0658605 2.30726e-10
121.941 20.0165 0.0603729 4.30094e-05
122.212 19.5149 0.0652879 1.79192e-10
122.561 20.2964 0.0636359 0.0159985
123.111 20.0981 0.0842296 1.07531e-25
122.217 20.2337 0.0750117 9.22517e-07
123.011 20.1197 0.045803 5.29809e-07
122.659 20.3265 0.063019 0.00430399
122.058 19.9036 0.0695055 2.49657e-06
122.673 20.1657 0.051085 0.0273846
122.216 19.9558 0.0557936 0.00280063
123.182 20.6638 0.0344946 1.29935e-13
122.11 19.7537 0.0467704 1.84166e-09
122.393 19.4871 0.0711791 1.61649e-12
122.608 19.2776 0.0764259 2.25976e-21
122.424 20.3125 0.055121 0.653216
