262.461 28.421 6.1151 9.81231e-05 262.26 27.992 6.1098
262.093 27.6291 6.115 6.33625e-06 262.26 27.992 6.1098
262.193 28.2474 6.10252 0.00421953 262.26 27.992 6.1098
262.507 28.4886 6.09725 5.13174e-05 262.26 27.992 6.1098
262.116 28.116 6.10359 0.00249308 262.26 27.992 6.1098
262.647 28.7634 6.09744 1.31487e-10 262.26 27.992 6.1098
262.732 28.0419 6.10605 0.000464892 262.26 27.992 6.1098
263.033 27.7316 6.10409 2.31757e-12 262.26 27.992 6.1098
262.595 28.1863 6.11199 0.00333156 262.26 27.992 6.1098
262.193 28.0665 6.10659 0.0407126 262.26 27.992 6.1098
261.802 28.4039 6.10534 9.61017e-10 262.26 27.992 6.1098
262.029 28.0534 6.09628 3.27316e-07 262.26 27.992 6.1098
262.233 28.3333 6.10951 0.0100502 262.26 27.992 6.1098
261.738 28.1036 6.10818 1.10602e-08 262.26 27.992 6.1098
262.155 27.9208 6.10351 0.00101305 262.26 27.992 6.1098
262.544 28.2105 6.11482 0.00236539 262.26 27.992 6.1098
262.484 27.9437 6.09394 0.000132579 262.26 27.992 6.1098
263.032 28.1173 6.11949 8.76841e-15 262.26 27.992 6.1098
262.267 27.9336 6.10002 0.00119639 262.26 27.992 6.1098
262.377 28.1641 6.09158 7.85213e-05 262.26 27.992 6.1098
262.249 28.4406 6.11126 0.000587061 262.26 27.992 6.1098
262.333 28.4184 6.0818 6.38207e-11 262.26 27.992 6.1098
261.994 27.7957 6.1029 2.99021e-07 262.26 27.992 6.1098
262.199 28.6228 6.10756 3.52935e-07 262.26 27.992 6.1098
262.887 28.0543 6.11311 3.46559e-08 262.26 27.992 6.1098
262.455 28.4845 6.09335 8.86278e-06 262.26 27.992 6.1098
262.019 28.1042 6.09221 2.9897e-09 262.26 27.992 6.1098
262.275 28.2661 6.11711 0.0104931 262.26 27.992 6.1098
262.788 28.2296 6.11623 1.35158e-07 262.26 27.992 6.1098
262.491 27.6913 6.1049 2.86358e-05 262.26 27.992 6.1098
262.146 28.6327 6.11529 3.3097e-08 262.26 27.992 6.1098
263.039 28.1779 6.09266 4.07494e-09 262.26 27.992 6.1098
261.836 28.3834 6.11822 2.59248e-07 262.26 27.992 6.1098
262.012 28.2837 6.11203 0.000610046 262.26 27.992 6.1098
261.869 28.6166 6.10462 9.46869e-12 262.26 27.992 6.1098
261.516 28.1188 6.13107 3.10716e-12 262.26 27.992 6.1098
262.188 28.1651 6.10521 0.0221276 262.26 27.992 6.1098
262.555 28.811 6.10128 2.9753e-11 262.26 27.992 6.1098
262.373 28.6413 6.09979 2.9527e-07 262.26 27.992 6.1098
262.311 28.4186 6.10668 0.00196769 262.26 27.992 6.1098
262.042 28.2859 6.11307 0.00133052 262.26 27.992 6.1098
262.179 28.2329 6.10259 0.00375864 262.26 27.992 6.1098
262.303 28.2739 6.08785 3.14397e-07 262.26 27.992 6.1098
262.159 28.8353 6.08667 1.76256e-17 262.26 27.992 6.1098
261.866 28.2008 6.09278 2.70226e-12 262.26 27.992 6.1098
262.256 27.369 6.12335 2.68247e-11 262.26 27.992 6.1098
262.139 28.2645 6.10952 0.0100856 262.26 27.992 6.1098
262.059 28.1342 6.10407 0.00066815 262.26 27.992 6.1098
262.382 28.2075 6.10053 0.0254548 262.26 27.992 6.1098
261.858 27.9222 6.10738 6.02752e-07 262.26 27.992 6.1098
262.291 28.1979 6.10257 0.0294274 262.26 27.992 6.1098
262.335 27.9437 6.08855 1.20159e-07 262.26 27.992 6.1098
262.001 27.6591 6.10703 7.64936e-08 262.26 27.992 6.1098
262.365 27.8382 6.09325 2.11301e-06 262.26 27.992 6.1098
262.989 28.0832 6.10113 3.86759e-08 262.26 27.992 6.1098
262.235 27.8903 6.10384 0.00297162 262.26 27.992 6.1098
262.621 27.8293 6.10396 0.000281694 262.26 27.992 6.1098
262.551 28.0251 6.11091 0.0177909 262.26 27.992 6.1098
262.458 28.3173 6.10439 0.0164131 262.26 27.992 6.1098
262.09 28.2752 6.11028 0.00366098 262.26 27.992 6.1098
262.465 28.1799 6.08633 1.34676e-06 262.26 27.992 6.1098
262.026 28.3668 6.10039 1.71853e-06 262.26 27.992 6.1098
262.155 27.9392 6.1097 0.0185636 262.26 27.992 6.1098
262.452 27.9556 6.10819 0.0532999 262.26 27.992 6.1098
262.574 28.2629 6.11825 5.19906e-05 262.26 27.992 6.1098
262.372 27.7438 6.09091 8.04122e-09 262.26 27.992 6.1098
262.179 28.3905 6.09448 1.67422e-06 262.26 27.992 6.1098
262.993 27.8044 6.12376 1.0949e-16 262.26 27.992 6.1098
261.88 27.665 6.10369 5.50937e-11 262.26 27.992 6.1098
262.596 28.0235 6.10462 0.0132762 262.26 27.992 6.1098
262.264 28.3999 6.1078 0.00251981 262.26 27.992 6.1098
262.588 28.0694 6.09621 0.00218139 262.26 27.992 6.1098
262.719 28.8276 6.09826 8.27314e-13 262.26 27.992 6.1098
262.142 28.9185 6.09916 6.86873e-16 262.26 27.992 6.1098
262.098 27.9516 6.10275 0.000248581 262.26 27.992 6.1098
262.556 28.3677 6.11444 9.82117e-05 262.26 27.992 6.1098
262.51 28.5294 6.08907 1.76715e-07 262.26 27.992 6.1098
262.179 28.1409 6.11264 0.0798606 262.26 27.992 6.1098
262.293 28.1688 6.10929 0.152456 262.26 27.992 6.1098
262.294 28.4364 6.1042 0.000778472 262.26 27.992 6.1098
261.978 28.2392 6.10226 7.134e-06 262.26 27.992 6.1098
262.083 28.6588 6.08825 2.60292e-14 262.26 27.992 6.1098
261.862 28.2725 6.12041 7.58368e-06 262.26 27.992 6.1098
262.748 27.7398 6.11238 2.09045e-07 262.26 27.992 6.1098
261.94 28.4691 6.10367 3.36985e-08 262.26 27.992 6.1098
262.311 27.76 6.1229 0.000174287 262.26 27.992 6.1098
262.375 28.2103 6.11015 0.103974 262.26 27.992 6.1098
262.615 27.9458 6.11437 0.000582912 262.26 27.992 6.1098
261.627 28.0855 6.09214 4.60423e-20 262.26 27.992 6.1098
261.915 28.2452 6.09569 1.09135e-09 262.26 27.992 6.1098
262.644 28.1518 6.11719 5.57731e-05 262.26 27.992 6.1098
261.972 27.9799 6.12256 0.000915951 262.26 27.992 6.1098
262.217 28.3568 6.10556 0.00308795 262.26 27.992 6.1098
261.991 28.2556 6.10733 0.000149561 262.26 27.992 6.1098
262.114 27.8919 6.10944 0.00390771 262.26 27.992 6.1098
262.352 28.1265 6.1109 0.191442 262.26 27.992 6.1098
262.118 28.2984 6.09403 6.95938e-07 262.26 27.992 6.1098
262.43 28.1517 6.09658 0.00530707 262.26 27.992 6.1098
262.455 27.8129 6.09136 3.90743e-07 262.26 27.992 6.1098
262.377 28.1758 6.10866 0.153162 262.26 27.992 6.1098
