63.9169 -47.7232 3.85598 6.94173e-10
64.207 -47.2957 3.86877 0.000204582
64.3832 -47.5977 3.86596 0.0819333
64.8431 -47.4212 3.87014 0.00245454
63.8655 -47.383 3.85072 2.80048e-14
64.1367 -47.3188 3.87766 1.68471e-07
64.174 -47.6521 3.87317 6.54284e-06
64.2666 -47.5623 3.86607 0.0109084
64.3709 -46.9841 3.86639 7.09033e-08
64.5802 -47.3233 3.87436 0.0338609
64.0167 -47.6593 3.8501 1.08613e-09
64.1559 -47.5451 3.86324 0.000406853
64.3038 -47.296 3.87518 0.000412119
64.8754 -47.7379 3.84635 3.82573e-14
64.4611 -47.7295 3.8641 0.0262846
64.7652 -47.2944 3.86571 0.000813074
64.161 -47.8351 3.86884 7.27079e-07
64.7441 -47.3055 3.83949 5.74309e-23
64.5771 -47.8183 3.86151 0.00171087
64.2844 -47.658 3.85742 0.000986728
64.2015 -47.3154 3.85006 3.69192e-10
63.8944 -47.3519 3.86847 1.57248e-10
64.4919 -47.4816 3.8461 1.92894e-10
64.457 -47.3535 3.87219 0.0537897
64.2959 -47.1804 3.83876 4.38208e-23
63.8382 -47.4261 3.86543 2.09932e-11
64.4811 -47.3031 3.84399 6.44709e-15
64.6087 -47.5427 3.85036 1.69438e-07
64.5271 -46.8166 3.85721 9.29505e-17
64.0107 -47.4538 3.84149 4.55306e-17
64.384 -47.6169 3.86069 0.0251978
63.9806 -47.1492 3.8622 5.22752e-11
64.3132 -47.2759 3.86042 0.000112705
64.6472 -47.8981 3.86695 7.19268e-05
64.3545 -47.7539 3.85217 1.44853e-05
64.4871 -47.7725 3.83779 1.30935e-16
64.2512 -47.448 3.85584 4.55022e-05
64.6647 -47.5833 3.8622 0.0189536
64.0577 -47.1577 3.85353 1.03348e-12
64.2967 -47.6061 3.85234 1.44829e-05
64.1466 -47.5485 3.83947 2.68466e-16
64.1856 -47.7901 3.86757 1.51867e-05
64.3872 -47.423 3.86209 0.0207221
64.7145 -47.8211 3.87035 0.000150398
64.4019 -47.6098 3.86688 0.0877923
64.4338 -47.8526 3.8465 3.51822e-09
63.9033 -47.1668 3.86597 3.87108e-12
64.86 -47.3277 3.85707 2.01415e-08
64.3053 -47.7324 3.85535 0.000185142
63.5683 -47.2628 3.83481 1.67736e-37
64.2819 -47.5475 3.86761 0.0138386
64.2745 -47.5036 3.85884 0.00154294
64.1897 -47.6304 3.86815 0.000382525
64.6891 -47.6699 3.87546 0.000974643
64.0466 -47.7568 3.8556 1.59351e-07
64.582 -47.5082 3.87131 0.173025
64.5387 -47.421 3.87541 0.0340208
64.3085 -47.0724 3.86642 1.7349e-06
64.0673 -47.2746 3.86478 4.92144e-07
64.6977 -47.2784 3.86188 0.000163274
64.3127 -47.0481 3.85126 3.08466e-14
64.8401 -47.4035 3.87143 0.00254253
64.3112 -47.4252 3.84135 3.39003e-15
64.567 -47.7559 3.86297 0.0113124
64.5068 -47.5972 3.85341 7.85386e-05
64.9327 -47.4097 3.86197 1.37431e-06
63.9411 -47.6535 3.83733 5.6919e-20
64.7236 -47.4288 3.85841 9.0866e-05
63.9484 -47.5412 3.86258 3.97339e-08
64.3485 -47.498 3.85106 1.46133e-06
64.7398 -47.9829 3.85001 6.71767e-11
64.3324 -47.4479 3.86429 0.0292866
64.7004 -47.6307 3.86379 0.0148357
64.4081 -47.3049 3.86425 0.00805952
63.8784 -47.8037 3.85228 4.40999e-12
64.7396 -46.9968 3.87756 8.13992e-07
64.1249 -47.3198 3.88101 2.38879e-09
64.8461 -47.5137 3.86074 4.63114e-05
64.7887 -47.9825 3.8649 1.53985e-07
63.8015 -47.3541 3.84194 3.22013e-22
64.3848 -47.9529 3.86208 2.07885e-05
64.065 -47.1486 3.86604 1.09481e-08
64.0438 -48.0099 3.85074 1.88268e-11
64.086 -48.3483 3.85578 9.42871e-18
63.8088 -47.608 3.85801 4.59596e-12
64.5861 -47.7542 3.86958 0.00636183
64.2998 -47.2444 3.85798 3.95355e-06
64.5556 -47.3657 3.86104 0.00515046
64.4752 -47.47 3.85834 0.00452121
64.0364 -47.5293 3.85174 5.21434e-09
64.7538 -46.8797 3.85807 7.20498e-16
64.5018 -47.5356 3.85874 0.010619
64.5037 -47.3645 3.87216 0.0867663
64.4143 -47.6312 3.88888 2.38946e-12
64.5698 -47.2435 3.87274 0.0144174
64.3776 -47.3374 3.86097 0.00202317
64.1659 -46.9376 3.882 6.93023e-13
64.365 -47.3072 3.871 0.0104022
64.3083 -46.9253 3.86252 5.08153e-11
64.5694 -47.5826 3.86775 0.202458
