277.757 12.4246 5.04142 0.000487794 277.92 12.701 5.0446
277.907 12.4614 5.02412 9.82772e-08 277.92 12.701 5.0446
278.334 12.4641 5.04608 2.99879e-08 277.92 12.701 5.0446
278.472 12.4444 5.0602 6.27585e-12 277.92 12.701 5.0446
277.502 12.1254 5.02691 6.09133e-11 277.92 12.701 5.0446
278.645 12.9668 5.04516 7.27391e-14 277.92 12.701 5.0446
277.805 12.5413 5.04402 0.0104214 277.92 12.701 5.0446
278.126 12.3275 5.03732 2.78652e-08 277.92 12.701 5.0446
278.215 12.3392 5.03092 8.94351e-11 277.92 12.701 5.0446
277.738 12.7945 5.05027 0.238018 277.92 12.701 5.0446
278.419 12.1154 5.02815 3.45369e-17 277.92 12.701 5.0446
278.076 12.4022 5.04071 3.07509e-06 277.92 12.701 5.0446
277.966 12.4528 5.05233 1.9433e-05 277.92 12.701 5.0446
277.838 13.2584 5.04654 9.27938e-05 277.92 12.701 5.0446
278.146 12.4312 5.04473 1.0636e-06 277.92 12.701 5.0446
277.567 12.302 5.05218 4.47113e-09 277.92 12.701 5.0446
278.271 12.3911 5.04515 2.07786e-09 277.92 12.701 5.0446
278.567 12.4366 5.0431 8.05426e-14 277.92 12.701 5.0446
278.406 12.52 5.04326 3.73276e-09 277.92 12.701 5.0446
278.014 12.6042 5.04614 0.00354631 277.92 12.701 5.0446
277.427 12.6329 5.01812 1.28825e-10 277.92 12.701 5.0446
278.078 12.5101 5.0529 1.52076e-05 277.92 12.701 5.0446
278.786 12.0631 5.04661 2.76423e-27 277.92 12.701 5.0446
278.153 12.5011 5.0367 1.18201e-06 277.92 12.701 5.0446
277.91 12.664 5.05169 0.0233657 277.92 12.701 5.0446
277.942 11.9574 5.04084 4.00527e-15 277.92 12.701 5.0446
278.319 12.2081 5.03824 2.87149e-12 277.92 12.701 5.0446
277.868 12.2599 5.04753 8.13864e-08 277.92 12.701 5.0446
278.531 12.6624 5.05139 1.719e-10 277.92 12.701 5.0446
278.097 12.7974 5.03131 7.47593e-07 277.92 12.701 5.0446
277.55 11.9906 5.03066 2.37063e-13 277.92 12.701 5.0446
278.229 11.9209 5.05233 9.71968e-19 277.92 12.701 5.0446
278.127 12.2972 5.06115 4.20009e-13 277.92 12.701 5.0446
278.134 13.0403 5.05203 0.00108493 277.92 12.701 5.0446
277.537 12.3988 5.0426 1.70917e-05 277.92 12.701 5.0446
277.992 13.0786 5.04562 0.00236783 277.92 12.701 5.0446
278.262 12.5812 5.03545 2.43227e-08 277.92 12.701 5.0446
278.363 12.5608 5.05294 2.56431e-09 277.92 12.701 5.0446
278.368 12.2772 5.03438 2.53841e-12 277.92 12.701 5.0446
277.714 12.4993 5.05198 0.000250103 277.92 12.701 5.0446
277.729 12.7445 5.03182 0.000914482 277.92 12.701 5.0446
278.016 12.1026 5.02862 3.60742e-12 277.92 12.701 5.0446
277.738 12.177 5.0389 2.20848e-08 277.92 12.701 5.0446
277.818 12.2598 5.02449 7.37835e-09 277.92 12.701 5.0446
277.955 12.3618 5.04018 1.12375e-05 277.92 12.701 5.0446
277.787 12.8063 5.02701 4.63069e-06 277.92 12.701 5.0446
277.703 12.441 5.03798 0.000575644 277.92 12.701 5.0446
278.519 12.3883 5.02105 4.60189e-17 277.92 12.701 5.0446
277.861 12.4206 5.03194 2.78295e-05 277.92 12.701 5.0446
278.593 12.8686 5.02956 2.17184e-15 277.92 12.701 5.0446
277.908 12.817 5.04518 0.141577 277.92 12.701 5.0446
278.144 12.1983 5.05584 7.76545e-14 277.92 12.701 5.0446
277.914 12.6878 5.04663 0.0665525 277.92 12.701 5.0446
277.924 12.2948 5.03951 1.39525e-06 277.92 12.701 5.0446
277.944 12.7644 5.05352 0.0505244 277.92 12.701 5.0446
278.456 12.3048 5.04755 5.1853e-13 277.92 12.701 5.0446
278.17 11.9563 5.03478 6.59933e-16 277.92 12.701 5.0446
278.353 12.3208 5.04751 1.1518e-10 277.92 12.701 5.0446
277.927 12.5932 5.04538 0.0120845 277.92 12.701 5.0446
278.272 12.2859 5.04868 6.19409e-10 277.92 12.701 5.0446
277.926 13.3842 5.05566 9.50203e-06 277.92 12.701 5.0446
278.101 12.4565 5.05018 3.54525e-06 277.92 12.701 5.0446
277.468 13.1724 5.03472 1.85788e-08 277.92 12.701 5.0446
278.038 12.4534 5.03593 1.11447e-05 277.92 12.701 5.0446
278.454 12.6214 5.03155 3.20799e-11 277.92 12.701 5.0446
277.955 12.3815 5.04218 2.31211e-05 277.92 12.701 5.0446
278.149 12.6171 5.04781 0.000132235 277.92 12.701 5.0446
277.758 12.6124 5.04682 0.0377017 277.92 12.701 5.0446
277.779 12.8208 5.05007 0.330207 277.92 12.701 5.0446
278.32 12.2383 5.0539 5.00217e-12 277.92 12.701 5.0446
277.988 12.9643 5.04121 0.00260324 277.92 12.701 5.0446
278.104 12.5041 5.05273 6.99246e-06 277.92 12.701 5.0446
278.345 11.8636 5.04326 1.75265e-21 277.92 12.701 5.0446
278.045 12.7144 5.04088 0.00261252 277.92 12.701 5.0446
278.437 12.6031 5.04149 2.53225e-09 277.92 12.701 5.0446
278.392 12.2488 5.0376 5.79585e-13 277.92 12.701 5.0446
277.933 11.8718 5.02391 8.6184e-18 277.92 12.701 5.0446
278.076 12.2316 5.03528 2.00357e-09 277.92 12.701 5.0446
277.799 12.2761 5.04316 1.16066e-06 277.92 12.701 5.0446
277.498 12.8685 5.05017 0.00614175 277.92 12.701 5.0446
278.205 12.4392 5.04243 1.60302e-07 277.92 12.701 5.0446
278.268 12.6192 5.02955 2.3287e-10 277.92 12.701 5.0446
278.196 12.7676 5.04105 2.75542e-05 277.92 12.701 5.0446
277.87 12.3257 5.02747 1.84052e-07 277.92 12.701 5.0446
278.099 12.1824 5.03864 1.50705e-10 277.92 12.701 5.0446
278.268 12.9102 5.03312 7.61353e-10 277.92 12.701 5.0446
277.88 12.6975 5.05118 0.0617031 277.92 12.701 5.0446
277.652 13.1951 5.04883 0.000913417 277.92 12.701 5.0446
277.985 12.5747 5.04535 0.00332535 277.92 12.701 5.0446
278.286 12.2735 5.02242 6.06751e-13 277.92 12.701 5.0446
278.046 12.8502 5.03902 0.00082651 277.92 12.701 5.0446
278.6 13.0134 5.05595 7.54699e-12 277.92 12.701 5.0446
278.393 12.8275 5.04102 2.21327e-09 277.92 12.701 5.0446
278.087 12.5524 5.04164 0.000134942 277.92 12.701 5.0446
278.741 12.3771 5.03304 6.75041e-21 277.92 12.701 5.0446
278.256 12.5383 5.03864 8.75324e-08 277.92 12.701 5.0446
278.294 12.0586 5.03371 2.72788e-15 277.92 12.701 5.0446
277.893 12.4915 5.04203 0.00164916 277.92 12.701 5.0446
278.917 11.9943 5.02648 2.169e-35 277.92 12.701 5.0446
278.586 12.2861 5.04917 1.6384e-16 277.92 12.701 5.0446
