250.562 28.6227 0.0602964 0.00240351
249.918 28.4091 0.0558223 2.63453e-05
250.532 29.1105 0.0605203 1.14675e-09
251.245 29.3249 0.0668891 1.10916e-41
250.245 28.4857 0.0534457 0.0246966
250.276 28.6701 0.0514494 0.0214755
250.476 28.493 0.0626508 0.0113139
250.377 28.8776 0.0632721 0.000129386
250.486 29.1027 0.0560032 1.08404e-07
250.353 28.795 0.0645205 0.000937556
250.97 28.3385 0.0713963 1.06566e-18
250.529 28.2895 0.0525758 2.09173e-05
250.349 28.4398 0.0552706 0.0413383
250.581 29.1321 0.0532942 7.34815e-09
250.55 28.9391 0.0378896 7.01194e-10
250.212 29.1003 0.056542 4.81932e-07
250.897 28.3116 0.0652414 5.66876e-13
250.546 28.4793 0.0541257 0.00308567
250.143 28.5635 0.0687058 0.00887086
250.783 28.5767 0.0524209 1.56498e-06
250.821 29.3648 0.0442615 6.59742e-18
250.13 28.9954 0.0392686 7.73984e-12
249.972 28.2653 0.056648 8.73317e-06
250.432 29.0406 0.0635165 3.06585e-08
250.452 28.9107 0.0626371 1.58456e-05
250.35 28.8693 0.053893 0.00434998
251.344 28.6312 0.0432527 3.10716e-24
250.11 28.4297 0.0525187 0.000582981
250.55 28.6547 0.0630471 0.000522037
250.429 28.2151 0.0461264 2.54671e-09
250.635 29.572 0.0464031 3.89216e-22
250.564 28.8548 0.082168 5.9315e-22
250.557 28.7177 0.0762563 6.44554e-13
250.557 28.6929 0.0559608 0.00473536
250.828 28.3878 0.0409516 4.85392e-13
250.494 29.0413 0.0577581 7.67841e-07
250.757 29.1338 0.0611423 2.01675e-14
250.545 28.2896 0.0461707 2.59374e-08
250.566 28.4615 0.0531135 0.00100016
250.553 28.2472 0.0531985 4.18786e-06
250.712 28.4858 0.0379731 3.50093e-12
249.959 28.7121 0.0705654 1.72754e-05
251.164 28.9103 0.0519297 1.28935e-18
250.786 28.6083 0.0739627 2.76542e-15
250.501 28.6762 0.0697998 1.49576e-06
250.959 29.2327 0.0628931 8.46211e-24
250.431 28.8655 0.0548971 0.0027296
251.019 28.7225 0.0523144 1.87137e-12
250.346 29.059 0.0451452 1.69062e-07
250.646 28.9892 0.0422019 1.12078e-08
250.9 28.7647 0.0465421 8.70117e-10
250.203 27.8397 0.0584994 6.2319e-13
250.654 28.8134 0.0631193 3.55114e-07
250.597 28.2342 0.0532139 8.34206e-07
250.579 28.64 0.052396 0.00232984
250.707 28.6274 0.0501123 2.17651e-05
250.806 28.5846 0.0853828 2.28266e-28
249.913 28.4795 0.050351 1.73572e-07
250.703 28.6438 0.0615521 4.06972e-06
250.633 28.5262 0.0486634 3.75326e-05
251.353 27.7937 0.0726978 1.87562e-45
250.992 28.7843 0.0611209 1.43541e-14
250.408 28.1998 0.0632989 0.000201074
250.412 28.3813 0.0571261 0.0158924
250.023 28.5823 0.0640252 0.0226022
250.597 28.9436 0.0546498 9.2298e-06
250.755 29.2902 0.055915 2.45447e-16
249.747 28.4421 0.0510053 3.98979e-11
250.3 28.646 0.0521335 0.0394646
250.254 28.8114 0.051507 0.00476998
250.195 28.7169 0.0749837 1.68635e-07
250.024 29.49 0.0500258 3.86265e-20
250.951 29.0789 0.0719424 3.4409e-27
250.169 29.0235 0.0611055 2.96245e-06
250.243 28.4753 0.0604465 0.271388
250.318 29.0362 0.0524234 1.50913e-05
250.685 28.4157 0.0552073 2.02538e-05
250.327 28.5552 0.0510201 0.0133149
250.484 28.7021 0.0556548 0.0224306
250.425 28.528 0.05116 0.00817421
250.521 28.6772 0.0627847 0.00111088
250.129 28.5939 0.0549866 0.0340279
250.872 28.5395 0.0666104 3.43577e-12
250.111 28.7577 0.0616407 0.013532
250.481 28.939 0.0596808 2.44259e-05
250.667 28.6296 0.0636987 4.45655e-06
250.224 28.9139 0.0488566 7.22657e-05
250.194 27.9145 0.063521 1.96387e-09
250.455 28.6181 0.0547481 0.0506583
249.951 28.8164 0.0596204 0.000130543
250.242 28.421 0.0489019 8.66384e-05
250.677 28.5932 0.0550413 0.000163204
250.068 28.3185 0.0619885 0.00681771
250.355 28.3472 0.0808098 6.34741e-11
250.295 28.955 0.0621244 3.72006e-05
250.48 28.7104 0.0570478 0.0203666
250.864 28.5631 0.0646739 5.16511e-11
250.002 29.0469 0.0605614 8.07604e-08
249.698 29.1597 0.0706275 1.37535e-18
250.256 28.5828 0.0581946 0.344018
