45.8218 11.4919 0.155141 2.01781e-09
45.9373 12.2595 0.159735 1.6123e-13
46.3051 11.5747 0.158004 0.000448003
46.2104 11.7368 0.150268 1.95818e-09
46.3904 11.8579 0.165071 2.78251e-05
45.9897 11.5819 0.176865 0.0102571
46.0264 11.324 0.142488 4.70332e-21
45.9 11.3857 0.156152 2.37396e-07
46.5875 12.2215 0.16042 1.91353e-15
45.875 11.9254 0.149785 7.25521e-16
46.2779 11.3408 0.158088 0.000100443
45.8637 11.4047 0.173318 0.0219996
46.5306 11.5509 0.172291 1.41e-08
46.4348 11.2792 0.154923 4.08506e-07
45.8877 11.7727 0.168564 0.0470829
46.4387 11.6873 0.166811 6.22403e-05
45.7879 11.3646 0.186184 4.2856e-10
46.0452 11.4838 0.152926 2.03086e-08
46.1571 11.293 0.15128 3.66922e-09
46.5294 11.4726 0.156159 1.14228e-06
46.2772 11.7222 0.148949 3.21358e-10
45.8595 11.6303 0.158099 8.97968e-07
45.8835 11.9813 0.158978 2.26918e-08
46.1432 11.3447 0.153307 2.0727e-07
46.2286 11.6738 0.150172 6.54192e-09
45.925 11.7367 0.156368 1.91225e-08
45.6781 11.8422 0.168028 9.8113e-05
46.4597 11.9555 0.152839 3.9679e-11
45.8153 10.9794 0.167217 1.31594e-09
46.2507 11.4468 0.158883 0.000631883
45.6468 11.7592 0.16722 9.13077e-05
45.7695 11.4351 0.175004 0.0114748
46.0795 11.6983 0.164224 0.0504591
46.1485 11.5899 0.157893 0.000842305
45.9599 11.039 0.156349 3.69429e-10
45.6998 11.392 0.146814 1.41393e-22
45.9615 11.7073 0.177903 0.00845536
45.8306 11.7398 0.172505 0.152963
46.5906 11.3611 0.162254 9.09136e-08
45.8915 10.9884 0.170426 2.44658e-09
46.0531 11.5771 0.156164 5.3238e-06
46.5917 12.0586 0.175239 8.07645e-15
45.5669 11.8766 0.160076 2.12241e-13
46.0983 11.6697 0.179499 0.000134573
45.867 11.8721 0.136108 8.20776e-45
45.5215 11.3019 0.171029 9.29889e-07
46.2384 11.5626 0.185259 1.43274e-11
46.135 11.8101 0.161618 0.00137187
46.186 11.5235 0.161887 0.0119078
46.1844 11.9424 0.177921 3.25297e-06
45.8157 11.5515 0.163708 0.00242233
45.8472 11.7537 0.147244 2.16781e-21
46.3575 11.1016 0.167893 4.94833e-09
46.159 11.764 0.169293 0.0284634
46.0085 11.449 0.167365 0.146242
45.8669 11.9583 0.168378 0.00073937
46.176 11.2558 0.159934 0.000160982
45.6121 11.7318 0.181979 0.000446237
45.8677 12.0444 0.168675 4.41662e-05
46.0067 11.6202 0.163863 0.0393442
45.6304 11.5081 0.167426 0.000293296
45.3617 11.4128 0.176826 6.54749e-08
45.9314 11.5655 0.169852 0.43528
45.5015 11.9716 0.156302 1.13747e-21
45.5909 11.7861 0.164803 1.81215e-07
46.1709 11.5287 0.156882 7.6782e-05
45.3092 11.8748 0.159715 1.16567e-21
45.5283 11.4031 0.186041 3.54585e-09
46.3365 10.9829 0.158511 6.9869e-10
46.3627 11.6754 0.147839 1.09149e-10
45.9559 11.4929 0.155875 8.13564e-07
45.9247 11.5576 0.177817 0.0076287
45.7486 11.8016 0.162587 1.71114e-06
46.1911 11.6004 0.161239 0.0116873
46.4475 11.5032 0.162899 0.000110143
45.8609 11.919 0.160362 1.70479e-08
46.0352 11.7298 0.152437 1.20632e-08
45.6369 11.6807 0.162964 5.42124e-07
46.3668 12.1251 0.158458 6.57508e-11
46.1993 11.4851 0.188983 2.78747e-18
46.2237 11.7526 0.177341 3.14171e-05
46.1388 11.5446 0.158248 0.000382052
45.6763 11.7749 0.168843 0.000939709
46.1119 11.5502 0.158572 0.000494068
45.8144 11.6772 0.151021 1.37981e-15
45.4084 11.9668 0.135773 2.08403e-67
46.4004 11.7921 0.15998 2.1061e-05
46.0679 11.2115 0.174887 1.30991e-06
45.8096 11.3235 0.156261 6.23652e-09
45.265 11.204 0.165828 7.79994e-17
46.2624 12.0476 0.160902 1.228e-07
45.9815 11.391 0.160157 0.000640668
46.2244 11.798 0.16499 0.00455485
46.5953 10.9559 0.162749 7.60379e-15
45.4638 11.562 0.169067 1.30026e-06
45.7432 11.6396 0.151303 2.01629e-16
46.485 11.1119 0.145417 6.26077e-15
46.0133 11.6443 0.160908 0.00155875
45.5674 11.6976 0.161392 6.77403e-10
46.3217 11.7281 0.156076 1.18652e-05
