46.3746 -64.0034 3.91258 2.88901e-11
46.4438 -64.1268 3.92215 2.56685e-08
46.6353 -63.7882 3.93099 0.0130488
46.8601 -63.5344 3.93168 0.0450755
46.4864 -63.4896 3.92216 1.563e-07
47.0916 -64.1055 3.93795 1.64272e-05
46.4395 -63.8901 3.93353 1.55818e-06
46.4046 -63.7018 3.9255 2.15391e-06
47.1032 -63.994 3.92286 4.40391e-05
46.3358 -63.3236 3.92283 6.59864e-13
47.1238 -63.774 3.94724 2.61904e-05
46.6842 -63.8065 3.93032 0.0389805
46.1404 -63.4907 3.92972 8.96808e-15
46.5977 -64.0253 3.9358 9.68899e-06
46.291 -63.4795 3.9205 7.42271e-12
46.5921 -64.1589 3.92529 1.88237e-06
46.549 -63.9991 3.9072 1.1678e-12
46.6707 -63.6133 3.92886 0.0102796
45.9906 -63.4926 3.92066 2.13068e-20
46.4216 -63.9975 3.9375 2.73993e-09
46.6787 -64.1547 3.92971 1.40723e-05
46.9757 -63.8328 3.92406 0.010154
46.4311 -63.5772 3.94595 1.5797e-11
46.5359 -63.8558 3.94006 1.25418e-06
46.7909 -63.9937 3.94011 0.000104036
46.9897 -63.1812 3.93265 6.10053e-08
47.4771 -63.5712 3.9354 3.30119e-08
46.606 -64.0136 3.94658 6.01037e-11
46.8332 -63.5518 3.92397 0.00142725
46.2993 -63.874 3.91533 6.36137e-11
46.9189 -63.8601 3.93914 0.0201071
46.5202 -63.7499 3.95874 6.91811e-21
46.6412 -64.188 3.9239 1.43792e-06
46.54 -63.3874 3.93808 2.10733e-07
46.1647 -63.4376 3.92128 1.69393e-15
46.6871 -63.6195 3.92874 0.0151904
47.418 -64.2978 3.9138 1.20508e-20
46.7421 -63.1743 3.9129 7.52517e-18
46.4045 -63.5768 3.92765 5.85565e-07
46.6875 -63.7467 3.9324 0.0414772
47.258 -63.9701 3.92673 6.97451e-06
46.685 -63.3571 3.93674 1.66921e-05
46.503 -63.9685 3.93468 2.78035e-06
46.3284 -64.0559 3.94598 8.74211e-18
46.2926 -63.7434 3.93133 4.84604e-09
46.1024 -64.2806 3.9363 2.24557e-23
47.014 -64.5467 3.94778 7.91057e-23
47.0512 -63.9623 3.92796 0.00586735
46.2664 -63.685 3.91275 1.83702e-13
46.5777 -64.3812 3.94787 2.44398e-21
46.9032 -64.1666 3.94387 7.24884e-09
46.4314 -63.9498 3.92055 4.7043e-07
46.4157 -63.948 3.93733 8.86955e-09
47.0532 -63.9628 3.92654 0.00302248
46.7848 -63.3779 3.93953 9.84435e-05
46.4655 -63.7144 3.95144 8.26357e-15
46.6004 -64.2426 3.94681 5.34041e-16
46.9843 -63.5373 3.94246 0.00387006
46.3769 -64.165 3.92996 1.74724e-10
46.3694 -64.1717 3.92676 2.58601e-10
46.9551 -64.0203 3.94294 1.47552e-05
46.9005 -63.7143 3.92806 0.17248
46.8147 -63.599 3.93166 0.106285
46.633 -63.7295 3.93879 0.000519134
46.4437 -64.2738 3.93618 2.51017e-13
47.3524 -63.8447 3.92648 4.54806e-07
46.2546 -63.5043 3.92083 2.90425e-12
46.6182 -63.3206 3.92074 1.59497e-09
46.7033 -63.5815 3.91908 1.30985e-05
47.0437 -63.5555 3.90994 3.91358e-14
46.9601 -63.9019 3.93373 0.0894618
46.1694 -64.2623 3.91071 2.71577e-19
46.7614 -63.5975 3.93564 0.0354816
46.3668 -63.7039 3.93343 1.32704e-07
46.744 -64.0829 3.93661 3.7098e-05
46.4787 -64.032 3.93528 1.08732e-07
46.1442 -64.2639 3.90518 6.73793e-23
46.9604 -63.6579 3.93293 0.291101
46.6556 -63.6653 3.9352 0.00724629
46.9155 -64.2479 3.95072 1.51863e-15
46.6059 -63.4785 3.92426 1.46973e-05
46.7771 -63.4111 3.91469 1.19715e-10
46.6074 -63.938 3.93451 0.000286987
46.7374 -64.0489 3.95349 3.55718e-15
46.5315 -64.2171 3.93784 5.05067e-11
46.6075 -63.8592 3.91592 2.34993e-06
46.5021 -63.6696 3.94118 3.58441e-07
46.9539 -64.4334 3.94034 3.73568e-14
46.9591 -64.0127 3.93891 0.000653684
46.671 -64.3189 3.94651 1.07313e-16
46.9256 -64.1369 3.92393 4.69939e-05
46.6224 -63.2113 3.94077 9.76777e-10
46.8332 -63.7734 3.93725 0.0840544
46.8723 -63.9686 3.92197 0.00138053
47.3184 -63.8272 3.92744 5.23619e-06
46.2699 -63.6954 3.9443 5.97796e-15
46.821 -63.9697 3.93826 0.00149581
46.6038 -64.2014 3.94475 2.15211e-13
46.7097 -63.4496 3.93648 0.000569813
46.1083 -64.1597 3.94877 4.46979e-30
