69.5685 -42.6762 3.82282 0.114253 69.51 -43.156 3.8118
69.4979 -42.6498 3.81724 0.0153153 69.51 -43.156 3.8118
69.9711 -43.2553 3.82985 2.80793e-12 69.51 -43.156 3.8118
69.2394 -43.4787 3.81653 3.56274e-09 69.51 -43.156 3.8118
68.9047 -42.6637 3.80193 2.47795e-18 69.51 -43.156 3.8118
69.8963 -43.1029 3.80948 1.60857e-05 69.51 -43.156 3.8118
69.606 -43.1265 3.81245 0.0494262 69.51 -43.156 3.8118
69.7118 -42.9706 3.81812 0.135343 69.51 -43.156 3.8118
69.2636 -42.8584 3.80534 2.18585e-06 69.51 -43.156 3.8118
69.2863 -43.0298 3.80902 0.00148981 69.51 -43.156 3.8118
68.9786 -43.1591 3.79705 3.10249e-14 69.51 -43.156 3.8118
69.506 -43.6593 3.82395 2.11287e-16 69.51 -43.156 3.8118
69.6658 -43.0022 3.82226 0.0788018 69.51 -43.156 3.8118
69.2763 -43.5917 3.81376 8.25481e-11 69.51 -43.156 3.8118
69.4942 -43.2852 3.82027 0.000178933 69.51 -43.156 3.8118
69.2813 -43.4042 3.82367 6.5682e-10 69.51 -43.156 3.8118
69.7028 -42.4001 3.81323 1.76883e-09 69.51 -43.156 3.8118
69.6969 -43.3463 3.83196 6.88336e-13 69.51 -43.156 3.8118
69.2347 -42.6562 3.81139 2.88732e-06 69.51 -43.156 3.8118
69.7115 -43.277 3.78436 4.67798e-22 69.51 -43.156 3.8118
69.9094 -43.0324 3.82879 8.70636e-07 69.51 -43.156 3.8118
70.0872 -43.14 3.79993 2.04315e-14 69.51 -43.156 3.8118
69.0318 -42.4447 3.81923 9.02492e-11 69.51 -43.156 3.8118
69.3195 -42.9208 3.83509 6.80415e-08 69.51 -43.156 3.8118
69.4901 -43.3496 3.83131 3.56204e-12 69.51 -43.156 3.8118
69.5873 -43.1633 3.81147 0.0246613 69.51 -43.156 3.8118
69.5433 -43.2466 3.82015 0.000954514 69.51 -43.156 3.8118
69.5207 -43.5462 3.803 1.41742e-08 69.51 -43.156 3.8118
69.7331 -43.1945 3.81681 0.00276042 69.51 -43.156 3.8118
69.6223 -43.1022 3.79468 2.35805e-11 69.51 -43.156 3.8118
69.4795 -42.6352 3.82133 0.0394087 69.51 -43.156 3.8118
69.0264 -43.2832 3.81822 1.81633e-09 69.51 -43.156 3.8118
69.6883 -43.0381 3.83182 3.20373e-06 69.51 -43.156 3.8118
69.953 -43.0339 3.81677 5.50141e-05 69.51 -43.156 3.8118
69.3308 -43.3813 3.81932 6.46009e-07 69.51 -43.156 3.8118
70.1319 -43.1732 3.81536 5.34407e-10 69.51 -43.156 3.8118
69.6922 -43.1103 3.82482 0.000915458 69.51 -43.156 3.8118
69.5853 -42.3563 3.81718 5.60678e-08 69.51 -43.156 3.8118
69.1845 -43.121 3.83175 2.68763e-10 69.51 -43.156 3.8118
69.7202 -42.4166 3.81033 4.75129e-11 69.51 -43.156 3.8118
69.2266 -43.3363 3.81082 6.70284e-06 69.51 -43.156 3.8118
69.6481 -43.124 3.81897 0.0339238 69.51 -43.156 3.8118
69.424 -42.3329 3.80883 7.55903e-14 69.51 -43.156 3.8118
69.1348 -43.1615 3.8161 2.1398e-05 69.51 -43.156 3.8118
69.1612 -43.0541 3.81462 0.000331281 69.51 -43.156 3.8118
69.7556 -42.3786 3.8154 2.68907e-09 69.51 -43.156 3.8118
69.5592 -43.1283 3.81473 0.0980123 69.51 -43.156 3.8118
69.6589 -43.3039 3.80502 2.52834e-05 69.51 -43.156 3.8118
69.5635 -42.7166 3.82368 0.184221 69.51 -43.156 3.8118
69.3726 -43.2289 3.81347 0.00383117 69.51 -43.156 3.8118
69.1517 -43.5997 3.81651 1.27811e-13 69.51 -43.156 3.8118
69.6386 -43.5688 3.82158 4.70062e-12 69.51 -43.156 3.8118
69.741 -42.9856 3.82601 0.00329051 69.51 -43.156 3.8118
69.3678 -42.9224 3.82921 0.000547939 69.51 -43.156 3.8118
69.0966 -43.2599 3.79898 1.04807e-10 69.51 -43.156 3.8118
69.6281 -42.5785 3.81869 0.00267632 69.51 -43.156 3.8118
69.6394 -43.26 3.80036 4.94664e-07 69.51 -43.156 3.8118
69.5531 -43.1652 3.8383 1.37024e-13 69.51 -43.156 3.8118
69.0775 -42.4545 3.82795 3.54789e-09 69.51 -43.156 3.8118
69.755 -43.5529 3.80671 2.21507e-09 69.51 -43.156 3.8118
69.0128 -43.1652 3.81082 6.88224e-08 69.51 -43.156 3.8118
69.4959 -43.5608 3.82625 1.17856e-14 69.51 -43.156 3.8118
69.2737 -43.0242 3.82474 0.000555154 69.51 -43.156 3.8118
69.9429 -42.5246 3.81328 9.55085e-10 69.51 -43.156 3.8118
69.301 -43.0258 3.81489 0.0267662 69.51 -43.156 3.8118
69.1156 -42.8277 3.80863 4.3576e-07 69.51 -43.156 3.8118
69.678 -42.8789 3.80859 0.000800196 69.51 -43.156 3.8118
69.4168 -42.7023 3.83261 0.000261848 69.51 -43.156 3.8118
69.0367 -43.3232 3.81292 5.78353e-09 69.51 -43.156 3.8118
69.6201 -43.1835 3.80882 0.00406985 69.51 -43.156 3.8118
69.3119 -43.2568 3.82083 3.01533e-05 69.51 -43.156 3.8118
69.6773 -43.574 3.81769 1.21427e-10 69.51 -43.156 3.8118
69.6514 -43.3686 3.81055 6.33649e-05 69.51 -43.156 3.8118
69.1614 -42.9978 3.80913 3.88826e-05 69.51 -43.156 3.8118
69.7375 -42.5272 3.80267 1.40786e-14 69.51 -43.156 3.8118
69.8653 -43.4104 3.82016 3.03112e-09 69.51 -43.156 3.8118
69.4719 -43.4892 3.81737 6.55628e-08 69.51 -43.156 3.8118
69.2422 -42.7275 3.80969 6.33571e-06 69.51 -43.156 3.8118
69.1164 -43.0298 3.83188 3.81482e-10 69.51 -43.156 3.8118
69.213 -42.5844 3.82095 5.54561e-05 69.51 -43.156 3.8118
69.2629 -43.0626 3.80163 4.71068e-07 69.51 -43.156 3.8118
69.4145 -43.2277 3.84094 1.23517e-18 69.51 -43.156 3.8118
68.5867 -43.389 3.82615 1.21076e-29 69.51 -43.156 3.8118
69.358 -42.8833 3.81815 0.157287 69.51 -43.156 3.8118
68.9754 -42.8957 3.83627 7.9806e-15 69.51 -43.156 3.8118
69.24 -42.6668 3.82356 0.000877005 69.51 -43.156 3.8118
69.2471 -42.8449 3.83433 1.48555e-07 69.51 -43.156 3.8118
69.144 -42.9787 3.82179 0.000100141 69.51 -43.156 3.8118
69.8904 -43.1526 3.81646 9.49685e-05 69.51 -43.156 3.8118
69.2493 -42.8417 3.79956 8.63688e-11 69.51 -43.156 3.8118
69.6651 -43.5029 3.81625 3.14352e-08 69.51 -43.156 3.8118
70.0136 -43.4649 3.81571 6.72014e-12 69.51 -43.156 3.8118
69.3444 -42.5394 3.79784 2.20031e-18 69.51 -43.156 3.8118
69.5459 -43.5904 3.82012 9.33504e-12 69.51 -43.156 3.8118
69.6334 -43.615 3.83247 3.48903e-22 69.51 -43.156 3.8118
69.6951 -42.837 3.79845 1.67866e-11 69.51 -43.156 3.8118
69.9219 -43.2455 3.80548 5.5039e-08 69.51 -43.156 3.8118
69.4344 -42.968 3.8038 3.52135e-05 69.51 -43.156 3.8118
69.5866 -42.694 3.82874 0.0184799 69.51 -43.156 3.8118
69.2971 -43.046 3.84454 2.44478e-19 69.51 -43.156 3.8118
