58.6138 14.535 0.141 0.178095 58.781 14.516 0.14406
58.6411 14.3809 0.165922 9.11939e-10 58.781 14.516 0.14406
59.4771 14.4376 0.154413 3.97505e-17 58.781 14.516 0.14406
59.0575 14.4215 0.156212 1.61565e-08 58.781 14.516 0.14406
58.8647 13.8408 0.158547 1.06833e-13 58.781 14.516 0.14406
59.0038 14.3197 0.146866 0.000222531 58.781 14.516 0.14406
58.7436 14.8063 0.131368 6.58383e-06 58.781 14.516 0.14406
58.492 13.8246 0.14242 4.39525e-08 58.781 14.516 0.14406
58.744 14.8054 0.12645 1.01196e-08 58.781 14.516 0.14406
59.1665 14.1012 0.145672 2.40317e-08 58.781 14.516 0.14406
59.1574 14.4389 0.142595 2.23193e-05 58.781 14.516 0.14406
58.282 14.1924 0.137301 6.97921e-06 58.781 14.516 0.14406
59.2563 14.7124 0.137888 1.91579e-07 58.781 14.516 0.14406
59.0586 14.5215 0.159863 9.93872e-11 58.781 14.516 0.14406
58.507 14.8786 0.153418 0.000497545 58.781 14.516 0.14406
59.205 14.4538 0.148394 1.67706e-07 58.781 14.516 0.14406
58.8378 14.4187 0.140575 0.0451993 58.781 14.516 0.14406
58.8071 14.7017 0.136985 0.00417545 58.781 14.516 0.14406
58.7257 14.9609 0.159424 2.10738e-08 58.781 14.516 0.14406
58.6947 14.724 0.149563 0.020143 58.781 14.516 0.14406
58.8919 14.5221 0.149518 0.00312441 58.781 14.516 0.14406
58.7578 14.6714 0.154848 0.000418232 58.781 14.516 0.14406
59.0034 14.5758 0.141851 0.00227308 58.781 14.516 0.14406
59.2732 14.5222 0.147247 2.03079e-08 58.781 14.516 0.14406
58.9107 14.6338 0.1489 0.00174998 58.781 14.516 0.14406
58.1091 14.9582 0.149964 6.50267e-07 58.781 14.516 0.14406
58.728 14.6683 0.138953 0.0269338 58.781 14.516 0.14406
58.6111 14.4918 0.129355 9.45194e-06 58.781 14.516 0.14406
59.1409 14.8252 0.153795 6.78246e-10 58.781 14.516 0.14406
58.7571 14.6985 0.149412 0.0137729 58.781 14.516 0.14406
58.9279 14.4671 0.130259 4.47093e-05 58.781 14.516 0.14406
59.3143 14.8331 0.149473 1.28115e-11 58.781 14.516 0.14406
57.9496 14.6357 0.136844 8.37808e-11 58.781 14.516 0.14406
58.8069 14.7345 0.150275 0.0023705 58.781 14.516 0.14406
59.3308 14.7208 0.13422 4.12117e-09 58.781 14.516 0.14406
59.0304 14.6026 0.147985 0.000130399 58.781 14.516 0.14406
59.0559 14.6651 0.16139 4.85183e-12 58.781 14.516 0.14406
58.7547 14.9763 0.155079 8.16768e-07 58.781 14.516 0.14406
58.884 14.8949 0.145023 0.000145401 58.781 14.516 0.14406
59.189 14.7829 0.145107 2.19623e-07 58.781 14.516 0.14406
58.4185 14.3974 0.151369 0.0477877 58.781 14.516 0.14406
58.9394 14.6962 0.150336 0.000178954 58.781 14.516 0.14406
58.8742 14.5388 0.115193 4.69012e-16 58.781 14.516 0.14406
58.3517 13.7913 0.13502 1.01671e-11 58.781 14.516 0.14406
58.6327 14.3511 0.151088 0.0302061 58.781 14.516 0.14406
58.9297 14.0439 0.130128 9.61549e-08 58.781 14.516 0.14406
58.8935 14.5473 0.143303 0.0247023 58.781 14.516 0.14406
59.3372 14.2 0.151156 7.00087e-13 58.781 14.516 0.14406
59.3285 14.4754 0.161837 1.21852e-18 58.781 14.516 0.14406
58.7688 13.9978 0.15196 9.45208e-07 58.781 14.516 0.14406
59.0868 14.8849 0.136026 6.53455e-07 58.781 14.516 0.14406
58.7509 14.1053 0.16046 2.64859e-09 58.781 14.516 0.14406
58.9585 14.9499 0.135967 1.37006e-06 58.781 14.516 0.14406
59.278 14.912 0.145978 1.58082e-10 58.781 14.516 0.14406
59.3485 14.7295 0.155522 7.79712e-15 58.781 14.516 0.14406
58.656 14.5157 0.134252 0.00322599 58.781 14.516 0.14406
59.151 14.4813 0.134373 1.35761e-05 58.781 14.516 0.14406
59.3964 14.8801 0.155059 5.10751e-17 58.781 14.516 0.14406
58.7945 14.6251 0.142916 0.0690786 58.781 14.516 0.14406
58.7074 14.4615 0.137147 0.0320661 58.781 14.516 0.14406
58.8768 14.5331 0.151461 0.00116976 58.781 14.516 0.14406
59.3171 14.6251 0.146883 2.01699e-09 58.781 14.516 0.14406
58.8887 14.0512 0.14293 3.84067e-05 58.781 14.516 0.14406
58.6936 14.6852 0.136275 0.00474844 58.781 14.516 0.14406
58.9186 14.0559 0.128769 3.79815e-08 58.781 14.516 0.14406
59.1414 15.1924 0.148457 4.56315e-13 58.781 14.516 0.14406
58.8402 14.9923 0.143431 1.94367e-05 58.781 14.516 0.14406
58.811 14.238 0.153672 5.84874e-05 58.781 14.516 0.14406
58.4723 14.8597 0.133223 9.96681e-07 58.781 14.516 0.14406
58.7367 14.3979 0.146315 0.112594 58.781 14.516 0.14406
59.2447 14.2883 0.14315 1.66709e-07 58.781 14.516 0.14406
58.7893 14.429 0.149394 0.021124 58.781 14.516 0.14406
58.8702 14.209 0.14676 0.00100376 58.781 14.516 0.14406
58.9462 14.1997 0.152889 1.71191e-06 58.781 14.516 0.14406
58.8784 15.0282 0.138139 9.48702e-07 58.781 14.516 0.14406
58.0046 14.6183 0.161387 2.00346e-07 58.781 14.516 0.14406
58.734 14.5192 0.125707 1.48086e-07 58.781 14.516 0.14406
59.159 14.1183 0.145369 5.95335e-08 58.781 14.516 0.14406
58.9754 14.9267 0.142817 1.10024e-05 58.781 14.516 0.14406
58.7512 14.34 0.145812 0.0632694 58.781 14.516 0.14406
59.2426 14.6471 0.156263 2.3929e-12 58.781 14.516 0.14406
59.3439 14.9452 0.147492 8.7421e-13 58.781 14.516 0.14406
58.2838 14.3728 0.149042 0.013277 58.781 14.516 0.14406
58.872 14.4434 0.144407 0.0307742 58.781 14.516 0.14406
58.9053 14.1429 0.134581 4.56492e-05 58.781 14.516 0.14406
58.9701 14.2333 0.126376 6.66656e-08 58.781 14.516 0.14406
58.6742 14.2066 0.133965 0.000248853 58.781 14.516 0.14406
58.9579 14.2196 0.134302 8.80226e-05 58.781 14.516 0.14406
58.9735 14.5598 0.15853 2.35085e-08 58.781 14.516 0.14406
58.2667 14.3502 0.154564 0.00155283 58.781 14.516 0.14406
58.7268 14.4254 0.140359 0.114278 58.781 14.516 0.14406
59.1264 14.4951 0.152238 1.52376e-07 58.781 14.516 0.14406
58.6256 14.4333 0.149641 0.123519 58.781 14.516 0.14406
59.2618 14.2856 0.138957 2.16857e-07 58.781 14.516 0.14406
58.9926 14.8556 0.134924 5.93956e-06 58.781 14.516 0.14406
59.1817 14.127 0.138881 2.03968e-07 58.781 14.516 0.14406
58.681 14.858 0.144538 0.00452915 58.781 14.516 0.14406
58.5763 14.6843 0.159718 3.43452e-05 58.781 14.516 0.14406
58.8799 14.7525 0.13717 0.000998365 58.781 14.516 0.14406
58.905 14.5298 0.157722 7.74149e-07 58.781 14.516 0.14406
