95.1028 -28.3155 3.45059 2.85712e-17
95.8205 -28.2054 3.45898 1.35723e-05
96.3472 -28.5512 3.48081 1.25969e-09
95.9451 -28.2795 3.47118 0.0614049
96.2065 -28.2038 3.46742 0.000476717
95.8577 -28.0275 3.46361 0.0021104
95.5415 -27.5324 3.46135 6.26545e-11
96.1542 -28.2762 3.46827 0.00132465
95.6056 -28.1077 3.48324 0.000208019
95.6852 -27.9267 3.4664 0.00694194
95.4978 -28.2045 3.48644 3.19122e-08
95.8533 -27.7478 3.48554 0.00229386
95.7996 -28.1905 3.4693 0.129029
95.6872 -27.8322 3.46056 1.71133e-06
96.1448 -27.8491 3.47956 0.0413591
96.3875 -27.7558 3.43359 2.33235e-50
95.7112 -28.4461 3.48374 1.65899e-07
95.7214 -28.2362 3.47784 0.0163029
95.8888 -28.3131 3.46841 0.0214717
96.2534 -27.8159 3.46945 0.000113335
96.5425 -28.2459 3.47543 6.59983e-08
95.4347 -28.1904 3.48572 1.57555e-08
96.4167 -28.4535 3.45192 3.25494e-18
95.9955 -27.8398 3.47347 0.163059
96.3096 -27.9654 3.46619 6.20128e-06
96.6865 -28.2053 3.47591 1.2242e-10
95.8441 -27.7133 3.47187 0.0166783
95.8035 -28.1805 3.48656 2.80083e-05
95.7584 -27.9838 3.45769 4.17329e-07
95.5612 -28.5465 3.47449 1.6933e-06
95.7854 -27.2554 3.45846 8.10114e-19
95.9771 -27.6057 3.48162 0.0038439
96.0664 -27.8378 3.47396 0.0894781
96.0799 -28.2949 3.46685 0.00177651
95.807 -27.9745 3.46451 0.00373641
95.7354 -28.3298 3.47366 0.0159937
96.0673 -28.4519 3.47258 0.000486211
96.4793 -28.1546 3.46107 2.39357e-11
95.7565 -27.6888 3.47045 0.00299736
96.0184 -28.4755 3.47254 0.000436482
96.0035 -27.7351 3.45478 3.481e-13
95.9265 -28.2606 3.48508 6.39281e-05
95.8422 -28.4727 3.45362 3.69656e-10
95.8758 -28.2751 3.48806 5.48182e-07
95.6418 -28.6287 3.4901 1.58722e-16
96.2835 -28.054 3.45167 2.35655e-16
95.772 -28.0923 3.49233 1.00083e-08
95.5296 -27.814 3.46012 9.63539e-08
96.3564 -28.1822 3.47833 0.000120641
96.3831 -28.2321 3.45737 3.27739e-12
96.5055 -28.6393 3.47551 2.53031e-12
96.003 -28.3076 3.46901 0.013319
95.9733 -27.6478 3.44553 1.25214e-25
95.5491 -27.9313 3.48278 0.0003232
96.2836 -28.2772 3.47675 0.000262365
95.4656 -28.0682 3.4574 4.15614e-08
96.3684 -27.8448 3.46206 4.30253e-10
96.3529 -28.2936 3.48095 4.59301e-06
95.8605 -28.5004 3.49217 4.38722e-14
96.0384 -28.7121 3.46154 2.16316e-09
96.1351 -28.1396 3.47157 0.0319612
95.2946 -28.1712 3.4717 6.908e-06
96.3941 -28.1146 3.47848 8.41518e-05
95.9933 -28.4492 3.46528 0.000147324
95.4793 -28.1458 3.4534 1.32606e-10
95.9346 -28.532 3.46889 0.000130813
96.163 -27.8287 3.49446 1.78448e-08
95.9419 -28.6801 3.47208 5.04871e-07
96.2604 -27.9762 3.50001 1.4143e-14
96.3729 -28.2978 3.47253 1.27274e-05
96.0635 -27.4418 3.48083 3.2762e-05
96.1382 -28.2948 3.46407 5.95695e-05
95.8241 -27.942 3.48186 0.06377
96.3493 -28.5198 3.46818 3.46755e-08
96.1122 -28.0671 3.48084 0.0292894
95.7368 -27.2293 3.46133 5.35663e-17
96.2639 -28.2309 3.47795 0.000735136
96.048 -28.3945 3.47134 0.00262706
95.8971 -27.9816 3.48319 0.0298622
96.3655 -28.7834 3.48125 5.2774e-15
95.7856 -28.4863 3.47221 0.000571947
95.7909 -27.882 3.48629 0.000987378
96.0368 -28.3765 3.48122 0.000108529
95.7329 -27.9013 3.45654 1.21091e-08
96.2287 -28.7437 3.47427 2.34242e-10
95.3369 -28.3906 3.46448 4.55668e-07
95.9256 -27.7568 3.47334 0.0684497
95.9256 -28.6211 3.46101 1.21501e-07
96.4204 -27.5233 3.45897 3.37174e-18
95.5972 -27.9336 3.49166 8.36107e-09
95.9986 -28.3685 3.45309 5.79019e-11
95.5688 -28.2335 3.49639 2.80539e-16
95.6656 -28.0215 3.45447 1.78835e-09
96.3627 -28.1539 3.4895 1.65121e-08
95.5409 -28.3069 3.46151 2.40651e-05
96.1916 -28.2547 3.49602 1.80357e-13
95.994 -28.7777 3.49968 2.05969e-29
96.2199 -28.3829 3.46766 3.5555e-05
96.1349 -28.4219 3.45423 1.47098e-11
95.8148 -27.9986 3.46922 0.175433
