146.746 20.7849 0.0733195 8.36104e-06 147.03 20.906 0.08397
147.01 21.1988 0.0837563 0.00770024 147.03 20.906 0.08397
146.84 20.9011 0.080937 0.0773617 147.03 20.906 0.08397
146.275 20.8083 0.0886546 7.68687e-06 147.03 20.906 0.08397
146.861 20.8499 0.101788 4.67129e-05 147.03 20.906 0.08397
146.825 21.1885 0.0765591 0.00025518 147.03 20.906 0.08397
147.562 21.1511 0.064123 6.40797e-15 147.03 20.906 0.08397
146.324 21.1161 0.076446 5.43203e-10 147.03 20.906 0.08397
147.033 20.6697 0.0924857 0.000846939 147.03 20.906 0.08397
147.187 21.1177 0.0864275 0.000769843 147.03 20.906 0.08397
147.003 20.7905 0.0911573 0.020088 147.03 20.906 0.08397
146.127 21.1607 0.0692759 6.55703e-21 147.03 20.906 0.08397
146.903 20.5938 0.0961935 0.000131513 147.03 20.906 0.08397
147.058 21.1986 0.0866267 0.0037533 147.03 20.906 0.08397
146.48 20.6899 0.0734444 1.24826e-09 147.03 20.906 0.08397
147.344 20.5602 0.0742148 4.82697e-09 147.03 20.906 0.08397
146.969 20.7999 0.0839357 0.0852783 147.03 20.906 0.08397
146.999 20.3302 0.0680804 5.21914e-14 147.03 20.906 0.08397
147.036 20.876 0.11167 1.09291e-14 147.03 20.906 0.08397
146.491 21.4195 0.0756425 9.28363e-11 147.03 20.906 0.08397
147.276 20.6124 0.0831365 4.49285e-06 147.03 20.906 0.08397
147.2 20.5278 0.104123 1.28397e-13 147.03 20.906 0.08397
146.706 21.2506 0.0940494 0.00211795 147.03 20.906 0.08397
146.501 20.9134 0.0880715 0.0157391 147.03 20.906 0.08397
147.22 21.0732 0.0864255 0.000513242 147.03 20.906 0.08397
145.69 20.5498 0.0830816 4.74721e-27 147.03 20.906 0.08397
147.128 20.5363 0.087012 2.51058e-05 147.03 20.906 0.08397
147.116 20.619 0.0800578 0.000144219 147.03 20.906 0.08397
146.925 20.5762 0.0844354 0.00176398 147.03 20.906 0.08397
146.747 20.5319 0.0968247 6.21726e-05 147.03 20.906 0.08397
146.974 20.9751 0.0699662 2.48598e-06 147.03 20.906 0.08397
146.745 20.7844 0.100994 0.00027907 147.03 20.906 0.08397
146.901 21.3697 0.0942417 1.85022e-05 147.03 20.906 0.08397
147.175 21.0875 0.0842769 0.00209837 147.03 20.906 0.08397
146.84 20.5196 0.0761291 1.74e-06 147.03 20.906 0.08397
146.391 20.5539 0.0834416 1.90598e-07 147.03 20.906 0.08397
146.513 20.899 0.0718855 4.25135e-09 147.03 20.906 0.08397
147.084 21.7357 0.0893922 2.00269e-13 147.03 20.906 0.08397
146.575 20.9971 0.0766079 2.54995e-05 147.03 20.906 0.08397
146.998 21.5294 0.0841527 1.60503e-07 147.03 20.906 0.08397
146.63 20.9317 0.0801019 0.00364943 147.03 20.906 0.08397
147.332 20.5039 0.0753151 2.35068e-09 147.03 20.906 0.08397
146.442 20.5254 0.0970048 3.72514e-06 147.03 20.906 0.08397
146.18 20.522 0.0845753 1.75932e-11 147.03 20.906 0.08397
146.932 20.7354 0.0842662 0.0525282 147.03 20.906 0.08397
147.194 20.7382 0.0717502 9.89609e-07 147.03 20.906 0.08397
147.086 20.9245 0.0805831 0.0160016 147.03 20.906 0.08397
146.649 21.051 0.085418 0.0702794 147.03 20.906 0.08397
146.574 21.1767 0.0837597 0.001529 147.03 20.906 0.08397
147.645 21.1875 0.0842493 5.08738e-13 147.03 20.906 0.08397
147.088 20.8726 0.0935075 0.00132662 147.03 20.906 0.08397
146.892 20.874 0.0741513 0.000282588 147.03 20.906 0.08397
147.446 21.259 0.0835961 5.88597e-09 147.03 20.906 0.08397
147.309 21.2863 0.0975519 3.63768e-11 147.03 20.906 0.08397
147.076 21.1606 0.0938498 0.000187231 147.03 20.906 0.08397
146.966 21.3446 0.0767146 8.92722e-06 147.03 20.906 0.08397
146.522 21.3366 0.0693923 2.55181e-13 147.03 20.906 0.08397
146.442 20.7033 0.0769822 5.89841e-08 147.03 20.906 0.08397
147.299 21.0591 0.0795783 4.85343e-05 147.03 20.906 0.08397
146.654 20.7602 0.0914475 0.0702889 147.03 20.906 0.08397
147.164 20.4344 0.0790034 9.4992e-08 147.03 20.906 0.08397
146.749 20.7838 0.081916 0.0306187 147.03 20.906 0.08397
146.734 20.3575 0.091058 1.06436e-06 147.03 20.906 0.08397
146.772 20.7911 0.102672 3.38857e-05 147.03 20.906 0.08397
146.824 21.1183 0.0710872 1.19166e-06 147.03 20.906 0.08397
147.282 20.5614 0.0574598 2.99262e-19 147.03 20.906 0.08397
147.178 21.0457 0.092046 0.000168797 147.03 20.906 0.08397
146.432 20.7178 0.0849523 0.000102219 147.03 20.906 0.08397
146.994 21.0057 0.0820268 0.0713183 147.03 20.906 0.08397
147.182 20.4863 0.0926649 8.08993e-08 147.03 20.906 0.08397
146.435 20.7342 0.0769456 7.39035e-08 147.03 20.906 0.08397
146.826 21.0704 0.0874852 0.263641 147.03 20.906 0.08397
146.823 20.7848 0.0722363 6.28516e-06 147.03 20.906 0.08397
146.187 20.6852 0.104343 1.84256e-09 147.03 20.906 0.08397
146.899 20.4575 0.110342 7.17991e-15 147.03 20.906 0.08397
146.804 20.8761 0.0975527 0.00892072 147.03 20.906 0.08397
146.588 21.2303 0.0950793 0.00102783 147.03 20.906 0.08397
147.274 21.0006 0.0957214 2.21533e-07 147.03 20.906 0.08397
146.925 20.3458 0.0925678 1.37471e-07 147.03 20.906 0.08397
147.066 21.3793 0.0853061 2.54534e-05 147.03 20.906 0.08397
146.402 21.2288 0.0799825 1.58572e-07 147.03 20.906 0.08397
146.737 21.0031 0.0824675 0.0803657 147.03 20.906 0.08397
146.869 20.5573 0.104463 8.47728e-09 147.03 20.906 0.08397
146.497 20.568 0.0840837 1.32708e-05 147.03 20.906 0.08397
146.959 20.822 0.0908874 0.0622612 147.03 20.906 0.08397
147.094 21.226 0.0696543 7.08397e-08 147.03 20.906 0.08397
146.895 20.6194 0.0859096 0.00834144 147.03 20.906 0.08397
146.625 20.579 0.0918368 0.0012917 147.03 20.906 0.08397
146.392 20.5261 0.0757108 1.44445e-11 147.03 20.906 0.08397
147.052 20.7867 0.0775844 0.00199532 147.03 20.906 0.08397
147.004 20.6598 0.0868247 0.00730878 147.03 20.906 0.08397
147.045 20.9586 0.101991 4.72777e-07 147.03 20.906 0.08397
146.878 21.3733 0.0800049 3.58267e-05 147.03 20.906 0.08397
146.423 20.9887 0.0821892 6.14373e-05 147.03 20.906 0.08397
147.097 21.3688 0.079622 7.45348e-06 147.03 20.906 0.08397
146.701 21.0137 0.099394 0.00241978 147.03 20.906 0.08397
146.849 20.2882 0.0727088 2.01997e-12 147.03 20.906 0.08397
146.467 20.6874 0.0941344 0.000872098 147.03 20.906 0.08397
146.654 20.7024 0.092382 0.0239767 147.03 20.906 0.08397
147.083 20.7109 0.098328 3.12901e-06 147.03 20.906 0.08397
