-0.716561 -94.8094 3.20841 1.3113e-07 -0.70921 -94.649 3.1843
0.0371651 -94.8199 3.1903 5.74896e-05 -0.70921 -94.649 3.1843
-0.709222 -94.9146 3.21042 6.11509e-09 -0.70921 -94.649 3.1843
-0.649343 -94.3063 3.17733 0.000161601 -0.70921 -94.649 3.1843
-0.231479 -95.0637 3.17874 0.000452513 -0.70921 -94.649 3.1843
-1.44329 -94.7193 3.18376 2.63686e-08 -0.70921 -94.649 3.1843
-0.500093 -94.6677 3.16992 0.000519034 -0.70921 -94.649 3.1843
-0.190045 -93.9876 3.17008 1.09239e-13 -0.70921 -94.649 3.1843
-0.736467 -94.102 3.16467 2.16303e-10 -0.70921 -94.649 3.1843
-0.523872 -94.7927 3.1861 0.138081 -0.70921 -94.649 3.1843
-0.854679 -94.7614 3.15986 7.23703e-06 -0.70921 -94.649 3.1843
-0.557193 -94.5257 3.19505 0.00628744 -0.70921 -94.649 3.1843
-0.646874 -94.484 3.17168 0.000459126 -0.70921 -94.649 3.1843
-0.608048 -94.4615 3.17259 0.000413844 -0.70921 -94.649 3.1843
-0.0611272 -94.2315 3.15992 6.56587e-17 -0.70921 -94.649 3.1843
-0.232536 -93.8352 3.18658 2.11756e-11 -0.70921 -94.649 3.1843
-0.168935 -93.9879 3.18716 3.27487e-09 -0.70921 -94.649 3.1843
-0.476116 -94.5993 3.17346 0.00157321 -0.70921 -94.649 3.1843
-0.968231 -94.6598 3.18513 0.00459725 -0.70921 -94.649 3.1843
-0.694626 -94.949 3.17413 0.0284346 -0.70921 -94.649 3.1843
-0.320431 -94.7407 3.17569 0.00167824 -0.70921 -94.649 3.1843
-0.874529 -95.0378 3.18607 0.00544088 -0.70921 -94.649 3.1843
-0.619529 -94.4384 3.1771 0.00210671 -0.70921 -94.649 3.1843
-0.291494 -94.5669 3.17816 0.00079573 -0.70921 -94.649 3.1843
-0.764985 -94.0681 3.16853 1.43479e-09 -0.70921 -94.649 3.1843
-0.28647 -94.4787 3.19198 0.00319969 -0.70921 -94.649 3.1843
-0.267562 -93.6565 3.18685 1.00345e-14 -0.70921 -94.649 3.1843
-0.216642 -94.6457 3.19186 0.00602271 -0.70921 -94.649 3.1843
-0.505137 -94.6123 3.18251 0.0502312 -0.70921 -94.649 3.1843
-0.438439 -94.6333 3.17659 0.00645058 -0.70921 -94.649 3.1843
-0.879191 -95.1509 3.16497 0.000118197 -0.70921 -94.649 3.1843
-1.32643 -94.6098 3.17886 2.42355e-06 -0.70921 -94.649 3.1843
-0.564546 -94.602 3.18042 0.0411142 -0.70921 -94.649 3.1843
0.0185071 -94.0471 3.18771 4.90955e-10 -0.70921 -94.649 3.1843
-0.38463 -94.241 3.19464 7.5013e-05 -0.70921 -94.649 3.1843
-0.444462 -94.3341 3.1933 0.000769495 -0.70921 -94.649 3.1843
-0.55757 -94.74 3.19269 0.0406226 -0.70921 -94.649 3.1843
-0.615863 -94.9571 3.17289 0.0136467 -0.70921 -94.649 3.1843
-1.24433 -93.7314 3.17159 2.55991e-17 -0.70921 -94.649 3.1843
-1.11442 -94.7405 3.19942 6.88755e-08 -0.70921 -94.649 3.1843
-0.468759 -94.5347 3.17297 0.000478598 -0.70921 -94.649 3.1843
-1.60429 -94.3894 3.16996 8.08089e-12 -0.70921 -94.649 3.1843
-0.684947 -93.4338 3.20091 5.94605e-20 -0.70921 -94.649 3.1843
-0.517629 -94.4453 3.18004 0.00380906 -0.70921 -94.649 3.1843
-0.596349 -94.5402 3.17103 0.000574914 -0.70921 -94.649 3.1843
-1.07015 -94.3919 3.18625 2.16364e-05 -0.70921 -94.649 3.1843
-0.532053 -95.3127 3.18181 0.000454943 -0.70921 -94.649 3.1843
-0.278107 -94.3804 3.17601 1.01433e-05 -0.70921 -94.649 3.1843
-0.4607 -94.556 3.1699 8.33481e-05 -0.70921 -94.649 3.1843
-0.405702 -94.2034 3.18843 4.99789e-05 -0.70921 -94.649 3.1843
-0.570335 -94.2679 3.17371 8.56088e-06 -0.70921 -94.649 3.1843
-0.459057 -94.6854 3.17658 0.0121881 -0.70921 -94.649 3.1843
-0.041183 -94.5624 3.1839 3.83938e-05 -0.70921 -94.649 3.1843
-1.09368 -94.1268 3.17673 2.6102e-08 -0.70921 -94.649 3.1843
-1.06345 -94.0021 3.18877 5.60904e-10 -0.70921 -94.649 3.1843
-0.738961 -94.5751 3.18601 0.0315864 -0.70921 -94.649 3.1843
-0.868948 -94.5271 3.18126 0.00724441 -0.70921 -94.649 3.1843
-0.719458 -94.4593 3.15597 8.60505e-10 -0.70921 -94.649 3.1843
-0.156399 -94.3424 3.15902 1.29189e-14 -0.70921 -94.649 3.1843
-0.764482 -94.2149 3.17276 2.15103e-06 -0.70921 -94.649 3.1843
-1.07278 -94.1804 3.17735 2.14175e-07 -0.70921 -94.649 3.1843
-0.932038 -93.7545 3.15873 2.11663e-19 -0.70921 -94.649 3.1843
-1.27869 -94.5757 3.16969 3.09719e-06 -0.70921 -94.649 3.1843
-0.509749 -94.2005 3.16912 3.35567e-08 -0.70921 -94.649 3.1843
-0.448136 -94.3928 3.19186 0.00270806 -0.70921 -94.649 3.1843
-0.83975 -93.5507 3.1861 5.85856e-17 -0.70921 -94.649 3.1843
-0.505886 -94.6336 3.19267 0.0322871 -0.70921 -94.649 3.1843
-0.602524 -94.6849 3.16315 1.20907e-05 -0.70921 -94.649 3.1843
-0.678879 -95.0193 3.18158 0.0554583 -0.70921 -94.649 3.1843
-0.421192 -94.4687 3.16806 2.72401e-06 -0.70921 -94.649 3.1843
-0.977935 -94.3514 3.16692 1.28888e-06 -0.70921 -94.649 3.1843
-0.211114 -94.4967 3.18188 0.000345924 -0.70921 -94.649 3.1843
-0.828259 -94.4308 3.1629 7.43454e-07 -0.70921 -94.649 3.1843
-1.09292 -95.108 3.17544 0.000414497 -0.70921 -94.649 3.1843
-1.09453 -95.1343 3.18708 1.84711e-05 -0.70921 -94.649 3.1843
-0.747906 -94.3005 3.17904 0.000210533 -0.70921 -94.649 3.1843
-1.10353 -94.2662 3.18085 1.53692e-06 -0.70921 -94.649 3.1843
-0.505867 -95.0709 3.16859 0.000286179 -0.70921 -94.649 3.1843
-0.284385 -93.9138 3.1694 2.62628e-14 -0.70921 -94.649 3.1843
-0.631899 -94.7457 3.17815 0.0796924 -0.70921 -94.649 3.1843
-0.727559 -94.538 3.18625 0.0227716 -0.70921 -94.649 3.1843
-0.601903 -94.7355 3.19401 0.0213884 -0.70921 -94.649 3.1843
-0.910458 -94.3863 3.17952 0.000426557 -0.70921 -94.649 3.1843
-1.25038 -94.4402 3.15651 3.09719e-10 -0.70921 -94.649 3.1843
-0.121492 -94.6632 3.19229 0.00149427 -0.70921 -94.649 3.1843
-0.326316 -94.5052 3.1999 0.000726245 -0.70921 -94.649 3.1843
-0.400905 -94.9126 3.20227 0.000202554 -0.70921 -94.649 3.1843
-0.646197 -94.7392 3.18312 0.144496 -0.70921 -94.649 3.1843
-0.750993 -95.1393 3.19796 1.40388e-05 -0.70921 -94.649 3.1843
-0.800907 -94.4734 3.17933 0.00495923 -0.70921 -94.649 3.1843
-0.671572 -94.2822 3.1757 4.95645e-05 -0.70921 -94.649 3.1843
-0.499214 -94.9917 3.18405 0.0552603 -0.70921 -94.649 3.1843
-0.753812 -94.8923 3.17899 0.0855095 -0.70921 -94.649 3.1843
0.0421343 -94.4423 3.19091 5.97583e-06 -0.70921 -94.649 3.1843
-0.57062 -94.6738 3.17805 0.0430344 -0.70921 -94.649 3.1843
-0.516303 -94.9536 3.19012 0.0375155 -0.70921 -94.649 3.1843
-1.00959 -93.8639 3.18769 1.23751e-11 -0.70921 -94.649 3.1843
-0.955699 -94.317 3.18637 4.57319e-05 -0.70921 -94.649 3.1843
-0.16925 -94.5519 3.18496 0.000786909 -0.70921 -94.649 3.1843
-1.29634 -94.3496 3.19017 4.18084e-09 -0.70921 -94.649 3.1843
