0.966942 3.24751 0.287383 9.91954e-14
1.46123 3.60492 0.29626 0.00259718
0.915282 3.17153 0.286113 1.82838e-17
1.69406 3.44314 0.274192 2.64844e-20
1.33391 3.59561 0.277423 2.68617e-18
1.05944 3.84563 0.281688 1.87734e-20
0.944786 3.05883 0.282778 5.11153e-23
1.33768 3.88248 0.317904 8.46184e-13
1.29183 3.16853 0.305202 0.0171396
0.834912 3.98923 0.308031 2.15718e-10
1.25842 3.40291 0.293887 0.0022679
1.43592 3.26367 0.286907 2.0227e-08
1.4398 3.55554 0.283535 2.25023e-10
1.3933 3.46036 0.294672 0.00704477
0.890636 3.59116 0.281761 5.12524e-22
1.21776 3.38815 0.280981 2.40618e-15
0.945953 3.81075 0.306615 4.76971e-05
1.02566 3.06639 0.318573 9.45296e-07
0.832139 3.34837 0.285232 3.68547e-19
0.884313 3.50483 0.298748 5.84009e-05
1.32916 3.43608 0.290123 2.55738e-05
1.3782 3.6547 0.284418 1.96542e-10
1.40606 2.99732 0.28602 1.29983e-13
0.773217 3.56364 0.305765 0.000181213
1.45534 2.92971 0.305206 1.65772e-08
0.764267 3.39359 0.278312 6.66266e-32
1.16333 3.32445 0.304727 0.943701
1.10325 3.03989 0.299828 1.72223e-05
1.17083 4.00632 0.295089 1.46183e-10
1.34888 3.01182 0.293177 2.91917e-08
1.38258 3.13193 0.300978 0.00110895
1.25974 3.05646 0.287034 2.63701e-12
1.49269 3.49406 0.295004 0.00232774
1.43847 3.37641 0.284133 6.2044e-10
0.316066 3.02664 0.291152 1.00197e-36
1.47103 3.12366 0.274798 1.61877e-23
1.41488 3.35801 0.289295 5.57265e-06
1.0725 3.33322 0.283601 4.39347e-15
1.50861 3.11276 0.299381 2.36084e-05
1.61024 3.30524 0.2826 6.44671e-12
1.15535 3.31342 0.295624 0.00183317
1.50853 3.53106 0.282218 2.13597e-11
1.59082 3.64264 0.299548 7.17301e-05
1.32618 4.07886 0.306164 1.51338e-11
1.22731 2.88613 0.30335 8.67293e-08
1.38157 3.22218 0.288582 1.12191e-07
1.11059 4.214 0.287075 2.48293e-23
0.828519 3.65027 0.286189 2.07907e-18
1.19841 3.49601 0.276886 5.14277e-21
0.399894 3.75313 0.286409 9.02392e-37
1.63531 3.97569 0.311606 7.67815e-17
0.982424 3.44951 0.297197 0.000416769
1.57775 3.47048 0.291577 2.83992e-05
1.24026 3.06643 0.290352 1.92255e-09
1.02352 3.46254 0.293569 8.11449e-06
1.99194 3.62855 0.295852 3.15196e-14
1.05256 3.49714 0.295589 0.000401621
2.20237 2.96837 0.314043 5.04501e-40
0.961425 2.86323 0.291584 3.91507e-17
0.836269 3.49778 0.278555 1.5426e-28
0.592247 3.4972 0.281675 2.75556e-33
1.49299 3.41792 0.306668 0.00170058
1.51084 2.99252 0.287145 8.19167e-13
1.92309 3.55318 0.286483 4.80038e-13
0.966093 3.30984 0.284319 7.97683e-17
0.881832 3.51856 0.294764 1.16148e-07
1.27304 3.1978 0.298637 0.00752997
0.968971 3.28212 0.283395 3.40264e-18
0.987325 3.68008 0.310156 0.00686872
1.32161 3.44703 0.288752 2.56522e-06
1.03571 3.89684 0.293174 1.40805e-10
1.02672 3.48968 0.26138 2.43793e-56
1.44069 2.64077 0.294441 3.99986e-19
1.22109 3.90099 0.306284 4.32443e-06
1.18801 3.26427 0.29164 4.40486e-06
1.09493 3.4296 0.295195 0.000813392
1.80917 3.97072 0.296766 7.32452e-15
1.0362 3.52511 0.292878 3.08808e-06
1.4334 3.03017 0.31227 2.03291e-08
0.91245 3.98558 0.274247 4.98451e-39
1.34768 3.05055 0.270415 1.74093e-33
1.10342 3.70608 0.296233 0.000100738
1.89786 3.38166 0.284229 1.1381e-13
1.15117 3.20717 0.286724 1.97157e-11
1.53224 3.00597 0.290923 3.26261e-10
0.953609 3.34411 0.28875 9.46594e-12
1.57145 2.51753 0.297662 1.69007e-24
1.1344 4.33404 0.295054 3.1803e-22
1.42912 3.85527 0.296792 2.29345e-06
0.886544 3.66446 0.280827 5.12825e-24
1.37218 3.4921 0.310809 0.00237212
1.32802 3.25049 0.281772 4.49181e-14
1.17616 3.52414 0.294264 0.00106612
1.25801 3.94595 0.279569 2.3735e-21
1.18252 3.31916 0.289027 9.49393e-08
1.29342 3.76001 0.296532 0.000223534
1.39313 2.9622 0.293609 3.32877e-09
1.28496 3.08759 0.291852 1.0392e-07
0.834809 3.87862 0.298518 1.5834e-10
1.46618 3.84367 0.286665 6.92298e-11
