-36.657 -69.0341 1.92904 3.11252e-10
-36.7597 -70.3516 1.92068 9.77235e-14
-36.9537 -69.8897 1.92616 0.0013936
-36.841 -69.916 1.93339 0.001937
-37.1461 -69.2947 1.92747 0.00393167
-36.7171 -69.9064 1.94372 7.22642e-05
-36.856 -69.6259 1.90675 5.16991e-13
-36.4925 -69.9628 1.9315 2.11523e-08
-37.056 -69.345 1.92692 0.00436102
-37.0906 -69.4952 1.93099 0.0459178
-37.1197 -69.5768 1.92944 0.109554
-36.3519 -68.8008 1.91599 4.14623e-23
-36.5688 -68.969 1.9167 2.75793e-15
-37.5309 -69.2084 1.92717 0.000106465
-36.3267 -69.8815 1.93065 2.29914e-11
-37.1124 -69.4507 1.938 0.0023068
-37.5505 -69.5622 1.92576 0.0145778
-37.4097 -69.4646 1.92692 0.0363484
-37.795 -69.2163 1.91701 2.75299e-06
-36.7575 -69.3073 1.93494 8.95039e-06
-36.6984 -69.7407 1.92805 3.54825e-05
-37.6432 -69.204 1.93381 1.58942e-07
-37.2363 -69.2558 1.91714 0.00025301
-36.5785 -69.0761 1.94248 2.14009e-12
-36.794 -69.6458 1.94138 0.000427486
-36.7291 -69.6142 1.94076 0.00013754
-37.0957 -69.8902 1.93296 0.0467495
-36.5024 -69.2213 1.94443 1.48923e-11
-37.0635 -69.0901 1.90529 9.2211e-12
-36.4839 -70.1328 1.92954 1.13921e-10
-37.1491 -69.7409 1.92487 0.0424167
-37.2546 -69.5591 1.92006 0.0156087
-37.0511 -69.6929 1.934 0.0808913
-36.7165 -68.9766 1.94457 8.62386e-14
-37.0078 -69.9626 1.91091 8.51053e-11
-36.3224 -69.7266 1.92415 2.09344e-13
-36.9882 -69.3119 1.9269 0.000995499
-36.8496 -69.1427 1.9389 6.93807e-08
-36.9346 -69.9775 1.92152 6.04181e-06
-37.4153 -69.8387 1.91915 0.00131877
-36.9435 -69.5519 1.92927 0.0136569
-37.0625 -69.2138 1.91191 1.57781e-07
-36.746 -70.0667 1.91986 5.45897e-10
-36.9513 -69.7604 1.93229 0.0301395
-36.6239 -68.7936 1.91932 3.35861e-16
-37.7241 -69.287 1.92265 4.32945e-05
-37.0689 -69.2784 1.92908 0.00143441
-37.3201 -68.787 1.91888 8.91198e-10
-37.607 -69.0994 1.93703 5.71727e-10
-36.86 -69.3255 1.9368 5.07628e-05
-36.7594 -69.4594 1.91478 3.92494e-09
-36.9163 -69.1143 1.92117 6.08338e-07
-37.1668 -69.8218 1.93435 0.0829308
-37.4358 -69.1525 1.90127 7.61103e-11
-37.0245 -69.1869 1.9453 3.18857e-09
-37.2447 -69.0169 1.9271 3.01943e-06
-37.3159 -69.5421 1.9127 9.40286e-05
-36.4988 -69.5251 1.93785 2.15239e-07
-37.2192 -69.41 1.93397 0.00791125
-37.2209 -69.4824 1.94175 0.000145688
-36.4799 -69.435 1.94674 6.97482e-10
-37.2478 -69.2562 1.92718 0.00252798
-36.6085 -69.517 1.92394 1.13967e-07
-37.3483 -69.678 1.92155 0.0298601
-37.1366 -69.7159 1.93457 0.10229
-36.8966 -69.8034 1.93904 0.00678953
-36.812 -70.1454 1.92265 1.02843e-08
-36.7329 -69.7184 1.93394 0.000651613
-37.2407 -69.5608 1.93245 0.0830642
-36.7772 -68.9707 1.93932 1.77326e-11
-36.8494 -69.2966 1.91736 3.02986e-07
-37.1982 -69.3521 1.91478 0.000108674
-37.1633 -69.4707 1.92933 0.0577014
-36.8953 -69.7292 1.93881 0.00701806
-36.4408 -70.1809 1.91829 3.15912e-18
-37.3887 -69.5307 1.91202 7.71508e-05
-36.9604 -69.22 1.92252 3.2342e-05
-36.0776 -69.2611 1.92804 8.61178e-20
-37.0183 -69.5408 1.93647 0.013129
-36.932 -68.7078 1.92502 3.1419e-13
-36.9674 -69.0099 1.92682 2.28663e-07
-37.038 -69.2166 1.9285 0.000264574
-37.0741 -70.1034 1.9315 0.0010054
-36.731 -69.318 1.94062 7.34268e-07
-36.9007 -69.7378 1.934 0.0167168
-37.3103 -69.4053 1.92536 0.031747
-37.4411 -69.6256 1.92787 0.0617665
-37.1772 -69.8897 1.94236 0.00187469
-37.077 -69.991 1.93225 0.0106355
-37.0096 -69.9329 1.92105 4.55961e-05
-37.0091 -69.4546 1.94454 1.50753e-05
-37.679 -69.5168 1.92513 0.00115022
-36.7236 -69.4758 1.93879 4.16899e-05
-37.0553 -69.6356 1.92348 0.0127152
-37.0639 -69.8281 1.92551 0.0111196
-36.6193 -69.7953 1.92498 2.01837e-07
-36.7109 -68.6879 1.92541 3.84683e-16
-36.8858 -69.4882 1.92721 0.00183856
-36.9765 -69.5827 1.91742 4.25386e-05
-36.6007 -69.2577 1.94018 8.70991e-09
