-13.5265 -1.35953 0.522658 0.00243892 -13.54 -1.7565 0.52499
-13.0659 -1.95204 0.521432 4.41518e-05 -13.54 -1.7565 0.52499
-13.6549 -1.26882 0.536549 1.26964e-08 -13.54 -1.7565 0.52499
-13.6747 -1.62873 0.539982 7.35913e-05 -13.54 -1.7565 0.52499
-13.1738 -1.69784 0.539257 3.6423e-08 -13.54 -1.7565 0.52499
-14.1293 -1.42362 0.532073 1.2732e-10 -13.54 -1.7565 0.52499
-13.8402 -1.65842 0.530862 0.00141244 -13.54 -1.7565 0.52499
-14.3559 -1.06686 0.505825 2.09337e-33 -13.54 -1.7565 0.52499
-14.1374 -1.83774 0.534815 2.47267e-08 -13.54 -1.7565 0.52499
-13.6423 -1.36952 0.532226 3.81304e-05 -13.54 -1.7565 0.52499
-13.9408 -1.31868 0.540724 2.55925e-11 -13.54 -1.7565 0.52499
-13.8791 -1.29914 0.524056 1.1627e-07 -13.54 -1.7565 0.52499
-13.613 -1.48685 0.514703 0.000789146 -13.54 -1.7565 0.52499
-13.7471 -2.23973 0.51842 1.27668e-10 -13.54 -1.7565 0.52499
-13.5576 -2.33246 0.531236 7.82738e-08 -13.54 -1.7565 0.52499
-13.5043 -1.40448 0.51808 0.00640937 -13.54 -1.7565 0.52499
-14.5564 -1.56504 0.519947 5.45562e-27 -13.54 -1.7565 0.52499
-14.1581 -1.53002 0.539254 8.42087e-11 -13.54 -1.7565 0.52499
-13.3565 -1.94464 0.5157 0.000769669 -13.54 -1.7565 0.52499
-14.3673 -1.84862 0.523262 6.37442e-18 -13.54 -1.7565 0.52499
-13.4647 -1.69729 0.513067 0.00493032 -13.54 -1.7565 0.52499
-14.0091 -1.93667 0.520862 2.68871e-09 -13.54 -1.7565 0.52499
-13.2497 -2.1521 0.514031 5.11246e-08 -13.54 -1.7565 0.52499
-13.5736 -1.89024 0.518287 0.00295961 -13.54 -1.7565 0.52499
-13.463 -1.97465 0.532315 0.00956704 -13.54 -1.7565 0.52499
-13.6569 -2.41914 0.537846 5.09348e-10 -13.54 -1.7565 0.52499
-14.0757 -2.12013 0.542746 2.67762e-09 -13.54 -1.7565 0.52499
-13.394 -1.82413 0.519373 0.07417 -13.54 -1.7565 0.52499
-13.1955 -1.63224 0.538263 1.24952e-07 -13.54 -1.7565 0.52499
-13.9408 -1.97168 0.527407 3.9094e-06 -13.54 -1.7565 0.52499
-14.0554 -2.91117 0.546079 1.84674e-28 -13.54 -1.7565 0.52499
-13.7625 -0.992419 0.512138 1.2002e-13 -13.54 -1.7565 0.52499
-13.8069 -1.71333 0.531918 0.00412269 -13.54 -1.7565 0.52499
-13.2717 -1.62265 0.512062 0.00848743 -13.54 -1.7565 0.52499
-13.3927 -1.71988 0.539307 4.167e-05 -13.54 -1.7565 0.52499
-13.5903 -1.66488 0.513845 0.00127274 -13.54 -1.7565 0.52499
-13.7489 -1.26176 0.528064 8.83805e-07 -13.54 -1.7565 0.52499
-13.7215 -0.940166 0.52669 4.21693e-14 -13.54 -1.7565 0.52499
-13.7291 -1.4157 0.508387 1.91684e-08 -13.54 -1.7565 0.52499
-13.4898 -2.01945 0.53473 0.00187226 -13.54 -1.7565 0.52499
-13.254 -2.19138 0.527174 2.19632e-06 -13.54 -1.7565 0.52499
-13.9513 -1.44781 0.539502 1.1998e-08 -13.54 -1.7565 0.52499
-13.6755 -1.25688 0.52359 8.42653e-06 -13.54 -1.7565 0.52499
-14.3074 -2.04981 0.515068 2.53568e-23 -13.54 -1.7565 0.52499
-13.397 -1.91127 0.530452 0.0258613 -13.54 -1.7565 0.52499
-13.4217 -1.58679 0.511837 0.00466335 -13.54 -1.7565 0.52499
-13.7774 -1.47073 0.520753 0.000166597 -13.54 -1.7565 0.52499
-13.2941 -1.88564 0.520357 0.0206341 -13.54 -1.7565 0.52499
-13.8247 -2.00636 0.525321 3.61013e-05 -13.54 -1.7565 0.52499
-13.4992 -1.62227 0.510518 0.000469027 -13.54 -1.7565 0.52499
-13.7166 -2.28759 0.526376 2.41118e-08 -13.54 -1.7565 0.52499
-13.5257 -2.3317 0.523413 5.34327e-09 -13.54 -1.7565 0.52499
-13.8856 -1.79261 0.518053 9.19077e-07 -13.54 -1.7565 0.52499
-13.4081 -2.06687 0.514198 2.86018e-06 -13.54 -1.7565 0.52499
-13.8688 -1.88088 0.521547 9.96483e-06 -13.54 -1.7565 0.52499
-13.1761 -1.68481 0.531649 0.000176285 -13.54 -1.7565 0.52499
-13.5461 -1.93328 0.539942 0.000302701 -13.54 -1.7565 0.52499
-13.6176 -1.5463 0.518804 0.013341 -13.54 -1.7565 0.52499
-13.7141 -1.37697 0.538928 9.12552e-08 -13.54 -1.7565 0.52499
-13.6456 -1.6714 0.530794 0.0577438 -13.54 -1.7565 0.52499
-13.2926 -1.30105 0.530959 6.9764e-07 -13.54 -1.7565 0.52499
-13.9979 -1.84252 0.553176 8.84557e-12 -13.54 -1.7565 0.52499
-13.6131 -1.69538 0.531157 0.0794573 -13.54 -1.7565 0.52499
-13.9558 -1.91921 0.520311 3.42199e-08 -13.54 -1.7565 0.52499
-13.8677 -1.60566 0.520703 3.07439e-05 -13.54 -1.7565 0.52499
-13.6288 -1.92384 0.521587 0.00430553 -13.54 -1.7565 0.52499
-13.7713 -1.76723 0.539559 0.000315346 -13.54 -1.7565 0.52499
-13.5009 -2.17747 0.526924 4.54499e-05 -13.54 -1.7565 0.52499
-13.6341 -1.49035 0.532294 0.00159465 -13.54 -1.7565 0.52499
-13.8347 -0.986635 0.537019 2.59588e-17 -13.54 -1.7565 0.52499
-13.6961 -2.218 0.516811 2.83196e-10 -13.54 -1.7565 0.52499
-13.1105 -1.76889 0.500537 5.21762e-09 -13.54 -1.7565 0.52499
-13.2298 -1.717 0.508388 0.000204925 -13.54 -1.7565 0.52499
-13.0512 -2.05761 0.514772 1.83907e-07 -13.54 -1.7565 0.52499
-13.8991 -1.75279 0.52559 0.000129831 -13.54 -1.7565 0.52499
-13.463 -1.77069 0.521879 0.265226 -13.54 -1.7565 0.52499
-13.9118 -2.17307 0.529608 8.81125e-08 -13.54 -1.7565 0.52499
-13.2213 -2.4931 0.524029 3.17517e-14 -13.54 -1.7565 0.52499
-14.0778 -1.65205 0.510137 1.92022e-15 -13.54 -1.7565 0.52499
-12.8978 -1.68015 0.532339 2.61703e-10 -13.54 -1.7565 0.52499
-14.2176 -1.60642 0.519421 2.78931e-14 -13.54 -1.7565 0.52499
-13.7797 -1.75304 0.524293 0.00412304 -13.54 -1.7565 0.52499
-13.4873 -1.53745 0.515827 0.0236347 -13.54 -1.7565 0.52499
-13.3658 -1.60732 0.516564 0.0952544 -13.54 -1.7565 0.52499
-13.7678 -1.46947 0.516433 2.04794e-05 -13.54 -1.7565 0.52499
-13.9714 -2.0217 0.535124 3.0748e-06 -13.54 -1.7565 0.52499
-13.4707 -1.80419 0.529375 0.176381 -13.54 -1.7565 0.52499
-13.8536 -1.64914 0.535796 0.000212635 -13.54 -1.7565 0.52499
-13.9406 -1.8767 0.531336 5.84499e-05 -13.54 -1.7565 0.52499
-12.7255 -1.64214 0.504988 2.23388e-10 -13.54 -1.7565 0.52499
-13.4056 -2.22438 0.528942 5.59522e-06 -13.54 -1.7565 0.52499
-13.2841 -1.21912 0.532912 1.61509e-09 -13.54 -1.7565 0.52499
-13.7112 -1.47124 0.542464 5.61163e-08 -13.54 -1.7565 0.52499
-13.627 -1.44121 0.537079 9.64692e-06 -13.54 -1.7565 0.52499
-13.9212 -1.45669 0.518082 9.07045e-08 -13.54 -1.7565 0.52499
-13.4987 -1.3415 0.51857 0.00159378 -13.54 -1.7565 0.52499
-13.6286 -1.98548 0.51894 0.000153993 -13.54 -1.7565 0.52499
-12.9161 -2.05024 0.53171 6.89057e-11 -13.54 -1.7565 0.52499
-13.6284 -1.63224 0.527064 0.104415 -13.54 -1.7565 0.52499
-13.3699 -1.29411 0.5362 6.68032e-09 -13.54 -1.7565 0.52499
