209.563 25.3749 0.0807854 8.74233e-07
210.131 25.673 0.062517 0.000117557
209.343 25.151 0.0697185 9.10793e-07
209.023 25.387 0.0718622 1.37285e-08
209.582 25.545 0.0578125 0.0609827
209.124 26.1793 0.0635421 9.25273e-11
209.091 25.6751 0.0925193 5.81017e-16
209.306 25.66 0.0912604 4.4948e-13
209.413 25.4806 0.0723745 0.00530948
209.161 25.4494 0.0862653 1.6749e-11
209.625 25.4809 0.0816139 1.60003e-06
208.759 25.4946 0.082197 1.72521e-16
209.811 25.5925 0.0932236 6.62409e-17
209.837 26.0382 0.0663335 0.000260076
209.728 26.1544 0.0784889 1.10959e-08
209.396 25.8175 0.0841033 8.97061e-08
209.194 26.1336 0.0748473 5.92128e-09
209.686 25.1216 0.0648749 2.05373e-05
208.797 25.8008 0.0696056 4.97928e-13
209.776 24.9484 0.0716015 1.2542e-10
208.644 25.6057 0.061792 7.92094e-19
209.148 25.8669 0.0929502 3.58937e-16
208.551 25.1496 0.0707744 1.38738e-24
209.819 25.7208 0.0927735 2.30874e-16
209.471 26.1255 0.0907973 2.04086e-15
209.338 24.8768 0.0604082 1.21138e-12
208.872 25.8649 0.0770773 3.30371e-12
209.586 25.7273 0.0958832 1.65168e-17
209.89 25.9404 0.0889425 1.08621e-14
209.552 25.4844 0.0905181 6.90659e-13
209.723 25.8272 0.0895531 1.30656e-12
208.681 25.9129 0.0781909 7.59347e-18
209.571 25.1008 0.0709763 9.88704e-07
209.174 25.9652 0.0595854 1.13625e-07
208.998 25.8985 0.0869843 4.72469e-14
208.68 26.2038 0.0725301 3.46882e-21
208.975 25.3574 0.0686439 1.19551e-09
209.1 25.9539 0.0624768 3.90826e-08
209.475 25.819 0.106201 8.52551e-30
209.662 25.611 0.0678502 0.388316
209.152 25.7656 0.0826077 9.65091e-09
208.606 26.1301 0.0763718 1.76508e-22
209.375 25.6357 0.0697209 0.0250859
209.462 25.6826 0.0822009 3.91436e-06
209.736 25.3105 0.0718143 0.000431126
209.274 25.8727 0.0571047 5.37454e-06
209.241 26.1124 0.0789145 2.90014e-09
209.737 25.3953 0.0524935 0.000554777
208.706 25.664 0.084763 1.87239e-18
209.221 26.0443 0.0811007 2.04643e-09
209.552 25.576 0.0715872 0.0696299
209.137 25.9024 0.0783003 6.77868e-08
209.243 25.6139 0.0659473 0.00124464
209.581 25.7218 0.0861535 9.1357e-09
209 25.5806 0.0783374 2.49157e-09
208.832 24.9461 0.071477 4.00641e-20
209.138 25.2975 0.0643 2.60161e-07
208.85 25.7379 0.0667957 1.46427e-11
209.537 25.7085 0.0774756 0.000992352
209.211 25.7586 0.097362 2.39419e-19
208.756 25.2397 0.0642762 3.91892e-17
209.668 25.4738 0.077075 0.000249836
209.21 25.8321 0.0841809 3.43498e-09
209.668 24.9962 0.0667259 4.94451e-08
209.77 25.6636 0.0787209 4.53641e-05
209.691 25.4177 0.0549876 0.0051436
209.351 25.7571 0.0888262 5.70836e-11
209.291 25.4175 0.0872814 2.65549e-11
209.468 25.8611 0.0708364 0.0118536
209.495 25.5869 0.074326 0.0101884
208.908 25.2361 0.0601013 6.56267e-14
209.222 25.372 0.0692844 3.40556e-05
209.476 25.3451 0.096964 1.91234e-20
209.075 24.7644 0.0847217 6.09194e-25
208.743 25.3228 0.101135 1.7389e-32
209.051 25.7408 0.0644422 3.4988e-07
209.446 25.4117 0.0822615 2.23822e-07
209.051 25.3146 0.0835171 1.02546e-12
209.475 25.4148 0.0630367 0.0252472
209.038 25.8788 0.0863005 7.01885e-13
209.387 25.0225 0.0875175 3.21652e-17
209.774 25.8046 0.0810011 1.12888e-06
209.387 25.4325 0.0844345 1.00644e-08
209.228 25.867 0.0745865 2.10391e-05
209.546 25.4982 0.0781705 0.000179334
209.668 25.6676 0.0777816 0.000489329
209.769 25.6258 0.0618403 0.353569
209.559 25.3306 0.0640139 0.0126669
209.637 25.3451 0.0760981 6.54553e-05
208.965 25.9245 0.0812127 5.60622e-12
209.52 25.7468 0.0731768 0.0222104
209.351 25.7984 0.0602456 0.00153787
208.986 25.1504 0.0814404 3.0346e-15
209.852 25.3878 0.0838913 1.75938e-10
209.242 25.0657 0.0675237 3.21302e-09
209.36 25.5599 0.0923436 4.40851e-14
209.581 24.9377 0.0715203 2.39692e-10
209.367 25.8914 0.0699469 0.00203354
209.083 25.876 0.0827823 2.64194e-10
209.682 25.7802 0.0759882 0.00150419
