-38.2792 -42.9736 1.45897 6.64246e-05
-38.6543 -43.0456 1.49502 4.36113e-15
-38.7093 -43.6825 1.48131 1.18948e-12
-39.2277 -42.961 1.44351 8.73622e-09
-38.7969 -43.4224 1.45548 9.0591e-08
-38.3731 -42.3966 1.45218 0.000323083
-38.8147 -43.1592 1.45527 4.0243e-05
-39.0094 -42.8889 1.46341 0.0134863
-38.4263 -43.1136 1.44724 2.77358e-10
-39.2284 -43.0934 1.44865 2.37028e-07
-38.5011 -43.2071 1.46021 3.12404e-05
-38.767 -43.1576 1.43201 1.63521e-20
-38.1549 -43.7953 1.47198 7.41453e-16
-39.2595 -43.1116 1.45782 2.84609e-07
-39.2903 -42.8922 1.48282 8.86312e-16
-38.4342 -43.6773 1.45032 2.38995e-15
-39.1857 -43.1382 1.44622 6.61073e-08
-39.0023 -42.788 1.44751 0.001289
-39.1071 -42.9311 1.45253 0.000253085
-38.802 -42.729 1.44158 1.57447e-05
-38.781 -43.0807 1.45081 1.72155e-05
-39.109 -43.2132 1.46599 9.74315e-07
-38.9121 -43.026 1.44194 4.12915e-09
-38.1378 -43.2427 1.46989 1.44862e-07
-38.9364 -43.1823 1.45429 3.73775e-06
-38.9491 -42.9554 1.47012 0.00146628
-38.5969 -43.2719 1.46351 4.39466e-05
-38.9776 -43.0728 1.45707 0.000415237
-38.3212 -43.4258 1.46409 1.81843e-09
-38.293 -43.4096 1.44071 1.3388e-24
-38.9308 -43.072 1.47832 9.06562e-07
-39.0647 -42.673 1.47148 1.57593e-05
-38.9558 -42.4493 1.44639 0.0158133
-38.621 -43.122 1.45528 7.75874e-05
-39.0589 -43.4589 1.45485 1.84436e-10
-38.3753 -42.8345 1.46284 0.0268972
-38.8222 -43.2823 1.45119 5.48648e-09
-39.0557 -43.5415 1.44481 4.36013e-15
-39.0772 -43.0692 1.44942 9.18158e-07
-38.7724 -43.0438 1.4717 0.00454463
-38.8684 -42.9549 1.45748 0.0319216
-38.2814 -43.35 1.46989 2.37217e-07
-39.0841 -42.5678 1.45132 0.0231585
-39.0976 -42.978 1.44364 5.94733e-08
-39.0543 -43.1087 1.45288 4.31509e-06
-38.8046 -43.293 1.45187 6.87779e-09
-38.3639 -43.503 1.44477 2.29996e-22
-39.1156 -43.1939 1.46102 2.73776e-06
-38.7304 -43.4514 1.45594 4.7804e-08
-38.4344 -42.5279 1.45585 0.0212026
-38.5489 -43.1112 1.44681 3.31744e-09
-39.1639 -42.8419 1.46093 0.000732841
-39.1563 -42.9518 1.46431 9.1197e-05
-39.1295 -43.683 1.47795 6.81773e-16
-38.6074 -42.7696 1.4572 0.371685
-38.8967 -42.9833 1.44707 1.11281e-05
-38.8266 -43.7313 1.46135 8.44637e-14
-39.2798 -43.2491 1.47051 2.57114e-10
-38.9151 -43.3391 1.44723 1.19394e-08
-38.6553 -43.2966 1.48067 5.33307e-07
-38.5504 -42.9071 1.47614 0.00227708
-38.9875 -43.4914 1.44626 9.22023e-13
-39.1062 -43.4242 1.44151 5.35244e-14
-39.58 -43.2426 1.43925 2.23535e-18
-39.0082 -43.0218 1.46131 0.00205248
-39.0098 -42.7386 1.45133 0.0247299
-39.4643 -43.4643 1.46638 2.58325e-16
-38.8438 -43.3722 1.44803 1.03965e-08
-38.9913 -43.4129 1.44879 2.99209e-10
-38.2706 -42.8998 1.45321 2.31001e-06
-38.8757 -43.3566 1.47303 4.53292e-07
-38.9662 -43.5043 1.43996 1.8158e-15
-38.4869 -43.0681 1.44685 4.82005e-09
-38.8226 -43.5791 1.46931 6.7119e-10
-38.8527 -43.3129 1.48427 1.78682e-09
-38.6549 -42.5227 1.44892 0.0321835
-39.1408 -43.3696 1.46984 1.41366e-09
-38.9542 -43.3868 1.47122 7.295e-08
-39.0319 -43.2483 1.44611 4.04551e-08
-39.0948 -43.2793 1.45017 2.58466e-08
-39.2547 -42.9134 1.4594 1.94351e-05
-38.7194 -43.0247 1.45752 0.0103455
-39.0457 -43.4002 1.45759 8.3308e-09
-37.8399 -42.9005 1.45954 1.16109e-12
-39.0388 -43.0522 1.46861 0.000104983
-38.2816 -43.2552 1.4684 3.70306e-06
-38.6522 -42.4776 1.45799 0.391926
-39.0569 -42.7884 1.44771 0.000764406
-38.6358 -43.2817 1.44516 3.7411e-13
-38.7238 -43.1099 1.44822 2.64794e-07
-38.7212 -43.4397 1.44834 1.11197e-09
-38.585 -43.2797 1.45123 1.1827e-09
-38.4513 -42.7832 1.45636 0.0219653
-38.4274 -43.5104 1.44943 6.10344e-18
-38.8721 -43.3302 1.45909 4.69086e-06
-38.0889 -42.9333 1.46713 5.68741e-06
-38.5582 -43.0347 1.44721 1.32032e-07
-38.7119 -43.302 1.48242 4.96293e-08
-39.2436 -42.9661 1.47216 1.74695e-08
-38.9183 -43.4335 1.46244 6.56643e-08
