199.487 26.0923 0.0590737 9.93557e-10
200.099 25.3463 0.0842327 6.44921e-13
199.223 25.6456 0.0831952 0.026565
199.659 25.8925 0.0557029 1.1107e-08
198.7 25.6608 0.0724164 1.34125e-12
198.768 26.0097 0.0614996 2.28472e-19
199.578 25.1839 0.064922 1.00771e-06
199.361 25.6648 0.0818735 0.138585
199.961 25.3183 0.0683402 6.86368e-07
199.405 25.6583 0.0713281 0.0783406
199.055 25.3306 0.0685521 3.67588e-08
199.372 25.0223 0.0591942 7.401e-13
198.378 25.3862 0.07232 1.17647e-24
199.717 25.6339 0.0743694 0.0370196
199.467 25.3628 0.0856126 0.000127207
199.005 25.7636 0.0805119 0.000225064
199.301 25.855 0.0661461 9.12847e-05
199.501 26.2442 0.111201 5.67095e-23
198.309 25.0787 0.0690096 9.19583e-34
199.266 25.7277 0.0688496 0.00171272
199.472 25.9467 0.0857591 0.00327948
199.341 25.6556 0.080992 0.150233
199.505 25.8934 0.0741788 0.0515258
199.074 25.1781 0.077261 3.18063e-08
199.532 26.0186 0.0685446 0.000271439
199.619 25.3456 0.0644789 8.95065e-05
198.792 25.1646 0.0668855 7.3683e-17
199.452 25.7453 0.0514799 9.24357e-12
198.603 25.6474 0.0842124 2.52225e-12
199.832 25.7467 0.095326 3.11649e-11
199.276 26.2732 0.0707139 5.99916e-09
199.345 25.6855 0.0574652 3.19824e-08
199.279 25.8894 0.0716494 0.00253931
199.424 25.5334 0.0595388 2.81255e-06
199.088 25.5842 0.0714665 6.80403e-05
199.251 25.6078 0.0739705 0.0216877
199.377 25.3595 0.0807529 0.00177835
199.151 25.4353 0.088546 3.57159e-05
199.315 25.7041 0.0864701 0.0184152
199.132 25.6264 0.106836 6.302e-14
199.089 25.6092 0.0649548 1.97765e-07
199.813 25.8755 0.0685593 0.000504092
198.876 25.7424 0.0691418 1.02285e-09
198.836 26.3735 0.0716794 9.82113e-18
198.891 25.6574 0.0677121 5.81392e-10
199.298 25.5487 0.0712935 0.010163
198.767 26.1744 0.0535581 2.12758e-29
198.743 25.2464 0.0674877 1.2421e-16
199.094 25.678 0.0576086 5.91288e-12
199.467 25.8173 0.0657023 0.00137111
199.764 25.5525 0.0610437 5.75775e-05
199.24 25.5219 0.0836711 0.00762096
199.624 25.5593 0.064825 0.00272842
198.75 25.7035 0.0717797 1.54029e-11
199.208 25.7639 0.0835194 0.0226562
199.332 25.7406 0.0899322 0.00177033
199.17 25.0702 0.0841688 7.07615e-10
199.182 25.5658 0.06728 4.403e-05
199.484 26.085 0.0569327 5.11653e-11
199.264 25.925 0.0840483 0.00829455
199.614 25.7568 0.0677683 0.0163231
199.333 25.6124 0.0788269 0.146734
199.612 25.5752 0.0584226 6.85471e-06
199.57 25.834 0.0880542 0.000702413
199.134 25.3802 0.0686164 2.07307e-06
198.766 25.8121 0.0587065 8.24242e-20
198.494 25.887 0.0822978 4.333e-16
198.601 26.4833 0.0681063 3.27229e-29
198.862 25.4528 0.0799508 7.54556e-08
198.94 25.6703 0.0508134 1.70197e-21
198.667 25.8491 0.0716017 2.09412e-14
198.772 25.8072 0.0816177 1.43897e-08
198.97 25.8348 0.0833292 5.42206e-05
199.481 25.1263 0.0679163 3.79072e-07
199.072 25.7986 0.0784828 0.000969504
199.527 25.0808 0.0806681 3.23842e-08
199.28 25.1314 0.0718237 1.88951e-07
199.304 25.7473 0.0726666 0.0326292
198.969 26.0374 0.0769653 2.80216e-07
198.984 25.5133 0.0805331 2.81149e-05
199.115 25.8351 0.0669002 1.30635e-06
199.254 25.8792 0.077704 0.0203927
199.767 25.5765 0.0727069 0.010795
199.696 25.4811 0.0717933 0.0112496
199.446 25.3864 0.0780908 0.00772523
198.775 25.4168 0.0774396 2.24003e-10
199.583 25.4959 0.0902064 8.28163e-06
199.203 25.3252 0.0830055 6.19749e-05
199.847 25.5543 0.0589926 3.24553e-06
199.868 25.3897 0.0715126 6.30625e-05
199.394 25.2728 0.0840763 2.73085e-05
199.538 25.9483 0.0847038 0.00295853
198.845 26.0619 0.0744383 1.04639e-10
199.428 25.9363 0.0756159 0.0291025
199.466 25.876 0.0723967 0.0373691
198.647 25.355 0.0788537 5.66511e-14
199.353 25.9167 0.0825123 0.0259456
199.346 25.6524 0.0947322 8.42461e-06
199.575 25.6888 0.0824273 0.0435118
199.609 25.4787 0.0715426 0.0255207
