60.6712 13.6789 0.14732 8.00254e-08 60.399 13.689 0.13023
60.3108 13.0088 0.133084 1.18816e-06 60.399 13.689 0.13023
60.6128 13.4829 0.126441 0.000208502 60.399 13.689 0.13023
61.0257 13.5227 0.150063 2.94773e-18 60.399 13.689 0.13023
60.6971 13.0915 0.126918 1.22689e-08 60.399 13.689 0.13023
60.4579 14.0412 0.144524 1.20586e-05 60.399 13.689 0.13023
60.4591 13.7161 0.134842 0.0502153 60.399 13.689 0.13023
60.2708 14.0187 0.121309 3.55901e-08 60.399 13.689 0.13023
60.6807 14.1687 0.137531 1.05571e-08 60.399 13.689 0.13023
60.3602 13.7646 0.151774 5.95888e-06 60.399 13.689 0.13023
60.9515 13.1437 0.121436 1.06947e-12 60.399 13.689 0.13023
60.5523 13.6792 0.153021 3.07554e-09 60.399 13.689 0.13023
60.6488 13.5628 0.114745 7.03517e-10 60.399 13.689 0.13023
60.4482 14.0478 0.145161 8.15041e-06 60.399 13.689 0.13023
60.0174 13.1093 0.12532 6.36366e-08 60.399 13.689 0.13023
60.2952 13.3387 0.119709 6.89038e-07 60.399 13.689 0.13023
60.9764 13.228 0.116798 7.95307e-14 60.399 13.689 0.13023
60.4831 14.1884 0.143324 1.59393e-07 60.399 13.689 0.13023
60.7189 13.3545 0.131372 1.15059e-05 60.399 13.689 0.13023
60.8223 13.8963 0.131391 1.85747e-07 60.399 13.689 0.13023
60.8623 13.7752 0.137965 4.10806e-08 60.399 13.689 0.13023
59.9577 13.6849 0.132527 0.0198885 60.399 13.689 0.13023
61.2563 13.5397 0.129606 4.24026e-16 60.399 13.689 0.13023
60.27 12.5503 0.126552 1.44837e-18 60.399 13.689 0.13023
60.3404 13.7689 0.154932 1.03366e-07 60.399 13.689 0.13023
60.2419 13.0571 0.143564 6.78794e-07 60.399 13.689 0.13023
60.2571 14.0764 0.142596 0.000421363 60.399 13.689 0.13023
60.3424 13.1269 0.144884 8.88169e-07 60.399 13.689 0.13023
60.9646 13.7137 0.136672 8.36649e-10 60.399 13.689 0.13023
60.7984 13.6391 0.129851 5.77153e-06 60.399 13.689 0.13023
60.6207 13.9532 0.118844 1.7559e-09 60.399 13.689 0.13023
60.1198 12.7391 0.129393 4.36609e-13 60.399 13.689 0.13023
60.1548 13.244 0.132311 0.0021915 60.399 13.689 0.13023
59.9554 14.0156 0.133305 0.000183119 60.399 13.689 0.13023
60.5202 13.4583 0.126546 0.000911088 60.399 13.689 0.13023
60.771 14.0004 0.135481 1.05319e-07 60.399 13.689 0.13023
60.4109 13.8489 0.120959 1.7712e-06 60.399 13.689 0.13023
60.3039 13.5403 0.140891 0.137104 60.399 13.689 0.13023
61.0288 13.2287 0.130239 2.35274e-12 60.399 13.689 0.13023
60.2378 13.5128 0.130495 0.0833386 60.399 13.689 0.13023
60.3003 13.5569 0.108732 5.5243e-15 60.399 13.689 0.13023
60.5644 13.7026 0.142826 0.000270507 60.399 13.689 0.13023
61.0982 13.5802 0.14922 1.39819e-19 60.399 13.689 0.13023
60.7033 13.6668 0.136933 7.78955e-05 60.399 13.689 0.13023
60.5392 13.3997 0.132608 0.00266619 60.399 13.689 0.13023
60.5393 13.5664 0.134526 0.0125087 60.399 13.689 0.13023
60.3594 13.747 0.140357 0.0842009 60.399 13.689 0.13023
60.7014 13.8488 0.117097 4.66671e-10 60.399 13.689 0.13023
60.0928 13.696 0.147489 0.0218384 60.399 13.689 0.13023
59.8267 13.4523 0.120885 6.98345e-10 60.399 13.689 0.13023
60.4357 13.7112 0.130858 0.0317887 60.399 13.689 0.13023
60.5253 13.5847 0.136719 0.0137269 60.399 13.689 0.13023
60.8202 13.455 0.129414 1.21538e-06 60.399 13.689 0.13023
60.4594 13.2005 0.142111 8.56151e-06 60.399 13.689 0.13023
60.457 13.6666 0.12807 0.00815517 60.399 13.689 0.13023
59.7668 13.6607 0.125637 1.32972e-07 60.399 13.689 0.13023
60.3863 14.065 0.115703 1.75522e-12 60.399 13.689 0.13023
60.1771 13.344 0.117635 9.70872e-09 60.399 13.689 0.13023
59.9977 14.2297 0.122667 1.94208e-12 60.399 13.689 0.13023
60.2174 13.3233 0.132901 0.0186062 60.399 13.689 0.13023
60.2316 13.3944 0.132166 0.049945 60.399 13.689 0.13023
60.4508 13.3491 0.131818 0.0048929 60.399 13.689 0.13023
60.7928 14.1718 0.141167 2.23657e-11 60.399 13.689 0.13023
60.4912 13.7092 0.117364 6.83806e-08 60.399 13.689 0.13023
60.7117 13.0544 0.147036 6.44601e-14 60.399 13.689 0.13023
60.8574 13.1413 0.136292 7.8669e-11 60.399 13.689 0.13023
60.874 13.3795 0.127855 4.86314e-08 60.399 13.689 0.13023
60.1255 13.8337 0.122526 3.09651e-06 60.399 13.689 0.13023
60.804 13.722 0.135244 2.36862e-06 60.399 13.689 0.13023
60.1865 14.0432 0.113113 2.41901e-15 60.399 13.689 0.13023
60.1923 14.2819 0.126656 7.56321e-10 60.399 13.689 0.13023
60.8388 13.5698 0.131541 1.37967e-06 60.399 13.689 0.13023
60.6225 13.5715 0.13686 0.000991146 60.399 13.689 0.13023
60.3431 13.3241 0.131559 0.00879086 60.399 13.689 0.13023
60.2955 13.4491 0.130183 0.0404112 60.399 13.689 0.13023
59.8339 13.2716 0.136168 0.000150789 60.399 13.689 0.13023
60.7511 13.1449 0.139895 7.3963e-10 60.399 13.689 0.13023
60.4638 13.566 0.114863 3.32294e-09 60.399 13.689 0.13023
60.3496 13.5404 0.134558 0.219858 60.399 13.689 0.13023
60.621 13.4185 0.144737 1.23265e-06 60.399 13.689 0.13023
60.3003 13.0854 0.137033 2.13101e-05 60.399 13.689 0.13023
60.7711 13.5426 0.122332 3.81833e-07 60.399 13.689 0.13023
59.778 13.3759 0.143714 0.00049082 60.399 13.689 0.13023
60.2519 13.7822 0.133164 0.144643 60.399 13.689 0.13023
60.6308 13.6066 0.124265 4.93485e-05 60.399 13.689 0.13023
60.3008 14.1018 0.125419 4.3858e-07 60.399 13.689 0.13023
60.5258 13.8292 0.117071 6.42188e-09 60.399 13.689 0.13023
60.0782 13.1625 0.160341 5.74668e-14 60.399 13.689 0.13023
61.4525 13.5043 0.123598 4.95723e-22 60.399 13.689 0.13023
60.8347 13.4219 0.154148 4.91939e-17 60.399 13.689 0.13023
60.5214 13.7418 0.125684 0.000414269 60.399 13.689 0.13023
60.7036 13.3831 0.129751 2.45448e-05 60.399 13.689 0.13023
60.1402 13.4243 0.131527 0.0409436 60.399 13.689 0.13023
60.4067 12.8617 0.124457 2.73875e-11 60.399 13.689 0.13023
60.4588 13.727 0.118992 6.71306e-07 60.399 13.689 0.13023
60.1095 13.811 0.119419 3.22378e-08 60.399 13.689 0.13023
60.838 13.5372 0.139814 4.99033e-08 60.399 13.689 0.13023
60.8872 12.8578 0.113045 7.8391e-20 60.399 13.689 0.13023
60.9211 13.5114 0.138911 1.39301e-09 60.399 13.689 0.13023
60.649 13.6864 0.121803 2.85553e-06 60.399 13.689 0.13023
