32.2903 -77.9901 3.90976 0.0105071
31.3915 -78.3509 3.88057 1.70222e-19
32.3326 -78.0093 3.88556 2.26444e-12
31.9766 -78.5985 3.91095 4.2919e-15
31.934 -77.6902 3.90498 2.34609e-07
32.3406 -78.4392 3.89336 4.73539e-09
31.9864 -78.2802 3.89764 0.000729101
32.6188 -78.5425 3.9079 2.5674e-09
32.5695 -78.2569 3.87704 1.41897e-30
32.2367 -78.6266 3.88847 7.53838e-17
32.1593 -78.1968 3.9139 2.14021e-07
32.952 -78.8925 3.89896 5.79152e-31
31.8299 -77.8334 3.89482 0.000119642
32.4599 -78.2905 3.8767 6.64945e-28
31.3157 -78.6303 3.88376 4.01422e-25
31.6525 -77.7222 3.91237 5.70016e-22
32.2258 -78.4165 3.90608 4.57486e-05
32.512 -78.3978 3.89257 1.03399e-11
31.9593 -77.9262 3.89146 0.000568729
31.9274 -78.9617 3.89702 6.72879e-22
32.4472 -78.0288 3.90077 0.089339
32.2533 -78.3393 3.9011 0.00186057
32.2943 -77.6328 3.88471 1.90102e-15
32.3009 -78.3765 3.88476 1.94896e-14
32.4059 -78.4836 3.90243 7.87231e-07
32.0971 -78.7359 3.91056 9.51962e-14
32.2922 -78.2002 3.88872 3.80767e-09
32.2255 -78.3309 3.90809 0.000259965
32.4874 -78.2877 3.87563 1.15112e-30
32.0458 -78.8113 3.88362 5.71974e-25
31.6935 -78.7413 3.8905 2.00969e-18
31.6124 -78.1275 3.91303 5.56501e-22
32.3503 -78.5839 3.91153 1.38552e-09
31.8298 -78.3048 3.88628 9.61012e-10
32.0283 -77.8439 3.88832 2.97374e-06
32.1331 -77.9975 3.90955 0.000469631
31.4025 -78.2483 3.90664 8.04353e-24
31.8057 -78.4444 3.9073 7.49913e-13
32.6508 -78.0525 3.89937 1.34138e-05
32.4249 -77.9709 3.89743 0.0323611
32.3863 -78.3893 3.88425 3.22982e-17
31.8846 -78.5111 3.90441 1.1024e-10
32.3358 -78.3184 3.88662 7.15708e-12
32.2602 -78.1492 3.90375 0.220028
31.9901 -78.5575 3.88957 1.3228e-12
32.1919 -78.2402 3.89887 0.0176211
31.7385 -78.1566 3.89196 3.77331e-06
32.0673 -77.9522 3.8789 2.11294e-16
32.3036 -78.1213 3.90063 0.172587
31.9492 -78.6871 3.90009 9.8092e-12
32.5414 -78.0068 3.90677 0.0208863
31.8965 -78.504 3.89865 7.2888e-09
31.6151 -78.5986 3.87593 9.02525e-28
32.6484 -78.0409 3.89364 4.62785e-09
32.4583 -78.048 3.89952 0.0292689
32.0975 -77.8208 3.90683 0.000415913
31.5893 -78.5584 3.88621 1.39644e-17
32.1734 -78.0667 3.86101 1.00837e-57
31.6095 -78.1035 3.89154 4.78965e-08
31.9821 -78.3835 3.89427 3.24166e-06
31.6177 -78.3986 3.89808 4.94267e-12
31.7572 -78.642 3.88271 4.03723e-21
32.6391 -78.3256 3.90879 1.34908e-05
32.7934 -77.8328 3.92267 1.66048e-12
31.8607 -78.423 3.87511 6.61838e-25
32.2301 -78.416 3.88649 6.00219e-14
32.1649 -78.304 3.88085 4.39496e-18
32.1868 -78.0398 3.8899 1.07472e-05
32.3229 -78.6232 3.89876 6.29136e-11
32.4183 -78.0951 3.9028 0.155474
32.2028 -78.1571 3.89659 0.0200666
31.3835 -78.1642 3.87765 3.6871e-19
32.3268 -78.7661 3.88556 3.15528e-24
31.7975 -78.6719 3.90565 1.12644e-14
31.8346 -78.3822 3.89984 1.82077e-07
32.5212 -77.8016 3.897 0.00035833
31.6444 -78.1032 3.89075 1.63281e-07
32.1767 -78.2025 3.91903 1.65587e-12
32.1554 -78.1014 3.89938 0.220673
31.5821 -77.9993 3.90798 7.98974e-17
31.6212 -78.5704 3.90059 9.16901e-17
32.6888 -78.394 3.90005 3.89054e-10
32.5226 -78.3999 3.90832 1.34359e-05
32.2762 -78.7519 3.88422 2.79106e-24
32.5151 -78.3937 3.89058 1.67993e-13
32.1157 -78.0092 3.89255 0.00218514
32.2264 -78.4668 3.88362 1.29816e-18
31.8198 -78.2786 3.89492 7.45363e-06
32.1508 -78.8269 3.89098 1.51718e-19
32.026 -78.3095 3.904 0.00014829
32.0637 -78.1989 3.9114 5.71191e-07
32.0022 -78.3287 3.88943 1.04057e-07
31.4738 -77.5332 3.88998 6.07435e-16
32.2565 -78.359 3.87464 5.93971e-32
32.1545 -78.9976 3.88497 7.00157e-32
32.3583 -78.3015 3.9053 0.00383942
32.4169 -77.8363 3.89635 0.000116184
31.7714 -78.554 3.89164 1.09362e-12
31.7486 -78.6953 3.90257 2.68871e-15
31.8256 -78.2601 3.88211 1.06489e-12
