275.431 -6.17826 4.20884 0.0294307 275.35 -6.5473 4.209
275.205 -6.74948 4.20315 0.00140774 275.35 -6.5473 4.209
275.605 -6.50512 4.22526 0.0034542 275.35 -6.5473 4.209
275.256 -6.60003 4.21534 0.000473282 275.35 -6.5473 4.209
275.654 -6.55848 4.23139 2.5955e-05 275.35 -6.5473 4.209
275.374 -6.40681 4.23985 9.72837e-15 275.35 -6.5473 4.209
275.644 -6.72697 4.21769 0.00256854 275.35 -6.5473 4.209
275.842 -5.88818 4.18723 7.25927e-22 275.35 -6.5473 4.209
275.367 -6.14752 4.2286 7.3842e-08 275.35 -6.5473 4.209
275.483 -6.14573 4.21173 0.0200012 275.35 -6.5473 4.209
275.52 -6.55567 4.24102 3.95464e-13 275.35 -6.5473 4.209
274.924 -6.34446 4.20152 0.000200746 275.35 -6.5473 4.209
275.511 -6.44416 4.2176 0.088881 275.35 -6.5473 4.209
275.727 -6.74612 4.22593 7.16308e-05 275.35 -6.5473 4.209
275.671 -6.41037 4.20728 0.0292492 275.35 -6.5473 4.209
275.492 -6.08966 4.20151 0.000230465 275.35 -6.5473 4.209
275.719 -6.66525 4.21899 0.00814407 275.35 -6.5473 4.209
275.341 -6.86936 4.23857 1.27249e-19 275.35 -6.5473 4.209
275.394 -6.17347 4.21466 0.00880592 275.35 -6.5473 4.209
275.711 -6.7608 4.23642 2.32729e-09 275.35 -6.5473 4.209
275.998 -6.55794 4.20746 6.75098e-07 275.35 -6.5473 4.209
275.426 -6.48957 4.22413 0.000172678 275.35 -6.5473 4.209
275.523 -6.53843 4.21824 0.0368294 275.35 -6.5473 4.209
275.478 -6.15061 4.21123 0.0217526 275.35 -6.5473 4.209
275.485 -6.63357 4.23298 4.86078e-09 275.35 -6.5473 4.209
275.719 -5.96972 4.21418 0.000106872 275.35 -6.5473 4.209
276.373 -6.1666 4.20897 4.7637e-16 275.35 -6.5473 4.209
275.454 -6.81975 4.21012 0.000483418 275.35 -6.5473 4.209
275.625 -6.35836 4.22885 0.000790237 275.35 -6.5473 4.209
275.47 -6.44205 4.21951 0.0200632 275.35 -6.5473 4.209
275.665 -6.45595 4.2057 0.0138787 275.35 -6.5473 4.209
275.749 -5.95967 4.21388 4.8134e-05 275.35 -6.5473 4.209
274.734 -6.61457 4.19875 4.9292e-07 275.35 -6.5473 4.209
275.249 -6.60589 4.2348 4.08636e-15 275.35 -6.5473 4.209
275.902 -6.64829 4.21644 0.0011407 275.35 -6.5473 4.209
274.991 -7.09001 4.21357 7.15141e-15 275.35 -6.5473 4.209
275.094 -6.63988 4.21554 8.26721e-07 275.35 -6.5473 4.209
275.838 -6.73595 4.23113 8.26532e-06 275.35 -6.5473 4.209
275.672 -6.49641 4.21524 0.161831 275.35 -6.5473 4.209
275.76 -6.27746 4.21431 0.0512843 275.35 -6.5473 4.209
275.634 -6.12346 4.2205 0.0085351 275.35 -6.5473 4.209
275.653 -6.55542 4.22437 0.00614339 275.35 -6.5473 4.209
275.228 -6.44578 4.22538 3.85701e-08 275.35 -6.5473 4.209
275.072 -6.80019 4.22435 4.40482e-14 275.35 -6.5473 4.209
275.252 -6.23037 4.2042 0.0201662 275.35 -6.5473 4.209
275.725 -6.66889 4.20479 0.000212387 275.35 -6.5473 4.209
275.115 -7.00168 4.21204 3.46949e-10 275.35 -6.5473 4.209
276.071 -6.32107 4.21551 5.95782e-05 275.35 -6.5473 4.209
275.846 -6.80876 4.21828 5.99089e-05 275.35 -6.5473 4.209
274.98 -6.53284 4.22217 3.07943e-12 275.35 -6.5473 4.209
274.87 -6.76759 4.19832 3.83042e-06 275.35 -6.5473 4.209
276.349 -5.93486 4.2311 1.45951e-08 275.35 -6.5473 4.209
275.332 -6.74322 4.21833 1.64772e-05 275.35 -6.5473 4.209
275.278 -6.55243 4.22385 7.00577e-07 275.35 -6.5473 4.209
275.197 -6.57675 4.23571 4.89858e-17 275.35 -6.5473 4.209
276.076 -6.96713 4.22935 1.1825e-09 275.35 -6.5473 4.209
275.376 -6.10117 4.21644 0.000749141 275.35 -6.5473 4.209
275.778 -6.30268 4.22468 0.0442487 275.35 -6.5473 4.209
275.215 -6.27872 4.22745 1.31742e-09 275.35 -6.5473 4.209
275.762 -5.54791 4.23084 4.17322e-14 275.35 -6.5473 4.209
275.4 -6.19016 4.2258 9.2972e-06 275.35 -6.5473 4.209
275.808 -6.79838 4.2022 9.35878e-08 275.35 -6.5473 4.209
275.019 -7.07126 4.20784 1.61632e-11 275.35 -6.5473 4.209
275.42 -6.20897 4.22275 0.000310016 275.35 -6.5473 4.209
276.256 -6.62152 4.21827 3.74046e-08 275.35 -6.5473 4.209
275.811 -6.84087 4.21238 1.29631e-05 275.35 -6.5473 4.209
275.529 -6.48248 4.21715 0.100486 275.35 -6.5473 4.209
275.745 -6.02404 4.2264 0.00028358 275.35 -6.5473 4.209
275.903 -6.82601 4.20543 2.01815e-08 275.35 -6.5473 4.209
275.551 -6.27604 4.23184 5.39913e-06 275.35 -6.5473 4.209
275.119 -6.92323 4.20808 1.99846e-07 275.35 -6.5473 4.209
275.636 -6.43976 4.21041 0.151865 275.35 -6.5473 4.209
275.068 -6.72985 4.20816 2.03727e-05 275.35 -6.5473 4.209
275.414 -6.60443 4.20321 0.0399753 275.35 -6.5473 4.209
275.807 -7.04944 4.21784 3.90847e-09 275.35 -6.5473 4.209
275.903 -6.60614 4.23561 1.46928e-05 275.35 -6.5473 4.209
275.711 -6.98455 4.2299 2.20055e-10 275.35 -6.5473 4.209
275.774 -6.55817 4.20723 0.00139402 275.35 -6.5473 4.209
275.457 -6.14458 4.21171 0.0173732 275.35 -6.5473 4.209
275.383 -5.74261 4.21357 3.53158e-09 275.35 -6.5473 4.209
275.277 -6.74982 4.2385 2.9941e-19 275.35 -6.5473 4.209
275.55 -6.3595 4.22594 0.0016245 275.35 -6.5473 4.209
275.416 -6.64296 4.22607 1.60374e-06 275.35 -6.5473 4.209
275.624 -6.43048 4.19725 5.43938e-05 275.35 -6.5473 4.209
275.803 -6.22586 4.2171 0.0310233 275.35 -6.5473 4.209
275.211 -6.63797 4.22489 2.30021e-09 275.35 -6.5473 4.209
274.885 -6.14635 4.22472 3.66271e-17 275.35 -6.5473 4.209
275.131 -6.27586 4.20726 0.00302309 275.35 -6.5473 4.209
275.698 -6.3164 4.23101 0.000561281 275.35 -6.5473 4.209
275.739 -6.3686 4.20925 0.01912 275.35 -6.5473 4.209
275.185 -6.74544 4.23028 8.19582e-15 275.35 -6.5473 4.209
275.442 -6.20241 4.22245 0.00061726 275.35 -6.5473 4.209
275.569 -7.15545 4.22101 2.83706e-12 275.35 -6.5473 4.209
275.777 -6.78169 4.22218 0.00014826 275.35 -6.5473 4.209
275.583 -6.89976 4.22114 1.29276e-06 275.35 -6.5473 4.209
275.234 -6.77779 4.22199 6.1211e-09 275.35 -6.5473 4.209
275.62 -6.56087 4.22381 0.00524266 275.35 -6.5473 4.209
275.704 -6.65489 4.21451 0.0141865 275.35 -6.5473 4.209
275.237 -6.58571 4.21921 1.26023e-05 275.35 -6.5473 4.209
275.424 -6.37451 4.21736 0.0311019 275.35 -6.5473 4.209
