44.2433 -66.4513 3.95598 5.29127e-38
45.4846 -66.5183 3.94235 0.07618
45.1879 -66.6116 3.93134 8.97713e-06
44.7984 -65.9171 3.94395 7.68904e-12
44.819 -66.48 3.94294 3.6962e-08
45.0241 -66.946 3.94411 4.10297e-12
44.7916 -66.1549 3.94855 3.80538e-10
45.1494 -67.1731 3.93355 8.0254e-18
44.4025 -66.3363 3.94063 5.4272e-21
45.2482 -66.7474 3.93236 5.46589e-07
44.7643 -66.5521 3.96097 3.92442e-20
44.8825 -66.5927 3.94551 2.98927e-08
45.0612 -66.2767 3.94691 0.00230892
45.5211 -66.7038 3.94461 0.000405957
45.1094 -66.5621 3.94942 0.000109914
45.0922 -66.1706 3.93228 1.21165e-05
44.8819 -66.4297 3.95188 4.64251e-09
44.958 -66.581 3.93737 4.89357e-06
45.3774 -66.5755 3.95254 0.00340703
45.3183 -66.6558 3.94195 0.00306059
45.1689 -66.9756 3.95122 3.94555e-13
45.0559 -66.2245 3.93849 0.00112673
45.4639 -66.8244 3.95407 4.70923e-08
45.7508 -66.1724 3.93848 5.06108e-06
45.7368 -66.0852 3.94731 0.00140636
44.8926 -66.5766 3.94595 6.06725e-08
45.1924 -66.9595 3.94833 2.56405e-11
44.8559 -66.3247 3.94174 1.15719e-06
45.0521 -66.1335 3.96555 1.79967e-13
45.0357 -66.2579 3.94652 0.000954245
45.0008 -66.5143 3.94183 0.000130225
44.8417 -66.1626 3.95455 3.00592e-11
46.115 -67.006 3.9607 4.51016e-23
45.6439 -66.4019 3.96331 8.34945e-06
45.0348 -66.0637 3.95111 6.22328e-06
45.6133 -66.668 3.94649 0.000421406
45.5031 -66.4692 3.95479 0.0193
45.2646 -66.5018 3.91989 4.40293e-13
45.2627 -65.8917 3.92775 3.5622e-12
45.8091 -66.9255 3.93862 1.05781e-13
45.071 -66.5307 3.94062 0.000970051
45.355 -66.3693 3.95916 0.00031762
45.5713 -65.8318 3.95395 1.19739e-05
45.1789 -66.952 3.95328 2.90336e-13
45.1548 -66.637 3.94897 6.32325e-05
44.9128 -66.5897 3.93591 4.7395e-07
45.1623 -66.42 3.95714 8.17731e-06
45.4966 -66.1706 3.93299 1.35082e-05
45.6054 -66.1572 3.94157 0.00827103
44.9429 -66.2325 3.93799 2.33068e-05
45.0627 -66.819 3.95666 1.2907e-13
44.8444 -66.4419 3.95617 1.32993e-12
45.2243 -66.8672 3.95172 1.12645e-09
45.5323 -66.4272 3.96404 1.62589e-06
45.7059 -66.813 3.94225 2.79265e-08
44.9304 -66.3671 3.92732 1.05123e-08
44.9292 -66.214 3.952 1.47701e-07
45.2032 -66.4304 3.93775 0.0245992
45.2383 -66.8976 3.94224 2.88814e-08
44.6353 -66.7511 3.94923 1.79779e-19
44.4532 -67.1594 3.93563 2.85933e-32
45.2427 -66.8824 3.96311 5.5003e-17
45.4007 -66.5209 3.94711 0.166438
45.7879 -66.3846 3.95387 0.00195024
44.9678 -67.0751 3.96188 6.88283e-28
45.1477 -66.0926 3.9266 1.57886e-09
44.9685 -66.522 3.93868 3.07951e-05
44.8247 -66.7945 3.96426 5.49431e-26
45.247 -66.501 3.95091 0.00834431
45.2897 -66.3398 3.94093 0.361337
45.0702 -66.5481 3.94854 7.01646e-05
45.4872 -66.2506 3.94061 0.123124
46.061 -66.3468 3.959 7.05684e-09
45.2495 -66.4487 3.9499 0.0422576
44.5125 -66.5881 3.93734 1.60025e-17
45.7676 -66.5929 3.94108 5.11746e-06
45.9557 -65.8972 3.93174 1.20882e-19
44.6948 -66.346 3.95452 8.20161e-16
45.1794 -66.0953 3.94808 0.00746975
45.3298 -67.0821 3.92388 2.05592e-19
44.7466 -66.5475 3.93562 3.73392e-10
44.9979 -66.6674 3.93411 5.3026e-07
45.3982 -66.244 3.95435 0.11038
44.7895 -66.5955 3.93739 1.7227e-09
45.2571 -66.6456 3.9403 0.00188578
45.1501 -66.767 3.91683 7.91245e-18
45.5349 -65.6963 3.94981 1.82464e-08
45.5111 -66.0495 3.94475 0.0237474
45.1348 -67.1394 3.94682 2.32561e-17
44.7277 -66.6109 3.94114 1.73555e-11
45.7919 -66.9012 3.95254 1.56599e-11
45.0524 -66.7149 3.93727 1.85804e-06
45.4235 -66.522 3.96979 5.52808e-13
44.7682 -66.2985 3.96479 1.89759e-21
44.993 -66.3384 3.93726 0.000216852
45.0329 -66.7657 3.93596 1.01785e-07
45.402 -65.8133 3.97057 1.42597e-14
45.2925 -66.799 3.95961 1.81196e-11
45.2583 -66.3761 3.95374 0.00959861
44.9427 -66.252 3.94933 3.33598e-06
