276.333 -3.42217 4.34955 7.20463e-08 276.29 -2.8837 4.3493
275.772 -2.97398 4.35152 4.47996e-08 276.29 -2.8837 4.3493
276.219 -3.02177 4.35122 0.00703213 276.29 -2.8837 4.3493
275.976 -2.96615 4.32287 0.0251552 276.29 -2.8837 4.3493
275.803 -3.03362 4.35526 7.23375e-10 276.29 -2.8837 4.3493
276.072 -3.28495 4.34107 0.000213713 276.29 -2.8837 4.3493
276.153 -3.28213 4.36822 1.29568e-14 276.29 -2.8837 4.3493
275.612 -3.09041 4.34192 1.35264e-07 276.29 -2.8837 4.3493
275.576 -3.73372 4.3523 3.13439e-27 276.29 -2.8837 4.3493
276.432 -2.66692 4.34303 0.0189947 276.29 -2.8837 4.3493
276.396 -3.02958 4.34165 0.0224917 276.29 -2.8837 4.3493
276.299 -2.26354 4.34033 3.94729e-07 276.29 -2.8837 4.3493
276.089 -2.51295 4.3516 0.000165596 276.29 -2.8837 4.3493
275.856 -2.86144 4.33416 0.126369 276.29 -2.8837 4.3493
276.184 -3.44447 4.34815 2.81519e-08 276.29 -2.8837 4.3493
275.804 -3.10181 4.35616 5.03619e-11 276.29 -2.8837 4.3493
276.855 -3.05643 4.34082 9.69591e-10 276.29 -2.8837 4.3493
276.676 -3.27597 4.34783 1.92489e-07 276.29 -2.8837 4.3493
276.391 -3.0461 4.3589 0.000183119 276.29 -2.8837 4.3493
275.787 -2.92624 4.36 1.94053e-12 276.29 -2.8837 4.3493
276.095 -3.23891 4.35915 2.02671e-09 276.29 -2.8837 4.3493
276.491 -3.05839 4.34411 0.00348831 276.29 -2.8837 4.3493
275.567 -3.02539 4.35647 1.52097e-16 276.29 -2.8837 4.3493
275.913 -2.44199 4.35351 4.22475e-08 276.29 -2.8837 4.3493
276.591 -2.38529 4.36096 5.10943e-06 276.29 -2.8837 4.3493
275.852 -3.37077 4.34668 2.67494e-09 276.29 -2.8837 4.3493
276.426 -3.52841 4.35418 2.44345e-11 276.29 -2.8837 4.3493
276.39 -3.06482 4.33711 0.00459424 276.29 -2.8837 4.3493
276.013 -2.32193 4.34734 7.93826e-07 276.29 -2.8837 4.3493
276.386 -3.00274 4.34975 0.0265872 276.29 -2.8837 4.3493
275.863 -3.37428 4.34678 2.91464e-09 276.29 -2.8837 4.3493
276.624 -2.5713 4.36878 5.78456e-06 276.29 -2.8837 4.3493
276.035 -3.19765 4.34643 0.000157923 276.29 -2.8837 4.3493
275.823 -3.482 4.35067 6.37803e-14 276.29 -2.8837 4.3493
275.402 -2.76602 4.33129 2.33977e-07 276.29 -2.8837 4.3493
275.684 -3.49511 4.34437 1.4871e-13 276.29 -2.8837 4.3493
276.158 -3.30699 4.35267 3.93967e-07 276.29 -2.8837 4.3493
276.396 -3.20823 4.34494 0.00053786 276.29 -2.8837 4.3493
275.887 -2.8359 4.33751 0.0901574 276.29 -2.8837 4.3493
275.972 -2.8237 4.34192 0.0835556 276.29 -2.8837 4.3493
275.924 -3.03124 4.36166 3.42402e-11 276.29 -2.8837 4.3493
275.84 -3.29619 4.336 4.8335e-05 276.29 -2.8837 4.3493
276.507 -2.82918 4.34452 0.019009 276.29 -2.8837 4.3493
276.347 -3.2716 4.35463 3.03105e-06 276.29 -2.8837 4.3493
275.704 -2.53984 4.33757 1.95234e-05 276.29 -2.8837 4.3493
276.496 -2.98765 4.36595 6.12026e-06 276.29 -2.8837 4.3493
275.889 -2.41134 4.34337 6.35348e-06 276.29 -2.8837 4.3493
275.992 -2.46186 4.33925 0.000649437 276.29 -2.8837 4.3493
275.722 -2.67843 4.34437 6.63094e-06 276.29 -2.8837 4.3493
276.574 -2.9344 4.338 0.000135894 276.29 -2.8837 4.3493
275.979 -2.73641 4.3699 3.69604e-14 276.29 -2.8837 4.3493
276.591 -3.09039 4.33424 9.35162e-07 276.29 -2.8837 4.3493
275.755 -2.86801 4.36107 1.06734e-13 276.29 -2.8837 4.3493
275.901 -3.13282 4.32897 0.0248891 276.29 -2.8837 4.3493
275.565 -2.54722 4.33391 1.10564e-06 276.29 -2.8837 4.3493
275.884 -3.32613 4.35159 3.27744e-10 276.29 -2.8837 4.3493
275.924 -2.43675 4.35903 2.16987e-10 276.29 -2.8837 4.3493
275.52 -3.50616 4.33753 8.33192e-14 276.29 -2.8837 4.3493
276.184 -3.38872 4.35163 3.97465e-08 276.29 -2.8837 4.3493
275.76 -3.10665 4.33261 0.00440399 276.29 -2.8837 4.3493
276.088 -3.01775 4.34072 0.1441 276.29 -2.8837 4.3493
276.042 -3.36836 4.33896 1.56024e-05 276.29 -2.8837 4.3493
275.873 -3.26246 4.36274 4.75904e-16 276.29 -2.8837 4.3493
275.852 -2.88903 4.34226 0.00508037 276.29 -2.8837 4.3493
276.378 -2.71489 4.35962 0.00163445 276.29 -2.8837 4.3493
275.739 -2.51107 4.34449 5.29901e-07 276.29 -2.8837 4.3493
276.011 -2.37872 4.33927 4.7515e-05 276.29 -2.8837 4.3493
276.233 -2.69441 4.34959 0.0561202 276.29 -2.8837 4.3493
276.156 -2.81591 4.34748 0.11373 276.29 -2.8837 4.3493
275.712 -3.17232 4.34439 1.34008e-07 276.29 -2.8837 4.3493
276.6 -3.62285 4.34923 5.62345e-14 276.29 -2.8837 4.3493
275.991 -2.54738 4.34898 0.000176439 276.29 -2.8837 4.3493
275.79 -2.36733 4.36493 8.84874e-18 276.29 -2.8837 4.3493
276.355 -2.22652 4.34903 1.95686e-07 276.29 -2.8837 4.3493
276.36 -2.38626 4.33748 7.69437e-06 276.29 -2.8837 4.3493
275.124 -2.31641 4.34339 1.15778e-25 276.29 -2.8837 4.3493
275.698 -2.20226 4.36114 1.83155e-20 276.29 -2.8837 4.3493
275.683 -3.00194 4.33664 0.000440627 276.29 -2.8837 4.3493
276.018 -3.1618 4.32579 0.00554904 276.29 -2.8837 4.3493
275.577 -2.39358 4.3508 1.4203e-14 276.29 -2.8837 4.3493
276.252 -3.03587 4.3613 4.10349e-06 276.29 -2.8837 4.3493
275.993 -3.2535 4.3479 4.07762e-06 276.29 -2.8837 4.3493
275.67 -2.89092 4.35074 1.7529e-09 276.29 -2.8837 4.3493
275.822 -3.0699 4.34224 0.000331045 276.29 -2.8837 4.3493
276.072 -3.13922 4.37119 6.21846e-16 276.29 -2.8837 4.3493
275.704 -3.2807 4.34213 3.02531e-08 276.29 -2.8837 4.3493
275.767 -2.85386 4.3254 0.0559007 276.29 -2.8837 4.3493
275.697 -2.87256 4.35286 5.60703e-10 276.29 -2.8837 4.3493
276.309 -3.4162 4.36196 7.17132e-12 276.29 -2.8837 4.3493
275.986 -2.61019 4.35818 2.04629e-07 276.29 -2.8837 4.3493
275.511 -2.40083 4.35117 1.93256e-16 276.29 -2.8837 4.3493
276.04 -3.41797 4.36174 4.21505e-15 276.29 -2.8837 4.3493
276.338 -3.25902 4.34347 0.000230963 276.29 -2.8837 4.3493
276.268 -2.84505 4.33486 0.0992197 276.29 -2.8837 4.3493
275.645 -3.29868 4.35903 8.9985e-20 276.29 -2.8837 4.3493
275.408 -2.56923 4.33335 3.0718e-09 276.29 -2.8837 4.3493
276.106 -2.64296 4.34389 0.056907 276.29 -2.8837 4.3493
275.571 -3.16565 4.346 3.67397e-11 276.29 -2.8837 4.3493
276.377 -3.11491 4.35624 0.000184063 276.29 -2.8837 4.3493
276.167 -3.23716 4.33293 0.00143914 276.29 -2.8837 4.3493
