-8.57809 -94.7812 2.99986 1.92538e-06
-8.33663 -93.7241 2.99772 3.35498e-06
-8.78597 -93.6892 2.99696 7.40043e-06
-8.25529 -94.1881 2.99554 3.21876e-05
-8.24144 -93.476 3.00651 1.7404e-07
-8.5479 -94.2097 2.99917 0.0315421
-8.37489 -93.9367 3.00199 0.00844561
-9.06921 -94.0101 2.99733 5.08138e-05
-8.07566 -94.2151 2.99749 1.60782e-06
-8.63112 -93.7333 2.98636 5.30554e-10
-8.04876 -94.3897 3.0073 0.000231955
-8.27012 -93.8894 2.99046 6.21102e-09
-8.71476 -93.9634 2.98628 1.3997e-07
-8.60189 -93.919 3.00107 0.014755
-8.49948 -94.0052 2.98936 1.13276e-06
-8.40896 -94.231 2.99667 0.00159275
-8.24189 -93.6711 2.99158 6.99052e-11
-8.68945 -94.3977 2.99601 0.00211307
-8.78475 -94.732 3.00487 4.12209e-06
-8.4584 -93.4983 3.02763 2.59339e-09
-8.45533 -93.6397 3.00268 5.10147e-05
-8.42637 -94.0726 3.0086 0.314018
-7.90438 -94.5032 2.96819 1.63909e-36
-8.68546 -93.9292 2.98709 1.83627e-07
-8.1325 -93.6831 3.01594 0.000204582
-8.77661 -93.8006 2.98227 3.06693e-11
-8.42066 -93.5465 3.00305 2.55415e-06
-8.55946 -94.4981 2.9846 3.61616e-09
-9.04249 -94.4618 2.9789 3.53537e-11
-8.59539 -93.5773 3.00273 1.08285e-05
-8.19867 -94.5799 2.98972 1.55962e-10
-8.20254 -93.6671 3.00655 4.18753e-05
-8.80883 -93.6064 2.9982 1.02399e-06
-8.36975 -94.2881 3.00149 0.0177147
-8.74161 -93.9236 3.00736 0.018374
-8.51729 -93.7518 3.00605 0.00403772
-8.57922 -93.7787 3.02263 2.37017e-05
-8.48415 -93.6044 3.00411 4.09836e-05
-8.42735 -93.8838 3.00894 0.0630963
-8.51585 -93.8447 2.98662 2.50135e-09
-8.7409 -93.6833 2.99152 1.01047e-07
-8.11089 -93.6711 2.99333 1.45184e-11
-8.48779 -94.1531 3.00709 0.346413
-7.965 -93.8189 3.0145 0.000125835
-9.43901 -93.3769 2.99566 5.00989e-18
-8.3105 -94.0823 3.00006 0.00363824
-8.65226 -94.7247 2.99318 4.86328e-07
-8.53135 -94.0264 2.99377 0.00025835
-8.71537 -94.284 2.98844 1.16475e-05
-8.20334 -93.782 2.98638 1.2536e-13
-7.97504 -94.1641 3.0101 0.00058459
-9.04267 -94.2378 3.00214 0.000273813
-8.23563 -94.3164 2.99489 6.90466e-06
-8.32132 -93.9153 2.99625 3.13164e-05
-8.25723 -94.1603 3.00069 0.0027508
-7.9306 -93.8881 3.01952 0.000161628
-9.19337 -93.8938 2.9674 1.79921e-21
-8.18661 -94.2816 3.00715 0.0131654
-8.20533 -94.1659 3.01082 0.0679385
-8.09802 -93.8918 3.00146 1.44488e-05
-8.09628 -94.017 2.97787 5.19158e-21
-8.78424 -94.1808 2.98075 9.42713e-10
-8.35478 -94.2341 2.99281 1.60202e-05
-8.71508 -93.9231 3.00501 0.0245921
-8.4552 -94.1949 3.02571 4.59434e-05
-9.06269 -94.1355 3.00041 0.000191544
-8.1668 -94.5164 2.98853 3.21522e-11
-7.97601 -93.9318 2.99442 1.5752e-10
-7.96998 -94.4938 2.98733 2.27553e-15
-8.32402 -93.7915 2.98598 3.55335e-12
-8.12955 -93.8878 2.99743 6.6038e-07
-8.13196 -94.2329 2.98208 1.11414e-15
-8.89572 -94.2456 3.00949 0.0014954
-8.62892 -94.4871 2.99278 6.26376e-05
-8.4654 -94.0404 2.98436 7.99279e-10
-9.15539 -94.4503 2.96712 1.0251e-19
-8.51605 -93.8415 2.99618 0.000124309
-8.34423 -93.6124 2.98234 4.30463e-17
-8.51356 -94.0307 2.99615 0.00176575
-8.55926 -94.3234 2.99758 0.00804974
-8.29368 -93.8918 2.9936 6.71199e-07
-8.84193 -94.4684 3.00745 0.000657264
-7.78696 -93.7713 3.00313 1.33893e-10
-8.55848 -92.9415 3.01043 2.94403e-18
-8.80297 -94.5712 3.01222 1.72338e-05
-8.53525 -94.0789 2.98446 5.48039e-09
-8.60657 -93.5822 2.98924 1.53253e-10
-8.11745 -93.7968 2.99667 3.39874e-08
-8.50674 -94.6214 3.003 0.000415372
-8.04165 -94.5081 2.9973 2.52503e-08
-8.85151 -94.5537 2.99284 1.67939e-05
-8.45882 -94.6489 2.99779 1.8384e-05
-8.46876 -94.0515 2.99225 3.28916e-05
-7.96686 -94.0704 2.99824 5.92029e-08
-8.58275 -94.3782 3.00354 0.0487354
-8.20621 -94.0123 2.98572 3.47811e-12
-8.20222 -93.8569 3.00524 0.00123703
-8.64621 -93.9031 3.01913 0.000578026
-8.57652 -93.1868 2.99528 1.49359e-15
-8.34896 -94.2004 2.99521 0.000170865
